0 0.007318947421 -7.80937625E-06
0.2 0.006425 0.0016328125
0.4 0.005980517207 0.0003985969388
0.6 0.005638886109 0.0002892939351
0.8 0.005340783941 0.000414559972
1 0.005061222957 0.0004460261418
1.2 0.004775175351 0.0003209544088
1.4 0.004523356055 0.0001644571973
1.6 0.004308940032 6.267549138E-05
1.8 0.004097486958 8.353403576E-21
2 0.003898409273 0.0001176108992
2.2 0.003699171687 0.0003608182731
2.4 0.003493496384 0.0003138810767
2.6 0.003319056471 7.850180868E-05
2.8 0.003191596301 1.570667471E-05
3 0.0030388928 0.0001335604385
3.2 0.002892354125 0.0001100352113
3.4 0.002761423108 4.609168656E-20
3.6 0.002649265002 -5.506192106E-05
3.8 0.002552754835 -5.508410556E-05
4 0.002443571141 -3.936164853E-05
4.2 0.002346900202 3.937752016E-05
4.4 0.002237545381 7.87868092E-05
4.6 0.002150171509 -3.940930186E-05
4.8 0.00207218914 -3.942521195E-05
5 0.00199414378 -0.0001262116317
5.2 0.001950757576 -0.000110479798
5.4 0.001875757882 -3.157841552E-05
5.6 0.001822811363 7.897796199E-06
5.8 0.001754020024 6.195200319E-21
6 0.001694658033 -0.0001185628288
6.2 0.001619433198 -9.488866397E-05
6.4 0.001559968611 -7.119532199E-05
6.6 0.001494124797 -7.122416937E-05
6.8 0.00143772801 -8.708704905E-05
7 0.001387621655 -4.752128954E-05
7.2 0.00135015213 -0.0001188514199
7.4 0.001312652192 -0.000142679586
7.6 0.001259262079 -8.722848153E-05
7.8 0.001215348294 -6.346466288E-05
8 0.001171398822 5.555414466E-05
8.2 0.001130589431 7.145579268E-05
8.4 0.001092923953 -4.885015032E-21
8.6 0.001055227828 -9.535191212E-05
8.8 0.001017501018 -7.949226699E-05
9 0.0009797434853 -2.385739007E-05
9.2 0.0009451374745 3.182281059E-05
9.4 0.00091050326 0.0001193841687
9.6 0.0008822105585 0.000151281594
9.8 0.0008698256525 0.0001274469821
10 0.0008414932681 4.78121175E-05
10.2 0.0008099489796 -1.594387755E-05
10.4 0.0007751888526 -1.595038791E-05
10.6 0.0007627399918 -7.978451797E-05
10.8 0.0007407029015 -7.183541071E-05
11 0.0007186477923 2.395492641E-05
11.2 0.0006933793456 -8.479971666E-23
11.4 0.0006808766367 -2.397452946E-05
11.6 0.0006523741302 9.498621246E-21
11.8 0.0006334459459 7.998054873E-06
12 0.000608101188 -1.600266284E-05
12.2 0.0005891393443 6.403688525E-05
12.4 0.0005669587946 3.203157032E-05
12.6 0.000551168991 -3.204470878E-05
12.8 0.0005385720148 1.602892901E-05
13 0.0005227575944 -1.603550903E-05
13.2 0.000500513347 -3.208418891E-05
13.4 0.0004782508217 -4.814605588E-05
13.6 0.0004591810522 -1.605528155E-05
13.8 0.0004368832237 -2.409282484E-05
14 0.0004242081448 -9.6410942E-05
14.2 0.0004179526749 -8.841306584E-05
14.4 0.0004116920543 -5.628602305E-05
14.6 0.0003957732702 -4.826503295E-05
14.8 0.0003830603626 -1.609497322E-05
15 0.0003638963314 -6.440643034E-05
15.2 0.0003608247423 -0.0001047036082
15.4 0.0003513046617 -7.251701733E-05
15.6 0.0003417767231 -1.612154354E-05
15.8 0.0003290152766 -3.225639967E-05
16 0.0003291511772 -0.0001210114622
16.2 0.0003325154959 -0.0001210614669
16.4 0.0003229640347 -1.614820174E-05
16.6 0.0003101736973 2.42323201E-05
16.8 0.0002973727762 -7.272703765E-05
17 0.0002910285596 -0.0001212618998
17.2 0.0002782091097 -8.896221532E-05
17.4 0.0002653790389 -8.090824358E-05
17.6 0.0002493006631 -6.475341898E-05
17.8 0.0002332089552 -6.478026534E-05
18 0.0002203442555 -3.240356698E-05
18.2 0.0002107105809 -0.0001215637967
18.4 0.0002075550021 -0.0002432285181
18.6 0.0002011524086 -0.0002108855897
18.8 0.0001947444952 -0.0001298296635
19 0.0001948254364 -0.0001136481712
19.2 0.0001916580042 -5.68477131E-05
19.4 0.0001884879368 1.624896007E-05
19.6 0.0001820640866 -2.438358302E-05
19.8 0.0001788873855 -8.944369276E-05
20 0.0001724541858 -8.948094544E-05
20.2 0.0001692708333 -4.8828125E-05
20.4 0.000166084827 -1.51294497E-20
20.6 0.0001661540867 -3.128723534E-21
20.8 0.0001629641218 -8.9630267E-05
21 0.0001597714942 -8.151606845E-05
21.2 0.0001565762004 -4.893006263E-05
21.4 0.0001501148705 1.188365288E-20
21.6 0.0001469128709 5.713278312E-05
21.8 0.000133909908 6.532190635E-05
22 0.0001241635299 6.534922627E-05
22.2 0.0001176778243 4.086035565E-05
22.4 0.000111186689 8.175491838E-06
22.6 0.0001177763819 -3.271566164E-05
22.8 0.0001210986594 -4.091170926E-05
23 0.0001211494132 -6.548616932E-05
23.2 0.0001212002096 -4.913522013E-05
23.4 0.0001212510487 4.096319211E-05
23.6 0.0001180234998 -6.18984106E-22
23.8 0.000114793241 -8.199517212E-06
24 0.0001049979 -4.10148047E-05
24.2 0.0001017594538 -0.0001066832983
24.4 9.523434216E-05 -4.104928541E-05
24.6 0.0001018450378 1.642661901E-05
24.8 0.0001051745898 2.465029449E-05
25 0.0001117950337 -2.544393338E-20
25.2 0.000125 -8.223684211E-06
25.4 0.0001283435131 -8.227148273E-06
25.6 0.0001316898441 1.646123051E-05
25.8 0.0001350389966 -8.23408516E-06
26 0.0001318009279 1.647511598E-05
26.2 0.0001285601266 6.592827004E-05
26.4 0.0001319121992 4.946707472E-05
26.6 0.0001253695101 5.773595861E-05
26.8 0.0001287230672 2.475443599E-05
27 0.0001254754861 -2.146832493E-20
27.2 0.0001222251586 1.651691332E-05
27.4 0.0001222768613 7.435755076E-05
27.6 0.0001190224291 8.265446466E-05
27.8 0.0001157652413 4.961367485E-05
28 0.0001058873359 4.963468869E-05
28.2 9.600105932E-05 -1.655190678E-05
28.4 9.272997033E-05 -5.795623145E-05
28.6 9.276929601E-05 -2.484891858E-05
28.8 8.28648706E-05 4.14324353E-05
29 7.295203735E-05 6.632003396E-05
29.2 6.96656051E-05 2.488057325E-05
29.4 6.969519966E-05 -1.659409516E-05
29.6 6.972481938E-05 8.300573736E-06
29.8 5.978954082E-05 -8.077225599E-21
30 4.984581029E-05 1.146802899E-20
30.2 4.321808511E-05 -1.151356634E-20
30.4 4.323648361E-05 -4.988825032E-05
30.6 4.325489779E-05 -8.318249574E-05
30.8 4.327332765E-05 -1.664358756E-05
31 4.662190963E-05 3.330136402E-05
31.2 4.664179104E-05 -5.830223881E-05
31.4 4.999466724E-05 -6.665955631E-05
31.6 5.335040546E-05 -1.667200171E-05
31.8 5.337318531E-05 -3.335824082E-05
32 5.339598462E-05 8.343122597E-06
32.2 4.674145299E-05 3.338675214E-05
32.4 4.676143651E-05 -6.680205216E-05
32.6 5.346449957E-05 -7.518445252E-05
32.8 5.014441592E-05 -3.342961061E-05
33 5.016588185E-05 -8.360980308E-06
33.2 5.018736617E-05 -8.364561028E-06
33.4 5.020886889E-05 -2.510443445E-05
33.6 5.023039006E-05 2.511519503E-05
33.8 5.025192967E-05 7.537789451E-05
34 5.362505363E-05 2.513674389E-05
34.2 5.700107296E-05 -9.220761803E-05
34.4 5.031665951E-05 -5.031665951E-05
34.6 5.369415808E-05 8.389712199E-06
34.8 6.043188655E-05 8.393317576E-06
35 5.038155632E-05 8.396926053E-06
35.2 5.712365591E-05 1.012954254E-21
35.4 5.378657487E-05 -2.521245697E-05
35.6 5.044662075E-05 -5.044662075E-05
35.8 5.046834625E-05 8.411391042E-06
36 5.049009048E-05 8.41501508E-06
36.2 5.051185345E-05 -4.209321121E-05
36.4 5.727145321E-05 8.223884193E-21
36.6 5.729616048E-05 2.527771786E-05
36.8 5.394907208E-05 -3.371817005E-05
37 5.397236615E-05 -5.903227547E-05
37.2 4.72462203E-05 -2.531047516E-05
37.4 5.401901469E-05 -1.688094209E-05
37.6 5.066472114E-05 -1.688824038E-05
37.8 4.730752595E-05 8.447772491E-05
38 4.394742536E-05 6.761142363E-05
38.2 4.058441558E-05 8.45508658E-06
38.4 3.721849285E-05 8.458748376E-06
38.6 3.384965338E-05 3.384965338E-05
38.8 2.709146077E-05 -1.693216298E-05
39 2.371530789E-05 -4.234876409E-05
39.2 2.03362256E-05 -2.224064437E-20
39.4 3.051757812E-05 -4.238552517E-05
39.6 2.713851498E-05 -4.240392966E-05
39.8 2.715030408E-05 -1.696894005E-05
40 2.716210343E-05 -5.995710295E-21
40.2 3.057065217E-05 -1.698369565E-05
40.4 3.738038278E-05 -1.699108308E-05
40.6 4.079634465E-05 5.099543081E-05
40.8 4.761645625E-05 8.502938616E-05
41 6.12478223E-05 5.95464939E-05
41.2 6.808278867E-05 3.404139434E-05
41.4 7.151809067E-05 8.514058413E-06
41.6 7.83634976E-05 -8.517771478E-06
41.8 8.180628272E-05 -2.927976158E-20
42 9.20722392E-05 8.525207333E-06
42.2 9.552401747E-05 -0.0001023471616
42.4 0.0001092179991 -7.679390564E-05
42.6 0.0001126802885 1.707277098E-05
42.8 0.0001127295584 1.864180127E-20
43 0.0001161964129 1.708770779E-05
43.2 0.0001230853392 2.564277899E-05
43.4 0.0001265597636 8.551335377E-06
43.6 0.0001334592641 -2.56652431E-05
43.8 0.0001403648116 8.558829974E-06
44 0.0001472764139 -1.967038764E-20
44.2 0.0001541940789 8.566337719E-06
44.4 0.0001645458534 -3.152755211E-21
44.6 0.000171477173 -8.573858648E-06
44.8 0.0001784145806 -3.431049627E-05
45 0.0001819255272 -7.723253515E-05
45.2 0.0001888736264 -3.434065934E-05
45.4 0.0001958278364 -2.379227273E-20
45.6 0.0001924769028 2.577815662E-05
45.8 0.0001960002201 -1.719300176E-05
46 0.0002029667547 -4.300143109E-05
46.2 0.0002064977974 -8.60407489E-06
46.4 0.0002100319524 2.582360071E-05
46.6 0.0002066798942 4.305831129E-05
46.8 0.0002102172475 2.584638288E-05
47 0.0002068623124 -1.723852604E-05
47.2 0.0002104028698 8.623068433E-06
47.4 0.0002173973057 8.626877208E-06
47.6 0.0002209456474 -5.17841361E-05
47.8 0.0002210433245 -4.317252431E-05
48 0.000228051747 -8.638323751E-06
48.2 0.0002281526549 1.728429204E-05
48.4 0.0002420872067 -8.645971669E-06
48.6 0.0002421944198 1.729960142E-05
48.8 0.000242301728 3.461453257E-05
49 0.0002424091312 8.657468972E-05
49.2 0.0002355875831 8.661308204E-05
49.4 0.0002356921029 2.599545253E-05
49.6 0.0002323291167 1.733799379E-05
49.8 0.0002289631439 6.070992451E-05
50 0.0002221235007 0.0001041203909
50.2 0.00021875 4.340277778E-05
50.4 0.0002188472655 2.605324589E-05
50.6 0.000215469306 5.212967082E-05
50.8 0.0002225189141 6.084501558E-05
51 0.0002260963936 8.696015138E-05
51.2 0.0002192371938 3.479955457E-05
51.4 0.0002123718806 1.740753119E-05
51.6 0.0002124665626 5.224587606E-05
51.8 0.0002160459411 -1.742305977E-05
52 0.0002196285141 2.614625167E-05
52.2 0.0002232142857 5.231584821E-05
52.4 0.0002268032604 4.361601161E-05
52.6 0.0002269046023 5.236260054E-05
52.8 0.0002235136343 -3.492400536E-05
53 0.0002236135957 -2.620471825E-05
53.2 0.0002272091723 3.495525727E-05
53.4 0.0002273108774 8.742726052E-06
53.6 0.000216916704 1.749328258E-05
53.8 0.0002135136649 3.500224014E-05
54 0.0002171111609 -2.626344688E-05
54.2 0.0002207118834 -4.379204036E-05
54.4 0.0002173059668 -1.752467474E-05
54.6 0.0002138969928 -4.383135099E-05
54.8 0.0002104849573 -8.770206556E-06
55 0.0002035601977 1.75482929E-05
55.2 0.0002001404494 -1.755617978E-05
55.4 0.0001932048112 -8.782036871E-06
55.6 0.000186262933 -3.514394962E-05
55.8 0.0001793148065 -4.394970747E-05
56 0.0001723604232 -1.758779829E-05
56.2 0.0001618806306 -1.759572072E-05
56.4 0.0001549121226 1.760365029E-05
56.6 0.0001479373309 8.805793508E-06
56.8 0.0001444801534 -6.166835814E-05
57 0.0001374943592 -1.762748195E-05
57.2 0.0001305022573 3.527088036E-05
57.4 0.0001340898826 5.29302168E-05
57.6 0.0001235596475 5.295413466E-05
57.8 0.0001165517631 -3.531871609E-05
58 0.0001166044776 -3.533469019E-05
58.2 0.0001201923077 -1.767533937E-05
58.4 0.0001131733816 -3.536668176E-05
58.6 0.0001061480978 -1.769134964E-05
58.8 9.911644767E-05 -1.769936565E-05
59 9.561990027E-05 1.770738894E-05
59.2 9.212018141E-05 -4.428854875E-05
59.4 8.861728675E-05 -8.861728675E-05
59.6 8.511121198E-05 -8.865751248E-06
59.8 7.805404178E-05 7.09582198E-05
60 6.744093594E-05 -8.87380736E-06
60.2 6.036931818E-05 -7.102272727E-05
60.4 5.684402001E-05 -7.993690314E-05
60.6 5.686988171E-05 -1.777183803E-05
60.8 5.689576695E-05 1.777992717E-05
61 5.692167577E-05 -4.44700592E-05
61.2 5.69476082E-05 -5.338838269E-05
61.4 5.697356427E-05 -6.231483592E-05
61.6 6.05620155E-05 -8.906178751E-05
61.8 6.058964416E-05 -5.346145073E-05
62 5.705157462E-05 -1.782861707E-05
62.2 5.707762557E-05 -2.675513699E-05
62.4 6.067268159E-05 -3.56898127E-05
62.6 6.070041133E-05 1.785306216E-05
62.8 5.715592135E-05 5.358367627E-05
63 5.360818847E-05 4.684300459E-21
63.2 5.005720824E-05 1.787757437E-05
63.4 4.650297619E-05 1.788576007E-05
63.6 4.652427852E-05 -8.946976638E-06
63.8 4.654560037E-05 1.790215399E-05
64 4.656694177E-05 -8.95518111E-06
64.2 5.017201835E-05 8.959288991E-06
64.4 5.378040385E-05 9.859740707E-05
64.6 5.739210285E-05 8.96751607E-05
64.8 6.100711989E-05 1.794327056E-05
65 6.462545956E-05 -1.795151654E-05
65.2 7.183908046E-05 -2.693965517E-05
65.4 7.546573137E-05 -2.695204692E-05
65.6 7.90957202E-05 8.988150023E-06
65.8 7.913213628E-05 4.496144107E-05
66 7.557001382E-05 6.297501152E-05
66.2 7.200460829E-05 1.800115207E-05
66.4 7.563969571E-05 -5.402835408E-05
66.6 7.567458487E-05 9.008879151E-06
66.8 7.570950623E-05 8.11173281E-05
67 7.574445983E-05 7.213758079E-05
67.2 7.577944573E-05 5.412817552E-05
67.4 7.581446396E-05 -9.025531423E-06
67.6 7.584951456E-05 -3.611881646E-05
67.8 7.588459759E-05 2.7101642E-05
68 7.59197131E-05 4.519030541E-05
68.2 7.233796296E-05 3.616898148E-05
68.4 7.599004169E-05 -2.71393006E-05
68.6 7.602525487E-05 -4.52531279E-05
68.8 7.60605007E-05 2.603951321E-20
69 6.884856215E-05 -4.529510668E-05
69.2 7.613109049E-05 -5.437935035E-05
69.4 7.979340761E-05 -1.813486537E-05
69.6 7.983046911E-05 -1.814328843E-05
69.8 7.986756506E-05 2.7227579E-05
70 7.627266388E-05 3.632031613E-05
70.2 7.26744186E-05 1.816860465E-05
70.4 6.907282457E-05 6.361970684E-05
70.6 6.546787709E-05 9.092760708E-06
70.8 6.549836982E-05 -7.277596646E-05
71 5.824790308E-05 -1.820246971E-05
71.2 5.099067599E-05 9.105477855E-06
71.4 5.101445896E-05 -3.643889925E-05
71.6 5.468385441E-05 -5.468385441E-05
71.8 4.3767507E-05 -1.823646125E-05
72 3.648995796E-05 -7.564079805E-21
72.2 3.650700935E-05 -2.738025701E-05
72.4 4.017648434E-05 -9.131019168E-06
72.6 4.384939196E-05 -1.822960236E-20
72.8 4.386991109E-05 -3.655825924E-05
73 4.754798689E-05 -4.571921816E-05
73.2 4.757025761E-05 -3.659250585E-05
73.4 4.027061856E-05 -5.491447985E-05
73.6 3.662681669E-05 9.156704173E-06
73.8 3.664399625E-05 5.496599437E-05
74 3.666119193E-05 9.165297982E-05
74.2 3.301056338E-05 7.335680751E-05
74.4 3.669563175E-05 -9.173907938E-06
74.6 3.304158835E-05 9.178218985E-06
74.8 3.305712271E-05 -9.182534086E-06
75 3.674741298E-05 -3.674741298E-05
75.2 4.411764706E-05 -2.757352941E-05
75.4 5.149482109E-05 1.839100753E-05
75.6 5.887894489E-05 4.599917569E-05
75.8 6.627002828E-05 3.681668238E-05
76 7.366808109E-05 -3.683404055E-05
76.2 8.107311321E-05 -6.448997642E-05
76.4 8.479825389E-05 9.21720151E-06
76.6 8.483829084E-05 -2.131664844E-21
76.8 8.487836561E-05 1.845181861E-05
77 8.861058601E-05 2.769080813E-05
77.2 9.23463357E-05 1.210167498E-20
77.4 8.499881741E-05 -3.695600757E-05
77.6 8.503904401E-05 -5.54602461E-05
77.8 8.507930871E-05 -1.849550189E-05
78 8.511961156E-05 -2.775639507E-05
78.2 9.256516588E-05 -2.776954976E-05
78.4 9.260905642E-05 2.778271693E-05
78.6 0.0001000652277 3.706119545E-05
78.8 0.0001001127195 1.158767044E-20
79 0.0001001602564 9.274097816E-06
79.2 9.649643705E-05 -1.855700713E-05
79.4 0.0001002554658 -2.784874049E-05
79.6 9.658820732E-05 -1.857465525E-05
79.8 9.663415794E-05 -2.787523787E-05
80 0.0001003986197 9.296168491E-06
80.2 0.0001004464286 9.300595238E-06
80.4 9.677227251E-05 -1.861005241E-05
80.6 0.000100542183 -1.861892278E-05
80.8 9.686456843E-05 -9.313900811E-06
81 9.691078244E-05 -9.318344466E-06
81.2 9.695704057E-05 9.322792363E-06
81.4 0.0001044651385 1.865448902E-05
81.6 0.0001045150502 -4.665850454E-05
81.8 0.0001045650096 1.264323122E-20
82 0.0001008787661 4.670313247E-05
82.2 0.0001009270335 -2.803528708E-05
82.4 0.0001009753471 -7.209510526E-21
82.6 9.728208812E-05 2.80621408E-05
82.8 0.0001010721131 5.615117393E-05
83 0.0001011205657 8.426713806E-05
83.2 0.0001011690647 1.873501199E-05
83.4 0.0001012176104 2.811600288E-05
83.6 9.75156025E-05 4.68825012E-05
83.8 9.381003842E-05 -1.72863823E-20
84 9.010091302E-05 9.385511773E-06
84.2 8.638822115E-05 9.390024038E-06
84.4 7.891414141E-05 -5.636724387E-05
84.6 7.519249278E-05 -4.699530799E-05
84.8 7.522869523E-05 -9.403586904E-06
85 7.526493256E-05 4.704058285E-05
85.2 7.153614458E-05 4.706325301E-05
85.4 7.157063645E-05 9.417189007E-06
85.6 7.537385432E-05 1.633941634E-20
85.8 7.541023166E-05 2.827883687E-05
86 7.167431193E-05 -9.430830517E-06
86.2 7.548309179E-05 9.435386473E-06
86.4 7.174359594E-05 1.887989367E-05
86.6 7.555609284E-05 2.833353482E-05
86.8 7.181301403E-05 4.724540397E-05
87 7.9410697E-05 1.507079613E-20
87.2 7.944915254E-05 5.674939467E-05
87.4 7.948764535E-05 0.0001040909641
87.6 7.573921474E-05 7.573921474E-05
87.8 7.956474297E-05 1.894398642E-05
88 8.718461912E-05 5.685953421E-05
88.2 8.722694175E-05 3.792475728E-05
88.4 8.347498786E-05 -3.79431763E-05
88.6 8.73117104E-05 9.490403304E-06
88.8 9.115216334E-05 1.899003403E-05
89 9.499635214E-05 2.849890564E-05
89.2 8.743917275E-05 4.752128954E-05
89.4 8.748174294E-05 9.508885102E-06
89.6 8.75243546E-05 2.854055041E-05
89.8 8.375974659E-05 1.903630604E-05
90 9.141882009E-05 -3.809117504E-05
90.2 9.527439024E-05 -9.527439024E-06
90.4 8.769521718E-05 2.859626647E-05
90.6 8.392333984E-05 -1.386278057E-20
90.8 9.15974597E-05 9.541402052E-06
91 8.018695015E-05 3.818426197E-05
91.2 7.640586797E-05 1.910146699E-05
91.4 7.262108611E-05 1.574441057E-20
91.6 6.883259912E-05 1.912016642E-05
91.8 6.121449559E-05 9.564764936E-06
92 5.74167075E-05 -1.91389025E-05
92.2 5.361519608E-05 4.503780612E-20
92.4 5.364149093E-05 2.8736513E-05
92.6 4.600098135E-05 1.916707556E-05
92.8 4.602356406E-05 1.853526582E-20
93 4.220898821E-05 3.290636052E-20
93.2 3.839066339E-05 2.879299754E-05
93.4 2.68866765E-05 3.840953786E-05
93.6 2.689990162E-05 9.607107723E-06
93.8 2.691313976E-05 1.922367126E-05
94 2.692639094E-05 5.769940916E-05
94.2 2.693965517E-05 3.848522167E-05
94.4 2.695293248E-05 -9.626047314E-06
94.6 2.696622288E-05 9.630793886E-06
94.8 2.312530834E-05 9.635545141E-06
95 1.928060217E-05 -1.928060217E-05
95.2 1.929012346E-05 9.645061728E-06
95.4 1.929965415E-05 2.894948123E-05
95.6 1.930919427E-05 4.827298566E-05
95.8 1.545499505E-05 7.727497527E-05
96 1.546264226E-05 3.865660564E-05
96.2 1.547029703E-05 1.933787129E-05
96.4 1.547795939E-05 6.771607231E-05
96.6 1.548562934E-05 5.807111001E-05
96.8 1.936663361E-05 -2.904995042E-05
97 1.937624008E-05 -2.906436012E-05
97.2 2.32630273E-05 3.045771679E-20
97.4 2.715367428E-05 1.939548163E-05
97.6 3.104818679E-05 9.702558371E-06
97.8 3.494657058E-05 -9.707380716E-06
98 3.884883143E-05 9.550101846E-21
98.2 4.275497512E-05 -2.91511194E-05
98.4 5.055375809E-05 -9.721876556E-06
98.6 5.446962151E-05 1.945343625E-05
98.8 6.228201295E-05 1.946312905E-05
99 7.010219342E-05 -3.894566301E-05
99.2 7.793017456E-05 -3.896508728E-05
99.4 8.186751497E-05 2.92383982E-05
99.6 8.580878682E-05 -3.167195231E-21
99.8 8.585164835E-05 -3.201313976E-20
100 9.370314843E-05 2.928223388E-05
100.2 9.375E-05 2.9296875E-05
100.4 9.770510255E-05 3.908204102E-05
100.6 9.7754004E-05 6.84278028E-05
100.8 9.780295443E-05 6.84620681E-05
101 9.785195391E-05 -9.785195391E-06
101.2 9.790100251E-05 -6.853070175E-05
101.4 9.79501003E-05 2.938503009E-05
101.6 9.407927747E-05 4.899962368E-05
101.8 9.020456827E-05 -9.804844378E-06
102 9.024987443E-05 4.90488448E-05
102.2 8.244346734E-05 4.907349246E-05
102.4 7.462921066E-05 9.819632981E-06
102.6 6.680709256E-05 9.824572435E-06
102.8 5.897710116E-05 -1.965903372E-05
103 5.507301108E-05 -9.834466264E-06
103.2 4.722921914E-05 1.967884131E-05
103.4 3.937752016E-05 2.953314012E-05
103.6 3.151790217E-05 1.969868886E-05
103.8 2.759207871E-05 3.94172553E-05
104 2.366229177E-05 9.859288238E-06
104.2 2.367424242E-05 -9.864267677E-06
104.4 2.368620515E-05 -9.869252148E-06
104.6 2.369817998E-05 -4.937120829E-05
104.8 2.371016692E-05 9.879236216E-06
105 1.976847166E-05 -2.521154466E-20
105.2 1.977848101E-05 -2.966772152E-05
105.4 1.583080041E-05 1.978850051E-05
105.6 1.187911809E-05 1.485549674E-20
105.8 7.923427992E-06 -4.952142495E-05
106 3.963723998E-06 -4.954654997E-05
106.2 3.965736041E-06 -4.957170051E-05
106.4 7.935500254E-06 -1.983875063E-05
106.6 7.93953252E-06 1.98488313E-05
106.8 7.943568887E-06 1.985892222E-05
107 7.947609359E-06 3.97380468E-05
107.2 7.951653944E-06 4.969783715E-05
107.4 7.955702648E-06 -9.94462831E-06
107.6 7.959755476E-06 -9.949694345E-06
107.8 7.963812436E-06 -1.990953109E-05
108 7.967873534E-06 -2.987952575E-05
108.2 7.971938776E-06 -4.982461735E-05
108.4 7.976008167E-06 -4.985005105E-05
108.6 7.980081716E-06 -3.990040858E-05
108.8 3.992079714E-06 -6.986139499E-05
109 0 -3.994120654E-05
109.2 0 -9.990409207E-06
109.4 0 -1.999104401E-05
109.6 0 -9.000576037E-05
109.8 0 -0.0001100633965
110 0 -7.007624295E-05
110.2 0 -3.004807692E-05
110.4 0 1.980055865E-20
110.6 0 4.010523614E-05
110.8 0 4.012583462E-05
111 0 8.842544433E-22
111.2 4.016709512E-06 -3.012532134E-05
111.4 4.01877572E-06 -4.01877572E-05
111.6 4.020844056E-06 -3.015633042E-05
111.8 4.022914521E-06 1.904282659E-20
112 0 3.01874034E-05
112.2 0 1.006765464E-05
112.4 4.029138731E-06 1.947652042E-20
112.6 8.062435501E-06 2.015608875E-05
112.8 1.209989675E-05 6.049948374E-05
113 1.614152893E-05 5.044227789E-05
113.2 2.01873385E-05 1.009366925E-05
113.4 2.423733195E-05 3.029666494E-05
113.6 2.424987067E-05 6.062467667E-05
113.8 2.426242236E-05 5.054671325E-05
114 2.427498705E-05 6.068746763E-05
114.2 2.833549223E-05 7.083873057E-05
114.4 2.835018144E-05 4.05002592E-05
114.6 2.836488589E-05 1.013031639E-05
114.8 2.83796056E-05 1.013557343E-05
115 2.83943406E-05 -1.014083593E-05
115.2 2.840909091E-05 -2.029220779E-05
115.4 2.842385655E-05 -2.030275468E-05
115.6 2.843863755E-05 -1.015665627E-05
115.8 2.845343392E-05 5.080970343E-05
116 3.253513795E-05 5.083615305E-05
116.2 4.069010417E-05 6.103515625E-05
116.4 4.478243877E-05 6.106696196E-05
116.6 4.887904067E-05 3.054940042E-05
116.8 4.890453834E-05 -4.075378195E-05
117 4.893006263E-05 -5.096881524E-05
117.2 4.895561358E-05 3.059725849E-05
117.4 4.489942529E-05 1.020441484E-05
117.6 4.492289597E-05 4.083899634E-05
117.8 4.494639121E-05 9.193580021E-05
118 4.088173731E-05 1.022043433E-05
118.2 4.090314136E-05 2.045157068E-05
118.4 4.092456784E-05 8.184913567E-05
118.6 3.275681342E-05 2.047300839E-05
118.8 2.867724174E-05 -3.072561615E-05
119 2.45933893E-05 1.024724554E-05
119.2 2.050524934E-05 1.025262467E-05
119.4 2.461922269E-05 1.021339324E-20
119.6 2.463215975E-05 2.052679979E-05
119.8 2.875262881E-05 5.134398002E-05
120 2.876775381E-05 3.082259337E-05
120.2 2.878289474E-05 -4.111842105E-05
120.4 2.879805161E-05 -6.171011058E-05
120.6 2.881322445E-05 -1.02904373E-05
120.8 2.882841328E-05 -1.029586189E-05
121 2.884361814E-05 -3.697302324E-22
121.2 2.885883905E-05 2.588079134E-21
121.4 2.887407603E-05 -2.062434002E-05
121.6 2.888932911E-05 9.754026569E-21
121.8 2.890459831E-05 3.096921247E-05
122 2.478847171E-05 5.164264939E-05
122.2 2.066798942E-05 3.100198413E-05
122.4 2.067893065E-05 2.067893065E-05
122.6 2.068988347E-05 1.034494174E-05
122.8 2.070084791E-05 3.105127186E-05
123 2.071182397E-05 2.071182397E-05
123.2 2.072281167E-05 -2.072281167E-05
123.4 2.488057325E-05 -5.18345276E-05
123.6 2.489378651E-05 -4.148964418E-05
123.8 2.905818278E-05 2.075584485E-05
124 3.322700691E-05 6.230063796E-05
124.2 3.324468085E-05 3.11668883E-05
124.4 3.32623736E-05 2.07889835E-05
124.6 3.32800852E-05 3.120007987E-05
124.8 3.746004262E-05 -2.081113479E-05
125 4.580890192E-05 -2.082222814E-05
125.2 5E-05 -1.496834161E-20
125.4 5.419557097E-05 -1.042222519E-05
125.6 5.8395622E-05 -1.351701863E-20
125.8 6.260016026E-05 -1.411078938E-20
126 6.680919294E-05 -3.131680919E-05
126.2 6.684491979E-05 -2.386905242E-20
126.4 6.688068486E-05 3.135032103E-05
126.6 6.691648822E-05 1.045570128E-05
126.8 6.695232994E-05 -4.184520621E-05
127 6.698821008E-05 -0.0001046690782
127.2 6.702412869E-05 -4.189008043E-05
127.4 7.12513412E-05 2.095627682E-05
127.6 5.870907139E-05 3.145128824E-05
127.8 4.615332975E-05 -1.048939313E-05
128 4.617813004E-05 -2.099005911E-05
128.2 4.200268817E-05 -1.803462162E-20
128.4 4.202528241E-05 2.10126412E-05
128.6 3.363832078E-05 3.153592573E-05
128.8 2.944938072E-05 -2.103527194E-05
129 2.946524784E-05 -7.366311961E-05
129.2 2.948113208E-05 -7.370283019E-05
129.4 2.949703344E-05 -5.2673274E-05
129.6 2.529681597E-05 -5.270169995E-05
129.8 2.109206263E-05 -3.163809395E-05
130 2.532414911E-05 -1.05517288E-05
130.2 2.956081081E-05 2.111486486E-05
130.4 3.380205516E-05 3.168942672E-05
130.6 3.804788961E-05 4.22754329E-05
130.8 4.22983216E-05 1.05745804E-05
131 4.655335861E-05 -1.058030878E-05
131.2 5.081300813E-05 3.175813008E-05
131.4 5.084056399E-05 4.236713666E-05
131.6 5.086814976E-05 4.23901248E-05
131.8 5.089576547E-05 2.120656895E-05
132 5.092341119E-05 1.0609044E-05
132.2 5.095108696E-05 1.061480978E-05
132.4 5.097879282E-05 1.062058184E-05
132.6 5.100652884E-05 1.062636017E-05
132.8 4.252857921E-05 2.12642896E-05
133 3.404139434E-05 -1.063793573E-05
133.2 3.40599455E-05 -3.193119891E-05
133.4 3.40785169E-05 -1.064953653E-05
133.6 3.409710857E-05 1.065534643E-05
133.8 2.985125546E-05 2.132232533E-05
134 2.560076461E-05 -1.066698525E-05
134.2 2.134562842E-05 -4.269125683E-05
134.4 1.708583926E-05 -3.203594861E-05
134.6 1.28213895E-05 2.436657329E-20
134.8 8.552271483E-06 1.069033935E-05
135 8.556955093E-06 -8.35215211E-21
135.2 1.284246575E-05 -8.75447715E-21
135.4 1.713267544E-05 -1.070792215E-05
135.6 2.142759188E-05 -4.285518376E-05
135.8 2.143935236E-05 -2.143935236E-05
136 2.574135091E-05 -1.072556288E-05
136.2 3.434065934E-05 1.786494177E-20
136.4 3.865448048E-05 3.221206707E-05
136.6 3.867574257E-05 2.148652365E-05
136.8 4.299669785E-05 3.224752339E-05
137 4.732241189E-05 6.453056167E-05
137.2 5.165289256E-05 3.999967588E-21
137.4 5.598814774E-05 -2.153390298E-05
137.6 6.032818533E-05 -2.154578047E-05
137.8 6.467301325E-05 -1.077883554E-05
138 6.902263943E-05 2.156957482E-05
138.2 7.769337017E-05 -1.079074586E-05
138.4 8.637368712E-05 -5.398355445E-05
138.6 9.506360619E-05 -4.321073009E-05
138.8 9.943967903E-05 1.553453707E-20
139 9.949473976E-05 -1.081464563E-05
139.2 9.522160665E-05 -3.178610871E-21
139.4 9.527439024E-05 1.082663525E-05
139.6 8.666112035E-05 2.166528009E-05
139.8 8.670921199E-05 1.08386515E-05
140 8.675735702E-05 -2.168933926E-05
140.2 7.8125E-05 1.085069444E-05
140.4 8.251111729E-05 -9.238933844E-21
140.6 7.821190211E-05 -1.086276418E-05
140.8 7.390790206E-05 4.347523651E-05
141 6.959910913E-05 3.262458241E-05
141.2 6.528551532E-05 1.088091922E-05
141.4 6.09671126E-05 -1.088698439E-05
141.6 5.664389292E-05 -2.178611266E-05
141.8 5.231584821E-05 -1.089913504E-05
142 4.798297041E-05 -3.271566164E-05
142.2 4.36452514E-05 8.881701998E-21
142.4 3.493571828E-05 -1.091741196E-05
142.6 3.932466443E-05 -6.554110738E-05
142.8 3.93466704E-05 -2.185926133E-05
143 3.936870101E-05 3.280725084E-05
143.2 3.50140056E-05 4.3767507E-05
143.4 3.065442825E-05 9.821750231E-22
143.6 3.067162086E-05 -2.190830062E-05
143.8 2.63047138E-05 1.096029742E-05
144 2.193290286E-05 -1.096645143E-05
144.2 1.755617978E-05 -3.291783708E-05
144.4 1.756604834E-05 9.537659472E-21
144.6 1.757592801E-05 -1.098495501E-05
144.8 2.198227349E-05 -2.198227349E-05
145 2.19946509E-05 2.19946509E-05
145.2 2.64084507E-05 4.401408451E-05
145.4 2.642333709E-05 2.201944758E-05
145.6 3.084461365E-05 3.304780034E-05
145.8 2.645316027E-05 3.306645034E-05
146 2.20567476E-05 -1.10283738E-05
146.2 2.206920904E-05 1.103460452E-05
146.4 1.766534765E-05 5.520421142E-05
146.6 1.767533937E-05 2.209417421E-05
146.8 1.768534239E-05 -2.127859579E-20
147 1.769535674E-05 4.423839185E-05
147.2 1.770538244E-05 8.852691218E-05
147.4 1.77154195E-05 0.0001107213719
147.6 1.772546795E-05 8.862733976E-05
147.8 1.773552781E-05 5.54235244E-05
148 1.774559909E-05 5.545499716E-05
148.2 1.775568182E-05 4.438920455E-05
148.4 1.776577601E-05 4.441444002E-05
148.6 1.777588168E-05 5.554963026E-05
148.8 1.778599886E-05 3.334874787E-05
149 1.779612756E-05 1.112257973E-05
149.2 1.780626781E-05 -1.112891738E-05
149.4 2.227052452E-05 2.227052452E-05
149.6 2.67398745E-05 2.228322875E-05
149.8 2.675513699E-05 -3.344392123E-05
150 2.67704169E-05 -5.577170188E-05
150.2 2.678571429E-05 -3.348214286E-05
150.4 2.680102916E-05 -1.116709548E-05
150.6 3.128575515E-05 -6.295475767E-21
150.8 3.577561534E-05 2.235975959E-05
151 4.027061856E-05 -2.237256586E-05
151.2 4.477077364E-05 -2.238538682E-05
151.4 4.927608945E-05 -6.294837654E-22
151.6 5.826878944E-05 -2.241107286E-05
151.8 6.278702641E-05 2.2423938E-05
152 6.731045376E-05 4.487363584E-05
152.2 7.183908046E-05 1.122485632E-05
152.4 7.637291547E-05 9.208044176E-22
152.6 8.091196778E-05 -7.31818939E-22
152.8 8.54562464E-05 2.852234627E-21
153 8.550547235E-05 3.375216014E-05
153.2 8.555475504E-05 1.125720461E-05
153.4 9.010957324E-05 -1.126369666E-05
153.6 9.466964801E-05 3.381058857E-05
153.8 9.472430716E-05 3.38301097E-05
154 9.477902946E-05 1.128321779E-05
154.2 9.483381503E-05 -1.128973988E-05
154.4 8.585164835E-05 -3.388880856E-05
154.6 7.685908565E-05 -3.390842014E-05
154.8 7.237984945E-05 -2.261870295E-05
155 6.789542294E-05 -8.916490056E-21
155.2 6.34057971E-05 1.132246377E-05
155.4 5.891096288E-05 -1.132903132E-05
155.6 5.44109112E-05 -3.40068195E-05
155.8 5.444250871E-05 -2.268437863E-05
156 5.901365485E-05 -3.404633934E-05
156.2 6.359011628E-05 -5.677688953E-05
156.4 6.362710878E-05 -4.544793485E-05
156.6 6.821158324E-05 -7.958018044E-05
156.8 7.735148515E-05 -9.100174723E-05
157 8.650203963E-05 -6.829108392E-05
157.2 8.655247813E-05 -7.971938776E-05
157.4 9.116102684E-05 -6.837077013E-05
157.6 0.0001003356684 -6.841068301E-05
157.8 0.000109521028 -7.985908294E-05
158 0.0001187171245 4.103514223E-20
158.2 0.0001233552632 3.426535088E-05
158.4 0.0001279988297 -3.428540082E-05
158.6 0.000137221897 -9.148126464E-05
158.8 0.0001464557704 -8.009299941E-05
159 0.0001465416178 -6.869138335E-05
159.2 0.0001512096774 -4.582111437E-05
159.4 0.000155883216 -2.292400235E-05
159.6 0.0001513872578 -4.58749266E-05
159.8 0.0001468860165 -2.295094007E-05
160 0.0001423794827 1.148221634E-05
160.2 0.0001332720588 3.446691176E-05
160.4 0.0001241539141 5.747866392E-05
160.6 0.0001150250294 3.450750883E-05
160.8 0.000105885386 4.603712434E-05
161 9.673496462E-05 4.606426887E-05
161.2 8.757374631E-05 1.152286136E-05
161.4 7.840171192E-05 3.458899055E-05
161.6 6.921884229E-05 2.307294743E-05
161.8 6.00251182E-05 -2.308658392E-05
162 5.544056771E-05 -5.775059137E-05
162.2 5.085059172E-05 -3.467085799E-05
162.4 4.162966252E-05 1.314821857E-20
162.6 3.239780806E-05 2.314129147E-05
162.8 2.778601067E-05 4.631001778E-05
163 2.316874259E-05 2.316874259E-05
163.2 1.854599407E-05 1.159124629E-05
163.4 1.855700713E-05 2.319625891E-05
163.6 1.392602496E-05 1.16050208E-05
163.8 9.289536266E-06 -2.322384067E-05
164 9.295062463E-06 -2.323765616E-05
164.2 0 -1.162574405E-05
164.4 4.653067302E-06 -8.142867778E-05
164.6 4.655840286E-06 -6.983760429E-05
164.8 0 -2.329308289E-05
165 4.661396181E-06 -5.826745227E-05
165.2 0 -3.498134328E-05
165.4 0 -1.166741338E-05
165.6 0 -2.334877466E-05
165.8 0 -3.504410885E-05
166 0 -3.506508079E-05
166.2 0 -4.678143713E-05
166.4 4.680946675E-06 -5.851183343E-05
166.6 4.683752998E-06 -1.170938249E-05
166.8 4.686562687E-06 -1.171640672E-05
167 0 -8.206407563E-05
167.2 0 -4.692192192E-05
167.4 0 -4.695012019E-05
167.6 0 -4.697835238E-05
167.8 0 -1.175165463E-05
168 0 -3.527618904E-05
168.2 0 1.124709381E-20
168.4 0 1.04254079E-20
168.6 0 -2.356001206E-05
168.8 0 -2.357423054E-05
169 0 9.366621057E-21
169.2 0 3.540407855E-05
169.4 0 1.180849456E-05
169.6 0 -1.181563823E-05
169.8 0 3.546837167E-05
170 0 2.365990309E-05
170.2 0 2.367424242E-05
170.4 0 5.922149788E-05
170.6 0 4.74059466E-05
170.8 0 3.557604736E-05
171 0 2.3731774E-05
171.2 4.749240122E-06 3.561930091E-05
171.4 9.504257908E-06 4.752128954E-05
171.6 1.426506391E-05 5.943776628E-05
171.8 2.378958587E-05 8.326355055E-05
172 2.856489945E-05 3.570612431E-05
172.2 2.858231707E-05 -2.947914937E-20
172.4 3.336638194E-05 3.574969494E-05
172.6 3.815628816E-05 2.38476801E-05
172.8 4.295204643E-05 3.579337202E-05
173 5.252903423E-05 2.387683374E-05
173.2 5.733944954E-05 1.194571865E-05
173.4 5.7374541E-05 7.171817625E-05
173.6 6.219381506E-05 5.980174525E-05
173.8 6.70189951E-05 1.19676777E-05
174 7.185009197E-05 4.790006131E-05
174.2 7.668711656E-05 5.991180982E-05
174.4 8.15300798E-05 2.397943524E-05
174.6 8.637899263E-05 2.399416462E-05
174.8 9.123386601E-05 4.801782422E-05
175 9.609471095E-05 6.005919434E-05
175.2 0.0001009615385 1.201923077E-05
175.4 0.0001058343596 -1.202663177E-05
175.6 0.0001107131855 -2.40680838E-05
175.8 0.0001155980271 1.204146116E-05
176 0.0001204888957 3.614666872E-05
176.2 0.0001157407407 1.73923525E-20
176.4 0.0001158122298 1.206377393E-05
176.6 0.0001158838072 4.828491965E-05
176.8 0.0001159554731 1.207869511E-05
177 0.0001160272277 -1.208616955E-05
177.2 0.0001160990712 7.25619195E-05
177.4 0.0001161710037 8.470802354E-05
177.6 0.0001162430254 3.632594544E-05
177.8 0.0001163151365 7.26969603E-05
178 0.0001163873371 7.274208566E-05
178.2 0.0001164596273 -1.213121118E-05
178.4 0.0001165320075 5.970698779E-21
178.6 0.0001166044776 6.073149876E-05
178.8 0.000116677038 0.0001093847231
179 0.0001167496887 8.512998132E-05
179.2 0.0001168224299 4.867601246E-05
179.4 0.0001168952618 4.87063591E-05
179.6 0.0001169681847 6.092092951E-05
179.8 0.0001170411985 6.095895755E-05
180 0.0001171143036 2.439881324E-05
180.2 0.0001171875 2.44140625E-05
180.4 0.000117260788 3.664399625E-05
180.6 0.0001173341677 4.888923655E-05
180.8 0.0001125156544 6.114981215E-05
181 0.0001125861529 3.671287594E-05
181.2 0.0001175548589 2.449059561E-05
181.4 0.0001176286073 1.225297992E-05
181.6 0.0001177024482 -1.226067169E-05
181.8 0.0001177763819 -9.825448419E-21
182 0.0001178504085 1.532429655E-20
182.2 0.0001179245283 -2.456761006E-05
182.4 0.0001179987413 -7.374921334E-05
182.6 0.0001180730479 -8.609493073E-05
182.8 0.000118147448 -4.922810334E-05
183 0.000118221942 -2.462957125E-05
183.2 0.00011829653 -4.929022082E-05
183.4 0.0001183712121 -7.398200758E-05
183.6 0.0001184459886 -8.636686671E-05
183.8 0.0001185208597 -8.642146018E-05
184 0.0001185958254 -7.412239089E-05
184.2 0.0001186708861 -7.41693038E-05
184.4 0.0001187460418 -6.184689677E-05
184.6 0.0001188212928 -1.2377218E-05
184.8 0.0001188966392 2.477013316E-05
185 0.0001189720812 2.478585025E-05
185.2 0.000119047619 -4.96031746E-05
185.4 0.0001191232529 -7.445203304E-05
185.6 0.0001191989828 2.483312142E-05
185.8 0.0001242445929 3.727337786E-05
186 0.0001243236792 7.459420751E-05
186.2 0.0001244028662 7.464171975E-05
186.4 0.0001195028681 -2.489643085E-05
186.6 0.0001195790816 2.491230867E-05
186.8 0.0001196553925 8.724872368E-05
187 0.0001197318008 3.741618774E-05
187.2 0.0001198083067 2.49600639E-05
187.4 0.0001198849105 2.497602302E-05
187.6 0.0001199616123 8.747200896E-05
187.8 0.0001200384123 0.0001125360115
188 0.0001201153107 3.753603459E-05
188.2 0.0001201923077 2.50400641E-05
188.4 0.0001202694035 1.252806286E-05
188.6 0.0001203465982 -2.507220796E-05
188.8 0.0001204238921 4.972892005E-21
189 0.0001205012853 -1.255221722E-05
189.2 0.0001155546624 -3.768086817E-05
189.4 0.0001106016731 -1.256837194E-05
189.6 0.0001056423052 -2.515292981E-05
189.8 0.0001006765464 -5.03382732E-05
190 0.0001007414571 -0.0001259268214
190.2 0.0001008064516 -0.0001512096774
190.4 0.00010087153 -0.0001386983538
190.6 0.0001009366925 -0.0001640221253
190.8 9.595184228E-05 -0.0001515029089
191 9.601390686E-05 -5.053363519E-05
191.2 9.607605178E-05 5.056634304E-05
191.4 0.0001011981865 1.264977332E-05
191.6 0.0001012637719 -2.531594297E-05
191.8 0.0001013294423 -2.533236057E-05
192 0.0001013951979 2.534879948E-05
192.2 0.000101461039 5.073051948E-05
192.4 0.0001015269656 -7.614522417E-05
192.6 0.0001015929779 -0.0001142921001
192.8 0.0001016590761 -0.0001016590761
193 9.66389974E-05 -3.814697266E-05
193.2 8.65228013E-05 -1.272394137E-05
193.4 7.639341591E-05 -2.546447197E-05
193.6 6.625081539E-05 4.18483549E-20
193.8 6.119451697E-05 2.047597026E-20
194 5.102873939E-05 1.275718485E-05
194.2 4.595588235E-05 2.050493883E-20
194.4 4.08763898E-05 -1.277387181E-05
194.6 3.579024869E-05 -5.11289267E-05
194.8 3.069744597E-05 -6.395301244E-05
195 2.559796855E-05 -2.559796855E-05
195.2 2.049180328E-05 2.56147541E-05
195.4 1.537893701E-05 -4.370969133E-22
195.6 1.025935653E-05 -3.8472587E-05
195.8 1.026609724E-05 1.283262155E-05
196 1.027284681E-05 -1.284105851E-05
196.2 1.541940789E-05 -5.139802632E-05
196.4 2.057274523E-05 -3.85738973E-05
196.6 2.57328722E-05 -3.85993083E-05
196.8 3.089980224E-05 -3.86247528E-05
197 3.607354881E-05 -2.576682058E-05
197.2 4.125412541E-05 -1.289191419E-05
197.4 5.160171731E-05 -2.580085865E-05
197.6 6.196298744E-05 -3.686828952E-20
197.8 6.717096561E-05 -1.557542746E-20
198 7.238583719E-05 -3.877812707E-05
198.2 7.760761589E-05 -2.58692053E-05
198.4 8.283631544E-05 2.75900354E-21
198.6 8.289124668E-05 -1.295175729E-05
198.8 8.294625083E-05 3.888105508E-05
199 8.300132802E-05 -1.037912414E-20
199.2 8.305647841E-05 -2.59551495E-05
199.4 7.791722074E-05 3.895861037E-05
199.6 7.796906188E-05 6.497421823E-05
199.8 7.802097204E-05 1.300349534E-05
200 7.807295137E-05 -2.602431712E-05
200.2 7.8125E-05 7.8125E-05
200.4 7.296531021E-05 9.120663776E-05
200.6 6.779873164E-05 2.607643525E-05
200.8 6.26252505E-05 -5.218770875E-05
201 5.744485294E-05 -7.833389037E-05
201.2 4.703177258E-05 -2.612876254E-05
201.4 4.183400268E-05 -1.234357693E-20
201.6 3.662926993E-05 -5.232752847E-05
201.8 3.141756032E-05 -9.163455094E-05
202 2.619885983E-05 -2.619885983E-05
202.2 2.097315436E-05 1.310822148E-05
202.4 1.574042982E-05 -1.910935887E-20
202.6 1.050067204E-05 -5.250336022E-05
202.8 5.253866846E-06 -1.313466711E-05
203 0 3.943051817E-05
203.2 0 2.63047138E-05
203.4 0 6.580609838E-05
203.6 0 3.951028321E-05
203.8 0 8.342612984E-22
204 0 -1.239347388E-20
204.2 0 5.278716216E-05
204.4 0 0.0001056457066
204.6 0 6.607324087E-05
204.8 0 2.644719025E-05
205 5.29302168E-06 3.96976626E-05
205.2 1.059322034E-05 2.648305085E-05
205.4 1.060040706E-05 -1.438899112E-20
205.6 1.060760353E-05 3.977851324E-05
205.8 1.061480978E-05 7.961107337E-05
206 1.062202583E-05 1.327753229E-05
206.2 1.06292517E-05 -2.657312925E-05
206.4 1.063648741E-05 -4.191447718E-20
206.6 1.064373297E-05 -1.330466621E-05
206.8 1.065098841E-05 -1.331373551E-05
207 1.065825375E-05 1.332281719E-05
207.2 2.133105802E-05 1.333191126E-05
207.4 3.201844262E-05 2.668203552E-05
207.6 3.204032809E-05 6.675068353E-05
207.8 2.671853625E-05 1.335926813E-05
208 2.138945927E-05 -5.347364819E-05
208.2 1.605308219E-05 -4.013270548E-05
208.4 1.606408499E-05 1.338673749E-05
208.6 2.143347051E-05 2.679183813E-05
208.8 2.681022649E-05 -2.681022649E-05
209 2.682864011E-05 -5.365728022E-05
209.2 3.221649485E-05 -1.342353952E-05
209.4 3.223865199E-05 -2.686554333E-05
209.6 2.688403304E-05 -6.721008259E-05
209.8 1.614152893E-05 -2.690254821E-05
210 1.615265334E-05 -8.076326671E-05
210.2 1.61637931E-05 -0.0001212284483
210.4 1.617494824E-05 -6.739561767E-05
210.6 2.158149171E-05 -4.046529696E-05
210.8 2.159640636E-05 -6.748876987E-05
211 2.161134163E-05 -9.454961964E-05
211.2 2.162629758E-05 -6.758217993E-05
211.4 2.164127424E-05 -2.70515928E-05
211.6 2.165627166E-05 1.706842974E-20
211.8 1.625346741E-05 -5.154427598E-20
212 1.62647467E-05 -2.170668662E-20
212.2 2.170138889E-05 -1.356336806E-05
212.4 2.171646977E-05 -2.714558721E-05
212.6 2.173157163E-05 -4.07466968E-05
212.8 2.17466945E-05 -8.155010438E-05
213 1.632137883E-05 -9.520804318E-05
213.2 1.088850174E-05 -5.444250871E-05
213.4 1.089609484E-05 -2.72402371E-05
213.6 1.090369853E-05 3.051004542E-21
213.8 1.091131285E-05 5.455656425E-05
214 1.091893781E-05 4.094601677E-05
214.2 1.092657343E-05 2.731643357E-05
214.4 1.093421973E-05 1.913814953E-20
214.6 1.094187675E-05 -2.735469188E-05
214.8 1.09495445E-05 1.368693062E-05
215 5.478611501E-06 1.369652875E-05
215.2 0 1.306243612E-20
215.4 0 1.371576545E-05
215.6 0 2.745080815E-05
215.8 0 1.373505626E-05
216 0 1.374472203E-05
216.2 0 6.877200704E-05
216.4 0 6.882047216E-05
216.6 0 1.377380113E-05
216.8 0 -2.756704305E-05
217 0 -4.137976695E-05
217.2 0 -9.770244887E-21
217.4 0 1.381276521E-05
217.6 0 -1.382254069E-05
217.8 0 -1.405668928E-20
218 0 1.384213324E-05
218.2 0 1.385195035E-05
218.4 0 -2.216112318E-20
218.6 0 -4.161487926E-05
218.8 0 -2.776297086E-05
219 0 -1.389135846E-05
219.2 0 -2.78024911E-05
219.4 0 -4.173344017E-05
219.6 0 -2.784212402E-05
219.8 0 -1.393099144E-05
220 0 -6.970467523E-05
220.2 0 -6.975446429E-05
220.4 0 -2.792172981E-05
220.6 0 -2.794170243E-05
220.8 0 -2.796170365E-05
221 0 -1.399086676E-05
221.2 0 2.800179211E-05
221.4 0 1.401093974E-05
221.6 0 -2.804199569E-05
221.8 0 -2.80621408E-05
222 0 -4.212347232E-05
222.2 0 5.241610503E-20
222.4 0 5.624550036E-05
222.6 0 5.628602305E-05
222.8 5.632660418E-06 2.816330209E-05
223 1.691017316E-05 1.407069703E-20
223.2 2.25631769E-05 1.410198556E-05
223.4 2.822434971E-05 1.411217486E-05
223.6 3.389370933E-05 -0
223.8 3.957127352E-05 7.531360967E-21
224 4.52570601E-05 -1.490065402E-20
224.2 4.528985507E-05 -9.947156731E-21
224.4 4.532269761E-05 7.081671501E-05
224.6 5.102503628E-05 5.669448476E-05
224.8 6.240922295E-05 -1.418391431E-05
225 6.813226744E-05 -1.419422238E-05
225.2 7.386363636E-05 -2.432743949E-20
225.4 7.960334789E-05 -1.421488355E-05
225.6 8.535142025E-05 -4.267571012E-05
225.8 9.110787172E-05 2.847120991E-05
226 9.117432531E-05 7.122994165E-05
226.2 9.124087591E-05 1.425638686E-05
226.4 9.130752374E-05 -1.426680058E-05
226.6 9.137426901E-05 1.014458173E-20
226.8 9.144111192E-05 1.428767374E-05
227 9.150805271E-05 7.149066618E-05
227.2 9.157509158E-05 8.585164835E-05
227.4 9.164222874E-05 2.863819648E-05
227.6 9.170946442E-05 5.731841526E-05
227.8 9.177679883E-05 7.170062408E-05
228 9.758449669E-05 5.740264511E-05
228.2 9.765625E-05 5.744485294E-05
228.4 9.77281089E-05 -1.437178072E-05
228.6 9.204712813E-05 -4.314709131E-05
228.8 8.63577745E-05 -1.439296242E-05
229 8.642146018E-05 1.535153519E-20
229.2 8.648523985E-05 -1.441420664E-05
229.4 8.654911374E-05 -4.327455687E-05
229.6 8.661308204E-05 -5.774205469E-05
229.8 8.667714497E-05 -4.333857249E-05
230 8.674130274E-05 -1.445688379E-05
230.2 8.101851852E-05 1.446759259E-05
230.4 7.528724981E-05 -2.895663454E-05
230.6 6.954747774E-05 -5.795623145E-05
230.8 6.379918337E-05 -4.349944321E-05
231 6.384658247E-05 -2.902117385E-05
231.2 6.389405204E-05 4.051539951E-20
231.4 5.812872024E-05 -1.453218006E-05
231.6 5.235480268E-05 -4.362900223E-05
231.8 4.657228018E-05 -1.455383756E-05
232 4.078113348E-05 2.912938106E-05
232.2 3.498134328E-05 4.37266791E-05
232.4 2.917289022E-05 4.375933532E-05
232.6 2.335575486E-05 2.919469357E-05
232.8 1.752991773E-05 7.002726929E-21
233 1.169535928E-05 1.46191991E-05
233.2 5.852059925E-06 4.389044944E-05
233.4 0 2.928223388E-05
233.6 0 -2.930420105E-05
233.8 0 -1.46631006E-05
234 0 5.869646882E-05
234.2 0 -1.468515038E-05
234.4 0 -5.87848006E-05
234.6 0 -2.941453313E-05
234.8 0 -5.887339864E-05
235 0 -8.837669683E-05
235.2 0 -5.896226415E-05
235.4 0 -4.425509819E-05
235.6 0 -0.0001033399471
235.8 0 -8.864409985E-05
236 0 -1.478520061E-05
236.2 0 2.049948595E-20
236.4 0 -4.442285823E-05
236.6 0 -4.445656297E-05
236.8 0 -2.96602126E-05
237 0 1.484137538E-05
237.2 0 5.941064639E-05
237.4 0 1.486396499E-05
237.6 0 -1.487528561E-05
237.8 0 -1.488662348E-05
238 0 1.269171477E-20
238.2 0 -1.490935115E-05
238.4 5.968296409E-06 -2.984148205E-05
238.6 5.972859327E-06 -2.986429664E-05
238.8 0 -1.494357307E-05
239 0 -2.991003063E-05
239.2 0 -4.489942529E-05
239.4 0 1.497795245E-05
239.6 0 -2.0163609E-20
239.8 0 3.000192012E-05
240 0 1.501249039E-05
240.2 0 -3.004807692E-05
240.4 0 1.503560431E-05
240.6 0 1.504718798E-05
240.8 0 -1.893719742E-20
241 0 -3.137951116E-22
241.2 0 3.016409266E-05
241.4 0 1.50937017E-05
241.6 0 -1.51053751E-05
241.8 0 -1.511706656E-05
242 0 1.512877614E-05
242.2 0 7.570251938E-05
242.4 0 7.576124903E-05
242.6 0 4.549204193E-05
242.8 0 1.517579643E-05
243 0 1.51875972E-05
243.2 0 1.519941634E-05
243.4 6.084501558E-06 -1.192707089E-21
243.6 1.217848792E-05 4.56693297E-05
243.8 1.828198128E-05 3.04699688E-05
244 2.43950039E-05 -7.045088566E-22
244.2 3.051757812E-05 4.577636719E-05
244.4 3.664972635E-05 4.581215794E-05
244.6 4.279147105E-05 3.940046032E-20
244.8 4.894283477E-05 -2.392594878E-20
245 4.898119122E-05 1.530662226E-05
245.2 4.289215686E-05 5.78798271E-20
245.4 4.292582418E-05 1.533065149E-05
245.6 3.682246661E-05 1.534269442E-05
245.8 3.070951258E-05 3.070951258E-05
246 2.458693942E-05 3.073367427E-05
246.2 1.845472441E-05 1.537893701E-05
246.4 1.231284476E-05 6.15642238E-05
246.6 6.161277603E-06 4.620958202E-05
246.8 6.166140489E-06 4.624605367E-05
247 0 4.628258294E-05
247.2 6.175889328E-06 -5.054460591E-21
247.4 1.236155063E-05 3.090387658E-05
247.6 1.855700713E-05 7.732086302E-05
247.8 2.476228209E-05 4.642927892E-05
248 3.097739889E-05 -6.195479778E-05
248.2 3.720238095E-05 -1.991282454E-20
248.4 4.343725179E-05 6.205321684E-05
248.6 4.34717806E-05 -1.582054133E-20
248.8 4.972155927E-05 -4.149666755E-20
249 4.97611465E-05 -7.439000997E-21
249.2 5.602589641E-05 -1.5562749E-05
249.4 5.607057416E-05 1.557515949E-05
249.6 5.611532322E-05 4.676276935E-05
249.8 5.616014377E-05 -3.435411913E-20
250 5.620503597E-05 -4.683752998E-05
250.2 5.625E-05 -3.125E-05
250.4 6.255004003E-05 -1.563751001E-05
250.6 5.634014423E-05 1.565004006E-05
250.8 6.265036087E-05 4.698777065E-05
251 5.643057785E-05 4.702548154E-05
251.2 5.020080321E-05 3.137550201E-05
251.4 4.396101286E-05 1.570036174E-05
251.6 3.771118262E-05 1.329018418E-20
251.8 3.145128824E-05 2.157198359E-20
252 2.51813054E-05 -4.721494762E-05
252.2 1.890120968E-05 -7.875504032E-05
252.4 1.261097659E-05 -9.458232446E-05
252.6 6.310581583E-06 -0.0001104351777
252.8 6.315683104E-06 -4.736762328E-05
253 0 -3.16039644E-05
253.2 0 -3.162955466E-05
253.4 0 6.299684076E-20
253.6 0 1.584042985E-05
253.8 0 -1.585328734E-05
254 0 -3.173233144E-05
254.2 0 5.436204987E-20
254.4 0 -3.593733081E-20
254.6 6.361970684E-06 -3.180985342E-05
254.8 6.367155664E-06 -1.591788916E-05
255 6.372349103E-06 -3.186174551E-05
255.2 6.37755102E-06 -7.971938776E-05
255.4 1.276552288E-05 -3.191380719E-05
255.6 1.277596075E-05 -1.596995094E-05
255.8 1.278641571E-05 -1.598301964E-05
256 1.27968878E-05 -4.798832924E-05
256.2 1.280737705E-05 -4.802766393E-05
256.4 1.281788351E-05 -1.519454357E-21
256.6 1.282840722E-05 1.988704881E-20
256.8 1.283894823E-05 3.209737058E-05
257 1.284950658E-05 3.212376645E-05
257.2 1.28600823E-05 4.822530864E-05
257.4 1.287067545E-05 6.435337727E-05
257.6 1.288128607E-05 4.830482275E-05
257.8 1.289191419E-05 3.222978548E-05
258 1.290255987E-05 -3.225639967E-05
258.2 1.936983471E-05 -1.614152893E-05
258.4 2.584780811E-05 1.615488007E-05
258.6 3.233650662E-05 -3.233650662E-05
258.8 4.53086164E-05 -3.236329743E-05
259 5.182421227E-05 1.861174507E-20
259.2 5.835062241E-05 -3.241701245E-05
259.4 7.137666113E-05 -6.488787375E-05
259.6 7.793017456E-05 -6.494181214E-05
259.8 9.099417637E-05 -6.499584027E-05
260 0.0001040799334 -3.252497918E-05
260.2 0.0001106770833 -5.410428492E-20
260.4 0.0001107693912 -3.759013061E-20
260.6 0.0001173831386 -1.793357697E-20
260.8 0.0001240079365 -3.26336675E-05
261 0.0001306438127 -5.837194099E-21
261.2 0.0001307531381 1.634414226E-05
261.4 0.0001308626466 -3.271566164E-05
261.6 0.0001244237217 -1.637154233E-05
261.8 0.0001179739933 -1.638527685E-05
262 0.0001115134341 -8.624180829E-21
262.2 9.847689076E-05 6.56512605E-05
262.4 8.541841884E-05 8.213309504E-05
262.6 7.233796296E-05 4.932133838E-05
262.8 5.923546757E-05 3.290859309E-05
263 5.928541315E-05 1.646817032E-05
263.2 5.274261603E-05 1.648206751E-05
263.4 4.618876689E-05 1.649598818E-05
263.6 3.96238377E-05 4.952979713E-05
263.8 2.643824027E-05 3.304780034E-05
264 2.646062659E-05 -3.307578323E-05
264.2 1.986228814E-05 -1.301368014E-20
264.4 1.325275657E-05 3.313189143E-05
264.6 6.632003396E-06 6.632003396E-05
264.8 0 4.978228547E-05
265 0 1.660820578E-05
265.2 0 3.324468085E-05
265.4 0 4.990949744E-05
265.6 0 3.330136402E-05
265.8 0 -1.666488908E-05
266 6.671648164E-06 -3.335824082E-05
266.2 1.335470085E-05 1.669337607E-05
266.4 1.336612489E-05 3.341531223E-05
266.6 1.337756849E-05 3.344392123E-05
266.8 2.008354756E-05 8.368144816E-05
267 2.010077187E-05 6.70025729E-05
267.2 2.682403433E-05 1.676502146E-05
267.4 3.35588488E-05 8.697569436E-21
267.6 4.030524506E-05 -1.679385211E-05
267.8 4.033993115E-05 -1.680830465E-05
268 4.0374677E-05 1.682278208E-05
268.2 4.040948276E-05 1.683728448E-05
268.4 4.044434858E-05 -3.370362381E-05
268.6 4.047927461E-05 -5.059909326E-05
268.8 4.051426102E-05 -3.376188418E-05
269 4.054930796E-05 -1.45072109E-20
269.2 4.058441558E-05 1.691017316E-05
269.4 4.061958406E-05 -2.924467668E-20
269.6 4.065481353E-05 -3.20427496E-20
269.8 4.069010417E-05 -1.695421007E-05
270 4.072545613E-05 3.39378801E-05
270.2 4.076086957E-05 8.491847826E-05
270.4 4.079634465E-05 1.699847694E-05
270.6 4.083188153E-05 -1.701328397E-05
270.8 4.086748038E-05 5.108435048E-05
271 3.408595113E-05 5.11289267E-05
271.2 2.729257642E-05 1.705786026E-05
271.4 2.731643357E-05 5.121831294E-05
271.6 2.734033246E-05 1.708770779E-05
271.8 2.05232049E-05 3.420534151E-05
272 2.054119194E-05 6.847063979E-05
272.2 1.370614035E-05 5.139802632E-05
272.4 6.859086918E-06 1.71477173E-05
272.6 0 -3.432557118E-05
272.8 6.871152155E-06 1.717788039E-05
273 6.877200704E-06 0.0001031580106
273.2 6.883259912E-06 8.60407489E-05
273.4 6.889329806E-06 6.889329806E-05
273.6 6.895410415E-06 5.171557811E-05
273.8 6.901501767E-06 -1.190894495E-20
274 6.90760389E-06 2.109099984E-20
274.2 6.913716814E-06 5.185287611E-05
274.4 6.919840567E-06 3.459920283E-05
274.6 6.925975177E-06 6.534159676E-21
274.8 6.932120674E-06 3.466060337E-05
275 6.938277087E-06 5.203707815E-05
275.2 6.944444444E-06 6.944444444E-05
275.4 6.950622776E-06 8.68827847E-05
275.6 0 6.95681211E-05
275.8 0 -3.481506239E-05
276 0 -3.484611954E-05
276.2 6.975446429E-06 -1.743861607E-05
276.4 6.981680071E-06 -5.236260054E-05
276.6 6.987924866E-06 -1.746981216E-05
276.8 6.994180842E-06 -1.74854521E-05
277 7.000448029E-06 -1.750112007E-05
277.2 7.006726457E-06 1.751681614E-05
277.4 7.013016158E-06 1.753254039E-05
277.6 7.019317161E-06 5.264487871E-05
277.8 7.025629496E-06 5.269222122E-05
278 7.031953195E-06 1.757988299E-05
278.2 7.038288288E-06 3.519144144E-05
278.4 7.044634806E-06 3.522317403E-05
278.6 7.05099278E-06 -3.52549639E-05
278.8 1.411472448E-05 -3.52868112E-05
279 7.063743219E-06 -2.093209193E-20
279.2 7.070135747E-06 -3.535067873E-05
279.4 1.415307971E-05 -4.850751125E-22
279.6 1.416591115E-05 -3.541477788E-05
279.8 1.417876588E-05 -7.08938294E-05
280 1.419164396E-05 -1.773955495E-05
280.2 1.420454545E-05 -3.551136364E-05
280.4 1.421747043E-05 -3.554367607E-05
280.6 1.423041894E-05 5.977676049E-20
280.8 1.424339107E-05 1.780423883E-05
281 1.425638686E-05 1.782048358E-05
281.2 1.426940639E-05 -5.351027397E-05
281.4 1.428244973E-05 1.785306216E-05
281.6 1.429551693E-05 8.934698079E-05
281.8 1.430860806E-05 3.577152015E-05
282 1.432172319E-05 3.580430797E-05
282.2 1.433486239E-05 3.583715596E-05
282.4 1.434802571E-05 -3.587006428E-05
282.6 2.154181985E-05 -1.795151654E-05
282.8 2.156163753E-05 8.984015639E-05
283 2.158149171E-05 7.193830571E-05
283.2 2.160138249E-05 7.200460829E-05
283.4 2.162130996E-05 1.80177583E-05
283.6 2.164127424E-05 3.60687904E-05
283.8 1.444085028E-05 0.0001083063771
284 1.445420907E-05 5.4203284E-05
284.2 2.170138889E-05 7.233796296E-05
284.4 2.896200185E-05 5.430375348E-05
284.6 3.623608534E-05 1.18247218E-20
284.8 3.626973073E-05 3.626973073E-05
285 2.904275093E-05 -1.133925802E-20
285.2 2.180232558E-05 1.816860465E-05
285.4 1.454841713E-05 5.455656425E-05
285.6 1.456197577E-05 3.640493942E-05
285.8 1.45755597E-05 3.643889925E-05
286 1.4589169E-05 5.470938375E-05
286.2 7.301401869E-06 5.476051402E-05
286.4 0 3.654115996E-05
286.6 0 1.828768727E-05
286.8 0 -3.660965323E-05
287 0 -3.664399625E-05
287.2 0 -9.734852634E-21
287.4 0 5.506931391E-05
287.6 0 7.349482596E-05
287.8 7.356403013E-06 -1.839100753E-05
288 1.472667295E-05 -5.522502356E-05
288.2 2.211084906E-05 -3.685141509E-05
288.4 2.213172805E-05 -1.699949549E-20
288.6 2.21526465E-05 -1.846053875E-05
288.8 2.217360454E-05 -1.847800378E-05
289 2.219460227E-05 3.699100379E-05
289.2 2.221563981E-05 3.702606635E-05
289.4 2.223671727E-05 3.706119545E-05
289.6 2.225783476E-05 5.564458689E-05
289.8 2.22789924E-05 4.358458166E-20
290 2.230019029E-05 -3.716698382E-05
290.2 2.232142857E-05 5.023260239E-20
290.4 2.234270734E-05 3.723784557E-05
290.6 2.236402672E-05 1.863668893E-05
290.8 2.238538682E-05 5.596346705E-05
291 2.240678776E-05 5.601696941E-05
291.2 2.242822967E-05 -3.738038278E-05
291.4 2.244971264E-05 -3.063680753E-20
291.6 2.247123682E-05 1.630458347E-21
291.8 2.24928023E-05 1.874400192E-05
292 2.251440922E-05 -3.752401537E-05
292.2 1.502403846E-05 -5.634014423E-05
292.4 7.519249278E-06 -1.87981232E-05
292.6 0 -5.644869942E-05
292.8 0 -3.766875603E-05
293 7.541023166E-06 1.323504196E-20
293.2 7.548309179E-06 -3.774154589E-05
293.4 7.555609284E-06 -3.777804642E-05
293.6 0 -1.890730881E-05
293.8 0 -5.677688953E-05
294 0 -9.47199321E-05
294.2 0 -0.0001137742718
294.4 0 -9.490403304E-05
294.6 0 -5.699781128E-05
294.8 0 -5.705331061E-05
295 0 -7.614522417E-05
295.2 0 -3.81097561E-05
295.4 0 2.368824162E-20
295.6 0 9.915487126E-22
295.8 0 -3.822162427E-05
296 0 -5.738858962E-05
296.2 0 -3.829656863E-05
296.4 0 -1.916707556E-05
296.6 0 -3.837180747E-05
296.8 0 -5.761430678E-05
297 0 -5.767101378E-05
297.2 0 -5.772783251E-05
297.4 0 -9.630793886E-05
297.6 0 -9.640301086E-05
297.8 0 -0.0001350975791
298 0 -0.0001545499505
298.2 0 -7.735148515E-05
298.4 0 -5.807111001E-05
298.6 0 -7.750496032E-05
298.8 0 -5.818644489E-05
299 0 -3.882952286E-05
299.2 0 -5.830223881E-05
299.4 0 -9.726718127E-05
299.6 0 -5.841849452E-05
299.8 0 7.323236001E-21
300 0 -3.902347652E-05
300.2 0 -7.8125E-05
300.4 0 -3.91016016E-05
300.6 0 -1.957039078E-05
300.8 0 -1.959002006E-05
301 0 -3.921937751E-05
301.2 0 -7.851758794E-05
301.4 0 -5.894743461E-05
301.6 0 -5.264553691E-20
301.8 0 3.937752016E-05
302 0 3.94172553E-05
302.2 0 -2.48376113E-20
302.4 0 -3.949696663E-05
302.6 0 -3.953694332E-05
302.8 0 -3.957700101E-05
303 0 5.538696177E-21
303.2 0 -1.98286802E-05
303.4 0 -5.95464939E-05
303.6 0 1.038362251E-20
303.8 0 1.988925662E-05
304 0 8.848004107E-21
304.2 0 1.992984694E-05
304.4 0 5.985061287E-05
304.6 0 1.997060327E-05
304.8 0 -1.999104401E-05
305 0 -1.651240817E-20
305.2 0 2.003205128E-05
305.4 0 4.010523614E-05
305.6 0 0.0001003661357
305.8 0 0.000100469393
306 0 4.022914521E-05
306.2 0 6.040592784E-05
306.4 0 6.046826625E-05
306.6 0 4.035382231E-05
306.8 0 2.019777663E-05
307 0 -8.260713029E-20
307.2 0 -4.708341354E-20
307.4 0 2.026063278E-05
307.6 0 6.006914724E-22
307.8 0 -4.060550936E-05
308 0 -2.032388137E-05
308.2 0 5.997157497E-20
308.4 0 3.725454627E-20
308.6 0 -6.116257829E-05
308.8 0 -6.122648903E-05
309 0 3.585071662E-20
309.2 0 -4.090314136E-05
309.4 0 -4.094601677E-05
309.6 0 -2.049449108E-05
309.8 0 -4.103203782E-05
310 0 -2.053759201E-05
310.2 0 -2.055921053E-05
310.4 0 -2.05808746E-05
310.6 0 2.060258439E-05
310.8 0 -2.75707464E-20
311 0 -2.064614165E-05
311.2 0 -2.833143214E-20
311.4 0 4.754283617E-21
311.6 0 2.071182397E-05
311.8 0 4.146762208E-05
312 0 1.2535471E-20
312.2 0 -2.077792553E-05
312.4 0 -2.672820452E-20
312.6 0 -7.039825323E-21
312.8 0 -2.084445037E-05
313 0 -4.173344017E-05
313.2 0 -6.26671123E-05
313.4 0 -6.273420771E-05
313.6 0 -4.18676313E-05
313.8 0 -4.191255365E-05
314 0 -6.293635875E-05
314.2 0 -4.200268817E-05
314.4 0 -2.328829203E-21
314.6 0 -4.209321121E-05
314.8 0 -2.10693096E-05
315 0 -2.109206263E-05
315.2 0 -6.334459459E-05
315.4 0 -4.22754329E-05
315.6 0 -6.348185265E-05
315.8 0 -6.355070499E-05
316 0 -2.120656895E-05
316.2 0 -3.425156803E-20
316.4 0 2.125902275E-20
316.6 0 -1.106654296E-21
316.8 0 -2.658621283E-20
317 0 2.132232533E-05
317.2 0 4.269125683E-05
317.4 0 -5.013800913E-20
317.6 0 -4.278477547E-05
317.8 0 3.685742562E-21
318 0 6.431805708E-05
318.2 0 0.0001073145604
318.4 0 6.445957096E-05
318.6 0 2.151018722E-05
318.8 0 4.306780595E-05
319 0 2.155767108E-05
319.2 0 -1.275392582E-20
319.4 0 -2.160536504E-05
319.6 0 -2.162929125E-05
319.8 0 -2.165327051E-05
320 0 -3.819818705E-20
320.2 0 2.170138889E-05
320.4 0 2.172552836E-05
320.6 0 2.17497216E-05
320.8 0 -3.338698714E-20
321 0 -2.179827009E-05
321.2 0 -8.729050279E-05
321.4 0 -0.0001529292506
321.6 0 -8.748600224E-05
321.8 0 2.189602018E-05
322 0 1.49654588E-20
322.2 0 2.315835883E-20
322.4 0 4.393982002E-05
322.6 0 6.59839527E-05
322.8 0 6.605834273E-05
323 0 2.204430023E-05
323.2 0 -1.921525384E-20
323.4 0 -2.209417421E-05
323.6 0 2.211919592E-05
323.8 0 6.643282313E-05
324 0 1.887241443E-20
324.2 0 -2.219460227E-05
324.4 0 4.443970421E-05
324.6 0 8.898063781E-05
324.8 0 6.681157355E-05
325 0 -6.688784247E-05
325.2 0 -4.464285714E-05
325.4 0 8.938787185E-05
325.6 0 -4.725259147E-21
325.8 0 2.239822248E-05
326 0 0.000179391504
326.2 0 0.0001571479885
326.4 0 6.742663982E-05
326.6 0 4.500288018E-05
326.8 0 -2.252739331E-05
327 0 -6.76602194E-05
327.2 0 -4.99335E-21
327.4 0 4.521122685E-05
327.6 0 2.263180765E-05
327.8 0 -2.265806265E-05
328 0 -1.425551893E-20
328.2 0 -3.485905841E-20
328.4 0 -4.547438882E-05
328.6 0 -2.276369464E-05
328.8 0 2.279025671E-05
329 0 2.183447683E-20
329.2 9.137426901E-06 -4.56871345E-05
329.4 1.829625293E-05 -4.574063232E-05
329.6 2.747655334E-05 -4.579425557E-05
329.8 3.667840376E-05 -2.292400235E-05
330 4.590188014E-05 4.590188014E-05
330.2 5.514705882E-05 5.308954373E-21
330.4 6.441401649E-05 -2.300500589E-05
330.6 7.370283019E-05 1.496751503E-21
330.8 8.301357733E-05 0.0001152966352
331 9.23463357E-05 0.0002077792553
331.2 0.0001017011834 6.934171598E-05
331.4 0.0001110781991 2.314129147E-05
331.6 0.0001204774614 6.950622776E-05
331.8 0.0001298990499 2.319625891E-05
332 0.000139343044 -6.9671522E-05
332.2 0.0001395089286 -4.650297619E-05
332.4 0.0001396752086 2.509826179E-20
332.6 0.0001398418854 6.992094272E-05
332.8 0.0001400089606 4.666965352E-05
333 0.0001401764354 -7.00882177E-05
333.2 0.0001403443114 -7.017215569E-05
333.4 0.0001405125899 -2.341876499E-05
333.6 0.0001406812725 -4.68937575E-05
333.8 0.0001408503606 6.745143994E-20
334 0.0001410198556 6.503524642E-21
334.2 0.0001317771084 -7.059487952E-05
334.4 0.0001225120627 -9.424004825E-05
334.6 0.0001132246377 -2.358846618E-05
334.8 0.0001039147521 -2.361698912E-05
335 9.458232446E-05 -9.458232446E-05
335.2 8.522727273E-05 -4.734848485E-05
335.4 7.584951456E-05 -2.37029733E-05
335.6 6.644896719E-05 -7.119532199E-05
335.8 6.652980535E-05 -7.128193431E-05
336 6.661084044E-05 -7.136875761E-05
336.2 6.669207317E-05 -0.0001190929878
336.4 6.677350427E-05 -4.76953602E-05
336.6 6.685513447E-05 7.163050122E-05
336.8 7.6499388E-05 7.171817625E-05
337 7.659313725E-05 2.393535539E-05
337.2 7.668711656E-05 2.396472393E-05
337.4 7.678132678E-05 4.798832924E-05
337.6 7.687576876E-05 7.207103321E-05
337.8 6.734913793E-05 4.810652709E-05
338 5.779901356E-05 6.313901052E-21
338.2 4.822530864E-05 -2.411265432E-05
338.4 3.862793572E-05 -2.414245983E-05
338.6 2.900680693E-05 7.251701733E-05
338.8 1.936183395E-05 0.0001452137546
339 9.69292804E-06 7.26969603E-05
339.2 9.704968944E-06 4.852484472E-05
339.4 9.717039801E-06 7.287779851E-05
339.6 9.729140722E-06 9.729140722E-05
339.8 9.74127182E-06 -5.15713673E-20
340 1.950686642E-05 -2.438358302E-05
340.2 2.9296875E-05 2.44140625E-05
340.4 3.911138924E-05 4.888923655E-05
340.6 4.895050125E-05 4.895050125E-05
340.8 5.881430364E-05 2.450595985E-05
341 6.870288945E-05 5.095033728E-20
341.2 7.86163522E-05 4.913522013E-05
341.4 8.855478589E-05 9.839420655E-05
341.6 9.851828499E-05 7.388871375E-05
341.8 0.0001085069444 7.398200758E-05
342 0.0001185208597 9.876738306E-05
342.2 0.0001285601266 9.889240506E-05
342.4 0.0001386248416 1.043740275E-20
342.6 0.0001487151015 -2.478585025E-05
342.8 0.0001588310038 7.445203304E-05
343 0.0001689726463 7.454675573E-05
343.2 0.0001791401274 2.488057325E-05
343.4 0.0001893335459 9.802223489E-20
343.6 0.0001995530013 -2.628242017E-20
343.8 0.0002197890026 4.995204604E-05
344 0.0002400768246 5.001600512E-05
344.2 0.0002604166667 -5.008012821E-05
344.4 0.0002808087291 -0.0001002888318
344.6 0.0003012532134 -5.020886889E-05
344.8 0.0003116956242 3.397685412E-20
345 0.0003221649485 2.51691366E-05
345.2 0.0003225806452 2.52016129E-05
345.4 0.000322997416 5.046834625E-05
345.6 0.0003234152652 0.0001010672704
345.8 0.0003238341969 0.0001517972798
346 0.0003242542153 7.599708171E-05
346.2 0.0003246753247 -2.536525974E-05
346.4 0.0003250975293 -2.539824447E-05
346.6 0.0003255208333 -7.629394531E-05
346.8 0.00033613103 -7.639341591E-05
347 0.0003365698433 -1.972497482E-21
347.2 0.0003267973856 -2.553104575E-05
347.4 0.0003272251309 5.11289267E-05
347.6 0.0003276539974 2.559796855E-05
347.8 0.0003280839895 -0.0001025262467
348 0.0003285151117 -2.56652431E-05
348.2 0.0003289473684 2.569901316E-05
348.4 0.0003293807642 -2.57328722E-05
348.6 0.0003298153034 -4.985181962E-20
348.8 0.0003405713342 2.580085865E-05
349 0.0003306878307 -2.583498677E-05
349.2 0.0003518211921 -2.58692053E-05
349.4 0.0003626492042 2.590351459E-05
349.6 0.0003838811421 2.593791501E-05
349.8 0.0004051695479 5.194481383E-05
350 0.0004161118509 7.802097204E-05
350.2 0.0004375 7.8125E-05
350.4 0.0004693758344 0.0001303821762
350.6 0.0004700033422 7.833389037E-05
350.8 0.0004810910308 6.551565871E-20
351 0.0004817359249 5.236260054E-05
351.2 0.0004823825503 -2.352493841E-20
351.4 0.0004725302419 -2.625168011E-05
351.6 0.0004521366083 5.257402423E-05
351.8 0.0004422169811 -2.632243935E-05
352 0.0004428137652 -5.271592443E-05
352.2 0.0004434121622 0.0001319679054
352.4 0.0004545838972 0.0001585757781
352.6 0.0004446138211 0.0001058604336
352.8 0.0004452170963 0.0001060040706
353 0.0004458220109 0.0001061480978
353.2 0.000425170068 0.0001328656463
353.4 0.0004044618529 2.660933243E-05
353.6 0.0003623806276 0.0001332281719
353.8 0.0003308572404 0.0001867742486
354 0.000320622435 8.015560876E-05
354.2 0.0002996575342 8.026541096E-05
354.4 0.0002893518519 5.358367627E-05
354.6 0.0002682864011 -7.339481592E-20
354.8 0.0002686554333 -5.373108666E-05
355 0.0002582644628 1.596009638E-20
355.2 0.0002262931034 -4.302992037E-22
355.4 0.0002050241713 2.697686464E-05
355.6 0.0001728907331 -4.993570437E-20
355.8 0.0001514889197 -0.0001082063712
356 0.0001408633842 -5.417822469E-05
356.2 0.0001410590278 -2.712673611E-05
356.4 0.0001412552156 -8.14933936E-05
356.6 0.0001523328691 -0.0001088091922
356.8 0.0001634414226 -0.0001089609484
357 0.0001854923184 -8.183484637E-05
357.2 0.0002076048951 -8.19493007E-05
357.4 0.0002297794118 -0.0001367734594
357.6 0.000252016129 -5.478611501E-05
357.8 0.000274315309 2.74315309E-05
358 0.0002747011252 -0.0001098804501
358.2 0.0002970950704 -8.252640845E-05
358.4 0.0002975141044 4.99567619E-20
358.6 0.0002868997175 -2.75865113E-05
358.8 0.0003204561528 4.492177301E-20
359 0.0003430417847 -5.532932011E-05
359.2 0.0003767730496 -2.770390071E-05
359.4 0.000410600142 2.774325284E-05
359.6 0.0004222972973 -8.334815078E-05
359.8 0.0004228988604 -8.346688034E-05
360 0.000434646933 2.786198288E-05
360.2 0.0004464285714 -2.23843628E-21
360.4 0.0004694206009 4.417013932E-20
360.6 0.0004812858166 5.596346705E-05
360.8 0.0004931850789 -2.802187948E-05
361 0.0005051185345 -5.612428161E-05
361.2 0.0005058453237 -5.620503597E-05
361.4 0.0005065742075 -5.628602305E-05
361.6 0.0005073051948 -4.562718943E-21
361.8 0.0004967485549 -5.644869942E-05
362 0.0004748552822 -0.0001978563676
362.2 0.0004528985507 -0.0001981431159
362.4 0.0004308780842 -8.504172714E-05
362.6 0.0004087936047 -8.51653343E-05
362.8 0.0003980167394 -5.685953421E-05
363 0.0003644314869 -8.541362974E-05
363.2 0.0003535583942 -5.702554745E-05
363.4 0.0003426535088 -5.710891813E-05
363.6 0.0003317166911 -5.719253294E-05
363.8 0.000309292522 5.727639296E-05
364 0.0002868024963 -1.104641305E-19
364.2 0.0002872242647 5.744485294E-05
364.4 0.0002876472754 0.0001438236377
364.6 0.0002880715339 2.880715339E-05
364.8 0.0002884970458 -2.884970458E-05
365 0.0002773668639 5.778476331E-05
365.2 0.0002546296296 2.893518519E-05
365.4 0.0002550074184 2.755297214E-20
365.6 0.0002321693908 -2.902117385E-05
365.8 0.000232514881 -2.906436012E-05
366 0.0002212183308 2.910767511E-05
366.2 0.0002098880597 2.91511194E-05
366.4 0.0002102017937 2.919469357E-05
366.6 0.0001988211078 8.771519461E-05
366.8 0.0001874062969 -4.158664101E-20
367 0.0001759572072 -0.0001173048048
367.2 0.0001527255639 -2.937030075E-05
367.4 0.000141189759 -0.0001176581325
367.6 0.0001414027149 -0.0001767533937
367.8 0.0001298149547 -2.950339879E-05
368 0.0001063729198 -2.954803328E-05
368.2 9.46969697E-05 -0.0001479640152
368.4 8.298558422E-05 -0.0001185508346
368.6 7.123860182E-05 -5.936550152E-05
368.8 5.945585997E-05 -2.972792998E-05
369 4.763719512E-05 -5.95464939E-05
369.2 4.770992366E-05 -2.981870229E-05
369.4 2.389143731E-05 5.651119376E-21
369.6 1.196401225E-05 -5.982006126E-05
369.8 0 -2.995590491E-05
370 0 -3.000192012E-05
370.2 0 -6.009615385E-05
370.4 0 -9.028312789E-05
370.6 0 -0.0001205632716
370.8 0 -0.0001207496136
371 0 -3.023413313E-05
371.2 0 6.05620155E-05
371.4 0 9.552308345E-20
371.6 0 0.0001822511664
371.8 0 0.0002129575545
372 1.218798752E-05 3.04699688E-05
372.2 1.220703125E-05 9.155273438E-05
372.4 0 6.113067293E-05
372.6 0 3.061324451E-05
372.8 0 3.066130298E-05
373 0 -3.070951258E-05
373.2 0 -9.227362205E-05
373.4 0 -0.0001540319401
373.6 0 -0.0001851303318
373.8 0 -0.0001854232595
374 1.238114105E-05 -0.0002166699683
374.2 1.240079365E-05 -0.0001860119048
374.4 0 -3.105127186E-05
374.6 0 -9.330214968E-05
374.8 0 -0.0001246012759
375 0 3.120007987E-05
375.2 0 -3.125E-05
375.4 0 -9.390024038E-05
375.6 1.254012841E-05 1.369099888E-19
375.8 1.256028939E-05 -3.140072347E-05
376 1.25805153E-05 -3.145128824E-05
376.2 0 6.300403226E-05
376.4 0 3.155290792E-05
376.6 0 -1.557104685E-20
376.8 0 6.331037277E-05
377 0 6.341314935E-05
377.2 0 3.175813008E-05
377.4 0 6.361970684E-05
377.6 0 2.578259807E-20
377.8 0 -3.191380719E-05
378 0 -3.196603928E-05
378.2 0 3.201844262E-05
378.4 0 0.0001603550903
378.6 0 0.0001284950658
378.8 0 3.217668863E-05
379 0 -6.445957096E-05
379.2 0 -9.684917355E-05
379.4 0 -9.700951987E-05
379.6 0 -9.717039801E-05
379.8 0 -6.488787375E-05
380 0 -3.249792013E-05
380.2 0 3.255208333E-05
380.4 0 -1.255219062E-19
380.6 0 -6.532190635E-05
380.8 0 -3.271566164E-05
381 0 1.445675474E-20
381.2 0 -3.949682757E-20
381.4 0 -3.288089226E-05
381.6 0 -3.293634064E-05
381.8 0 -1.304898879E-21
382 0 -7.493047681E-20
382.2 0 -7.612350226E-20
382.4 0 -3.644574246E-20
382.6 0 3.925760172E-20
382.8 0 1.523013755E-21
383 0 -1.08057723E-20
383.2 0 6.677350427E-05
383.4 0 0.0001003317637
383.6 0 3.350128645E-05
383.8 0 5.645410484E-20
384 0 4.113985727E-20
384.2 0 1.962652358E-20
384.4 0 -3.373272884E-05
384.6 0 -0.0001013732699
384.8 0 -6.769930676E-05
385 0 6.781684028E-05
385.2 0 6.793478261E-05
385.4 0 6.805313589E-05
385.6 0 3.408595113E-05
385.8 0 -6.829108392E-05
386 0 -6.841068301E-05
386.2 0 -6.853070175E-05
386.4 0 -3.432557118E-05
386.6 0 -5.31103409E-20
386.8 0 3.444664903E-05
387 0 -5.251449362E-20
387.2 0 -6.913716814E-05
387.4 0 -3.462987589E-05
387.6 0 -6.72632294E-20
387.8 0 -2.15049417E-20
388 0 1.629000723E-20
388.2 0 -7.749608004E-20
388.4 0 -5.545368739E-20
388.6 0 -1.009279135E-20
388.8 0 3.451359757E-20
389 0 -3.512814748E-05
389.2 0 -3.519144144E-05
389.4 0 3.52549639E-05
389.6 0 7.063743219E-05
389.8 0 7.076539855E-05
390 0 3.54469147E-05
390.2 0 3.551136364E-05
390.4 0 7.115209472E-05
390.6 0 7.128193431E-05
390.8 0 7.141224863E-05
391 0 3.577152015E-05
391.2 0 3.583715596E-05
391.4 0 7.180606618E-05
391.6 0 0.0001438766114
391.8 0 0.0001081065498
392 0 0.0001083063771
392.2 0 0.0001085069444
392.4 0 3.623608534E-05
392.6 0 7.260687732E-05
392.8 0 0.0001091131285
393 0 7.287779851E-05
393.2 0 0.000109521028
393.4 0 0.0001463014981
393.6 0 7.32879925E-05
393.8 0 1.681718189E-20
394 0 7.376954593E-20
394.2 0 7.370283019E-05
394.4 0 7.384215501E-05
394.6 0 3.749093487E-20
394.8 0 3.706119545E-05
395 0 3.713165399E-05
395.2 0 2.147166125E-21
395.4 0 7.454675573E-05
395.6 0 3.734464627E-05
395.8 0 3.741618774E-05
396 0 3.748800384E-05
396.2 0 0.0001126802885
396.4 0 7.526493256E-05
396.6 0 -3.770511583E-05
396.8 0 1.65272335E-19
397 0 -7.570251938E-05
397.2 0 -7.584951456E-05
397.4 0 -3.799854086E-05
397.6 0 -0.0001142178363
397.8 0 -0.000114440918
398 0 -7.644324853E-05
398.2 0 -7.659313725E-05
398.4 0 -3.837180747E-05
398.6 0 -7.689468504E-05
398.8 0 -3.852317554E-05
399 0 3.85993083E-05
399.2 0 9.345829203E-20
399.4 0 -3.875248016E-05
399.6 0 -3.882952286E-05
399.8 0 -3.890687251E-05
400 0 -7.796906188E-05
400.2 0 -7.8125E-05
400.4 0 -0.0001174223447
400.6 0 -7.843875502E-05
400.8 0 8.449248604E-20
401 0 7.875504032E-05
401.2 0 7.891414141E-05
401.4 0 3.953694332E-05
401.6 0 3.961713996E-05
401.8 0 1.385646692E-19
402 0 -3.977851324E-05
402.2 0 -0.0001195790816
402.4 0 -0.0001198236196
402.6 0 -2.349144497E-20
402.8 0 8.021047228E-05
403 0 0.0001205632716
403.2 0 8.054123711E-05
403.4 0 -1.159342402E-19
403.6 0 4.04373706E-05
403.8 0 4.052126556E-05
404 0 4.060550936E-05
404.2 0 8.138020833E-05
404.4 0 4.077505219E-05
404.6 0 4.086035565E-05
404.8 0 3.434917828E-20
405 0 -4.667711362E-20
405.2 0 8.223684211E-05
405.4 0 8.241033755E-05
405.6 0 4.12922833E-05
405.8 0 -9.34513571E-20
406 0 -4.146762208E-05
406.2 0 -8.311170213E-05
406.4 0 -0.0001249333689
406.6 0 -0.0001252003205
406.8 0 -0.0001254684154
407 0 -4.191255365E-05
407.2 0 8.400537634E-05
407.4 0 4.209321121E-05
407.6 0 -0.0001265523758
407.8 0 -0.0001691017316
408 0 4.236713666E-05
408.2 0 8.491847826E-05
408.4 0 -8.67006796E-20
408.6 0 4.264465066E-05
408.8 0 8.547592998E-05
409 0 8.566337719E-05
409.2 0 4.292582418E-05
409.4 0 -8.60407489E-05
409.6 0 -0.0001293460265
409.8 0 -4.321073009E-05
410 0 -4.330654102E-05
410.2 0 -4.340277778E-05
410.4 0 5.288932531E-20
410.6 0 -4.359654018E-05
410.8 0 4.369407159E-05
411 0 9.52125046E-20
411.2 0 -8.778089888E-05
411.4 0 -4.39893018E-05
411.6 0 -4.408860045E-05
411.8 0 -4.418834842E-05
412 0 -8.857709751E-05
412.2 1.775568182E-05 -0.0001775568182
412.4 3.559225513E-05 -0.0002224515945
412.6 5.351027397E-05 -0.0001337756849
412.8 5.363272311E-05 -4.469393593E-05
413 5.375573394E-05 -0.0001343893349
413.2 7.183908046E-05 -0.0001795977011
413.4 7.200460829E-05 -9.000576037E-05
413.6 9.021362587E-05 -9.021362587E-05
413.8 9.04224537E-05 9.056115242E-20
414 7.250580046E-05 -2.28047538E-20
414.2 7.26744186E-05 -4.542151163E-05
414.4 7.284382284E-05 2.436228187E-20
414.6 9.126752336E-05 2.043063759E-20
414.8 9.148126464E-05 4.574063232E-05
415 7.335680751E-05 -4.584800469E-05
415.2 9.191176471E-05 -4.595588235E-05
415.4 7.370283019E-05 -2.133012294E-20
415.6 9.23463357E-05 -4.617316785E-05
415.8 9.256516588E-05 -5.073747587E-22
416 9.278503563E-05 2.691384516E-20
416.2 9.300595238E-05 4.650297619E-05
416.4 9.322792363E-05 0.0001398418854
416.6 9.345095694E-05 9.345095694E-05
416.8 9.367505995E-05 -4.683752998E-05
417 9.390024038E-05 -4.695012019E-05
417.2 9.412650602E-05 3.964981416E-20
417.4 9.435386473E-05 4.717693237E-05
417.6 9.458232446E-05 9.458232446E-05
417.8 7.584951456E-05 -9.48118932E-05
418 5.702554745E-05 -0.0001425638686
418.2 3.81097561E-05 4.763719512E-05
418.4 3.820293399E-05 -4.775366748E-05
418.6 3.829656863E-05 4.787071078E-05
418.8 1.91953317E-05 2.782282208E-20
419 1.924261084E-05 -4.810652709E-05
419.2 0 9.645061728E-05
419.4 0 6.613726085E-21
419.6 0 9.69292804E-05
419.8 0 4.8585199E-05
420 0 -4.87063591E-05
420.2 0 -9.765625E-05
420.4 0 -9.790100251E-05
420.6 0 4.907349246E-05
420.8 0 5.452093052E-21
421 0 4.932133838E-05
421.2 0 4.944620253E-05
421.4 0 -9.914340102E-05
421.6 0 -4.969783715E-05
421.8 0 4.982461735E-05
422 0 4.995204604E-05
422.2 0 9.431082191E-20
422.4 0 5.099156758E-20
422.6 0 0.0001006765464
422.8 0 -5.046834625E-05
423 0 -0.0001011981865
423.2 0 -5.073051948E-05
423.4 0 2.910183366E-20
423.6 0 -1.101879092E-19
423.8 0 -5.11289267E-05
424 0 0.0001025262467
424.2 0 -5.139802632E-05
424.4 0 -5.153364116E-05
424.6 0 4.07467799E-20
424.8 0 2.893459497E-20
425 0 0.0001038896277
425.2 0 1.478537026E-21
425.4 0 -5.222259358E-05
425.6 0 4.441326061E-20
425.8 0 -5.250336022E-05
426 0 5.264487871E-05
426.2 0 5.278716216E-05
426.4 0 -5.29302168E-05
426.6 0 -0.0001061480978
426.8 0 -5.321866485E-05
427 0 5.336407104E-05
427.2 0 4.98481404E-20
427.4 0 1.419733893E-19
427.6 0 1.871879097E-19
427.8 0 6.02071881E-20
428 0 8.317018757E-20
428.2 0 9.337289196E-20
428.4 0 -1.751623637E-20
428.6 0 -5.455656425E-05
428.8 0 -1.843369606E-20
429 0 -5.397264794E-21
429.2 0 -5.501760563E-05
429.4 0 0.0001103460452
429.6 0 0.0001106586402
429.8 0 0.0001109730114
430 0 0.0001669337607
430.2 0 0.0001674107143
430.4 0 0.0002238538682
430.6 0 0.0001122485632
430.8 0 -6.494750897E-20
431 0 7.603244135E-20
431.2 0 -5.557884499E-20
431.4 0 -8.599331206E-22
431.6 0 2.064785621E-20
431.8 0 -1.353306723E-19
432 0 5.867455212E-20
432.2 0 -3.171226947E-20
432.4 0 -1.118742914E-19
432.6 0 -0.0001155695266
432.8 0 -0.0001738686944
433 0 -0.0001162574405
433.2 0 -0.0001166044776
433.4 0 -0.0001169535928
433.6 0 -0.0001173048048
433.8 0 -1.491258139E-19
434 0 3.950002802E-20
434.2 0 -5.918560606E-05
434.4 0 -6.026379127E-20
434.6 0 -1.615145271E-19
434.8 0 5.972859327E-05
435 0 2.566513872E-20
435.2 0 -6.009615385E-05
435.4 0 -6.02816358E-05
435.6 0 -6.046826625E-05
435.8 0 6.06560559E-05
436 0 6.084501558E-05
436.2 0 -1.325239166E-20
436.4 0 -2.989249386E-20
436.6 0 2.213686553E-19
436.8 0 -7.1984431E-20
437 0 -6.180775316E-05
437.2 0 6.200396825E-05
437.4 0 0.0001244028662
437.6 0 -6.845687605E-21
437.8 0 -7.827613929E-20
438 0 -3.224365243E-21
438.2 0 -6.300403226E-05
438.4 0 -6.32079288E-05
438.6 0 -5.425689145E-21
438.8 0 -9.936176429E-20
439 0 -6.382761438E-05
439.2 0 -6.403688525E-05
439.4 0 6.424753289E-05
439.6 0 6.445957096E-05
439.8 0 -6.467301325E-05
440 0 -6.488787375E-05
440.2 0 0.0001302083333
440.4 0 6.532190635E-05
440.6 0 -8.959297777E-20
440.8 0 6.576178451E-05
441 0 -6.59839527E-05
441.2 0 1.507031747E-19
441.4 0 0.0001328656463
441.6 0 0.0001333191126
441.8 0 6.688784247E-05
442 0 6.711769759E-05
442.2 0 6.734913793E-05
442.4 0 6.758217993E-05
442.6 0 0.0001356336806
442.8 0 6.805313589E-05
443 0 -4.902323749E-20
443.2 0 -6.853070175E-05
443.4 0 -6.877200704E-05
443.6 0 6.901501767E-05
443.8 0 4.217787246E-20
444 0 9.60660284E-20
444.2 0 -4.913141346E-20
444.4 0 -7.000448029E-05
444.6 0 7.280192628E-20
444.8 0 -8.146435183E-20
445 0 1.668468078E-19
445.2 0 -5.500132644E-20
445.4 0 -1.175769134E-19
445.6 0 -1.266813905E-19
445.8 0 -1.278421004E-19
446 0 -7.207103321E-05
446.2 0 -0.0001446759259
446.4 0 -0.0001452137546
446.6 0 -0.000145755597
446.8 0 -0.0001463014981
447 0 -0.0001468515038
447.2 0 -7.370283019E-05
447.4 0 -3.579515688E-19
447.6 0 -7.426330798E-05
447.8 0 -7.454675573E-05
448 0 7.483237548E-05
448.2 0 0.0001502403846
448.4 0 0.0001508204633
448.6 0 0.0001514050388
448.8 0 0.0001519941634
449 0 0.0001525878906
449.2 0 0.0001531862745
449.4 0 -1.428166797E-21
449.6 0 -0.0001543972332
449.8 0 -0.0001550099206
450 0 -0.00015562749
450.2 0 -0.00015625
450.4 0 -0.00015687751
450.6 0 -0.0001575100806
450.8 0 -7.907388664E-05
451 0 4.66559026E-21
451.2 0 4.313716188E-20
451.4 0 -8.090242494E-20
451.6 0 8.03755144E-05
451.8 0 0.0001614152893
452 0 -7.179137628E-20
452.2 0 -0.0001627604167
452.4 0 -6.599477624E-21
452.6 0 0.0001641281513
452.8 0 8.241033755E-05
453 0 -1.154884539E-19
453.2 0 -6.239836063E-20
453.4 0 9.749147097E-20
453.6 0 7.354036567E-20
453.8 0 -7.33534122E-20
454 0 4.738543134E-20
454.2 0 8.092764626E-20
454.4 0 -4.005626966E-20
454.6 0 1.73108812E-20
454.8 0 9.348287651E-20
455 0 3.590923071E-19
455.2 0 1.314544854E-19
455.4 0 8.719308036E-05
455.6 0 0.0001751681614
455.8 0 -4.720090115E-20
456 3.535067873E-05 -0.0002651300905
456.2 7.102272727E-05 -8.877840909E-05
456.4 3.567351598E-05 0.0001783675799
456.6 3.583715596E-05 7.035770491E-20
456.8 7.200460829E-05 -0.0001800115207
457 7.233796296E-05 -9.04224537E-05
457.2 3.63372093E-05 -1.348200613E-19
457.4 0 -6.923295073E-20
457.6 3.667840376E-05 0.0001833920188
457.8 7.370283019E-05 0.0001842570755
458 7.40521327E-05 1.713659171E-19
458.2 7.44047619E-05 1.72309049E-19
458.4 7.476076555E-05 9.345095694E-05
458.6 7.512019231E-05 9.390024038E-05
458.8 7.548309179E-05 9.435386473E-05
459 7.584951456E-05 9.48118932E-05
459.2 7.62195122E-05 -1.496519035E-19
459.4 7.659313725E-05 3.817262332E-20
459.6 7.697044335E-05 -7.470630935E-20
459.8 7.735148515E-05 0.0001933787129
460 3.88681592E-05 0.000194340796
460.2 0 -0.0001953125
460.4 0 -0.0001962939698
460.6 0 9.864267677E-05
460.8 0 9.914340102E-05
461 0 -1.922943986E-20
461.2 0 2.797642466E-19
461.4 0 4.798833928E-20
461.6 0 -1.941521535E-19
461.8 0 -2.074241928E-20
462 0 6.040741009E-20
462.2 0 -5.583413596E-20
462.4 0 -9.002778246E-20
462.6 0 -1.657145803E-19
462.8 0 -9.081480213E-20
463 0 -2.359020804E-19
463.2 0 -1.199522928E-19
463.4 0 -3.287368068E-19
463.6 0 -1.121320762E-19
463.8 0 -1.025860674E-20
464 0 -0.0001079074586
464.2 4.340277778E-05 -0.0001085069444
464.4 4.36452514E-05 0.000218226257
464.6 0 0.0002194522472
464.8 4.413841808E-05 -1.375285872E-19
465 4.438920455E-05 -2.625946434E-19
465.2 4.464285714E-05 0.0001116071429
465.4 0 0.0002244971264
465.6 0 0.0002257947977
465.8 4.542151163E-05 0.0002271075581
466 4.56871345E-05 0.0002284356725
466.2 4.595588235E-05 0.0002297794118
466.4 4.622781065E-05 0.0002311390533
466.6 4.650297619E-05 0.0001162574405
466.8 4.678143713E-05 -1.977652001E-19
467 4.706325301E-05 0.0001176581325
467.2 4.734848485E-05 0.0002367424242
467.4 4.763719512E-05 0.0001190929878
467.6 4.792944785E-05 2.10142157E-20
467.8 4.822530864E-05 -0.0001205632716
468 4.852484472E-05 -0.0001213121118
468.2 0 -0.000244140625
468.4 0 -0.0002456761006
468.6 0 -0.0001236155063
468.8 4.97611465E-05 -0.0003732085987
469 0.0001001602564 -0.000250400641
469.2 0.0001008064516 -0.000252016129
469.4 0.0001521915584 -0.0003804788961
469.6 0.000204248366 -0.0002553104575
469.8 0.0002569901316 -0.0002569901316
470 0.000258692053 -0.000258692053
470.2 0.0002604166667 -0.0002604166667
470.4 0.0003145973154 -0.0002621644295
470.6 0.0003695101351 -0.0002639358108
470.8 0.000425170068 -0.0001328656463
471 0.0004280821918 -1.266234252E-19
471.2 0.0004310344828 -0.0001346982759
471.4 0.00048828125 -0.0001356336806
471.6 0.0004916958042 9.399826984E-20
471.8 0.0004951584507 -2.820254856E-19
472 0.0004986702128 -2.084568073E-19
472.2 0.0005580357143 -1.509476024E-19
472.4 0.0006182553957 0.0001405125899
472.6 0.0006227355072 0.0002830615942
472.8 0.0005702554745 0.0001425638686
473 0.0005170036765 -0.0001436121324
473.2 0.000462962963 -0.0001446759259
473.4 0.0004081156716 0.000145755597
473.6 0.000352443609 -5.282387067E-20
473.8 0.0002959280303 4.717849062E-19
474 0.0002385496183 -2.021303105E-19
474.2 0.0001802884615 -0.0001502403846
474.4 0.000121124031 -7.993740108E-20
474.6 6.103515625E-05 -4.751925029E-20
474.8 0 -0.0001537893701
475 0 -0.0001550099206
475.2 0 -4.723946723E-19
475.4 0 -2.816477725E-19
475.6 0 -1.938485861E-19
475.8 0 -8.135675181E-20
476 0 2.039465007E-19
476.2 0 -6.469285145E-20
476.4 0 -1.545072568E-19
476.6 0 1.610659064E-21
476.8 0 -1.914620206E-19
477 0 -1.568559606E-19
477.2 0 3.707708767E-19
477.4 0 -4.022771295E-19
477.6 0 -5.936759135E-19
477.8 0 -2.049830139E-19
478 0 3.301509079E-19
478.2 0 0.0001775568182
478.4 0 0.0003583715596
478.6 0 0.0001808449074
478.8 0 -4.590994312E-19
479 0 -9.337032163E-20
479.2 0 5.45269412E-19
479.4 0 1.575162808E-19
479.6 0 1.139282367E-19
479.8 0 1.322053245E-19
480 0 4.235140402E-19
480.2 0 7.215986976E-19
480.4 0 4.768381151E-19
480.6 0 4.38826023E-20
480.8 0 1.161807021E-19
481 0 2.650014194E-19
481.2 0 5.334659723E-19
481.4 0 3.675461582E-19
481.6 0 -0.0002100134409
481.8 0 -0.0004245923913
482 0 -5.944702444E-20
482.2 0 0.0002170138889
482.4 0 -2.536324755E-19
482.6 0 0.0002219460227
482.8 0 0.0002244971264
483 0 6.847359625E-19
483.2 0 -5.860699262E-20
483.4 0 -3.001086301E-20
483.6 0 1.486009022E-23
483.8 0 -3.770421563E-19
484 0 -4.323598916E-19
484.2 0 4.93183669E-19
484.4 0 -0.0002472310127
484.6 0 -0.000250400641
484.8 0 0.0002536525974
485 0 0.0002569901316
485.2 0 -7.70557479E-19
485.4 0 -9.317682367E-19
485.6 0 -3.285877274E-19
485.8 0 8.220524871E-20
486 0 4.170509135E-19
486.2 0 -3.768161786E-19
486.4 0 -9.015746682E-20
486.6 0 -5.39211155E-19
486.8 0 8.607046713E-20
487 0 4.140773552E-19
487.2 0 7.129358428E-20
487.4 0 -7.868065532E-19
487.6 0 -3.80373351E-20
487.8 0 -0.0003150201613
488 0 -0.0006403688525
488.2 0 -3.937306402E-20
488.4 0 0.0006620762712
488.6 0 0.0003367456897
488.8 0 4.991284665E-20
489 0 -3.972476795E-19
489.2 0 -1.195526908E-18
489.4 0 -1.846123564E-19
489.6 0 -5.78509328E-20
489.8 0 -8.598689007E-19
490 0 -1.157707823E-18
490.2 0 -1.610845575E-18
490.4 0 3.172502446E-19
490.6 0 -1.149998384E-19
490.8 0 1.744622746E-19
491 0 1.744390925E-19
491.2 0 1.79097628E-19
491.4 0 1.045559236E-18
491.6 0 -6.521299298E-19
491.8 0 -6.984676786E-19
492 0 -4.588893786E-19
492.2 0 1.52812175E-20
492.4 0 -2.467334188E-20
492.6 0 3.114422212E-19
492.8 0 1.419463404E-18
493 0 -9.381227872E-19
493.2 0 -1.732107744E-18
493.4 0 -0.0005744485294
493.6 0 -0.001183712121
493.8 0 -0.0006103515625
494 0 -1.841410311E-20
494.2 0 1.353631201E-18
494.4 0 -2.956795981E-19
494.6 0 -1.58910358E-18
494.8 0 5.316241612E-19
495 0 -1.140818809E-18
495.2 0 8.822934636E-19
495.4 0 -4.312057573E-19
495.6 0 7.393134534E-19
495.8 0 -6.874297311E-19
496 0 -1.52385178E-18
496.2 0 -1.256365767E-18
496.4 0 5.142114578E-19
496.6 0 8.539864542E-19
496.8 0 2.327227621E-18
497 0 -3.058780643E-18
497.2 0 1.406395438E-18
497.4 0 1.280668638E-18
497.6 0 3.697660868E-19
497.8 0 4.720024636E-19
498 0 1.521967239E-18
498.2 0 -4.296337899E-19
498.4 0 -1.636389426E-18
498.6 0 1.577672025E-18
498.8 0 3.305142058E-18
499 0 5.119047832E-18
499.2 0 3.093649223E-18
499.4 0 -5.615767335E-18
499.6 0 -5.423936531E-18
499.8 0 -1.419903935E-17
500 0 -2.292114837E-17
