0 0.007243977409 -4.68562575E-05
0.2 0.006403125 0.00146875
0.4 0.005980517207 0.0005080157063
0.6 0.005657651121 0.0004691253002
0.8 0.005353298959 0.0004927788346
1 0.005095653045 0.0003599509215
1.2 0.004853456914 0.000375751503
1.4 0.004629861668 0.0002819266239
1.6 0.004421755917 0.0001410198556
1.8 0.004207213082 0.0001959395064
2 0.004017588318 0.0001332923525
2.2 0.003846636546 5.490712851E-05
2.4 0.00368182503 7.847026918E-05
2.6 0.003535721463 0.0001256028939
2.8 0.003389500402 2.356001206E-05
3 0.003258874698 -2.791188216E-21
3.2 0.003109280684 2.357897384E-05
3.4 0.002972146739 -3.931411031E-05
3.6 0.002838048731 7.079389851E-05
3.8 0.002691252015 0.0001180373691
4 0.002569528416 2.361698912E-05
4.2 0.002466607863 -3.917117526E-20
4.4 0.002357301331 4.727208552E-05
4.6 0.002247906578 6.305488297E-05
4.8 0.002160501615 3.942521195E-05
5 0.002079336632 4.732936187E-05
5.2 0.001985479798 3.156565657E-05
5.4 0.001888389248 5.526222716E-05
5.6 0.001800697533 3.948898099E-05
5.8 0.001725576456 -3.95049555E-05
6 0.001644071226 -3.161675435E-05
6.2 0.001575151822 2.372216599E-05
6.4 0.001509340826 7.119532199E-05
6.6 0.001446642018 3.956898298E-05
6.8 0.001399726388 -3.166801784E-05
7 0.001359108881 -7.920214923E-06
7.2 0.001312119675 1.584685598E-05
7.4 0.001261921672 -7.133979302E-05
7.6 0.001230714576 -9.515834348E-05
7.8 0.001193135662 1.566462777E-20
8 0.001155526209 -7.93630638E-06
8.2 0.001111534553 -7.93953252E-05
8.4 0.001092923953 -3.177104514E-05
8.6 0.001064763019 -3.178397071E-05
8.8 0.001036579162 -7.154304029E-05
9 0.001002010383 -4.771478013E-05
9.2 0.0009833248473 -9.546843177E-05
9.4 0.0009646240831 -8.754839038E-05
9.6 0.0009331685691 -3.981094578E-05
9.8 0.0009080597471 -0.0001035506729
10 0.0008829304366 -8.765554876E-05
10.2 0.0008577806122 -1.594387755E-05
10.4 0.0008326102491 -7.975193957E-05
10.6 0.0008169934641 -0.000119676777
10.8 0.0007949785452 -9.578054761E-05
11 0.0007729456255 -9.581970564E-05
11.2 0.0007700664622 -6.390593047E-05
11.4 0.0007639883388 -3.99575491E-05
11.6 0.0007515094147 -3.197912403E-05
11.8 0.0007294226044 -4.798832924E-05
12 0.0007201198279 -4.800798853E-05
12.2 0.000707607582 -8.004610656E-05
12.4 0.0006854756048 -0.0001201183887
12.6 0.0006601210008 -4.005588597E-05
12.8 0.0006379513746 2.404339352E-05
13 0.0006253848522 -8.017754516E-06
13.2 0.0006128080082 -4.010523614E-05
13.4 0.000606640304 -4.814605588E-05
13.6 0.0006004675298 2.750834365E-20
13.8 0.0005846525493 -1.606188322E-05
14 0.0005656108597 -4.017122583E-05
14.2 0.0005465534979 8.03755144E-06
14.4 0.0005210477563 8.040860436E-06
14.6 0.0004955210049 1.608834432E-05
14.8 0.0004731922126 -3.218994644E-05
15 0.0004540653339 -0.0001046604493
15.2 0.0004413659794 -4.027061856E-05
15.4 0.0004254331683 -1.611489274E-05
15.6 0.0004094872059 -4.482457806E-21
15.8 0.0003967537159 2.419229975E-05
16 0.0003743287898 -8.067430814E-06
16.2 0.0003583419421 1.614152893E-05
16.4 0.0003423418768 8.074100868E-06
16.6 0.0003295595533 -4.84646402E-05
16.8 0.0003264635912 -6.464625569E-05
17 0.0003233650662 -1.616825331E-05
17.2 0.0003105590062 -4.852484472E-05
17.4 0.0003042149959 -6.472659486E-05
17.6 0.0002978657273 -2.428253212E-05
17.8 0.0002947502073 -3.239013267E-05
18 0.0002948724596 -8.100891746E-06
18.2 0.0002885114108 8.104253112E-06
18.4 0.0002853881279 -7.201010693E-21
18.6 0.0002692846761 -8.110984219E-06
18.8 0.000259659327 1.87236852E-20
19 0.0002532730673 -1.623545303E-05
19.2 0.0002403846154 -1.624220374E-05
19.4 0.0002242356489 -2.43734401E-05
19.6 0.0002113243862 -4.876716604E-05
19.8 0.0002049073689 -7.318120316E-05
20 0.0001984850062 -0.0001301541025
20.2 0.0001953125 -0.0001302083333
20.4 0.0001888807837 -6.513130471E-05
20.6 0.0001824437031 -2.443442452E-05
20.8 0.000179260534 -2.444461827E-05
21 0.0001760747078 -8.151606845E-06
21.2 0.0001761482255 -4.893006263E-05
21.4 0.0001729584378 -4.895050125E-05
21.6 0.0001697659841 -1.632365232E-05
21.8 0.0001698369565 -8.165238294E-06
22 0.0001633730657 -8.168653283E-06
22.2 0.0001634414226 -2.451621339E-05
22.4 0.0001536992465 -8.175491838E-06
22.6 0.0001504920436 1.635783082E-05
22.8 0.0001407362798 -1.63646837E-05
23 0.0001375209556 -6.548616932E-05
23.2 0.0001408542977 -2.456761006E-05
23.4 0.000150744547 -8.192638423E-06
23.6 0.0001442509442 -1.639215275E-05
23.8 0.0001377518892 8.199517212E-06
24 0.0001345285594 6.562368753E-05
24.2 0.000128019958 9.027048319E-05
24.4 0.0001346416562 5.746899958E-05
24.6 0.0001478395711 1.642661901E-05
24.8 0.0001511884729 -3.286705932E-05
25 0.0001413878367 1.644044613E-05
25.2 0.0001414473684 5.756578947E-05
25.4 0.000138216091 2.468144482E-05
25.6 0.0001382743363 -3.292246102E-05
25.8 0.0001416262648 -6.587268128E-05
26 0.0001449810207 -8.237557992E-06
26.2 0.0001450421941 -8.241033755E-06
26.4 0.0001451034192 3.297804981E-05
26.6 0.0001418654983 2.474398226E-05
26.8 0.000141925433 -4.950887199E-05
27 0.0001452874049 -3.301986475E-05
27.2 0.0001519556025 8.25845666E-06
27.4 0.0001421055415 8.261950085E-06
27.6 0.0001454718578 -2.184387561E-20
27.8 0.0001455334462 4.961367485E-05
28 0.0001389771283 4.963468869E-05
28.2 0.0001390360169 -8.27595339E-06
28.4 0.0001357831708 1.655892327E-05
28.6 0.0001358407549 4.969783715E-05
28.8 0.000132583793 -1.657297412E-05
29 0.0001359560696 -1.658000849E-05
29.2 0.0001393312102 8.293524416E-06
29.4 0.0001427092184 -1.659409516E-05
29.6 0.0001460900977 -1.660114747E-05
29.8 0.000149473852 -1.660820578E-05
30 0.0001528604849 -6.646108039E-05
30.2 0.0001628989362 -9.142287234E-05
30.4 0.0001696200511 -4.988825032E-05
30.6 0.0001730195911 -3.32729983E-05
30.8 0.0001664358756 -3.328717512E-05
31 0.0001698369565 -8.325341006E-06
31.2 0.0001699093817 2.498667377E-05
31.4 0.0001733148464 2.499733362E-05
31.6 0.0001833920188 -2.500800256E-05
31.8 0.0001868061486 -8.339560205E-06
32 0.0001902231952 -8.415454219E-21
32.2 0.0001936431624 -3.338675214E-05
32.4 0.0001970660539 7.755829127E-21
32.6 0.0001904672797 1.670765612E-05
32.8 0.0001905487805 8.357402653E-06
33 0.000190630351 8.360980308E-06
33.2 0.000187366167 2.509368308E-05
33.4 0.000180751928 4.184072408E-05
33.6 0.0001808294042 2.511519503E-05
33.8 0.0001809069468 2.512596484E-05
34 0.0001776329901 3.351565852E-05
34.2 0.0001710032189 6.73886972E-21
34.4 0.0001643677544 1.677221984E-05
34.6 0.0001577265893 5.03382732E-05
34.8 0.0001510797164 4.196658788E-05
35 0.000151144669 2.519077816E-05
35.2 0.0001478494624 3.360215054E-05
35.4 0.00014455142 3.361660929E-05
35.6 0.0001412505381 8.407770125E-06
35.8 0.0001379468131 4.205695521E-05
36 0.0001346402413 7.573513572E-05
36.2 0.0001279633621 4.209321121E-05
36.4 0.0001212807245 -8.422272531E-06
36.6 0.0001179626833 -1.685181191E-05
36.8 0.0001247572292 -2.528862754E-05
37 0.0001214378238 -1.686636442E-05
37.2 0.0001181155508 -5.062095032E-05
37.4 0.0001181665946 -5.064282627E-05
37.6 0.0001215953307 -8.44412019E-06
37.8 0.0001250270329 -1.689554498E-05
38 0.0001318422761 -8.451427953E-06
38.2 0.000128517316 -3.382034632E-05
38.4 0.000125189476 -7.612873538E-05
38.6 0.0001252437175 -7.61617201E-05
38.8 0.0001286844387 -4.233040746E-05
39 0.0001287402428 -8.469752819E-06
39.2 0.0001287960954 -2.5420282E-05
39.4 0.0001322428385 -5.086263021E-05
39.6 0.0001390848893 -1.696157186E-05
39.8 0.0001459328844 1.696894005E-05
40 0.0001527868318 8.848982426E-21
40.2 0.0001596467391 -1.698369565E-05
40.4 0.0001631143976 -4.24777077E-05
40.6 0.0001733844648 -1.699847694E-05
40.8 0.0001768611232 7.633376506E-21
41 0.0001769381533 -3.402656794E-05
41.2 0.0001736111111 -3.404139434E-05
41.4 0.000177092415 -3.405623365E-05
41.6 0.0001839838639 -5.110662887E-05
41.8 0.0001840641361 -5.965041449E-05
42 0.0001875545613 -3.410082933E-05
42.2 0.0001910480349 -8.528930131E-05
42.4 0.000187718436 -5.119593709E-05
42.6 0.0001809713724 1.152438673E-20
42.8 0.0001810505028 -5.124070835E-05
43 0.0001879647857 -4.271926947E-05
43.2 0.0001983041575 -4.273796499E-05
43.4 0.000205232049 -8.551335377E-05
43.6 0.0002087439772 -6.844064827E-05
43.8 0.0002122589833 -4.279414987E-05
44 0.0002123520386 -4.2812911E-05
44.2 0.0002124451754 -2.569901316E-05
44.4 0.0002159664326 -1.714019307E-05
44.6 0.0002194907814 1.262922202E-20
44.8 0.0002230182257 1.715524813E-05
45 0.0002265487698 4.290696397E-05
45.2 0.0002369505495 3.434065934E-05
45.4 0.0002404903254 2.576682058E-05
45.6 0.000244033216 3.437087549E-05
45.8 0.0002475792254 8.59650088E-06
46 0.0002476882431 1.720057244E-05
46.2 0.0002477973568 2.581222467E-05
46.4 0.0002479065668 7.145314687E-21
46.6 0.0002445712081 8.611662257E-06
46.8 0.0002446790913 3.446184385E-05
47 0.0002413393645 1.723852604E-05
47.2 0.0002414459161 1.724613687E-05
47.4 0.0002415525618 5.176126325E-05
47.6 0.0002382070261 6.90455148E-05
47.8 0.0002383123342 5.180702918E-05
48 0.000234962406 6.046826625E-05
48.2 0.0002350663717 7.777931416E-05
48.4 0.0002317120407 8.645971669E-05
48.6 0.0002283547387 7.784820638E-05
48.8 0.0002249944617 6.057543199E-05
49 0.0002250941933 4.328734486E-05
49.2 0.0002251940133 4.330654102E-05
49.4 0.0002218278616 6.932120674E-05
49.6 0.0002184587217 2.600699068E-05
49.8 0.0002150865897 -8.672846359E-06
50 0.0002117114616 4.338349622E-05
50.2 0.0002152777778 5.208333333E-05
50.4 0.0002257947977 8.684415296E-06
50.6 0.0002293705516 1.737655694E-05
50.8 0.0002294726302 8.692145082E-06
51 0.0002226179875 -8.696015138E-06
51.2 0.0002192371938 -1.739977728E-05
51.4 0.0002158533868 1.740753119E-05
51.6 0.000215949621 3.483058404E-05
51.8 0.0002125613292 2.613458965E-05
52 0.0002091700134 5.229250335E-05
52.2 0.0002057756696 2.615792411E-05
52.4 0.0002023782939 4.361601161E-05
52.6 0.000195487042 5.236260054E-05
52.8 0.000188589629 2.619300402E-05
53 0.0001816860465 6.987924866E-05
53.2 0.0001747762864 7.864932886E-05
53.4 0.0001678603402 6.994180842E-05
53.6 0.0001609381997 5.247984774E-05
53.8 0.0001540098566 4.375280018E-05
54 0.0001470753026 7.003585836E-05
54.2 0.0001366311659 6.13088565E-05
54.4 0.000133187528 6.13363616E-05
54.6 0.0001297407989 7.013016158E-05
54.8 0.0001262909744 2.631061967E-05
55 0.0001158187332 2.632243935E-05
55.2 0.0001053370787 7.02247191E-05
55.4 9.48459982E-05 6.147425809E-05
55.6 9.137426901E-05 4.392993702E-05
55.8 8.789941494E-05 5.273964896E-05
56 8.090387213E-05 2.638169743E-05
56.2 7.742117117E-05 1.759572072E-05
56.4 7.393533123E-05 -1.760365029E-05
56.6 7.044634806E-05 2.641738052E-05
56.8 5.990640505E-05 6.166835814E-05
57 5.288244585E-05 8.813740975E-06
57.2 4.585214447E-05 -8.81772009E-06
57.4 3.881549232E-05 -8.8217028E-06
57.6 3.530275644E-05 1.765137822E-05
57.8 3.178684448E-05 2.648903707E-05
58 2.473428313E-05 2.650101764E-05
58.2 1.767533937E-05 1.767533937E-05
58.4 1.061000453E-05 1.768334088E-05
58.6 7.076539855E-06 4.422837409E-05
58.8 3.539873131E-06 8.849682827E-06
59 7.082955576E-06 -3.541477788E-05
59.2 3.5430839E-06 9.039689671E-21
59.4 7.08938294E-06 8.861728675E-06
59.6 7.092600999E-06 -1.77315025E-05
59.8 3.54791099E-06 -5.321866485E-05
60 3.549522944E-06 -7.986426624E-05
60.2 3.551136364E-06 -3.551136364E-05
60.4 7.105502501E-06 -1.776375625E-05
60.6 7.108735214E-06 8.885919017E-06
60.8 7.111970869E-06 4.444981793E-05
61 7.115209472E-06 8.89401184E-06
61.2 3.559225513E-06 -1.779612756E-05
61.4 3.560847767E-06 -3.560847767E-05
61.6 3.5624715E-06 -7.124943E-05
61.8 3.564096715E-06 -5.346145073E-05
62 3.565723414E-06 -4.457154267E-05
62.2 3.567351598E-06 -7.134703196E-05
62.4 3.56898127E-06 -8.030207857E-05
62.6 3.570612431E-06 -5.355918647E-05
62.8 3.572245085E-06 -5.358367627E-05
63 3.573879231E-06 -8.041228271E-05
63.2 3.575514874E-06 -8.938787185E-05
63.4 7.154304029E-06 -6.260016026E-05
63.6 1.073637197E-05 -6.262883646E-05
63.8 1.432172319E-05 -7.160861595E-05
64 1.791036222E-05 -3.582072444E-05
64.2 1.791857798E-05 -8.959288991E-06
64.4 1.792680128E-05 8.963400642E-06
64.6 1.434802571E-05 -1.548636029E-20
64.8 1.076596233E-05 -2.691490583E-05
65 7.180606618E-06 -6.28303079E-05
65.2 7.183908046E-06 -6.28591954E-05
65.4 3.593606256E-06 -4.49200782E-05
65.6 3.595260009E-06 8.988150023E-06
65.8 3.596915285E-06 4.496144107E-05
66 3.598572087E-06 3.598572087E-05
66.2 3.600230415E-06 2.700172811E-05
66.4 3.601890272E-06 2.978956988E-21
66.6 3.603551661E-06 -3.603551661E-05
66.8 3.605214582E-06 -9.013036456E-06
67 3.60687904E-06 1.80343952E-05
67.2 7.217090069E-06 9.021362587E-06
67.4 1.083063771E-05 -9.025531423E-06
67.6 1.444752658E-05 -2.708911234E-05
67.8 1.806776133E-05 -2.7101642E-05
68 1.807612217E-05 -5.42283665E-05
68.2 1.808449074E-05 -5.425347222E-05
68.4 1.809286707E-05 9.046433534E-06
68.6 1.810125116E-05 1.810125116E-05
68.8 1.810964302E-05 -3.621928605E-05
69 1.449443414E-05 9.059021336E-06
69.2 1.087587007E-05 5.437935035E-05
69.4 3.626973073E-06 1.813486537E-05
69.6 3.628657687E-06 2.721493265E-05
69.8 7.260687732E-06 6.353101766E-05
70 7.264063226E-06 3.632031613E-05
70.2 7.26744186E-06 9.084302326E-06
70.4 7.270823639E-06 1.81770591E-05
70.6 7.274208566E-06 4.546380354E-05
70.8 7.277596646E-06 5.458197485E-05
71 7.280987884E-06 9.101234856E-06
71.2 1.092657343E-05 9.105477855E-06
71.4 7.287779851E-06 3.643889925E-05
71.6 3.645590294E-06 4.556987867E-05
71.8 3.64729225E-06 2.735469188E-05
72 3.648995796E-06 2.541095878E-21
72.2 3.650700935E-06 2.738025701E-05
72.4 0 1.826203834E-05
72.6 0 1.827057998E-05
72.8 0 1.827912962E-05
73 0 1.828768727E-05
73.2 0 2.744437939E-05
73.4 0 -9.152413308E-06
73.6 0 -2.747011252E-05
73.8 0 1.832199812E-05
74 0 -1.833059596E-05
74.2 0 -1.833920188E-05
74.4 0 2.752172381E-05
74.6 0 1.835643797E-05
74.8 0 1.137179992E-20
75 0 -1.398545779E-20
75.2 0 -1.838235294E-05
75.4 3.678201507E-06 -2.75865113E-05
75.6 7.359868111E-06 4.599917569E-05
75.8 7.363336475E-06 4.602085297E-05
76 7.366808109E-06 -1.841702027E-05
76.2 7.370283019E-06 2.292018728E-20
76.4 7.373761208E-06 -9.21720151E-06
76.6 3.688621341E-06 -2.766466006E-05
76.8 0 -2.767772792E-05
77 3.69210775E-06 -3.69210775E-05
77.2 7.387706856E-06 -9.23463357E-06
77.4 1.108680227E-05 -9.239001892E-06
77.6 1.478939896E-05 -4.621687175E-05
77.8 1.849550189E-05 -5.548650568E-05
78 2.220511606E-05 -2.775639507E-05
78.2 2.591824645E-05 -2.147184822E-20
78.4 2.59305358E-05 3.704362257E-05
78.6 2.594283681E-05 4.632649431E-05
78.8 2.2247271E-05 -1.85393925E-05
79 1.854819563E-05 -3.709639126E-05
79.2 1.855700713E-05 2.783551069E-05
79.4 1.48526616E-05 -8.108443231E-21
79.6 1.857465525E-05 -3.714931051E-05
79.8 2.230019029E-05 -2.787523787E-05
80 2.231080438E-05 -1.859233698E-05
80.2 2.232142857E-05 1.860119048E-05
80.4 1.861005241E-05 6.917452501E-21
80.6 2.234270734E-05 -1.861892278E-05
80.8 2.235336195E-05 -1.862780162E-05
81 2.60913645E-05 -2.79550334E-05
81.2 2.983293556E-05 -1.864558473E-05
81.4 3.357808023E-05 1.865448902E-05
81.6 3.359412327E-05 4.665850454E-05
81.8 3.361018164E-05 1.867232314E-05
82 3.362625538E-05 1.868125299E-05
82.2 3.36423445E-05 2.803528708E-05
82.4 3.365844902E-05 9.349569172E-06
82.6 3.367456897E-05 1.463867748E-21
82.8 3.369070436E-05 -9.358528989E-06
83 2.996164909E-05 -9.36301534E-06
83.2 2.622901679E-05 3.477131702E-21
83.4 2.24928023E-05 1.874400192E-05
83.6 1.875300048E-05 9.37650024E-06
83.8 1.500960615E-05 2.814301153E-05
84 7.508409419E-06 4.692755887E-05
84.2 7.512019231E-06 -9.390024038E-06
84.4 7.515632516E-06 -3.665247401E-21
84.6 1.127887392E-05 3.759624639E-05
84.8 1.504573905E-05 1.880717381E-05
85 1.505298651E-05 -1.881623314E-05
85.2 1.506024096E-05 -9.412650602E-06
85.4 1.883437801E-05 3.766875603E-05
85.6 1.884346358E-05 2.826519537E-05
85.8 1.885255792E-05 -1.885255792E-05
86 1.886166103E-05 -9.430830517E-06
86.2 1.887077295E-05 9.435386473E-06
86.4 1.887989367E-05 -9.439946834E-06
86.6 2.266682785E-05 -1.888902321E-05
86.8 2.26777939E-05 -1.889816159E-05
87 2.268877057E-05 1.890730881E-05
87.2 2.269975787E-05 1.891646489E-05
87.4 2.271075581E-05 -9.462814922E-06
87.6 2.272176442E-05 9.467401842E-06
87.8 1.894398642E-05 1.100484948E-21
88 2.274381368E-05 8.319093768E-21
88.2 2.275485437E-05 3.792475728E-05
88.4 2.276590578E-05 3.79431763E-05
88.6 2.657312925E-05 9.490403304E-06
88.8 3.038405445E-05 4.632456465E-21
89 3.419868677E-05 9.499635214E-06
89.2 3.421532847E-05 2.851277372E-05
89.4 3.423198637E-05 1.90177702E-05
89.6 3.42486605E-05 3.805406722E-05
89.8 3.807261209E-05 1.903630604E-05
90 4.190029254E-05 -9.522793759E-06
90.2 4.573170732E-05 3.81097561E-05
90.4 4.956686188E-05 2.859626647E-05
90.6 5.340576172E-05 9.536743164E-06
90.8 5.343185149E-05 -9.541402052E-06
91 5.345796676E-05 -2.863819648E-05
91.2 5.348410758E-05 9.550733496E-06
91.4 5.351027397E-05 6.688784247E-05
91.6 5.353646598E-05 6.692058248E-05
91.8 5.356268364E-05 3.825905975E-05
92 6.1244488E-05 2.870835375E-05
92.2 6.893382353E-05 9.574142157E-06
92.4 8.046223639E-05 2.8736513E-05
92.6 8.433513248E-05 2.875061335E-05
92.8 9.204712813E-05 -1.98234234E-20
93 9.592951866E-05 1.918590373E-05
93.2 0.0001036547912 -9.597665848E-06
93.4 0.0001113876598 -9.602384464E-06
93.6 0.0001152852927 3.842843089E-05
93.8 0.0001191867618 3.844734252E-05
94 0.0001230920729 4.808284097E-05
94.2 0.0001308497537 2.558589223E-20
94.4 0.0001347646624 -2.887814194E-05
94.6 0.000138683432 -1.926158777E-05
94.8 0.0001426060681 -3.854218056E-05
95 0.0001465325765 -1.450428164E-20
95.2 0.000150462963 1.929012346E-05
95.4 0.0001505373024 9.649827075E-06
95.6 0.0001506117153 9.654597133E-06
95.8 0.0001506862018 -8.336009873E-21
96 0.0001546264226 9.66415141E-06
96.2 0.000150835396 5.801361386E-05
96.4 0.0001470406142 4.836862308E-05
96.6 0.0001432420714 2.061459962E-20
96.8 0.0001355664353 3.873326723E-05
97 0.0001317584325 4.84406002E-05
97.2 0.0001240694789 3.877171216E-05
97.4 0.0001163728898 2.909322244E-05
97.6 0.0001086686538 -3.881023348E-05
97.8 0.0001048397117 -4.853690358E-05
98 0.0001010069617 -1.942441571E-05
98.2 9.717039801E-05 -9.717039801E-06
98.4 9.721876556E-05 -9.721876556E-06
98.6 8.948580677E-05 -1.945343625E-05
98.8 8.563776781E-05 -2.919469357E-05
99 7.789132602E-05 -9.736415753E-06
99.2 7.013715711E-05 4.87063591E-05
99.4 6.23752495E-05 4.873066367E-05
99.6 5.460559161E-05 -1.9501997E-05
99.8 5.073051948E-05 -4.877934565E-05
100 4.294727636E-05 1.952148926E-05
100.2 3.515625E-05 9.765625E-06
100.4 3.126563282E-05 -2.931153077E-05
100.6 2.737112112E-05 1.95508008E-05
100.8 2.347270906E-05 3.912118177E-05
101 1.957039078E-05 9.785195391E-06
101.2 1.56641604E-05 -9.790100251E-06
101.4 1.175401204E-05 -1.959002006E-05
101.6 7.839939789E-06 -2.939977421E-05
101.8 7.843875502E-06 -3.921937751E-05
102 1.177172275E-05 -1.662482278E-21
102.2 1.177763819E-05 4.907349246E-05
102.4 1.178355958E-05 2.945889894E-05
102.6 7.859657948E-06 2.94737173E-05
102.8 1.179542023E-05 7.863613488E-05
103 7.867573011E-06 3.933786506E-05
103.2 7.871536524E-06 2.951826196E-05
103.4 7.875504032E-06 3.937752016E-05
103.6 7.879475542E-06 -2.954803328E-05
103.8 7.88345106E-06 1.970862765E-05
104 7.887430591E-06 2.957786471E-05
104.2 7.891414141E-06 9.864267677E-06
104.4 3.947700859E-06 4.934626074E-05
104.6 3.949696663E-06 5.924544995E-05
104.8 0 3.951694487E-05
105 0 9.88423583E-06
105.2 0 9.889240506E-06
105.4 0 -6.020947254E-21
105.6 0 -9.899265079E-06
105.8 0 3.961713996E-05
106 0 3.963723998E-05
106.2 0 2.97430203E-05
106.4 0 4.959687659E-05
106.6 0 1.98488313E-05
106.8 0 1.985892222E-05
107 0 1.98690234E-05
107.2 3.975826972E-06 2.981870229E-05
107.4 7.955702648E-06 1.988925662E-05
107.6 1.193963321E-05 9.949694345E-06
107.8 1.592762487E-05 1.990953109E-05
108 1.991968383E-05 2.987952575E-05
108.2 2.391581633E-05 4.982461735E-05
108.4 2.791602859E-05 3.988004084E-05
108.6 2.793028601E-05 1.995020429E-05
108.8 2.7944558E-05 -3.992079714E-05
109 2.396472393E-05 -4.992650818E-05
109.2 1.998081841E-05 9.990409207E-06
109.4 1.599283521E-05 1.999104401E-05
109.6 1.200076805E-05 -3.000192012E-05
109.8 8.004610656E-06 1.000576332E-05
110 4.00435674E-06 3.003267555E-05
110.2 0 2.003205128E-05
110.4 0 4.00846588E-05
110.6 4.010523614E-06 6.015785421E-05
110.8 8.025166923E-06 3.009437596E-05
111 1.204393628E-05 -3.01098407E-05
111.2 1.205012853E-05 -2.008354756E-05
111.4 8.03755144E-06 -1.00469393E-05
111.6 8.041688111E-06 -6.377455541E-21
111.8 8.045829042E-06 1.00572863E-05
112 1.609994848E-05 -2.01249356E-05
112.2 2.013530928E-05 1.006765464E-05
112.4 1.611655493E-05 5.036423414E-05
112.6 1.6124871E-05 -2.015608875E-05
112.8 1.613319566E-05 -3.024974187E-05
113 2.421229339E-05 -2.015764089E-20
113.2 3.63372093E-05 -2.01873385E-05
113.4 4.847466391E-05 -1.009888831E-05
113.6 6.062467667E-05 -2.020822556E-05
113.8 6.469979296E-05 -8.08747412E-05
114 7.282496116E-05 -5.057288969E-05
114.2 8.095854922E-05 -0
114.4 8.910057024E-05 -2.02501296E-05
114.6 9.319891079E-05 -1.013031639E-05
114.8 9.730150493E-05 4.054229372E-05
115 9.735202492E-05 3.042250779E-05
115.2 8.928571429E-05 1.01461039E-05
115.4 9.339267152E-05 2.88519497E-20
115.6 9.344123765E-05 2.031331253E-05
115.8 9.348985432E-05 6.097164412E-05
116 8.947162936E-05 4.066892244E-05
116.2 8.951822917E-05 3.051757813E-05
116.4 8.956487754E-05 6.106696196E-05
116.6 9.368482795E-05 3.054940042E-05
116.8 9.780907668E-05 -1.018844549E-05
117 0.0001019376305 3.058128914E-05
117.2 0.0001060704961 3.059725849E-05
117.4 0.0001102076803 4.081765935E-05
117.6 0.0001102652901 4.083899634E-05
117.8 0.0001144089958 -1.021508891E-05
118 0.0001185570382 -4.088173731E-05
118.2 0.0001227094241 -5.11289267E-05
118.4 0.0001268661603 -3.069342588E-05
118.6 0.0001351218553 -3.070951258E-05
118.8 0.0001392894599 -2.04837441E-05
119 0.0001352636411 1.024724554E-05
119.2 0.0001353346457 2.050524934E-05
119.4 0.000131302521 5.129004727E-05
119.6 0.0001313715187 2.052679979E-05
119.8 0.0001355481073 -3.080638801E-05
120 0.0001356194108 -1.027419779E-05
120.2 0.0001315789474 1.027960526E-05
120.4 0.0001316482359 8.097112875E-21
120.6 0.0001317175975 -3.087131191E-05
120.8 0.0001317870322 1.029586189E-05
121 0.0001277360232 -1.030129219E-05
121.2 0.0001278034301 -3.09201847E-05
121.4 0.0001237460401 -1.831809373E-21
121.6 0.0001196843634 2.063523508E-05
121.8 0.0001197476216 5.161535412E-05
122 0.0001198109466 4.131411951E-05
122.2 0.0001198743386 1.033399471E-05
122.4 0.0001199377978 -3.101839598E-05
122.6 0.0001158633475 1.034494174E-05
122.8 0.0001117845787 3.105127186E-05
123 0.0001077014846 3.106773595E-05
123.2 9.946949602E-05 2.072281167E-05
123.4 9.952229299E-05 3.110071656E-05
123.6 9.957514604E-05 7.260687732E-05
123.8 9.962805526E-05 2.075584485E-05
124 0.0001038343966 -3.115031898E-05
124.2 0.0001080452128 3.11668883E-05
124.4 0.0001039449175 3.118347525E-05
124.6 0.0001040002662 1.108449505E-20
124.8 0.0001082179009 5.202783697E-05
125 0.0001082755864 3.123334222E-05
125.2 0.0001041666667 2.083333333E-05
125.4 0.0001000533618 2.084445037E-05
125.6 9.593566471E-05 -1.042778964E-05
125.8 9.598691239E-05 -1.043336004E-05
126 0.0001002137894 3.131680919E-05
126.2 0.0001002673797 2.088903743E-05
126.4 0.0001003210273 -1.045010701E-05
126.6 0.0001003747323 -4.182280514E-05
126.8 9.624397429E-05 -6.276780932E-05
127 9.629555198E-05 -1.046690782E-05
127.2 0.000100536193 2.094504021E-05
127.4 0.0001005901288 2.095627682E-05
127.6 0.0001006441224 -2.22435686E-20
127.8 0.000100698174 -2.097878625E-05
128 0.0001007522837 -3.148508866E-05
128.2 0.0001008064516 -4.200268817E-05
128.4 0.0001008606778 -2.10126412E-05
128.6 0.0001009149623 2.102395048E-05
128.8 9.676225094E-05 2.055138205E-20
129 9.681438578E-05 -3.156990841E-05
129.2 0.0001010781671 -1.052897574E-05
129.4 0.0001011326861 -2.10693096E-05
129.6 0.0001011872639 1.054033999E-05
129.8 0.0001012419006 -6.931400498E-21
130 0.0001012965964 1.124618137E-20
130.2 9.712837838E-05 5.278716216E-05
130.4 9.71809086E-05 -1.255086718E-20
130.6 0.000101461039 1.056885823E-05
130.8 9.728613969E-05 4.22983216E-05
131 9.310671723E-05 -1.058030878E-05
131.2 9.315718157E-05 -1.058604336E-05
131.4 9.320770065E-05 3.177535249E-05
131.6 9.325827455E-05 3.17925936E-05
131.8 9.330890337E-05 1.060328447E-05
132 9.335958718E-05 1.0609044E-05
132.2 9.341032609E-05 5.307404891E-05
132.4 9.346112017E-05 6.372349103E-05
132.6 9.351196953E-05 5.313180087E-05
132.8 9.356287425E-05 -2.12642896E-05
133 9.361383442E-05 -3.191380719E-05
133.2 9.366485014E-05 3.193119891E-05
133.4 9.371592148E-05 -2.060702424E-20
133.6 9.376704855E-05 -1.094540781E-20
133.8 9.381823144E-05 -1.066116266E-05
134 9.386947023E-05 -1.875888849E-20
134.2 9.392076503E-05 2.134562842E-05
134.4 8.97006561E-05 1.067864954E-05
134.6 8.547592998E-05 1.068449125E-05
134.8 8.124657909E-05 1.069033935E-05
135 7.701259584E-05 3.20885816E-05
135.2 7.27739726E-05 4.280821918E-05
135.4 6.853070175E-05 2.14158443E-05
135.6 6.856829402E-05 1.873056018E-20
135.8 6.860592755E-05 -3.215902854E-05
136 6.864360242E-05 6.029726004E-21
136.2 6.868131868E-05 2.146291209E-05
136.4 7.301401869E-05 -2.147471138E-05
136.6 7.735148515E-05 -2.148652365E-05
136.8 8.169372592E-05 1.074917446E-05
137 8.60407489E-05 2.151018722E-05
137.2 9.039256198E-05 3.081841912E-21
137.4 9.47491731E-05 -2.153390298E-05
137.6 9.911059018E-05 -2.154578047E-05
137.8 0.0001034768212 -7.545184879E-05
138 0.0001035339591 -7.549351187E-05
138.2 0.0001035911602 -4.316298343E-05
138.4 0.0001036484245 -4.318684356E-05
138.6 0.0001037057522 -7.561877765E-05
138.8 0.0001037631433 -6.485196458E-05
139 9.949473976E-05 -4.32585825E-05
139.2 9.522160665E-05 -6.492382271E-05
139.4 9.094373614E-05 -3.247990576E-05
139.6 8.666112035E-05 -6.499584027E-05
139.8 8.237375139E-05 -9.754786349E-05
140 7.808162132E-05 -6.506801777E-05
140.2 7.378472222E-05 -1.085069444E-05
140.4 6.948304614E-05 -2.171345192E-05
140.6 6.952169077E-05 -8.690211346E-05
140.8 7.390790206E-05 -8.695047301E-05
141 7.394905345E-05 -4.349944321E-05
141.2 6.963788301E-05 -2.982058073E-20
141.4 6.967670011E-05 -2.51063341E-20
141.6 6.971556051E-05 -3.267916899E-05
141.8 6.975446429E-05 -1.089913504E-05
142 6.543132328E-05 -2.169328755E-21
142.2 6.110335196E-05 -4.36452514E-05
142.4 5.67705422E-05 -1.091741196E-05
142.6 5.243288591E-05 2.184703579E-05
142.8 4.809037493E-05 1.092963067E-05
143 4.374300112E-05 1.093575028E-05
143.2 3.93907563E-05 1.094187675E-05
143.4 3.503363229E-05 1.094801009E-05
143.6 3.067162086E-05 -1.095415031E-05
143.8 2.63047138E-05 -3.288089226E-05
144 2.193290286E-05 -3.28993543E-05
144.2 1.755617978E-05 3.742450607E-21
144.4 1.317453626E-05 -2.611776205E-20
144.6 8.787964004E-06 1.098495501E-05
144.8 8.792909398E-06 5.495568374E-05
145 8.79786036E-06 3.299197635E-05
145.2 4.401408451E-06 1.100352113E-05
145.4 4.403889515E-06 2.127626778E-20
145.6 8.812746757E-06 2.203186689E-05
145.8 8.81772009E-06 6.613290068E-05
146 8.82269904E-06 3.30851214E-05
146.2 8.827683616E-06 2.206920904E-05
146.4 8.832673827E-06 3.312252685E-05
146.6 8.837669683E-06 3.314126131E-05
146.8 8.842671194E-06 6.632003396E-05
147 8.847678369E-06 3.317879388E-05
147.2 8.852691218E-06 1.106586402E-05
147.4 1.328656463E-05 7.750496032E-05
147.6 1.772546795E-05 6.647050482E-05
147.8 2.216940976E-05 6.650822928E-05
148 2.661839864E-05 4.436399773E-05
148.2 2.663352273E-05 1.109730114E-05
148.4 2.664866401E-05 6.662166003E-05
148.6 2.666382253E-05 7.776948237E-05
148.8 2.223249858E-05 6.669749573E-05
149 2.224515945E-05 7.785805809E-05
149.2 1.780626781E-05 4.451566952E-05
149.4 1.336231471E-05 3.340578677E-05
149.6 1.336993725E-05 2.228322875E-05
149.8 1.337756849E-05 -1.114797374E-05
150 1.338520845E-05 -2.230868075E-05
150.2 1.785714286E-05 -1.116071429E-05
150.4 2.233419097E-05 -2.233419097E-05
150.6 2.681636156E-05 -2.234696796E-05
150.8 2.683171151E-05 -2.235975959E-05
151 2.684707904E-05 -5.593141466E-05
151.2 3.133954155E-05 -3.357808023E-05
151.4 3.583715596E-05 -3.359733372E-05
151.6 4.033993115E-05 -6.723321859E-05
151.8 4.4847876E-05 -4.4847876E-05
152 4.936099943E-05 -2.243681792E-05
152.2 5.387931034E-05 -3.367456897E-05
152.4 6.289534215E-05 -6.738786659E-05
152.6 7.192174914E-05 -7.866441312E-05
152.8 8.095854922E-05 -5.622121474E-05
153 9.000576037E-05 -3.375216014E-05
153.2 9.906340058E-05 -2.251440922E-05
153.4 0.0001081314879 -1.126369666E-05
153.6 0.0001172100404 -3.381058857E-05
153.8 0.0001262990762 -4.510681293E-05
154 0.0001263720393 -3.384965338E-05
154.2 0.0001354768786 -5.644869942E-05
154.4 0.000140073742 -5.64813476E-05
154.6 0.0001446759259 -3.390842014E-05
154.8 0.0001492834395 -2.261870295E-05
155 0.0001493699305 1.131590382E-05
155.2 0.0001539855072 3.39673913E-05
155.4 0.0001586064385 -1.132903132E-05
155.6 0.0001632327336 -2.2671213E-05
155.8 0.0001678644019 -1.134218931E-05
156 0.0001725014526 1.134877978E-05
156.2 0.0001726017442 1.135537791E-05
156.4 0.0001772469459 -1.136198371E-05
156.6 0.0001818975553 2.273719441E-05
156.8 0.0001820034945 1.13752184E-05
157 0.0001821095571 1.491033164E-21
157.2 0.0001776603499 1.5039437E-21
157.4 0.000173205951 1.594547797E-21
157.6 0.0001687463514 -6.119234063E-21
157.8 0.0001688449182 1.140844042E-05
158 0.0001689436002 3.424532437E-05
158.2 0.0001644736842 6.853070175E-05
158.4 0.0001599985372 7.999926858E-05
158.6 0.0001555181499 4.574063232E-05
158.8 0.0001464557704 3.432557118E-05
159 0.0001465416178 3.434569168E-05
159.2 0.0001420454545 1.145527859E-05
159.4 0.0001375440141 -1.146200117E-05
159.6 0.0001284497945 4.58749266E-05
159.8 0.0001193448884 6.885282021E-05
160 0.0001148221634 4.592886537E-05
160.2 0.0001056985294 3.446691176E-05
160.4 0.0001057607416 5.747866392E-05
160.6 0.0001058230271 2.300500589E-05
160.8 0.0001012816735 2.060092773E-20
161 0.0001013413915 4.606426887E-05
161.2 9.218289086E-05 3.456858407E-05
161.4 8.301357733E-05 4.611865407E-05
161.6 7.383343178E-05 6.921884229E-05
161.8 6.464243499E-05 4.617316785E-05
162 6.006061502E-05 -1.155011827E-05
162.2 5.547337278E-05 -6.857435632E-21
162.4 5.088069864E-05 2.312759029E-05
162.6 4.628258294E-05 -3.47119372E-05
162.8 4.1679016E-05 -3.473251334E-05
163 3.706998814E-05 1.046538325E-20
163.2 3.709198813E-05 2.438165108E-20
163.4 3.711401425E-05 -1.159812945E-05
163.6 3.713606655E-05 -3.481506239E-05
163.8 3.715814507E-05 -2.322384067E-05
164 3.718024985E-05 -1.161882808E-05
164.2 3.720238095E-05 -1.162574405E-05
164.4 3.257147111E-05 -1.163266825E-05
164.6 3.2590882E-05 2.124462875E-20
164.8 3.261031604E-05 2.329308289E-05
165 3.729116945E-05 1.165349045E-05
165.2 4.197761194E-05 -1.166044776E-05
165.4 4.200268817E-05 -3.500224014E-05
165.6 4.202779438E-05 -5.837193664E-05
165.8 4.205293062E-05 -4.672547847E-05
166 3.740275284E-05 -9.285810775E-21
166.2 3.74251497E-05 -2.339071856E-05
166.4 4.212852007E-05 -4.680946675E-05
166.6 3.747002398E-05 -4.683752998E-05
166.8 3.74925015E-05 -4.686562687E-05
167 3.282563025E-05 -4.68937575E-05
167.2 3.284534535E-05 -8.498300611E-21
167.4 3.756009615E-05 4.695012019E-05
167.6 4.228051714E-05 -2.134899415E-21
167.8 4.700661853E-05 -1.175165463E-05
168 5.17384106E-05 -1.175872968E-05
168.2 5.176957831E-05 -3.529743976E-05
168.4 5.650994575E-05 -2.354581073E-05
168.6 6.125603136E-05 -3.534001809E-05
168.8 6.60078455E-05 -4.714846107E-05
169 6.604770531E-05 -3.538269928E-05
169.2 8.024924471E-05 -4.720543807E-05
169.4 8.974455865E-05 -1.180849456E-05
169.6 9.925136116E-05 -1.181563823E-05
169.8 0.0001087696731 -2.364558111E-05
170 0.0001182995154 -2.365990309E-05
170.2 0.0001373106061 -3.551136364E-05
170.4 0.0001468693147 -1.184429958E-05
170.6 0.0001564396238 -3.555445995E-05
170.8 0.0001660215543 -5.929341226E-05
171 0.0001756151276 -1.1865887E-05
171.2 0.0001852203647 1.18731003E-05
171.4 0.0001900851582 1.188032238E-05
171.6 0.0001949558734 2.377510651E-05
171.8 0.0001998325213 -1.179121556E-21
172 0.0002047151127 4.675729749E-21
172.2 0.000214367378 -2.091469897E-20
172.4 0.0002192647956 -2.383312996E-05
172.6 0.0002289377289 1.192384005E-05
172.8 0.0002290775809 2.386224801E-05
173 0.0002292176039 1.193841687E-05
173.2 0.0002293577982 2.389143731E-05
173.4 0.0002390605875 -8.46312223E-21
173.6 0.0002583435395 -6.248727532E-21
173.8 0.0002728630515 -9.059289286E-21
174 0.0002874003679 1.197501533E-05
174.2 0.0003019555215 1.198236196E-05
174.4 0.0003165285451 -2.397943524E-05
174.6 0.0003311194717 -2.399416462E-05
174.8 0.0003313229871 2.400891211E-05
175 0.0003267220172 2.402367774E-05
175.2 0.0003269230769 -1.201923077E-05
175.4 0.0003223137315 1.202663177E-05
175.6 0.0003128850893 2.40680838E-05
175.8 0.0003082614057 3.612438348E-05
176 0.0002988124614 2.409777915E-05
176.2 0.0002941743827 2.411265432E-05
176.4 0.0002847050649 2.412754787E-05
176.6 0.000284881026 2.414245983E-05
176.8 0.0002850572047 3.623608534E-05
177 0.0002852336015 1.208616955E-05
177.2 0.0002854102167 1.209365325E-05
177.4 0.0002759061338 3.630343866E-05
177.6 0.0002663902666 2.421729696E-05
177.8 0.0002617090571 4.205200096E-20
178 0.000257022036 2.424736189E-05
178.2 0.0002426242236 4.852484472E-05
178.4 0.0002282085146 3.641625233E-05
178.6 0.0002137748756 2.42925995E-05
178.8 0.0002041848164 3.646157436E-05
179 0.0001945828144 2.432285181E-05
179.2 0.0001849688474 4.867601246E-05
179.4 0.0001753428928 4.87063591E-05
179.6 0.0001657049283 3.434550398E-20
179.8 0.0001609316479 1.219179151E-05
180 0.0001512726421 9.567377374E-21
180.2 0.0001416015625 1.220703125E-05
180.4 0.0001319183865 2.442933083E-05
180.6 0.0001222230914 4.888923655E-05
180.8 0.0001125156544 6.114981215E-05
181 0.0001076911028 2.447525063E-05
181.2 0.0001028605016 1.224529781E-05
181.4 8.822145546E-05 2.450595985E-05
181.6 8.337256748E-05 3.678201507E-05
181.8 7.851758794E-05 3.680511935E-05
182 6.874607165E-05 2.455216845E-05
182.2 6.387578616E-05 -2.423232453E-20
182.4 5.899937067E-05 -1.229153556E-05
182.6 5.41168136E-05 -1.229927582E-05
182.8 4.922810334E-05 2.461405167E-05
183 4.433322825E-05 2.462957125E-05
183.2 4.436119874E-05 1.618266545E-20
183.4 3.945707071E-05 1.23303346E-05
183.6 2.961149716E-05 1.233812382E-05
183.8 2.469184576E-05 -1.234592288E-05
184 1.97659709E-05 -1.235373182E-05
184.2 1.483386076E-05 2.472310127E-05
184.4 9.895503483E-06 1.236937935E-05
184.6 4.950887199E-06 2.475443599E-05
184.8 0 2.477013316E-05
185 0 4.015349372E-20
185.2 0 1.240079365E-05
185.4 0 -1.240867217E-05
185.6 0 -3.724968214E-05
185.8 0 -1.242445929E-05
186 0 -5.163519752E-20
186.2 0 -1.244028662E-05
186.4 0 1.244821542E-05
186.6 0 -2.491230867E-05
186.8 0 -1.246410338E-05
187 0 2.494412516E-05
187.2 0 2.615560395E-20
187.4 0 -4.995204604E-05
187.6 0 -6.24800064E-05
187.8 0 -3.751200384E-05
188 0 -3.753603459E-05
188.2 0 -5.008012821E-05
188.4 0 -5.011225144E-05
188.6 0 -7.521662388E-05
188.8 0 -7.526493256E-05
189 0 -3.765665167E-05
189.2 0 -5.024115756E-05
189.4 0 -2.513674389E-05
189.6 0 -6.288232453E-05
189.8 0 -0.0001132611147
190 0 -7.555609284E-05
190.2 0 -3.780241935E-05
190.4 0 -2.52178825E-05
190.6 0 5.851870973E-23
190.8 0 -2.525048481E-05
191 0 -3.790022639E-05
191.2 5.056634304E-06 2.528317152E-05
191.4 1.011981865E-05 2.529954663E-05
191.6 2.025275437E-05 -5.063188594E-05
191.8 3.039883268E-05 -7.599708171E-05
192 3.548831927E-05 -8.872079818E-05
192.2 4.058441558E-05 -6.341314935E-05
192.4 4.56871345E-05 1.26908707E-05
192.6 5.079648895E-05 -1.269912224E-05
192.8 5.591249187E-05 -2.541476903E-05
193 5.594889323E-05 5.900336137E-20
193.2 5.598534202E-05 2.317405732E-21
193.4 6.111473272E-05 1.273223598E-05
193.6 6.115459883E-05 1.274054142E-05
193.8 6.119451697E-05 1.27488577E-05
194 6.123448726E-05 2.551436969E-05
194.2 5.616830065E-05 2.553104575E-05
194.4 5.109548725E-05 2.554774362E-05
194.6 4.601603403E-05 3.834669503E-05
194.8 4.604616896E-05 5.116240995E-05
195 4.607634338E-05 -7.305258851E-21
195.2 5.12295082E-05 -3.842213115E-05
195.4 5.63894357E-05 3.407567968E-20
195.6 6.15561392E-05 1.282419567E-05
195.8 6.672963206E-05 1.283262155E-05
196 7.190992768E-05 1.284105851E-05
196.2 8.223684211E-05 1.009014588E-20
196.4 9.257735352E-05 8.739818013E-21
196.6 9.778491436E-05 1.28664361E-05
196.8 9.269940672E-05 9.608245028E-21
197 9.276055409E-05 -1.288341029E-05
197.2 9.797854785E-05 2.460687636E-20
197.4 9.804326288E-05 1.290042933E-05
197.6 8.778089888E-05 2.581791143E-05
197.8 8.267195767E-05 2.556359054E-20
198 8.272667108E-05 2.585208471E-05
198.2 7.760761589E-05 3.880380795E-05
198.4 7.248177601E-05 -1.294317429E-05
198.6 6.734913793E-05 -6.947952806E-22
198.8 6.73938288E-05 5.184140677E-05
199 6.225099602E-05 5.187583001E-05
199.2 6.22923588E-05 5.1910299E-05
199.4 6.23337766E-05 1.298620346E-05
199.6 5.197937458E-05 -6.579678443E-21
199.8 5.201398136E-05 2.600699068E-05
200 4.684377082E-05 -5.204863424E-05
200.2 4.6875E-05 -3.90625E-05
200.4 3.64826551E-05 1.302951968E-05
200.6 3.12917223E-05 -2.607643525E-05
200.8 3.653139613E-05 -2.609385438E-05
201 3.133355615E-05 2.611129679E-05
201.2 2.612876254E-05 5.225752508E-05
201.4 3.137550201E-05 1.307312584E-05
201.6 3.662926993E-05 -2.616376423E-05
201.8 4.712634048E-05 2.376091343E-20
202 4.715794769E-05 3.929828974E-05
202.2 4.718959732E-05 5.243288591E-05
202.4 4.722128946E-05 3.935107455E-05
202.6 4.200268817E-05 3.937752016E-05
202.8 3.677706792E-05 2.626933423E-05
203 3.154441454E-05 -3.943051817E-05
203.2 2.104377104E-05 -7.891414141E-05
203.4 1.579346361E-05 -6.580609838E-05
203.6 1.053607552E-05 -2.634018881E-05
203.8 1.054318489E-05 -2.635796221E-05
204 1.055030385E-05 -5.275151924E-05
204.2 1.583614865E-05 1.319679054E-05
204.4 1.584685598E-05 9.243999324E-05
204.6 1.057171854E-05 2.642929635E-05
204.8 1.05788761E-05 -1.322359513E-05
205 1.058604336E-05 2.64651084E-05
205.2 1.059322034E-05 2.648305085E-05
205.4 1.060040706E-05 3.975152646E-05
205.6 5.303801765E-06 2.651900883E-05
205.8 5.307404891E-06 -5.307404891E-05
206 1.062202583E-05 2.655506458E-05
206.2 5.31462585E-06 3.985969388E-05
206.4 0 -5.318243703E-05
206.6 0 -1.330466621E-05
206.8 0 2.662747103E-05
207 0 5.329126876E-05
207.2 0 -1.333191126E-05
207.4 0 1.334101776E-05
207.6 0 -1.335013671E-05
207.8 0 -6.679634063E-05
208 0 -1.336841205E-05
208.2 5.351027397E-06 -1.337756849E-05
208.4 1.070938999E-05 -3.248013611E-20
208.6 1.071673525E-05 9.045088722E-21
208.8 1.07240906E-05 -1.340511325E-05
209 1.073145604E-05 -2.668260589E-20
209.2 1.073883162E-05 1.785802342E-20
209.4 1.074621733E-05 -2.686554333E-05
209.6 1.613041982E-05 -1.766025414E-20
209.8 1.076101928E-05 -2.690254821E-05
210 5.384217781E-06 -5.384217781E-05
210.2 1.077586207E-05 4.040948276E-05
210.4 5.391649413E-06 -1.005060518E-20
210.6 0 -2.697686464E-05
210.8 0 1.349775397E-05
211 0 2.701417704E-05
211.2 0 5.406574394E-05
211.4 0 5.916654215E-21
211.6 0 1.353516979E-05
211.8 0 1.354455617E-05
212 0 -6.736775988E-21
212.2 0 1.356336806E-05
212.4 0 -1.357279361E-05
212.6 0 -1.342964663E-20
212.8 0 1.359168406E-05
213 0 -1.208024705E-20
213.2 5.444250871E-06 -1.361062718E-05
213.4 1.089609484E-05 -1.362011855E-05
213.6 1.63555478E-05 -1.362962317E-05
213.8 2.18226257E-05 7.72216923E-21
214 2.729734451E-05 1.706676298E-20
214.2 2.731643357E-05 -4.097465035E-05
214.4 2.733554934E-05 -1.366777467E-05
214.6 2.735469188E-05 1.133145903E-20
214.8 2.1899089E-05 1.368693062E-05
215 2.1914446E-05 1.459795351E-20
215.2 1.644736842E-05 -4.111842105E-05
215.4 1.645891854E-05 -2.192768439E-20
215.6 1.098032326E-05 2.745080815E-05
215.8 5.494022504E-06 2.747011252E-05
216 5.497888811E-06 2.748944405E-05
216.2 1.650528169E-05 1.375440141E-05
216.4 2.752818887E-05 4.552395594E-21
216.6 3.305712271E-05 4.648765309E-20
216.8 3.859386027E-05 4.135056457E-05
217 4.413841808E-05 2.75865113E-05
217.2 3.864840989E-05 1.380300353E-05
217.4 3.867574257E-05 4.143829562E-05
217.6 4.423213022E-05 -1.382254069E-05
217.8 5.532932011E-05 -4.149699008E-05
218 5.536853296E-05 1.967085444E-20
218.2 5.540780142E-05 -1.385195035E-05
218.4 6.099183818E-05 -2.772356281E-05
218.6 6.658380682E-05 -4.161487926E-05
218.8 6.107853589E-05 -2.776297086E-05
219 6.112197724E-05 -4.167407539E-05
219.2 6.116548043E-05 -5.560498221E-05
219.4 6.677350427E-05 7.413348188E-21
219.6 6.682109765E-05 -4.176318603E-05
219.8 6.686875892E-05 -5.572396576E-05
220 6.691648822E-05 -4.182280514E-05
220.2 6.696428571E-05 -1.395089286E-05
220.4 6.142780558E-05 1.39608649E-05
220.6 5.588340486E-05 -1.397085122E-05
220.8 4.473872584E-05 -2.796170365E-05
221 4.477077364E-05 -6.995433381E-05
221.2 5.600358423E-05 -4.200268817E-05
221.4 5.604375897E-05 4.203281923E-05
221.6 5.047559225E-05 -1.402099785E-05
221.8 5.051185345E-05 -2.80621408E-05
222 5.054816679E-05 1.404115744E-05
222.2 4.496402878E-05 -2.810251799E-05
222.4 3.937185025E-05 -8.436825054E-05
222.6 4.502881844E-05 -8.442903458E-05
222.8 5.069394376E-05 -1.408165105E-05
223 4.509379509E-05 2.818362193E-05
223.2 3.948555957E-05 1.410198556E-05
223.4 3.386921965E-05 1.411217486E-05
223.6 2.824475777E-05 7.061189443E-05
223.8 2.26121563E-05 7.066298842E-05
224 2.262853005E-05 -1.414283128E-05
224.2 1.698369565E-05 -5.028183988E-21
224.4 1.13306744E-05 4.249002901E-05
224.6 5.669448476E-06 2.834724238E-05
224.8 5.673565723E-06 -5.165043926E-21
225 5.677688953E-06 -4.258266715E-05
225.2 5.681818182E-06 -4.261363636E-05
225.4 5.685953421E-06 -1.421488355E-05
225.6 5.690094683E-06 -1.422523671E-05
225.8 5.694241983E-06 -4.270681487E-05
226 5.698395332E-06 -5.698395332E-05
226.2 5.702554745E-06 -1.266221515E-20
226.4 5.706720234E-06 5.706720234E-05
226.6 1.142178363E-05 5.710891813E-05
226.8 1.714520849E-05 4.286302121E-05
227 5.719253294E-06 -1.429813324E-05
227.2 5.723443223E-06 -4.292582418E-05
227.4 1.145527859E-05 3.784053333E-20
227.6 5.731841526E-06 2.545448974E-20
227.8 0 -2.868024963E-05
228 0 -2.870132256E-05
228.2 0 -1.436121324E-05
228.4 0 2.389851919E-20
228.6 0 1.438236377E-05
228.8 0 1.439296242E-05
229 0 1.44035767E-05
229.2 0 1.441420664E-05
229.4 0 1.442485229E-05
229.6 0 -1.443551367E-05
229.8 0 -5.778476331E-05
230 0 -4.337065137E-05
230.2 0 -2.893518519E-05
230.4 5.791326909E-06 -1.447831727E-05
230.6 5.795623145E-06 1.448905786E-05
230.8 5.799925761E-06 1.44998144E-05
231 5.80423477E-06 1.827851955E-21
231.2 5.808550186E-06 2.904275093E-05
231.4 0 2.906436012E-05
231.6 0 1.454300074E-05
231.8 0 1.455383756E-05
232 0 1.456469053E-05
232.2 0 4.37266791E-05
232.4 0 1.458644511E-05
232.6 0 -2.919469357E-05
232.8 0 -4.382479432E-05
233 0 -2.788544662E-20
233.2 0 2.926029963E-05
233.4 0 1.464111694E-05
233.6 5.86084021E-06 2.930420105E-05
233.8 0 2.93262012E-05
234 0 1.467411721E-05
234.2 0 -1.468515038E-05
234.4 0 -3.411055659E-20
234.6 5.882906627E-06 -6.395219441E-20
234.8 5.887339864E-06 -1.471834966E-05
235 0 -2.945889894E-05
235.2 0 -4.422169811E-05
235.4 0 -2.950339879E-05
235.6 0 -1.476284958E-05
235.8 0 1.477401664E-05
236 0 1.478520061E-05
236.2 0 1.877635424E-20
236.4 0 2.961523882E-05
236.6 0 5.92754173E-05
236.8 0 1.48301063E-05
237 0 -1.484137538E-05
237.2 0 -1.48526616E-05
237.4 0 -4.459189498E-05
237.6 0 -7.437642803E-05
237.8 0 -5.95464939E-05
238 0 -2.979595728E-05
238.2 0 -1.443652642E-21
238.4 0 4.476222307E-05
238.6 0 2.986429664E-05
238.8 0 1.494357307E-05
239 0 1.495501531E-05
239.2 0 2.993295019E-05
239.4 0 5.991180982E-05
239.6 5.995778972E-06 7.918160371E-22
239.8 1.200076805E-05 -1.500096006E-05
240 1.801498847E-05 3.002498078E-05
240.2 2.403846154E-05 -2.402928394E-20
240.4 3.007120862E-05 -1.503560431E-05
240.6 2.407550077E-05 1.993204654E-20
240.8 3.011757903E-05 -8.275475224E-21
241 3.616898148E-05 1.507040895E-05
241.2 3.61969112E-05 4.5246139E-05
241.4 3.622488408E-05 4.52811051E-05
241.6 3.625290023E-05 1.51053751E-05
241.8 3.023413313E-05 1.511706656E-05
242 3.025755229E-05 1.512877614E-05
242.2 3.028100775E-05 1.514050388E-05
242.4 3.030449961E-05 4.545674942E-05
242.6 3.032802795E-05 1.516401398E-05
242.8 3.642191142E-05 -1.517579643E-05
243 4.252527216E-05 1.51875972E-05
243.2 4.86381323E-05 -2.191472518E-20
243.4 5.476051402E-05 1.006679186E-20
243.6 5.480319564E-05 -1.52231099E-05
243.8 6.09399376E-05 -4.57049532E-05
244 6.098750976E-05 1.609263505E-20
244.2 5.493164063E-05 1.525878906E-05
244.4 4.88663018E-05 -8.305767931E-21
244.6 3.667840376E-05 -1.528266823E-05
244.8 2.447141738E-05 -3.058927173E-05
245 1.836794671E-05 -4.591986677E-05
245.2 1.225490196E-05 -1.531862745E-05
245.4 6.132260597E-06 3.066130298E-05
245.6 0 -1.538632089E-20
245.8 6.141902516E-06 7.031397872E-21
246 6.146734854E-06 -1.054937154E-20
246.2 1.230314961E-05 7.750528568E-21
246.4 1.231284476E-05 1.539105595E-05
246.6 6.161277603E-06 3.080638801E-05
246.8 6.166140489E-06 4.624605367E-05
247 0 -1.542752765E-05
247.2 6.175889328E-06 -6.175889328E-05
247.4 6.180775316E-06 -6.180775316E-05
247.6 6.185669042E-06 -4.639251781E-05
247.8 6.190570523E-06 1.664753674E-20
248 6.195479778E-06 1.548869944E-05
248.2 6.200396825E-06 3.524904618E-20
248.4 6.205321684E-06 3.102660842E-05
248.6 1.242050874E-05 4.657690779E-05
248.8 1.864558473E-05 1.553798727E-05
249 2.488057325E-05 4.665107484E-05
249.2 3.112549801E-05 7.781374502E-05
249.4 3.738038278E-05 4.672547847E-05
249.6 4.36452514E-05 3.117517957E-05
249.8 4.368011182E-05 4.680011981E-05
250 4.371502798E-05 1.561250999E-05
250.2 4.375E-05 -3.125E-05
250.4 4.378502802E-05 -3.532233455E-20
250.6 4.382011218E-05 6.260016026E-05
250.8 4.385525261E-05 7.831295108E-05
251 4.389044944E-05 9.405096308E-05
251.2 5.647590361E-05 9.412650602E-05
251.4 6.280144695E-05 4.710108521E-05
251.6 7.542236525E-05 7.85649638E-05
251.8 8.806360709E-05 9.435386473E-05
252 9.442989525E-05 1.573831587E-05
252.2 0.0001008064516 9.567700714E-21
252.4 9.458232446E-05 4.729116223E-05
252.6 8.203756058E-05 4.732936187E-05
252.8 7.578819725E-05 3.157841552E-05
253 6.952872168E-05 6.32079288E-05
253.2 6.325910931E-05 6.325910931E-05
253.4 5.064829822E-05 2.541376223E-21
253.6 4.435320357E-05 -1.419904225E-20
253.8 3.804788961E-05 6.341314935E-05
254 2.538586515E-05 4.759849716E-05
254.2 1.905487805E-05 -1.799145633E-20
254.4 1.271358828E-05 3.178397071E-05
254.6 6.361970684E-06 4.771478013E-05
254.8 0 3.183577832E-05
255 0 -3.473752378E-20
255.2 0 -3.18877551E-05
255.4 0 -4.787071078E-05
255.6 0 -1.596995094E-05
255.8 0 -4.370021692E-20
256 0 -7.998054873E-05
256.2 0 -8.004610656E-05
256.4 0 4.289139612E-21
256.6 0 1.603550903E-05
256.8 0 -3.209737058E-05
257 0 -3.212376645E-05
257.2 0 -1.607510288E-05
257.4 0 -3.217668863E-05
257.6 0 -1.269690152E-21
257.8 0 -1.611489274E-05
258 0 -4.83845995E-05
258.2 0 1.614152893E-05
258.4 0 4.84646402E-05
258.6 0 1.616825331E-05
258.8 0 -1.618164872E-05
259 0 1.619506633E-05
259.2 0 4.862551867E-05
259.4 0 6.555828127E-21
259.6 0 -3.247090607E-05
259.8 0 -1.624896007E-05
260 0 -4.878746878E-05
260.2 0 -3.255208333E-05
260.4 0 -1.628961635E-05
260.6 0 -8.151606845E-05
260.8 0 -8.158416876E-05
261 0 -8.165238294E-05
261.2 0 -6.537656904E-05
261.4 0 -1.635783082E-05
261.6 0 1.637154233E-05
261.8 0 -3.277055369E-05
262 0 -8.199517212E-05
262.2 0 -9.847689076E-05
262.4 0 -9.855971405E-05
262.6 0 -3.288089226E-05
262.8 0 -3.290859309E-05
263 0 -4.940451096E-05
263.2 0 3.296413502E-05
263.4 0 4.948796453E-05
263.6 0 1.650993238E-05
263.8 0 -8.2626386E-21
264 0 -1.653789162E-05
264.2 0 3.310381356E-05
264.4 0 -1.656594572E-05
264.6 0 -4.974002547E-05
264.8 0 -1.659409516E-05
265 0 -3.321641156E-05
265.2 0 -1.662234043E-05
265.4 0 3.32729983E-05
265.6 0 6.660272805E-05
265.8 0 3.332977816E-05
266 0 -2.828868087E-21
266.2 0 3.338675214E-05
266.4 0 5.012296835E-05
266.6 0 8.360980308E-05
266.8 0 0.0001004177378
267 0 5.025192967E-05
267.2 0 1.676502146E-05
267.4 0 -1.67794244E-05
267.6 6.717540843E-06 1.905628406E-20
267.8 1.344664372E-05 2.231274487E-20
268 2.01873385E-05 3.364556417E-05
268.2 2.020474138E-05 5.051185345E-05
268.4 2.022217429E-05 3.370362381E-05
268.6 2.023963731E-05 3.373272884E-05
268.8 2.025713051E-05 3.376188418E-05
269 1.351643599E-05 -5.421172062E-20
269.2 6.764069264E-06 -1.691017316E-05
269.4 0 -1.692482669E-05
269.6 0 3.387901127E-05
269.8 0 5.086263021E-05
270 6.787576021E-06 -4.79413289E-20
270.2 1.358695652E-05 -4.663992918E-21
270.4 2.039817232E-05 -1.699847694E-05
270.6 2.722125436E-05 1.701328397E-05
270.8 2.724498692E-05 1.760056186E-20
271 3.408595113E-05 -5.11289267E-05
271.2 4.093886463E-05 -1.705786026E-05
271.4 4.780375874E-05 5.121831294E-05
271.6 5.468066492E-05 8.543853893E-05
271.8 5.472854641E-05 6.841068301E-05
272 6.162357581E-05 3.423531989E-05
272.2 6.853070175E-05 5.139802632E-05
272.4 8.230904302E-05 6.859086918E-05
272.6 8.924648506E-05 5.148835677E-05
272.8 9.619613017E-05 -1.671080873E-20
273 0.0001031580106 -5.157900528E-05
273.2 0.0001032488987 -3.441629956E-05
273.4 0.0001102292769 -1.722332451E-05
273.6 0.0001172219771 -3.447705207E-05
273.8 0.0001242270318 -1.725375442E-05
274 0.0001312444739 -3.453801945E-05
274.2 0.0001382743363 -3.456858407E-05
274.4 0.0001453166519 -3.459920283E-05
274.6 0.0001523714539 -1.731493794E-05
274.8 0.0001594387755 -1.733030169E-05
275 0.0001665186501 -1.734569272E-05
275.2 0.0001736111111 -5.208333333E-05
275.4 0.0001807161922 -6.950622776E-05
275.6 0.0001808771149 1.739203028E-05
275.8 0.0001810383244 5.222259358E-05
276 0.0001811998216 3.484611954E-05
276.2 0.0001813616071 -6.975446429E-05
276.4 0.0001745420018 -0.0001047252011
276.6 0.0001677101968 -5.240943649E-05
276.8 0.0001608661594 1.459417943E-20
277 0.0001540098566 -1.750112007E-05
277.2 0.0001541479821 -7.006726457E-05
277.4 0.0001472733393 -5.259762118E-05
277.6 0.0001403863432 5.264487871E-05
277.8 0.0001334869604 7.025629496E-05
278 0.0001265751575 -1.757988299E-05
278.2 0.0001266891892 -3.519144144E-05
278.4 0.0001197587917 -1.761158702E-05
278.6 0.0001128158845 -1.762748195E-05
278.8 0.0001058604336 5.049098637E-21
279 9.889240506E-05 5.297807414E-05
279.2 9.191176471E-05 5.30260181E-05
279.4 8.491847826E-05 1.769134964E-05
279.6 7.791251133E-05 -2.081377376E-20
279.8 7.08938294E-05 -1.772345735E-05
280 6.386239782E-05 1.773955495E-05
280.2 5.681818182E-05 -1.59537453E-20
280.4 4.97611465E-05 -1.777183803E-05
280.6 4.269125683E-05 -1.795433734E-20
280.8 3.560847767E-05 -4.505012961E-20
281 2.851277372E-05 -1.039170394E-20
281.2 2.140410959E-05 -5.351027397E-05
281.4 1.428244973E-05 -3.570612431E-05
281.6 7.147758463E-06 -3.573879231E-05
281.8 0 -1.788576007E-05
282 0 -1.391365596E-20
282.2 0 -8.959288991E-05
282.4 0 -0.000125545225
282.6 0 -7.180606618E-05
282.8 0 -1.796803128E-05
283 7.193830571E-06 -1.798457643E-05
283.2 7.200460829E-06 -5.400345622E-05
283.4 7.207103321E-06 -3.603551661E-05
283.6 1.442751616E-05 -1.686875569E-20
283.8 2.166127542E-05 -1.805106285E-05
284 2.890841813E-05 -1.806776133E-05
284.2 3.616898148E-05 -4.202435287E-20
284.4 3.620250232E-05 -5.597237291E-20
284.6 3.623608534E-05 -1.811804267E-05
284.8 2.901578459E-05 3.626973073E-05
285 2.904275093E-05 3.630343866E-05
285.2 2.906976744E-05 -3.63372093E-05
285.4 2.909683426E-05 -1.818552142E-05
285.6 3.640493942E-05 -5.460740913E-05
285.8 3.643889925E-05 -7.287779851E-05
286 3.64729225E-05 -3.64729225E-05
286.2 3.650700935E-05 -3.650700935E-05
286.4 3.654115996E-05 -3.654115996E-05
286.6 3.657537453E-05 -5.48630618E-05
286.8 4.393158388E-05 -1.830482662E-05
287 4.39727955E-05 1.832199812E-05
287.2 4.401408451E-05 -1.833920188E-05
287.4 2.937030075E-05 -3.703529007E-20
287.6 2.204844779E-05 1.837370649E-05
287.8 1.471280603E-05 -5.099526602E-20
288 1.472667295E-05 5.522502356E-05
288.2 1.474056604E-05 0.0001105542453
288.4 1.475448536E-05 9.221553352E-05
288.6 7.384215501E-06 3.69210775E-05
288.8 7.391201514E-06 -1.847800378E-05
289 7.398200758E-06 -3.699100379E-05
289.2 7.40521327E-06 -7.40521327E-05
289.4 7.412239089E-06 -9.265298861E-05
289.6 7.419278253E-06 -5.564458689E-05
289.8 7.426330798E-06 -3.141165699E-20
290 7.433396765E-06 -1.099823475E-20
290.2 7.44047619E-06 -3.720238095E-05
290.4 7.447569113E-06 4.11405256E-20
290.6 7.454675573E-06 3.727337786E-05
290.8 7.461795606E-06 3.021862166E-20
291 7.468929254E-06 -3.734464627E-05
291.2 7.476076555E-06 -1.869019139E-05
291.4 7.483237548E-06 1.663854771E-20
291.6 7.490412272E-06 1.891496961E-20
291.8 7.497600768E-06 2.904280995E-20
292 7.504803074E-06 1.876200768E-05
292.2 0 -1.878004808E-05
292.4 0 -3.759624639E-05
292.6 0 1.881623314E-05
292.8 0 1.883437801E-05
293 0 -1.885255792E-05
293.2 0 3.774154589E-05
293.4 0 5.666706963E-05
293.6 0 1.890730881E-05
293.8 0 3.785125969E-05
294 0 1.894398642E-05
294.2 0 5.688713592E-05
294.4 0 7.592322643E-05
294.6 0 3.799854086E-05
294.8 0 7.607108082E-05
295 0 7.614522417E-05
295.2 0 3.81097561E-05
295.4 7.629394531E-06 3.814697266E-05
295.6 7.636852395E-06 1.909213099E-05
295.8 1.528864971E-05 3.822162427E-05
296 2.295543585E-05 7.651811949E-05
296.2 3.06372549E-05 -3.318783462E-20
296.4 3.06673209E-05 3.833415113E-05
296.6 3.069744597E-05 0.0001534872299
296.8 3.072763029E-05 5.761430678E-05
297 3.075787402E-05 -5.767101378E-05
297.2 3.078817734E-05 5.772783251E-05
297.4 3.081854043E-05 7.704635108E-05
297.6 3.084896347E-05 -1.928060217E-05
297.8 3.087944664E-05 5.789896245E-05
298 3.090999011E-05 9.659371909E-05
298.2 3.094059406E-05 5.801361386E-05
298.4 3.097125867E-05 3.871407334E-05
298.6 3.100198413E-05 3.875248016E-05
298.8 3.103277061E-05 5.818644489E-05
299 3.106361829E-05 5.824428429E-05
299.2 3.109452736E-05 7.773631841E-05
299.4 3.112549801E-05 5.836030876E-05
299.6 3.115653041E-05 1.947283151E-05
299.8 3.118762475E-05 -1.949226547E-05
300 3.121878122E-05 -3.902347652E-05
300.2 3.125E-05 -7.8125E-05
300.4 3.128128128E-05 -0.0001173048048
300.6 3.131262525E-05 -3.914078156E-05
300.8 3.13440321E-05 3.918004012E-05
301 3.137550201E-05 -6.887469622E-21
301.2 3.140703518E-05 -3.925879397E-05
301.4 3.143863179E-05 -1.964914487E-05
301.6 3.147029204E-05 1.966893253E-05
301.8 3.150201613E-05 1.968876008E-05
302 3.153380424E-05 1.970862765E-05
302.2 3.156565657E-05 3.945707071E-05
302.4 3.159757331E-05 1.974848332E-05
302.6 3.162955466E-05 -3.953694332E-05
302.8 3.166160081E-05 -3.957700101E-05
303 2.377028398E-05 9.90428499E-05
303.2 3.172588832E-05 5.948604061E-05
303.4 2.381859756E-05 -1.98488313E-05
303.6 2.384282808E-05 -1.98690234E-05
303.8 1.59114053E-05 -9.94462831E-05
304 3.185524975E-05 -7.963812436E-05
304.2 2.391581633E-05 -1.992984694E-05
304.4 1.596016343E-05 -3.990040858E-05
304.6 1.597648262E-05 -5.991180982E-05
304.8 1.599283521E-05 1.999104401E-05
305 8.004610656E-06 8.004610656E-05
305.2 0 2.003205128E-05
305.4 0 -2.005261807E-05
305.6 0 -4.014645427E-05
305.8 8.03755144E-06 -2.00938786E-05
306 0 -4.39487101E-20
306.2 0 -4.027061856E-05
306.4 0 -4.03121775E-05
306.6 0 -4.035382231E-05
306.8 0 -6.059332989E-05
307 0 -2.02186853E-05
307.2 0 -2.023963731E-05
307.4 0 -2.026063278E-05
307.6 0 2.028167186E-05
307.8 0 -2.030275468E-05
308 0 -6.097164412E-05
308.2 0 2.034505208E-05
308.4 0 4.073253389E-05
308.6 0 -2.03875261E-05
308.8 0 -2.040882968E-05
309 0 -2.043017782E-05
309.2 0 -4.090314136E-05
309.4 0 -4.094601677E-05
309.6 0 -6.148347324E-05
309.8 0 -6.154805672E-05
310 0 -4.107518402E-05
310.2 0 -8.223684211E-05
310.4 0 -6.174262381E-05
310.6 0 -4.120516878E-05
310.8 0 -2.062434002E-05
311 0 4.899877431E-20
311.2 0 -8.267195767E-05
311.4 0 -8.27595339E-05
311.6 0 -2.071182397E-05
311.8 0 -2.073381104E-05
312 0 -6.226753454E-05
312.2 0 -8.311170213E-05
312.4 0 -4.16001065E-05
312.6 0 -2.082222814E-05
312.8 0 2.084445037E-05
313 0 6.260016026E-05
313.2 0 -3.907784577E-20
313.4 0 -1.324912431E-20
313.6 0 4.18676313E-05
313.8 0 -2.095627682E-05
314 0 -2.097878625E-05
314.2 0 2.100134409E-05
314.4 0 6.307185145E-05
314.6 0 0.000105233028
314.8 0 6.32079288E-05
315 0 2.109206263E-05
315.2 0 6.334459459E-05
315.4 0 0.0001056885823
315.6 0 4.23212351E-05
315.8 0 2.118356833E-05
316 8.482627579E-06 2.120656895E-05
316.2 8.491847826E-06 -2.122961957E-05
316.4 8.501088139E-06 -2.125272035E-05
316.6 8.510348584E-06 4.255174292E-05
316.8 8.519629226E-06 6.389721919E-05
317 8.528930131E-06 2.132232533E-05
317.2 0 4.269125683E-05
317.4 0 0.000128213895
317.6 0 8.556955093E-05
317.8 0 -2.14158443E-05
318 0 2.285036412E-20
318.2 0 4.292582418E-05
318.4 0 -1.653578421E-20
318.6 0 2.151018722E-05
318.8 8.613561191E-06 8.613561191E-05
319 8.623068433E-06 4.311534216E-05
319.2 8.632596685E-06 4.316298343E-05
319.4 8.642146018E-06 4.321073009E-05
319.6 8.651716501E-06 -4.32585825E-05
319.8 8.661308204E-06 -2.165327051E-05
320 0 0.000108386515
320.2 0 0.0001085069444
320.4 0 2.172552836E-05
320.6 0 2.17497216E-05
320.8 0 2.165585099E-20
321 0 2.179827009E-05
321.2 0 -2.445372246E-20
321.4 0 -6.420066401E-21
321.6 0 2.187150056E-05
321.8 0 4.103387756E-20
322 0 5.784580443E-21
322.2 0 -4.389044944E-05
322.4 0 -4.393982002E-05
322.6 0 -4.39893018E-05
322.8 0 -4.403889515E-05
323 0 -2.204430023E-05
323.2 0 2.643080499E-20
323.4 0 2.209417421E-05
323.6 0 -2.211919592E-05
323.8 0 -6.643282313E-05
324 0 -2.132742166E-20
324.2 0 3.13579625E-21
324.4 0 -2.22198521E-05
324.6 0 -2.224515945E-05
324.8 0 -4.454104903E-05
325 0 2.229594749E-05
325.2 0 2.450663493E-20
325.4 0 -4.469393593E-05
325.6 0 -4.474513173E-05
325.8 0 -6.719466743E-05
326 0 -4.4847876E-05
326.2 0 -8.979885057E-05
326.4 0 -6.742663982E-05
326.6 0 -4.500288018E-05
326.8 0 -2.252739331E-05
327 0 -2.434996196E-20
327.2 0 -4.515895954E-05
327.4 0 -2.260561343E-05
327.6 0 -2.27388355E-20
327.8 0 4.531612529E-05
328 0 4.536875726E-05
328.2 0 2.271075581E-05
328.4 0 4.547438882E-05
328.6 0 2.276369464E-05
328.8 0 -2.279025671E-05
329 0 -3.940063611E-20
329.2 0 -2.284356725E-05
329.4 0 -4.574063232E-05
329.6 0 2.289712778E-05
329.8 0 -2.238730394E-20
330 0 -2.295094007E-05
330.2 0 -2.297794118E-05
330.4 0 -6.901501767E-05
330.6 0 -6.90964033E-05
330.8 0 -6.917798111E-05
331 0 -6.925975177E-05
331.2 0 -2.311390533E-05
331.4 0 -2.314129147E-05
331.6 0 4.753635817E-21
331.8 0 -1.405758657E-20
332 0 2.322384067E-05
332.2 0 6.975446429E-05
332.4 0 2.327920143E-05
332.6 0 6.992094272E-05
332.8 0 2.333482676E-05
333 0 -2.336273923E-05
333.2 0 4.678143713E-05
333.4 0 4.683752998E-05
333.6 0 9.378751501E-05
333.8 0 0.0001173753005
334 0 7.05099278E-05
334.2 0 9.412650602E-05
334.4 0 9.424004825E-05
334.6 0 7.076539855E-05
334.8 0 7.085096735E-05
335 0 7.093674334E-05
335.2 0 7.102272727E-05
335.4 0 9.48118932E-05
335.6 0 0.000142390644
335.8 0 0.0001425638686
336 0 0.0001189479294
336.2 0 9.527439024E-05
336.4 0 9.539072039E-05
336.6 0 4.775366748E-05
336.8 9.562423501E-06 -2.390605875E-05
337 9.574142157E-06 -5.569948726E-20
337.2 9.585889571E-06 4.792944785E-05
337.4 9.597665848E-06 7.198249386E-05
337.6 9.609471095E-06 9.609471095E-05
337.8 9.621305419E-06 -2.444931768E-20
338 9.633168927E-06 -4.816584464E-05
338.2 9.645061728E-06 2.411265432E-05
338.4 9.656983931E-06 4.828491965E-05
338.6 9.668935644E-06 4.834467822E-05
338.8 0 9.680916976E-05
339 0 9.69292804E-05
339.2 0 9.704968944E-05
339.4 0 9.717039801E-05
339.6 0 7.296855542E-05
339.8 0 9.74127182E-05
340 0 2.438358302E-05
340.2 0 -2.274638785E-20
340.4 0 -2.258220359E-20
340.6 0 -2.447525063E-05
340.8 9.80238394E-06 2.450595985E-05
341 1.962939698E-05 4.907349246E-05
341.2 2.948113208E-05 4.913522013E-05
341.4 3.935768262E-05 -4.919710327E-05
341.6 5.9110971E-05 -3.235754948E-20
341.8 6.904987374E-05 4.932133838E-05
342 7.901390645E-05 -2.469184576E-05
342.2 8.900316456E-05 -2.472310127E-05
342.4 9.901774398E-05 -2.475443599E-05
342.6 9.914340102E-05 -7.435755076E-05
342.8 9.926937738E-05 -9.926937738E-05
343 9.93956743E-05 -4.969783715E-05
343.2 9.952229299E-05 -4.97611465E-05
343.4 9.964923469E-05 -4.982461735E-05
343.6 9.977650064E-05 -9.977650064E-05
343.8 9.990409207E-05 -2.497602302E-05
344 0.0001000320102 5.001600512E-05
344.2 0.0001001602564 -7.512019231E-05
344.4 0.000110317715 -7.521662388E-05
344.6 0.0001104595116 -7.531330334E-05
344.8 0.0001106016731 -5.027348777E-05
345 0.000110744201 -2.51691366E-05
345.2 0.0001108870968 -5.040322581E-05
345.4 0.0001110303618 -5.046834625E-05
345.6 0.0001010672704 2.526681759E-05
345.8 0.0001011981865 -5.059909326E-05
346 0.0001114623865 -0.0001519941634
346.2 0.0001217532468 -0.0001775568182
346.4 0.0001219115735 -0.0001269912224
346.6 0.0001220703125 -0.0001271565755
346.8 0.0001222294654 -0.0001273223598
347 0.0001223890339 -4.100866949E-20
347.2 0.0001225490196 -5.10620915E-05
347.4 0.0001329352094 -0.0001022578534
347.6 0.0001331094364 -2.559796855E-05
347.8 0.0001332841207 2.563156168E-05
348 0.0001231931669 5.13304862E-05
348.2 0.0001130756579 5.139802632E-05
348.4 0.0001132246377 2.57328722E-05
348.6 0.0001030672823 7.730046174E-05
348.8 9.288309115E-05 7.740257596E-05
349 8.267195767E-05 2.583498677E-05
349.2 7.243377483E-05 2.58692053E-05
349.4 6.216843501E-05 -4.321748027E-20
349.6 4.150066401E-05 7.781374502E-05
349.8 3.11668883E-05 5.194481383E-05
350 3.120838881E-05 -7.802097204E-05
350.2 2.083333333E-05 -0.0001041666667
350.4 2.08611482E-05 -0.000104305741
350.6 2.088903743E-05 -5.222259358E-05
350.8 2.091700134E-05 -5.229250335E-05
351 3.141756032E-05 -0.0001832691019
351.2 3.145973154E-05 -0.0001310822148
351.4 3.150201613E-05 -2.79794109E-20
351.6 3.154441454E-05 -0.0001314350606
351.8 4.211590296E-05 -0.0002105795148
352 4.217273954E-05 -0.0001581477733
352.2 4.222972973E-05 -7.918074324E-05
352.4 3.171515562E-05 2.184314129E-20
352.6 2.117208672E-05 1.952363365E-20
352.8 3.180122117E-05 2.650101764E-05
353 3.184442935E-05 7.961107337E-05
353.2 3.18877551E-05 5.31462585E-05
353.4 3.193119891E-05 2.660933243E-05
353.6 2.13165075E-05 5.329126876E-05
353.8 2.134562842E-05 -2.668203552E-05
354 2.1374829E-05 -5.34370725E-05
354.2 3.210616438E-05 -2.675513699E-05
354.4 4.286694102E-05 5.358367627E-05
354.6 3.219436813E-05 5.365728022E-05
354.8 2.149243466E-05 2.686554333E-05
355 2.152203857E-05 2.690254821E-05
355.2 1.077586207E-05 -5.387931034E-05
355.4 1.079074586E-05 1.549899863E-20
355.6 1.080567082E-05 8.104253112E-05
355.8 1.082063712E-05 5.41031856E-05
356 1.083564494E-05 4.84627637E-20
356.2 1.085069444E-05 2.712673611E-05
356.4 1.086578581E-05 -5.432892907E-05
356.6 1.088091922E-05 -8.160689415E-05
356.8 2.179218968E-05 5.44804742E-05
357 2.18226257E-05 5.455656425E-05
357.2 1.092657343E-05 6.812475235E-21
357.4 1.094187675E-05 2.735469188E-05
357.6 0 2.73930575E-05
357.8 0 -5.48630618E-05
358 0 -5.494022504E-05
358.2 0 1.100673273E-19
358.4 0 -1.013550695E-20
358.6 0 -6.340094087E-20
358.8 0 1.753689186E-20
359 0 -5.532932011E-05
359.2 0 -2.141308606E-20
359.4 0 2.774325284E-05
359.6 0 -0.0001111308677
359.8 0 -5.564458689E-05
360 0 2.786198288E-05
360.2 0 2.790178571E-05
360.4 0 5.813014464E-20
360.6 0 -2.798173352E-05
360.8 0 -2.802187948E-05
361 0 -5.612428161E-05
361.2 0 2.464838182E-20
361.4 0 2.814301153E-05
361.6 0 -2.818362193E-05
361.8 0 -2.822434971E-05
362 0 -6.285113408E-20
362.2 0 -2.830615942E-05
362.4 0 -2.834724238E-05
362.6 0 7.906803946E-20
362.8 0 -6.421162479E-21
363 0 -2.847120991E-05
363.2 0 -5.702554745E-05
363.4 0 -0.0001142178363
363.6 0 -2.859626647E-05
363.8 0 2.863819648E-05
364 0 -8.60407489E-05
364.2 0 -5.744485294E-05
364.4 0 -5.752945508E-05
364.6 0 -5.761430678E-05
364.8 0 -5.769940916E-05
365 0 -5.778476331E-05
365.2 0 -2.893518519E-05
365.4 0 -2.897811573E-05
365.6 0 -5.80423477E-05
365.8 0 -8.719308036E-05
366 1.164307004E-05 -8.732302534E-05
366.2 1.166044776E-05 -5.830223881E-05
366.4 1.167787743E-05 2.919469357E-05
366.6 1.169535928E-05 2.92383982E-05
366.8 1.171289355E-05 2.928223388E-05
367 0 2.93262012E-05
367.2 0 -4.204611082E-20
367.4 0 -2.941453313E-05
367.6 0 -2.945889894E-05
367.8 0 -5.900679758E-05
368 0 -5.909606657E-05
368.2 0 -5.918560606E-05
368.4 0 -2.963770865E-05
368.6 0 5.936550152E-05
368.8 0 2.972792998E-05
369 0 2.977324695E-05
369.2 0 2.981870229E-05
369.4 0 -2.986429664E-05
369.6 0 -5.982006126E-05
369.8 0 -2.995590491E-05
370 0 -3.000192012E-05
370.2 0 -6.009615385E-05
370.4 0 -3.009437596E-05
370.6 0 -3.878329049E-20
370.8 0 3.01874034E-05
371 0 3.023413313E-05
371.2 0 -3.028100775E-05
371.4 0 -3.032802795E-05
371.6 0 -7.30041972E-21
371.8 0 1.122801799E-20
372 0 2.442930978E-21
372.2 0 -6.69913726E-20
372.4 0 -5.997207936E-20
372.6 0 3.061324451E-05
372.8 0 3.066130298E-05
373 0 -3.091560721E-20
373.2 0 3.075787402E-05
373.4 0 6.161277603E-05
373.6 0 3.085505529E-05
373.8 0 -3.090387658E-05
374 0 -3.095285261E-05
374.2 0 -1.862527482E-20
374.4 0 -1.129959891E-19
374.6 0 -5.586297749E-20
374.8 0 1.09399488E-20
375 0 2.804095556E-20
375.2 0 -1.140528553E-20
375.4 0 -1.120394998E-19
375.6 0 4.965771289E-20
375.8 0 -2.769576816E-20
376 0 -6.887332747E-20
376.2 0 -3.722834752E-20
376.4 0 -4.122054779E-20
376.6 0 -3.16039644E-05
376.8 0 -3.165518639E-05
377 0 -4.856448209E-20
377.2 0 -6.353764301E-20
377.4 0 -2.054015309E-20
377.6 0 -9.752754948E-21
377.8 0 6.382761438E-05
378 0 6.393207856E-05
378.2 0 1.995279487E-20
378.4 0 6.414203612E-05
378.6 0 0.0001284950658
378.8 0 9.65300659E-05
379 0 3.222978548E-05
379.2 0 -8.16176158E-20
379.4 0 3.233650662E-05
379.6 0 3.239013267E-05
379.8 0 3.244393688E-05
380 0 0.0001299916805
380.2 0 0.0001627604167
380.4 1.304257095E-05 0.0001304257095
380.6 1.306438127E-05 6.532190635E-05
380.8 1.308626466E-05 9.814698492E-05
381 1.310822148E-05 0.0001638527685
381.2 0 6.56512605E-05
381.4 0 9.864267677E-05
381.6 0 0.0001976180438
381.8 0 0.0001319679054
382 0 9.914340102E-05
382.2 0 6.620762712E-05
382.4 0 3.316001698E-05
382.6 0 0.0001328656463
382.8 0 9.981899489E-05
383 0 9.998933447E-05
383.2 1.335470085E-05 0.0001001602564
383.4 1.337756849E-05 6.688784247E-05
383.6 1.340051458E-05 0.0001005038593
383.8 1.342353952E-05 0.0001342353952
384 0 3.361660929E-05
384.2 0 0.0001010237069
384.4 0 0.0002023963731
384.6 0 0.0001351643599
384.8 0 0.0001353986135
385 0 0.0001017252604
385.2 0 3.817350977E-20
385.4 0 0.0001020797038
385.6 0 0.0001704297557
385.8 0 0.0001024366259
386 0 0.0001710267075
386.2 0 0.0001713267544
386.4 0 0.0001716278559
386.6 0 0.0001375440141
386.8 0 3.444664903E-05
387 0 0.0001035225265
387.2 0 0.0002074115044
387.4 0 0.0001038896277
387.6 1.387655417E-05 0.0001387655417
387.8 2.78024911E-05 0.0001737655694
388 4.177807487E-05 3.481506239E-05
388.2 6.975446429E-05 6.975446429E-05
388.4 6.987924866E-05 6.987924866E-05
388.6 8.400537634E-05 3.500224014E-05
388.8 9.818222621E-05 -3.506508079E-05
389 0.0001124100719 -7.025629496E-05
389.2 0.0001266891892 3.519144144E-05
389.4 0.00012691787 3.52549639E-05
389.6 0.0001271473779 7.063743219E-05
389.8 0.0001273777174 0.0001415307971
390 0.0001276088929 0.0001772345735
390.2 0.0001278409091 0.0001420454545
390.4 0.0001280737705 0.0001067281421
390.6 0.0001283074818 0.0001425638686
390.8 0.0001285420475 0.0001428244973
391 0.0001430860806 0.0001430860806
391.2 0.0001290137615 0.0001791857798
391.4 0.0001292509191 0.0001077090993
391.6 0.0001294889503 0.0001438766114
391.8 0.0001297278598 0.0001441420664
392 0.0001299676525 3.610212569E-05
392.2 0.0001302083333 3.616898148E-05
392.4 0.0001449443414 7.247217069E-05
392.6 0.0001452137546 0.0001452137546
392.8 0.0001309357542 0.0001454841713
393 0.0001311800373 0.000145755597
393.2 0.0001314252336 3.650700935E-05
393.4 0.0001316713483 -7.315074906E-05
393.6 0.0001319183865 3.664399625E-05
393.8 0.0001321663534 -3.671287594E-05
394 0.0001471280603 -3.678201507E-05
394.2 0.0001474056604 3.685141509E-05
394.4 0.00014768431 1.109208411E-20
394.6 0.0001479640152 -5.276015476E-20
394.8 0.0001482447818 -4.191734859E-21
395 0.0001336739544 -7.426330798E-05
395.2 0.0001488095238 -3.720238095E-05
395.4 0.0001192748092 7.454675573E-05
395.6 8.962715105E-05 -2.334079956E-20
395.8 7.483237548E-05 -7.483237548E-05
396 5.998080614E-05 -3.748800384E-05
396.2 6.009615385E-05 3.756009615E-05
396.4 3.010597303E-05 1.075075891E-20
396.6 3.016409266E-05 -0.0001131153475
396.8 4.533365571E-05 -0.0001133341393
397 1.514050388E-05 -7.570251938E-05
397.2 1.516990291E-05 -7.584951456E-05
397.4 3.039883268E-05 -0.0001139956226
397.6 3.045808967E-05 -0.0001142178363
397.8 3.051757812E-05 -0.0001525878906
398 3.057729941E-05 -7.644324853E-05
398.2 1.531862745E-05 -7.659313725E-05
398.4 1.534872299E-05 -0.0001151154224
398.6 1.537893701E-05 -0.0001153420276
398.8 1.540927022E-05 -0.0001155695266
399 3.087944664E-05 -1.168693447E-19
399.2 1.547029703E-05 -3.867574257E-05
399.4 3.100198413E-05 -3.875248016E-05
399.6 3.106361829E-05 3.882952286E-05
399.8 1.5562749E-05 3.890687251E-05
400 0 -7.796906188E-05
400.2 1.5625E-05 -3.90625E-05
400.4 1.565631263E-05 3.914078156E-05
400.6 1.5687751E-05 -5.253209049E-20
400.8 3.143863179E-05 3.929828974E-05
401 4.725302419E-05 7.875504032E-05
401.2 4.734848485E-05 3.945707071E-05
401.4 4.744433198E-05 -3.47234979E-20
401.6 4.754056795E-05 -1.522905224E-20
401.8 4.763719512E-05 -5.486164229E-20
402 4.773421589E-05 1.808161226E-21
402.2 4.783163265E-05 3.985969388E-05
402.4 4.792944785E-05 -5.262167319E-21
402.6 4.802766393E-05 -4.916000909E-20
402.8 3.208418891E-05 4.010523614E-05
403 3.215020576E-05 4.01877572E-05
403.2 3.221649485E-05 4.027061856E-05
403.4 3.228305785E-05 4.035382231E-05
403.6 3.234989648E-05 -7.985723975E-20
403.8 4.862551867E-05 4.052126556E-05
404 3.248440748E-05 8.121101871E-05
404.2 3.255208333E-05 -5.042983406E-20
404.4 3.262004175E-05 -4.077505219E-05
404.6 4.903242678E-05 -0.0001225810669
404.8 4.913522013E-05 8.229474598E-20
405 4.923844538E-05 8.206407563E-05
405.2 3.289473684E-05 7.058123153E-20
405.4 3.296413502E-05 -0.0001648206751
405.6 3.303382664E-05 -0.0001651691332
405.8 3.310381356E-05 4.137976695E-05
406 3.317409766E-05 4.146762208E-05
406.2 3.324468085E-05 -8.311170213E-05
406.4 3.331556503E-05 -8.328891258E-05
406.6 3.338675214E-05 -8.346688034E-05
406.8 5.018736617E-05 -5.119037736E-20
407 5.029506438E-05 0.0001257376609
407.2 5.040322581E-05 3.477359089E-20
407.4 5.051185345E-05 -8.418642241E-05
407.6 6.749460043E-05 -4.218412527E-05
407.8 8.45508658E-05 -4.22754329E-05
408 0.000101681128 4.236713666E-05
408.2 8.491847826E-05 8.491847826E-05
408.4 8.510348584E-05 -8.510348584E-05
408.6 8.528930131E-05 -4.264465066E-05
408.8 6.838074398E-05 -4.273796499E-05
409 6.853070175E-05 -0.0001284950658
409.2 6.868131868E-05 -5.958601515E-20
409.4 6.883259912E-05 8.60407489E-05
409.6 6.898454746E-05 4.311534216E-05
409.8 6.913716814E-05 4.00489867E-20
410 6.929046563E-05 2.943009314E-20
410.2 6.944444444E-05 4.340277778E-05
410.4 5.219933185E-05 4.943492497E-21
410.6 5.231584821E-05 -4.359654018E-05
410.8 5.243288591E-05 -7.29586634E-20
411 5.255044843E-05 0.0001313761211
411.2 3.511235955E-05 0.0001316713483
411.4 1.759572072E-05 -4.39893018E-05
411.6 0 -0.0001322658014
411.8 0 -0.0001325650452
412 0 1.684884793E-20
412.2 0 4.438920455E-05
412.4 0 -7.629701287E-20
412.6 0 4.459189498E-05
412.8 0 7.048138322E-21
413 0 6.022852852E-20
413.2 0 9.958732748E-20
413.4 0 -9.000576037E-05
413.6 0 9.302648618E-20
413.8 0 4.521122685E-05
414 0 1.226955189E-19
414.2 0 1.38373918E-19
414.4 0 4.552738928E-05
414.6 0 8.567173873E-20
414.8 0 -0.000137221897
415 0 -9.169600939E-05
415.2 0 -2.763378118E-21
415.4 0 4.606426887E-05
415.6 0 4.617316785E-05
415.8 0 -4.628258294E-05
416 0 -4.639251781E-05
416.2 1.860119048E-05 -6.456992536E-20
416.4 3.729116945E-05 -4.661396181E-05
416.6 5.607057416E-05 4.672547847E-05
416.8 5.620503597E-05 0.0001405125899
417 3.756009615E-05 4.695012019E-05
417.2 1.88253012E-05 -4.706325301E-05
417.4 0 -9.435386473E-05
417.6 0 -4.729116223E-05
417.8 0 -4.74059466E-05
418 0 -9.504257908E-05
418.2 0 -9.527439024E-05
418.4 0 -4.775366748E-05
418.6 0 9.574142157E-05
418.8 0 4.798832924E-05
419 0 -4.810652709E-05
419.2 0 4.822530864E-05
419.4 0 9.668935644E-05
419.6 0 9.69292804E-05
419.8 0 9.717039801E-05
420 0 9.74127182E-05
420.2 0 4.8828125E-05
420.4 0 4.895050125E-05
420.6 0 0.0001472204774
420.8 0 0.0002459855164
421 0 0.0001479640152
421.2 0 -4.944620253E-05
421.4 0 -9.914340102E-05
421.6 0 -4.969783715E-05
421.8 0 -2.244102505E-20
422 0 -4.995204604E-05
422.2 0 -0.000250400641
422.4 0 -0.0003012532134
422.6 0 -0.0001510148196
422.8 0 1.269715085E-20
423 0 2.286321901E-20
423.2 0 -5.073051948E-05
423.4 0 5.086263021E-05
423.6 0 5.099543081E-05
423.8 0 -5.11289267E-05
424 0 -5.126312336E-05
424.2 0 -5.139802632E-05
424.4 0 -5.153364116E-05
424.6 0 -6.193232016E-20
424.8 0 -5.189823425E-20
425 0 -5.194481383E-05
425.2 0 5.208333333E-05
425.4 0 0.0001044451872
425.6 0 -3.990744078E-21
425.8 0 -5.250336022E-05
426 0 -5.264487871E-05
426.2 0 5.278716216E-05
426.4 0 0.0001058604336
426.6 0 1.117534519E-19
426.8 0 -5.321866485E-05
427 0 1.952741257E-20
427.2 0 8.135266634E-21
427.4 0 5.365728022E-05
427.6 0 0.0001076101928
427.8 0 0.0002158149171
428 0 0.0002164127424
428.2 0 0.0001085069444
428.4 0 -1.278258852E-20
428.6 0 -5.455656425E-05
428.8 0 -8.020055677E-20
429 0 -1.475847687E-19
429.2 0 0.0001100352113
429.4 0 5.51730226E-05
429.6 0 -5.108183662E-20
429.8 0 5.548650568E-05
430 0 -7.692255376E-20
430.2 0 0.0001116071429
430.4 0 0.0002238538682
430.6 0 0.0001122485632
430.8 0 -5.628602305E-05
431 0 -0.0001693460983
431.2 0 -0.0002264492754
431.4 0 -0.0002271075581
431.6 0 -5.694241983E-05
431.8 0 0.0001142178363
432 0 5.727639296E-05
432.2 0 6.668675347E-20
432.4 0 -3.963493831E-20
432.6 0 -1.665628315E-19
432.8 0 -5.795623145E-05
433 0 -1.530879385E-19
433.2 0 5.830223881E-05
433.4 0 -5.847679641E-05
433.6 0 -5.86524024E-05
433.8 0 -5.882906627E-05
434 0 -5.900679758E-05
434.2 0 -5.918560606E-05
434.4 0 -5.936550152E-05
434.6 0 -1.766539291E-20
434.8 0 -9.250610809E-20
435 0 -7.215939639E-20
435.2 0 -1.983545113E-20
435.4 0 -5.174749044E-20
435.6 0 6.046826625E-05
435.8 0 -5.306139412E-20
436 0 -6.084501558E-05
436.2 0 1.397244968E-19
436.4 0 -6.122648903E-05
436.6 0 -6.141902516E-05
436.8 0 -6.161277603E-05
437 0 -0.0001854232595
437.2 2.48015873E-05 -0.0001860119048
437.4 2.488057325E-05 -6.220143312E-05
437.6 2.49600639E-05 -1.347582429E-19
437.8 2.50400641E-05 6.260016026E-05
438 0 6.280144695E-05
438.2 0 5.329351886E-20
438.4 0 1.498685534E-19
438.6 0 -3.833716186E-20
438.8 0 6.823216616E-20
439 0 1.176643217E-19
439.2 0 -6.403688525E-05
439.4 0 -6.424753289E-05
439.6 0 4.57835473E-20
439.8 0 1.888844297E-19
440 0 1.486818233E-19
440.2 0 6.506877586E-20
440.4 0 1.448260818E-19
440.6 0 -4.589216439E-20
440.8 0 9.640463766E-20
441 0 1.763364837E-19
441.2 0 1.831234327E-19
441.4 0 -6.643282313E-05
441.6 0 -6.665955631E-05
441.8 0 -2.82694915E-20
442 0 -2.712961144E-20
442.2 0 2.475347004E-20
442.4 0 5.86588079E-20
442.6 0 7.284682817E-20
442.8 0 5.424182906E-20
443 0 -6.618071188E-20
443.2 0 -6.682672675E-20
443.4 0 -5.740774501E-20
443.6 0 -2.074017537E-21
443.8 0 -7.042523499E-20
444 0 -4.58227006E-20
444.2 0 3.552234492E-22
444.4 0 -1.515792124E-19
444.6 0 -1.223494575E-19
444.8 0 -8.922615553E-20
445 0 7.076539855E-05
445.2 0 7.102272727E-05
445.4 0 6.387797334E-21
445.6 0 2.284923195E-19
445.8 0 1.60300076E-19
446 0 7.378471192E-20
446.2 0 -4.14160088E-20
446.4 0 -1.22548391E-20
446.6 0 -7.220568427E-20
446.8 0 6.260209841E-20
447 0 7.724460712E-20
447.2 0 1.802476638E-19
447.4 2.959280303E-05 7.398200758E-05
447.6 2.970532319E-05 7.426330798E-05
447.8 0 -7.454675573E-05
448 0 -7.483237548E-05
448.2 0 4.952848872E-20
448.4 0 1.090319074E-20
448.6 0 1.204409142E-19
448.8 0 7.56163926E-20
449 3.051757812E-05 7.629394531E-05
449.2 0 5.802200468E-20
449.4 0 -7.689468504E-05
449.6 0 -5.492743629E-20
449.8 0 1.589557206E-19
450 0 1.358941256E-19
450.2 0 1.882976577E-19
450.4 0 2.570371702E-19
450.6 0 2.332022332E-20
450.8 0 -3.509419658E-20
451 0 -3.423937024E-21
451.2 0 -8.595730653E-21
451.4 0 -9.576197792E-20
451.6 0 -1.162941908E-19
451.8 0 1.643789843E-20
452 0 -5.817912261E-20
452.2 0 -9.542985361E-21
452.4 0 1.972235988E-20
452.6 0 7.376229782E-20
452.8 0 1.849199163E-19
453 0 8.457133867E-20
453.2 0 1.979189822E-19
453.4 0 1.396278366E-19
453.6 0 -6.664679847E-20
453.8 0 8.418642241E-05
454 0 8.45508658E-05
454.2 0 -2.098826542E-20
454.4 0 -1.206830383E-19
454.6 0 -1.045809096E-19
454.8 0 -4.59676836E-20
455 0 -8.642146018E-05
455.2 0 -8.680555556E-05
455.4 0 -1.134361746E-19
455.6 0 -1.446712679E-19
455.8 0 -1.124298861E-19
456 0 -8.837669683E-05
456.2 0 -8.877840909E-05
456.4 0 -6.708119682E-20
456.6 0 -6.754284752E-20
456.8 0 1.045197376E-19
457 0 4.600567474E-20
457.2 0 2.437678473E-20
457.4 0 -6.177471611E-20
457.6 0 3.09201975E-20
457.8 0 -1.817242615E-19
458 0 1.192264962E-19
458.2 0 3.450312747E-20
458.4 0 9.345095694E-05
458.6 0 0.0001878004808
458.8 0 9.435386473E-05
459 0 -4.345836514E-20
459.2 0 -3.342213437E-20
459.4 0 2.042757559E-19
459.6 0 -9.621305419E-05
459.8 0 -0.0001933787129
460 0 -9.717039801E-05
460.2 0 -7.855130023E-20
460.4 0 2.200736636E-19
460.6 0 -2.175517428E-19
460.8 0 -1.573456124E-19
461 0 2.031381392E-19
461.2 0 4.980444485E-20
461.4 0 3.850980789E-21
461.6 0 3.469566387E-20
461.8 0 1.963814659E-19
462 0 1.863564482E-19
462.2 0 1.354461893E-19
462.4 0 1.904993042E-19
462.6 0 1.380778164E-19
462.8 0 2.793010383E-20
463 0 2.590293025E-20
463.2 0 -1.187270375E-19
463.4 0 -2.021656653E-20
463.6 0 1.687995207E-19
463.8 0 3.047619966E-19
464 0 2.470588536E-19
464.2 0 -9.601414734E-20
464.4 0 -6.556476806E-20
464.6 0 3.192092977E-21
464.8 0 1.462382599E-20
465 0 -2.750044867E-19
465.2 0 6.709708133E-20
465.4 0 1.387781297E-19
465.6 0 2.693688228E-19
465.8 0 4.033893881E-20
466 0 1.627230189E-19
466.2 0 2.191342153E-19
466.4 0 2.938109572E-20
466.6 0 5.57776933E-20
466.8 0 1.353172109E-19
467 0 7.400619647E-20
467.2 0 -1.42284791E-19
467.4 0 -7.702823237E-20
467.6 0 -3.389457927E-19
467.8 0 -1.824503349E-19
468 0 7.233784587E-20
468.2 0 -1.283110012E-19
468.4 0 -1.932624886E-19
468.6 0 -1.355293328E-19
468.8 0 -2.295076904E-19
469 0 -4.140067995E-20
469.2 0 -3.790529218E-19
469.4 0 -1.669772772E-19
469.6 0 4.665316101E-20
469.8 0 2.208467823E-20
470 0 1.223269676E-19
470.2 0 9.933026937E-20
470.4 0 -1.270965782E-19
470.6 0 0.0001319679054
470.8 0 0.0001328656463
471 0 -8.580124046E-20
471.2 0 1.040018622E-20
471.4 0 -1.031324874E-19
471.6 0 7.056428022E-20
471.8 0 -1.172825799E-21
472 0 -3.327590968E-19
472.2 0 1.420024791E-19
472.4 0 -3.721732135E-19
472.6 0 -0.0001415307971
472.8 0 -1.214866059E-19
473 0 -2.285266473E-19
473.2 0 -0.0001446759259
473.4 0 -3.977278627E-19
473.6 0 -3.680401917E-19
473.8 0 -2.079002683E-19
474 0 1.394315065E-20
474.2 0 -7.879392484E-20
474.4 0 -9.666300711E-20
474.6 0 1.182281632E-19
474.8 0 1.187498609E-19
475 0 5.443322953E-21
475.2 0 0.00015625
475.4 0 0.0003150201613
475.6 0 0.0001587906504
475.8 0 1.561809517E-20
476 0 3.817355363E-20
476.2 0 1.071722108E-19
476.4 0 7.849001626E-20
476.6 0 2.838634868E-19
476.8 0 -7.213523855E-20
477 0 -2.838198416E-19
477.2 0 -0.0001698369565
477.4 0 -0.0001713267544
477.6 0 1.249550212E-19
477.8 0 -0.0001743861607
478 0 -0.0001759572072
478.2 0 -1.829816201E-19
478.4 0 -1.077758263E-19
478.6 0 2.568108829E-19
478.8 0 -2.88678342E-20
479 0 -2.167914758E-19
479.2 0 2.115755825E-19
479.4 0 7.757458992E-20
479.6 0 1.032956689E-19
479.8 0 3.069974729E-19
480 0 -5.017894769E-20
480.2 0 3.072289745E-20
480.4 0 3.937634582E-20
480.6 0 -2.152263927E-19
480.8 0 1.48270511E-19
481 0 2.19807605E-19
481.2 0 1.457112245E-19
481.4 0 -3.281642111E-19
481.6 0 -1.183047978E-19
481.8 0 3.700768187E-20
482 0 -2.566981778E-20
482.2 0 -7.610378776E-20
482.4 0 7.851857855E-20
482.6 0 6.179733738E-19
482.8 0 3.728810871E-19
483 0 -3.580170391E-19
483.2 0 -2.025908774E-19
483.4 0 -3.165195122E-19
483.6 0 1.906628932E-19
483.8 0 2.963909213E-20
484 0 -1.465627601E-19
484.2 0 8.079680426E-20
484.4 0 -3.754281053E-19
484.6 0 -5.836807507E-19
484.8 0 5.369714252E-19
485 0 -2.056848273E-19
485.2 0 -9.223532803E-20
485.4 0 -2.15274407E-19
485.6 0 -5.184106043E-19
485.8 0 -3.738217365E-19
486 0 3.821126015E-19
486.2 0 -1.389307716E-19
486.4 0 -5.880614012E-19
486.6 0 1.067652953E-19
486.8 0 4.616426627E-19
487 0 1.873428053E-19
487.2 0 7.687736287E-19
487.4 0 1.013589078E-19
487.6 0 4.184947491E-20
487.8 0 -3.069961782E-19
488 0 -9.191590228E-20
488.2 0 4.947613919E-20
488.4 0 2.069300772E-19
488.6 0 1.634746733E-19
488.8 0 8.085620873E-20
489 0 3.927112233E-19
489.2 0 5.907920905E-19
489.4 0 -2.908542619E-19
489.6 0 -5.831736306E-19
489.8 0 7.798101118E-19
490 0 -5.191619486E-19
490.2 0 1.24018451E-19
490.4 0 -2.117199575E-19
490.6 0 -6.649954414E-19
490.8 0 -1.275741796E-18
491 0 -1.775052467E-18
491.2 0 -2.663893129E-19
491.4 0 9.611807947E-19
491.6 0 -1.345240848E-18
491.8 0 -1.004049328E-19
492 0 7.606953087E-19
492.2 0 1.134695666E-18
492.4 0 -4.071252452E-19
492.6 0 -2.032690835E-19
492.8 0 -1.426241232E-19
493 0 -2.87042146E-19
493.2 0 -1.484046412E-18
493.4 0 2.639333667E-19
493.6 0 -1.590111397E-18
493.8 0 -7.245898656E-19
494 0 -3.988445856E-19
494.2 0 -1.66396872E-19
494.4 0 -7.120371913E-19
494.6 0 4.79121405E-19
494.8 0 4.998598756E-19
495 0 8.636429506E-19
495.2 0 1.912448338E-19
495.4 0 -9.66111982E-19
495.6 0 -8.73209186E-19
495.8 0 7.031236088E-21
496 0 8.578785408E-19
496.2 0 -1.4488283E-18
496.4 0 -1.470210886E-18
496.6 0 -1.417785122E-18
496.8 0 -3.55764931E-19
497 0 -1.021464307E-18
497.2 0 -2.756415844E-18
497.4 0 8.266798105E-19
497.6 0 6.448476342E-19
497.8 0 -1.374464203E-18
498 0 -3.862909862E-18
498.2 0 -3.082947842E-18
498.4 0 2.187905717E-18
498.6 0 1.79024654E-18
498.8 0 -5.306558072E-18
499 0 -2.211035189E-18
499.2 0 -7.641980324E-18
499.4 0 -1.116143479E-17
499.6 0 2.786945117E-19
499.8 0 -5.143728033E-18
500 0 -1.406276466E-17
