0 0.007300204918 7.80937625E-05
0.2 0.00640625 0.001578125
0.4 0.005983643457 0.000406412565
0.6 0.005660778623 0.0003909377502
0.8 0.005390844013 0.0004536694033
1 0.005145733173 0.0003599509215
1.2 0.004894163327 0.0002583291583
1.4 0.004673716921 0.000289757919
1.6 0.004468762535 0.0002742052748
1.8 0.004282453852 0.0002116146669
2 0.004102268165 0.0002587439783
2.2 0.003921937751 0.000141189759
2.4 0.003750878867 0.0001333994576
2.6 0.003557701969 0.0001648537982
2.8 0.003405207077 9.424004825E-05
3 0.00323373391 0.000164986424
3.2 0.003074698189 0.0001257545272
3.4 0.00291553442 0.0001415307971
3.6 0.002771974426 8.652587596E-05
3.8 0.00264718473 7.869157937E-05
4 0.002522294438 0.0001417019347
4.2 0.002387852823 3.937752016E-05
4.4 0.002294271884 -4.727208552E-05
4.6 0.002188004439 -2.364558111E-05
4.8 0.002069035123 1.577008478E-05
5 0.001965746163 -6.310581583E-05
5.2 0.001859217172 -9.46969697E-05
5.4 0.001781022635 -7.105143492E-05
5.6 0.001693287505 -0.0001263647392
5.8 0.001627604167 -0.0001185148665
6 0.001542897612 -0.0001106586402
6.2 0.001464448381 -0.0001027960526
6.4 0.001389099838 -7.910591333E-05
6.6 0.00132635231 -1.582759319E-05
6.8 0.00126038711 -3.166801784E-05
7 0.001203872668 -3.960107461E-05
7.2 0.00113780426 -1.584685598E-05
7.4 0.001087535511 -7.926643669E-05
7.6 0.001034053999 -1.585972391E-05
7.8 0.0009805290414 3.173233144E-05
8 0.0009142624949 7.93630638E-06
8.2 0.0008606453252 -3.175813008E-05
8.4 0.0008133387556 -7.942761285E-06
8.6 0.0007755288853 1.493528053E-20
8.8 0.0007281491656 -7.154304029E-05
9 0.0007029977606 -3.180985342E-05
9.2 0.0006619144603 -8.751272912E-05
9.4 0.0006144305216 -0.0001671378362
9.6 0.0005796473706 -6.369751325E-05
9.8 0.0005448358483 -7.965436378E-06
10 0.0005068084455 3.984343125E-05
10.2 0.000462372449 -7.971938776E-06
10.4 0.0004338505512 -5.58263577E-05
10.6 0.0004116881127 -3.989225899E-05
10.8 0.0003863148754 -3.19268492E-05
11 0.0003609208913 -9.581970564E-05
11.2 0.000341896728 -0.0001358001022
11.4 0.0003356434124 -6.393207856E-05
11.6 0.0003133954155 -7.195302906E-05
11.8 0.0002911291974 -4.798832924E-05
12 0.0002720452683 -4.800798853E-05
12.2 0.0002593493852 -8.805071721E-05
12.4 0.0002466430914 -8.808681837E-05
12.6 0.0002339263741 -7.210059475E-05
12.8 0.000227610792 -2.404339352E-05
13 0.0002116687192 -1.603550903E-05
13.2 0.0001989219713 -8.021047228E-06
13.4 0.0001925842235 -1.604868529E-05
13.6 0.0001862412659 -6.422112618E-05
13.8 0.0001831054688 -8.030941612E-05
14 0.0001863944879 -0.0001285479227
14.2 0.0001832561728 -0.0001125257202
14.4 0.0001833316179 -4.020430218E-05
14.6 0.0001898424629 -8.044172158E-06
14.8 0.0001963586733 1.609497322E-05
15 0.000193219291 -1.610160758E-05
15.2 0.0001868556701 8.054123711E-06
15.4 0.0001837097772 -2.417233911E-05
15.6 0.0001805612877 -2.418231531E-05
15.8 0.0001774101982 3.225639967E-05
16 0.0001742565056 1.613486163E-05
16.2 0.000164643595 3.228305785E-05
16.4 0.000158252377 -3.229640347E-05
16.6 0.0001486248966 -5.654208023E-05
16.8 0.0001389894497 -1.616156392E-05
17 0.0001293460265 -2.872058735E-21
17.2 0.0001229296066 1.617494824E-05
17.4 0.0001165078708 -8.623314711E-21
17.6 0.0001197938251 1.618835475E-05
17.8 0.0001166044776 1.619506633E-05
18 0.0001166528411 -3.240356698E-05
18.2 0.0001167012448 -5.672977178E-05
18.4 0.0001199927356 -4.053808634E-05
18.6 0.0001167981728 -2.814288073E-20
18.8 0.0001168466971 8.114353968E-06
19 0.00010715399 8.117726517E-06
19.2 0.0001104469854 2.699519417E-22
19.4 0.0001104929285 -8.124480033E-06
19.6 0.0001072877653 -8.127861007E-06
19.8 0.0001040799334 1.626248959E-05
20 0.000104123282 -8.134631404E-06
20.2 0.0001041666667 -1.540462335E-20
20.4 0.0001074666528 1.628282618E-05
20.6 0.0001107693912 -3.135608066E-20
20.8 0.0001140748853 -1.275531968E-21
21 0.0001141224958 -4.075803422E-05
21.2 0.0001141701461 -8.155010438E-06
21.4 0.0001142178363 -4.079208438E-05
21.6 0.0001175302967 -6.529460928E-05
21.8 0.0001175794314 -8.165238294E-06
22 0.0001176286073 8.168653283E-06
22.2 0.0001176778243 -4.903242678E-05
22.4 0.0001275376727 -7.357942654E-05
22.6 0.0001275910804 -4.907349246E-05
22.8 0.0001374633431 -4.091170926E-05
23 0.0001440695725 -8.185771165E-05
23.2 0.0001474056604 -0.0001228380503
23.4 0.000150744547 -0.0001065042995
23.6 0.0001573646664 -0.0001147450692
23.8 0.0001607105374 -9.839420655E-05
24 0.0001640592188 -5.742072659E-05
24.2 0.0001674107143 -2.461922269E-05
24.4 0.0001707650273 4.104928541E-05
24.6 0.0001741221615 -8.213309504E-06
24.8 0.0001807688263 -0.0001150347076
25 0.0001874210859 -9.04224537E-05
25.2 0.0001940789474 -8.223684211E-05
25.4 0.0001974515586 -8.227148273E-05
25.6 0.0002008270122 -6.584492204E-05
25.8 0.000204205312 -7.410676644E-05
26 0.0002075864614 -6.590046394E-05
26.2 0.0002076740506 -4.944620253E-05
26.4 0.0002077617138 -4.946707472E-05
26.6 0.0002111486486 -6.59839527E-05
26.8 0.0002178390368 -4.950887199E-05
27 0.0002212330938 -2.476489856E-05
27.2 0.0002180232558 -5.780919662E-05
27.4 0.0002214202623 -3.304780034E-05
27.6 0.0002215139653 -2.081610957E-20
27.8 0.0002216077477 8.268945809E-06
28 0.0002217016095 -5.790713681E-05
28.2 0.0002284163136 -5.793167373E-05
28.4 0.0002351367105 1.448771633E-20
28.6 0.0002385496183 -4.969783715E-05
28.8 0.000245280017 -6.629189648E-05
29 0.0002453841256 -4.145002122E-05
29.2 0.000242170913 -2.488057325E-05
29.4 0.0002455926083 1.659409516E-05
29.6 0.0002390565236 8.300573736E-06
29.8 0.0002358365221 8.304102891E-06
30 0.0002359368354 3.32305402E-05
30.2 0.000232712766 -8.311170213E-06
30.4 0.0002294859515 -8.314708387E-06
30.6 0.0002295836882 -1.663649915E-05
30.8 0.0002263527908 3.328717512E-05
31 0.000223119139 4.162670503E-05
31.2 0.0002165511727 -1.719932661E-20
31.4 0.0002099776024 3.332977816E-05
31.6 0.0002067328212 1.667200171E-05
31.8 0.000203485269 8.339560205E-06
32 0.0002002349423 1.668624519E-05
32.2 0.0001969818376 2.50400641E-05
32.4 0.0001937259513 3.340102608E-05
32.6 0.0001904672797 -1.670765612E-05
32.8 0.0001905487805 8.357402653E-06
33 0.0001839415668 -8.360980308E-06
33.2 0.0001840203426 -3.345824411E-05
33.4 0.0001740574122 -1.673628963E-05
33.6 0.0001640859408 -2.511519503E-05
33.8 0.000150755789 -4.187660806E-05
34 0.0001407657658 -6.703131703E-05
34.2 0.000137473176 -8.38251073E-06
34.4 0.0001341777587 3.354443967E-05
34.6 0.0001375912801 8.389712199E-06
34.8 0.0001376504083 1.678663515E-05
35 0.0001343508169 2.519077816E-05
35.2 0.0001344086022 -7.560483871E-05
35.4 0.0001311047762 -8.404152324E-05
35.6 0.0001277981059 -2.522331037E-05
35.8 0.0001278531438 -2.523417313E-05
36 0.0001245422232 -1.683003016E-05
36.2 0.0001212284483 -3.367456897E-05
36.4 0.0001212807245 -6.737818025E-05
36.6 0.0001213330457 -6.740724763E-05
36.8 0.0001247572292 8.429542512E-06
37 0.0001248110967 5.059909326E-05
37.2 0.0001248650108 -8.436825054E-06
37.4 0.0001282951599 -1.688094209E-05
37.6 0.000131728275 -2.396520786E-21
37.8 0.0001284061419 -3.379108997E-05
38 0.0001284617049 -2.535428386E-05
38.2 0.0001318993506 3.382034632E-05
38.4 0.000135339974 3.38349935E-05
38.6 0.0001252437175 8.462413345E-06
38.8 0.0001219115735 3.386432596E-05
39 0.0001185765395 5.928826973E-05
39.2 0.0001152386117 2.5420282E-05
39.4 0.0001152886285 -2.54313151E-05
39.6 0.0001017694312 -5.936550152E-05
39.8 0.0001119950043 -4.242235013E-05
40 0.0001188342025 -5.684140839E-21
40.2 0.0001188858696 -1.010053732E-21
40.4 0.0001189375816 -2.304283434E-20
40.6 0.0001155896432 -1.699847694E-05
40.8 0.0001190411406 -2.550881585E-05
41 0.0001190929878 -2.551992596E-05
41.2 0.0001157407407 -8.510348584E-06
41.4 0.0001191968178 -8.514058413E-06
41.6 0.0001158416921 -2.555331444E-05
41.8 0.0001158922339 5.442911427E-21
42 0.0001193529027 1.705041467E-05
42.2 0.0001125818777 2.558679039E-05
42.4 0.0001092179991 1.706531236E-05
42.6 0.0001092657343 8.53638549E-06
42.8 0.0001127295584 3.416047223E-05
43 0.0001127788714 2.563156168E-05
43.2 0.0001059901532 1.7095186E-05
43.4 9.919549037E-05 -8.551335377E-06
43.6 9.239487516E-05 -4.277540517E-05
43.8 9.585889571E-05 -5.135297984E-05
44 9.247588777E-05 -5.13754932E-05
44.2 8.908991228E-05 -2.569901316E-05
44.4 8.570096534E-05 -4.285048267E-05
44.6 8.230904302E-05 -2.572157594E-05
44.8 8.234519104E-05 -8.577624067E-06
45 7.208369947E-05 -1.716278559E-05
45.2 6.868131868E-05 -1.717032967E-05
45.4 6.184036939E-05 -2.088533436E-20
45.6 5.843048834E-05 3.437087549E-05
45.8 5.157900528E-05 2.578950264E-05
46 4.816160282E-05 8.600286218E-06
46.2 4.474118943E-05 1.720814978E-05
46.4 4.131776113E-05 8.607866902E-06
46.6 4.133597884E-05 -7.240592732E-21
46.8 4.135421262E-05 -9.551236644E-21
47 4.137246249E-05 -1.723852604E-05
47.2 4.139072848E-05 -2.197468824E-21
47.4 3.795825972E-05 2.588063163E-05
47.6 3.45227574E-05 1.72613787E-05
47.8 3.108421751E-05 1.726900973E-05
48 2.7642636E-05 -3.373710328E-21
48.2 2.419800885E-05 -1.728429204E-05
48.4 2.075033201E-05 -1.729194334E-05
48.6 1.729960142E-05 -8.649800709E-06
48.8 1.384581303E-05 -6.406638685E-21
49 1.385195035E-05 -4.328734486E-05
49.2 1.385809313E-05 -6.062915743E-05
49.4 1.386424135E-05 -2.599545253E-05
49.6 1.387039503E-05 -9.339462459E-21
49.8 1.387655417E-05 -2.601853908E-05
50 1.388271879E-05 -3.470679698E-05
50.2 1.388888889E-05 -2.379219241E-22
50.4 1.389506447E-05 1.736883059E-05
50.6 1.390124555E-05 3.73019383E-21
50.8 1.390743213E-05 -1.738429016E-05
51 1.391362422E-05 -1.739203028E-05
51.2 1.391982183E-05 -8.699888641E-06
51.4 1.392602496E-05 -8.703765597E-06
51.6 1.393223362E-05 -1.741529202E-05
51.8 1.393844781E-05 -2.613458965E-05
52 1.394466756E-05 -2.614625167E-05
52.2 1.046316964E-05 -1.743861607E-05
52.4 1.046784279E-05 -2.616960697E-05
52.6 1.047252011E-05 -5.236260054E-05
52.8 1.396960215E-05 -5.238600805E-05
53 2.09637746E-05 -8.734906082E-06
53.2 2.446868009E-05 -8.738814318E-06
53.4 2.797672337E-05 -4.371363026E-05
53.6 2.798925213E-05 -7.871977161E-05
53.8 2.800179211E-05 -3.500224014E-05
54 2.801434334E-05 1.844421763E-20
54.2 2.802690583E-05 -7.006726457E-05
54.4 2.803947959E-05 -9.638571108E-05
54.6 2.805206463E-05 -5.259762118E-05
54.8 2.806466098E-05 2.631061967E-05
55 2.807726864E-05 -8.774146451E-06
55.2 2.808988764E-05 -6.144662921E-05
55.4 2.810251799E-05 -8.782036871E-06
55.6 3.162955466E-05 -8.785987404E-06
55.8 3.515976598E-05 -1.757988299E-05
56 3.517559658E-05 -1.758779829E-05
56.2 3.16722973E-05 -3.519144144E-05
56.4 3.168657053E-05 8.801825146E-06
56.6 3.170085663E-05 3.522317403E-05
56.8 3.171515562E-05 3.52390618E-05
57 3.172946751E-05 7.932366877E-05
57.2 3.174379233E-05 6.172404063E-05
57.4 3.52868112E-05 3.52868112E-05
57.6 3.17724808E-05 6.177982377E-05
57.8 3.178684448E-05 7.063743219E-05
58 2.826775215E-05 1.766734509E-05
58.2 3.181561086E-05 -2.651300905E-05
58.4 3.536668176E-05 -8.841670439E-06
58.6 3.538269928E-05 -1.769134964E-05
58.8 4.247847757E-05 3.539873131E-05
59 4.249773345E-05 6.197586129E-05
59.2 4.25170068E-05 4.428854875E-05
59.4 3.899160617E-05 2.658518603E-05
59.6 3.900930549E-05 -3.546300499E-05
59.8 3.902702089E-05 -3.54791099E-05
60 3.904475239E-05 -8.87380736E-06
60.2 3.90625E-05 -2.663352273E-05
60.4 3.552751251E-05 -3.552751251E-05
60.6 3.554367607E-05 -2.665775705E-05
60.8 4.267182522E-05 -6.222974511E-05
61 4.269125683E-05 -7.115209472E-05
61.2 3.915148064E-05 -4.449031891E-05
61.4 3.916932543E-05 -3.560847767E-05
61.6 3.20622435E-05 -8.906178751E-06
61.8 2.494867701E-05 -8.910241788E-06
62 2.139434048E-05 -3.565723414E-05
62.2 1.783675799E-05 -3.567351598E-05
62.4 1.784490635E-05 -8.922453175E-06
62.6 1.785306216E-05 -8.926531079E-06
62.8 1.786122542E-05 -4.465306356E-05
63 1.786939616E-05 -3.573879231E-05
63.2 1.787757437E-05 -8.938787185E-06
63.4 1.788576007E-05 2.682864011E-05
63.6 1.431516262E-05 1.789395328E-05
63.8 1.432172319E-05 -8.951076994E-06
64 1.791036222E-05 8.95518111E-06
64.2 1.791857798E-05 1.459369121E-20
64.4 2.50975218E-05 1.792680128E-05
64.6 2.869605142E-05 2.690254821E-05
64.8 3.588654111E-05 5.319190998E-21
65 4.308363971E-05 -3.590303309E-05
65.2 3.951149425E-05 -2.693965517E-05
65.4 4.312327507E-05 1.796803128E-05
65.6 4.314312011E-05 3.595260009E-05
65.8 4.675989871E-05 2.697686464E-05
66 4.678143713E-05 -1.403791335E-20
66.2 4.680299539E-05 1.244600478E-20
66.4 4.682457354E-05 1.800945136E-05
66.6 4.324261993E-05 -1.80177583E-05
66.8 4.326257499E-05 -3.605214582E-05
67 3.60687904E-05 2.543785602E-20
67.2 3.969399538E-05 -5.729429716E-21
67.4 3.610212569E-05 -7.220425139E-05
67.6 3.611881646E-05 -5.417822469E-05
67.8 3.613552266E-05 5.4203284E-05
68 3.615224433E-05 9.038061083E-06
68.2 3.616898148E-05 -4.521122685E-05
68.4 3.618573414E-05 -6.332503474E-05
68.6 3.982275255E-05 -1.810125116E-05
68.8 3.984121465E-05 4.527410756E-05
69 4.348330241E-05 1.811804267E-05
69.2 4.350348028E-05 3.625290023E-05
69.4 4.352367688E-05 1.813486537E-05
69.6 4.354389224E-05 9.071644217E-06
69.8 4.356412639E-05 3.630343866E-05
70 4.721641097E-05 1.001008882E-21
70.2 5.450581395E-05 9.084302326E-06
70.4 5.816658911E-05 2.726558865E-05
70.6 5.819366853E-05 -1.818552142E-05
70.8 5.822077317E-05 -1.819399162E-05
71 5.824790308E-05 3.640493942E-05
71.2 5.827505828E-05 2.282180098E-21
71.4 5.465834888E-05 -2.732917444E-05
71.6 5.468385441E-05 -1.822795147E-05
71.8 5.8356676E-05 -1.823646125E-05
72 5.838393274E-05 -2.736746847E-05
72.2 6.206191589E-05 1.825350467E-05
72.4 5.843852267E-05 7.304815334E-05
72.6 5.481173994E-05 9.135289991E-06
72.8 5.849321479E-05 -3.655825924E-05
73 5.48630618E-05 1.828768727E-05
73.2 5.488875878E-05 2.744437939E-05
73.4 6.22364105E-05 -9.152413308E-06
73.6 6.226558837E-05 -3.913405485E-20
73.8 6.229479362E-05 -3.192302136E-20
74 6.232402628E-05 9.165297982E-06
74.2 6.968896714E-05 1.833920188E-05
74.4 7.33912635E-05 1.834781588E-05
74.6 7.709703947E-05 2.753465695E-05
74.8 8.080629995E-05 -1.836506817E-05
75 8.819379116E-05 -2.756055974E-05
75.2 9.191176471E-05 -1.838235294E-05
75.4 9.195503766E-05 -3.678201507E-05
75.6 8.831841733E-05 1.839967028E-05
75.8 9.572337418E-05 4.602085297E-05
76 9.945190948E-05 3.683404055E-05
76.2 0.0001068691038 9.212853774E-06
76.4 0.0001032326569 -1.843440302E-05
76.6 9.95927762E-05 -1.471963279E-20
76.8 9.594945678E-05 9.225909306E-06
77 9.599480151E-05 1.391312265E-20
77.2 9.23463357E-05 4.332627884E-21
77.4 8.499881741E-05 9.239001892E-06
77.6 7.394699479E-05 2.773012305E-05
77.8 6.658380682E-05 -1.849550189E-05
78 6.661534818E-05 -3.700852676E-05
78.2 6.29443128E-05 -1.851303318E-05
78.4 5.926979611E-05 -4.630452821E-05
78.6 5.929791271E-05 -9.265298861E-06
78.8 5.56181775E-05 2.780908875E-05
79 5.564458689E-05 9.274097816E-06
79.2 5.195961995E-05 -9.278503563E-06
79.4 5.198431559E-05 -3.713165399E-05
79.6 4.829410366E-05 -7.429862102E-05
79.8 5.203377735E-05 -3.716698382E-05
80 4.462160876E-05 -2.788850547E-05
80.2 4.836309524E-05 -2.790178571E-05
80.4 4.466412577E-05 9.305026203E-06
80.6 4.096163012E-05 9.309461392E-06
80.8 4.098116357E-05 9.313900811E-06
81 4.100071565E-05 6.318300077E-21
81.2 3.729116945E-05 -9.322792363E-06
81.4 3.357808023E-05 -4.663622254E-05
81.6 2.98614429E-05 -3.732680363E-05
81.8 2.240678776E-05 -9.336161568E-06
82 2.241750359E-05 9.340626495E-06
82.2 2.242822967E-05 2.803528708E-05
82.4 1.869913834E-05 -2.804870752E-05
82.6 2.244971264E-05 -2.80621408E-05
82.8 2.246046957E-05 1.329926958E-20
83 1.872603068E-05 9.36301534E-06
83.2 1.498800959E-05 2.810251799E-05
83.4 1.124640115E-05 2.811600288E-05
83.6 7.501200192E-06 5.625900144E-05
83.8 7.504803074E-06 3.752401537E-05
84 3.754204709E-06 2.815653532E-05
84.2 0 -1.354031622E-20
84.4 0 -2.818362193E-05
84.6 0 5.639436959E-05
84.8 0 9.403586904E-05
85 0 7.526493256E-05
85.2 0 5.647590361E-05
85.4 0 2.825156702E-05
85.6 0 4.710865895E-05
85.8 0 9.426278958E-05
86 0 8.487747465E-05
86.2 0 6.604770531E-05
86.4 0 4.719973417E-05
86.6 3.777804642E-06 3.777804642E-05
86.8 3.779632317E-06 5.669448476E-05
87 3.781461762E-06 3.781461762E-05
87.2 3.783292978E-06 9.458232446E-06
87.4 3.785125969E-06 1.849026961E-20
87.6 3.786960737E-06 5.680441105E-05
87.8 3.788797284E-06 4.735996605E-05
88 3.790635614E-06 -2.84297671E-05
88.2 3.792475728E-06 -1.896237864E-05
88.4 3.79431763E-06 1.897158815E-05
88.6 3.796161322E-06 3.796161322E-05
88.8 3.798006806E-06 9.495017015E-06
89 3.799854086E-06 -3.799854086E-05
89.2 7.603406326E-06 -2.851277372E-05
89.4 7.607108082E-06 2.852665531E-05
89.6 7.610813444E-06 2.854055041E-05
89.8 1.142178363E-05 -1.903630604E-05
90 1.523647001E-05 -6.665955631E-05
90.2 1.143292683E-05 -3.81097561E-05
90.4 1.143850659E-05 -2.859626647E-05
90.6 1.525878906E-05 -4.768371582E-05
90.8 1.90828041E-05 -5.724841231E-05
91 2.672898338E-05 -1.909213099E-05
91.2 3.056234719E-05 4.775366748E-05
91.4 3.439946184E-05 1.911081213E-05
91.6 3.824033284E-05 -1.912016642E-05
91.8 3.825905975E-05 -9.564764936E-06
92 3.8277805E-05 3.8277805E-05
92.2 3.446691176E-05 4.787071078E-05
92.4 3.44838156E-05 4.789418833E-05
92.6 2.683390579E-05 3.833415113E-05
92.8 2.301178203E-05 1.917648503E-05
93 2.302308448E-05 9.592951866E-06
93.2 2.303439803E-05 9.597665848E-06
93.4 2.68866765E-05 -9.602384464E-06
93.6 3.842843089E-05 -4.803553861E-05
93.8 5.382627953E-05 -3.844734252E-05
94 6.154603644E-05 -4.808284097E-05
94.2 7.312192118E-05 -6.734913793E-05
94.4 8.085879744E-05 -3.850418926E-05
94.6 8.475098619E-05 -1.926158777E-05
94.8 8.479279724E-05 -2.890663542E-05
95 9.254689042E-05 3.856120434E-05
95.2 8.87345679E-05 6.75154321E-05
95.4 0.0001003582016 3.85993083E-05
95.6 0.0001004078102 9.654597133E-06
95.8 9.659371909E-05 -8.693434718E-05
96 0.0001082384958 -6.764905987E-05
96.2 0.000104424505 -4.834467822E-05
96.4 0.0001083457157 -4.836862308E-05
96.6 0.0001006565907 -9.678518335E-06
96.8 9.683316807E-05 9.683316807E-06
97 9.300595238E-05 3.875248016E-05
97.2 9.305210918E-05 -9.69292804E-06
97.4 9.697740814E-05 -4.848870407E-05
97.6 9.702558371E-05 -2.312596266E-20
97.8 9.707380716E-05 3.882952286E-05
98 9.712207857E-05 2.913662357E-05
98.2 0.0001010572139 4.8585199E-05
98.4 0.0001011075162 4.860938278E-05
98.6 0.0001050485558 -3.890687251E-05
98.8 0.0001051008969 -9.731564524E-06
99 0.0001051532901 -9.736415753E-06
99.2 0.0001129987531 -9.74127182E-06
99.4 0.0001130551397 -4.106676887E-20
99.6 0.0001131115826 -2.925299551E-05
99.8 0.0001170704296 3.902347652E-05
100 0.0001210332334 2.928223388E-05
100.2 0.000125 -1.953125E-05
100.4 0.0001250625313 -1.954102051E-05
100.6 0.0001290352853 9.7754004E-06
100.8 0.000133012018 1.956059089E-05
101 0.0001330786573 -1.957039078E-05
101.2 0.0001370614035 -6.853070175E-05
101.4 0.0001371301404 -5.877006018E-05
101.6 0.0001371989463 -9.799924737E-06
101.8 0.000141189759 -3.921937751E-05
102 0.000141260673 -4.90488448E-05
102.2 0.0001452575377 -1.625230763E-20
102.4 0.0001374748617 -1.963926596E-05
102.6 0.0001375440141 -2.94737173E-05
102.8 0.0001336814293 -1.965903372E-05
103 0.0001337487412 -9.834466264E-06
103.2 0.0001298803526 -1.967884131E-05
103.4 0.0001260080645 -2.953314012E-05
103.6 0.0001221318709 -2.954803328E-05
103.8 0.0001182517659 -2.956294147E-05
104 0.0001025365977 -1.971857648E-05
104.2 9.075126263E-05 -9.864267677E-06
104.4 8.290171804E-05 -9.869252148E-06
104.6 7.899393327E-05 9.874241658E-06
104.8 7.113050076E-05 9.879236216E-06
105 6.721280364E-05 -1.976847166E-05
105.2 6.724683544E-05 9.889240506E-06
105.4 6.728090172E-05 1.978850051E-05
105.6 7.127470857E-05 -2.969779524E-05
105.8 6.734913793E-05 -3.961713996E-05
106 6.738330797E-05 1.981861999E-05
106.2 6.741751269E-05 9.914340102E-06
106.4 6.745175216E-05 -5.44723355E-21
106.6 6.748602642E-05 9.92441565E-06
106.8 7.149211998E-05 9.929461108E-06
107 6.755467955E-05 4.967255849E-05
107.2 6.758905852E-05 5.963740458E-05
107.4 6.364562118E-05 1.988925662E-05
107.6 5.571828833E-05 3.979877738E-05
107.8 4.38009684E-05 2.986429664E-05
108 4.382330444E-05 -9.959841917E-06
108.2 3.587372449E-05 1.992984694E-05
108.4 3.190403267E-05 3.988004084E-05
108.6 2.793028601E-05 2.992530644E-05
108.8 2.7944558E-05 9.980199285E-06
109 2.396472393E-05 1.997060327E-05
109.2 1.998081841E-05 1.998081841E-05
109.4 1.599283521E-05 -7.974246366E-21
109.6 1.200076805E-05 2.000128008E-05
109.8 8.004610656E-06 2.001152664E-05
110 1.201307022E-05 -1.001089185E-05
110.2 1.201923077E-05 -3.004807692E-05
110.4 2.00423294E-05 -1.046800843E-20
110.6 1.604209446E-05 -1.279653789E-20
110.8 2.006291731E-05 -5.015729327E-05
111 2.007322713E-05 -5.018306783E-05
111.2 2.410025707E-05 -4.016709512E-05
111.4 2.813143004E-05 -2.00938786E-05
111.6 2.814590839E-05 -2.010422028E-05
111.8 2.816040165E-05 1.00572863E-05
112 2.817490984E-05 1.00624678E-05
112.2 2.818943299E-05 -1.006765464E-05
112.4 2.820397112E-05 -3.021854048E-05
112.6 2.821852425E-05 -5.039022188E-05
112.8 2.41997935E-05 -2.016649458E-05
113 2.017691116E-05 1.008845558E-05
113.2 1.61498708E-05 -6.927446436E-21
113.4 1.211866598E-05 -2.019777663E-05
113.6 1.212493533E-05 6.094366351E-21
113.8 8.08747412E-06 1.010934265E-05
114 4.045831176E-06 2.022915588E-05
114.2 4.047927461E-06 4.047927461E-05
114.4 4.05002592E-06 1.01250648E-05
114.6 4.052126556E-06 1.013031639E-05
114.8 4.054229372E-06 1.230671469E-21
115 4.056334372E-06 1.014083593E-05
115.2 4.058441558E-06 -3.043831169E-05
115.4 4.060550936E-06 -2.030275468E-05
115.6 0 6.696302617E-21
115.8 0 -4.064776275E-05
116 0 -5.083615305E-05
116.2 0 8.813480053E-22
116.4 0 3.177191409E-20
116.6 4.073253389E-06 -3.054940042E-05
116.8 0 3.056533646E-05
117 0 -2.03875261E-05
117.2 0 -1.019908616E-05
117.4 4.081765935E-06 3.061324451E-05
117.6 4.083899634E-06 -2.041949817E-05
117.8 4.086035565E-06 -3.064526674E-05
118 4.088173731E-06 -2.044086866E-05
118.2 4.090314136E-06 -2.045157068E-05
118.4 4.092456784E-06 4.092456784E-05
118.6 4.094601677E-06 3.070951258E-05
118.8 4.09674882E-06 -1.024187205E-05
119 4.098898216E-06 1.024724554E-05
119.2 4.101049869E-06 -2.050524934E-05
119.4 8.206407563E-06 -4.103203782E-05
119.6 1.231607987E-05 1.026339989E-05
119.8 1.232255521E-05 2.053759201E-05
120 1.232903735E-05 -1.027419779E-05
120.2 1.644736842E-05 1.027960526E-05
120.4 2.057003686E-05 2.057003686E-05
120.6 2.881322445E-05 1.02904373E-05
120.8 3.294675804E-05 -1.029586189E-05
121 3.70846519E-05 2.060258439E-05
121.2 4.122691293E-05 0.0001030672823
121.4 4.537354805E-05 0.0001031217001
121.6 4.539751717E-05 4.127047015E-05
121.8 4.542151163E-05 -4.12922833E-05
122 5.370835537E-05 -3.098558964E-05
122.2 5.787037037E-05 4.133597884E-05
122.4 5.790100582E-05 8.27157226E-05
122.6 5.793167373E-05 5.172470869E-05
122.8 5.796237414E-05 3.105127186E-05
123 5.79931071E-05 3.106773595E-05
123.2 5.802387268E-05 7.362221649E-21
123.4 6.634819533E-05 2.073381104E-05
123.6 6.63834307E-05 3.111723314E-05
123.8 7.472104145E-05 1.037792242E-05
124 7.891414141E-05 2.076687932E-05
124.2 7.480053191E-05 2.077792553E-05
124.4 8.315593401E-05 1.039449175E-05
124.6 8.320021299E-05 1.040002662E-05
124.8 7.90823122E-05 -2.081113479E-05
125 8.328891258E-05 -4.164445629E-05
125.2 8.333333333E-05 -3.125E-05
125.4 8.754669157E-05 3.702718198E-21
125.6 8.342231714E-05 -1.182110408E-20
125.8 8.346688034E-05 1.043336004E-05
126 7.933591662E-05 -1.04389364E-05
126.2 7.937834225E-05 -4.177807487E-05
126.4 7.942081327E-05 1.045010701E-05
126.6 8.364561028E-05 -1.857305649E-21
126.8 8.787493305E-05 -2.092260311E-05
127 9.210878885E-05 -2.093381565E-05
127.2 0.000100536193 -3.141756032E-05
127.4 0.0001089726395 -4.191255365E-05
127.6 0.0001174181428 -4.193505099E-05
127.8 0.0001216769603 6.113935764E-20
128 0.0001217423428 2.099005911E-05
128.2 0.0001218077957 6.300403226E-05
128.4 0.000121873319 9.455688542E-05
128.6 0.0001219389128 5.255987621E-05
128.8 0.0001220045773 2.103527194E-05
129 0.0001220703125 4.209321121E-05
129.2 0.0001221361186 4.211590296E-05
129.4 0.0001222019957 1.05346548E-05
129.6 0.0001222679439 2.108067998E-05
129.8 0.0001223339633 3.163809395E-05
130 0.000122400054 4.220691518E-05
130.2 0.0001224662162 4.222972973E-05
130.4 0.00012253245 1.056314224E-05
130.6 0.0001225987554 -7.509625437E-21
130.8 0.0001268949648 -5.262547996E-21
131 0.0001269637053 -1.058030878E-05
131.2 0.0001312669377 -0
131.4 0.00012710141 -4.94172383E-22
131.6 0.0001229313619 -1.101053678E-20
131.8 0.0001229980999 1.060328447E-05
132 0.0001315521456 -1.0609044E-05
132.2 0.0001316236413 3.184442935E-05
132.4 0.0001316952148 5.310290919E-05
132.6 0.0001317668662 4.129809042E-21
132.8 0.0001318385955 -3.18964344E-05
133 0.0001361655773 -5.318967865E-05
133.2 0.0001319822888 -1.064373297E-05
133.4 0.0001277944384 1.064953653E-05
133.6 0.0001278641571 1.334909284E-20
133.8 0.000127933952 -1.066116266E-05
134 0.0001194702348 -2.133397051E-05
134.2 0.0001238046448 1.067281421E-05
134.4 0.0001196008748 3.203594861E-05
134.6 0.000111118709 2.136898249E-05
134.8 0.000115455665 1.069033935E-05
135 0.0001155188938 1.069619387E-05
135.2 0.0001155821918 2.140410959E-05
135.4 0.0001242118969 2.14158443E-05
135.6 0.0001199945145 -1.071379594E-05
135.8 0.0001200603732 2.143935236E-05
136 0.0001244165294 3.217668863E-05
136.2 0.0001287774725 3.219436813E-05
136.4 0.0001202583837 3.221206707E-05
136.6 0.0001203245325 -4.29730473E-05
136.8 0.0001160910842 -5.374587232E-05
137 0.0001118529736 -1.075509361E-05
137.2 0.0001076101928 1.076101928E-05
137.4 9.905595369E-05 -2.153390298E-05
137.6 9.480143409E-05 -5.386445119E-05
137.8 9.054221854E-05 -2.155767108E-05
138 8.627829928E-05 2.156957482E-05
138.2 8.200966851E-05 4.316298343E-05
138.4 7.773631841E-05 -1.079671089E-05
138.6 7.777931416E-05 -2.160536504E-05
138.8 7.349889319E-05 1.825982272E-20
139 6.9213732E-05 -6.533865304E-22
139.2 6.059556787E-05 4.328254848E-05
139.4 5.196784922E-05 -7.692787033E-21
139.6 5.199667221E-05 -7.582848031E-05
139.8 5.636098779E-05 -3.25159545E-05
140 6.073014992E-05 -3.253400888E-05
140.2 6.076388889E-05 -4.340277778E-05
140.4 5.645497499E-05 1.085672596E-05
140.6 5.648637375E-05 -1.086276418E-05
140.8 5.217028381E-05 -4.347523651E-05
141 5.654927617E-05 -4.349944321E-05
141.2 6.093314763E-05 -2.176183844E-05
141.4 5.661231884E-05 -1.088698439E-05
141.6 6.100111545E-05 -2.178611266E-05
141.8 6.539481027E-05 4.359654018E-05
142 6.97934115E-05 5.452610274E-05
142.2 6.983240223E-05 3.273393855E-05
142.4 6.987143656E-05 1.091741196E-05
142.6 6.991051454E-05 -1.09235179E-05
142.8 6.994963626E-05 4.371852266E-05
143 6.998880179E-05 1.093575028E-05
143.2 7.00280112E-05 -4.3767507E-05
143.4 7.006726457E-05 -2.189602018E-05
143.6 7.44882221E-05 -2.190830062E-05
143.8 7.453002245E-05 -1.096029742E-05
144 7.457186974E-05 -1.908476043E-20
144.2 7.461376404E-05 -1.400086147E-20
144.4 7.465570545E-05 3.293634064E-05
144.6 7.469769404E-05 6.590973003E-05
144.8 7.473972988E-05 7.693795723E-05
145 7.478181306E-05 7.698127815E-05
145.2 7.482394366E-05 4.401408451E-05
145.4 7.927001127E-05 1.100972379E-05
145.6 8.372109419E-05 3.304780034E-05
145.8 8.376834086E-05 5.511075056E-05
146 8.82269904E-05 4.41134952E-05
146.2 8.386299435E-05 5.51730226E-05
146.4 8.391040136E-05 4.416336914E-05
146.6 8.395786199E-05 -1.10470871E-05
146.8 8.400537634E-05 3.316001698E-05
147 8.405294451E-05 5.529798981E-05
147.2 7.967422096E-05 5.532932011E-05
147.4 7.971938776E-05 6.643282313E-05
147.6 7.53332388E-05 7.754892229E-05
147.8 7.094211124E-05 7.759293417E-05
148 7.098239637E-05 1.109099943E-05
148.2 7.102272727E-05 -1.109730114E-05
148.4 7.106310404E-05 -2.220722001E-05
148.6 7.110352673E-05 -1.110992605E-05
148.8 7.559049516E-05 4.446499715E-05
149 7.563354214E-05 3.336773918E-05
149.2 7.567663818E-05 4.451566952E-05
149.4 7.126567845E-05 3.340578677E-05
149.6 7.576297775E-05 -5.061173162E-21
149.8 7.134703196E-05 -2.229594749E-05
150 7.584951456E-05 -3.346302113E-05
150.2 6.25E-05 5.947623346E-21
150.4 5.360205832E-05 -5.583547742E-05
150.6 4.916332952E-05 -4.469393593E-05
150.8 4.471951918E-05 4.471951918E-05
151 4.474513173E-05 -9.935415097E-21
151.2 4.029369628E-05 -5.596346705E-05
151.4 3.583715596E-05 -3.359733372E-05
151.6 2.689328744E-05 -1.120553643E-05
151.8 1.79391504E-05 -2.2423938E-05
152 1.346209075E-05 -4.487363584E-05
152.2 8.979885057E-06 -3.367456897E-05
152.4 8.985048879E-06 -2.992622443E-20
152.6 4.495109321E-06 1.12377733E-05
152.8 8.995394358E-06 -2.24884859E-05
153 4.500288018E-06 -4.500288018E-05
153.2 9.005763689E-06 -2.251440922E-05
153.4 4.505478662E-06 1.126369666E-05
153.6 4.508078477E-06 -1.127019619E-05
153.8 4.510681293E-06 -1.402201424E-20
154 4.513287117E-06 -4.276388014E-20
154.2 4.515895954E-06 -3.386921965E-05
154.4 4.518507808E-06 -1.60529645E-20
154.6 4.521122685E-06 1.130280671E-05
154.8 0 -2.261870295E-05
155 4.52636153E-06 -1.131590382E-05
155.2 0 4.528985507E-05
155.4 4.531612529E-06 -1.132903132E-05
155.6 0 -9.0684852E-05
155.8 0 -5.671094657E-05
156 0 2.269755956E-05
156.2 0 2.271075581E-05
156.4 0 -7.953388598E-05
156.6 4.547438882E-06 -9.094877765E-05
156.8 9.100174723E-06 -3.412565521E-05
157 4.552738928E-06 -2.276369464E-05
157.2 9.110787172E-06 -3.41654519E-05
157.4 1.823220537E-05 -4.558051342E-05
157.6 1.82428488E-05 -2.2803561E-05
157.8 1.825350467E-05 9.771540295E-21
158 1.8264173E-05 -3.424532437E-05
158.2 2.284356725E-05 -3.426535088E-05
158.4 2.285693388E-05 -5.71423347E-05
158.6 2.287031616E-05 -6.861094848E-05
158.8 2.288371412E-05 -1.144185706E-05
159 2.289712778E-05 -1.144856389E-05
159.2 2.291055718E-05 -3.436583578E-05
159.4 2.292400235E-05 -5.731000587E-05
159.6 2.29374633E-05 -2.29374633E-05
159.8 2.295094007E-05 1.147547004E-05
160 2.296443269E-05 1.148221634E-05
160.2 2.297794118E-05 1.148897059E-05
160.4 2.299146557E-05 -2.299146557E-05
160.6 2.300500589E-05 -1.150250294E-05
160.8 2.301856217E-05 3.202524291E-22
161 2.303213443E-05 2.303213443E-05
161.2 2.304572271E-05 2.304572271E-05
161.4 2.305932704E-05 -5.764831759E-05
161.6 2.307294743E-05 -3.460942115E-05
161.8 2.308658392E-05 -3.462987589E-05
162 2.310023655E-05 -3.465035482E-05
162.2 2.311390533E-05 3.467085799E-05
162.4 1.850207223E-05 2.312759029E-05
162.6 1.388477488E-05 -3.47119372E-05
162.8 1.852400711E-05 -4.631001778E-05
163 1.853499407E-05 2.316874259E-05
163.2 1.390949555E-05 2.318249258E-05
163.4 1.855700713E-05 -4.639251781E-05
163.6 2.785204991E-05 -5.802510398E-05
163.8 3.715814507E-05 -1.237614846E-20
164 3.718024985E-05 3.485648424E-05
164.2 4.185267857E-05 -1.162574405E-05
164.4 4.653067302E-05 2.326533651E-05
164.6 4.655840286E-05 8.147720501E-05
164.8 4.658616577E-05 3.493962433E-05
165 4.661396181E-05 1.165349045E-05
165.2 4.664179104E-05 -2.332089552E-05
165.4 4.666965352E-05 -3.500224014E-05
165.6 4.669754931E-05 2.334877466E-05
165.8 4.672547847E-05 3.504410885E-05
166 4.675344105E-05 2.337672053E-05
166.2 4.678143713E-05 4.15502629E-21
166.4 5.149041342E-05 -3.510710006E-05
166.6 5.620503597E-05 -1.170938249E-05
166.8 5.623875225E-05 -0
167 5.6272509E-05 -1.172343938E-05
167.2 5.630630631E-05 -1.173048048E-05
167.4 5.634014423E-05 -1.173753005E-05
167.6 5.637402285E-05 -4.172515877E-21
167.8 5.170728039E-05 -2.350330927E-05
168 4.703491872E-05 -1.175872968E-05
168.2 5.176957831E-05 2.353162651E-05
168.4 5.18007836E-05 1.177290536E-05
168.6 5.183202654E-05 -2.356001206E-05
168.8 6.60078455E-05 -2.357423054E-05
169 6.133001208E-05 4.717693237E-05
169.2 4.720543807E-05 2.360271903E-05
169.4 5.195737606E-05 -2.361698912E-05
169.6 5.198880823E-05 4.694459081E-21
169.8 4.729116223E-05 -2.364558111E-05
170 4.731980618E-05 -3.548985463E-05
170.2 4.734848485E-05 -2.367424242E-05
170.4 4.73771983E-05 8.55263772E-21
170.6 4.74059466E-05 3.555445995E-05
170.8 4.743472981E-05 3.557604736E-05
171 4.27171932E-05 1.1865887E-05
171.2 4.274316109E-05 3.561930091E-05
171.4 4.752128954E-05 1.188032238E-05
171.6 4.279519172E-05 -2.377510651E-05
171.8 3.806333739E-05 2.378958587E-05
172 3.332571603E-05 5.274793096E-21
172.2 3.334603659E-05 -4.763719512E-05
172.4 3.336638194E-05 -1.191656498E-05
172.6 2.861721612E-05 -1.192384005E-05
172.8 2.386224801E-05 -1.193112401E-05
173 1.910146699E-05 2.387683374E-05
173.2 1.433486239E-05 2.389143731E-05
173.4 1.434363525E-05 8.367120563E-05
173.6 9.568279241E-06 7.17620943E-05
173.8 4.787071078E-06 2.393535539E-05
174 4.790006131E-06 4.790006131E-05
174.2 0 3.594708589E-05
174.4 0 1.198971762E-05
174.6 0 1.199708231E-05
174.8 0 2.663363666E-20
175 0 -1.201183887E-05
175.2 0 1.201923077E-05
175.4 0 3.352468593E-20
175.6 0 -1.20340419E-05
175.8 0 3.612438348E-05
176 0 3.614666872E-05
176.2 0 -2.411265432E-05
176.4 0 -3.61913218E-05
176.6 0 3.509595634E-20
176.8 0 1.771057861E-20
177 0 2.417233911E-05
177.2 0 1.573325922E-20
177.4 0 2.594813036E-20
177.6 0 3.632594544E-05
177.8 0 -6.847800238E-21
178 0 4.849472377E-05
178.2 0 6.06560559E-05
178.4 0 2.427750155E-05
178.6 0 4.8585199E-05
178.8 0 4.861543248E-05
179 0 1.21614259E-05
179.2 0 3.650700935E-05
179.4 0 4.87063591E-05
179.6 0 -1.21841859E-05
179.8 0 3.657537453E-05
180 0 0.0001097946596
180.2 0 -1.220703125E-05
180.4 4.885866166E-06 -2.442933083E-05
180.6 4.888923655E-06 2.444461827E-05
180.8 4.891984972E-06 -1.222996243E-05
181 4.895050125E-06 1.029640024E-20
181.2 4.898119122E-06 -6.666911897E-21
181.4 4.90119197E-06 -2.450595985E-05
181.6 0 -3.678201507E-05
181.8 0 -3.680511935E-05
182 0 -2.455216845E-05
182.2 0 1.228380503E-05
182.4 0 -2.458307111E-05
182.6 0 -3.689782746E-05
182.8 0 -1.230702583E-05
183 0 -1.202313564E-20
183.2 0 -2.464511041E-05
183.4 0 -4.932133838E-05
183.6 0 4.595043398E-20
183.8 0 3.360055153E-20
184 0 -1.235373182E-05
184.2 0 1.236155063E-05
184.4 0 -1.236937935E-05
184.6 0 -2.475443599E-05
184.8 0 -3.715519975E-05
185 0 -4.957170051E-05
185.2 0 -2.48015873E-05
185.4 0 3.205515907E-20
185.6 0 1.241656071E-05
185.8 0 -1.30514419E-20
186 0 -5.261427234E-21
186.2 0 1.244028662E-05
186.4 0 2.489643085E-05
186.6 0 3.736846301E-05
186.8 0 1.246410338E-05
187 0 -2.494412516E-05
187.2 0 -2.49600639E-05
187.4 0 1.248801151E-05
187.6 0 2.499200256E-05
187.8 0 1.265416953E-20
188 0 6.008056114E-21
188.2 0 2.934049533E-20
188.4 0 -1.252806286E-05
188.6 0 -1.253610398E-05
188.8 0 1.254415543E-05
189 0 1.255221722E-05
189.2 0 2.004561012E-20
189.4 0 -1.256837194E-05
189.6 0 -1.771106439E-20
189.8 0 1.25845683E-05
190 0 3.165772831E-20
190.2 0 1.681415409E-20
190.4 0 3.815084866E-21
190.6 0 -1.261708656E-05
190.8 0 -2.525048481E-05
191 0 -2.526681759E-05
191.2 0 -1.264158576E-05
191.4 0 -1.264977332E-05
191.6 0 -3.797391445E-05
191.8 0 -3.799854086E-05
192 0 -2.534879948E-05
192.2 0 -1.268262987E-05
192.4 0 -1.26908707E-05
192.6 0 -2.539824447E-05
192.8 0 -2.541476903E-05
193 0 -2.54313151E-05
193.2 0 -2.544788274E-05
193.4 0 -2.546447197E-05
193.6 0 -2.548108284E-05
193.8 0 -2.54977154E-05
194 0 -1.275718485E-05
194.2 0 2.553104575E-05
194.4 0 1.277387181E-05
194.6 0 -2.556446335E-05
194.8 0 -1.541479674E-20
195 0 1.279898427E-05
195.2 0 -2.56147541E-05
195.4 0 -5.126312336E-05
195.6 0 -2.564839133E-05
195.8 0 1.283262155E-05
196 0 1.284105851E-05
196.2 0 -5.415355499E-21
196.4 0 -1.285796577E-05
196.6 0 1.28664361E-05
196.8 0 3.86247528E-05
197 0 1.288341029E-05
197.2 0 -1.289191419E-05
197.4 0 -2.580085865E-05
197.6 0 -2.581791143E-05
197.8 0 -2.583498677E-05
198 0 -3.877812707E-05
198.2 0 -5.17384106E-05
198.4 0 -3.882952286E-05
198.6 0 -5.180702918E-05
198.8 0 -1.296035169E-05
199 0 3.890687251E-05
199.2 0 2.59551495E-05
199.4 0 2.597240691E-05
199.6 0 2.598968729E-05
199.8 5.201398136E-06 1.300349534E-05
200 5.204863424E-06 -2.276508667E-20
200.2 0 1.302083333E-05
200.4 0 7.466552345E-21
200.6 0 -1.303821762E-05
200.8 0 -1.304692719E-05
201 0 -1.30556484E-05
201.2 0 -2.229208066E-20
201.4 0 -1.079138682E-20
201.6 0 1.308188212E-05
201.8 0 -3.763393364E-20
202 0 -2.619885983E-05
202.2 0 -2.621644295E-05
202.4 0 -1.611473324E-20
202.6 0 1.312584005E-05
202.8 5.253866846E-06 -8.946986367E-21
203 1.051480485E-05 -4.856403952E-20
203.2 1.578282828E-05 -1.964958675E-20
203.4 2.105795148E-05 1.316121968E-05
203.6 2.107215105E-05 2.634018881E-05
203.8 2.635796221E-05 1.317898111E-05
204 2.637575962E-05 -1.172870933E-20
204.2 2.111486486E-05 1.498945668E-20
204.4 2.112914131E-05 2.641142664E-05
204.6 2.114343708E-05 1.321464817E-05
204.8 2.11577522E-05 -2.644719025E-05
205 2.64651084E-05 -1.32325542E-05
205.2 3.177966102E-05 1.324152542E-05
205.4 3.710142469E-05 -3.73959393E-22
205.6 4.243041412E-05 -1.325950441E-05
205.8 4.776664402E-05 -1.326851223E-05
206 5.311012916E-05 -2.655506458E-05
206.2 5.846088435E-05 3.188301177E-20
206.4 6.381892444E-05 2.576238164E-20
206.6 6.918426431E-05 3.603913305E-21
206.8 6.923142468E-05 -4.478856182E-21
207 6.927864939E-05 -1.332281719E-05
207.2 6.932593857E-05 -1.333191126E-05
207.4 6.937329235E-05 -1.334101776E-05
207.6 7.476076555E-05 -2.670027341E-05
207.8 8.015560876E-05 -4.007780438E-05
208 8.55578371E-05 -1.522991783E-20
208.2 9.096746575E-05 1.337756849E-05
208.4 9.638450994E-05 2.677347498E-05
208.6 0.0001018089849 1.339591907E-05
208.8 0.000107240906 -1.340511325E-05
209 0.0001073145604 2.682864011E-05
209.2 0.0001073883162 2.684707904E-05
209.4 0.0001074621733 1.343277166E-05
209.6 0.0001075361321 2.688403304E-05
209.8 0.0001076101928 2.690254821E-05
210 0.0001076843556 4.038163336E-05
210.2 0.0001077586207 2.693965517E-05
210.4 0.0001078329883 1.347912353E-05
210.6 0.0001079074586 1.348843232E-05
210.8 0.0001079820318 -1.349775397E-05
211 0.0001080567082 1.350708852E-05
211.2 0.0001081314879 4.054930796E-05
211.4 0.0001082063712 2.70515928E-05
211.6 0.0001082813583 6.767584893E-05
211.8 0.0001029386269 9.48118932E-05
212 9.758848022E-05 4.066186676E-05
212.2 9.765625E-05 1.356336806E-05
212.4 9.772411397E-05 4.071838082E-05
212.6 9.779207232E-05 5.432892907E-05
212.8 9.786012526E-05 4.077505219E-05
213 9.792827298E-05 4.080344708E-05
213.2 9.799651568E-05 2.722125436E-05
213.4 9.806485356E-05 1.362011855E-05
213.6 9.813328681E-05 1.362962317E-05
213.8 9.820181564E-05 4.091742318E-05
214 9.827044025E-05 4.094601677E-05
214.2 9.833916084E-05 2.731643357E-05
214.4 9.840797761E-05 4.1003324E-05
214.6 9.847689076E-05 2.735469188E-05
214.8 9.854590049E-05 -2.737386125E-05
215 9.861500701E-05 -5.478611501E-05
215.2 9.320175439E-05 -1.370614035E-05
215.4 8.778089888E-05 1.371576545E-05
215.6 8.235242446E-05 -4.117621223E-05
215.8 8.241033755E-05 -8.241033755E-05
216 8.246833216E-05 -2.748944405E-05
216.2 7.702464789E-05 -1.375440141E-05
216.4 7.157329105E-05 -4.12922833E-05
216.6 6.611424542E-05 -1.377380113E-05
216.8 6.064749471E-05 2.756704305E-05
217 5.51730226E-05 2.75865113E-05
217.2 4.969081272E-05 1.380300353E-05
217.4 4.420084866E-05 -2.762553041E-05
217.6 3.870311394E-05 -1.382254069E-05
217.8 3.319759207E-05 2.766466006E-05
218 2.768426648E-05 -2.768426648E-05
218.2 2.216312057E-05 -2.770390071E-05
218.4 1.663413769E-05 2.772356281E-05
218.6 1.109730114E-05 2.774325284E-05
218.8 5.552594172E-06 2.776297086E-05
219 0 2.778271693E-05
219.2 0 1.390124555E-05
219.4 0 -4.173344017E-05
219.6 0 -8.352637206E-05
219.8 0 -4.179297432E-05
220 0 -1.454500501E-20
220.2 0 -4.185267857E-05
220.4 0 3.967916457E-21
220.6 0 2.794170243E-05
220.8 0 1.398085183E-05
221 0 2.798173352E-05
221.2 0 -8.400537634E-05
221.4 0 1.094742047E-20
221.6 0 2.804199569E-05
221.8 0 -2.80621408E-05
222 0 1.404115744E-05
222.2 0 5.620503597E-05
222.4 0 4.218412527E-05
222.6 0 -1.407150576E-05
222.8 0 1.408165105E-05
223 0 -2.818362193E-05
223.2 0 -2.820397112E-05
223.4 0 -3.409784744E-20
223.6 0 -2.824475777E-05
223.8 0 -3.52014299E-20
224 0 -2.496404423E-20
224.2 0 -2.830615942E-05
224.4 0 -1.006366048E-20
224.6 0 2.834724238E-05
224.8 0 -1.418391431E-05
225 0 -4.258266715E-05
225.2 0 -1.420454545E-05
225.4 0 -1.421488355E-05
225.6 0 1.422523671E-05
225.8 0 4.270681487E-05
226 0 2.849197666E-05
226.2 0 -1.425638686E-05
226.4 5.706720234E-06 2.853360117E-05
226.6 5.710891813E-06 7.138614766E-05
226.8 5.715069495E-06 2.857534748E-05
227 5.719253294E-06 3.047830412E-20
227.2 5.723443223E-06 -0
227.4 5.727639296E-06 -5.727639296E-05
227.6 5.731841526E-06 -5.731841526E-05
227.8 5.736049927E-06 -2.868024963E-05
228 5.740264511E-06 -1.435066128E-05
228.2 5.744485294E-06 -1.020425574E-20
228.4 5.748712288E-06 -4.311534216E-05
228.6 5.752945508E-06 -5.752945508E-05
228.8 5.757184967E-06 -4.317888725E-05
229 5.761430678E-06 -4.321073009E-05
229.2 5.765682657E-06 -5.765682657E-05
229.4 5.769940916E-06 -8.654911374E-05
229.6 0 -4.330654102E-05
229.8 0 -1.444619083E-05
230 0 -8.674130274E-05
230.2 0 -8.680555556E-05
230.4 0 -1.965936432E-20
230.6 0 7.244528932E-05
230.8 0 2.675449952E-20
231 0 -5.025967945E-22
231.2 0 7.260687732E-05
231.4 0 -1.706560693E-20
231.6 5.817200298E-06 -1.454300074E-05
231.8 1.164307004E-05 1.455383756E-05
232 1.747762864E-05 2.912938106E-05
232.2 2.91511194E-05 -1.45755597E-05
232.4 3.500746826E-05 -1.458644511E-05
232.6 4.671150972E-05 5.838938714E-05
232.8 5.258975318E-05 4.382479432E-05
233 5.847679641E-05 1.498251879E-20
233.2 6.437265918E-05 -2.926029963E-05
233.4 7.027736132E-05 1.464111694E-05
233.6 7.033008252E-05 5.86084021E-05
233.8 7.624812312E-05 -2.93262012E-05
234 8.217505635E-05 -7.337058603E-05
234.2 8.811090226E-05 -2.937030075E-05
234.4 9.405568096E-05 1.75685087E-21
234.6 0.0001000094127 1.470726657E-05
234.8 0.0001000847777 -1.471834966E-05
235 0.0001060520362 -2.945889894E-05
235.2 0.0001120283019 -1.474056604E-05
235.4 0.0001180135952 -1.861550327E-21
235.6 0.0001240079365 3.517595574E-20
235.8 0.0001300113464 1.117650017E-22
236 0.0001360238456 -2.957040121E-05
236.2 0.0001420454545 -4.438920455E-05
236.4 0.0001480761941 -2.961523882E-05
236.6 0.000154116085 -2.963770865E-05
236.8 0.0001601651481 -2.96602126E-05
237 0.0001662234043 -1.484137538E-05
237.2 0.0001604087452 1.48526616E-05
237.4 0.0001605308219 4.459189498E-05
237.6 0.0001487528561 2.975057121E-05
237.8 0.0001429115854 -2.547815626E-20
238 0.000143020595 2.979595728E-05
238.2 0.0001371660305 4.472805344E-05
238.4 0.000131302521 2.984148205E-05
238.6 0.0001194571865 2.986429664E-05
238.8 0.0001135711553 4.48307192E-05
239 0.0001136581164 2.991003063E-05
239.2 0.0001197318008 4.489942529E-05
239.4 0.0001078412577 2.995590491E-05
239.6 0.0001139198005 1.498944743E-05
239.8 0.0001140072965 6.000384025E-05
240 0.000114094927 4.503747118E-05
240.2 0.0001141826923 6.009615385E-05
240.4 0.000108256351 6.014241724E-05
240.6 0.0001023208783 1.504718798E-05
240.8 9.637625289E-05 3.011757903E-05
241 9.04224537E-05 7.535204475E-05
241.2 9.049227799E-05 7.541023166E-05
241.4 9.05622102E-05 3.01874034E-05
241.6 9.063225058E-05 1.51053751E-05
241.8 8.465557276E-05 4.535119969E-05
242 7.866963594E-05 9.077265686E-05
242.2 7.26744186E-05 6.05620155E-05
242.4 6.060899922E-05 1.515224981E-05
242.6 5.459045031E-05 1.516401398E-05
242.8 6.677350427E-05 1.517579643E-05
243 6.682542768E-05 -3.460137438E-20
243.2 7.295719844E-05 1.519941634E-05
243.4 7.301401869E-05 4.563376168E-05
243.6 8.524941543E-05 -1.52231099E-05
243.8 8.531591264E-05 -4.57049532E-05
244 9.758001561E-05 -3.049375488E-05
244.2 9.765625E-05 6.99242009E-21
244.4 9.77326036E-05 8.027758252E-21
244.6 9.780907668E-05 -1.528266823E-05
244.8 9.788566954E-05 1.692964267E-20
245 0.0001040850313 -4.591986677E-05
245.2 0.0001102941176 -3.06372549E-05
245.4 0.0001042484301 -5.446541526E-21
245.6 0.0001043303221 -3.068538885E-05
245.8 0.0001044123428 -9.212853774E-05
246 0.0001044944925 -0.00010756786
246.2 0.0001045767717 -6.151574803E-05
246.4 0.0001046591805 -3.07821119E-05
246.6 0.0001047417192 -4.620958202E-05
246.8 9.865824783E-05 -6.166140489E-05
247 9.873617694E-05 -4.628258294E-05
247.2 9.881422925E-05 -9.263833992E-05
247.4 9.889240506E-05 -3.090387658E-05
247.6 9.897070467E-05 -1.54641726E-05
247.8 9.904912837E-05 -7.738213154E-05
248 9.912767645E-05 -1.548869944E-05
248.2 0.000105406746 3.100198413E-05
248.4 9.928514694E-05 1.551330421E-05
248.6 0.0001055743243 4.657690779E-05
248.8 0.0001056583134 6.215194909E-05
249 0.0001119625796 -2.782740318E-20
249.2 0.0001182768924 -1.5562749E-05
249.4 0.0001246012759 -1.557515949E-05
249.6 0.0001309357542 1.558758978E-05
249.8 0.0001310403355 1.560003994E-05
250 0.0001373900879 -3.122501998E-05
250.2 0.00014375 3.125E-05
250.4 0.0001376100881 4.691253002E-05
250.6 0.0001439803686 -1.565004006E-05
250.8 0.0001566259022 -3.132518043E-05
251 0.0001692917335 1.607874286E-20
251.2 0.0001694277108 3.137550201E-05
251.4 0.0001695639068 -1.570036174E-05
251.6 0.0001759855189 -3.142598552E-05
251.8 0.0001824174718 -3.145128824E-05
252 0.0001888597905 -3.147663175E-05
252.2 0.0001953125 1.575100806E-05
252.4 0.0001954701372 5.065624358E-20
252.6 0.0001893174475 -1.577645396E-05
252.8 0.0001894704931 1.578920776E-05
253 0.0001896237864 -1.58019822E-05
253.2 0.0001897773279 1.581477733E-05
253.4 0.000183600081 4.748277958E-05
253.6 0.0001774128143 -1.584042985E-05
253.8 0.0001775568182 1.414679133E-20
254 0.0001777010561 3.173233144E-05
254.2 0.0001841971545 1.587906504E-05
254.4 0.0001907038242 -2.810749025E-20
254.6 0.0001972210912 3.180985342E-05
254.8 0.0001973818256 3.183577832E-05
255 0.0002039151713 4.779261827E-05
255.2 0.0002104591837 7.971938776E-05
255.4 0.0002106311275 1.595690359E-05
255.6 0.0002299672935 -1.596995094E-05
255.8 0.0002365486907 1.598301964E-05
256 0.0002431408681 3.199221949E-05
256.2 0.0002369364754 3.201844262E-05
256.4 0.0002563576702 4.806706317E-05
256.6 0.0002565681445 3.207101806E-05
256.8 0.0002567789647 4.814605588E-05
257 0.000244140625 6.424753289E-05
257.2 0.0002379115226 8.03755144E-05
257.4 0.0002252368204 6.435337727E-05
257.6 0.0002254225062 8.050803792E-05
257.8 0.0002191625413 0.0001128042492
258 0.0002128922378 4.83845995E-05
258.2 0.0002066115702 4.842458678E-05
258.4 0.0002003205128 6.461952026E-05
258.6 0.0001875517384 6.467301325E-05
258.8 0.0001812344656 3.236329743E-05
259 0.000181384743 3.239013267E-05
259.2 0.0001815352697 -2.879209089E-20
259.4 0.0001751972591 -5.475040871E-20
259.6 0.0001753428928 8.117726517E-05
259.8 0.0001689891847 0.0001299916805
260 0.0001626248959 8.131244796E-05
260.2 0.00015625 6.510416667E-05
260.4 0.0001759278565 9.773769808E-05
260.6 0.0001695534224 3.260642738E-05
260.8 0.000169695071 9.790100251E-05
261 0.0001567725753 9.798285953E-05
261.2 0.0001569037657 -1.634414226E-05
261.4 0.0001504920436 -1.635783082E-05
261.6 0.0001571668064 6.548616932E-05
261.8 0.0001441904362 9.831166107E-05
262 0.0001377518892 3.279806885E-05
262.2 0.0001378676471 3.282563025E-05
262.4 0.0001445542473 3.793339813E-20
262.6 0.0001380997475 -8.220223064E-05
262.8 0.0001447978096 -1.495664935E-20
263 0.0001449198988 2.952925113E-21
263.2 0.0001516350211 -4.944620253E-05
263.4 0.0001517630912 1.649598818E-05
263.6 0.000138683432 1.650993238E-05
263.8 0.0001388007614 3.304780034E-05
264 0.0001323031329 -1.228554128E-20
264.2 0.0001390360169 -1.655190678E-05
264.4 0.000139153944 4.969783715E-05
264.6 0.0001392720713 -3.316001698E-05
264.8 0.0001526656754 -4.978228547E-05
265 0.0001660820578 -2.809061789E-20
265.2 0.0001728723404 -1.662234043E-05
265.4 0.0001863287905 -1.654986342E-20
265.6 0.0001998081841 -1.665068201E-05
265.8 0.0002133105802 -8.332444539E-05
266 0.0002268360376 -3.335824082E-05
266.2 0.0002403846154 5.008012821E-05
266.4 0.0002472733105 1.380720252E-20
266.6 0.0002474850171 3.344392123E-05
266.8 0.0002410025707 6.694515853E-05
267 0.0002412092624 5.025192967E-05
267.2 0.000241416309 3.353004292E-05
267.4 0.0002416237113 3.35588488E-05
267.6 0.0002283963887 1.679385211E-05
267.8 0.0002285929432 3.361660929E-05
268 0.0002220607235 3.364556417E-05
268.2 0.0002222521552 3.367456897E-05
268.4 0.0002291846419 6.740724763E-05
268.6 0.0002361291019 2.696461362E-20
268.8 0.000249837943 1.688094209E-05
269 0.0002500540657 3.379108997E-05
269.2 0.0002435064935 -5.073051948E-05
269.4 0.0002437175043 -6.769930676E-05
269.6 0.0002439288812 1.693950564E-05
269.8 0.000244140625 1.695421007E-05
270 0.0002443527368 -5.090682016E-05
270.2 0.0002513586957 -6.793478261E-05
270.4 0.0002447780679 -5.099543081E-05
270.6 0.0002381859756 -1.701328397E-05
270.8 0.0002315823888 2.117360825E-20
271 0.0002181500873 3.408595113E-05
271.2 0.0002046943231 6.823144105E-05
271.4 0.000191215035 1.707277098E-05
271.6 0.0001708770779 1.708770779E-05
271.8 0.0001573445709 5.130801226E-05
272 0.0001506354075 -3.423531989E-05
272.2 0.0001439144737 -6.853070175E-05
272.4 0.0001440408253 -8.573858648E-05
272.6 0.0001373022847 -0.0001373022847
272.8 0.0001305518909 -5.153364116E-05
273 0.0001237896127 -5.157900528E-05
273.2 0.0001170154185 -0.0001032488987
273.4 0.0001102292769 -0.0001033399471
273.6 0.0001034311562 -3.447705207E-05
273.8 9.662102473E-05 -3.450750883E-05
274 8.979885057E-05 -0.0001208830681
274.2 8.296460177E-05 -5.185287611E-05
274.4 7.611824624E-05 -1.729960142E-05
274.6 6.925975177E-05 -5.194481383E-05
274.8 6.238908607E-05 -5.199090506E-05
275 5.55062167E-05 -3.469138544E-05
275.2 4.861111111E-05 -3.472222222E-05
275.4 4.170373665E-05 -3.475311388E-05
275.6 3.478406055E-05 -5.217609083E-05
275.8 2.088903743E-05 2.252473497E-20
276 1.393844781E-05 1.742305977E-05
276.2 6.975446429E-06 -3.487723214E-05
276.4 0 -6.981680071E-05
276.6 0 -0.0001222886852
276.8 0 -6.994180842E-05
277 0 5.250336022E-05
277.2 0 7.006726457E-05
277.4 0 3.506508079E-05
277.6 0 3.50965858E-05
277.8 0 1.756407374E-05
278 0 3.515976598E-05
278.2 0 5.278716216E-05
278.4 0 3.522317403E-05
278.6 7.05099278E-06 5.288244585E-05
278.8 1.411472448E-05 7.05736224E-05
279 2.119122966E-05 5.297807414E-05
279.2 2.121040724E-05 3.535067873E-05
279.4 2.830615942E-05 3.538269928E-05
279.6 3.541477788E-05 5.312216682E-05
279.8 4.962568058E-05 5.317037205E-05
280 6.386239782E-05 3.54791099E-05
280.2 7.102272727E-05 -1.775568182E-05
280.4 7.819608735E-05 -3.554367607E-05
280.6 8.538251366E-05 -1.778802368E-05
280.8 9.258204193E-05 -1.766326686E-20
281 9.979470803E-05 -7.41989386E-21
281.2 9.988584475E-05 -3.567351598E-05
281.4 9.997714808E-05 5.355918647E-05
281.6 9.292086002E-05 7.147758463E-05
281.8 9.300595238E-05 -3.577152015E-05
282 0.0001002520623 -3.580430797E-05
282.2 9.31766055E-05 -5.878911267E-20
282.4 9.326216713E-05 -3.587006428E-05
282.6 8.616727941E-05 -8.975758272E-05
282.8 9.343376265E-05 -3.593606256E-05
283 8.632596685E-05 -5.395372928E-05
283.2 9.360599078E-05 -3.600230415E-05
283.4 8.648523985E-05 1.80177583E-05
283.6 8.656509695E-05 -3.60687904E-05
283.8 8.664510166E-05 1.042433696E-20
284 8.672525439E-05 1.806776133E-05
284.2 8.680555556E-05 -9.04224537E-05
284.4 8.688600556E-05 -7.240500463E-05
284.6 8.696660482E-05 -1.811804267E-05
284.8 9.430129991E-05 -9.067432683E-05
285 9.438894052E-05 -7.260687732E-05
285.2 0.000101744186 -3.63372093E-05
285.4 0.0001018389199 -3.637104283E-05
285.6 9.46528425E-05 1.820246971E-05
285.8 8.745335821E-05 3.643889925E-05
286 8.024042951E-05 -2.475291659E-20
286.2 7.301401869E-05 -1.825350467E-05
286.4 5.846585594E-05 -5.481173994E-05
286.6 5.120552434E-05 -7.315074906E-05
286.8 4.393158388E-05 2.080807733E-20
287 3.664399625E-05 3.664399625E-05
287.2 2.9342723E-05 -1.833920188E-05
287.4 2.202772556E-05 -3.671287594E-05
287.6 1.469896519E-05 -1.837370649E-05
287.8 7.356403013E-06 -3.678201507E-05
288 0 -1.840834119E-05
288.2 0 3.685141509E-05
288.4 0 -2.095708134E-20
288.6 0 -5.538161626E-05
288.8 0 -3.695600757E-05
289 0 3.699100379E-05
289.2 0 1.851303318E-05
289.4 0 -3.706119545E-05
289.6 0 3.703626683E-20
289.8 0 2.199132302E-20
290 0 -1.858349191E-05
290.2 0 5.783313093E-21
290.4 0 5.008624084E-20
290.6 0 6.026048229E-20
290.8 0 7.045557191E-20
291 0 3.734464627E-05
291.2 0 1.869019139E-05
291.4 0 3.733109306E-21
291.6 0 -1.872603068E-05
291.8 0 -1.874400192E-05
292 0 3.752401537E-05
292.2 0 1.878004808E-05
292.4 0 2.288578867E-20
292.6 7.526493256E-06 3.763246628E-05
292.8 1.506750241E-05 3.766875603E-05
293 2.26230695E-05 1.885255792E-05
293.2 3.019323671E-05 3.774154589E-05
293.4 3.777804642E-05 5.666706963E-05
293.6 4.537754114E-05 5.672192643E-05
293.8 5.299176357E-05 1.892562984E-05
294 6.062075655E-05 1.894398642E-05
294.2 6.826456311E-05 1.896237864E-05
294.4 7.592322643E-05 -3.796161322E-05
294.6 8.359678988E-05 -1.899927043E-05
294.8 8.36781889E-05 1.90177702E-05
295 8.375974659E-05 3.807261209E-05
295.2 8.384146341E-05 7.62195122E-05
295.4 9.155273438E-05 3.814697266E-05
295.6 9.927908113E-05 3.818426197E-05
295.8 0.0001146648728 5.73324364E-05
296 0.0001300808031 1.912952987E-05
296.2 0.0001378676471 -2.617462231E-20
296.4 0.0001456697743 -1.916707556E-05
296.6 0.0001534872299 7.186849724E-21
296.8 0.0001459562439 3.840953786E-05
297 0.0001537893701 3.844734252E-05
297.2 0.000161637931 5.772783251E-05
297.4 0.0001617973373 7.704635108E-05
297.6 0.0001619570582 7.712240869E-05
297.8 0.0001621170949 0.0001157979249
298 0.0001622774481 7.727497527E-05
298.2 0.0001624381188 6.013622322E-20
298.4 0.000162599108 1.935703667E-05
298.6 0.0001627604167 3.875248016E-05
298.8 0.0001706802383 3.879096326E-05
299 0.0001863817097 5.824428429E-05
299.2 0.0001787935323 5.830223881E-05
299.4 0.0001945343625 7.781374502E-05
299.6 0.0001869391825 9.736415753E-05
299.8 0.0001949226547 1.949226547E-05
300 0.0002029220779 -1.951173826E-05
300.2 0.000203125 3.90625E-05
300.4 0.000195508008 5.86524024E-05
300.6 0.0001878757515 7.828156313E-05
300.8 0.0001802281846 9.79501003E-05
301 0.000172565261 3.921937751E-05
301.2 0.0001727386935 1.962939698E-05
301.4 0.0001650528169 5.894743461E-05
301.6 0.0001416163142 1.966893253E-05
301.8 0.0001496345766 1.968876008E-05
302 0.000126135217 7.88345106E-05
302.2 0.0001183712121 -2.671975915E-20
302.4 0.0001263902932 -1.974848332E-05
302.6 0.00011861083 3.953694332E-05
302.8 0.0001108156028 -2.598826159E-20
303 0.0001109279919 -3.377960521E-20
303.2 9.517766497E-05 1.98286802E-05
303.4 9.527439024E-05 -5.145008669E-20
303.6 0.0001033189217 -4.835343158E-20
303.8 9.546843177E-05 1.988925662E-05
304 7.963812436E-05 3.981906218E-05
304.2 7.174744898E-05 3.985969388E-05
304.4 6.384065373E-05 1.995020429E-05
304.6 5.591768916E-05 7.726171843E-21
304.8 4.797850563E-05 3.789364864E-20
305 4.002305328E-05 2.001152664E-05
305.2 3.205128205E-05 6.009615385E-05
305.4 3.208418891E-05 8.021047228E-05
305.6 2.408787256E-05 6.02196814E-05
305.8 1.607510288E-05 -5.137646882E-20
306 1.609165808E-05 -6.074211965E-21
306.2 8.054123711E-06 2.013530928E-05
306.4 0 4.03121775E-05
306.6 0 6.053073347E-05
306.8 0 4.039555326E-05
307 0 2.02186853E-05
307.2 0 4.047927461E-05
307.4 0 8.104253112E-05
307.6 0 6.084501558E-05
307.8 0 4.060550936E-05
308 0 2.032388137E-05
308.2 0 2.034505208E-05
308.4 0 6.109880083E-05
308.6 0 6.116257829E-05
308.8 0 2.040882968E-05
309 0 4.086035565E-05
309.2 0 6.135471204E-05
309.4 0 4.094601677E-05
309.6 0 4.098898216E-05
309.8 0 6.154805672E-05
310 0 -3.502280835E-20
310.2 0 -4.111842105E-05
310.4 0 2.05808746E-05
310.6 0 2.060258439E-05
310.8 0 4.757251486E-20
311 0 4.100605262E-20
311.2 0 1.982541115E-20
311.4 0 -2.068988347E-05
311.6 0 -4.142364793E-05
311.8 0 4.146762208E-05
312 0 6.226753454E-05
312.2 0 1.623996446E-20
312.4 0 2.080005325E-05
312.6 0 2.082222814E-05
312.8 0 2.838045467E-20
313 0 2.086672009E-05
313.2 0 -1.335829842E-20
313.4 0 2.091140257E-05
313.6 0 4.18676313E-05
313.8 0 4.191255365E-05
314 0 2.097878625E-05
314.2 0 1.343011723E-20
314.4 0 5.22249762E-20
314.6 0 -4.209321121E-05
314.8 0 -4.21386192E-05
315 0 -8.436825054E-05
315.2 0 -6.334459459E-05
315.4 0 -4.22754329E-05
315.6 0 -0.0001269637053
315.8 0 -8.473427332E-05
316 0 -6.361970684E-05
316.2 0 -8.491847826E-05
316.4 0 -4.25054407E-05
316.6 0 -2.127587146E-05
316.8 0 -4.259814613E-05
317 8.528930131E-06 -6.396697598E-05
317.2 1.707650273E-05 -0.0001067281421
317.4 2.564277899E-05 -0.0001068449125
317.6 3.422782037E-05 2.04563892E-20
317.8 4.28316886E-05 1.904508925E-20
318 5.145444566E-05 -2.143935236E-05
318.2 6.009615385E-05 3.160869817E-20
318.4 6.875687569E-05 2.148652365E-05
318.6 7.743667401E-05 2.151018722E-05
318.8 8.613561191E-05 2.153390298E-05
319 9.485375276E-05 2.155767108E-05
319.2 0.0001035911602 1.254138991E-20
319.4 0.0001123478982 -1.307431371E-20
319.6 0.000121124031 -1.938955071E-20
319.8 0.0001299196231 4.330654102E-05
320 0.0001387347392 2.1677303E-05
320.2 0.0001475694444 -2.170138889E-05
320.4 0.0001564238042 2.172552836E-05
320.6 0.0001565979955 4.349944321E-05
320.8 0.0001654821628 4.354793757E-05
321 0.0001743861607 2.149835763E-20
321.2 0.0001833100559 4.985073863E-21
321.4 0.000192253915 4.369407159E-05
321.6 0.0002099664054 2.187150056E-05
321.8 0.0002364770179 3.157119074E-20
322 0.000263047138 -2.192059484E-05
322.2 0.0002808988764 -4.389044944E-05
322.4 0.0003075787402 -4.393982002E-05
322.6 0.0003079251126 -7.120570875E-22
322.8 0.0003258878241 2.201944758E-05
323 0.0003438910835 2.204430023E-05
323.2 0.0003619350282 1.731463802E-21
323.4 0.0003800197964 2.209417421E-05
323.6 0.0003981455266 2.211919592E-05
323.8 0.0004163123583 4.428854875E-05
324 0.0004167849035 0.0001108470488
324.2 0.0004261363636 8.877840909E-05
324.4 0.0004266211604 8.887940842E-05
324.6 0.0004271070615 6.673547836E-05
324.8 0.0004365022805 8.908209806E-05
325 0.0004280821918 0.0001337756849
325.2 0.0004375 0.00015625
325.4 0.0004290617849 0.0001117348398
325.6 0.0004295532646 4.474513173E-05
325.8 0.0004390051606 8.959288991E-05
326 0.0004305396096 0.000179391504
326.2 0.0004489942529 0.0001571479885
326.4 0.0004315304948 6.742663982E-05
326.6 0.0004410282258 1.23232952E-20
326.8 0.0004235149942 2.252739331E-05
327 0.0004059613164 2.255340647E-05
327.2 0.0004064306358 -4.515895954E-05
327.4 0.0004069010417 -4.521122685E-05
327.6 0.0004345307068 -4.52636153E-05
327.8 0.0004259715777 -6.797418794E-05
328 0.0004446138211 -6.805313589E-05
328.2 0.000445130814 6.561600963E-21
328.4 0.0004547438882 2.553758298E-20
328.6 0.0004552738928 -9.105477855E-05
328.8 0.0004558051342 -0.0001139512835
329 0.0004563376168 -9.126752336E-05
329.2 0.0004660087719 -9.137426901E-05
329.4 0.0004574063232 -9.148126464E-05
329.6 0.0004487837046 -0.0001373827667
329.8 0.000449310446 -9.169600939E-05
330 0.0004406580494 2.295094007E-05
330.2 0.0004319852941 -1.783061302E-20
330.4 0.0004232921084 -1.592771082E-20
330.6 0.0004145784198 1.913680045E-20
330.8 0.0004058441558 -6.067540733E-20
331 0.0004063238771 4.617316785E-05
331.2 0.0003975591716 4.622781065E-05
331.4 0.0003980302133 -2.069339644E-20
331.6 0.0003985023725 -4.633748517E-05
331.8 0.0003989756532 -9.278503563E-05
332 0.0003994500595 -0.0001161192033
332.2 0.0003999255952 -9.300595238E-05
332.4 0.0004004022646 -9.311680572E-05
332.6 0.0004008800716 -6.992094272E-05
332.8 0.0003920250896 -4.666965352E-05
333 0.0003831489234 -4.672547847E-05
333.2 0.000374251497 -0.0001169535928
333.4 0.0003747002398 -9.367505995E-05
333.6 0.00037515006 -4.68937575E-05
333.8 0.0003756009615 5.032816913E-20
334 0.0003760529483 4.700661853E-05
334.2 0.0003859186747 -7.059487952E-05
334.4 0.0003958082027 -0.0001649200844
334.6 0.0004151570048 -0.0001179423309
334.8 0.0004156590085 -7.085096735E-05
335 0.0004161622276 -0.0001418734867
335.2 0.0004356060606 -0.000165719697
335.4 0.0004456158981 -0.0001422178398
335.6 0.0004461573512 -2.3731774E-05
335.8 0.0004467001217 4.99781167E-20
336 0.0004472442144 -9.515834348E-05
336.2 0.0004477896341 -9.527439024E-05
336.4 0.0004483363858 6.450870965E-20
336.6 0.0004297830073 4.775366748E-05
336.8 0.0004111842105 -2.390605875E-05
337 0.0004021139706 -7.180606618E-05
337.2 0.0003930214724 -2.396472393E-05
337.4 0.0003839066339 1.328217108E-20
337.6 0.0003747693727 -4.804735547E-05
337.8 0.0003656096059 -7.215979064E-05
338 0.0003564272503 -4.816584464E-05
338.2 0.0003472222222 -2.411265432E-05
338.4 0.0003379944376 -4.828491965E-05
338.6 0.0003287438119 -9.668935644E-05
338.8 0.0003194702602 -0.0001452137546
339 0.0003101736973 -9.69292804E-05
339.2 0.0003008540373 -2.426242236E-05
339.4 0.000291511194 -2.42925995E-05
339.6 0.0002821450809 2.243417419E-20
339.8 0.000272755611 2.435317955E-05
340 0.0002633426966 -2.438358302E-05
340.2 0.00025390625 -2.350543708E-20
340.4 0.0002444461827 7.333385482E-05
340.6 0.000234962406 2.447525063E-05
340.8 0.0002254548306 -2.450595985E-05
341 0.0002159233668 4.907349246E-05
341.2 0.0002063679245 2.456761006E-05
341.4 0.0001967884131 -4.919710327E-05
341.6 0.0001871847415 -7.388871375E-05
341.8 0.0001775568182 -9.864267677E-05
342 0.0001679045512 -7.407553729E-05
342.2 0.0001582278481 -4.944620253E-05
342.4 0.000148526616 -4.950887199E-05
342.6 0.0001388007614 -2.478585025E-05
342.8 0.0001290501906 3.468485268E-20
343 0.0001192748092 -2.484891858E-05
343.2 0.0001094745223 -2.488057325E-05
343.4 9.964923469E-05 -4.982461735E-05
343.6 8.979885057E-05 -4.988825032E-05
343.8 8.991368286E-05 7.745788579E-21
344 8.002560819E-05 -0.0001000320102
344.2 7.011217949E-05 -7.512019231E-05
344.4 6.01732991E-05 5.014441592E-05
344.6 5.020886889E-05 -2.2154352E-20
344.8 4.021879022E-05 2.513674389E-05
345 3.020296392E-05 5.03382732E-05
345.2 2.016129032E-05 -0.0001008064516
345.4 1.009366925E-05 -5.046834625E-05
345.6 0 5.053363519E-05
345.8 0 -2.529954663E-05
346 0 -2.533236057E-05
346.2 0 -2.536525974E-05
346.4 0 -5.079648895E-05
346.6 0 -2.54313151E-05
346.8 0 2.184186792E-20
347 0 -7.649314621E-05
347.2 0 -0.000102124183
347.4 0 -5.11289267E-05
347.6 0 -2.559796855E-05
347.8 0 -2.563156168E-05
348 0 -5.13304862E-05
348.2 0 2.569901316E-05
348.4 0 2.57328722E-05
348.6 0 -2.576682058E-05
348.8 0 7.740257596E-05
349 0 7.750496032E-05
349.2 1.034768212E-05 2.58692053E-05
349.4 2.072281167E-05 5.180702918E-05
349.6 3.112549801E-05 7.781374502E-05
349.8 3.11668883E-05 7.791722074E-05
350 4.161118509E-05 5.201398136E-05
350.2 5.208333333E-05 2.604166667E-05
350.4 6.258344459E-05 2.607643525E-05
350.6 7.311163102E-05 -2.611129679E-05
350.8 8.366800535E-05 -2.614625167E-05
351 9.425268097E-05 5.236260054E-05
351.2 9.437919463E-05 7.864932886E-05
351.4 9.450604839E-05 7.875504032E-05
351.6 9.463324361E-05 5.257402423E-05
351.8 9.476078167E-05 5.264487871E-05
352 8.434547908E-05 5.271592443E-05
352.2 7.390202703E-05 5.278716216E-05
352.4 6.343031123E-05 2.642929635E-05
352.6 5.29302168E-05 -6.808592075E-20
352.8 4.240162822E-05 -2.650101764E-05
353 3.184442935E-05 -0.0001061480978
353.2 2.12585034E-05 -0.0001328656463
353.4 1.064373297E-05 -2.660933243E-05
353.6 0 2.843844904E-21
353.8 0 -7.758717611E-20
354 0 2.671853625E-05
354.2 0 -8.026541096E-05
354.4 0 -0.0001607510288
354.6 0 -8.048592033E-05
354.8 0 -2.686554333E-05
355 1.076101928E-05 -5.380509642E-05
355.2 2.155172414E-05 -5.886255862E-20
355.4 3.237223757E-05 2.697686464E-05
355.6 3.241701245E-05 -5.402835408E-05
355.8 2.164127424E-05 5.41031856E-05
356 1.083564494E-05 0.0002167128988
356.2 0 0.0001898871528
356.4 0 0.0001901512517
356.6 0 0.0001360114903
356.8 0 8.17207113E-05
357 0 0.0001636696927
357.2 0 0.0001365821678
357.4 0 5.470938375E-05
357.6 0 5.478611501E-05
357.8 0 5.48630618E-05
358 0 8.241033755E-05
358.2 0 0.0001375440141
358.4 0 5.509520451E-05
358.6 0 5.51730226E-05
358.8 0 0.0001381276521
359 0 5.532932011E-05
359.2 0 -3.675478266E-20
359.4 0 2.774325284E-05
359.6 0 -2.778271693E-05
359.8 0 -0.0001112891738
360 0 -5.572396576E-05
360.2 0 -4.552766488E-20
360.4 0 5.588340486E-05
360.6 0 5.596346705E-05
360.8 0 -2.802187948E-05
361 0 -0.000140310704
361.2 0 -8.430755396E-05
361.4 0 -8.442903458E-05
361.6 0 -8.45508658E-05
361.8 0 8.467304913E-05
362 0 5.653039074E-05
362.2 0 2.830615942E-05
362.4 0 2.834724238E-05
362.6 0 -8.51653343E-05
362.8 0 -0.0001137190684
363 0 -0.0001138848397
363.2 0 -0.0001140510949
363.4 0 -8.566337719E-05
363.6 0 -8.578879941E-05
363.8 0 -1.574167446E-20
364 0 2.868024963E-05
364.2 0 4.284181045E-20
364.4 0 -2.876472754E-05
364.6 0 2.880715339E-05
364.8 0 5.769940916E-05
365 0 -5.778476331E-05
365.2 0 -0.0001157407407
365.4 0 -2.897811573E-05
365.6 0 2.902117385E-05
365.8 0 2.906436012E-05
366 0 2.910767511E-05
366.2 0 5.830223881E-05
366.4 0 5.838938714E-05
366.6 0 -3.752813388E-20
366.8 0 -2.928223388E-05
367 0 2.93262012E-05
367.2 0 5.87406015E-05
367.4 0 5.882906627E-05
367.6 0 2.945889894E-05
367.8 0 -2.950339879E-05
368 0 -8.864409985E-05
368.2 0 -2.959280303E-05
368.4 0 -1.009044476E-20
368.6 0 -2.968275076E-05
368.8 0 8.918378995E-05
369 0 8.931974085E-05
369.2 0 2.981870229E-05
369.4 0 2.986429664E-05
369.6 0 5.982006126E-05
369.8 0 -5.991180982E-05
370 0 -0.0001200076805
370.2 0 -9.014423077E-05
370.4 0 -0.0001203775039
370.6 1.205632716E-05 3.01408179E-05
370.8 1.207496136E-05 3.01874034E-05
371 0 -0.0001209365325
371.2 0 -0.000121124031
371.4 1.213121118E-05 -9.098408385E-05
371.6 2.430015552E-05 -6.07503888E-05
371.8 3.650700935E-05 3.042250779E-05
372 4.875195008E-05 -3.04699688E-05
372.2 6.103515625E-05 -0.0001831054687
372.4 7.335680751E-05 -6.113067293E-05
372.6 8.571708464E-05 -6.122648903E-05
372.8 8.585164835E-05 -0.0001226452119
373 9.827044025E-05 -3.070951258E-05
373.2 0.0001107283465 -6.151574803E-05
373.4 0.0001232255521 -0.0001232255521
373.6 0.0001357622433 3.085505529E-05
373.8 0.000135977057 3.253923874E-20
374 0.0001485736926 -6.190570523E-05
374.2 0.0001612103175 3.100198413E-05
374.4 0.0001738871224 -6.210254372E-05
374.6 0.0001866042994 -9.330214968E-05
374.8 0.0001993620415 -6.230063796E-05
375 0.0002121605431 -9.360023962E-05
375.2 0.000225 3.560571967E-20
375.4 0.0002253605769 0.0001252003205
375.6 0.0002382624398 3.135032103E-05
375.8 0.0002386454984 -6.658533695E-23
376 0.000251610306 2.123330255E-20
376.2 0.0002646169355 -6.300403226E-05
376.4 0.0002650444265 8.709179269E-20
376.6 0.000265473301 -4.396321246E-21
376.8 0.0002659035656 -3.165518639E-05
377 0.0002663352273 -3.170657468E-05
377.2 0.0002667682927 1.324420823E-20
377.4 0.0002672027687 3.180985342E-05
377.6 0.0002931280587 6.272441804E-21
377.8 0.0002808415033 6.382761438E-05
378 0.0002813011457 0.0001278641571
378.2 0.0002817622951 0.0001600922131
378.4 0.0002437397373 0.0001282840722
378.6 0.0002184416118 3.212376645E-05
378.8 0.0002188014827 3.217668863E-05
379 0.0002062706271 -3.222978548E-05
379.2 0.0002195247934 -6.45661157E-05
379.4 0.0002069536424 -6.467301325E-05
379.6 0.0002072968491 -2.694108251E-20
379.8 0.0001946636213 3.244393688E-05
380 0.0001819883527 -3.249792013E-05
380.2 0.0001692708333 -6.510416667E-05
380.4 0.0001565108514 -3.260642738E-05
380.6 0.0001306438127 3.266095318E-05
380.8 0.0001177763819 -3.271566164E-05
381 0.0001179739933 -3.277055369E-05
381.2 0.0001050420168 -1.549086444E-20
381.4 9.206649832E-05 -3.288089226E-05
381.6 9.222175379E-05 -6.587268128E-05
381.8 6.59839527E-05 -6.59839527E-05
382 6.609560068E-05 4.552765364E-20
382.2 6.620762712E-05 3.310381356E-05
382.4 3.979202037E-05 8.535464834E-21
382.6 3.985969388E-05 6.837213711E-20
382.8 3.992759796E-05 0.0001330919932
383 1.333191126E-05 0.0001999786689
383.2 1.335470085E-05 3.338675214E-05
383.4 2.675513699E-05 6.688784247E-05
383.6 1.340051458E-05 0.0001675064322
383.8 1.342353952E-05 0.0001342353952
384 2.689328744E-05 0.0001344664372
384.2 1.346982759E-05 0.0001346982759
384.4 0 0.0001011981865
384.6 0 0.0001013732699
384.8 0 0.0001353986135
385 0 6.781684028E-05
385.2 0 6.793478261E-05
385.4 0 3.402656794E-05
385.6 0 -6.817190227E-05
385.8 0 0.0001024366259
386 0 0.0001710267075
386.2 0 1.064631295E-20
386.4 0 -3.432557118E-05
386.6 0 -3.438600352E-05
386.8 0 -3.444664903E-05
387 0 -6.901501767E-05
387.2 0 -3.456858407E-05
387.4 0 0.0001038896277
387.6 1.387655417E-05 3.469138544E-05
387.8 2.78024911E-05 6.1412743E-20
388 4.177807487E-05 3.481506239E-05
388.2 5.580357143E-05 -6.975446429E-05
388.4 6.987924866E-05 -0.0001397584973
388.6 8.400537634E-05 -0.0001050067204
388.8 9.818222621E-05 -0.0001402603232
389 0.0001124100719 -0.0001053844424
389.2 0.0001266891892 -3.519144144E-05
389.4 0.0001410198556 -9.859707235E-21
389.6 0.0001412748644 3.531871609E-05
389.8 0.0001415307971 -3.538269928E-05
390 0.0001417876588 -3.54469147E-05
390.2 0.0001420454545 -7.711272493E-20
390.4 0.0001423041894 -7.115209472E-05
390.6 0.0001425638686 -0.0001069229015
390.8 0.0001428244973 -7.141224863E-05
391 0.0001430860806 -7.154304029E-05
391.2 0.0001433486239 -3.583715596E-05
391.4 0.0001436121324 3.590303309E-05
391.6 0.0001438766114 3.596915285E-05
391.8 0.0001297278598 3.603551661E-05
392 0.0001299676525 -2.34069539E-20
392.2 0.0001446759259 -3.616898148E-05
392.4 0.0001594387755 2.337407628E-20
392.6 0.0001597351301 3.630343866E-05
392.8 0.0001309357542 3.637104283E-05
393 0.0001311800373 -3.643889925E-05
393.2 0.0001314252336 -3.650700935E-05
393.4 0.0001316713483 7.315074906E-05
393.6 0.0001319183865 3.664399625E-05
393.8 0.0001468515038 9.477729397E-21
394 0.0001471280603 -4.104603874E-20
394.2 0.0001474056604 -3.685141509E-05
394.4 0.00014768431 5.902650769E-20
394.6 0.0001331676136 -3.699100379E-05
394.8 0.0001334203036 -3.706119545E-05
395 0.0001039686312 7.426330798E-05
395.2 0.0001041666667 0.0001116071429
395.4 8.945610687E-05 7.454675573E-05
395.6 7.468929254E-05 -7.468929254E-05
395.8 5.986590038E-05 -0.0001122485632
396 5.998080614E-05 -3.748800384E-05
396.2 4.507211538E-05 -0.0001126802885
396.4 4.515895954E-05 -7.526493256E-05
396.6 6.032818533E-05 -6.697774039E-20
396.8 4.533365571E-05 -3.777804642E-05
397 6.05620155E-05 -7.570251938E-05
397.2 7.584951456E-05 -7.584951456E-05
397.4 9.119649805E-05 -0.0001519941634
397.6 0.0001066033138 -0.0001522904483
397.8 0.0001068115234 -0.000114440918
398 0.0001223091977 -7.644324853E-05
398.2 0.0001378676471 3.40141858E-20
398.4 0.0001534872299 -3.837180747E-05
398.6 0.0001691683071 -7.689468504E-05
398.8 0.0001849112426 -3.852317554E-05
399 0.0002161561265 -0.0001157979249
399.2 0.0002629950495 -0.0001933787129
399.4 0.0002790178571 -3.875248016E-05
399.6 0.0002951043738 7.765904573E-05
399.8 0.0002801294821 -3.890687251E-05
400 0.0002806886228 -7.796906188E-05
400.2 0.00028125 -7.8125E-05
400.4 0.0003131262525 -0.0002348446894
400.6 0.0003294427711 -0.0001176581325
400.8 0.0003143863179 3.929828974E-05
401 0.0003150201613 -3.937752016E-05
401.2 0.0002998737374 1.748075191E-20
401.4 0.0002688512146 2.10695159E-20
401.6 0.0002535496957 -1.40748355E-20
401.8 0.0002381859756 -8.809063232E-20
402 0.0002386710794 -4.946258384E-20
402.2 0.0002232142857 -7.788554382E-20
402.4 0.000207694274 -7.988241309E-05
402.6 0.0001921106557 -4.002305328E-05
402.8 0.000176463039 7.89863173E-20
403 0.0001607510288 8.754587232E-21
403.2 0.0001449742268 -6.075778819E-20
403.4 0.0001291322314 -5.320691222E-20
403.6 0.0001132246377 1.382980022E-19
403.8 9.725103734E-05 4.052126556E-05
404 8.121101871E-05 4.060550936E-05
404.2 6.510416667E-05 -1.18147165E-20
404.4 6.524008351E-05 4.934625086E-20
404.6 4.903242678E-05 3.380036821E-20
404.8 3.275681342E-05 -1.189585973E-19
405 3.282563025E-05 -6.60807424E-20
405.2 1.644736842E-05 3.148058584E-20
405.4 0 -8.090392073E-20
405.6 0 -8.946836187E-20
405.8 0 -1.119564575E-19
406 0 -4.146762208E-05
406.2 0 -4.155585106E-05
406.4 0 -1.137270121E-19
406.6 0 4.173344017E-05
406.8 0 4.182280514E-05
407 0 4.191255365E-05
407.2 0 4.200268817E-05
407.4 0 9.325773879E-21
407.6 0 4.516280371E-21
407.8 0 -2.260732427E-20
408 0 -1.843162424E-19
408.2 0 4.245923913E-05
408.4 0 8.510348584E-05
408.6 0 4.264465066E-05
408.8 0 -9.208661753E-20
409 0 -4.28316886E-05
409.2 0 -8.585164835E-05
409.4 0 -4.302037445E-05
409.6 0 4.311534216E-05
409.8 0 4.321073009E-05
410 0 6.154229627E-20
410.2 0 -4.340277778E-05
410.4 0 -8.699888641E-05
410.6 0 -8.719308036E-05
410.8 0 -4.369407159E-05
411 0 4.379204036E-05
411.2 0 4.389044944E-05
411.4 0 -4.39893018E-05
411.6 0 -4.408860045E-05
411.8 0 4.418834842E-05
412 0 -7.653864736E-20
412.2 0 -4.438920455E-05
412.4 0 -1.463124318E-19
412.6 0 -2.04001742E-19
412.8 0 -6.900594826E-20
413 0 -7.27534735E-21
413.2 0 2.56705889E-20
413.4 0 -9.601063741E-21
413.6 0 7.995801868E-21
413.8 0 -6.479968232E-20
414 0 4.531612529E-05
414.2 0 4.542151163E-05
414.4 0 3.016737351E-20
414.6 0 -6.981100855E-21
414.8 0 2.552289058E-20
415 0 8.709570084E-20
415.2 0 -4.595588235E-05
415.4 0 -4.606426887E-05
415.6 0 -3.432236284E-20
415.8 0 3.381236492E-20
416 0 1.501881498E-20
416.2 0 1.276161073E-19
416.4 0 2.759784755E-20
416.6 0 1.899662455E-20
416.8 0 -2.583763403E-20
417 0 2.927306865E-21
417.2 0 2.843939768E-20
417.4 0 -1.153858284E-19
417.6 0 -7.062548273E-22
417.8 0 3.677716007E-20
418 0 2.092874558E-20
418.2 0 -1.49828363E-19
418.4 0 -3.563616349E-20
418.6 0 4.057745292E-20
418.8 0 1.051369087E-19
419 0 1.295804146E-19
419.2 0 5.428201462E-20
419.4 0 -2.54293758E-20
419.6 0 1.25820807E-20
419.8 0 4.8585199E-05
420 0 4.87063591E-05
420.2 0 -4.248840546E-20
420.4 0 -1.547901902E-21
420.6 0 -3.892877322E-20
420.8 0 -7.389988237E-20
421 0 2.937687004E-20
421.2 0 -1.42936273E-20
421.4 0 1.097329347E-20
421.6 0 -9.022709454E-21
421.8 0 7.264185511E-21
422 0 -2.178915242E-20
422.2 0 -3.137396808E-20
422.4 0 -6.210974286E-20
422.6 0 -1.045160018E-20
422.8 0 5.046834625E-05
423 0 -5.74944797E-20
423.2 0 -5.073051948E-05
423.4 0 1.136837083E-19
423.6 0 -8.87746198E-20
423.8 0 -5.11289267E-05
424 0 -5.126312336E-05
424.2 0 -1.29800844E-20
424.4 0 -9.654379932E-20
424.6 0 -2.507780654E-20
424.8 0 5.180702918E-05
425 0 5.194481383E-05
425.2 0 -5.208333333E-05
425.4 0 6.698532254E-20
425.6 0 2.864867697E-20
425.8 0 1.525650513E-19
426 0 0.0001052897574
426.2 0 5.278716216E-05
426.4 0 4.967026496E-20
426.6 0 -5.307404891E-05
426.8 0 -5.321866485E-05
427 0 -5.336407104E-05
427.2 0 -5.351027397E-05
427.4 0 -4.014159931E-21
427.6 0 4.348212041E-20
427.8 0 5.395372928E-05
428 0 0.0001082063712
428.2 0 0.0001085069444
428.4 0 -0.0001088091922
428.6 0 -0.0001091131285
428.8 0 -9.760761668E-20
429 0 -5.48630618E-05
429.2 0 -3.74430475E-20
429.4 0 -4.673257274E-20
429.6 0 5.532932011E-05
429.8 0 5.548650568E-05
430 0 -5.564458689E-05
430.2 0 5.580357143E-05
430.4 0 0.0001119269341
430.6 2.244971264E-05 -5.612428161E-05
430.8 4.502881844E-05 5.628602305E-05
431 4.515895954E-05 0.0001128973988
431.2 4.528985507E-05 3.787803728E-20
431.4 4.542151163E-05 -5.685132101E-20
431.6 4.555393586E-05 5.694241983E-05
431.8 4.56871345E-05 5.710891813E-05
432 4.582111437E-05 5.727639296E-05
432.2 4.595588235E-05 0.0001148897059
432.4 4.609144543E-05 8.764021027E-20
432.6 4.622781065E-05 -0.0001155695266
432.8 4.636498516E-05 -0.0001159124629
433 4.650297619E-05 -0.0001743861607
433.2 4.664179104E-05 -0.0001749067164
433.4 4.678143713E-05 -5.847679641E-05
433.6 4.692192192E-05 1.327412857E-19
433.8 4.706325301E-05 5.615931302E-20
434 4.720543807E-05 7.424233387E-20
434.2 4.734848485E-05 8.056419433E-20
434.4 4.749240122E-05 5.936550152E-05
434.6 4.763719512E-05 5.95464939E-05
434.8 2.389143731E-05 5.972859327E-05
435 2.396472393E-05 5.991180982E-05
435.2 4.807692308E-05 -0.0001201923077
435.4 4.822530864E-05 -0.0001205632716
435.6 4.8374613E-05 0.0001209365325
435.8 2.426242236E-05 0.0001213121118
436 2.433800623E-05 6.084501558E-05
436.2 2.44140625E-05 0.0001220703125
436.4 2.449059561E-05 0.0001224529781
436.6 4.913522013E-05 8.381611135E-20
436.8 4.929022082E-05 -6.161277603E-05
437 4.944620253E-05 -1.746655899E-21
437.2 4.96031746E-05 6.200396825E-05
437.4 4.97611465E-05 0.0001244028662
437.6 2.49600639E-05 6.240015974E-05
437.8 2.50400641E-05 9.69911363E-21
438 2.512057878E-05 7.813172981E-20
438.2 0 -2.232528478E-20
438.4 0 -2.368153246E-20
438.6 0 5.016869584E-22
438.8 0 -6.361970684E-05
439 0 -0.0002553104575
439.2 0 -0.000256147541
439.4 0 -6.424753289E-05
439.6 0 7.881342409E-20
439.8 0 1.726042802E-20
440 0 -5.878174407E-20
440.2 0 -7.35923069E-20
440.4 0 1.027293323E-19
440.6 0 -6.554110738E-05
440.8 0 -6.576178451E-05
441 0 -1.357215528E-20
441.2 0 6.620762712E-05
441.4 0 6.643282313E-05
441.6 0 6.665955631E-05
441.8 0 6.688784247E-05
442 0 0.0001342353952
442.2 0 0.0001346982759
442.4 0 -6.758217993E-05
442.6 0 -6.781684028E-05
442.8 0 6.805313589E-05
443 0 6.829108392E-05
443.2 0 1.418325507E-20
443.4 0 5.095825514E-20
443.6 0 -6.901501767E-05
443.8 0 -6.925975177E-05
444 0 1.002546115E-20
444.2 0 -1.754956709E-20
444.4 0 -2.280803228E-21
444.6 0 -5.558986092E-20
444.8 0 -1.291928162E-19
445 0 2.03022448E-19
445.2 0 6.927119228E-20
445.4 0 1.075427065E-19
445.6 0 1.348170218E-19
445.8 0 4.697076594E-20
446 0 -7.207103321E-05
446.2 0 2.126677769E-19
446.4 0 7.260687732E-05
446.6 0 7.287779851E-05
446.8 0 7.315074906E-05
447 0 -1.553523315E-19
447.2 0 -7.370283019E-05
447.4 0 -7.398200758E-05
447.6 0 -1.896344346E-20
447.8 0 -4.375727241E-20
448 0 -7.483237548E-05
448.2 0 -4.840598246E-20
448.4 0 0.0001508204633
448.6 0 7.570251938E-05
448.8 0 -0.0001519941634
449 0 -7.629394531E-05
449.2 0 -7.659313725E-05
449.4 0 7.009914609E-20
449.6 0 0.0002315958498
449.8 0 7.750496032E-05
450 0 -5.927004721E-20
450.2 0 -7.8125E-05
450.4 0 -0.0002353162651
450.6 0 -0.000236265121
450.8 0 -1.58392412E-19
451 0 7.93953252E-05
451.2 0 0.0001594387755
451.4 0 0.0002401383197
451.6 0 0.0001607510288
451.8 0 8.070764463E-05
452 0 2.405592807E-20
452.2 0 8.138020833E-05
452.4 0 8.17207113E-05
452.6 0 8.206407563E-05
452.8 0 0.0001648206751
453 0 0.0001655190678
453.2 0 8.311170213E-05
453.4 0 -8.346688034E-05
453.6 0 -8.38251073E-05
453.8 0 -0.0001683728448
454 0 -0.0002536525974
454.2 0 -8.491847826E-05
454.4 0 -4.300411772E-20
454.6 0 -8.566337719E-05
454.8 0 -0.0001720814978
455 0 -0.0001728429204
455.2 0 -0.0001736111111
455.4 0 -0.0001743861607
455.6 0 -8.758408072E-05
455.8 0 -7.351524632E-20
456 0 -4.01531447E-20
456.2 0 -3.816727175E-20
456.4 0 -1.416472267E-19
456.6 0 -1.793098008E-19
456.8 0 9.000576037E-05
457 0 0.0001808449074
457.2 0 0.0001816860465
457.4 0 0.0001825350467
457.6 0 9.169600939E-05
457.8 0 7.799344626E-21
458 0 -8.945411879E-20
458.2 0 4.68584162E-20
458.4 0 2.86247788E-20
458.6 0 8.404199058E-20
458.8 0 -1.455049906E-20
459 0 2.533390634E-22
459.2 0 -9.94076906E-20
459.4 0 -1.760708142E-19
459.6 0 -5.219376134E-20
459.8 0 -5.815915171E-20
460 0 7.593309985E-20
460.2 0 -7.825041545E-20
460.4 0 -9.814698492E-05
460.6 0 -0.0001972853535
460.8 0 -0.000198286802
461 0 -0.0001992984694
461.2 0 -0.0001001602564
461.4 0 1.819466392E-19
461.6 0 2.163651201E-19
461.8 0 1.278528801E-19
462 0 1.655254602E-19
462.2 0 -1.547823976E-19
462.4 0 -1.417302761E-20
462.6 0 1.442365814E-19
462.8 0 9.030558448E-20
463 0 1.267654731E-20
463.2 0 -9.839557525E-20
463.4 0 2.472546894E-19
463.6 0 1.22072827E-19
463.8 0 2.674987902E-19
464 0 3.832028276E-19
464.2 0 1.748147414E-19
464.4 0 1.684832799E-19
464.6 0 -1.201314392E-19
464.8 0 -1.696102819E-20
465 0 -8.921014237E-20
465.2 0 -3.309475357E-19
465.4 0 -2.043431095E-19
465.6 0 3.767960246E-20
465.8 0 0.0001135537791
466 0 0.0001142178363
466.2 0 -0.0001148897059
466.4 0 -0.0001155695266
466.6 0 0.0001162574405
466.8 0 0.0001169535928
467 0 0.0001176581325
467.2 0 0.0002367424242
467.4 0 -1.451268676E-19
467.6 0 -0.0002396472393
467.8 0 -3.688136225E-20
468 0 0.0003639363354
468.2 0 0.0003662109375
468.4 0 1.018549308E-19
468.6 0 -0.0002472310127
468.8 0 -1.118608375E-20
469 0 0.000250400641
469.2 0 0.0001260080645
469.4 0 2.440475484E-20
469.6 0 9.998738293E-20
469.8 0 7.233267267E-20
470 0 1.251529593E-19
470.2 0 -2.698657177E-20
470.4 0 -5.003717466E-20
470.6 0 -3.174900116E-20
470.8 0 1.476951102E-19
471 0 2.398227726E-20
471.2 0 1.381892432E-19
471.4 0 1.897526919E-19
471.6 0 4.16982119E-19
471.8 0 -5.508968128E-20
472 0 1.437576866E-19
472.2 0 2.491066197E-19
472.4 0 5.556800743E-21
472.6 0 5.804541035E-20
472.8 0 -3.797021922E-20
473 0 -2.060987625E-19
473.2 0 1.238180824E-19
473.4 0 -3.551136339E-21
473.6 0 2.83046012E-19
473.8 0 4.207425418E-19
474 0 9.086794673E-20
474.2 0 5.431676073E-21
474.4 0 3.135270139E-19
474.6 0 2.518613707E-19
474.8 0 -2.869672091E-19
475 0 -3.204819902E-19
475.2 0 -7.727288225E-20
475.4 0 -1.937636213E-19
475.6 0 -7.259060737E-20
475.8 0 0.0001600922131
476 0 0.0001614152893
476.2 0 2.13470763E-19
476.4 0 -2.491068897E-19
476.6 0 -1.180283892E-20
476.8 0 9.417150688E-20
477 0 -1.134108888E-19
477.2 0 -0.0001698369565
477.4 0 -0.0001713267544
477.6 0 -1.632030906E-19
477.8 0 1.367198946E-19
478 0 -4.620951786E-19
478.2 0 -2.969229221E-19
478.4 0 -1.590559091E-19
478.6 0 -5.96981429E-19
478.8 0 -4.312450163E-19
479 0 8.886034218E-20
479.2 0 -9.550481551E-20
479.4 0 -2.23766995E-19
479.6 0 -1.237724421E-19
479.8 0 -5.72984182E-20
480 0 -7.761463243E-20
480.2 0 -3.169759725E-20
480.4 0 -2.430323224E-19
480.6 0 -1.997887202E-19
480.8 0 -1.827034072E-19
481 0 -4.149426331E-20
481.2 0 -2.269123696E-19
481.4 0 2.997365712E-19
481.6 0 5.547560467E-19
481.8 0 1.927525995E-19
482 0 2.009398639E-19
482.2 0 5.560901594E-19
482.4 0 3.121301602E-19
482.6 0 2.183768562E-19
482.8 0 -1.273702995E-19
483 0 4.166430214E-19
483.2 0 6.538775425E-21
483.4 0 -3.737970978E-19
483.6 0 -2.728205126E-19
483.8 0 -3.780002921E-19
484 0 1.347575567E-19
484.2 0 1.276802864E-19
484.4 0 1.594088934E-19
484.6 0 -7.104180474E-19
484.8 0 2.218095946E-19
485 0 2.817745261E-19
485.2 0 -8.905741179E-20
485.4 0 9.089680888E-20
485.6 0 2.16727493E-19
485.8 0 8.915320229E-20
486 0 -2.907903118E-19
486.2 0 3.830034121E-19
486.4 0 1.786785457E-19
486.6 0 2.680959887E-19
486.8 0 -7.768284354E-20
487 0 -7.012885557E-21
487.2 0 3.725131159E-19
487.4 0 -1.217399224E-19
487.6 0 -4.533717504E-19
487.8 0 -3.04232145E-19
488 0 -3.201280214E-19
488.2 0 -6.452637774E-19
488.4 0 -7.430903687E-19
488.6 0 0.0003367456897
488.8 0 0.0003426535088
489 0 2.022988301E-19
489.2 0 -2.598795401E-19
489.4 0 -3.481493592E-19
489.6 0 -2.505781557E-19
489.8 0 1.168463888E-20
490 0 3.626733156E-19
490.2 0 -8.617049752E-20
490.4 0 4.455595736E-19
490.6 0 1.457411902E-19
490.8 0 1.494515759E-19
491 0 -5.204350901E-19
491.2 0 -3.004709018E-19
491.4 0 2.10801739E-19
491.6 0 -9.289763888E-19
491.8 0 -1.178456732E-18
492 0 7.252114288E-21
492.2 0 1.204631485E-18
492.4 0 4.768368853E-19
492.6 0 -0.0005139802632
492.8 0 -0.0005278716216
493 0 5.166734138E-19
493.2 0 1.317373286E-18
493.4 0 -4.364210423E-19
493.6 0 7.333121768E-19
493.8 0 1.331522729E-18
494 0 8.058114535E-19
494.2 0 2.600632873E-19
494.4 0 1.714693594E-19
494.6 0 5.313461115E-19
494.8 0 2.042367768E-18
495 0 1.022526383E-19
495.2 0 2.879108768E-19
495.4 0 6.111407062E-19
495.6 0 5.331980434E-19
495.8 0 9.444455952E-20
496 0 1.356815249E-18
496.2 0 2.699793049E-19
496.4 0 2.67301976E-18
496.6 0 -1.217204726E-18
496.8 0 2.120242846E-18
497 0 -7.614803697E-20
497.2 0 -1.589452535E-18
497.4 0 6.385959157E-19
497.6 0 -2.446852207E-18
497.8 0 2.564104254E-18
498 0 -1.971696837E-19
498.2 0 2.066198761E-18
498.4 0 -6.937736832E-18
498.6 0 3.371411628E-19
498.8 0 -2.454378969E-18
499 0 -1.822659035E-20
499.2 0 1.886724059E-18
499.4 0 2.371223607E-18
499.6 0 8.403136729E-18
499.8 0 -7.855689819E-18
500 0 -4.167976135E-17
