0 0.007400164934 -5.466563375E-05
0.2 0.0066375 0.001359375
0.4 0.006283763505 0.0003829656863
0.6 0.006029823859 0.0002502001601
0.8 0.005800710853 0.0001799033841
1 0.005605844351 0.000250400641
1.2 0.005401427856 0.000250501002
1.4 0.00518744988 0.0002740953288
1.6 0.004995236663 0.0002507019655
1.8 0.004827949438 0.0001410764446
2 0.004685618226 9.408871939E-05
2.2 0.004543172691 0.0001647213855
2.4 0.004403751507 0.0002197167537
2.6 0.004251657958 0.0002198050643
2.8 0.004121431444 0.0002120401086
3 0.003981672365 0.0002042689059
3.2 0.003854376258 0.0001336141851
3.4 0.003736413043 3.145128824E-05
3.6 0.003624647604 0.0001337218083
3.8 0.003515939766 0.0002675513699
4 0.003381952842 0.0002519145506
4.2 0.003260458669 0.0001968876008
4.4 0.003157775313 0.0001418162566
4.6 0.003051856336 0.0001655190678
4.8 0.002952159871 0.0001498158054
5 0.00286815933 7.888226979E-05
5.2 0.002774621212 7.891414141E-05
5.4 0.002684165319 0.0001184190582
5.6 0.00259679539 0.0001026713506
5.8 0.002528317152 0.0001501188309
6 0.00243132841 0.0001897005261
6.2 0.002346912955 0.0001265182186
6.4 0.002259264885 0.0001265694613
6.6 0.002171545786 2.374138979E-05
6.8 0.002105923186 -7.917004459E-06
7 0.002024406934 7.920214923E-06
7.2 0.001949163286 1.164008494E-20
7.4 0.001889711851 7.926643669E-05
7.6 0.00182386825 3.964930978E-05
7.8 0.001761144395 -3.173233144E-05
8 0.00170471861 -6.349045104E-05
8.2 0.001635543699 -5.557672764E-05
8.4 0.001588552257 -1.588552257E-05
8.6 0.001547879373 3.972996338E-05
8.8 0.001507173382 4.76953602E-05
9 0.001482339169 7.952463355E-05
9.2 0.001432026477 -2.386710794E-05
9.4 0.001391223513 -0.0001114252241
9.6 0.001359941908 7.962189156E-06
9.8 0.001319076264 2.389630914E-05
10 0.001284552224 -7.968686251E-05
10.2 0.001256377551 -3.985969388E-05
10.4 0.001218609637 -4.785116374E-05
10.6 0.001187193627 -0.0001436121324
10.8 0.001152559256 -0.0001277073968
11 0.001124284546 -0.0001437295585
11.2 0.001108767894 -4.792944785E-05
11.4 0.001083648732 -3.196603928E-05
11.6 0.001055311093 -7.195302906E-05
11.8 0.001020551802 -6.398443898E-05
12 0.001008167759 -0.000152025297
12.2 0.0009861680328 -0.0001040599385
12.4 0.0009673534235 -0.0001121104961
12.6 0.0009549323216 -0.0001602235439
12.8 0.0009457068117 -6.411571604E-05
13 0.0009364737274 -8.819529967E-05
13.2 0.0009336498973 -4.812628337E-05
13.4 0.0009211945357 -2.407302794E-05
13.6 0.0009151510481 -0.0001444975339
13.8 0.0009026778372 -9.637129934E-05
14 0.0008901943645 -4.017122583E-05
14.2 0.0008841306584 -3.215020576E-05
14.4 0.000865196583 -2.412258131E-05
14.6 0.0008494645799 -7.239754942E-05
14.8 0.0008369386073 -0.0001046173259
15 0.0008115210223 -0.0001288128607
15.2 0.0007925257732 -0.000112757732
15.4 0.00077673783 -7.251701733E-05
15.6 0.0007577125464 -6.448617416E-05
15.8 0.0007386715524 -6.451279934E-05
16 0.0007228418009 -0.000129078893
16.2 0.0007069989669 -0.0001452737603
16.4 0.0007008319554 -0.0001130374122
16.6 0.0006881978908 -0.0001130841605
16.8 0.0006787856847 -6.464625569E-05
17 0.0006596647351 -4.850475993E-05
17.2 0.0006469979296 -9.704968944E-05
17.4 0.0006278479702 -8.090824358E-05
17.6 0.0006216328222 -4.047088686E-05
17.8 0.0006121735075 -4.8585199E-05
18 0.0006027063459 8.100891746E-06
18.2 0.0005932313278 6.48340249E-05
18.4 0.0005707762557 1.621523454E-05
18.6 0.0005645245017 -8.110984219E-06
18.8 0.000558267553 4.868612381E-05
19 0.0005390170407 6.494181214E-05
19.2 0.0005262474012 6.496881497E-05
19.4 0.0005069675541 -4.062240017E-05
19.6 0.0004876716604 -1.625572201E-05
19.8 0.0004683597002 8.131244796E-06
20 0.000452285506 -2.440389421E-05
20.2 0.0004231770833 4.8828125E-05
20.4 0.000400557524 -1.628282618E-05
20.6 0.0003876928691 -8.144808173E-06
20.8 0.0003650396329 9.777847309E-05
21 0.0003391068447 5.706124791E-05
21.2 0.0003196764092 -4.077505219E-05
21.4 0.000300229741 -2.447525063E-05
21.6 0.0002807668199 -3.264730464E-05
21.8 0.0002612876254 -3.266095318E-05
22 0.0002450595985 4.084326642E-05
22.2 0.0002255491632 -4.086035565E-05
22.4 0.0002125627878 -7.357942654E-05
22.6 0.0001930224037 -1.635783082E-05
22.8 0.0001800115207 -4.091170926E-05
23 0.0001669897318 -2.45573135E-05
23.2 0.0001572327044 -3.275681342E-05
23.4 0.000150744547 -8.192638423E-06
23.6 0.0001442509442 -4.098038187E-05
23.8 0.0001475913098 -0.0001065937238
24 0.0001443721126 -9.023257035E-05
24.2 0.0001444327731 -6.56512605E-05
24.4 0.0001346416562 8.209857083E-06
24.6 0.0001281276283 4.106654752E-05
24.8 0.0001183214135 -7.395088347E-05
25 0.0001117950337 -9.864267677E-05
25.2 9.539473684E-05 -3.289473684E-05
25.4 8.556234204E-05 -4.113574136E-05
25.6 8.559839865E-05 -4.115307627E-05
25.8 7.904721754E-05 -4.11704258E-05
26 7.249051033E-05 -5.766290595E-05
26.2 7.581751055E-05 -0.0001071334388
26.4 7.584951456E-05 -0.0001236676868
26.6 7.918074324E-05 -5.773595861E-05
26.8 7.921419518E-05 1.638489543E-20
27 7.594568893E-05 2.476489856E-05
27.2 7.597780127E-05 -2.477536998E-05
27.4 7.600994078E-05 -9.088145093E-05
27.6 7.27359289E-05 -4.95926788E-05
27.8 7.276672312E-05 -1.78730671E-20
28 6.617958492E-05 -5.790713681E-05
28.2 6.289724576E-05 -9.103548729E-05
28.4 5.961212378E-05 -1.655892327E-05
28.6 5.632421544E-05 -2.484891858E-05
28.8 5.303351718E-05 -8.28648706E-05
29 4.974002547E-05 -8.290004244E-05
29.2 4.312632696E-05 -5.805467091E-05
29.4 3.650700935E-05 -2.489114274E-05
29.6 3.652252444E-05 -6.640458989E-05
29.8 3.653805272E-05 -7.473692602E-05
30 3.32305402E-05 1.180585947E-20
30.2 2.992021277E-05 8.311170213E-06
30.4 2.328118348E-05 -8.314708387E-06
30.6 1.996379898E-05 -1.663649915E-05
30.8 1.997230507E-05 2.643143511E-20
31 1.665068201E-05 -8.325341006E-06
31.2 1.332622601E-05 -4.164445629E-05
31.4 9.998933447E-06 -8.332444539E-06
31.6 6.668800683E-06 8.336000854E-06
31.8 6.671648164E-06 -5.837692143E-05
32 6.674498078E-06 -5.005873558E-05
32.2 6.677350427E-06 3.068237523E-20
32.4 6.680205216E-06 -3.340102608E-05
32.6 6.683062447E-06 -2.506148417E-05
32.8 6.685922122E-06 -5.014441592E-05
33 6.688784247E-06 -6.688784247E-05
33.2 6.691648822E-06 -2.509368308E-05
33.4 6.694515853E-06 -2.510443445E-05
33.6 6.697385341E-06 -3.34869267E-05
33.8 6.70025729E-06 -3.350128645E-05
34 6.703131703E-06 -3.351565852E-05
34.2 3.353004292E-06 -1.676502146E-05
34.4 0 -8.386109918E-06
34.6 0 -4.1948561E-05
34.8 6.714654061E-06 -4.196658788E-05
35 3.358770421E-06 -6.717540843E-05
35.2 3.360215054E-06 -9.240591398E-05
35.4 3.361660929E-06 -2.521245697E-05
35.6 3.36310805E-06 -8.407770125E-06
35.8 3.364556417E-06 -1.682278208E-05
36 3.366006032E-06 -1.683003016E-05
36.2 6.734913793E-06 2.525592672E-05
36.4 6.737818025E-06 9.264499784E-05
36.6 6.740724763E-06 5.898134167E-05
36.8 1.011545101E-05 4.214771256E-05
37 1.349309154E-05 8.433182211E-06
37.2 1.012419006E-05 1.687365011E-05
37.4 3.376188418E-06 4.220235523E-05
37.6 3.377648076E-06 -1.688824038E-05
37.8 1.013732699E-05 1.329917715E-20
38 6.761142363E-06 1.690285591E-05
38.2 6.764069264E-06 3.382034632E-05
38.4 3.38349935E-06 1.831152654E-20
38.6 6.769930676E-06 8.462413345E-06
38.8 6.772865193E-06 6.772865193E-05
39 6.775802255E-06 2.540925846E-05
39.2 6.778741866E-06 5.084056399E-05
39.4 3.390842014E-06 4.238552517E-05
39.6 3.392314373E-06 4.240392966E-05
39.8 3.39378801E-06 5.939129018E-05
40 0 2.546447197E-05
40.2 3.39673913E-06 1.698369565E-05
40.4 3.398216616E-06 -8.49554154E-06
40.6 3.399695387E-06 -1.699847694E-05
40.8 3.401175446E-06 -1.510425316E-20
41 3.402656794E-06 -3.0882666E-20
41.2 0 1.702069717E-05
41.4 0 8.514058413E-06
41.6 0 -1.703554296E-05
41.8 0 -8.521487784E-06
42 0 1.705041467E-05
42.2 0 -8.528930131E-06
42.4 0 -3.413062473E-05
42.6 0 8.53638549E-06
42.8 0 -8.540118059E-06
43 0 -2.563156168E-05
43.2 0 2.838854129E-20
43.4 0 1.710267075E-05
43.6 0 -8.555081034E-06
43.8 3.423531989E-06 -3.423531989E-05
44 3.42503288E-06 -3.42503288E-05
44.2 3.426535088E-06 -3.426535088E-05
44.4 3.428038613E-06 -0
44.6 3.429543459E-06 3.429543459E-05
44.8 3.431049627E-06 2.57328722E-05
45 3.432557118E-06 -2.574417838E-05
45.2 3.434065934E-06 -1.717032967E-05
45.4 3.435576077E-06 4.294470097E-05
45.6 3.437087549E-06 8.592718874E-06
45.8 3.438600352E-06 -4.29825044E-05
46 3.440114487E-06 -2.580085865E-05
46.2 6.883259912E-06 1.720814978E-05
46.4 6.886293521E-06 1.194694393E-21
46.6 3.444664903E-06 -8.611662257E-06
46.8 6.892368769E-06 8.615460962E-06
47 6.895410415E-06 8.619263019E-06
47.2 3.449227373E-06 -8.623068433E-06
47.4 3.450750883E-06 -3.450750883E-05
47.6 3.45227574E-06 -8.63068935E-06
47.8 3.453801945E-06 -1.739536936E-20
48 3.4553295E-06 1.994816912E-20
48.2 3.456858407E-06 -2.592643805E-05
48.4 3.458388668E-06 -8.645971669E-06
48.6 3.459920283E-06 3.459920283E-05
48.8 3.461453257E-06 1.730726628E-05
49 3.462987589E-06 8.657468972E-06
49.2 3.464523282E-06 1.732261641E-05
49.4 3.466060337E-06 -1.089110107E-20
49.6 3.467598757E-06 8.668996893E-06
49.8 3.469138544E-06 -8.672846359E-06
50 3.470679698E-06 -3.470679698E-05
50.2 3.472222222E-06 -3.472222222E-05
50.4 3.473766118E-06 -3.473766118E-05
50.6 3.475311388E-06 -1.737655694E-05
50.8 3.476858033E-06 -1.235228109E-20
51 3.478406055E-06 -3.478406055E-05
51.2 3.479955457E-06 -6.089922049E-05
51.4 3.481506239E-06 -1.740753119E-05
51.6 3.483058404E-06 -8.70764601E-06
51.8 3.484611954E-06 -1.742305977E-05
52 3.48616689E-06 -8.715417224E-06
52.2 3.487723214E-06 8.719308036E-06
52.4 3.489280929E-06 -8.723202322E-06
52.6 3.490840036E-06 1.303617899E-20
52.8 3.492400536E-06 1.667184896E-20
53 3.493962433E-06 -3.493962433E-05
53.2 0 8.738814318E-06
53.4 0 2.622817816E-05
53.6 0 -8.74664129E-06
53.8 0 -1.750112007E-05
54 0 -1.750896459E-05
54.2 0 -2.627522422E-05
54.4 0 -8.762337371E-06
54.6 0 -3.506508079E-05
54.8 0 -1.754041311E-05
55 0 1.75482929E-05
55.2 0 -2.633426966E-05
55.4 0 -1.756407374E-05
55.6 0 2.635796221E-05
55.8 0 2.636982448E-05
56 0 -1.758779829E-05
56.2 0 1.381025481E-20
56.4 0 -3.080818366E-21
56.6 0 -4.402896754E-05
56.8 0 -1.76195309E-05
57 0 8.514996815E-21
57.2 7.054176072E-06 -4.408860045E-05
57.4 3.52868112E-06 -5.29302168E-05
57.6 7.060551288E-06 -5.707191739E-21
57.8 3.531871609E-06 -1.765935805E-05
58 3.533469019E-06 -4.416836273E-05
58.2 3.535067873E-06 -1.767533937E-05
58.4 7.073336351E-06 -8.841670439E-06
58.6 7.076539855E-06 -1.646429275E-20
58.8 3.539873131E-06 -2.654904848E-05
59 7.082955576E-06 -7.082955576E-05
59.2 1.06292517E-05 -6.200396825E-05
59.4 7.08938294E-06 -4.430864338E-05
59.6 7.092600999E-06 -4.432875624E-05
59.8 1.064373297E-05 -3.54791099E-05
60 7.099045888E-06 -1.774761472E-05
60.2 7.102272727E-06 -2.663352273E-05
60.4 7.105502501E-06 -3.552751251E-05
60.6 3.554367607E-06 -2.665775705E-05
60.8 7.111970869E-06 -1.777992717E-05
61 7.115209472E-06 1.778802368E-05
61.2 3.559225513E-06 1.779612756E-05
61.4 3.560847767E-06 -2.670635825E-05
61.6 3.5624715E-06 -3.5624715E-05
61.8 3.564096715E-06 -2.625381163E-20
62 3.565723414E-06 -1.782861707E-05
62.2 3.567351598E-06 -4.459189498E-05
62.4 3.56898127E-06 -8.030207857E-05
62.6 3.570612431E-06 -6.248571755E-05
62.8 3.572245085E-06 -3.572245085E-05
63 3.573879231E-06 -4.467349039E-05
63.2 0 -1.819657818E-20
63.4 0 -4.471440018E-05
63.6 0 -8.052278974E-05
63.8 0 -6.265753896E-05
64 0 -4.477590555E-05
64.2 0 -1.791857798E-05
64.4 0 -8.963400642E-06
64.6 0 -1.793503214E-05
64.8 0 -2.691490583E-05
65 0 -1.795151654E-05
65.2 0 -8.979885057E-06
65.4 0 1.433788762E-20
65.6 0 -8.988150023E-06
65.8 0 8.992288214E-06
66 0 8.996430216E-06
66.2 0 -1.800115207E-05
66.4 3.601890272E-06 9.00472568E-06
66.6 0 9.008879151E-06
66.8 0 -9.013036456E-06
67 0 9.017197599E-06
67.2 0 -1.804272517E-05
67.4 0 -1.805106285E-05
67.6 0 -1.805940823E-05
67.8 0 1.171928774E-20
68 0 2.711418325E-05
68.2 0 3.616898148E-05
68.4 0 4.523216767E-05
68.6 0 9.050625579E-06
68.8 0 -9.054821511E-06
69 0 2.717706401E-05
69.2 0 1.812645012E-05
69.4 0 -9.067432683E-06
69.6 0 1.814328843E-05
69.8 0 1.815171933E-05
70 0 -1.816015807E-05
70.2 0 -9.42474815E-21
70.4 0 9.088529549E-06
70.6 0 -4.546380354E-05
70.8 0 -4.548497904E-05
71 3.640493942E-06 -1.820246971E-05
71.2 3.642191142E-06 -1.821095571E-05
71.4 3.643889925E-06 4.702794713E-21
71.6 3.645590294E-06 3.645590294E-05
71.8 3.64729225E-06 4.559115313E-05
72 3.648995796E-06 -9.122489491E-06
72.2 0 9.126752336E-06
72.4 0 2.34499664E-21
72.6 3.654115996E-06 -3.654115996E-05
72.8 0 -9.13956481E-06
73 3.657537453E-06 -1.259827501E-20
73.2 0 3.659250585E-05
73.4 0 3.660965323E-05
73.6 0 5.999884326E-21
73.8 0 -9.160999062E-06
74 0 -3.821676273E-21
74.2 0 -9.169600939E-06
74.4 0 -2.752172381E-05
74.6 0 -3.671287594E-05
74.8 0 -1.836506817E-05
75 0 -1.101211498E-21
75.2 0 -1.838235294E-05
75.4 0 -1.839100753E-05
75.6 0 -9.199835139E-06
75.8 0 -1.840834119E-05
76 0 -9.208510137E-06
76.2 0 9.212853774E-06
76.4 0 9.21720151E-06
76.6 0 -1.84431067E-05
76.8 0 -2.767772792E-05
77 0 -9.230269376E-06
77.2 0 9.23463357E-06
77.4 0 1.658385635E-20
77.6 0 -9.243374349E-06
77.8 0 1.849550189E-05
78 0 2.775639507E-05
78.2 0 9.256516588E-06
78.4 0 -9.260905642E-06
78.6 0 -9.265298861E-06
78.8 0 -1.85393925E-05
79 3.709639126E-06 -2.782229345E-05
79.2 7.42280285E-06 -9.278503563E-06
79.4 1.11394962E-05 9.282913498E-06
79.6 1.48597242E-05 9.287327627E-06
79.8 1.858349191E-05 6.909895585E-22
80 2.231080438E-05 9.296168491E-06
80.2 2.604166667E-05 4.621537835E-21
80.4 2.977608385E-05 -9.305026203E-06
80.6 2.979027645E-05 -1.861892278E-05
80.8 2.980448259E-05 -4.656950405E-05
81 2.981870229E-05 -2.79550334E-05
81.2 2.983293556E-05 -9.322792363E-06
81.4 2.984718243E-05 -9.327244508E-06
81.6 2.98614429E-05 9.331700908E-06
81.8 2.987571702E-05 -8.615233791E-21
82 2.989000478E-05 -1.868125299E-05
82.2 2.990430622E-05 -6.039058322E-21
82.4 2.991862135E-05 -8.40808578E-21
82.6 2.619133142E-05 9.354046935E-06
82.8 2.620388117E-05 1.871705798E-05
83 2.621644295E-05 9.36301534E-06
83.2 2.622901679E-05 9.367505995E-06
83.4 2.624160269E-05 1.221904267E-20
83.6 2.625420067E-05 3.750600096E-05
83.8 2.626681076E-05 4.690501921E-05
84 2.627943296E-05 1.313450119E-20
84.2 3.004807692E-05 1.469589903E-20
84.4 3.006253006E-05 -4.40833368E-21
84.6 3.007699711E-05 -2.819718479E-05
84.8 3.009147809E-05 -2.821076071E-05
85 3.010597303E-05 -1.881623314E-05
85.2 3.012048193E-05 -3.99527294E-21
85.4 3.013500482E-05 1.883437801E-05
85.6 3.014954173E-05 -9.42173179E-06
85.8 3.016409266E-05 -1.885255792E-05
86 3.017865765E-05 9.430830517E-06
86.2 3.019323671E-05 -1.836177443E-20
86.4 3.020782987E-05 -9.439946834E-06
86.6 3.022243714E-05 1.888902321E-05
86.8 3.023705854E-05 2.834724238E-05
87 2.647023233E-05 -9.453654405E-06
87.2 2.269975787E-05 -1.891646489E-05
87.4 1.892562984E-05 9.462814922E-06
87.6 1.514784295E-05 2.840220553E-05
87.8 1.136639185E-05 1.894398642E-05
88 7.581271228E-06 -1.895317807E-05
88.2 7.584951456E-06 -2.844356796E-05
88.4 3.79431763E-06 -1.540534167E-20
88.6 0 4.745201652E-05
88.8 0 2.848505105E-05
89 0 -2.849890564E-05
89.2 0 -1.900851582E-05
89.4 0 1.271942977E-20
89.6 0 1.874878552E-21
89.8 0 1.903630604E-05
90 3.809117504E-06 9.522793759E-06
90.2 0 -9.527439024E-06
90.4 0 6.022800678E-22
90.6 0 9.536743164E-06
90.8 0 1.90828041E-05
91 0 1.909213099E-05
91.2 0 9.550733496E-06
91.4 0 1.911081213E-05
91.6 0 1.912016642E-05
91.8 0 -9.564764936E-06
92 0 1.470571308E-20
92.2 0 1.914828431E-05
92.4 0 3.831535066E-05
92.6 0 5.750122669E-05
92.8 0 1.389534769E-20
93 3.837180747E-06 -2.87788556E-05
93.2 3.839066339E-06 -5.235133584E-21
93.4 3.840953786E-06 9.602384464E-06
93.6 3.842843089E-06 3.842843089E-05
93.8 3.844734252E-06 2.883550689E-05
94 3.846627277E-06 1.923313639E-05
94.2 3.848522167E-06 1.924261084E-05
94.4 3.850418926E-06 1.925209463E-05
94.6 0 3.852317554E-05
94.8 3.854218056E-06 1.927109028E-05
95 3.856120434E-06 1.68908675E-21
95.2 3.858024691E-06 1.929012346E-05
95.4 0 9.649827075E-06
95.6 3.861838853E-06 1.460471907E-20
95.8 3.863748764E-06 3.863748764E-05
96 3.865660564E-06 2.899245423E-05
96.2 3.867574257E-06 -9.668935644E-06
96.4 3.869489846E-06 -1.934744923E-05
96.6 3.871407334E-06 9.678518335E-06
96.8 3.873326723E-06 -9.683316807E-06
97 3.875248016E-06 -4.84406002E-05
97.2 3.877171216E-06 -1.938585608E-05
97.4 3.879096326E-06 2.909322244E-05
97.6 3.881023348E-06 8.902689439E-21
97.8 3.882952286E-06 -1.941476143E-05
98 3.884883143E-06 9.68435825E-21
98.2 3.88681592E-06 -9.717039801E-06
98.4 0 1.944375311E-05
98.6 0 1.945343625E-05
98.8 0 3.89262581E-05
99 0 8.762774177E-05
99.2 0 4.87063591E-05
99.4 0 9.746132735E-06
99.6 0 2.925299551E-05
99.8 0 6.829108392E-05
100 0 4.880372314E-05
100.2 0 -4.8828125E-05
100.4 0 -1.954102051E-05
100.6 0 2.93262012E-05
100.8 0 2.934088633E-05
101 0 3.914078156E-05
101.2 0 2.937030075E-05
101.4 0 3.918004012E-05
101.6 3.919969895E-06 2.939977421E-05
101.8 3.921937751E-06 4.902422189E-05
102 3.923907584E-06 5.885861376E-05
102.2 3.925879397E-06 6.870288945E-05
102.4 3.927853193E-06 5.891779789E-05
102.6 3.929828974E-06 9.824572435E-06
102.8 7.863613488E-06 2.948855058E-05
103 7.867573011E-06 4.917233132E-05
103.2 0 -2.226431555E-20
103.4 0 9.84438004E-06
103.6 3.939737771E-06 1.969868886E-05
103.8 7.88345106E-06 1.970862765E-05
104 1.183114589E-05 9.859288238E-06
104.2 1.578282828E-05 -1.972853535E-05
104.4 1.97385043E-05 -9.869252148E-06
104.6 2.369817998E-05 -4.715535757E-21
104.8 2.371016692E-05 9.879236216E-06
105 2.372216599E-05 -1.976847166E-05
105.2 2.373417722E-05 -1.977848101E-05
105.4 2.374620061E-05 2.968275076E-05
105.6 2.375823619E-05 4.949632539E-05
105.8 2.377028398E-05 1.980856998E-05
106 2.378234399E-05 -1.981861999E-05
106.2 2.379441624E-05 -2.97430203E-05
106.4 2.380650076E-05 -2.975812595E-05
106.6 2.381859756E-05 -3.96976626E-05
106.8 2.78024911E-05 -2.978838332E-05
107 3.179043744E-05 -1.98690234E-05
107.2 3.578244275E-05 1.463687163E-21
107.4 3.977851324E-05 9.94462831E-06
107.6 4.377865512E-05 -9.949694345E-06
107.8 4.778287462E-05 2.986429664E-05
108 5.179117797E-05 4.979920959E-05
108.2 5.580357143E-05 3.035014701E-21
108.4 5.982006126E-05 6.689520323E-21
108.6 6.384065373E-05 -9.987664599E-21
108.8 6.786535514E-05 -1.996039857E-05
109 7.588829243E-05 -1.454689846E-20
109.2 7.592710997E-05 9.990409207E-06
109.4 7.596596725E-05 -4.997761003E-05
109.6 7.600486431E-05 -3.000192012E-05
109.8 7.604380123E-05 -2.001152664E-05
110 7.608277806E-05 -4.00435674E-05
110.2 7.612179487E-05 1.668835726E-20
110.4 7.616085172E-05 -5.01058235E-05
110.6 8.021047228E-05 -3.00789271E-05
110.8 8.827683616E-05 2.006291731E-05
111 0.0001003661357 -2.007322713E-05
111.2 0.0001084511568 -1.004177378E-05
111.4 0.0001165444959 1.00469393E-05
111.6 0.0001206253217 -1.005211014E-05
111.8 0.0001247103502 -2.011457261E-05
112 0.0001287995878 1.00624678E-05
112.2 0.0001288659794 5.03382732E-05
112.4 0.0001208741619 4.029138731E-05
112.6 0.0001169053148 1.007804438E-05
112.8 0.0001129323696 -1.008324729E-05
113 0.0001089553202 -6.484283485E-21
113.2 0.0001009366925 2.01873385E-05
113.4 9.290977249E-05 2.019777663E-05
113.6 8.891619245E-05 -1.010411278E-05
113.8 8.08747412E-05 -4.04373706E-05
114 8.091662351E-05 4.045831176E-05
114.2 7.28626943E-05 2.023963731E-05
114.4 7.695049248E-05 -2.02501296E-05
114.6 6.888615145E-05 6.078189834E-05
114.8 6.486766995E-05 3.040672029E-05
115 6.490134995E-05 7.047030024E-21
115.2 6.493506494E-05 2.013506905E-20
115.4 6.496881497E-05 -1.015137734E-05
115.6 6.50026001E-05 1.015665627E-05
115.8 6.50364204E-05 1.482209913E-20
116 6.50702759E-05 1.063371759E-21
116.2 6.103515625E-05 4.069010417E-05
116.4 5.699583116E-05 2.035565399E-05
116.6 5.702554745E-05 -1.018313347E-05
116.8 5.705529473E-05 4.075378195E-05
117 5.300756785E-05 5.096881524E-05
117.2 6.119451697E-05 4.079634465E-05
117.4 6.122648903E-05 2.040882968E-05
117.6 6.534239415E-05 1.020974909E-05
117.8 6.94626046E-05 2.043017782E-05
118 6.949895343E-05 -1.020285864E-21
118.2 7.771596859E-05 -1.022578534E-05
118.4 7.775667889E-05 -1.023114196E-05
118.6 8.189203354E-05 -2.047300839E-05
118.8 8.603172522E-05 -4.09674882E-05
119 8.607686254E-05 -1.024724554E-05
119.2 9.022309711E-05 -3.075787402E-05
119.4 9.027048319E-05 -5.129004727E-05
119.6 9.031791908E-05 -2.052679979E-05
119.8 9.447292324E-05 -5.055247718E-22
120 9.041294056E-05 2.054839558E-05
120.2 9.457236842E-05 -2.278667329E-20
120.4 9.873617694E-05 -1.028501843E-05
120.6 9.87881981E-05 -9.818696927E-23
120.8 0.0001029586189 1.067109636E-20
121 0.0001071334388 -1.030129219E-05
121.2 0.0001113126649 -2.061345646E-05
121.4 0.0001154963041 -1.031217001E-05
121.6 0.0001196843634 1.031761754E-05
121.8 0.0001197476216 1.032307082E-05
122 0.0001239423585 2.462989003E-21
122.2 0.0001240079365 1.672820602E-21
122.4 0.00012820937 2.067893065E-05
122.6 0.0001282772775 3.103482521E-05
122.8 0.000128345257 4.140169581E-05
123 0.000120128579 3.106773595E-05
123.2 0.0001201923077 1.036140584E-05
123.4 0.000120256104 1.634167722E-21
123.6 0.0001203199681 -2.074482209E-05
123.8 0.0001203839001 -2.075584485E-05
124 0.0001204479001 -1.143779027E-20
124.2 0.0001205119681 1.038896277E-05
124.4 0.0001205761043 -1.039449175E-05
124.6 0.0001248003195 1.617710419E-20
124.8 0.0001248668087 2.081113479E-05
125 0.0001249333689 1.041111407E-05
125.2 0.000125 1.045934234E-20
125.4 0.0001208978122 -4.168890075E-05
125.6 0.0001293045916 -2.928353226E-20
125.8 0.0001210269765 2.086672009E-05
126 0.0001169160877 -4.175574559E-05
126.2 0.0001211564171 -1.044451872E-05
126.4 0.0001170411985 1.045010701E-05
126.6 0.0001212861349 -1.045570128E-05
126.8 0.0001171665774 -1.540335434E-20
127 0.0001172293676 2.093381565E-05
127.2 0.0001172922252 -1.047252011E-05
127.4 0.0001173551502 -4.191255365E-05
127.6 0.0001216116479 -4.193505099E-05
127.8 0.0001216769603 -2.097878625E-05
128 0.0001217423428 1.472512268E-20
128.2 0.0001218077957 1.050067204E-05
128.4 0.000121873319 1.05063206E-05
128.6 0.0001219389128 -1.051197524E-05
128.8 0.0001220045773 -1.051763597E-05
129 0.0001178609914 -1.1271571E-20
129.2 0.000113712938 1.052897574E-05
129.4 0.0001179881338 3.16039644E-05
129.6 0.0001138356719 2.108067998E-05
129.8 0.0001138971382 -1.126021334E-21
130 0.0001181793625 1.05517288E-05
130.2 0.0001140202703 2.111486486E-05
130.4 0.00012253245 3.168942672E-05
130.6 0.0001225987554 5.284429113E-05
130.8 0.0001226651326 2.11491608E-05
131 0.0001227315818 -1.058030878E-05
131.2 0.000122798103 2.117208672E-05
131.4 0.0001228646963 3.177535249E-05
131.6 0.0001229313619 4.23901248E-05
131.8 0.0001145154723 6.361970684E-05
132 0.0001188212928 2.1218088E-05
132.2 0.0001188858696 -2.122961957E-05
132.4 0.0001147022838 2.124116368E-05
132.6 0.0001147646899 4.25054407E-05
132.8 0.0001148271639 2.12642896E-05
133 0.0001148897059 5.318967865E-05
133.2 0.0001192098093 6.386239782E-05
133.4 0.0001192748092 4.259814613E-05
133.6 0.00011933988 3.196603928E-05
133.8 0.0001236694869 5.330581332E-05
134 0.000128003823 6.400191152E-05
134.2 0.0001238046448 3.201844262E-05
134.4 0.0001238723346 4.271459814E-05
134.6 0.000128213895 1.068449125E-05
134.8 0.000132560208 -2.138067871E-05
135 0.0001369112815 2.139238773E-05
135.2 0.0001327054795 3.210616438E-05
135.4 0.0001327782346 3.212376645E-05
135.6 0.000137136588 2.142759188E-05
135.8 0.0001414997256 -1.388119466E-20
136 0.0001458676551 1.072556288E-05
136.2 0.0001416552198 5.365728022E-05
136.4 0.0001374381528 6.442413414E-05
136.6 0.0001418110561 3.222978548E-05
136.8 0.0001418891029 3.224752339E-05
137 0.0001462692731 2.151018722E-05
137.2 0.0001463498623 1.566429039E-20
137.4 0.0001421237596 -1.076695149E-05
137.6 0.0001422021511 2.154578047E-05
137.8 0.0001422806291 5.38941777E-05
138 0.0001423591938 2.156957482E-05
138.2 0.0001424378453 1.079074586E-05
138.4 0.0001425165837 1.079671089E-05
138.6 0.0001382743363 -8.396201587E-21
138.8 0.0001383508578 -2.161732153E-05
139 0.000138427464 1.081464563E-05
139.2 0.0001385041551 1.082063712E-05
139.4 0.0001385809313 -2.165327051E-05
139.6 0.0001386577926 6.499584027E-05
139.8 0.0001387347392 6.503190899E-05
140 0.0001388117712 -1.455617892E-21
140.2 0.0001345486111 3.255208333E-05
140.4 0.0001346234019 7.599708171E-05
140.6 0.0001303531702 5.431382091E-05
140.8 0.0001217306622 -8.532848922E-22
141 0.0001174484967 -2.17497216E-05
141.2 0.0001175139276 -5.44045961E-05
141.4 0.0001132246377 -7.620889075E-05
141.6 0.0001089305633 -5.446528165E-05
141.8 0.0001046316964 -2.179827009E-05
142 9.596594082E-05 1.090522055E-05
142.2 9.165502793E-05 1.205143785E-20
142.4 9.170626048E-05 -2.183482392E-05
142.6 8.738814318E-05 -1.09235179E-05
142.8 7.869334079E-05 -1.092963067E-05
143 6.998880179E-05 -0.0001202932531
143.2 7.44047619E-05 -0.0001203606443
143.4 7.444646861E-05 4.379204036E-05
143.6 7.010656197E-05 1.095415031E-05
143.8 6.576178451E-05 -9.864267677E-05
144 6.141212802E-05 -7.676516002E-05
144.2 6.144662921E-05 -4.389044944E-05
144.4 5.708965711E-05 -3.293634064E-05
144.6 5.272778403E-05 1.098495501E-05
144.8 4.836100169E-05 -1.099113675E-05
145 4.39893018E-05 -9.897592905E-05
145.2 4.401408451E-05 -0.0001210387324
145.4 4.403889515E-05 -5.504861894E-05
145.6 4.406373378E-05 -1.101593345E-05
145.8 4.408860045E-05 -1.102215011E-05
146 3.970214568E-05 -3.30851214E-05
146.2 3.972457627E-05 -1.103460452E-05
146.4 3.974703222E-05 -2.208168457E-05
146.6 3.535067873E-05 -1.10470871E-05
146.8 3.094934918E-05 8.842671194E-05
147 2.654303511E-05 6.635758777E-05
147.2 2.213172805E-05 1.695586178E-20
147.4 1.77154195E-05 -4.428854875E-05
147.6 1.329410096E-05 3.323525241E-05
147.8 8.867763905E-06 8.867763905E-05
148 1.330919932E-05 6.654599659E-05
148.2 2.219460227E-05 1.034976497E-20
148.4 2.664866401E-05 1.110361001E-05
148.6 3.110779295E-05 6.665955631E-05
148.8 3.557199772E-05 -1.111624929E-05
149 4.004128702E-05 -1.112257973E-05
149.2 4.451566952E-05 6.677350427E-05
149.4 4.454104903E-05 7.79468358E-05
149.6 4.45664575E-05 -1.04357829E-20
149.8 4.905108447E-05 1.114797374E-05
150 5.354083381E-05 5.577170188E-05
150.2 6.25E-05 4.464285714E-05
150.4 6.70025729E-05 2.233419097E-05
150.6 7.597969108E-05 -2.234696796E-05
150.8 7.60231826E-05 -5.589939897E-05
151 8.501575029E-05 5.491365856E-21
151.2 8.954154728E-05 2.238538682E-05
151.4 9.40725344E-05 2.239822248E-05
151.6 9.86087206E-05 3.361660929E-05
151.8 8.969575201E-05 2.2423938E-05
152 8.52599081E-05 -1.121840896E-05
152.2 8.979885057E-05 -6.734913793E-05
152.4 8.985048879E-05 -1.12313111E-05
152.6 8.990218642E-05 3.371331991E-05
152.8 8.995394358E-05 2.24884859E-05
153 8.550547235E-05 3.222601407E-20
153.2 8.555475504E-05 -2.251440922E-05
153.4 8.560409458E-05 -3.379108997E-05
153.6 9.016156953E-05 1.127019619E-05
153.8 9.472430716E-05 4.510681293E-05
154 9.477902946E-05 4.513287117E-05
154.2 8.580202312E-05 1.128973988E-05
154.4 9.488866397E-05 -4.518507808E-05
154.6 0.0001039858218 -4.521122685E-05
154.8 0.0001085697742 -1.130935148E-05
155 0.0001041063152 3.394771147E-05
155.2 0.0001041666667 3.39673913E-05
155.4 0.0001087587007 -2.265806265E-05
155.6 0.000113356065 -5.66780325E-05
155.8 0.0001224956446 2.031641884E-20
156 0.0001271063335 3.404633934E-05
156.2 0.0001271802326 -1.135537791E-05
156.4 0.0001317990111 -6.817190227E-05
156.6 0.0001409706054 -9.094877765E-05
156.8 0.0001501528829 -5.687609202E-05
157 0.0001547931235 -1.138184732E-05
157.2 0.0001457725948 -2.277696793E-05
157.4 0.0001549737456 -3.418538506E-05
157.6 0.0001550642148 -1.14017805E-05
157.8 0.0001597181659 -3.422532126E-05
158 0.000164377557 -4.56604325E-05
158.2 0.0001736111111 2.799713946E-21
158.4 0.0001737126975 -2.285693388E-05
158.6 0.000178388466 -4.574063232E-05
158.8 0.0001830697129 -1.144185706E-05
159 0.0001877564478 -1.144856389E-05
159.2 0.0001878665689 -1.145527859E-05
159.4 0.0001971464202 4.584800469E-05
159.6 0.0001972621844 1.909197E-20
159.8 0.0001973780846 -6.885282021E-05
160 0.0002020870076 -2.296443269E-05
160.2 0.0001976102941 2.297794118E-05
160.4 0.0001977266039 3.448719835E-05
160.6 0.0001978430506 3.450750883E-05
160.8 0.0001979596346 3.452784325E-05
161 0.0001980763561 1.151606722E-05
161.2 0.0002028023599 1.152286136E-05
161.4 0.0002029220779 4.611865407E-05
161.6 0.0002030419374 6.921884229E-05
161.8 0.0001985446217 1.154329196E-05
162 0.0001986620343 1.477348366E-20
162.2 0.0001895340237 6.934171598E-05
162.4 0.0001803952043 3.469138544E-05
162.6 0.0001805020735 -2.314129147E-05
162.8 0.0001759780676 -2.315500889E-05
163 0.0001760824437 3.195081639E-20
163.2 0.0001715504451 1.159124629E-05
163.4 0.0001670130641 2.319625891E-05
163.6 0.0001624702911 -2.18755185E-20
163.8 0.0001579221165 -1.161192033E-05
164 0.0001533685306 1.161882808E-05
164.2 0.0001441592262 -1.162574405E-05
164.4 0.0001395920191 3.489800476E-05
164.6 0.0001350193683 8.147720501E-05
164.8 0.0001304412642 3.493962433E-05
165 0.0001258576969 -1.165349045E-05
165.2 0.0001212686567 -3.498134328E-05
165.4 0.0001260080645 -7.000448029E-05
165.6 0.0001307531381 -7.004632397E-05
165.8 0.0001355038876 2.336273923E-05
166 0.0001309096349 3.506508079E-05
166.2 0.0001216317365 -2.339071856E-05
166.4 0.0001170236669 1.170236669E-05
166.6 0.0001124100719 2.341876499E-05
166.8 0.0001171640672 4.686562687E-05
167 0.000112545018 4.68937575E-05
167.2 0.0001079204204 -8.296966031E-22
167.4 0.0001032902644 1.173753005E-05
167.6 9.865453999E-05 1.174458809E-05
167.8 9.401323706E-05 -2.350330927E-05
168 0.0001034768212 -8.880196573E-21
168.2 0.0001129518072 5.882906627E-05
168.4 0.0001130198915 4.709162146E-05
168.6 9.895205066E-05 -1.178000603E-05
168.8 0.0001037266144 -3.536134581E-05
169 0.0001037892512 -1.179423309E-05
169.2 9.913141994E-05 1.180135952E-05
169.4 9.919135429E-05 2.361698912E-05
169.6 9.925136116E-05 1.181563823E-05
169.8 9.931144068E-05 -1.182279056E-05
170 9.937159297E-05 4.944963807E-22
170.2 0.0001041666667 2.367424242E-05
170.4 0.0001089675561 2.368859915E-05
170.6 0.0001185148665 2.37029733E-05
170.8 0.0001138433515 2.371736491E-05
171 0.0001139125152 -1.13751935E-22
171.2 0.000118731003 -1.18731003E-05
171.4 0.0001235553528 1.188032238E-05
171.6 0.0001283855752 1.188755326E-05
171.8 0.0001379795981 5.947396468E-05
172 0.0001333028641 2.380408288E-05
172.2 0.0001333841463 -4.763719512E-05
172.4 0.0001286989018 -2.383312996E-05
172.6 0.0001335470085 -2.38476801E-05
172.8 0.0001336285889 -4.772449603E-05
173 0.0001337102689 -3.581525061E-05
173.2 0.0001337920489 -1.194571865E-05
173.4 0.0001386551408 -1.195302938E-05
173.6 0.000138740049 -3.588104715E-05
173.8 0.0001388250613 -7.180606618E-05
174 0.0001532801962 -5.987507664E-05
174.2 0.0001533742331 -4.792944785E-05
174.4 0.0001438766114 -4.795887047E-05
174.6 0.0001439649877 -8.397957617E-05
174.8 0.0001440534726 -4.801782422E-05
175 0.0001441420664 1.201183887E-05
175.2 0.0001490384615 1.552930254E-20
175.4 0.0001443195813 -4.810652709E-05
175.6 0.0001492221195 -4.813616759E-05
175.8 0.0001444975339 -7.487237524E-21
176 0.0001445866749 -4.81955583E-05
176.2 0.0001398533951 -8.439429012E-05
176.4 0.0001399397776 -4.825509574E-05
176.6 0.0001303692831 -3.621368974E-05
176.8 0.0001304499072 -3.623608534E-05
177 0.0001305306312 -4.834467822E-05
177.2 0.0001257739938 -6.046826625E-05
177.4 0.0001210114622 -6.05057311E-05
177.6 0.0001210864848 -4.843459392E-05
177.8 0.0001211616005 6.867159273E-21
178 0.0001115378647 -1.212368094E-05
178.2 0.0001116071429 -7.278726708E-05
178.4 0.0001165320075 -8.497125544E-05
178.6 0.0001166044776 -2.42925995E-05
178.8 0.0001118154947 -1.215385812E-05
179 0.0001167496887 -4.864570361E-05
179.2 0.0001168224299 -3.650700935E-05
179.4 0.0001168952618 -4.87063591E-05
179.6 0.0001169681847 -6.092092951E-05
179.8 0.0001170411985 -2.438358302E-05
180 0.0001073547783 -1.219940662E-05
180.2 0.000107421875 -4.061370133E-20
180.4 0.0001026031895 -3.664399625E-05
180.6 9.777847309E-05 -7.333385482E-05
180.8 9.783969944E-05 -4.891984972E-05
181 9.300595238E-05 -8.566337719E-05
181.2 8.81661442E-05 -8.571708464E-05
181.4 8.822145546E-05 -4.90119197E-05
181.6 7.846829881E-05 -9.808537351E-05
181.8 7.361023869E-05 -0.0001226837312
182 6.874607165E-05 -6.138042112E-05
182.2 6.387578616E-05 -2.456761006E-05
182.4 5.408275645E-05 -6.145767778E-05
182.6 5.41168136E-05 -7.379565491E-05
182.8 5.907372401E-05 -3.69210775E-05
183 5.418505675E-05 -7.388871375E-05
183.2 4.929022082E-05 -7.393533123E-05
183.4 3.945707071E-05 -1.23303346E-05
183.6 2.961149716E-05 1.676995951E-20
183.8 1.975347661E-05 -1.234592288E-05
184 1.97659709E-05 9.511241758E-21
184.2 2.472310127E-05 -1.236155063E-05
184.4 2.473875871E-05 -2.473875871E-05
184.6 2.475443599E-05 2.475443599E-05
184.8 2.477013316E-05 4.954026633E-05
185 2.478585025E-05 3.717877538E-05
185.2 2.976190476E-05 7.44047619E-05
185.4 2.978081321E-05 8.686070521E-05
185.6 2.979974571E-05 3.724968214E-05
185.8 2.981870229E-05 3.727337786E-05
186 2.486473584E-05 3.729710376E-05
186.2 2.488057325E-05 1.244028662E-05
186.4 2.987571702E-05 -1.244821542E-05
186.6 3.487723214E-05 1.245615434E-05
186.8 2.991384812E-05 4.985641353E-05
187 2.494412516E-05 1.247206258E-05
187.2 2.49600639E-05 4.99201278E-05
187.4 2.497602302E-05 6.244005754E-05
187.6 2.499200256E-05 -1.249600128E-05
187.8 2.500800256E-05 1.250400128E-05
188 2.502402306E-05 1.251201153E-05
188.2 2.50400641E-05 -2.50400641E-05
188.4 2.505612572E-05 5.011225144E-05
188.6 2.507220796E-05 7.521662388E-05
188.8 2.508831085E-05 -1.254415543E-05
189 2.510443445E-05 -5.020886889E-05
189.2 2.512057878E-05 -2.512057878E-05
189.4 2.513674389E-05 1.256837194E-05
189.6 2.515292981E-05 2.515292981E-05
189.8 2.51691366E-05 1.25845683E-05
190 2.518536428E-05 1.259268214E-05
190.2 2.52016129E-05 2.52016129E-05
190.4 2.52178825E-05 2.52178825E-05
190.6 2.523417313E-05 2.66161874E-20
190.8 2.525048481E-05 3.787572721E-05
191 2.526681759E-05 7.580045278E-05
191.2 2.528317152E-05 5.056634304E-05
191.4 2.529954663E-05 3.794931995E-05
191.6 2.531594297E-05 6.328985742E-05
191.8 2.533236057E-05 2.533236057E-05
192 2.534879948E-05 -2.534879948E-05
192.2 2.536525974E-05 3.804788961E-05
192.4 2.538174139E-05 2.538174139E-05
192.6 2.539824447E-05 -2.539824447E-05
192.8 2.541476903E-05 -2.26814966E-20
193 3.051757812E-05 3.814697266E-05
193.2 3.562703583E-05 2.544788274E-05
193.4 4.583604954E-05 2.546447197E-05
193.6 5.096216569E-05 3.822162427E-05
193.8 5.099543081E-05 -1.608959126E-21
194 5.613161332E-05 -3.827155454E-05
194.2 6.12745098E-05 -2.553104575E-05
194.4 6.13145847E-05 -1.277387181E-05
194.6 6.135471204E-05 -6.391115838E-05
194.8 6.139489194E-05 -3.837180747E-05
195 5.63155308E-05 3.674225222E-22
195.2 5.635245902E-05 -3.842213115E-05
195.4 5.63894357E-05 -5.126312336E-05
195.6 5.642646093E-05 -1.282419567E-05
195.8 5.13304862E-05 -2.56652431E-05
196 5.136423406E-05 -2.568211703E-05
196.2 4.625822368E-05 -2.569901316E-05
196.4 4.114549045E-05 -3.85738973E-05
196.6 3.602602108E-05 5.14657444E-05
196.8 3.089980224E-05 7.72495056E-05
197 2.576682058E-05 5.153364116E-05
197.2 2.578382838E-05 2.578382838E-05
197.4 2.580085865E-05 -1.290042933E-05
197.6 2.581791143E-05 1.835587036E-20
197.8 2.583498677E-05 -1.291749339E-05
198 2.585208471E-05 -2.585208471E-05
198.2 2.58692053E-05 1.293460265E-05
198.4 2.588634858E-05 2.588634858E-05
198.6 2.072281167E-05 2.022183342E-20
198.8 2.073656271E-05 -4.499566626E-21
199 2.075033201E-05 2.593791501E-05
199.2 2.07641196E-05 1.297757475E-05
199.4 2.077792553E-05 1.298620346E-05
199.6 2.598968729E-05 3.898453094E-05
199.8 2.600699068E-05 1.553481395E-20
200 2.602431712E-05 -6.50607928E-05
200.2 2.604166667E-05 -1.302083333E-05
200.4 2.084723149E-05 1.302951968E-05
200.6 2.08611482E-05 3.753014582E-20
200.8 2.08750835E-05 2.609385438E-05
201 1.566677807E-05 2.611129679E-05
201.2 1.045150502E-05 -2.720651904E-20
201.4 1.045850067E-05 -1.307312584E-05
201.6 5.232752847E-06 -5.232752847E-05
201.8 0 -6.545325067E-05
202 0 -2.619885983E-05
202.2 0 1.310822148E-05
202.4 0 1.311702485E-05
202.6 0 1.312584005E-05
202.8 0 2.626933423E-05
203 0 -1.314350606E-05
203.2 5.260942761E-06 -6.576178451E-05
203.4 1.052897574E-05 -7.896731806E-05
203.6 1.053607552E-05 -1.31700944E-05
203.8 1.054318489E-05 -1.888550421E-20
204 1.055030385E-05 8.172149925E-21
204.2 5.278716216E-06 5.278716216E-05
204.4 0 6.60285666E-05
204.6 0 6.607324087E-05
204.8 0 7.934157075E-05
205 0 5.29302168E-05
205.2 0 1.324152542E-05
205.4 0 -2.650101764E-05
205.6 0 -1.325950441E-05
205.8 0 -3.980553668E-05
206 0 -5.311012916E-05
206.2 0 2.657312925E-05
206.4 0 2.659121852E-05
206.6 0 1.330466621E-05
206.8 0 1.586101011E-20
207 0 -5.329126876E-05
207.2 0 2.666382253E-05
207.4 0 2.668203552E-05
207.6 0 -5.340054682E-05
207.8 0 -8.015560876E-05
208 0 -9.357888433E-05
208.2 0 -4.013270548E-05
208.4 0 -2.677347498E-05
208.6 0 -4.01877572E-05
208.8 0 -9.383579272E-05
209 0 -0.0001475575206
209.2 0 -9.396477663E-05
209.4 0 -4.029831499E-05
209.6 0 -2.688403304E-05
209.8 0 -2.690254821E-05
210 0 2.371739247E-20
210.2 0 8.081896552E-05
210.4 5.391649413E-06 2.695824707E-05
210.6 5.395372928E-06 -8.093059392E-05
210.8 5.399101589E-06 -1.349775397E-05
211 1.080567082E-05 2.701417704E-05
211.2 1.081314879E-05 -1.689144809E-20
211.4 1.082063712E-05 -1.35257964E-05
211.6 1.082813583E-05 -2.707033957E-05
211.8 1.083564494E-05 -5.417822469E-05
212 1.084316447E-05 -8.132373352E-05
212.2 5.425347222E-06 -4.069010417E-05
212.4 0 -4.071838082E-05
212.6 0 -1.358223227E-05
212.8 0 2.231608415E-20
213 0 2.720229805E-05
213.2 0 4.083188153E-05
213.4 0 -4.519437345E-22
213.6 0 -1.362962317E-05
213.8 0 -4.091742318E-05
214 0 -6.824336129E-05
214.2 0 -6.829108392E-05
214.4 0 -4.1003324E-05
214.6 0 -2.735469188E-05
214.8 0 -6.843465312E-05
215 0 -4.108958626E-05
215.2 0 4.111842105E-05
215.4 0 -3.086241702E-21
215.6 0 -5.49016163E-05
215.8 0 -2.747011252E-05
216 0 2.748944405E-05
216.2 0 1.375440141E-05
216.4 0 -4.12922833E-05
216.6 0 2.036378699E-20
216.8 0 -5.327857913E-21
217 0 -4.137976695E-05
217.2 0 2.760600707E-05
217.4 0 6.906382603E-05
217.6 0 2.764508139E-05
217.8 0 1.383233003E-05
218 0 2.768426648E-05
218.2 0 2.770390071E-05
218.4 0 2.772356281E-05
218.6 0 1.387162642E-05
218.8 0 -1.388148543E-05
219 0 -4.167407539E-05
219.2 0 -2.78024911E-05
219.4 0 -2.406172929E-20
219.6 0 -2.784212402E-05
219.8 0 -4.179297432E-05
220 0 -5.576374019E-05
220.2 0 -2.790178571E-05
220.4 0 9.068312512E-21
220.6 0 2.794170243E-05
220.8 5.59234073E-06 6.990425913E-05
221 5.596346705E-06 1.399086676E-05
221.2 5.600358423E-06 -1.400089606E-05
221.4 5.604375897E-06 -2.480020835E-20
221.6 5.608399139E-06 1.402099785E-05
221.8 5.612428161E-06 2.80621408E-05
222 5.616462976E-06 1.404115744E-05
222.2 5.620503597E-06 1.405125899E-05
222.4 5.624550036E-06 5.624550036E-05
222.6 5.628602305E-06 8.442903458E-05
222.8 5.632660418E-06 5.632660418E-05
223 5.636724387E-06 4.22754329E-05
223.2 5.640794224E-06 2.820397112E-05
223.4 5.644869942E-06 4.233652457E-05
223.6 0 1.412237889E-05
223.8 0 -1.413259768E-05
224 0 4.242849385E-05
224.2 0 8.491847826E-05
224.4 0 5.665337201E-05
224.6 0 -1.417362119E-05
224.8 0 -1.418391431E-05
225 0 -1.419422238E-05
225.2 0 -2.840909091E-05
225.4 0 1.421488355E-05
225.6 0 4.267571012E-05
225.8 0 -1.423560496E-05
226 0 -2.849197666E-05
226.2 0 -3.331982975E-20
226.4 0 1.426680058E-05
226.6 0 2.855445906E-05
226.8 0 5.850225204E-21
227 5.719253294E-06 -1.165778382E-20
227.2 5.723443223E-06 2.861721612E-05
227.4 5.727639296E-06 4.295729472E-05
227.6 5.731841526E-06 2.865920763E-05
227.8 5.736049927E-06 1.434012482E-05
228 5.740264511E-06 -2.05172426E-20
228.2 5.744485294E-06 -4.308363971E-05
228.4 5.748712288E-06 -4.311534216E-05
228.6 5.752945508E-06 -1.438236377E-05
228.8 5.757184967E-06 1.793314547E-20
229 5.761430678E-06 -2.880715339E-05
229.2 5.765682657E-06 -2.882841328E-05
229.4 5.769940916E-06 1.442485229E-05
229.6 5.774205469E-06 2.887102735E-05
229.8 5.778476331E-06 1.444619083E-05
230 5.782753516E-06 1.445688379E-05
230.2 0 1.446759259E-05
230.4 5.791326909E-06 1.447831727E-05
230.6 5.795623145E-06 2.897811573E-05
230.8 0 2.610409585E-20
231 0 1.01934161E-21
231.2 0 2.904275093E-05
231.4 5.812872024E-06 1.453218006E-05
231.6 0 -2.908600149E-05
231.8 0 -1.455383756E-05
232 0 2.912938106E-05
232.2 0 4.37266791E-05
232.4 0 5.834578043E-05
232.6 0 5.838938714E-05
232.8 0 5.843305909E-05
233 0 7.309599551E-05
233.2 0 7.315074906E-05
233.4 0 5.856446777E-05
233.6 0 5.86084021E-05
233.8 0 4.39893018E-05
234 0 1.467411721E-05
234.2 0 1.468515038E-05
234.4 0 2.93924003E-05
234.6 0 1.470726657E-05
234.8 0 5.887339864E-05
235 0 8.837669683E-05
235.2 0 1.474056604E-05
235.4 0 -1.47516994E-05
235.6 0 3.341858046E-21
235.8 0 2.233796622E-20
236 0 1.478520061E-05
236.2 0 1.648268293E-20
236.4 0 -1.480761941E-05
236.6 0 1.481885432E-05
236.8 0 4.449031891E-05
237 0 2.968275076E-05
237.2 0 2.970532319E-05
237.4 0 1.486396499E-05
237.6 0 1.487528561E-05
237.8 0 7.443311738E-05
238 0 7.448989321E-05
238.2 0 4.472805344E-05
238.4 0 -5.300912073E-21
238.6 0 -1.493214832E-05
238.8 0 1.494357307E-05
239 0 1.495501531E-05
239.2 0 1.49664751E-05
239.4 0 1.497795245E-05
239.6 0 -2.197134691E-20
239.8 0 1.500096006E-05
240 0 -4.728724664E-21
240.2 6.009615385E-06 -3.004807692E-05
240.4 6.014241724E-06 -4.510681293E-05
240.6 6.018875193E-06 -3.009437596E-05
240.8 6.023515806E-06 1.722337019E-20
241 6.02816358E-06 -1.073038487E-20
241.2 6.032818533E-06 -1.658932997E-20
241.4 6.03748068E-06 1.57008303E-20
241.6 6.042150039E-06 2.881221397E-20
241.8 0 -3.258687822E-21
242 0 -4.538632843E-05
242.2 0 -6.05620155E-05
242.4 0 -3.101039966E-20
242.6 0 4.549204193E-05
242.8 0 -2.788186886E-21
243 6.07503888E-06 -6.07503888E-05
243.2 1.215953307E-05 -4.559824903E-05
243.4 1.825350467E-05 -3.042250779E-05
243.6 2.435697584E-05 -3.04462198E-05
243.8 3.656396256E-05 -1.52349844E-05
244 4.269125683E-05 2.086488742E-20
244.2 4.272460938E-05 -1.525878906E-05
244.4 4.88663018E-05 -3.054143862E-05
244.6 5.501760563E-05 -4.584800469E-05
244.8 6.117854346E-05 -4.58839076E-05
245 6.734913793E-05 -3.061324451E-05
245.2 7.352941176E-05 -3.06372549E-05
245.4 7.971938776E-05 -4.599195447E-05
245.6 8.591908877E-05 -6.137077769E-05
245.8 9.212853774E-05 -7.677378145E-05
246 9.834775767E-05 -4.610051141E-05
246.2 9.842519685E-05 -7.209831371E-21
246.4 9.850275808E-05 -1.539105595E-05
246.6 9.858044164E-05 -4.620958202E-05
246.8 9.865824783E-05 -3.083070245E-05
247 9.873617694E-05 1.542752765E-05
247.2 9.881422925E-05 3.087944664E-05
247.4 9.889240506E-05 4.635581487E-05
247.6 9.897070467E-05 4.639251781E-05
247.8 9.904912837E-05 1.547642631E-05
248 9.912767645E-05 4.646609833E-05
248.2 9.920634921E-05 7.750496032E-05
248.4 9.928514694E-05 9.307982526E-05
248.6 9.936406995E-05 7.762817965E-05
248.8 9.944311854E-05 1.553798727E-05
249 9.952229299E-05 -1.555035828E-05
249.2 9.960159363E-05 -1.031066135E-20
249.4 9.968102073E-05 6.230063796E-05
249.6 9.976057462E-05 7.793794892E-05
249.8 9.984025559E-05 3.120007987E-05
250 9.367505995E-05 1.561250999E-05
250.2 8.75E-05 3.125E-05
250.4 8.757005604E-05 4.691253002E-05
250.6 8.138020833E-05 4.695012019E-05
250.8 8.144546913E-05 6.265036087E-05
251 8.151083467E-05 4.702548154E-05
251.2 8.157630522E-05 4.706325301E-05
251.4 8.164188103E-05 7.850180868E-05
251.6 8.170756235E-05 3.142598552E-05
251.8 7.548309179E-05 4.717693237E-05
252 7.55439162E-05 7.869157937E-05
252.2 7.560483871E-05 6.300403226E-05
252.4 7.566585956E-05 4.729116223E-05
252.6 7.5726979E-05 6.310581583E-05
252.8 7.578819725E-05 4.736762328E-05
253 7.584951456E-05 -4.74059466E-05
253.2 8.223684211E-05 -6.325910931E-05
253.4 9.496555916E-05 -9.621753422E-21
253.6 8.870640714E-05 -4.752128954E-05
253.8 9.511972403E-05 -0.0001109730114
254 9.519699431E-05 -4.759849716E-05
254.2 9.527439024E-05 -1.587906504E-05
254.4 9.535191212E-05 -6.356794142E-05
254.6 9.542956026E-05 -6.361970684E-05
254.8 9.550733496E-05 -4.775366748E-05
255 0.0001019575856 -9.558523654E-05
255.2 0.0001020408163 -9.566326531E-05
255.4 0.000102124183 -6.382761438E-05
255.6 0.000102207686 -7.98497547E-05
255.8 0.0001022913257 -7.99150982E-05
256 0.0001023751024 -9.597665848E-05
256.2 0.0001024590164 -9.605532787E-05
256.4 9.613412633E-05 -3.204470878E-05
256.6 8.979885057E-05 -1.603550903E-05
256.8 8.345316352E-05 -1.604868529E-05
257 7.709703947E-05 -5.651958456E-20
257.2 7.073045267E-05 -1.475192079E-20
257.4 6.435337727E-05 -1.821567754E-20
257.6 5.79657873E-05 -1.610160758E-05
257.8 5.801361386E-05 -1.611489274E-05
258 5.161023947E-05 -3.225639967E-05
258.2 4.519628099E-05 -4.842458678E-05
258.4 3.877171216E-05 -3.230976013E-05
258.6 3.233650662E-05 -4.850475993E-05
258.8 2.589063795E-05 -4.854494615E-05
259 1.94340796E-05 -3.239013267E-05
259.2 1.296680498E-05 -4.862551867E-05
259.4 6.488787375E-06 -6.488787375E-05
259.6 0 -8.117726517E-05
259.8 0 -8.124480033E-05
260 0 -6.504995837E-05
260.2 0 -8.138020833E-05
260.4 0 -8.144808173E-05
260.6 0 -6.521285476E-05
260.8 0 -6.5267335E-05
261 0 -1.633047659E-05
261.2 0 3.61038805E-20
261.4 0 -1.635783082E-05
261.6 0 -2.035719083E-20
261.8 6.554110738E-06 -3.277055369E-05
262 1.311922754E-05 -4.919710327E-05
262.2 1.969537815E-05 5.831003281E-21
262.4 2.628259041E-05 1.642661901E-05
262.6 3.288089226E-05 -1.644044613E-05
262.8 3.949031171E-05 -3.290859309E-05
263 4.61108769E-05 -1.646817032E-05
263.2 5.274261603E-05 -3.296413502E-05
263.4 5.938555743E-05 -6.59839527E-05
263.6 6.60397295E-05 -3.301986475E-05
263.8 7.270516074E-05 -3.434039676E-20
264 7.938187976E-05 1.653789162E-05
264.2 8.606991525E-05 2.594140392E-20
264.4 9.276929601E-05 -3.313189143E-05
264.6 9.948005093E-05 -3.316001698E-05
264.8 0.000106202209 -1.650995438E-20
265 0.000106292517 1.660820578E-05
265.2 0.0001063829787 1.662234043E-05
265.4 0.0001064735945 3.32729983E-05
265.6 0.0001065643649 -1.665068201E-05
265.8 0.0001066552901 -6.665955631E-05
266 0.0001067463706 -3.335824082E-05
266.2 0.0001068376068 3.338675214E-05
266.4 0.0001002459367 3.341531223E-05
266.6 9.364297945E-05 -1.672196062E-05
266.8 8.702870608E-05 1.673628963E-05
267 8.040308748E-05 3.350128645E-05
267.2 8.0472103E-05 -3.353004292E-05
267.4 8.054123711E-05 -1.67794244E-05
267.6 8.061049011E-05 1.679385211E-05
267.8 8.067986231E-05 -3.220990111E-20
268 8.074935401E-05 -1.731914345E-20
268.2 7.408405172E-05 3.367456897E-05
268.4 6.740724763E-05 3.370362381E-05
268.6 6.071891192E-05 1.686636442E-05
268.8 5.401901469E-05 3.376188418E-05
269 4.730752595E-05 1.689554498E-05
269.2 4.058441558E-05 3.382034632E-05
269.4 3.384965338E-05 5.077448007E-05
269.6 3.387901127E-05 3.387901127E-05
269.8 3.390842014E-05 1.695421007E-05
270 3.39378801E-05 1.696894005E-05
270.2 3.39673913E-05 -2.101151679E-20
270.4 2.71975631E-05 -2.219967257E-20
270.6 2.041594077E-05 3.402656794E-05
270.8 2.043374019E-05 1.702811683E-05
271 2.045157068E-05 -3.408595113E-05
271.2 2.046943231E-05 -5.117358079E-05
271.4 2.731643357E-05 -6.499034624E-21
271.6 3.417541557E-05 1.708770779E-05
271.8 4.104640981E-05 3.420534151E-05
272 4.792944785E-05 8.558829974E-05
272.2 5.48245614E-05 1.713267544E-05
272.4 6.173178227E-05 -5.144315189E-05
272.6 6.865114236E-05 -3.432557118E-05
272.8 7.55826737E-05 -4.628567707E-20
273 8.252640845E-05 5.157900528E-05
273.2 8.948237885E-05 -1.954031881E-20
273.4 9.645061728E-05 -3.444664903E-05
273.6 0.0001034311562 1.645791694E-21
273.8 0.0001104240283 4.968700054E-21
274 0.0001105216622 3.453801945E-05
274.2 0.0001037057522 5.185287611E-05
274.4 9.687776794E-05 1.729960142E-05
274.6 9.00376773E-05 1.616301518E-21
274.8 8.318544809E-05 4.817455777E-21
275 7.632104796E-05 -2.26317534E-20
275.2 6.944444444E-05 -1.736111111E-05
275.4 6.255560498E-05 -6.222245204E-21
275.6 5.565449688E-05 6.95681211E-05
275.8 4.874108734E-05 6.963012478E-05
276 4.181534344E-05 5.22691793E-05
276.2 3.487723214E-05 0.0001046316964
276.4 2.792672029E-05 8.727100089E-05
276.6 2.09637746E-05 3.493962433E-05
276.8 1.398836168E-05 1.74854521E-05
277 7.000448029E-06 1.750112007E-05
277.2 0 3.503363229E-05
277.4 0 5.259762118E-05
277.6 0 1.75482929E-05
277.8 0 -1.756407374E-05
278 0 2.480512545E-20
278.2 0 1.759572072E-05
278.4 0 5.283476105E-05
278.6 0 5.288244585E-05
278.8 0 3.52868112E-05
279 0 3.531871609E-05
279.2 0 1.767533937E-05
279.4 0 4.586796796E-20
279.6 0 7.548971639E-20
279.8 0 4.561497793E-20
280 0 5.753405103E-20
280.2 0 -1.775568182E-05
280.4 0 -1.777183803E-05
280.6 0 3.338160983E-20
280.8 0 1.780423883E-05
281 0 1.782048358E-05
281.2 0 5.351027397E-05
281.4 0 8.926531079E-05
281.6 0 3.573879231E-05
281.8 0 -3.577152015E-05
282 0 -1.790215399E-05
282.2 0 -1.791857798E-05
282.4 0 -5.380509642E-05
282.6 0 -3.590303309E-05
282.8 0 -5.390409384E-05
283 0 -7.193830571E-05
283.2 0 -3.600230415E-05
283.4 0 -5.405327491E-05
283.6 0 -0.0001262407664
283.8 0 -9.025531423E-05
284 0 1.806776133E-05
284.2 0 5.425347222E-05
284.4 0 -2.368959132E-20
284.6 0 -3.375366267E-20
284.8 0 5.44045961E-05
285 0 5.445515799E-05
285.2 0 -2.523260488E-20
285.4 0 -3.637104283E-05
285.6 0 -1.820246971E-05
285.8 0 -7.287779851E-05
286 0 -0.0001094187675
286.2 0 -7.301401869E-05
286.4 0 -0.0001096234799
286.6 0 -0.0001097261236
286.8 0 -7.321930647E-05
287 0 -0.0001099319887
287.2 0 -0.000146713615
287.4 0 -0.0001284950658
287.6 0 -7.349482596E-05
287.8 0 -1.839100753E-05
288 0 -1.840834119E-05
288.2 0 -1.842570755E-05
288.4 0 -1.718655112E-20
288.6 0 3.69210775E-05
288.8 0 5.543401135E-05
289 0 3.699100379E-05
289.2 0 1.851303318E-05
289.4 0 1.853059772E-05
289.6 0 1.854819563E-05
289.8 0 -1.8565827E-05
290 0 -1.858349191E-05
290.2 0 1.860119048E-05
290.4 0 5.585676835E-05
290.6 0 -1.863668893E-05
290.8 0 -5.596346705E-05
291 0 -1.699779117E-20
291.2 0 -5.607057416E-05
291.4 0 -7.483237548E-05
291.6 0 -1.872603068E-05
291.8 0 1.874400192E-05
292 0 3.752401537E-05
292.2 0 1.878004808E-05
292.4 0 -2.46433093E-20
292.6 0 1.026151193E-20
292.8 0 1.883437801E-05
293 0 1.885255792E-05
293.2 0 -1.887077295E-05
293.4 0 -3.777804642E-05
293.6 0 -1.890730881E-05
293.8 0 5.635887808E-20
294 0 9.757923622E-21
294.2 0 -1.896237864E-05
294.4 0 -1.898080661E-05
294.6 0 -1.899927043E-05
294.8 0 -5.705331061E-05
295 0 -5.710891813E-05
295.2 0 -1.905487805E-05
295.4 0 1.907348633E-05
295.6 0 1.129528961E-20
295.8 0 -3.822162427E-05
296 0 -1.912952987E-05
296.2 0 1.091542781E-20
296.4 0 -1.916707556E-05
296.6 0 -5.788012661E-21
296.8 0 1.920476893E-05
297 0 -1.922367126E-05
297.2 0 -1.924261084E-05
297.4 0 2.503929164E-20
297.6 0 1.928060217E-05
297.8 0 5.789896245E-05
298 0 5.795623145E-05
298.2 0 -6.099710224E-21
298.4 0 -5.807111001E-05
298.6 0 -5.812872024E-05
298.8 0 -1.826194965E-20
299 0 1.941476143E-05
299.2 0 3.88681592E-05
299.4 0 1.945343625E-05
299.6 0 -3.894566301E-05
299.8 0 -1.949226547E-05
300 0 -1.434001777E-20
300.2 0 1.953125E-05
300.4 0 1.95508008E-05
300.6 0 4.36431532E-21
300.8 0 3.918004012E-05
301 0 3.921937751E-05
301.2 0 1.962939698E-05
301.4 0 1.964914487E-05
301.6 7.867573011E-06 -5.900679758E-05
301.8 1.575100806E-05 -3.937752016E-05
302 1.576690212E-05 7.88345106E-05
302.2 1.578282828E-05 0.0001183712121
302.4 1.579878665E-05 7.899393327E-05
302.6 1.581477733E-05 1.976847166E-05
302.8 1.583080041E-05 1.978850051E-05
303 1.584685598E-05 5.942570994E-05
303.2 1.586294416E-05 5.948604061E-05
303.4 1.587906504E-05 3.96976626E-05
303.6 1.589521872E-05 3.97380468E-05
303.8 1.59114053E-05 3.977851324E-05
304 1.592762487E-05 3.981906218E-05
304.2 1.594387755E-05 3.985969388E-05
304.4 1.596016343E-05 3.990040858E-05
304.6 1.597648262E-05 5.991180982E-05
304.8 1.599283521E-05 3.998208802E-05
305 1.600922131E-05 -2.001152664E-05
305.2 2.403846154E-05 2.003205128E-05
305.4 2.406314168E-05 0.0001002630903
305.6 3.211716341E-05 8.029290853E-05
305.8 4.01877572E-05 -5.474915963E-20
306 4.827497425E-05 4.022914521E-05
306.2 5.637886598E-05 8.054123711E-05
306.4 6.4499484E-05 -4.03121775E-05
306.6 6.45661157E-05 -8.070764463E-05
306.8 7.271199586E-05 -6.059332989E-05
307 7.278726708E-05 -8.08747412E-05
307.2 7.28626943E-05 -4.047927461E-05
307.4 7.293827801E-05 8.527863755E-20
307.6 7.301401869E-05 -2.028167186E-05
307.8 7.308991684E-05 3.296458815E-20
308 8.129552549E-05 8.129552549E-05
308.2 8.951822917E-05 0.0001220703125
308.4 8.146506778E-05 8.146506778E-05
308.6 7.339509395E-05 -2.03875261E-05
308.8 6.530825496E-05 -4.081765935E-05
309 7.354864017E-05 -6.129053347E-05
309.2 8.998691099E-05 -6.135471204E-05
309.4 8.189203354E-05 2.047300839E-05
309.6 7.378016789E-05 2.049449108E-05
309.8 6.56512605E-05 1.192852656E-20
310 6.572029443E-05 -4.633579903E-20
310.2 7.401315789E-05 4.111842105E-05
310.4 7.409114858E-05 4.116174921E-05
310.6 7.41693038E-05 -2.060258439E-05
310.8 7.424762408E-05 6.187302006E-05
311 7.432610994E-05 4.12922833E-05
311.2 7.44047619E-05 -0.0001240079365
311.4 7.448358051E-05 -0.0001655190678
311.6 7.456256628E-05 -8.284729586E-05
311.8 7.464171975E-05 5.329803844E-20
312 7.472104145E-05 -4.151168969E-05
312.2 7.480053191E-05 -4.155585106E-05
312.4 7.488019169E-05 6.240015974E-05
312.6 6.663113006E-05 4.164445629E-05
312.8 5.836446105E-05 -2.084445037E-05
313 5.842681624E-05 -4.173344017E-05
313.2 6.684491979E-05 -8.355614973E-05
313.4 8.364561028E-05 -2.091140257E-05
313.6 6.698821008E-05 2.093381565E-05
313.8 5.867757511E-05 2.095627682E-05
314 5.0349087E-05 2.097878625E-05
314.2 4.200268817E-05 -2.100134409E-05
314.4 4.204790097E-05 -2.102395048E-05
314.6 3.367456897E-05 2.10466056E-05
314.8 1.685544768E-05 6.482754836E-21
315 8.436825054E-06 -4.218412527E-05
315.2 0 -2.111486486E-05
315.4 0 -6.341314935E-05
315.6 0 -6.348185265E-05
315.8 0 -8.473427332E-05
316 0 -6.361970684E-05
316.2 0 3.885976186E-20
316.4 0 -4.25054407E-05
316.6 0 -4.255174292E-05
316.8 0 -4.259814613E-05
317 0 -4.264465066E-05
317.2 0 -6.403688525E-05
317.4 0 -4.273796499E-05
317.6 0 2.809066254E-20
317.8 0 -1.925731928E-20
318 0 -2.143935236E-05
318.2 0 -2.146291209E-05
318.4 0 -2.148652365E-05
318.6 0 -2.380413214E-20
318.8 0 4.306780595E-05
319 0 3.804250321E-20
319.2 0 -6.474447514E-05
319.4 0 -2.160536504E-05
319.6 0 2.162929125E-05
319.8 0 2.165327051E-05
320 0 2.1677303E-05
320.2 0 2.170138889E-05
320.4 0 4.345105673E-05
320.6 0 4.349944321E-05
320.8 0 2.177396878E-05
321 0 2.179827009E-05
321.2 0 2.18226257E-05
321.4 0 4.369407159E-05
321.6 0 4.374300112E-05
321.8 0 6.671362947E-20
322 0 4.384118967E-05
322.2 0 6.583567416E-05
322.4 0 2.397333687E-20
322.6 0 -2.19946509E-05
322.8 0 -4.403889515E-05
323 0 -4.408860045E-05
323.2 0 -3.144498758E-20
323.4 0 -5.005149494E-20
323.6 0 4.423839185E-05
323.8 0 4.428854875E-05
324 0 4.433881952E-05
324.2 0 4.438920455E-05
324.4 0 -0.0001110992605
324.6 0 -0.0001112257973
324.8 0 -2.227052452E-05
325 0 -6.688784247E-05
325.2 0 -2.232142857E-05
325.4 0 4.469393593E-05
325.6 0 8.949026346E-05
325.8 0 8.959288991E-05
326 0 2.2423938E-05
326.2 0 -2.244971264E-05
326.4 0 -2.247554661E-05
326.6 0 5.933652268E-20
326.8 0 -2.252739331E-05
327 0 -4.510681293E-05
327.2 0 4.193002333E-21
327.4 9.04224537E-06 4.521122685E-05
327.6 1.810544612E-05 2.263180765E-05
327.8 2.718967517E-05 4.531612529E-05
328 3.629500581E-05 2.268437863E-05
328.2 4.542151163E-05 -4.542151163E-05
328.4 5.456926659E-05 -4.547438882E-05
328.6 6.373834499E-05 1.274109797E-20
328.8 7.292882147E-05 4.558051342E-05
329 6.388726636E-05 2.281688084E-05
329.2 5.48245614E-05 -2.284356725E-05
329.4 4.574063232E-05 1.55184572E-20
329.6 4.579425557E-05 3.352388875E-21
329.8 4.584800469E-05 1.377801722E-20
330 4.590188014E-05 2.679392758E-20
330.2 4.595588235E-05 2.297794118E-05
330.4 3.680800942E-05 2.300500589E-05
330.6 3.685141509E-05 -2.303213443E-05
330.8 3.689492326E-05 -6.917798111E-05
331 3.693853428E-05 -6.925975177E-05
331.2 2.773668639E-05 -4.622781065E-05
331.4 2.776954976E-05 -4.628258294E-05
331.6 2.78024911E-05 -2.316874259E-05
331.8 2.783551069E-05 -2.319625891E-05
332 3.715814507E-05 -2.322384067E-05
332.2 4.650297619E-05 -3.631988087E-20
332.4 5.587008343E-05 -4.094236281E-21
332.6 6.525954654E-05 3.086705131E-20
332.8 7.467144564E-05 -2.333482676E-05
333 7.476076555E-05 -0.0001168136962
333.2 7.48502994E-05 -7.017215569E-05
333.4 7.494004796E-05 2.341876499E-05
333.6 7.5030012E-05 4.68937575E-05
333.8 7.512019231E-05 -4.695012019E-05
334 6.580926594E-05 -7.05099278E-05
334.2 6.588855422E-05 2.353162651E-05
334.4 6.596803378E-05 7.068003619E-05
334.6 6.604770531E-05 4.614233802E-20
334.8 6.612756953E-05 -7.085096735E-05
335 5.674939467E-05 -4.729116223E-05
335.2 4.734848485E-05 4.028702656E-20
335.4 3.792475728E-05 4.74059466E-05
335.6 3.79708384E-05 2.3731774E-05
335.8 2.851277372E-05 -2.376064477E-05
336 1.90316687E-05 -2.378958587E-05
336.2 9.527439024E-06 -1.862145324E-20
336.4 0 2.38476801E-05
336.6 0 4.775366748E-05
336.8 0 3.011186085E-20
337 0 -4.787071078E-05
337.2 0 -2.396472393E-05
337.4 0 -4.308434176E-20
337.6 0 1.795192037E-20
337.8 0 4.853808526E-21
338 0 6.590824073E-21
338.2 0 2.966700639E-20
338.4 0 3.057782215E-20
338.6 0 4.132449407E-20
338.8 0 3.921534447E-20
339 0 3.25501095E-20
339.2 0 -2.014619467E-20
339.4 0 3.768021985E-20
339.6 0 3.89652183E-20
339.8 0 -2.435317955E-05
340 0 -2.438358302E-05
340.2 0 1.385593787E-20
340.4 0 2.444461827E-05
340.6 0 -3.379347862E-20
340.8 0 -2.450595985E-05
341 0 -2.294299542E-21
341.2 0 1.904653897E-20
341.4 0 -4.492411333E-21
341.6 0 -2.240307628E-20
341.8 0 2.280636169E-20
342 0 -3.952074719E-20
342.2 0 4.944620253E-05
342.4 0 2.475443599E-05
342.6 0 -2.478585025E-05
342.8 0 3.390235524E-20
343 0 2.484891858E-05
343.2 0 7.464171975E-05
343.4 0 4.982461735E-05
343.6 0 -2.283550066E-20
343.8 0 -2.497602302E-05
344 0 -6.683280713E-21
344.2 0 5.008012821E-05
344.4 0 2.507220796E-05
344.6 0 2.045974172E-20
344.8 0 2.513674389E-05
345 0 2.51691366E-05
345.2 0 7.560483871E-05
345.4 0 5.046834625E-05
345.6 0 -1.037781818E-20
345.8 0 5.059909326E-05
346 0 2.533236057E-05
346.2 0 -2.536525974E-05
346.4 0 -7.619473342E-05
346.6 0 -2.54313151E-05
346.8 0 5.092894394E-05
347 0 5.099543081E-05
347.2 0 2.553104575E-05
347.4 0 3.479205766E-22
347.6 0 2.559796855E-05
347.8 0 5.126312336E-05
348 0 2.56652431E-05
348.2 0 5.139802632E-05
348.4 0 5.14657444E-05
348.6 0 2.576682058E-05
348.8 0 5.160171731E-05
349 0 2.583498677E-05
349.2 0 2.58692053E-05
349.4 0 -2.590351459E-05
349.6 0 -0.00010375166
349.8 0 -5.194481383E-05
350 0 1.890768917E-20
350.2 0 2.516455378E-20
350.4 0 7.822930574E-05
350.6 0 5.222259358E-05
350.8 0 2.614625167E-05
351 0 5.236260054E-05
351.2 0 2.621644295E-05
351.4 0 2.625168011E-05
351.6 0 2.628701211E-05
351.8 0 2.632243935E-05
352 1.054318489E-05 -2.635796221E-05
352.2 1.055743243E-05 -0.0001055743243
352.4 1.057171854E-05 -0.0001057171854
352.6 1.058604336E-05 2.64651084E-05
352.8 1.060040706E-05 0.0001060040706
353 1.061480978E-05 5.307404891E-05
353.2 1.06292517E-05 2.657312925E-05
353.4 0 7.982799728E-05
353.6 0 0.0001065825375
353.8 0 8.004610656E-05
354 0 -1.45948327E-21
354.2 0 2.675513699E-05
354.4 0 8.03755144E-05
354.6 0 0.0001073145604
354.8 0 0.0001074621733
355 0 2.690254821E-05
355.2 0 2.693965517E-05
355.4 0 -7.581896289E-21
355.6 0 -2.701417704E-05
355.8 0 -2.70515928E-05
356 0 -2.708911234E-05
356.2 0 -4.488730599E-20
356.4 0 -2.716446453E-05
356.6 0 2.720229805E-05
356.8 0 5.44804742E-05
357 0 -2.727828212E-05
357.2 0 -5.463286713E-05
357.4 0 -5.470938375E-05
357.6 0 -8.217917251E-05
357.8 0 -5.48630618E-05
358 0 5.494022504E-05
358.2 0 8.252640845E-05
358.4 0 8.264280677E-05
358.6 0 8.27595339E-05
358.8 0 5.525106082E-05
359 0 5.532932011E-05
359.2 0 0.0001108156028
359.4 0 0.0001109730114
359.6 0 2.778271693E-05
359.8 0 -3.416234791E-20
360 0 2.786198288E-05
360.2 0 8.370535714E-05
360.4 0 0.0001397085122
360.6 0 0.0001119269341
360.8 0 -2.802187948E-05
361 0 -7.001722903E-20
361.2 0 0.0001124100719
361.4 0 0.0001125720461
361.6 0 5.636724387E-05
361.8 0 5.644869942E-05
362 0 2.826519537E-05
362.2 0 -5.897961497E-21
362.4 0 -2.834724238E-05
362.6 0 -5.677688953E-05
362.8 0 -1.620796516E-20
363 0 -2.547829606E-20
363.2 0 -5.702554745E-05
363.4 0 -0.0001142178363
363.6 0 -8.578879941E-05
363.8 0 -2.863714185E-20
364 0 5.736049927E-05
364.2 0 5.744485294E-05
364.4 0 -2.876472754E-05
364.6 0 -8.642146018E-05
364.8 0 2.884970458E-05
365 0 5.778476331E-05
365.2 0 -7.416065084E-20
365.4 0 -5.795623145E-05
365.6 0 5.53101207E-20
365.8 0 -2.32398858E-20
366 0 -5.821535022E-05
366.2 0 5.830223881E-05
366.4 0 5.838938714E-05
366.6 0 5.114338917E-20
366.8 0 5.856446777E-05
367 0 5.86524024E-05
367.2 0 -3.393284889E-20
367.4 0 2.941453313E-05
367.6 0 5.891779789E-05
367.8 0 5.900679758E-05
368 0 5.909606657E-05
368.2 0 8.877840909E-05
368.4 0 0.0001185508346
368.6 0 8.904825228E-05
368.8 0 2.972792998E-05
369 0 8.931974085E-05
369.2 0 8.945610687E-05
369.4 0 -2.986429664E-05
369.6 0 2.991003063E-05
369.8 0 8.986771472E-05
370 0 -4.425285734E-20
370.2 0 3.004807692E-05
370.4 0 6.018875193E-05
370.6 0 6.02816358E-05
370.8 0 6.03748068E-05
371 0 -8.180726534E-20
371.2 0 -6.05620155E-05
371.4 0 -9.098408385E-05
371.6 0 -3.03751944E-05
371.8 0 -3.042250779E-05
372 0 3.04699688E-05
372.2 0 1.453684343E-20
372.4 0 -9.169600939E-05
372.6 0 -3.061324451E-05
372.8 0 -3.066130298E-05
373 0 -3.070951258E-05
373.2 0 -3.075787402E-05
373.4 0 -6.161277603E-05
373.6 0 -6.171011058E-05
373.8 0 -3.090387658E-05
374 0 3.095285261E-05
374.2 0 -3.944326356E-20
374.4 0 -6.210254372E-05
374.6 0 -9.330214968E-05
374.8 0 -0.0001246012759
375 0 -9.360023962E-05
375.2 0 -6.25E-05
375.4 0 -6.260016026E-05
375.6 0 -9.405096308E-05
375.8 0 -0.0001256028939
376 0 -0.000125805153
376.2 0 -9.450604839E-05
376.4 0 -6.310581583E-05
376.6 0 -3.16039644E-05
376.8 0 -3.165518639E-05
377 0 -9.511972403E-05
377.2 0 -0.0001270325203
377.4 0 -0.0001272394137
377.6 0 -6.372349103E-05
377.8 0 -6.382761438E-05
378 0 -3.196603928E-05
378.2 0 3.201844262E-05
378.4 0 -6.414203612E-05
378.6 0 -0.0001284950658
378.8 0 -0.0001287067545
379 0 -0.0001289191419
379.2 0 -3.228305785E-05
379.4 0 9.700951987E-05
379.6 0 0.0001295605307
379.8 1.297757475E-05 9.733181063E-05
380 0 -6.499584027E-05
380.2 0 -0.0001302083333
380.4 0 -6.521285476E-05
380.6 0 3.266095318E-05
380.8 0 9.814698492E-05
381 0 0.0001310822148
381.2 0 0.000131302521
381.4 0 6.576178451E-05
381.6 0 3.293634064E-05
381.8 0 1.522527255E-20
382 0 3.304780034E-05
382.2 0 3.310381356E-05
382.4 0 -6.632003396E-05
382.6 0 -0.0001328656463
382.8 0 -9.981899489E-05
383 0 -6.665955631E-05
383.2 0 -3.338675214E-05
383.4 0 -3.344392123E-05
383.6 0 -0.0001005038593
383.8 0 -0.0001342353952
384 0 -0.0001344664372
384.2 0 -0.0001010237069
384.4 0 -6.746545769E-05
384.6 0 -0.0001013732699
384.8 0 -0.0001353986135
385 0 -3.390842014E-05
385.2 0 -7.927282781E-20
385.4 0 -6.805313589E-05
385.6 0 -0.0001022578534
385.8 0 -0.0001365821678
386 0 -0.0001026160245
386.2 0 -6.853070175E-05
386.4 0 -3.432557118E-05
386.6 0 -3.438600352E-05
386.8 0 -0.0001033399471
387 0 -6.901501767E-05
387.2 0 -3.456858407E-05
387.4 0 -6.925975177E-05
387.6 0 -6.938277087E-05
387.8 0 4.74696966E-20
388 0 3.481506239E-05
388.2 0 -3.487723214E-05
388.4 0 2.049068259E-20
388.6 0 3.500224014E-05
388.8 0 3.506508079E-05
389 0 -1.05762924E-19
389.2 0 -6.303127824E-20
389.4 0 7.05099278E-05
389.6 0 7.063743219E-05
389.8 0 7.076539855E-05
390 0 3.54469147E-05
390.2 0 3.551136364E-05
390.4 0 -3.557604736E-05
390.6 0 -0.0001425638686
390.8 0 -7.141224863E-05
391 0 -4.532178216E-21
391.2 0 2.380458787E-20
391.4 0 -1.023030528E-19
391.6 0 -3.596915285E-05
391.8 0 -3.603551661E-05
392 0 4.210176044E-20
392.2 0 5.815084504E-20
392.4 0 3.623608534E-05
392.6 0 4.549788932E-20
392.8 0 3.032294882E-20
393 0 7.771421538E-20
393.2 0 -3.650700935E-05
393.4 0 3.657537453E-05
393.6 0 0.0001099319887
393.8 0 3.671287594E-05
394 0 3.678201507E-05
394.2 0 8.128686811E-20
394.4 0 -0.0001107632325
394.6 0 -3.699100379E-05
394.8 0 -5.184072395E-21
395 0 3.713165399E-05
395.2 0 3.720238095E-05
395.4 0 3.727337786E-05
395.6 0 3.734464627E-05
395.8 0 9.702664421E-20
396 0 -2.665371179E-20
396.2 0 -1.515196848E-20
396.4 0 1.073684755E-21
396.6 0 -5.616044294E-20
396.8 0 -1.290016775E-20
397 0 7.015250853E-20
397.2 0 -3.792475728E-05
397.4 0 -3.799854086E-05
397.6 0 4.002096994E-20
397.8 0 5.762025269E-20
398 0 -3.822162427E-05
398.2 0 3.56636809E-20
398.4 0 3.837180747E-05
398.6 0 -1.439177969E-21
398.8 0 4.400750455E-20
399 0 -2.921800829E-20
399.2 0 -7.735148515E-05
399.4 0 5.295995174E-20
399.6 0 7.765904573E-05
399.8 0 -5.611689222E-20
400 0 -1.436642473E-20
400.2 0 -3.90625E-05
400.4 0 1.358037869E-19
400.6 0 4.234943794E-20
400.8 0 -3.929828974E-05
401 0 1.281134114E-19
401.2 0 -3.196017663E-21
401.4 0 3.953694332E-05
401.6 0 3.961713996E-05
401.8 0 2.327144959E-20
402 0 2.517215132E-20
402.2 0 -6.890637535E-20
402.4 0 -6.295432957E-20
402.6 0 4.002305328E-05
402.8 0 8.021047228E-05
403 0 1.491173481E-20
403.2 0 -2.874599487E-20
403.4 0 4.035382231E-05
403.6 0 4.04373706E-05
403.8 0 -6.909828027E-20
404 1.624220374E-05 -4.060550936E-05
404.2 0 -4.069010417E-05
404.4 1.631002088E-05 -4.077505219E-05
404.6 1.634414226E-05 -4.086035565E-05
404.8 1.637840671E-05 -4.094601677E-05
405 1.641281513E-05 2.709434547E-20
405.2 1.644736842E-05 4.111842105E-05
405.4 1.648206751E-05 -8.324479547E-20
405.6 1.651691332E-05 -4.12922833E-05
405.8 0 -4.137976695E-05
406 0 -4.146762208E-05
406.2 0 -6.322781326E-20
406.4 0 8.328891258E-05
406.6 0 8.346688034E-05
406.8 0 4.182280514E-05
407 0 -6.223480476E-20
407.2 0 -4.200268817E-05
407.4 0 6.341600105E-20
407.6 0 8.166572683E-20
407.8 1.691017316E-05 -2.374135842E-20
408 3.389370933E-05 -4.236713666E-05
408.2 5.095108696E-05 -4.245923913E-05
408.4 6.808278867E-05 4.255174292E-05
408.6 8.528930131E-05 -6.958195525E-20
408.8 0.000102571116 -4.273796499E-05
409 0.0001199287281 -4.28316886E-05
409.2 0.0001373626374 1.332323705E-21
409.4 0.0001376651982 4.302037445E-05
409.6 0.0001379690949 5.637105834E-20
409.8 0.0001382743363 4.321073009E-05
410 0.0001559035477 4.330654102E-05
410.2 0.0001736111111 -4.340277778E-05
410.4 0.0001913975501 1.03672854E-19
410.6 0.0002092633929 4.359654018E-05
410.8 0.0002097315436 3.780293987E-20
411 0.0002102017937 4.379204036E-05
411.2 0.0002106741573 4.389044944E-05
411.4 0.0001935529279 -4.430213777E-20
411.6 0.000193989842 -4.408860045E-05
411.8 0.0002121040724 -8.837669683E-05
412 0.0002303004535 -8.857709751E-05
412.2 0.0002485795455 1.046497524E-19
412.4 0.0002669419134 8.898063781E-05
412.6 0.0002853881279 -6.237925567E-20
412.8 0.0003039187643 -4.469393593E-05
413 0.0003404529817 8.739844812E-21
413.2 0.0003591954023 -7.314943641E-20
413.4 0.0003780241935 4.500288018E-05
413.6 0.0003788972286 4.510681293E-05
413.8 0.0003978587963 5.354513478E-20
414 0.0004169083527 -1.730347448E-20
414.2 0.0004360465116 -4.542151163E-05
414.4 0.0004734848485 -9.105477855E-05
414.6 0.0005110981308 -9.126752336E-05
414.8 0.0005488875878 -4.574063232E-05
415 0.0005868544601 2.864043299E-20
415.2 0.0006066176471 2.902875034E-20
415.4 0.0005896226415 2.581578025E-20
415.6 0.0006094858156 4.617316785E-05
415.8 0.0006109300948 3.444901017E-20
416 0.0006123812352 -4.639251781E-05
416.2 0.0005952380952 1.107559981E-19
416.4 0.0005780131265 1.268267118E-19
416.6 0.0005607057416 4.672547847E-05
416.8 0.0005245803357 4.683752998E-05
417 0.0005070612981 -4.695012019E-05
417.2 0.0004894578313 -9.412650602E-05
417.4 0.0004717693237 2.592598071E-20
417.6 0.0004539951574 4.729116223E-05
417.8 0.0004361347087 4.74059466E-05
418 0.0004181873479 4.752128954E-05
418.2 0.0003620426829 -3.835925364E-20
418.4 0.0003247249389 -4.775366748E-05
418.6 0.000306372549 -9.574142157E-05
418.8 0.0003071253071 -4.798832924E-05
419 0.0003271243842 1.401581595E-19
419.2 0.0003279320988 4.822530864E-05
419.4 0.0003287438119 9.668935644E-05
419.6 0.0003295595533 0.0001938585608
419.8 0.0003109452736 0.000194340796
420 0.0002922381546 9.74127182E-05
420.2 0.0002734375 9.765625E-05
420.4 0.0002545426065 4.895050125E-05
420.6 0.0002355527638 1.522596482E-20
420.8 0.0002164672544 -2.084533859E-20
421 0.0001972853535 5.268667984E-20
421.2 0.0001780063291 4.944620253E-05
421.4 0.0001586294416 0.0001487151015
421.6 0.000139153944 0.0001490935115
421.8 0.0001195790816 9.964923469E-05
422 9.990409207E-05 4.995204604E-05
422.2 8.012820513E-05 -5.008012821E-05
422.4 8.033419023E-05 1.206108678E-20
422.6 6.040592784E-05 5.03382732E-05
422.8 4.0374677E-05 -7.377757253E-20
423 2.023963731E-05 5.059909326E-05
423.2 0 5.073051948E-05
423.4 0 5.086263021E-05
423.6 0 0.0001019908616
423.8 0 0.0001022578534
424 0 5.126312336E-05
424.2 0 0.0001027960526
424.4 0 0.0001546009235
424.6 0 0.0001033399471
424.8 0 0.0001036140584
425 0 5.194481383E-05
425.2 0 5.208333333E-05
425.4 0 0.0001044451872
425.6 0 5.713153692E-20
425.8 0 -5.250336022E-05
426 0 2.882634971E-20
426.2 0 -5.784212997E-20
426.4 0 -1.320103337E-19
426.6 0 -5.307404891E-05
426.8 0 -5.321866485E-05
427 0 -5.336407104E-05
427.2 0 -5.351027397E-05
427.4 0 -6.40354195E-20
427.6 0 1.133360604E-20
427.8 0 -5.395372928E-05
428 0 -0.0001082063712
428.2 0 -0.0001085069444
428.4 0 -0.0001632137883
428.6 0 -0.0001091131285
428.8 0 7.892990477E-20
429 0 5.48630618E-05
429.2 0 5.501760563E-05
429.4 0 -2.054995599E-19
429.6 0 -5.532932011E-05
429.8 0 -0.000166459517
430 0 -0.0001669337607
430.2 0 -0.0001116071429
430.4 0 -0.0001119269341
430.6 0 -0.0001122485632
430.8 0 -5.628602305E-05
431 0 -5.644869942E-05
431.2 0 -0.0001132246377
431.4 0 -0.0001135537791
431.6 0 -0.0001138848397
431.8 0 -0.0001142178363
432 0 -0.0001145527859
432.2 0 -5.744485294E-05
432.4 0 -5.761430678E-05
432.6 0 -0.0001155695266
432.8 0 -0.0001159124629
433 0 -0.0001162574405
433.2 0 -5.830223881E-05
433.4 0 -5.847679641E-05
433.6 0 -1.012821256E-19
433.8 0 5.882906627E-05
434 0 7.137999181E-20
434.2 0 1.130983682E-19
434.4 0 -5.936550152E-05
434.6 0 -5.95464939E-05
434.8 0 8.544941653E-20
435 0 -1.937630823E-20
435.2 0 -1.730084851E-21
435.4 0 1.462887346E-19
435.6 0 1.459415764E-19
435.8 0 4.198302057E-20
436 0 2.196886621E-19
436.2 0 1.88206358E-19
436.4 0 1.211928565E-19
436.6 0 1.153576444E-19
436.8 0 -1.171724557E-19
437 0 5.715018833E-21
437.2 0 3.874181148E-20
437.4 0 5.409552874E-21
437.6 0 3.063584602E-21
437.8 0 -1.974420857E-20
438 0 6.629904067E-20
438.2 0 1.147873478E-19
438.4 0 4.107004604E-20
438.6 0 6.351380786E-20
438.8 0 6.361970684E-05
439 0 6.382761438E-05
439.2 0 -6.795565433E-20
439.4 0 6.424753289E-05
439.6 0 6.445957096E-05
439.8 0 3.862358051E-21
440 0 -4.603940827E-21
440.2 0 -1.095790209E-19
440.4 0 -6.532190635E-05
440.6 0 -6.554110738E-05
440.8 0 -4.343197345E-20
441 0 6.59839527E-05
441.2 0 6.620762712E-05
441.4 0 6.643282313E-05
441.6 0 0.0001333191126
441.8 2.675513699E-05 -1.541947412E-19
442 5.369415808E-05 -3.0297613E-20
442.2 5.387931034E-05 0.0001346982759
442.4 5.406574394E-05 6.758217993E-05
442.6 5.425347222E-05 8.007240011E-20
442.8 5.444250871E-05 0.0002041594077
443 5.463286713E-05 0.0002048732517
443.2 5.48245614E-05 0.0001370614035
443.4 2.750880282E-05 0.0002750880282
443.6 0 0.000207045053
443.8 0 6.925975177E-05
444 2.78024911E-05 -6.950622776E-05
444.2 5.580357143E-05 1.711422588E-19
444.4 5.600358423E-05 -9.147653777E-20
444.6 5.620503597E-05 4.1487857E-21
444.8 2.820397112E-05 0.0001410198556
445 0 0.0001415307971
445.2 0 7.102272727E-05
445.4 0 4.868117547E-20
445.6 0 7.154304029E-05
445.8 2.872242647E-05 7.180606618E-05
446 5.765682657E-05 2.80105494E-20
446.2 5.787037037E-05 0.0001446759259
446.4 5.808550186E-05 0.0001452137546
446.6 5.830223881E-05 7.287779851E-05
446.8 5.852059925E-05 7.315074906E-05
447 5.87406015E-05 -7.342575188E-05
447.2 5.896226415E-05 -7.370283019E-05
447.4 5.918560606E-05 -1.424719355E-19
447.6 5.941064639E-05 -7.426330798E-05
447.8 5.963740458E-05 -1.671237779E-19
448 5.986590038E-05 -4.449602147E-20
448.2 6.009615385E-05 2.8968557E-19
448.4 3.016409266E-05 0.0001508204633
448.6 3.028100775E-05 7.570251938E-05
448.8 6.079766537E-05 7.599708171E-05
449 6.103515625E-05 3.274481537E-20
449.2 6.12745098E-05 -7.659313725E-05
449.4 3.075787402E-05 9.730797328E-20
449.6 0 -7.71986166E-05
449.8 0 -7.750496032E-05
450 0 -4.263585499E-20
450.2 0 -7.8125E-05
450.4 0 -7.843875502E-05
450.6 0 3.486708682E-20
450.8 0 -7.907388664E-05
451 0 -0.0001587906504
451.2 0 -0.0001594387755
451.4 0 -8.004610656E-05
451.6 0 -8.043970832E-20
451.8 0 -8.070764463E-05
452 0 -0.0002431275934
452.2 0 -0.000244140625
452.4 0 -0.0001634414226
452.6 0 -0.0001641281513
452.8 0 -0.0002472310127
453 0 -0.0002482786017
453.2 0 -0.0001662234043
453.4 0 -8.346688034E-05
453.6 0 -8.38251073E-05
453.8 0 -0.0001683728448
454 0 -8.45508658E-05
454.2 0 -8.491847826E-05
454.4 0 -1.355170576E-19
454.6 0 -8.868085335E-21
454.8 0 -8.60407489E-05
455 0 3.696374998E-20
455.2 0 -7.088232397E-20
455.4 0 -1.331575202E-19
455.6 0 -1.813675621E-19
455.8 0 -7.890527855E-20
456 0 -1.445952758E-19
456.2 0 -1.571456165E-19
456.4 0 -1.32381028E-19
456.6 0 -8.959288991E-05
456.8 0 -1.775013317E-19
457 0 9.04224537E-05
457.2 0 1.661568592E-20
457.4 0 -1.056567258E-19
457.6 0 -2.263483107E-19
457.8 0 -1.267410874E-19
458 0 1.086393256E-19
458.2 0 -8.31626219E-20
458.4 0 -2.087311713E-19
458.6 0 -1.344103795E-19
458.8 0 -2.050950466E-19
459 0 -2.073602174E-19
459.2 0 -3.405479806E-19
459.4 0 -9.574142157E-05
459.6 0 -9.621305419E-05
459.8 0 -8.319876436E-20
460 0 -1.546181266E-19
460.2 0 9.765625E-05
460.4 0 -1.560610881E-19
460.6 0 -8.309314608E-21
460.8 0 9.914340102E-05
461 0 -9.964923469E-05
461.2 0 -3.766848726E-20
461.4 0 0.0001006765464
461.6 0 -3.128388872E-20
461.8 0 9.696296975E-20
462 0 3.475844853E-19
462.2 0 2.214352693E-19
462.4 0 -1.100057999E-19
462.6 0 4.415549858E-20
462.8 0 3.07042725E-19
463 0 1.738827602E-19
463.2 0 -1.658541871E-20
463.4 0 5.185682217E-20
463.6 0 1.605673567E-19
463.8 0 1.578829076E-19
464 0 -2.465266888E-19
464.2 0 -1.457530286E-19
464.4 0 1.049680645E-19
464.6 0 8.002390747E-20
464.8 0 7.500823571E-20
465 0 1.108687705E-19
465.2 0 1.983534278E-19
465.4 0 2.320344219E-19
465.6 0 -1.281061426E-19
465.8 0 -2.385301054E-19
466 0 -2.89339231E-20
466.2 0 3.648522802E-20
466.4 0 -2.74349769E-19
466.6 0 -9.19042807E-20
466.8 0 9.304290384E-20
467 0 -2.843572696E-19
467.2 0 -4.891343986E-19
467.4 0 -2.691974224E-19
467.6 0 1.456659177E-19
467.8 0 -1.596946916E-19
468 0 -2.599814346E-19
468.2 0 -1.766104687E-19
468.4 0 -3.100367358E-19
468.6 0 -1.652977598E-19
468.8 0 -7.859848194E-20
469 0 1.719791999E-20
469.2 0 -1.085864133E-21
469.4 0 -5.776151755E-20
469.6 0 -1.404855347E-19
469.8 0 -4.207665823E-20
470 0 -5.284318879E-20
470.2 0 -1.878067729E-19
470.4 0 1.013691183E-21
470.6 0 1.055007614E-19
470.8 0 -8.25436617E-20
471 0 1.332033388E-19
471.2 0 -0.0001346982759
471.4 0 -2.560037294E-19
471.6 0 0.0001365821678
471.8 0 -2.302266695E-20
472 0 1.803277249E-19
472.2 0 -3.798066854E-20
472.4 0 1.954596473E-19
472.6 0 3.402316899E-19
472.8 0 1.319953259E-19
473 0 3.580465816E-19
473.2 0 3.180430132E-19
473.4 0 4.01764279E-19
473.6 0 1.993040742E-19
473.8 0 2.989525321E-19
474 0 4.864150609E-19
474.2 0 3.618655001E-19
474.4 0 2.307365793E-19
474.6 0 -6.053444436E-20
474.8 0 -0.0001537893701
475 0 2.79289225E-20
475.2 0 0.00015625
475.4 0 -2.072918648E-20
475.6 0 -4.808031557E-21
475.8 0 3.559451248E-20
476 0 -4.895218239E-21
476.2 0 1.548858697E-19
476.4 0 3.091221813E-19
476.6 0 -0.0001655190678
476.8 0 -3.152070028E-20
477 0 0.0001683728448
477.2 0 -0.0001698369565
477.4 0 -0.0001713267544
477.6 0 2.476957486E-19
477.8 0 1.202530609E-19
478 0 -5.355528978E-20
478.2 0 -1.553726798E-19
478.4 0 -3.239369178E-19
478.6 0 -3.783349951E-20
478.8 0 -2.04489182E-19
479 0 1.770578541E-19
479.2 0 1.450026401E-19
479.4 0 0.0001878004808
479.6 0 0.0001896237864
479.8 0 -0.0001914828431
480 0 -0.0001933787129
480.2 0 6.627456835E-20
480.4 0 3.172398548E-19
480.6 0 -2.107243291E-20
480.8 0 5.591882607E-19
481 0 1.343706889E-19
481.2 0 1.37450668E-19
481.4 0 -4.713849752E-20
481.6 0 2.620058924E-19
481.8 0 2.422265158E-19
482 0 6.560836387E-19
482.2 0 3.419096011E-19
482.4 0 2.769929318E-19
482.6 0 5.200959866E-19
482.8 0 1.982194825E-19
483 0 -9.818599855E-20
483.2 0 -1.319811475E-20
483.4 0 -1.031566451E-19
483.6 0 4.223110552E-19
483.8 0 -5.583958287E-20
484 0 -1.869019706E-19
484.2 0 -1.212279019E-19
484.4 0 -9.264264087E-20
484.6 0 -7.034712398E-19
484.8 0 2.583863917E-20
485 0 -2.054905788E-19
485.2 0 1.085110175E-19
485.4 0 3.168805258E-21
485.6 0 -1.073147733E-19
485.8 0 2.094799351E-19
486 0 -8.871924204E-20
486.2 0 -2.17133418E-19
486.4 0 -2.571921582E-20
486.6 0 3.412985012E-19
486.8 0 -2.751074713E-19
487 0 -8.159200342E-19
487.2 0 -6.227131862E-19
487.4 0 -2.06068489E-19
487.6 0 5.493727719E-19
487.8 0 -9.081518651E-21
488 0 -7.917641206E-19
488.2 0 2.122351645E-19
488.4 0 4.651303324E-20
488.6 0 -5.132035246E-19
488.8 0 -7.983574097E-20
489 0 3.040739806E-20
489.2 0 2.838024884E-19
489.4 0 4.79875954E-19
489.6 0 -2.671544939E-19
489.8 0 1.434552381E-19
490 0 -7.199014565E-19
490.2 0 -5.341359831E-19
490.4 0 5.546375571E-19
490.6 0 6.461425106E-19
490.8 0 -2.384422749E-19
491 0 -3.315514622E-19
491.2 0 -2.833949433E-19
491.4 0 4.286856157E-19
491.6 0 4.60858839E-19
491.8 0 -2.4073744E-19
492 0 4.332096951E-20
492.2 0 1.259438201E-18
492.4 0 6.566378772E-20
492.6 0 2.349531846E-20
492.8 0 1.557630413E-18
493 0 6.088367425E-19
493.2 0 -2.389387092E-19
493.4 0 -6.214723362E-19
493.6 0 5.901743924E-19
493.8 0 1.918195201E-19
494 0 1.91275694E-18
494.2 0 1.661628545E-18
494.4 0 1.109012554E-18
494.6 0 6.090160028E-19
494.8 0 -1.208001407E-19
495 0 1.219273264E-18
495.2 0 2.862748256E-18
495.4 0 1.6303405E-18
495.6 0 6.158136583E-19
495.8 0 1.778499038E-18
496 0 1.430468764E-18
496.2 0 1.888292906E-18
496.4 0 1.294664608E-18
496.6 0 4.08842299E-19
496.8 0 1.235355614E-18
497 0 -8.26015246E-19
497.2 0 -1.955749168E-18
497.4 0 4.154555808E-19
497.6 0 2.167294735E-19
497.8 0 -1.175407956E-18
498 0 4.941027382E-19
498.2 0 2.481619573E-18
498.4 0 1.430605366E-18
498.6 0 -6.287765365E-19
498.8 0 1.851187174E-18
499 0 2.467734806E-18
499.2 0 5.095257528E-18
499.4 0 6.638889115E-18
499.6 0 3.626453483E-18
499.8 0 -2.935582869E-18
500 0 -1.113956857E-17
