0 0.007243977409 -0.0001483781487
0.2 0.006228125 0.0016796875
0.4 0.005758553421 0.00050020008
0.6 0.005344900921 0.0005082190753
0.8 0.004996620945 0.0004693131758
1 0.004710662059 0.0003051757812
1.2 0.004440130261 0.0001878757515
1.4 0.004188176624 0.0001566259022
1.6 0.003942288408 0.0002507019655
1.8 0.003705607945 0.0001645891854
2 0.003481282617 0.0001489738057
2.2 0.003263052209 0.0002666917671
2.4 0.003041507634 0.0002118697268
2.6 0.002851185691 8.635198955E-05
2.8 0.00270154805 7.853337354E-05
3 0.00256121782 8.642146018E-05
3.2 0.002405055332 -3.929828974E-05
3.4 0.002261347625 -5.503975443E-05
3.6 0.002117524164 -1.573197745E-05
3.8 0.0019830278 -1.573831587E-05
4 0.001870465538 3.148931882E-05
4.2 0.001748361895 0.0001338835685
4.4 0.001645068576 0.0001260588947
4.6 0.001551150121 8.670046408E-05
4.8 0.001463463868 3.942521195E-05
5 0.001385172658 -5.521758885E-05
5.2 0.001303661616 -7.891414141E-06
5.4 0.001228400364 3.537246377E-20
5.6 0.001153078245 -4.738677719E-05
5.8 0.001093497168 7.11089199E-05
6 0.001033867867 3.952094294E-05
6.2 0.0009805161943 -9.488866397E-05
6.4 0.0009429424868 -0.0001344800527
6.6 0.0009148348865 -0.0001107931524
6.8 0.0008740372923 -0.0001187550669
7 0.0008490470397 -7.128193431E-05
7.2 0.0008176977688 -2.377028398E-05
7.4 0.0007736404221 -9.511972403E-05
7.6 0.0007422350792 -0.0001189479294
7.8 0.0007012845248 -0.0001189962429
8 0.0006507771231 -6.349045104E-05
8.2 0.0006097560976 -0.0001190929878
8.4 0.000575055917 -8.737037414E-05
8.6 0.000540327502 -5.66909258E-21
8.8 0.0005119301994 -3.17969068E-05
9 0.0004707858306 -9.542956026E-05
9.2 0.0004582484725 -0.0001113798371
9.4 0.0004425173187 -5.571261206E-05
9.6 0.0004204035874 -1.592437831E-05
9.8 0.0004110165171 -3.982718189E-05
10 0.0004048092615 -0.0001354676663
10.2 0.0003954081633 -0.0001036352041
10.4 0.0003828093099 -8.772713352E-05
10.6 0.0003765829248 -0.0001515905842
10.8 0.0003767368206 -0.0001037622599
11 0.0003673088716 -0.0001197746321
11.2 0.0003738496933 -0.0001597648262
11.4 0.0003740026596 -7.192358838E-05
11.6 0.0003677599263 -9.593737208E-05
11.8 0.0003647113022 -7.998054873E-05
12 0.0003616601803 -6.401065137E-05
12.2 0.0003554047131 -8.004610656E-05
12.4 0.0003587535875 -1.491604871E-20
12.6 0.0003524917966 4.806706317E-05
12.8 0.0003494306524 8.014464506E-06
13 0.0003431598933 -3.207101806E-05
13.2 0.0003433008214 -2.406314168E-05
13.4 0.0003370223911 5.575751922E-21
13.6 0.0003371609125 -2.408292232E-05
13.8 0.0003501490543 -8.030941612E-05
14 0.0003470793912 -0.0001044451872
14.2 0.000356867284 -4.822530864E-05
14.4 0.000350581515 -2.412258131E-05
14.6 0.000353943575 -4.022086079E-05
14.8 0.0003605274001 -3.218994644E-05
15 0.0003606760099 -8.855884171E-05
15.2 0.0003640463918 -7.24871134E-05
15.4 0.0003577506188 -2.417233911E-05
15.6 0.000364346884 -6.448617416E-05
15.8 0.0003644973163 -4.83845995E-05
16 0.0003646478728 -2.02840865E-20
16.2 0.0003647985537 -1.614152893E-05
16.4 0.0003552604382 4.037050434E-05
16.6 0.0003489454094 4.84646402E-05
16.8 0.0003490897807 2.424234588E-05
17 0.0003492342715 5.658888659E-05
17.2 0.000349378882 8.08747412E-06
17.4 0.0003333419635 -4.045412179E-05
17.6 0.0003237670949 -2.428253212E-05
17.8 0.0003109452736 -2.42925995E-05
18 0.0003045935297 -4.860535048E-05
18.2 0.0003014782158 -5.672977178E-05
18.4 0.0003016033624 -2.432285181E-05
18.6 0.0002919954319 -1.622196844E-05
18.8 0.0002791337765 -5.680047777E-05
19 0.0002695085204 -4.87063591E-05
19.2 0.0002533783784 -2.436330561E-05
19.4 0.000246984193 -1.624896007E-05
19.6 0.000234082397 -1.625572201E-05
19.8 0.0002244223564 -1.626248959E-05
20 0.0002115004165 1.626926281E-05
20.2 0.0001920572917 8.138020833E-06
20.4 0.0001823676532 8.141413089E-06
20.6 0.0001759278565 -8.144808173E-06
20.8 0.0001694826867 -9.777847309E-05
21 0.0001597714942 -8.966767529E-05
21.2 0.0001500521921 -4.893006263E-05
21.4 0.0001501148705 -4.079208438E-05
21.6 0.0001534423318 1.632365232E-05
21.8 0.0001535064799 1.633047659E-05
22 0.000156838143 -4.050583436E-20
22.2 0.0001470972803 -1.634414226E-05
22.4 0.0001471588531 -1.635098368E-05
22.6 0.0001406773451 8.17891541E-06
22.8 0.0001374633431 7.169368566E-21
23 0.0001309723386 2.45573135E-05
23.2 0.0001277515723 2.456761006E-05
23.4 0.000124528104 2.457791527E-05
23.6 0.0001213019303 -4.098038187E-05
23.8 0.0001180730479 -0.000114793241
24 0.0001148414532 -8.202960941E-05
24.2 0.0001083245798 -5.744485294E-05
24.4 0.0001018022278 -4.92591425E-05
24.6 9.527439024E-05 -9.855971405E-05
24.8 8.874106016E-05 -0.0001068179428
25 8.220223064E-05 -8.220223064E-05
25.2 7.894736842E-05 -0.0001069078947
25.4 7.23989048E-05 -0.0001151800758
25.6 6.913716814E-05 -0.0001069979983
25.8 6.587268128E-05 -7.410676644E-05
26 5.931041755E-05 -5.766290595E-05
26.2 4.944620253E-05 -8.241033755E-05
26.4 5.27648797E-05 -6.595609962E-05
26.6 6.268475507E-05 -3.299197635E-05
26.8 6.931242079E-05 -6.601182932E-05
27 7.594568893E-05 -6.60397295E-05
27.2 7.597780127E-05 -2.477536998E-05
27.4 7.600994078E-05 -3.304780034E-05
27.6 7.934828608E-05 -3.306178587E-05
27.8 8.268945809E-05 -1.653789162E-05
28 8.272448115E-05 -1.654489623E-05
28.2 8.606991525E-05 -3.467426041E-21
28.4 9.272997033E-05 -2.483838491E-05
28.6 9.608248516E-05 -5.798081001E-05
28.8 9.612324989E-05 -4.14324353E-05
29 9.948005093E-05 -4.974002547E-05
29.2 0.0001061571125 -1.658704883E-05
29.4 0.000106202209 1.659409516E-05
29.6 0.0001095675733 -8.300573736E-06
29.8 0.0001096141582 8.304102891E-06
30 0.0001063377286 7.476871544E-05
30.2 9.973404255E-05 7.480053191E-05
30.4 9.645061728E-05 4.988825032E-05
30.6 9.649169506E-05 5.822774702E-05
30.8 9.653280784E-05 -2.496538134E-05
31 9.657395567E-05 -5.827738704E-05
31.2 8.995202559E-05 3.331556503E-05
31.4 8.332444539E-05 8.332444539E-05
31.6 7.669120785E-05 3.334400341E-05
31.8 8.005977797E-05 -2.693145561E-21
32 8.343122597E-05 4.171561299E-05
32.2 8.012820513E-05 1.669337607E-05
32.4 8.016246259E-05 -1.670051304E-05
32.6 8.019674936E-05 8.353828058E-06
32.8 7.020218228E-05 8.357402653E-06
33 6.019905822E-05 -3.344392123E-05
33.2 6.02248394E-05 -5.018736617E-05
33.4 6.35979006E-05 -3.347257926E-05
33.6 6.362516074E-05 -2.511519503E-05
33.8 6.030231561E-05 -8.375321612E-06
34 5.697661948E-05 -2.513674389E-05
34.2 5.364806867E-05 -6.706008584E-05
34.4 5.031665951E-05 -5.870276943E-05
34.6 5.369415808E-05 -2.51691366E-05
34.8 5.707455952E-05 -2.517995273E-05
35 5.374032674E-05 -1.679385211E-05
35.2 5.376344086E-05 -1.680107527E-05
35.4 5.042491394E-05 -2.521245697E-05
35.6 4.70835127E-05 -8.407770125E-06
35.8 5.046834625E-05 -8.411391042E-06
36 5.049009048E-05 -1.683003016E-05
36.2 5.051185345E-05 -3.367456897E-05
36.4 5.39025442E-05 -8.422272531E-06
36.6 5.39257981E-05 5.055543572E-05
36.8 5.394907208E-05 1.685908502E-05
37 5.059909326E-05 -6.677662116E-21
37.2 5.062095032E-05 8.436825054E-06
37.4 4.726663786E-05 -1.688094209E-05
37.6 5.404236922E-05 8.44412019E-06
37.8 4.730752595E-05 3.070443451E-22
38 5.40891389E-05 -3.380571181E-05
38.2 4.396645022E-05 -4.22754329E-05
38.4 4.06019922E-05 -5.075249026E-05
38.6 3.723461872E-05 -4.231206672E-05
38.8 3.725075856E-05 -4.233040746E-05
39 3.387901127E-05 -8.469752819E-06
39.2 3.050433839E-05 -1.694685466E-05
39.4 2.712673611E-05 -1.695421007E-05
39.6 2.374620061E-05 -3.392314373E-05
39.8 2.375651607E-05 -8.484470026E-05
40 2.37668405E-05 -5.941710126E-05
40.2 2.377717391E-05 -3.39673913E-05
40.4 3.398216616E-05 -1.699108308E-05
40.6 3.739664926E-05 -8.499238468E-06
40.8 4.42152808E-05 8.502938616E-06
41 5.103985192E-05 -1.485351258E-20
41.2 5.787037037E-05 8.510348584E-06
41.4 5.108435048E-05 3.405623365E-05
41.6 5.792084605E-05 1.703554296E-05
41.8 5.794611693E-05 -1.704297557E-05
42 5.456132693E-05 -1.05942792E-20
42.2 5.458515284E-05 2.558679039E-05
42.4 5.460899956E-05 -1.706531236E-05
42.6 5.121831294E-05 -3.414554196E-05
42.8 5.80728028E-05 3.416047223E-05
43 5.468066492E-05 9.398239283E-05
43.2 5.470459519E-05 8.547592998E-06
43.4 5.814908056E-05 -5.714886953E-21
43.6 5.475251862E-05 8.555081034E-06
43.8 5.477651183E-05 -2.567648992E-05
44 5.822555897E-05 -1.71251644E-05
44.2 5.825109649E-05 8.566337719E-06
44.4 5.827665643E-05 -1.55047618E-20
44.6 5.830223881E-05 -3.478587065E-21
44.8 5.832784365E-05 2.57328722E-05
45 5.492091388E-05 8.581392794E-06
45.2 4.807692308E-05 2.575549451E-05
45.4 4.466248901E-05 5.153364116E-05
45.6 4.811922569E-05 1.718543775E-05
45.8 4.814040493E-05 -2.578950264E-05
46 5.160171731E-05 -1.720057244E-05
46.2 5.162444934E-05 8.60407489E-06
46.4 4.820405465E-05 -3.320890896E-22
46.6 5.166997354E-05 -6.02816358E-05
46.8 5.169276577E-05 -7.753914865E-05
47 5.171557811E-05 -2.585778906E-05
47.2 5.863686534E-05 -9.0602721E-21
47.4 5.521201413E-05 9.530527482E-21
47.6 5.868868758E-05 1.258743089E-20
47.8 5.526083112E-05 8.634504863E-06
48 4.8374613E-05 6.046826625E-05
48.2 4.493915929E-05 6.913716814E-05
48.4 4.150066401E-05 3.458388668E-05
48.6 4.497896368E-05 -7.723158323E-21
48.8 4.846034559E-05 -1.730726628E-05
49 4.848182624E-05 8.657468972E-06
49.2 4.850332594E-05 1.732261641E-05
49.4 4.852484472E-05 8.665150843E-06
49.6 4.507878384E-05 -8.668996893E-06
49.8 4.509880107E-05 1.734569272E-05
50 4.511883607E-05 2.603009773E-05
50.2 4.513888889E-05 -8.680555556E-06
50.4 4.168519342E-05 -1.736883059E-05
50.6 3.822842527E-05 8.68827847E-06
50.8 3.476858033E-05 8.692145082E-06
51 3.478406055E-05 -2.608804541E-05
51.2 3.479955457E-05 -8.699888641E-06
51.4 3.481506239E-05 8.703765597E-06
51.6 3.483058404E-05 1.741529202E-05
51.8 3.484611954E-05 5.22691793E-05
52 3.137550201E-05 6.100792057E-05
52.2 2.790178571E-05 0.0001133510045
52.4 2.44249665E-05 0.0001308480348
52.6 2.094504021E-05 7.85439008E-05
52.8 1.746200268E-05 4.365500671E-05
53 1.397584973E-05 6.114434258E-05
53.2 1.048657718E-05 0.0001136045861
53.4 6.994180842E-06 9.616998657E-05
53.6 3.498656516E-06 1.749328258E-05
53.8 0 1.750112007E-05
54 0 6.128137606E-05
54.2 0 0.0001138593049
54.4 3.504934948E-06 8.762337371E-05
54.6 3.506508079E-06 6.136389138E-05
54.8 3.508082622E-06 6.139144589E-05
55 3.50965858E-06 8.774146451E-06
55.2 7.02247191E-06 2.633426966E-05
55.4 1.053844424E-05 4.391018435E-05
55.6 1.405757985E-05 2.635796221E-05
55.8 1.757988299E-05 2.636982448E-05
56 2.110535795E-05 4.396949572E-05
56.2 2.111486486E-05 1.759572072E-05
56.4 2.464511041E-05 2.640547544E-05
56.6 2.817853922E-05 3.522317403E-05
56.8 3.171515562E-05 -1.608866301E-20
57 3.52549639E-05 1.762748195E-05
57.2 3.87979684E-05 4.408860045E-05
57.4 4.234417344E-05 1.76434056E-05
57.6 4.236330773E-05 2.647706733E-05
57.8 4.238245931E-05 1.765935805E-05
58 4.240162822E-05 -1.766734509E-05
58.2 3.888574661E-05 -8.837669683E-06
58.4 3.536668176E-05 8.841670439E-06
58.6 3.184442935E-05 2.653702446E-05
58.8 2.831898505E-05 8.849682827E-06
59 2.479034451E-05 8.85369447E-06
59.2 2.12585034E-05 2.657312925E-05
59.4 2.481284029E-05 3.54469147E-05
59.6 2.1277803E-05 1.77315025E-05
59.8 1.773955495E-05 4.434888738E-05
60 1.064856883E-05 7.099045888E-05
60.2 1.065340909E-05 7.102272727E-05
60.4 1.4211005E-05 7.993690314E-05
60.6 1.421747043E-05 8.885919017E-06
60.8 1.777992717E-05 8.889963587E-06
61 2.134562842E-05 7.115209472E-05
61.2 2.135535308E-05 3.559225513E-05
61.4 2.492593437E-05 2.670635825E-05
61.6 2.49373005E-05 4.453089375E-05
61.8 2.494867701E-05 8.910241788E-05
62 2.49600639E-05 6.240015974E-05
62.2 2.497146119E-05 -8.918378995E-06
62.4 2.855185016E-05 8.922453175E-06
62.6 2.856489945E-05 2.677959324E-05
62.8 2.500571559E-05 8.930612711E-06
63 2.501715462E-05 2.680409424E-05
63.2 2.502860412E-05 7.151029748E-05
63.4 2.50400641E-05 8.942880037E-05
63.6 2.505153459E-05 0.0001073637197
63.8 2.506301558E-05 8.951076994E-05
64 2.507450711E-05 3.582072444E-05
64.2 2.508600917E-05 6.271502294E-05
64.4 2.50975218E-05 8.963400642E-05
64.6 2.5109045E-05 3.587006428E-05
64.8 2.512057878E-05 8.971635278E-06
65 2.513212316E-05 8.078182445E-05
65.2 2.514367816E-05 8.081896552E-05
65.4 2.515524379E-05 1.796803128E-05
65.6 2.516682006E-05 -8.988150023E-06
65.8 2.5178407E-05 1.798457643E-05
66 2.519000461E-05 4.498215108E-05
66.2 2.52016129E-05 9.000576037E-06
66.4 2.52132319E-05 -9.00472568E-06
66.6 2.162130996E-05 2.711252571E-21
66.8 1.802607291E-05 -1.802607291E-05
67 1.442751616E-05 2.70515928E-05
67.2 1.08256351E-05 5.412817552E-05
67.4 7.220425139E-06 3.610212569E-05
67.6 1.083564494E-05 4.514852057E-05
67.8 7.227104533E-06 2.7101642E-05
68 7.230448866E-06 8.134254975E-05
68.2 7.233796296E-06 3.616898148E-05
68.4 7.237146827E-06 -3.618573414E-05
68.6 7.240500463E-06 -5.430375348E-05
68.8 3.621928605E-06 -3.621928605E-05
69 3.623608534E-06 -1.28122127E-20
69.2 3.625290023E-06 -9.063225058E-06
69.4 3.626973073E-06 2.720229805E-05
69.6 3.628657687E-06 4.535822109E-05
69.8 3.630343866E-06 -1.815171933E-05
70 3.632031613E-06 -8.17207113E-05
70.2 3.63372093E-06 -8.175872093E-05
70.4 3.635411819E-06 9.088529549E-06
70.6 3.637104283E-06 8.183484637E-05
70.8 3.638798323E-06 1.819399162E-05
71 3.640493942E-06 9.101234856E-06
71.2 7.284382284E-06 7.284382284E-05
71.4 1.093166978E-05 8.198752332E-05
71.6 1.822795147E-05 2.73419272E-05
71.8 1.823646125E-05 9.118230626E-06
72 2.189397478E-05 2.736746847E-05
72.2 2.555490654E-05 1.825350467E-05
72.4 2.921926134E-05 5.478611501E-05
72.6 2.923292797E-05 3.654115996E-05
72.8 3.655825924E-05 -2.109485585E-21
73 3.657537453E-05 9.143843633E-06
73.2 4.025175644E-05 -2.744437939E-05
73.4 4.393158388E-05 -2.745723993E-05
73.6 4.76148617E-05 -1.831340835E-05
73.8 5.8630394E-05 -2.748299719E-05
74 6.232402628E-05 -9.165297982E-06
74.2 6.602112676E-05 1.131586763E-20
74.4 6.972170033E-05 -1.834781588E-05
74.6 7.342575188E-05 -4.589109492E-05
74.8 7.713328632E-05 -2.754760226E-05
75 8.084430856E-05 9.186853246E-06
75.2 8.455882353E-05 -9.191176471E-06
75.4 8.827683616E-05 -2.75865113E-05
75.6 9.199835139E-05 2.458574898E-21
75.8 9.572337418E-05 -9.204170594E-06
76 9.945190948E-05 -6.445957096E-05
76.2 9.949882075E-05 -7.370283019E-05
76.4 9.585889571E-05 -2.765160453E-05
76.6 9.95927762E-05 -1.84431067E-05
76.8 9.96398205E-05 -4.612954653E-05
77 9.968690926E-05 2.769080813E-05
77.2 9.604018913E-05 6.464243499E-05
77.4 9.239001892E-05 9.239001892E-06
77.6 8.873639375E-05 -3.631735447E-21
77.8 8.507930871E-05 -3.699100379E-05
78 8.141875888E-05 -1.850426338E-05
78.2 8.145734597E-05 2.776954976E-05
78.4 7.77916074E-05 9.260905642E-06
78.6 7.782851044E-05 -1.853059772E-05
78.8 7.78654485E-05 -2.780908875E-05
79 7.790242165E-05 9.274097816E-06
79.2 7.793942993E-05 9.278503563E-06
79.4 7.797647338E-05 9.282913498E-06
79.6 8.172848312E-05 3.714931051E-05
79.8 8.176736441E-05 1.858349191E-05
80 8.552475012E-05 1.859233698E-05
80.2 8.18452381E-05 2.790178571E-05
80.4 8.188423059E-05 -9.305026203E-06
80.6 8.192326025E-05 -5.585676835E-05
80.8 8.568788746E-05 -9.313900811E-06
81 8.20014313E-05 8.326126524E-21
81.2 7.45823389E-05 -3.729116945E-05
81.4 6.715616046E-05 -9.327244508E-06
81.6 5.972288581E-05 3.732680363E-05
81.8 5.228250478E-05 1.867232314E-05
82 4.483500717E-05 -1.868125299E-05
82.2 3.738038278E-05 1.195024708E-20
82.4 2.991862135E-05 -1.869913834E-05
82.6 2.619133142E-05 -9.354046935E-06
82.8 1.871705798E-05 2.232628332E-21
83 1.123561841E-05 -3.745206136E-05
83.2 7.494004796E-06 -2.810251799E-05
83.4 7.497600768E-06 -2.811600288E-05
83.6 1.125180029E-05 -2.812950072E-05
83.8 7.504803074E-06 9.381003842E-06
84 3.754204709E-06 -2.815653532E-05
84.2 0 -9.390024038E-06
84.4 0 2.818362193E-05
84.6 0 3.759624639E-05
84.8 0 9.403586904E-06
85 0 -6.585681599E-05
85.2 3.765060241E-06 -5.647590361E-05
85.4 7.533751205E-06 -5.650313404E-05
85.6 1.130607815E-05 -6.595212253E-05
85.8 1.508204633E-05 -4.713139479E-05
86 1.886166103E-05 -3.772332207E-05
86.2 1.887077295E-05 -1.887077295E-05
86.4 1.887989367E-05 -2.83198405E-05
86.6 1.888902321E-05 -3.777804642E-05
86.8 1.889816159E-05 -5.669448476E-05
87 1.890730881E-05 -6.617558083E-05
87.2 1.891646489E-05 -7.566585956E-05
87.4 1.892562984E-05 -0.0001135537791
87.6 1.893480368E-05 -9.467401842E-05
87.8 1.894398642E-05 -4.735996605E-05
88 1.895317807E-05 -4.738294517E-05
88.2 1.896237864E-05 -6.636832524E-05
88.4 1.897158815E-05 -7.58863526E-05
88.6 1.898080661E-05 -9.490403304E-05
88.8 1.899003403E-05 -0.0001044451872
89 1.899927043E-05 -9.499635214E-05
89.2 1.900851582E-05 -6.652980535E-05
89.4 1.90177702E-05 -6.656219572E-05
89.6 1.902703361E-05 -6.659461763E-05
89.8 1.903630604E-05 -3.807261209E-05
90 1.904558752E-05 9.522793759E-06
90.2 1.905487805E-05 2.858231707E-05
90.4 1.906417765E-05 1.68726253E-20
90.6 1.525878906E-05 -1.907348633E-05
90.8 1.144968246E-05 -9.541402052E-06
91 7.636852395E-06 2.362820799E-20
91.2 3.820293399E-06 -9.550733496E-06
91.4 0 -1.911081213E-05
91.6 0 2.868024963E-05
91.8 3.825905975E-06 3.825905975E-05
92 3.8277805E-06 -2.113869855E-20
92.2 3.829656863E-06 -1.863801693E-20
92.4 3.831535066E-06 -4.203656614E-21
92.6 3.833415113E-06 5.365809009E-21
92.8 0 9.588242514E-06
93 0 9.592951866E-06
93.2 0 -3.839066339E-05
93.4 3.840953786E-06 -3.840953786E-05
93.6 7.685686178E-06 1.921421545E-05
93.8 1.153420276E-05 -5.271964944E-21
94 1.538650911E-05 -1.923313639E-05
94.2 1.15455665E-05 -1.924261084E-05
94.4 1.155125678E-05 -2.887814194E-05
94.6 1.155695266E-05 -9.630793886E-06
94.8 7.708436112E-06 9.635545141E-06
95 7.712240869E-06 -1.145564847E-20
95.2 3.858024691E-06 1.929012346E-05
95.4 3.85993083E-06 1.929965415E-05
95.6 7.723677706E-06 3.390584483E-20
95.8 1.159124629E-05 -2.897811573E-05
96 1.159698169E-05 9.66415141E-06
96.2 7.735148515E-06 9.668935644E-05
96.4 3.869489846E-06 6.771607231E-05
96.6 0 2.9035555E-05
96.8 0 9.683316807E-06
97 0 9.68812004E-06
97.2 0 4.84646402E-05
97.4 0 5.818644489E-05
97.6 0 1.940511674E-05
97.8 0 -4.853690358E-05
98 0 -5.827324714E-05
98.2 3.88681592E-06 2.91511194E-05
98.4 7.777501244E-06 3.888750622E-05
98.6 1.167206175E-05 2.918015438E-05
98.8 1.167787743E-05 -4.865782262E-05
99 1.55782652E-05 -9.736415753E-05
99.2 1.948254364E-05 -9.74127182E-06
99.4 2.339071856E-05 -9.746132735E-06
99.6 3.120319521E-05 1.9501997E-05
99.8 3.121878122E-05 9.755869131E-06
100 3.513868066E-05 -2.928223388E-05
100.2 3.125E-05 -9.765625E-06
100.4 3.126563282E-05 -1.954102051E-05
100.6 2.737112112E-05 9.7754004E-06
100.8 2.347270906E-05 2.934088633E-05
101 2.739854709E-05 -1.851497135E-20
101.2 3.13283208E-05 -4.895050125E-05
101.4 3.526203611E-05 -6.856507021E-05
101.6 3.919969895E-05 -6.859947316E-05
101.8 4.314131526E-05 -3.921937751E-05
102 5.101079859E-05 2.942930688E-05
102.2 5.888819095E-05 3.925879397E-05
102.4 6.677350427E-05 5.028901015E-21
102.6 7.073692153E-05 -9.824572435E-06
102.8 7.863613488E-05 3.931806744E-05
103 7.867573011E-05 9.834466264E-06
103.2 7.477959698E-05 -2.951826196E-05
103.4 6.694178427E-05 3.212175559E-21
103.6 7.485501765E-05 -2.954803328E-05
103.8 7.88345106E-05 -3.94172553E-05
104 7.887430591E-05 -9.859288238E-06
104.2 7.891414141E-05 9.864267677E-06
104.4 8.290171804E-05 1.97385043E-05
104.6 8.294362993E-05 -2.101271328E-20
104.8 7.903388973E-05 9.879236216E-06
105 7.512019231E-05 3.953694332E-05
105.2 7.120253165E-05 -3.004063269E-21
105.4 7.123860182E-05 -1.978850051E-05
105.6 7.52344146E-05 -9.899265079E-06
105.8 7.923427992E-05 -4.065799726E-20
106 8.323820396E-05 3.963723998E-05
106.2 8.328045685E-05 1.98286802E-05
106.4 8.729050279E-05 -3.967750127E-05
106.6 9.130462398E-05 9.92441565E-06
106.8 8.737925775E-05 5.957676665E-05
107 8.742370295E-05 4.967255849E-05
107.2 8.349236641E-05 9.93956743E-06
107.4 9.149058045E-05 -1.988925662E-05
107.6 9.153718798E-05 -9.949694345E-06
107.8 9.954765545E-05 1.990953109E-05
108 9.561448241E-05 4.979920959E-05
108.2 8.769132653E-05 5.978954082E-05
108.4 7.976008167E-05 4.985005105E-05
108.6 7.58107763E-05 9.975102145E-06
108.8 7.185743485E-05 1.996039857E-05
109 6.390593047E-05 5.332830345E-21
109.2 5.994245524E-05 9.990409207E-06
109.4 5.597492323E-05 9.995522006E-06
109.6 5.200332821E-05 -3.000192012E-05
109.8 4.402535861E-05 1.000576332E-05
110 3.203485392E-05 -2.00217837E-05
110.2 2.804487179E-05 -7.011217949E-05
110.4 2.805926116E-05 -1.00211647E-05
110.6 3.208418891E-05 3.00789271E-05
110.8 2.006291731E-05 -3.009437596E-05
111 1.605858171E-05 -5.018306783E-05
111.2 8.033419023E-06 -3.012532134E-05
111.4 1.205632716E-05 2.00938786E-05
111.6 8.041688111E-06 2.010422028E-05
111.8 1.206874356E-05 -5.028643151E-05
112 2.01249356E-05 2.01249356E-05
112.2 2.416237113E-05 3.020296392E-05
112.4 3.223310985E-05 -4.029138731E-05
112.6 4.434339525E-05 -2.015608875E-05
112.8 5.646618482E-05 1.008324729E-05
113 5.649535124E-05 -4.035382231E-05
113.2 6.45994832E-05 -5.046834625E-05
113.4 6.463288521E-05 -1.009888831E-05
113.6 6.062467667E-05 -3.031233833E-05
113.8 6.469979296E-05 -1.010934265E-05
114 6.068746763E-05 2.022915588E-05
114.2 5.667098446E-05 1.011981865E-05
114.4 5.265033696E-05 -1.01250648E-05
114.6 4.862551867E-05 -4.052126556E-05
114.8 4.054229372E-05 -3.040672029E-05
115 3.650700935E-05 -3.042250779E-05
115.2 2.840909091E-05 -1.01461039E-05
115.4 2.842385655E-05 3.045413202E-05
115.6 3.250130005E-05 2.031331253E-05
115.8 3.25182102E-05 -1.016194069E-05
116 2.846824571E-05 -2.033446122E-05
116.2 2.44140625E-05 -1.017252604E-05
116.4 2.442678478E-05 -2.035565399E-05
116.6 2.036626694E-05 5.011189999E-21
116.8 1.630151278E-05 4.075378195E-05
117 1.631002088E-05 2.03875261E-05
117.2 1.631853786E-05 1.071062942E-20
117.4 2.449059561E-05 -1.440696877E-20
117.6 2.45033978E-05 2.041949817E-05
117.8 2.451621339E-05 1.021508891E-05
118 1.635269492E-05 1.022043433E-05
118.2 1.227094241E-05 3.067735602E-05
118.4 1.227737035E-05 -2.046228392E-05
118.6 1.228380503E-05 -5.118252096E-05
118.8 1.229024646E-05 -2.04837441E-05
119 2.049449108E-05 1.024724554E-05
119.2 2.050524934E-05 -2.050524934E-05
119.4 2.461922269E-05 1.025800945E-05
119.6 2.873751971E-05 3.079019968E-05
119.8 4.518270242E-05 1.0268796E-05
120 5.753550763E-05 -3.082259337E-05
120.2 6.167763158E-05 -9.251644737E-05
120.4 6.993812533E-05 7.447783972E-21
120.6 7.82073235E-05 -1.02904373E-05
120.8 8.23668951E-05 -5.147930944E-05
121 9.065137131E-05 -4.120516878E-05
121.2 9.482189974E-05 -1.030672823E-05
121.4 9.89968321E-05 4.124868004E-05
121.6 0.0001031761754 1.329331336E-20
121.8 0.0001032307082 -4.12922833E-05
122 0.0001032852988 -4.131411951E-05
122.2 0.0001033399471 3.374741492E-21
122.4 9.925886713E-05 4.13578613E-05
122.6 9.517346398E-05 9.310447564E-05
122.8 9.522390037E-05 9.315381558E-05
123 9.113202545E-05 4.142364793E-05
123.2 9.946949602E-05 2.072281167E-05
123.4 9.952229299E-05 1.036690552E-05
123.6 9.957514604E-05 3.837456521E-21
123.8 9.132571732E-05 1.037792242E-05
124 8.306751728E-05 1.038343966E-05
124.2 8.311170213E-05 4.155585106E-05
124.4 8.315593401E-05 1.528399433E-20
124.6 8.320021299E-05 -5.200013312E-05
124.8 8.324453916E-05 2.081113479E-05
125 7.912446695E-05 1.041111407E-05
125.2 7.916666667E-05 -1.041666667E-05
125.4 8.337780149E-05 -3.585828201E-20
125.6 8.342231714E-05 -1.042778964E-05
125.8 8.346688034E-05 -2.168890741E-20
126 7.933591662E-05 2.08778728E-05
126.2 8.355614973E-05 3.133355615E-05
126.4 7.942081327E-05 4.180042804E-05
126.6 7.946332976E-05 2.091140257E-05
126.8 7.950589181E-05 -2.092260311E-05
127 8.373526259E-05 -1.046690782E-05
127.2 8.79691689E-05 -2.094504021E-05
127.4 8.801636266E-05 2.095627682E-05
127.6 8.806360709E-05 4.193505099E-05
127.8 8.811090226E-05 -5.244696563E-05
128 8.815824825E-05 -9.445526599E-05
128.2 9.240591398E-05 -6.300403226E-05
128.4 9.665814954E-05 -6.303792361E-05
128.6 0.0001009149623 -1.051197524E-05
128.8 0.0001051763597 6.310581583E-05
129 0.000105233028 5.261651401E-05
129.2 0.0001010781671 2.105795148E-05
129.4 0.000105346548 -1.05346548E-05
129.6 0.0001054033999 1.160088963E-20
129.8 0.0001054603132 1.054603132E-05
130 0.0001097379795 1.05517288E-05
130.2 0.0001140202703 4.222972973E-05
130.4 0.00012253245 -1.502853472E-20
130.6 0.0001268262987 1.512076447E-20
130.8 0.000131124797 9.517122361E-05
131 0.0001311958288 5.290154388E-05
131.2 0.000135501355 -1.286600261E-20
131.4 0.0001440482646 2.118356833E-05
131.6 0.0001526044493 3.17925936E-05
131.8 0.0001526872964 3.180985342E-05
132 0.0001655010864 4.243617599E-05
132.2 0.0001698369565 4.245923913E-05
132.4 0.0001826740076 3.186174551E-05
132.6 0.0001912744831 5.313180087E-05
132.8 0.0001998843223 1.06321448E-05
133 0.0002170138889 3.191380719E-05
133.2 0.0002171321526 5.321866485E-05
133.4 0.0002257701745 -3.847149378E-20
133.6 0.0002258933442 1.065534643E-05
133.8 0.0002260166485 5.330581332E-05
134 0.0002176064992 4.266794102E-05
134.2 0.0002134562842 9.516569023E-21
134.4 0.0002135729907 2.135729907E-05
134.6 0.0002179636214 1.068449125E-05
134.8 0.0002266351943 2.138067871E-05
135 0.0002310377875 1.069619387E-05
135.2 0.0002268835616 -1.070205479E-05
135.4 0.0002270079496 3.212376645E-05
135.6 0.0002185614372 3.214138782E-05
135.8 0.0002101056531 -3.215902854E-05
136 0.0002145112576 -5.362781439E-05
136.2 0.0002189217033 -3.219436813E-05
136.4 0.0002319268829 -1.073735569E-05
136.6 0.0002277571507 -1.074326183E-05
136.8 0.0002106838195 -2.149834893E-05
137 0.0002107998348 -1.075509361E-05
137.2 0.0002066115702 -1.390504952E-20
137.4 0.000202418688 5.383475744E-05
137.6 0.0001939120243 3.231867071E-05
137.8 0.0001853959713 -2.155767108E-05
138 0.0001811844285 5.392393705E-05
138.2 0.000176968232 5.395372928E-05
138.4 0.0001727473742 -1.079671089E-05
138.6 0.0001685218473 -3.240804757E-05
138.8 0.0001686151079 -1.080866076E-05
139 0.0001643826135 1.081464563E-05
139.2 0.0001558171745 -4.900688064E-21
139.4 0.0001515728936 4.330654102E-05
139.6 0.0001473239046 3.249792013E-05
139.8 0.0001430701998 -1.08386515E-05
140 0.0001431496391 -3.253400888E-05
140.2 0.0001432291667 -1.085069444E-05
140.4 0.0001433087827 4.342690384E-05
140.6 0.0001433884872 1.086276418E-05
140.8 0.0001434682805 2.173761825E-05
141 0.0001435481626 1.08748608E-05
141.2 0.0001436281337 -2.176183844E-05
141.4 0.0001480629877 3.266095318E-05
141.6 0.0001525027886 3.267916899E-05
141.8 0.0001525878906 2.179827009E-05
142 0.0001483109994 -1.090522055E-05
142.2 0.0001527583799 1.091131285E-05
142.4 0.000161577697 1.091741196E-05
142.6 0.0001616680649 -3.277055369E-05
142.8 0.0001661303861 -2.185926133E-05
143 0.0001793463046 1.093575028E-05
143.2 0.0001794467787 -2.18837535E-05
143.4 0.0001795473655 -2.189602018E-05
143.6 0.0001752664049 -2.190830062E-05
143.8 0.0001753647587 -4.384118967E-05
144 0.0001754632229 3.28993543E-05
144.2 0.0001711727528 3.291783708E-05
144.4 0.0001668774592 -1.097878021E-05
144.6 0.0001625773341 -1.098495501E-05
144.8 0.0001582723692 7.693795723E-05
145 0.0001583614865 5.498662725E-05
145.2 0.0001628521127 -5.501760563E-05
145.4 0.0001673478016 -4.403889515E-05
145.6 0.0001718485618 -1.101593345E-05
145.8 0.0001763544018 1.102215011E-05
146 0.0001764539808 6.61702428E-05
146.2 0.0001721398305 2.206920904E-05
146.4 0.0001722371396 -4.416336914E-05
146.6 0.0001723345588 -1.212450223E-20
146.8 0.0001680107527 1.105333899E-05
147 0.0001636820498 -1.105959796E-05
147.2 0.0001637747875 1.106586402E-05
147.4 0.0001594387755 6.643282313E-05
147.6 0.0001550978446 1.107841747E-05
147.8 0.0001596197503 -2.216940976E-05
148 0.0001641467916 1.24877919E-20
148.2 0.0001686789773 1.109730114E-05
148.4 0.0001687748721 1.110361001E-05
148.6 0.000168870876 3.332977816E-05
148.8 0.0001778599886 7.781374502E-05
149 0.0001779612756 1.112257973E-05
149.2 0.000182514245 -2.225783476E-05
149.4 0.0001870724059 2.227052452E-05
149.6 0.0001871791215 8.9132915E-05
149.8 0.0001783675799 0.0001672196062
150 0.0001740077099 0.0001450064249
150.2 0.0001696428571 4.464285714E-05
150.4 0.0001652730132 2.233419097E-05
150.6 0.0001698369565 1.117348398E-05
150.8 0.0001744061248 -2.235975959E-05
151 0.0001745060137 -3.35588488E-05
151.2 0.0001701289398 -1.469369848E-20
151.4 0.0001657468463 6.686005405E-21
151.6 0.0001613597246 -4.482214573E-05
151.8 0.0001524827784 -2.2423938E-05
152 0.0001480829983 -1.121840896E-05
152.2 0.0001436781609 -1.122485632E-05
152.4 0.0001392682576 -1.12313111E-05
152.6 0.0001303581703 -1.806854551E-20
152.8 0.0001214378238 -3.373272884E-05
153 0.0001170074885 -4.500288018E-05
153.2 0.0001080691643 -3.377161383E-05
153.4 9.912053057E-05 -6.758217993E-05
153.6 9.466964801E-05 -2.254039238E-05
153.8 8.570294457E-05 -1.127670323E-05
154 7.672588099E-05 -5.641608897E-05
154.2 7.225433526E-05 -7.902817919E-05
154.4 7.229612493E-05 -7.907388664E-05
154.6 7.233796296E-05 -2.260561343E-05
154.8 7.237984945E-05 1.130935148E-05
155 6.789542294E-05 -2.263180765E-05
155.2 5.887681159E-05 -4.528985507E-05
155.4 4.984773782E-05 -3.398709397E-05
155.6 4.5342426E-05 -1.13356065E-05
155.8 4.536875726E-05 -4.536875726E-05
156 4.993463103E-05 -5.67438989E-05
156.2 4.087936047E-05 -1.135537791E-05
156.4 4.090314136E-05 -1.136198371E-05
156.6 3.637951106E-05 -1.136859721E-05
156.8 3.185061153E-05 -2.275043681E-05
157 2.731643357E-05 -6.829108392E-05
157.2 2.277696793E-05 -4.555393586E-05
157.4 1.823220537E-05 -1.139512835E-05
157.6 1.82428488E-05 -1.411992044E-20
157.8 1.825350467E-05 2.281688084E-05
158 2.283021625E-05 1.141510812E-05
158.2 2.284356725E-05 -1.63240924E-20
158.4 2.285693388E-05 -2.285693388E-05
158.6 2.287031616E-05 1.897951324E-20
158.8 1.830697129E-05 2.288371412E-05
159 1.373827667E-05 -1.144856389E-05
159.2 4.582111437E-06 -3.436583578E-05
159.4 4.584800469E-06 -1.146200117E-05
159.6 4.58749266E-06 3.440619495E-05
159.8 4.590188014E-06 2.295094007E-05
160 0 2.296443269E-05
160.2 0 2.297794118E-05
160.4 0 3.448719835E-05
160.6 0 2.300500589E-05
160.8 0 1.150928108E-05
161 0 3.454820165E-05
161.2 0 2.304572271E-05
161.4 4.611865407E-06 -2.305932704E-05
161.6 4.614589486E-06 -3.460942115E-05
161.8 4.617316785E-06 -3.462987589E-05
162 4.620047309E-06 -3.465035482E-05
162.2 4.622781065E-06 4.779599392E-21
162.4 4.625518058E-06 -1.156379515E-05
162.6 4.628258294E-06 -3.47119372E-05
162.8 4.631001778E-06 -1.157750445E-05
163 4.633748517E-06 1.158437129E-05
163.2 9.272997033E-06 2.168608738E-20
163.4 9.278503563E-06 -2.319625891E-05
163.6 1.392602496E-05 -6.963012478E-05
163.8 1.857907253E-05 -4.644768133E-05
164 2.323765616E-05 -2.323765616E-05
164.2 2.790178571E-05 -1.162574405E-05
164.4 2.791840381E-05 2.756842874E-20
164.6 2.793504172E-05 -2.327920143E-05
164.8 2.795169946E-05 -2.329308289E-05
165 2.796837709E-05 2.330698091E-05
165.2 2.798507463E-05 4.664179104E-05
165.4 2.333482676E-05 7.000448029E-05
165.6 2.801852959E-05 7.004632397E-05
165.8 3.270783493E-05 2.336273923E-05
166 3.740275284E-05 -1.168836026E-05
166.2 4.210329341E-05 7.843634758E-21
166.4 4.212852007E-05 2.340473337E-05
166.6 4.215377698E-05 2.341876499E-05
166.8 3.280593881E-05 2.343281344E-05
167 2.344687875E-05 2.344687875E-05
167.2 1.407657658E-05 1.46312224E-20
167.4 4.695012019E-06 1.386949832E-20
167.6 0 4.697835238E-05
167.8 0 1.175165463E-05
168 0 -1.175872968E-05
168.2 0 4.706325301E-05
168.4 0 3.531871609E-05
168.6 0 -2.298333609E-20
168.8 0 -1.178711527E-05
169 4.717693237E-06 -1.179423309E-05
169.2 4.720543807E-06 1.180135952E-05
169.4 4.723397823E-06 1.180849456E-05
169.6 4.726255293E-06 1.181563823E-05
169.8 9.458232446E-06 3.546837167E-05
170 9.463961236E-06 4.731980618E-05
170.2 1.420454545E-05 1.183712121E-05
170.4 1.421315949E-05 -2.368859915E-05
170.6 1.896237864E-05 1.185148665E-05
170.8 1.897389192E-05 3.557604736E-05
171 1.89854192E-05 -2.3731774E-05
171.2 1.899696049E-05 -5.936550152E-05
171.4 1.900851582E-05 -5.940161192E-05
171.6 1.902008521E-05 -5.943776628E-05
171.8 2.378958587E-05 -2.378958587E-05
172 2.380408288E-05 -5.951020719E-05
172.2 2.381859756E-05 -7.145579268E-05
172.4 2.383312996E-05 -2.383312996E-05
172.6 2.38476801E-05 -3.577152015E-05
172.8 1.908979841E-05 -4.772449603E-05
173 2.387683374E-05 -2.387683374E-05
173.2 2.389143731E-05 -2.389143731E-05
173.4 1.9124847E-05 -2.390605875E-05
173.6 1.913655848E-05 -4.78413962E-05
173.8 1.914828431E-05 -8.377374387E-05
174 1.437001839E-05 -2.395003066E-05
174.2 9.585889571E-06 -1.198236196E-05
174.4 4.795887047E-06 -3.596915285E-05
174.6 0 -1.199708231E-05
174.8 0 -8.470463691E-21
175 0 -2.058221127E-20
175.2 4.807692308E-06 -1.201923077E-05
175.4 4.810652709E-06 1.103004501E-20
175.6 4.813616759E-06 3.610212569E-05
175.8 4.816584464E-06 1.204146116E-05
176 4.81955583E-06 -3.614666872E-05
176.2 4.822530864E-06 -2.411265432E-05
176.4 4.825509574E-06 1.206377393E-05
176.6 4.828491965E-06 3.621368974E-05
176.8 4.831478046E-06 1.207869511E-05
177 4.834467822E-06 -1.208616955E-05
177.2 4.8374613E-06 6.046826625E-05
177.4 4.840458488E-06 6.05057311E-05
177.6 0 -1.210864848E-05
177.8 4.84646402E-06 2.42323201E-05
178 4.849472377E-06 3.637104283E-05
178.2 4.852484472E-06 -1.213121118E-05
178.4 4.855500311E-06 2.713089515E-20
178.6 0 -1.214629975E-05
178.8 0 1.215385812E-05
179 0 1.21614259E-05
179.2 4.867601246E-06 1.152237638E-20
179.4 1.461190773E-05 3.652976933E-05
179.6 2.43683718E-05 2.43683718E-05
179.8 3.413701623E-05 1.219179151E-05
180 4.391786384E-05 -1.219940662E-05
180.2 5.859375E-05 1.220703125E-05
180.4 5.8630394E-05 1.221466542E-05
180.6 5.866708385E-05 7.301424344E-21
180.8 6.359580463E-05 1.222996243E-05
181 5.87406015E-05 1.223762531E-05
181.2 5.877742947E-05 3.673589342E-05
181.4 5.391311167E-05 2.450595985E-05
181.6 5.394695543E-05 2.452134338E-05
181.8 5.398084171E-05 9.376526029E-21
182 4.91043369E-05 -2.455216845E-05
182.2 4.913522013E-05 2.456761006E-05
182.4 4.424952801E-05 2.458307111E-05
182.6 3.443797229E-05 -2.459855164E-05
182.8 3.445967234E-05 -1.37407435E-20
183 3.9407314E-05 4.92591425E-05
183.2 4.436119874E-05 1.232255521E-05
183.4 4.932133838E-05 -6.165167298E-05
183.6 4.935249526E-05 -3.701437145E-05
183.8 4.938369153E-05 -1.234592288E-05
184 4.447343454E-05 -3.706119545E-05
184.2 3.955696203E-05 -2.472310127E-05
184.4 3.463426219E-05 -2.473875871E-05
184.6 2.970532319E-05 -2.475443599E-05
184.8 2.97241598E-05 -4.954026633E-05
185 2.97430203E-05 -6.196462563E-05
185.2 2.48015873E-05 -2.48015873E-05
185.4 2.481734435E-05 -2.414471548E-20
185.6 1.986649714E-05 7.514462538E-21
185.8 1.490935115E-05 -2.484891858E-05
186 4.972947167E-06 -2.486473584E-05
186.2 4.97611465E-06 -3.732085987E-05
186.4 0 -3.734464627E-05
186.6 0 -3.736846301E-05
186.8 0 -3.739231015E-05
187 0 -1.993500765E-20
187.2 0 -1.248003195E-05
187.4 0 -2.497602302E-05
187.6 0 -2.499200256E-05
187.8 5.001600512E-06 2.500800256E-05
188 1.000960922E-05 3.753603459E-05
188.2 1.502403846E-05 2.50400641E-05
188.4 1.503367543E-05 1.252806286E-05
188.6 1.504332478E-05 1.253610398E-05
188.8 1.505298651E-05 3.763246628E-05
189 1.506266067E-05 -6.276569301E-21
189.2 2.009646302E-05 -2.512057878E-05
189.4 2.010939511E-05 -1.256837194E-05
189.6 2.012234385E-05 -1.257646491E-05
189.8 2.013530928E-05 -3.77537049E-05
190 2.014829142E-05 -1.259268214E-05
190.2 2.016129032E-05 1.260080645E-05
190.4 2.0174306E-05 -1.670666891E-20
190.6 1.514050388E-05 -1.913849727E-20
190.8 1.010019392E-05 -7.114875881E-20
191 5.053363519E-06 -2.765751371E-20
191.2 0 -2.528317152E-05
191.4 0 -3.794931995E-05
191.6 0 -1.265797148E-05
191.8 0 -5.185710585E-20
192 0 -2.534879948E-05
192.2 0 1.268262987E-05
192.4 0 6.345435348E-05
192.6 0 1.269912224E-05
192.8 0 -5.082953806E-05
193 0 4.009291855E-20
193.2 0 3.81718241E-05
193.4 0 1.273223598E-05
193.6 0 2.548108284E-05
193.8 0 3.824657311E-05
194 0 5.102873939E-05
194.2 0 2.553104575E-05
194.4 0 1.387202088E-20
194.6 5.11289267E-06 4.641933072E-20
194.8 5.116240995E-06 1.279060249E-05
195 5.119593709E-06 -1.914633016E-20
195.2 5.12295082E-06 2.56147541E-05
195.4 5.126312336E-06 2.563156168E-05
195.6 5.129678267E-06 -9.99002958E-21
195.8 5.13304862E-06 5.094819722E-21
196 5.136423406E-06 2.568211703E-05
196.2 0 5.139802632E-05
196.4 0 -1.285796577E-05
196.6 5.14657444E-06 -2.57328722E-05
196.8 5.14996704E-06 5.005708994E-20
197 5.153364116E-06 2.576682058E-05
197.2 0 5.156765677E-05
197.4 0 2.580085865E-05
197.6 0 -1.290895572E-05
197.8 0 3.612963564E-20
198 5.170416942E-06 1.292604236E-05
198.2 5.17384106E-06 -2.58692053E-05
198.4 5.177269715E-06 -2.588634858E-05
198.6 5.180702918E-06 -1.295175729E-05
198.8 5.184140677E-06 -1.296035169E-05
199 5.187583001E-06 -2.593791501E-05
199.2 5.1910299E-06 -1.297757475E-05
199.4 5.194481383E-06 2.597240691E-05
199.6 5.197937458E-06 -1.299484365E-05
199.8 5.201398136E-06 -5.201398136E-05
200 5.204863424E-06 -2.602431712E-05
200.2 5.208333333E-06 1.302083333E-05
200.4 0 2.733380884E-20
200.6 5.215287049E-06 -1.303821762E-05
200.8 0 -1.304692719E-05
201 0 -3.916694519E-05
201.2 0 -5.225752508E-05
201.4 0 -5.229250335E-05
201.6 0 -2.616376423E-05
201.8 0 -2.616550611E-20
202 0 -1.309942991E-05
202.2 0 -1.310822148E-05
202.4 0 -2.986361299E-20
202.6 0 -1.591145378E-20
202.8 0 1.313466711E-05
203 0 -3.184100772E-20
203.2 0 -1.31523569E-05
203.4 0 -1.316121968E-05
203.6 0 -1.31700944E-05
203.8 0 -7.860094185E-20
204 0 -4.078085308E-20
204.2 0 -1.319679054E-05
204.4 0 -1.320571332E-05
204.6 0 -1.211054172E-19
204.8 0 -1.322359513E-05
205 0 -1.32325542E-05
205.2 0 5.90393455E-20
205.4 0 1.325050882E-05
205.6 0 1.325950441E-05
205.8 0 4.495985216E-20
206 0 -1.327753229E-05
206.2 0 2.04110961E-20
206.4 0 -3.352326794E-21
206.6 0 1.013988011E-21
206.8 0 2.662747103E-05
207 0 2.664563438E-05
207.2 0 1.333191126E-05
207.4 0 1.334101776E-05
207.6 0 2.670027341E-05
207.8 0 2.671853625E-05
208 0 4.010523614E-05
208.2 0 2.675513699E-05
208.4 0 1.338673749E-05
208.6 0 2.679183813E-05
208.8 0 4.021533974E-05
209 0 4.024296016E-05
209.2 0 2.684707904E-05
209.4 0 4.491287976E-20
209.6 0 -1.344201652E-05
209.8 0 -2.286255041E-20
210 0 4.226523285E-21
210.2 0 2.565681234E-20
210.4 0 8.538492175E-21
210.6 5.395372928E-06 3.215813842E-20
210.8 5.399101589E-06 5.453102588E-20
211 1.080567082E-05 -1.350708852E-05
211.2 1.621972318E-05 -2.703287197E-05
211.4 2.164127424E-05 -1.35257964E-05
211.6 2.707033957E-05 1.353516979E-05
211.8 3.250693481E-05 2.708911234E-05
212 3.795107564E-05 4.066186676E-05
212.2 3.797743056E-05 1.356336806E-05
212.4 3.80038221E-05 1.385333495E-20
212.6 3.803025035E-05 1.358223227E-05
212.8 4.3493389E-05 -2.718336813E-05
213 4.352367688E-05 -4.080344708E-05
213.2 4.355400697E-05 1.361062718E-05
213.4 4.358437936E-05 1.362011855E-05
213.6 4.361479414E-05 -1.362962317E-05
213.8 4.36452514E-05 1.363914106E-05
214 4.367575122E-05 2.729734451E-05
214.2 4.370629371E-05 -2.731643357E-05
214.4 4.373687894E-05 -2.733554934E-05
214.6 4.3767507E-05 -4.103203782E-05
214.8 4.927295025E-05 -5.474772249E-05
215 4.382889201E-05 -2.638990609E-21
215.2 4.385964912E-05 2.74122807E-05
215.4 3.840414326E-05 2.74315309E-05
215.6 3.294096978E-05 2.745080815E-05
215.8 2.197609001E-05 2.747011252E-05
216 1.649366643E-05 -4.123416608E-05
216.2 1.650528169E-05 -5.501760563E-05
216.4 1.101127555E-05 2.516399822E-20
216.6 1.10190409E-05 -2.754760226E-05
216.8 1.102681722E-05 -4.135056457E-05
217 1.103460452E-05 1.039126236E-20
217.2 5.521201413E-06 -1.380300353E-05
217.4 5.525106082E-06 -1.381276521E-05
217.6 5.529016277E-06 2.764508139E-05
217.8 5.532932011E-06 -2.766466006E-05
218 5.536853296E-06 -8.305279943E-05
218.2 5.540780142E-06 -2.770390071E-05
218.4 5.544712562E-06 -1.386178141E-05
218.6 5.548650568E-06 2.774325284E-05
218.8 5.552594172E-06 4.164445629E-05
219 0 2.943438547E-20
219.2 0 1.390124555E-05
219.4 5.564458689E-06 5.564458689E-05
219.6 5.568424804E-06 4.176318603E-05
219.8 5.572396576E-06 -1.393099144E-05
220 5.576374019E-06 -4.182280514E-05
220.2 5.580357143E-06 -1.395089286E-05
220.4 5.584345961E-06 2.792172981E-05
220.6 5.588340486E-06 4.191255365E-05
220.8 5.59234073E-06 1.398085183E-05
221 1.119269341E-05 -1.399086676E-05
221.2 1.120071685E-05 1.400089606E-05
221.4 1.681312769E-05 4.203281923E-05
221.6 2.243359655E-05 1.402099785E-05
221.8 3.367456897E-05 -2.80621408E-05
222 4.493170381E-05 -4.212347232E-05
222.2 5.620503597E-05 -2.810251799E-05
222.4 6.18700504E-05 2.812275018E-05
222.6 7.317182997E-05 5.628602305E-05
222.8 7.885724585E-05 4.224495314E-05
223 7.891414141E-05 1.409181097E-05
223.2 7.897111913E-05 1.410198556E-05
223.4 8.467304913E-05 1.411217486E-05
223.6 9.038322487E-05 2.824475777E-05
223.8 9.610166425E-05 5.653039074E-05
224 0.0001018283852 3.740978428E-20
224.2 0.0001075634058 -1.415307971E-05
224.4 0.0001189720812 5.665337201E-05
224.6 0.000119058418 4.252086357E-05
224.8 0.0001304920116 -9.716751155E-21
225 0.0001362645349 1.419422238E-05
225.2 0.0001420454545 1.420454545E-05
225.4 0.0001478347889 -2.84297671E-05
225.6 0.0001593226511 -5.690094683E-05
225.8 0.0001708272595 1.423560496E-05
226 0.0001652534646 -7.037416631E-21
226.2 0.0001710766423 -1.425638686E-05
226.4 0.0001769083272 2.853360117E-05
226.6 0.000182748538 4.837920021E-20
226.8 0.0001885972933 -1.428767374E-05
227 0.000194454612 -2.859626647E-05
227.2 0.0001945970696 -1.430860806E-05
227.4 0.0001947397361 4.565184766E-20
227.6 0.0002063462949 4.570692329E-20
227.8 0.0002122338473 -1.434012482E-05
228 0.0002123897869 -1.435066128E-05
228.2 0.0002182904412 -1.436121324E-05
228.4 0.0002241997792 -4.311534216E-05
228.6 0.0002301178203 -2.876472754E-05
228.8 0.0002418017686 -1.439296242E-05
229 0.0002535029499 -2.880715339E-05
229.2 0.0002594557196 -2.882841328E-05
229.4 0.0002538774003 -1.442485229E-05
229.6 0.0002598392461 4.668019989E-20
229.8 0.0002542529586 -2.889238166E-05
230 0.0002602239082 -3.466820636E-20
230.2 0.0002488425926 7.233796296E-05
230.4 0.0002374444033 5.791326909E-05
230.6 0.0002260293027 1.448905786E-05
230.8 0.0002087973274 -1.44998144E-05
231 0.0002031482169 -1.451058692E-05
231.2 0.0001916821561 2.904275093E-05
231.4 0.0001801990327 4.359654018E-05
231.6 0.0001745160089 -1.454300074E-05
231.8 0.0001688245156 -1.455383756E-05
232 0.0001689504101 1.456469053E-05
232.2 0.0001690764925 2.91511194E-05
232.4 0.0001633681852 7.293222554E-05
232.6 0.0001576513453 7.298673393E-05
232.8 0.0001460826477 -7.524098395E-22
233 0.000146191991 -4.385759731E-05
233.2 0.0001404494382 -2.926029963E-05
233.4 0.0001405547226 -1.464111694E-05
233.6 0.0001347993248 4.395630158E-05
233.8 0.0001290352853 8.79786036E-05
234 0.0001232625845 7.337058603E-05
234.2 0.000117481203 1.963057189E-20
234.4 0.0001116911211 -5.87848006E-05
234.6 0.0001058923193 -1.470726657E-05
234.8 0.0001059721176 2.943669932E-05
235 0.0001001602564 1.472944947E-05
235.2 9.433962264E-05 1.474056604E-05
235.4 8.851019637E-05 4.425509819E-05
235.6 8.267195767E-05 4.428854875E-05
235.8 7.682488654E-05 2.954803328E-05
236 7.096896291E-05 2.957040121E-05
236.2 6.510416667E-05 4.438920455E-05
236.4 5.923047763E-05 7.403809704E-05
236.6 5.334787557E-05 5.92754173E-05
236.8 4.745634017E-05 2.96602126E-05
237 4.155585106E-05 1.484137538E-05
237.2 3.564638783E-05 -2.970532319E-05
237.4 2.972792998E-05 -4.459189498E-05
237.6 2.380045697E-05 -1.487528561E-05
237.8 1.786394817E-05 2.977324695E-05
238 1.191838291E-05 4.469393593E-05
238.2 5.963740458E-06 1.490935115E-05
238.4 0 -1.492074102E-05
238.6 0 4.479644495E-05
238.8 0 8.966143841E-05
239 0 1.495501531E-05
239.2 0 1.49664751E-05
239.4 0 4.493385736E-05
239.6 5.995778972E-06 7.494723715E-05
239.8 6.000384025E-06 7.500480031E-05
240 6.004996157E-06 2.473108691E-20
240.2 6.009615385E-06 -1.502403846E-05
240.4 6.014241724E-06 -1.503560431E-05
240.6 6.018875193E-06 -4.514156394E-05
240.8 6.023515806E-06 -4.517636854E-05
241 6.02816358E-06 -1.343702405E-21
241.2 6.032818533E-06 1.508204633E-05
241.4 6.03748068E-06 3.01874034E-05
241.6 6.042150039E-06 6.042150039E-05
241.8 6.046826625E-06 1.511706656E-05
242 6.051510457E-06 -1.512877614E-05
242.2 6.05620155E-06 4.360204157E-20
242.4 0 -4.545674942E-05
242.6 0 -4.549204193E-05
242.8 0 1.517579643E-05
243 0 6.07503888E-05
243.2 0 7.599708171E-05
243.4 0 4.563376168E-05
243.6 0 -8.484202898E-21
243.8 0 1.52349844E-05
244 0 4.574063232E-05
244.2 0 1.525878906E-05
244.4 0 1.527071931E-05
244.6 0 1.528266823E-05
244.8 0 1.529463587E-05
245 0 3.061324451E-05
245.2 0 2.889430995E-20
245.4 0 -1.533065149E-05
245.6 0 -1.497779268E-21
245.8 0 -4.606426887E-05
246 0 -4.610051141E-05
246.2 0 2.091740655E-20
246.4 0 1.541468336E-20
246.6 0 3.080638801E-05
246.8 0 4.624605367E-05
247 0 3.085505529E-05
247.2 0 2.006274617E-20
247.4 0 2.01265072E-20
247.6 0 4.639251781E-05
247.8 0 1.547642631E-05
248 0 2.586409999E-20
248.2 0 3.100198413E-05
248.4 0 -1.551330421E-05
248.6 0 -6.210254372E-05
248.8 6.215194909E-06 -3.107597454E-05
249 6.220143312E-06 -4.665107484E-05
249.2 6.225099602E-06 -6.225099602E-05
249.4 6.230063796E-06 -4.672547847E-05
249.6 6.235035914E-06 8.228059103E-21
249.8 6.240015974E-06 1.560003994E-05
250 6.245003997E-06 1.561250999E-05
250.2 6.25E-06 3.125E-05
250.4 6.255004003E-06 3.127502002E-05
250.6 6.260016026E-06 1.565004006E-05
250.8 6.265036087E-06 -4.698777065E-05
251 6.270064205E-06 -4.702548154E-05
251.2 6.275100402E-06 -7.843875502E-05
251.4 6.280144695E-06 -0.0001099025322
251.6 6.285197104E-06 -1.571299276E-05
251.8 6.290257649E-06 -4.717693237E-05
252 6.29532635E-06 -0.0001101682111
252.2 0 -1.575100806E-05
252.4 6.305488297E-06 -1.576372074E-05
252.6 6.310581583E-06 -6.310581583E-05
252.8 6.315683104E-06 -6.315683104E-05
253 0 -6.32079288E-05
253.2 0 -1.581477733E-05
253.4 0 1.582759319E-05
253.6 0 1.584042985E-05
253.8 0 -1.585328734E-05
254 0 -4.759849716E-05
254.2 0 -4.763719512E-05
254.4 0 -4.767595606E-05
254.6 0 -5.072456327E-21
254.8 0 3.183577832E-05
255 0 3.186174551E-05
255.2 0 -6.534915356E-20
255.4 0 -1.721701205E-20
255.6 0 -1.596995094E-05
255.8 0 -6.393207856E-05
256 0 -7.998054873E-05
256.2 0 -8.004610656E-05
256.4 0 -3.204470878E-05
256.6 0 -3.207101806E-05
256.8 0 -1.604868529E-05
257 0 4.818564967E-05
257.2 0 3.215020576E-05
257.4 0 4.233140726E-20
257.6 0 3.220321517E-05
257.8 0 6.445957096E-05
258 0 3.225639967E-05
258.2 0 3.228305785E-05
258.4 0 6.461952026E-05
258.6 0 4.850475993E-05
258.8 0 3.236329743E-05
259 0 4.8585199E-05
259.2 0 1.620850622E-05
259.4 0 -3.244393688E-05
259.6 0 3.096101664E-20
259.8 0 3.249792013E-05
260 0 2.505663855E-20
260.2 0 3.255208333E-05
260.4 0 9.773769808E-05
260.6 0 8.151606845E-05
260.8 0 6.5267335E-05
261 0 4.899142977E-05
261.2 0 -1.634414226E-05
261.4 0 -6.543132328E-05
261.6 0 -6.548616932E-05
261.8 0 -6.554110738E-05
262 6.55961377E-06 -1.639903442E-05
262.2 6.56512605E-06 2.938759516E-20
262.4 0 1.642661901E-05
262.6 0 9.864267677E-05
262.8 0 4.936288964E-05
263 0 -3.436475184E-20
263.2 0 3.296413502E-05
263.4 0 3.299197635E-05
263.6 0 3.301986475E-05
263.8 0 3.304780034E-05
264 0 2.59873717E-20
264.2 0 1.104695267E-20
264.4 0 6.626378287E-05
264.6 0 6.632003396E-05
264.8 0 3.318819031E-05
265 0 4.997229948E-20
265.2 0 -1.662234043E-05
265.4 6.654599659E-06 3.452234999E-20
265.6 1.332054561E-05 -1.665068201E-05
265.8 6.665955631E-06 -4.999466724E-05
266 6.671648164E-06 -3.335824082E-05
266.2 1.335470085E-05 -3.005253288E-21
266.4 6.683062447E-06 8.622647441E-21
266.6 6.688784247E-06 -8.360980308E-05
266.8 6.694515853E-06 -0.0001004177378
267 6.70025729E-06 -6.70025729E-05
267.2 1.341201717E-05 -6.706008584E-05
267.4 2.013530928E-05 -2.626381355E-20
267.6 2.015262253E-05 -5.704003167E-21
267.8 1.344664372E-05 1.680830465E-05
268 6.729112834E-06 1.682278208E-05
268.2 6.734913793E-06 -8.418642241E-05
268.4 6.740724763E-06 -0.0001516663072
268.6 1.349309154E-05 -8.433182211E-05
268.8 1.350475367E-05 -3.376188418E-05
269 1.351643599E-05 -6.758217993E-05
269.2 1.352813853E-05 -5.073051948E-05
269.4 1.353986135E-05 -3.384965338E-05
269.6 1.355160451E-05 -3.387901127E-05
269.8 1.356336806E-05 -6.781684028E-05
270 1.357515204E-05 -6.787576021E-05
270.2 1.358695652E-05 6.473757219E-21
270.4 1.359878155E-05 5.099543081E-05
270.6 0 -3.402656794E-05
270.8 1.362249346E-05 -0.0001191968178
271 6.817190227E-06 -3.408595113E-05
271.2 1.364628821E-05 -3.411572052E-05
271.4 1.365821678E-05 -6.829108392E-05
271.6 1.367016623E-05 -1.708770779E-05
271.8 1.36821366E-05 1.710267075E-05
272 6.847063979E-06 1.711765995E-05
272.2 6.853070175E-06 1.713267544E-05
272.4 6.859086918E-06 6.859086918E-05
272.6 0 6.865114236E-05
272.8 0 0.0001030672823
273 0 8.59650088E-05
273.2 0 1.720814978E-05
273.4 0 -1.198855562E-20
273.6 0 3.447705207E-05
273.8 0 6.901501767E-05
274 0 3.453801945E-05
274.2 0 -1.870966515E-20
274.4 0 1.729960142E-05
274.6 0 1.731493794E-05
274.8 0 -5.566801684E-20
275 0 3.469138544E-05
275.2 0 6.944444444E-05
275.4 0 8.68827847E-05
275.6 0 5.217609083E-05
275.8 0 1.740753119E-05
276 0 1.742305977E-05
276.2 0 1.743861607E-05
276.4 0 -3.490840036E-05
276.6 0 -1.746981216E-05
276.8 0 -3.063386733E-20
277 0 -7.000448029E-05
277.2 0 -5.255044843E-05
277.4 0 2.77804786E-20
277.6 0 -9.796903245E-21
277.8 7.025629496E-06 -3.512814748E-05
278 7.031953195E-06 -2.648960542E-20
278.2 7.038288288E-06 1.759572072E-05
278.4 0 -5.283476105E-05
278.6 0 -0.0001233923736
278.8 7.05736224E-06 -7.05736224E-05
279 1.412748644E-05 -1.765935805E-05
279.2 2.828054299E-05 -7.070135747E-05
279.4 2.830615942E-05 -0.0001061480978
279.6 3.541477788E-05 -7.082955576E-05
279.8 2.835753176E-05 -5.317037205E-05
280 3.54791099E-05 -7.09582198E-05
280.2 3.551136364E-05 -5.326704545E-05
280.4 4.265241128E-05 -7.108735214E-05
280.6 4.98064663E-05 -1.778802368E-05
280.8 5.697356427E-05 1.780423883E-05
281 6.415374088E-05 -3.564096715E-05
281.2 7.848173516E-05 -1.783675799E-05
281.4 7.855347349E-05 -1.785306216E-05
281.6 7.862534309E-05 -3.573879231E-05
281.8 7.869734432E-05 -1.788576007E-05
282 7.876947754E-05 -1.790215399E-05
282.2 7.884174312E-05 4.091942424E-21
282.4 7.891414141E-05 1.204730606E-21
282.6 7.898667279E-05 -5.385454963E-05
282.8 7.905933763E-05 -3.593606256E-05
283 7.193830571E-05 1.798457643E-05
283.2 6.480414747E-05 -1.800115207E-05
283.4 6.486392989E-05 1.80177583E-05
283.6 6.492382271E-05 3.836136224E-20
283.8 5.776340111E-05 1.988842136E-20
284 5.058973173E-05 7.227104533E-05
284.2 4.340277778E-05 9.04224537E-05
284.4 3.620250232E-05 5.430375348E-05
284.6 2.898886827E-05 6.212304444E-20
284.8 2.176183844E-05 3.626973073E-05
285 1.452137546E-05 1.815171933E-05
285.2 7.26744186E-06 3.63372093E-05
285.4 7.274208566E-06 0.0001272986499
285.6 0 7.280987884E-05
285.8 7.287779851E-06 -1.324132E-20
286 7.2945845E-06 -1.823646125E-05
286.2 0 -7.301401869E-05
286.4 0 -7.308231993E-05
286.6 7.315074906E-06 -1.828768727E-05
286.8 7.321930647E-06 4.697700758E-21
287 7.32879925E-06 -3.664399625E-05
287.2 7.335680751E-06 -1.833920188E-05
287.4 0 -2.89291588E-20
287.6 0 3.674741298E-05
287.8 0 3.678201507E-05
288 0 -1.840834119E-05
288.2 0 -1.962669598E-20
288.4 0 -1.84431067E-05
288.6 0 -1.846053875E-05
288.8 0 3.695600757E-05
289 0 3.699100379E-05
289.2 0 -4.865350287E-21
289.4 0 -1.853059772E-05
289.6 0 -3.709639126E-05
289.8 0 -1.8565827E-05
290 0 3.716698382E-05
290.2 0 5.580357143E-05
290.4 0 -2.538190387E-20
290.6 0 3.727337786E-05
290.8 0 1.865448902E-05
291 0 -5.601696941E-05
291.2 0 -3.738038278E-05
291.4 0 -3.741618774E-05
291.6 7.490412272E-06 -1.872603068E-05
291.8 7.497600768E-06 1.874400192E-05
292 7.504803074E-06 1.876200768E-05
292.2 0 -2.120203554E-20
292.4 0 1.87981232E-05
292.6 0 1.698094634E-20
292.8 0 -1.883437801E-05
293 0 -1.885255792E-05
293.2 0 -5.661231884E-05
293.4 0 -3.777804642E-05
293.6 0 -1.724375444E-20
293.8 0 -1.892562984E-05
294 0 -3.788797284E-05
294.2 0 -3.792475728E-05
294.4 0 -1.898080661E-05
294.6 0 -1.899927043E-05
294.8 0 -1.90177702E-05
295 0 1.085914796E-19
295.2 0 -1.905487805E-05
295.4 0 -3.814697266E-05
295.6 0 -3.818426197E-05
295.8 0 -3.822162427E-05
296 0 -3.825905975E-05
296.2 0 -3.829656863E-05
296.4 0 -3.833415113E-05
296.6 0 -3.837180747E-05
296.8 0 -3.840953786E-05
297 0 -5.767101378E-05
297.2 0 -3.848522167E-05
297.4 0 3.247515407E-20
297.6 0 1.928060217E-05
297.8 0 3.85993083E-05
298 0 3.863748764E-05
298.2 0 3.867574257E-05
298.4 0 -1.102739827E-20
298.6 0 -3.875248016E-05
298.8 0 1.939548163E-05
299 0 3.882952286E-05
299.2 0 1.94340796E-05
299.4 0 3.890687251E-05
299.6 0 1.947283151E-05
299.8 0 -4.309186365E-20
300 0 3.902347652E-05
300.2 0 5.859375E-05
300.4 0 5.86524024E-05
300.6 7.828156313E-06 5.871117234E-05
300.8 0 -3.918004012E-05
301 1.5687751E-05 -5.882906627E-05
301.2 1.570351759E-05 1.962939698E-05
301.4 2.357897384E-05 1.964914487E-05
301.6 3.147029204E-05 -1.164735963E-20
301.8 3.937752016E-05 1.968876008E-05
302 4.730070636E-05 -2.502005221E-21
302.2 5.523989899E-05 -1.972853535E-05
302.4 6.319514661E-05 1.974848332E-05
302.6 7.116649798E-05 7.907388664E-05
302.8 7.915400203E-05 9.894250253E-05
303 8.715770791E-05 -1.504557309E-21
303.2 0.0001031091371 -5.948604061E-05
303.4 0.0001190929878 -1.98488313E-05
303.6 0.0001351093591 3.97380468E-05
303.8 0.0001432026477 3.977851324E-05
304 0.0001513124363 1.990953109E-05
304.2 0.0001514668367 4.337321515E-21
304.4 0.0001596016343 -1.995020429E-05
304.6 0.0001597648262 4.065553392E-20
304.8 0.0001679247697 -1.999104401E-05
305 0.0001761014344 -2.001152664E-05
305.2 0.0001842948718 2.003205128E-05
305.4 0.0001925051335 4.010523614E-05
305.6 0.0001927029805 -2.934262282E-20
305.8 0.000200938786 -4.01877572E-05
306 0.000193099897 -4.022914521E-05
306.2 0.0001852448454 -4.027061856E-05
306.4 0.0001854360165 -2.015608875E-05
306.6 0.0001694860537 -1.611103424E-20
306.8 0.0001535031024 -2.019777663E-05
307 0.00013748706 -4.04373706E-05
307.2 0.0001214378238 -4.047927461E-05
307.4 0.0001296680498 -6.078189834E-05
307.6 0.0001135773624 5.2170094E-20
307.8 0.0001136954262 4.060550936E-05
308 0.0001138137357 4.064776275E-05
308.2 0.0001139322917 1.571846022E-20
308.4 0.0001140510949 -4.073253389E-05
308.6 0.0001141701461 4.697516651E-20
308.8 0.0001224529781 7.037230968E-20
309 0.0001225810669 -4.086035565E-05
309.2 0.0001227094241 -4.090314136E-05
309.4 0.000114648847 -4.094601677E-05
309.6 0.0001147691501 2.049449108E-05
309.8 0.0001066832983 4.103203782E-05
310 9.858044164E-05 2.053759201E-05
310.2 9.046052632E-05 6.167763158E-05
310.4 8.232349842E-05 4.116174921E-05
310.6 7.41693038E-05 4.120516878E-05
310.8 6.599788807E-05 4.124868004E-05
311 5.780919662E-05 2.064614165E-05
311.2 4.96031746E-05 2.066798942E-05
311.4 4.137976695E-05 4.137976695E-05
311.6 3.313891835E-05 4.142364793E-05
311.8 2.488057325E-05 4.146762208E-05
312 1.660467588E-05 6.226753454E-05
312.2 8.311170213E-06 6.23337766E-05
312.4 0 2.723019747E-21
312.6 0 2.082222814E-05
312.8 0 4.168890075E-05
313 0 -4.173344017E-05
313.2 0 -4.177807487E-05
313.4 0 2.091140257E-05
313.6 0 6.280144695E-05
313.8 0 2.095627682E-05
314 0 -2.097878625E-05
314.2 0 -2.100134409E-05
314.4 0 2.402135799E-20
314.6 0 3.76040035E-20
314.8 0 -2.10693096E-05
315 0 -2.109206263E-05
315.2 0 4.674005775E-20
315.4 0 2.113771645E-05
315.6 8.464247021E-06 2.116061755E-05
315.8 1.694685466E-05 2.118356833E-05
316 2.544788274E-05 2.120656895E-05
316.2 3.39673913E-05 -5.002715516E-20
316.4 4.25054407E-05 -6.696475888E-20
316.6 5.10620915E-05 6.382761438E-05
316.8 5.963740458E-05 2.129907306E-05
317 6.823144105E-05 -4.264465066E-05
317.2 7.68442623E-05 -4.269125683E-05
317.4 8.547592998E-05 -2.136898249E-05
317.6 9.412650602E-05 0.0001069619387
317.8 0.0001027960526 0.0001284950658
318 0.0001114846323 2.143935236E-05
318.2 0.0001201923077 -4.292582418E-05
318.4 0.0001289191419 -6.445957096E-05
318.6 0.0001376651982 -7.532092371E-21
318.8 0.0001464305402 8.613561191E-05
319 0.0001465921634 0.0001077883554
319.2 0.0001467541436 -2.158149171E-05
319.4 0.0001469164823 -0.0001080268252
319.6 0.0001470791805 -2.162929125E-05
319.8 0.0001472422395 0.0001082663525
320 0.0001474056604 0.000151741121
320.2 0.0001475694444 4.340277778E-05
320.4 0.0001477335929 -6.517658509E-05
320.6 0.0001478981069 -6.524916481E-05
320.8 0.0001393534002 -2.177396878E-05
321 0.0001307896205 6.539481027E-05
321.2 0.0001222067039 8.729050279E-05
321.4 0.0001136045861 -2.184703579E-05
321.6 0.0001137318029 -8.748600224E-05
321.8 9.634248879E-05 -2.189602018E-05
322 8.768237935E-05 8.768237935E-05
322.2 7.900280899E-05 8.778089888E-05
322.4 7.030371204E-05 6.590973003E-05
322.6 6.158502252E-05 4.216051823E-20
322.8 5.284667418E-05 -4.403889515E-05
323 4.408860045E-05 7.628213776E-20
323.2 3.531073446E-05 6.620762712E-05
323.4 2.651300905E-05 6.628252262E-05
323.6 1.769535674E-05 -2.211919592E-05
323.8 8.857709751E-06 -4.428854875E-05
324 0 -4.433881952E-05
324.2 0 -4.438920455E-05
324.4 0 -2.22198521E-05
324.6 0 -3.740295084E-20
324.8 0 4.454104903E-05
325 0 2.229594749E-05
325.2 0 -8.928571429E-05
325.4 8.938787185E-06 -0.0001117348398
325.6 8.949026346E-06 -0.0001118628293
325.8 8.959288991E-06 -8.959288991E-05
326 8.969575201E-06 6.57477368E-21
326.2 8.979885057E-06 4.489942529E-05
326.4 8.990218642E-06 6.742663982E-05
326.6 0 5.114863548E-20
326.8 0 -9.010957324E-05
327 0 -4.510681293E-05
327.2 0 -4.515895954E-05
327.4 0 -6.781684028E-05
327.6 0 -6.789542294E-05
327.8 0 -9.063225058E-05
328 0 -9.073751452E-05
328.2 0 -6.813226744E-05
328.4 0 -6.821158324E-05
328.6 0 -0.0001138184732
328.8 0 -9.116102684E-05
329 0 -6.845064252E-05
329.2 0 1.844566986E-20
329.4 0 6.861094848E-05
329.6 9.158851114E-06 2.289712778E-05
329.8 1.833920188E-05 -4.584800469E-05
330 1.836075206E-05 -2.295094007E-05
330.2 2.757352941E-05 -4.595588235E-05
330.4 2.760600707E-05 -9.202002356E-05
330.6 2.763856132E-05 2.303213443E-05
330.8 1.844746163E-05 0.0001152966352
331 1.846926714E-05 9.23463357E-05
331.2 2.773668639E-05 9.24556213E-05
331.4 1.851303318E-05 0.0001157064573
331.6 1.853499407E-05 6.950622776E-05
331.8 1.855700713E-05 4.639251781E-05
332 2.78686088E-05 2.322384067E-05
332.2 9.300595238E-06 4.650297619E-05
332.4 9.311680572E-06 4.655840286E-05
332.6 2.796837709E-05 1.870709114E-21
332.8 1.866786141E-05 2.594070932E-20
333 1.869019139E-05 -2.336273923E-05
333.2 2.806886228E-05 -2.339071856E-05
333.4 2.810251799E-05 -1.659911475E-20
333.6 3.7515006E-05 -2.344687875E-05
333.8 3.756009615E-05 -2.34750601E-05
334 3.760529483E-05 7.05099278E-05
334.2 1.88253012E-05 2.353162651E-05
334.4 1.884800965E-05 -7.068003619E-05
334.6 9.435386473E-06 2.358846618E-05
334.8 0 4.723397823E-05
335 0 -4.729116223E-05
335.2 0 -2.367424242E-05
335.4 0 1.35753395E-21
335.6 0 -4.7463548E-05
335.8 0 -5.451666782E-21
336 0 4.757917174E-05
336.2 0 4.763719512E-05
336.4 0 -6.386081646E-20
336.6 0 2.387683374E-05
336.8 0 9.562423501E-05
337 0 2.393535539E-05
337.2 0 -2.396472393E-05
337.4 0 -3.758803791E-20
337.6 0 2.402367774E-05
337.8 0 2.405326355E-05
338 0 -2.408292232E-05
338.2 0 -2.411265432E-05
338.4 0 4.828491965E-05
338.6 0 7.251701733E-05
338.8 0 4.840458488E-05
339 0 0.0001211616005
339.2 0 6.187114672E-20
339.4 0 -0.0001214629975
339.6 0 -4.864570361E-05
339.8 0 -4.87063591E-05
340 0 -4.876716604E-05
340.2 0 2.44140625E-05
340.4 0 2.444461827E-05
340.6 0 4.895050125E-05
340.8 0 7.351787955E-05
341 0 1.288001604E-20
341.2 0 2.212782084E-20
341.4 0 2.459855164E-05
341.6 0 2.462957125E-05
341.8 0 -2.466066919E-05
342 0 -7.407553729E-05
342.2 9.889240506E-06 -2.472310127E-05
342.4 9.901774398E-06 7.426330798E-05
342.6 9.914340102E-06 2.478585025E-05
342.8 1.985387548E-05 4.963468869E-05
343 1.987913486E-05 9.93956743E-05
343.2 1.99044586E-05 2.488057325E-05
343.4 2.989477041E-05 2.491230867E-05
343.6 1.995530013E-05 4.988825032E-05
343.8 2.997122762E-05 -2.497602302E-05
344 3.000960307E-05 -5.001600512E-05
344.2 3.004807692E-05 -2.50400641E-05
344.4 3.008664955E-05 -5.014441592E-05
344.6 3.012532134E-05 -5.020886889E-05
344.8 3.016409266E-05 2.513674389E-05
345 3.020296392E-05 -0.0001006765464
345.2 3.024193548E-05 -0.0001008064516
345.4 3.028100775E-05 -2.523417313E-05
345.6 3.032018111E-05 -2.526681759E-05
345.8 2.023963731E-05 5.059909326E-05
346 2.026588846E-05 -5.066472114E-05
346.2 3.043831169E-05 -5.073051948E-05
346.4 4.063719116E-05 5.079648895E-05
346.6 3.051757812E-05 2.54313151E-05
346.8 3.055736636E-05 7.639341591E-05
347 2.039817232E-05 0.000127488577
347.2 2.04248366E-05 -5.10620915E-05
347.4 2.045157068E-05 -5.11289267E-05
347.6 3.071756225E-05 2.704206155E-20
347.8 3.075787402E-05 3.630552222E-20
348 3.079829172E-05 2.56652431E-05
348.2 3.083881579E-05 2.569901316E-05
348.4 2.058629776E-05 7.71986166E-05
348.6 3.09201847E-05 7.730046174E-05
348.8 3.096103038E-05 0.0001032034346
349 3.100198413E-05 2.583498677E-05
349.2 4.139072848E-05 -7.760761589E-05
349.4 5.180702918E-05 -7.771054377E-05
349.6 6.225099602E-05 3.457010271E-21
349.8 7.272273936E-05 -2.597240691E-05
350 8.322237017E-05 -5.201398136E-05
350.2 8.333333333E-05 5.208333333E-05
350.4 8.344459279E-05 5.215287049E-05
350.6 8.355614973E-05 1.694718085E-20
350.8 8.366800535E-05 5.229250335E-05
351 7.330764075E-05 2.618130027E-05
351.2 6.291946309E-05 -2.621644295E-05
351.4 6.300403226E-05 2.625168011E-05
351.6 6.308882907E-05 5.257402423E-05
351.8 6.317385445E-05 2.632243935E-05
352 6.325910931E-05 5.271592443E-05
352.2 5.278716216E-05 5.278716216E-05
352.4 5.285859269E-05 7.928788904E-05
352.6 5.29302168E-05 0.0001587906504
352.8 5.300203528E-05 7.950305292E-05
353 5.307404891E-05 5.307404891E-05
353.2 5.31462585E-05 -2.657312925E-05
353.4 5.321866485E-05 -2.660933243E-05
353.6 5.329126876E-05 2.664563438E-05
353.8 5.336407104E-05 0.0001067281421
354 5.34370725E-05 0.0001603112175
354.2 5.351027397E-05 0.0001605308219
354.4 5.358367627E-05 0.0001607510288
354.6 5.365728022E-05 8.048592033E-05
354.8 4.298486933E-05 2.686554333E-05
355 3.228305785E-05 8.070764463E-05
355.2 2.155172414E-05 5.387931034E-05
355.4 1.079074586E-05 0.0001079074586
355.6 0 0.0001080567082
355.8 0 2.70515928E-05
356 0 8.126733703E-05
356.2 0 5.425347222E-05
356.4 0 8.14933936E-05
356.6 0 0.0001360114903
356.8 0 8.17207113E-05
357 0 2.727828212E-05
357.2 0 8.19493007E-05
357.4 0 0.0001367734594
357.6 0 0.0001369652875
357.8 0 0.0001371576545
358 0 8.241033755E-05
358.2 0 8.252640845E-05
358.4 0 0.0001928332158
358.6 0 0.0001931055791
358.8 0 8.287659123E-05
359 0 -1.866339052E-20
359.2 0 2.770390071E-05
359.4 0 0.0001387162642
359.6 0 0.0001111308677
359.8 0 5.564458689E-05
360 0 0.0001114479315
360.2 0 2.872818903E-20
360.4 0 -0.0001676502146
360.6 0 -0.0001399086676
360.8 0 -6.504689732E-21
361 0 3.044109553E-20
361.2 0 -2.810251799E-05
361.4 0 2.814301153E-05
361.6 0 7.435314229E-21
361.8 0 8.467304913E-05
362 0 0.0001130607815
362.2 0 8.491847826E-05
362.4 0 8.504172714E-05
362.6 0 2.838844477E-05
362.8 0 2.84297671E-05
363 0 0.0001138848397
363.2 0 8.553832117E-05
363.4 0 5.710891813E-05
363.6 0 5.719253294E-05
363.8 0 0.0001145527859
364 0 0.0001434012482
364.2 0 8.616727941E-05
364.4 0 8.629418262E-05
364.6 0 8.642146018E-05
364.8 0 0.0001442485229
365 0 0.0001733542899
365.2 0 8.680555556E-05
365.4 0 6.664336801E-21
365.6 0 2.945697515E-20
365.8 0 2.906436012E-05
366 0 -2.910767511E-05
366.2 0 6.347641114E-20
366.4 0 8.758408072E-05
366.6 0 8.771519461E-05
366.8 0 0.0001171289355
367 0 0.0001759572072
367.2 0 0.000117481203
367.4 0 1.421171571E-22
367.6 0 5.891779789E-05
367.8 0 0.0001770203927
368 0 8.864409985E-05
368.2 0 -2.959280303E-05
368.4 0 8.891312595E-05
368.6 0 8.904825228E-05
368.8 0 2.429593755E-20
369 0 2.977324695E-05
369.2 0 2.981870229E-05
369.4 0 2.986429664E-05
369.6 0 8.973009188E-05
369.8 0 0.0001198236196
370 0 6.000384025E-05
370.2 0 3.004807692E-05
370.4 0 3.009437596E-05
370.6 0 -5.188034672E-20
370.8 0 -3.01874034E-05
371 0 -3.023413313E-05
371.2 0 3.028100775E-05
371.4 0 1.12920373E-19
371.6 0 1.952455946E-20
371.8 0 9.126752336E-05
372 0 6.09399376E-05
372.2 0 3.051757813E-05
372.4 0 6.113067293E-05
372.6 0 3.061324451E-05
372.8 0 3.066130298E-05
373 0 6.141902516E-05
373.2 0 3.075787402E-05
373.4 0 3.080638801E-05
373.6 0 3.085505529E-05
373.8 0 -3.090387658E-05
374 0 -6.190570523E-05
374.2 0 7.546610711E-20
374.4 0 3.105127186E-05
374.6 0 3.110071656E-05
374.8 0 -3.115031898E-05
375 0 -3.120007987E-05
375.2 0 -2.497107543E-21
375.4 0 -3.734765521E-20
375.6 0 3.135032103E-05
375.8 0 3.140072347E-05
376 0 -3.145128824E-05
376.2 0 3.150201613E-05
376.4 0 2.719821614E-20
376.6 0 -3.16039644E-05
376.8 0 2.221675383E-20
377 0 1.446437367E-20
377.2 0 -6.351626016E-05
377.4 0 -6.361970684E-05
377.6 0 6.372349103E-05
377.8 0 0.0001276552288
378 0 9.589811784E-05
378.2 0 6.403688525E-05
378.4 0 9.621305419E-05
378.6 0 3.212376645E-05
378.8 0 3.217668863E-05
379 0 9.668935644E-05
379.2 0 3.228305785E-05
379.4 0 6.467301325E-05
379.6 0 3.239013267E-05
379.8 0 -3.244393688E-05
380 0 3.249792013E-05
380.2 0 -9.464315377E-20
380.4 0 3.260642738E-05
380.6 0 -3.266095318E-05
380.8 1.308626466E-05 -9.814698492E-05
381 1.310822148E-05 -3.277055369E-05
381.2 1.31302521E-05 -6.56512605E-05
381.4 1.31523569E-05 -3.288089226E-05
381.6 1.317453626E-05 -6.275346733E-20
381.8 1.319679054E-05 -9.897592905E-05
382 1.321912014E-05 -6.609560068E-05
382.2 1.324152542E-05 -6.620762712E-05
382.4 1.326400679E-05 -6.632003396E-05
382.6 1.328656463E-05 -3.321641156E-05
382.8 1.330919932E-05 -6.654599659E-05
383 1.333191126E-05 -3.332977816E-05
383.2 1.335470085E-05 -3.338675214E-05
383.4 0 -6.688784247E-05
383.6 0 -3.350128645E-05
383.8 0 -6.711769759E-05
384 1.344664372E-05 -6.723321859E-05
384.2 0 3.367456897E-05
384.4 0 -3.373272884E-05
384.6 0 -3.379108997E-05
384.8 0 3.384965338E-05
385 0 3.390842014E-05
385.2 0 3.39673913E-05
385.4 1.361062718E-05 -3.402656794E-05
385.6 4.090314136E-05 -3.408595113E-05
385.8 5.463286713E-05 -3.414554196E-05
386 6.841068301E-05 4.038906801E-20
386.2 8.223684211E-05 3.426535088E-05
386.4 9.61115993E-05 0.0001029767135
386.6 9.628080986E-05 6.877200704E-05
386.8 0.0001102292769 -6.889329806E-05
387 0.0001242270318 -3.450750883E-05
387.2 0.0001382743363 -3.252360462E-20
387.4 0.0001523714539 -3.462987589E-05
387.6 0.0001665186501 3.469138544E-05
387.8 0.0001807161922 3.475311388E-05
388 0.0001949643494 -7.566071595E-23
388.2 0.0001813616071 0.0001046316964
388.4 0.0001816860465 6.987924866E-05
388.6 0.0001960125448 3.500224014E-05
388.8 0.0001823384201 -7.013016158E-05
389 0.0002107688849 3.512814748E-05
389.2 0.0001829954955 0.0001055743243
389.4 0.0001833258123 0.0001057648917
389.6 0.0001554023508 0.0001765935805
389.8 0.0001415307971 0.0001061480978
390 0.0001276088929 7.08938294E-05
390.2 0.0001278409091 0.0001775568182
390.4 0.0001138433515 0.0001067281421
390.6 0.0001283074818 -1.225789375E-20
390.8 0.0001428244973 7.141224863E-05
391 0.0001287774725 3.577152015E-05
391.2 0.0001146788991 1.730604044E-20
391.4 8.616727941E-05 3.590303309E-05
391.6 8.632596685E-05 -3.596915285E-05
391.8 8.648523985E-05 -3.603551661E-05
392 0.0001010859519 -3.610212569E-05
392.2 0.0001012731481 -7.233796296E-05
392.4 8.696660482E-05 -0.000108708256
392.6 0.0001016496283 -0.0001452137546
392.8 0.0001163873371 -7.274208566E-05
393 0.0001166044776 -3.643889925E-05
393.2 0.0001314252336 4.516719008E-20
393.4 0.0001316713483 -7.315074906E-05
393.6 0.000146575985 3.664399625E-05
393.8 0.0001468515038 -3.671287594E-05
394 0.0001618408663 -3.678201507E-05
394.2 0.0001474056604 9.855810548E-20
394.4 0.00014768431 -3.69210775E-05
394.6 0.0001479640152 -7.398200758E-05
394.8 0.0001482447818 -7.412239089E-05
395 0.0001633792776 6.115309293E-20
395.2 0.0001785714286 3.720238095E-05
395.4 0.0001640028626 2.040648011E-20
395.6 0.0001792543021 -3.734464627E-05
395.8 0.0001795977011 -7.483237548E-05
396 0.0001649472169 -0.0001124640115
396.2 0.0001802884615 -3.756009615E-05
396.4 0.0001505298651 -3.763246628E-05
396.6 0.0001508204633 3.770511583E-05
396.8 0.0001208897485 3.777804642E-05
397 0.000121124031 2.865665439E-20
397.2 0.0001061893204 7.584951456E-05
397.4 9.119649805E-05 -7.96803661E-20
397.6 9.137426901E-05 -0.0001142178363
397.8 9.155273438E-05 -8.014503806E-21
398 6.115459883E-05 7.644324853E-05
398.2 4.595588235E-05 0.0001148897059
398.4 4.604616896E-05 0.0001151154224
398.6 3.075787402E-05 7.689468504E-05
398.8 3.081854043E-05 0.0001155695266
399 1.543972332E-05 7.71986166E-05
399.2 0 3.867574257E-05
399.4 0 0.0001162574405
399.6 0 3.882952286E-05
399.8 0 0.0001167206175
400 0 0.0001559381238
400.2 0 -4.270400578E-20
400.4 0 -0.0001174223447
400.6 0 -7.843875502E-05
400.8 0 7.859657948E-05
401 0 3.937752016E-05
401.2 0 3.945707071E-05
401.4 0 -8.611652175E-20
401.6 0 -3.961713996E-05
401.8 0 -5.004930304E-20
402 0 -3.977851324E-05
402.2 0 -7.971938776E-05
402.4 0 -2.06945078E-20
402.6 0 2.186458777E-20
402.8 1.604209446E-05 -8.021047228E-05
403 0 -4.01877572E-05
403.2 0 -4.027061856E-05
403.4 0 -8.070764463E-05
403.6 0 -8.420771531E-20
403.8 1.620850622E-05 -4.052126556E-05
404 1.624220374E-05 -0.0001218165281
404.2 1.627604167E-05 -4.069010417E-05
404.4 1.631002088E-05 4.077505219E-05
404.6 1.634414226E-05 -4.086035565E-05
404.8 1.637840671E-05 -0.0001637840671
405 1.641281513E-05 -8.206407563E-05
405.2 1.644736842E-05 -4.111842105E-05
405.4 1.648206751E-05 -8.880965878E-20
405.6 1.651691332E-05 4.12922833E-05
405.8 1.655190678E-05 -3.530332242E-20
406 0 -4.146762208E-05
406.2 0 -8.466361222E-20
406.4 0 -4.164445629E-05
406.6 0 -0.0001252003205
406.8 0 -8.364561028E-05
407 0 -8.38251073E-05
407.2 0 -8.400537634E-05
407.4 0 -4.209321121E-05
407.6 0 -4.218412527E-05
407.8 0 -4.22754329E-05
408 0 -1.408427339E-19
408.2 0 4.245923913E-05
408.4 0 8.510348584E-05
408.6 0 4.264465066E-05
408.8 1.7095186E-05 8.547592998E-05
409 1.713267544E-05 8.566337719E-05
409.2 3.434065934E-05 -7.872760451E-20
409.4 5.162444934E-05 -1.018593374E-19
409.6 6.898454746E-05 -4.311534216E-05
409.8 8.642146018E-05 7.745680175E-20
410 0.0001039356984 0.0001299196231
410.2 0.0001041666667 4.340277778E-05
410.4 0.0001391982183 -1.595015354E-20
410.6 0.0001395089286 8.719308036E-05
410.8 0.0001398210291 4.369407159E-05
411 0.0001401345291 -3.912241639E-20
411.2 0.0001228932584 4.389044944E-05
411.4 0.0001055743243 8.79786036E-05
411.6 8.81772009E-05 0.0001322658014
411.8 7.070135747E-05 0.0001325650452
412 5.31462585E-05 4.428854875E-05
412.2 3.551136364E-05 -6.10972252E-20
412.4 3.559225513E-05 4.449031891E-05
412.6 1.783675799E-05 4.459189498E-05
412.8 0 9.801053477E-21
413 0 1.246071462E-21
413.2 0 1.515102661E-20
413.4 0 -1.289398723E-19
413.6 0 4.510681293E-05
413.8 0 2.866705946E-21
414 0 -4.531612529E-05
414.2 0 4.542151163E-05
414.4 0 9.105477855E-05
414.6 0 9.126752336E-05
414.8 0 9.148126464E-05
415 0 9.169600939E-05
415.2 0 4.595588235E-05
415.4 1.842570755E-05 0.0001381928066
415.6 0 0.0001385195035
415.8 1.851303318E-05 9.256516588E-05
416 1.855700713E-05 0.0001391775534
416.2 1.860119048E-05 0.0001395089286
416.4 1.864558473E-05 0.0001864558473
416.6 1.869019139E-05 0.0001869019139
416.8 3.747002398E-05 0.0001873501199
417 3.756009615E-05 0.0001408503606
417.2 5.647590361E-05 4.706325301E-05
417.4 7.548309179E-05 4.102877895E-20
417.6 7.566585956E-05 -4.729116223E-05
417.8 7.584951456E-05 -0.0001422178398
418 9.504257908E-05 -9.504257908E-05
418.2 9.527439024E-05 -4.763719512E-05
418.4 9.550733496E-05 -9.550733496E-05
418.6 9.574142157E-05 -9.574142157E-05
418.8 9.597665848E-05 -9.597665848E-05
419 7.697044335E-05 -0.0001443195813
419.2 5.787037037E-05 -0.0001929012346
419.4 3.867574257E-05 -0.0001450340347
419.6 1.938585608E-05 -9.69292804E-05
419.8 0 -9.717039801E-05
420 0 -9.74127182E-05
420.2 0 -9.765625E-05
420.4 0 -9.790100251E-05
420.6 0 -9.814698492E-05
420.8 0 -9.839420655E-05
421 0 -9.864267677E-05
421.2 0 -4.944620253E-05
421.4 0 -4.957170051E-05
421.6 0 -4.969783715E-05
421.8 0 -1.403693482E-20
422 0 2.975250378E-20
422.2 2.003205128E-05 -3.858722524E-21
422.4 4.016709512E-05 -5.020886889E-05
422.6 6.040592784E-05 -0.0001510148196
422.8 8.074935401E-05 -0.0001514050388
423 0.0001011981865 -0.0001011981865
423.2 0.0001217532468 -0.000101461039
423.4 0.0001424153646 -5.086263021E-05
423.6 0.0001631853786 7.188303279E-20
423.8 0.0001840641361 5.11289267E-05
424 0.0002050524934 -5.126312336E-05
424.2 0.0002261513158 -0.0001027960526
424.4 0.0002473614776 5.153364116E-05
424.6 0.000248015873 -5.166997354E-05
424.8 0.0002693965517 -5.180702918E-05
425 0.0002701130319 0.0001038896277
425.2 0.0002708333333 0.0001041666667
425.4 0.0002924465241 5.222259358E-05
425.6 0.0003141756032 2.956548291E-20
425.8 0.0003360215054 -5.250336022E-05
426 0.0003579851752 -0.0001052897574
426.2 0.0003800675676 -8.27165765E-20
426.4 0.000381097561 5.29302168E-05
426.6 0.0003821331522 5.307404891E-05
426.8 0.0003831743869 0.0001064373297
427 0.0003842213115 0.0001067281421
427.2 0.0004066780822 0.0001070205479
427.4 0.0004507211538 0.0001073145604
427.6 0.0004734848485 0.0001076101928
427.8 0.0004747928177 0.0001079074586
428 0.0004977493075 0.0001082063712
428.2 0.0005208333333 0.0002170138889
428.4 0.0005222841226 0.0001632137883
428.6 0.0005455656425 0.000218226257
428.8 0.000568977591 0.000218837535
429 0.0005705758427 0.0002194522472
429.2 0.0006161971831 0.0001650528169
429.4 0.0006620762712 0.0001655190678
429.6 0.0006860835694 5.532932011E-05
429.8 0.0007102272727 5.548650568E-05
430 0.0007122507123 0.0002225783476
430.2 0.0007142857143 0.0002232142857
430.4 0.000738717765 0.0001678904011
430.6 0.0007632902299 0.0001122485632
430.8 0.0007880043228 5.628602305E-05
431 0.0008128612717 1.666821875E-19
431.2 0.0008605072464 5.661231884E-05
431.4 0.0008857194767 0.0002271075581
431.6 0.0008883017493 9.10465515E-21
431.8 0.0009365862573 -0.0001713267544
432 0.0009622434018 -1.365969135E-19
432.2 0.0009650735294 -2.213947331E-20
432.4 0.0009909660767 -2.77362666E-20
432.6 0.001017011834 0.0001733542899
432.8 0.001043212166 0.0001738686944
433 0.001046316964 0.0001162574405
433.2 0.001049440299 5.830223881E-05
433.4 0.001052582335 5.847679641E-05
433.6 0.001055743243 0.0001173048048
433.8 0.001058923193 -5.882906627E-05
434 0.001062122356 -0.0002950339879
434.2 0.001065340909 -0.0002367424242
434.4 0.001068579027 -0.000118731003
434.6 0.00107183689 -0.0001786394817
434.8 0.001075114679 -0.0002986429664
435 0.001078412577 -0.0002396472393
435.2 0.001081730769 -0.0001201923077
435.4 0.001085069444 -0.0001808449074
435.6 0.001088428793 -0.0001209365325
435.8 0.001091809006 6.06560559E-05
436 0.00109521028 -6.084501558E-05
436.2 0.00107421875 -0.000244140625
436.4 0.001053095611 -6.122648903E-05
436.6 0.001031839623 -6.141902516E-05
436.8 0.001010449527 -0.0001232255521
437 0.0009889240506 -3.703889066E-20
437.2 0.0009672619048 -6.200396825E-05
437.4 0.0009454617834 -0.0001244028662
437.6 0.0009235223642 -6.240015974E-05
437.8 0.0009014423077 -8.938052019E-20
438 0.0008792202572 -6.280144695E-05
438.2 0.0008820564516 -0.0001890120968
438.4 0.0008596278317 -0.0001264158576
438.6 0.0008370535714 -0.0001268262987
438.8 0.0008143322476 -0.0001272394137
439 0.0007914624183 -0.0001276552288
439.2 0.000768442623 -6.403688525E-05
439.4 0.0007452713816 -0.0001284950658
439.6 0.0007219471947 -0.0001933787129
439.8 0.000698468543 -6.467301325E-05
440 0.0007007890365 -6.488787375E-05
440.2 0.000703125 -0.0002604166667
440.4 0.0007054765886 -0.0004572533445
440.6 0.0007078439597 -0.0002621644295
440.8 0.0006839225589 -6.576178451E-05
441 0.000659839527 -0.0001979518581
441.2 0.0006620762712 -0.0002648305085
441.4 0.0006643282313 -0.0001992984694
441.6 0.0006665955631 -0.0001333191126
441.8 0.0006688784247 -0.0001337756849
442 0.000698024055 -0.0001342353952
442.2 0.0007004310345 -7.761680399E-20
442.4 0.0007028546713 -0.0002027465398
442.6 0.000732421875 -0.0002712673611
442.8 0.0007349738676 6.805313589E-05
443 0.0007375437063 0.0001365821678
443.2 0.0007401315789 6.853070175E-05
443.4 0.0007152288732 6.877200704E-05
443.6 0.0006901501767 -6.901501767E-05
443.8 0.000664893617 -6.925975177E-05
444 0.0006394572954 0.0001390124555
444.2 0.0005859375 8.179058378E-21
444.4 0.0005600358423 -9.958125443E-20
444.6 0.0005339478417 7.025629496E-05
444.8 0.0005076714801 -7.05099278E-05
445 0.0004812047101 9.933944936E-20
445.2 0.0004545454545 -3.310176264E-20
445.4 0.0004276916058 -7.128193431E-05
445.6 0.0003720238095 -7.154304029E-05
445.8 0.0003446691176 -7.180606618E-05
446 0.0003171125461 -7.207103321E-05
446.2 0.0002893518519 -7.233796296E-05
446.4 0.0002904275093 -0.0001452137546
446.6 0.000291511194 -7.287779851E-05
446.8 0.0002926029963 -7.315074906E-05
447 0.0002937030075 -7.342575188E-05
447.2 0.0002948113208 -7.370283019E-05
447.4 0.0002959280303 -0.0001479640152
447.6 0.0002970532319 -0.000148526616
447.8 0.0003280057252 -0.0002236402672
448 0.0003292624521 -1.245970981E-19
448.2 0.0003305288462 -7.512019231E-05
448.4 0.0003318050193 -0.0001508204633
448.6 0.0003330910853 7.494335622E-20
448.8 0.0003343871595 -7.599708171E-05
449 0.0003356933594 -7.629394531E-05
449.2 0.0003370098039 -7.659313725E-05
449.4 0.0003383366142 -7.689468504E-05
449.6 0.000339673913 -0.0001543972332
449.8 0.0003410218254 -0.0001550099206
450 0.0003423804781 -0.00015562749
450.2 0.00034375 -0.00015625
450.4 0.0003451305221 -7.843875502E-05
450.6 0.0003465221774 2.275482178E-20
450.8 0.0003162955466 2.39110563E-19
451 0.0002858231707 -7.93953252E-05
451.2 0.0002551020408 -7.971938776E-05
451.4 0.0002241290984 -8.004610656E-05
451.6 0.0001929012346 -8.03755144E-05
451.8 0.0001614152893 -8.876831685E-21
452 0.0001296680498 3.78152357E-20
452.2 9.765625E-05 -8.138020833E-05
452.4 6.537656904E-05 1.664632178E-20
452.6 3.282563025E-05 8.206407563E-05
452.8 0 1.694608989E-19
453 0 1.549554881E-19
453.2 0 8.311170213E-05
453.4 0 8.346688034E-05
453.6 0 8.38251073E-05
453.8 0 8.418642241E-05
454 0 0.0002536525974
454.2 0 0.0001698369565
454.4 0 0.0001705786026
454.6 0 0.0002569901316
454.8 0 -2.071208065E-20
455 0 -8.642146018E-05
455.2 0 -3.93059196E-21
455.4 0 -8.719308036E-05
455.6 0 -0.0001751681614
455.8 0 -8.79786036E-05
456 0 -0.0001767533937
456.2 0 -0.0004438920455
456.4 0 -0.0004459189498
456.6 0 -0.0001791857798
456.8 0 -0.0003600230415
457 0 -0.0004521122685
457.2 0 -0.000363372093
457.4 0 -0.0002738025701
457.6 0 -0.0001833920188
457.8 0 -0.0001842570755
458 0 6.964087657E-20
458.2 0 -0.0001860119048
458.4 0 -0.0002803528708
458.6 0 -9.390024038E-05
458.8 3.774154589E-05 2.06438824E-19
459 7.584951456E-05 1.026928808E-19
459.2 7.62195122E-05 1.64276653E-19
459.4 7.659313725E-05 -0.0001914828431
459.6 0.000115455665 -0.0002886391626
459.8 0.0001547029703 -0.0002900680693
460 0.000194340796 4.239428044E-20
460.2 0.0001953125 0.00029296875
460.4 0.0001570351759 9.814698492E-05
460.6 0.0001578282828 9.864267677E-05
460.8 0.0001586294416 0.000297430203
461 0.0001195790816 0.0002989477041
461.2 8.012820513E-05 0.0001001602564
461.4 4.027061856E-05 -0.0001006765464
461.6 0 -0.0001011981865
461.8 0 -0.0002034505208
462 0 -0.0002045157068
462.2 0 -0.0001027960526
462.4 0 -2.339268603E-20
462.6 0 -0.0001038896277
462.8 0 -0.0004177807487
463 0 -0.0005250336022
463.2 0 -2.856321893E-21
463.4 0 0.0002122961957
463.6 0 -0.0001067281421
463.8 0 -0.0001073145604
464 0 0.0001079074586
464.2 0 1.342249028E-19
464.4 0 -0.000218226257
464.6 0 0.0001097261236
464.8 0 0.0003310381356
465 0 0.0001109730114
465.2 0 0.0001116071429
465.4 0 0.0003367456897
465.6 0 0.0003386921965
465.8 0 0.0001135537791
466 0 -0.0001142178363
466.2 0 -1.330641432E-19
466.4 0 0.0002311390533
466.6 0 0.0001162574405
466.8 0 -0.0001169535928
467 0 -0.0002353162651
467.2 0 8.41078049E-20
467.4 0 5.541636197E-19
467.6 0 1.883283818E-19
467.8 0 1.713307137E-19
468 0 -0.0002426242236
468.2 0 -0.0001220703125
468.4 0 7.05104247E-20
468.6 0 -1.192107715E-19
468.8 0 -1.098481412E-19
469 0 -1.021129681E-19
469.2 0 2.507896043E-19
469.4 0 -1.413507151E-19
469.6 0 -2.200623549E-20
469.8 0 2.3798674E-19
470 0 6.19481879E-20
470.2 0 1.452759391E-19
470.4 0 8.262086005E-21
470.6 0 2.41938742E-19
470.8 0 4.344827559E-19
471 0 4.45348368E-19
471.2 0 -0.0001346982759
471.4 0 -0.0001356336806
471.6 0 1.198015402E-19
471.8 0 1.268029064E-19
472 0 5.488481011E-19
472.2 0 2.341355674E-19
472.4 0 4.867227631E-19
472.6 0 4.306667435E-19
472.8 0 3.227495408E-19
473 0 7.272016149E-20
473.2 0 -2.342574006E-19
473.4 0 -3.796952749E-19
473.6 0 0.0001468515038
473.8 0 0.0001479640152
474 0 3.103694053E-19
474.2 0 -0.0001502403846
474.4 0 3.399552782E-19
474.6 0 0.0001525878906
474.8 0 -2.207827155E-19
475 0 -5.645748269E-22
475.2 0 0.00015625
475.4 0 -2.155962245E-19
475.6 0 -0.0001587906504
475.8 6.403688525E-05 5.981967787E-20
476 6.45661157E-05 -5.300894598E-19
476.2 6.510416667E-05 2.093731721E-20
476.4 6.56512605E-05 -1.538322697E-19
476.6 0 -2.606107989E-19
476.8 6.677350427E-05 -2.295068479E-19
477 0 -1.269082582E-19
477.2 0 -5.775902379E-19
477.4 0 -1.979411087E-19
477.6 0 -0.0001728429204
477.8 0 -0.0001743861607
478 0 -0.0001759572072
478.2 0 -0.0001775568182
478.4 0 0.0001791857798
478.6 0 8.500790895E-20
478.8 0 -0.0001825350467
479 0 -3.066158771E-19
479.2 0 -7.778141119E-20
479.4 0 1.895869418E-19
479.6 0 4.094552526E-19
479.8 0 -2.348283663E-19
480 0 0.0001933787129
480.2 0 0.0001953125
480.4 0 -2.751720374E-19
480.6 0 -4.945735316E-19
480.8 0 -7.019450775E-20
481 0 1.870453793E-20
481.2 0 1.098782991E-19
481.4 0 0.0002077792553
481.6 0 3.050930133E-19
481.8 0 -0.0002122961957
482 0 -9.782321495E-20
482.2 0 -5.427622993E-19
482.4 0 -0.0004389044944
482.6 0 -0.0002219460227
482.8 0 -0.0002244971264
483 0 -0.0006813226744
483.2 0 -0.0004595588235
483.4 0 -0.0006975446429
483.6 0 -0.0004706325301
483.8 0 -0.0002381859756
484 0 -0.0007233796296
484.2 0 -0.00048828125
484.4 0 2.531488125E-19
484.6 0 -3.602920245E-19
484.8 0 -5.000923853E-19
485 0 0.0002569901316
485.2 0 0.0002604166667
485.4 0 -0.0002639358108
485.6 0 1.072027499E-19
485.8 0 0.0005425347222
486 0 0.0002750880282
486.2 0 0.0002790178571
486.4 0 0.0002830615942
486.6 0 -0.0005744485294
486.8 0 -5.083176639E-19
487 0 0.0005918560606
487.2 0 0.0003004807692
487.4 0 0.0009155273437
487.6 0 0.0006200396825
487.8 0 0.0006300403226
488 0 0.0003201844262
488.2 0.0001302083333 -0.0003255208333
488.4 0.0001324152542 5.915842529E-20
488.6 0.0001346982759 -0.0003367456897
488.8 0.0001370614035 -0.0003426535088
489 0.0001395089286 0.0003487723214
489.2 0.0001420454545 0.0007102272727
489.4 0.0001446759259 0.0003616898148
489.6 0.0001474056604 0.001105542453
489.8 0.0001502403846 0.0003756009615
490 0.0001531862745 -0.0003829656863
490.2 0.00015625 -0.000390625
490.4 0.0001594387755 2.141061174E-19
490.6 0.0001627604167 -3.583866472E-19
490.8 0.0001662234043 0.0004155585106
491 0.0001698369565 0.0008491847826
491.2 0.0001736111111 -8.869903932E-19
491.4 0.0001775568182 6.077803199E-19
491.6 0.0001816860465 -3.522243552E-19
491.8 0.0001860119048 -1.307720564E-19
492 0.0001905487805 4.722550207E-19
492.2 0.0001953125 2.07083479E-18
492.4 0.0002003205128 1.636919265E-18
492.6 0.0002055921053 -1.788342498E-19
492.8 0.0002111486486 -1.275323669E-19
493 0.0002170138889 8.438695821E-19
493.2 0.0002232142857 -8.359108593E-19
493.4 0 0.0005744485294
493.6 0 0.001183712121
493.8 0 0.0006103515625
494 0 -7.035808523E-19
494.2 0 -6.707675983E-19
494.4 0 -8.465380853E-19
494.6 0 0.0006975446429
494.8 0 0.002170138889
495 0 0.002253605769
495.2 0 0.00234375
495.4 0 0.00244140625
495.6 0 0.002547554348
495.8 0 0.002663352273
496 0 0.002790178571
496.2 0 0.0029296875
496.4 0 0.003083881579
496.6 0 0.003255208333
496.8 0 0.003446691176
497 0 0.00244140625
497.2 0 0.001302083333
497.4 0 0.002790178571
497.6 0 0.004507211538
497.8 0 0.0048828125
498 0 0.005326704545
498.2 0 0.00390625
498.4 0 -1.966486634E-18
498.6 0 1.554069386E-18
498.8 0 -2.800431377E-18
499 0 -5.333609446E-18
499.2 0 -5.097331842E-18
499.4 0 -6.594814075E-18
499.6 0 -1.339734731E-17
499.8 0 -1.120270601E-17
500 0 -1.156002315E-18
