0 0.007297081168 0.0001171406437
0.2 0.006409375 0.001578125
0.4 0.006014905962 0.0003282563025
0.6 0.005726456165 0.0001720126101
0.8 0.005462805366 0.0001877252703
1 0.005211463341 0.0002895257412
1.2 0.004991232465 0.0003600951904
1.4 0.004758294908 0.0003054205092
1.6 0.004556508223 0.0001566887284
1.8 0.004395315008 0.0001724267657
2 0.004243401244 0.0001568145323
2.2 0.004085090361 7.059487952E-05
2.4 0.003973734431 0.0001333994576
2.6 0.003815187902 0.0002041047026
2.8 0.003665937877 3.926668677E-05
3 0.003541708568 3.92824819E-05
3.2 0.003420523139 0.0001729124748
3.4 0.003314965781 0.000133667975
3.6 0.003221908981 6.292790979E-05
3.8 0.003128777196 7.082242143E-05
4 0.003032421403 0.0001023402862
4.2 0.002935987903 7.875504032E-06
4.4 0.002855233965 7.87868092E-06
4.6 0.002764956618 9.458232446E-05
4.8 0.002680914413 -3.942521195E-05
5 0.002603114903 -3.944113489E-05
5.2 0.002518939394 0.0001183712121
5.4 0.002437853678 6.315683104E-05
5.6 0.002353543267 7.897796199E-06
5.8 0.00228180623 -2.37029733E-05
6 0.002228981182 7.904188588E-06
6.2 0.002138157895 6.325910931E-05
6.4 0.002066246456 4.7463548E-05
6.6 0.001997442261 -6.331037277E-05
6.8 0.001957083502 -5.541903121E-05
7 0.00189451541 2.376064477E-05
7.2 0.001838235294 -1.62860793E-20
7.4 0.001794592127 1.585328734E-05
7.6 0.001741397686 1.585972391E-05
7.8 0.001691333266 -3.96654143E-05
8 0.001644402682 -4.761783828E-05
8.2 0.001597433943 -3.175813008E-05
8.4 0.001550427003 3.971380643E-05
8.6 0.001506560212 0.0001271358828
8.8 0.001465837403 0.0001271876272
9 0.001421900448 2.385739007E-05
9.2 0.001393839104 -3.182281059E-05
9.4 0.001381672779 -9.550733496E-05
9.6 0.001356757032 -0.000103508459
9.8 0.001325448613 -2.389630914E-05
10 0.001294114647 3.1874745E-05
10.2 0.001259566327 2.391581633E-05
10.4 0.001234560024 -0.0001116527154
10.6 0.001225490196 -0.0001994612949
10.8 0.00119406416 -9.578054761E-05
11 0.001162612428 -4.790985282E-05
11.2 0.001147111452 -0.000103847137
11.4 0.001118811375 -1.842058142E-20
11.6 0.001096883954 3.197912403E-05
11.8 0.001081337019 -0.0001039747133
12 0.00107217841 -0.0001600266284
12.2 0.001050204918 -0.0001040599385
12.4 0.00102501025 8.007892579E-06
12.6 0.001012612797 4.005588597E-05
12.8 0.0009969993845 -6.411571604E-05
13 0.0009813731527 -7.215979064E-05
13.2 0.0009593172485 -4.812628337E-05
13.4 0.0009565016434 -5.617039852E-05
13.6 0.0009440505549 -0.00010435933
13.8 0.0009187397204 8.030941612E-06
14 0.0008998354587 0.0001044451872
14.2 0.0008809156379 -4.822530864E-05
14.4 0.0008555475504 -0.0001366946274
14.6 0.0008430292422 -0.0001367509267
14.8 0.000830500618 -0.0001287597857
15 0.0008083007007 -4.025401896E-05
15.2 0.0007764175258 6.443298969E-05
15.4 0.0007638459158 5.640212459E-05
15.6 0.0007383666942 -1.612154354E-05
15.8 0.0007128664327 -0.0001048332989
16 0.0007002529946 -0.0001210114622
16.2 0.0006844008264 -5.649535124E-05
16.4 0.0006685355519 1.212974596E-20
16.6 0.0006558881307 -9.69292804E-05
16.8 0.0006496948697 -0.0001454540753
17 0.0006402628311 -2.425237997E-05
17.2 0.0006308229814 -4.04373706E-05
17.4 0.0006213753107 -8.899906794E-05
17.6 0.0006119198094 -9.713012847E-05
17.8 0.0006056954809 -4.8585199E-05
18 0.0005962256325 1.620178349E-05
18.2 0.0005835062241 -4.052126556E-05
18.4 0.0005772623495 -3.243046907E-05
18.6 0.0005580357143 -3.244393688E-05
18.8 0.000558267553 -7.302918571E-05
19 0.0005520054032 -0.0001055304447
19.2 0.0005489864865 -4.872661123E-05
19.4 0.0005362156822 3.249792013E-05
19.6 0.0005266853933 8.127861007E-05
19.8 0.0005138946711 5.691871357E-05
20 0.0005076009996 8.134631404E-06
20.2 0.0004947916667 0.0001057942708
20.4 0.0004852282201 7.32727178E-05
20.6 0.0004789147206 -3.894649331E-21
20.8 0.0004758552357 3.030240319E-20
21 0.0004662719115 -8.151606845E-06
21.2 0.0004566805846 -1.631002088E-05
21.4 0.000443817878 -5.710891813E-05
21.6 0.0004374738822 -5.713278312E-05
21.8 0.0004278584866 -5.715666806E-05
22 0.000428037432 -5.718057298E-05
22.2 0.0004184100418 1.634414226E-05
22.4 0.0004120447886 2.352659716E-20
22.6 0.0004089457705 -6.543132328E-05
22.8 0.0004123900293 -5.727639296E-05
23 0.0004125628667 1.637154233E-05
23.2 0.0004127358491 9.00812369E-05
23.4 0.0004096319211 6.554110738E-05
23.6 0.0004065253882 -1.639215275E-05
23.8 0.0004099758606 -8.199517212E-06
24 0.000410148047 -2.460888282E-05
24.2 0.0004070378151 -8.206407563E-06
24.4 0.0004039249685 8.209857083E-06
24.6 0.00039752418 -6.570647603E-05
24.8 0.0004009781237 -5.751735381E-05
25 0.0003912826178 -5.754156145E-05
25.2 0.0003782894737 -4.934210526E-05
25.4 0.0003751579612 -8.227148273E-05
25.6 0.0003753160556 -7.407553729E-05
25.8 0.0003754742833 4.940451096E-05
26 0.0003624525517 3.295023197E-05
26.2 0.0003560126582 -5.768723629E-05
26.4 0.000352865133 -7.420061207E-05
26.6 0.0003431165541 -6.59839527E-05
26.8 0.0003234579637 -4.950887199E-05
27 0.0003202926881 -8.254966188E-06
27.2 0.0003138213531 -1.847808145E-21
27.4 0.0003106493232 -4.130975042E-05
27.6 0.0003008622514 -5.785812526E-05
27.8 0.0003009896274 -0.0001240341871
28 0.0003011171114 -5.790713681E-05
28.2 0.0002913135593 4.965572034E-05
28.4 0.0002848134803 8.279461636E-06
28.6 0.0002683683206 -4.141486429E-05
28.8 0.0002585383963 -9.943784472E-05
29 0.0002453841256 -9.948005093E-05
29.2 0.0002322186837 -7.464171975E-05
29.4 0.0002256796941 -9.126752336E-05
29.6 0.0002191351466 -0.0001494103272
29.8 0.0002092633929 -9.964923469E-05
30 0.0001894140791 -4.153817524E-05
30.2 0.0001861702128 -6.64893617E-05
30.4 0.0001729459344 -0.000108091209
30.6 0.0001663649915 -0.000116455494
30.8 0.0001564497231 -5.825255646E-05
31 0.0001465260017 -5.827738704E-05
31.2 0.0001399253731 -0.0001082755864
31.4 0.0001366520904 -0.0001249866681
31.6 0.000126707213 -9.169600939E-05
31.8 0.0001300971392 -5.003736123E-05
32 0.0001234782144 -2.502936779E-05
32.2 0.0001135149573 -9.181356838E-05
32.4 0.0001068832835 -0.0001169035913
32.6 9.356287425E-05 -5.012296835E-05
32.8 7.688810441E-05 -3.342961061E-05
33 7.357662671E-05 1.672196062E-05
33.2 7.026231263E-05 2.509368308E-05
33.4 7.363967438E-05 -2.510443445E-05
33.6 7.701993142E-05 3.34869267E-05
33.8 8.040308748E-05 5.862725129E-05
34 7.373444873E-05 4.189457314E-05
34.2 6.706008584E-05 2.514753219E-05
34.4 6.373443538E-05 -3.354443967E-05
34.6 6.711769759E-05 -4.1948561E-05
34.8 7.72185217E-05 -1.678663515E-05
35 8.061049011E-05 -3.358770421E-05
35.2 8.400537634E-05 -1.680107527E-05
35.4 8.740318417E-05 -1.680830465E-05
35.6 9.753013345E-05 -1.681554025E-05
35.8 0.0001009366925 2.523417313E-05
36 0.000104346187 8.41501508E-06
36.2 0.0001111260776 -1.434091877E-20
36.4 0.0001145429064 -2.494838274E-20
36.6 0.0001179626833 8.425905953E-06
36.8 0.0001180135952 8.429542512E-06
37 0.0001214378238 -5.903227547E-05
37.2 0.0001282397408 -5.905777538E-05
37.4 0.0001316713483 1.688094209E-05
37.6 0.000135105923 4.222060095E-05
37.8 0.0001385434689 7.602995242E-05
38 0.0001318422761 6.761142363E-05
38.2 0.0001352813853 5.918560606E-05
38.4 0.000135339974 4.229374188E-05
38.6 0.0001353986135 -1.177579495E-20
38.8 0.0001320708713 1.693216298E-05
39 0.000132128144 2.540925846E-05
39.2 0.0001355748373 3.389370933E-05
39.4 0.0001288519965 6.781684028E-05
39.6 0.0001289079462 5.936550152E-05
39.8 0.0001323577324 -1.789875755E-20
40 0.0001256247284 -2.546447197E-05
40.2 0.0001324728261 8.491847826E-06
40.4 0.0001427250979 5.097324924E-05
40.6 0.000149586597 8.499238468E-05
40.8 0.000159855246 7.652644754E-05
41 0.0001701328397 -2.551992596E-05
41.2 0.0001736111111 2.553104575E-05
41.4 0.0001736867916 0.0001277108762
41.6 0.0001805767553 5.962440035E-05
41.8 0.0001772469459 5.11289267E-05
42 0.0001705041467 6.820165866E-05
42.2 0.0001603438865 7.676037118E-05
42.4 0.0001535878113 8.532656182E-05
42.6 0.000157069493 -2.483174271E-21
42.8 0.0001571381723 -8.540118059E-06
43 0.0001503718285 4.271926947E-05
43.2 0.0001504376368 -8.547592998E-06
43.4 0.0001436624343 8.47122904E-21
43.6 0.0001437253614 4.277540517E-05
43.8 0.0001437883436 3.423531989E-05
44 0.0001370013152 2.56877466E-05
44.2 0.0001370614035 3.426535088E-05
44.4 0.0001302654673 4.285048267E-05
44.6 0.0001166044776 8.573858648E-06
44.8 0.0001029314888 -8.577624067E-06
45 9.61115993E-05 3.432557118E-05
45.2 9.271978022E-05 3.434065934E-05
45.4 8.932497801E-05 8.588940193E-06
45.6 8.592718874E-05 8.592718874E-06
45.8 7.90878081E-05 -1.866318251E-21
46 8.256274769E-05 2.580085865E-05
46.2 7.915748899E-05 2.581222467E-05
46.4 7.91923755E-05 -8.607866902E-06
46.6 8.611662257E-05 -8.611662257E-06
46.8 7.926224085E-05 8.615460962E-06
47 6.895410415E-05 -1.723852604E-05
47.2 6.898454746E-05 -1.724613687E-05
47.4 6.556426678E-05 5.176126325E-05
47.6 6.214096332E-05 4.315344675E-05
47.8 5.871463307E-05 -1.726900973E-05
48 5.5285272E-05 -8.638323751E-06
48.2 5.530973451E-05 -2.592643805E-05
48.4 5.879260735E-05 -4.322985834E-05
48.6 6.573848539E-05 8.649800709E-06
48.8 6.576761187E-05 3.699430046E-21
49 6.925975177E-05 -3.462987589E-05
49.2 7.275498891E-05 -1.732261641E-05
49.4 7.625332742E-05 -3.466060337E-05
49.6 7.628717266E-05 -6.068297825E-05
49.8 7.97901865E-05 -1.734569272E-05
50 7.982563305E-05 -2.664232397E-20
50.2 8.333333333E-05 -4.340277778E-05
50.4 8.684415296E-05 -5.210649177E-05
50.6 9.035809609E-05 -1.737655694E-05
50.8 9.039830886E-05 4.346072541E-05
51 9.391696349E-05 3.478406055E-05
51.2 9.743875278E-05 -4.349944321E-05
51.4 0.0001009636809 -3.481506239E-05
51.6 0.0001044917521 1.741529202E-05
51.8 0.0001045383586 8.711529884E-06
52 0.0001045850067 -8.715417224E-06
52.2 0.0001081194196 1.743861607E-05
52.4 0.0001046784279 8.723202322E-06
52.6 0.0001047252011 8.727100089E-06
52.8 0.0001047720161 -2.619300402E-05
53 0.000104818873 -5.240943649E-05
53.2 0.0001083612975 -8.738814318E-06
53.4 0.0001049127126 -1.74854521E-05
53.6 0.0001049596955 -2.623992387E-05
53.8 0.0001050067204 -2.625168011E-05
54 0.0001015519946 -1.750896459E-05
54.2 0.0001051008969 -3.503363229E-05
54.4 0.0001086529834 -1.752467474E-05
54.6 0.0001122082585 8.766270197E-06
54.8 0.0001122586439 -8.770206556E-06
55 0.000108799416 -8.774146451E-06
55.2 0.0001053370787 -3.511235955E-05
55.4 0.0001053844424 -2.634611061E-05
55.6 0.0001089462438 -8.785987404E-06
55.8 0.0001054792979 -3.515976598E-05
56 0.0001055267897 -6.155729401E-05
56.2 0.0001055743243 -7.038288288E-05
56.4 0.0001056219018 -3.520730059E-05
56.6 0.0001091918395 8.805793508E-06
56.8 0.0001057171854 3.52390618E-05
57 0.0001057648917 2.644122292E-05
57.2 0.000102285553 -1.763544018E-05
57.4 0.0001023317525 -1.76434056E-05
57.6 0.0001059082693 8.82568911E-06
57.8 0.0001059561483 -2.648903707E-05
58 0.0001095375396 -3.533469019E-05
58.2 0.0001060520362 1.767533937E-05
58.4 9.902670892E-05 8.841670439E-06
58.6 0.0001132246377 8.845674819E-06
58.8 0.0001132759402 8.849682827E-06
59 0.000116868767 -8.85369447E-06
59.2 0.0001204648526 -4.909827671E-21
59.4 0.0001240642015 -1.772345735E-05
59.6 0.0001241205175 -3.546300499E-05
59.8 0.0001277247956 -6.208844233E-05
60 0.0001348818719 -3.549522944E-05
60.2 0.0001384943182 8.831319514E-21
60.4 0.0001314517963 -2.406051206E-20
60.6 0.0001279572338 -2.665775705E-05
60.8 0.0001209035048 -4.444981793E-05
61 0.000120958561 -3.557604736E-05
61.2 0.0001210136674 -4.449031891E-05
61.4 0.0001139471285 -1.780423883E-05
61.6 0.000113999088 -6.525977509E-21
61.8 0.0001069229015 -2.673072536E-05
62 0.0001069717024 -3.565723414E-05
62.2 0.0001105878995 -4.459189498E-05
62.4 0.0001106384194 -5.353471905E-05
62.6 0.0001106889854 -3.570612431E-05
62.8 0.0001071673525 -6.251428898E-05
63 0.0001107902562 -5.360818847E-05
63.2 0.000114416476 -3.575514874E-05
63.4 0.0001180460165 -5.365728022E-05
63.6 0.0001252576729 -1.789395328E-05
63.8 0.0001288955087 -1.826039474E-20
64 0.0001325366804 -2.686554333E-05
64.2 0.0001361811927 -6.271502294E-05
64.4 0.00013982905 -2.689020193E-05
64.6 0.0001398932507 1.793503214E-05
64.8 0.0001363688562 -1.794327056E-05
65 0.0001364315257 8.975758272E-06
65.2 0.0001364942529 7.183908046E-05
65.4 0.0001365570377 2.695204692E-05
65.6 0.0001366198803 1.797630005E-05
65.8 0.0001294889503 7.193830571E-05
66 0.0001295485951 6.297501152E-05
66.2 0.0001296082949 3.600230415E-05
66.4 0.0001224642692 1.800945136E-05
66.6 0.0001189172048 9.008879151E-06
66.8 0.0001189720812 -1.440258685E-20
67 0.0001154201293 1.888804437E-20
67.2 0.0001118648961 -9.021362587E-06
67.4 0.0001083063771 -3.610212569E-05
67.6 0.0001083564494 1.805940823E-05
67.8 0.000108406568 -8.97189494E-21
68 0.0001120719574 -1.807612217E-05
68.2 0.0001121238426 1.808449074E-05
68.4 0.0001121757758 -9.046433534E-06
68.6 0.0001194682576 2.715187674E-05
68.8 0.0001159017153 5.432892907E-05
69 0.0001195790816 2.717706401E-05
69.2 0.0001268851508 2.718967517E-05
69.4 0.0001269440576 3.626973073E-05
69.6 0.0001306316767 -8.161102722E-21
69.8 0.000134322723 1.75494642E-20
70 0.0001343851697 5.44804742E-05
70.2 0.0001308139535 6.359011628E-05
70.4 0.0001272394137 9.088529549E-06
70.6 0.0001309357542 -9.092760708E-06
70.8 0.0001273579413 -9.096995808E-06
71 0.0001201363001 -1.820246971E-05
71.2 0.0001201923077 -1.821095571E-05
71.4 0.0001166044776 -2.732917444E-05
71.6 0.0001130132991 -3.645590294E-05
71.8 0.0001130660598 -3.64729225E-05
72 0.0001094698739 -2.736746847E-05
72.2 0.0001168224299 -1.825350467E-05
72.4 0.0001059198223 -3.652407667E-05
72.6 0.0001096234799 -3.654115996E-05
72.8 0.0001060189518 -2.741869443E-05
73 0.0001060685861 9.143843633E-06
73.2 0.0001024590164 5.488875878E-05
73.4 9.152413308E-05 2.745723993E-05
73.6 8.057899672E-05 1.831340835E-05
73.8 6.962359287E-05 2.748299719E-05
74 6.232402628E-05 2.749589395E-05
74.2 5.868544601E-05 3.667840376E-05
74.4 5.137388445E-05 2.752172381E-05
74.6 4.038416353E-05 1.835643797E-05
74.8 3.305712271E-05 9.182534086E-06
75 2.939793039E-05 2.756055974E-05
75.2 2.941176471E-05 3.676470588E-05
75.4 2.574741055E-05 3.678201507E-05
75.6 2.207960433E-05 8.279851625E-05
75.8 1.840834119E-05 6.442919416E-05
76 1.473361622E-05 -8.170944522E-21
76.2 1.474056604E-05 2.977069597E-20
76.4 1.106064181E-05 -8.436669235E-21
76.6 1.475448536E-05 -9.221553352E-06
76.8 1.476145489E-05 9.225909306E-06
77 1.107632325E-05 1.846053875E-05
77.2 1.108156028E-05 3.693853428E-05
77.4 1.108680227E-05 4.619500946E-05
77.6 1.478939896E-05 2.773012305E-05
77.8 1.479640152E-05 4.623875473E-05
78 1.480341071E-05 3.700852676E-05
78.2 1.481042654E-05 -9.256516588E-06
78.4 1.481744903E-05 -1.852181128E-05
78.6 1.482447818E-05 -1.853059772E-05
78.8 1.4831514E-05 -3.7078785E-05
79 1.483855651E-05 -9.274097816E-06
79.2 1.48456057E-05 4.639251781E-05
79.4 1.11394962E-05 2.784874049E-05
79.6 1.114479315E-05 -1.8394726E-20
79.8 7.433396765E-06 2.787523787E-05
80 3.718467396E-06 2.788850547E-05
80.2 3.720238095E-06 -9.67874446E-21
80.4 3.722010481E-06 1.861005241E-05
80.6 3.723784557E-06 2.792838418E-05
80.8 3.725560324E-06 -3.725560324E-05
81 0 -5.591006679E-05
81.2 0 -2.796837709E-05
81.4 0 -3.730897803E-05
81.6 0 -2.799510272E-05
81.8 3.734464627E-06 -4.668080784E-05
82 7.472501196E-06 -7.472501196E-05
82.2 1.121411483E-05 -7.476076555E-05
82.4 1.495931067E-05 -5.609741503E-05
82.6 1.870809387E-05 -3.741618774E-05
82.8 2.246046957E-05 -9.358528989E-06
83 2.621644295E-05 -9.36301534E-06
83.2 2.622901679E-05 -3.747002398E-05
83.4 2.999040307E-05 9.37200096E-06
83.6 3.000480077E-05 3.750600096E-05
83.8 2.626681076E-05 -1.876200768E-05
84 2.627943296E-05 -1.877102355E-05
84.2 3.004807692E-05 2.817007212E-05
84.4 2.254689755E-05 1.518306634E-20
84.6 2.255774783E-05 -9.399061598E-06
84.8 2.256860857E-05 2.821076071E-05
85 1.881623314E-05 -9.40811657E-06
85.2 1.506024096E-05 -4.706325301E-05
85.4 1.130062681E-05 -4.708594503E-05
85.6 7.537385432E-06 -2.826519537E-05
85.8 3.770511583E-06 2.827883687E-05
86 3.772332207E-06 5.65849831E-05
86.2 7.548309179E-06 2.830615942E-05
86.4 1.510391493E-05 1.887989367E-05
86.6 2.266682785E-05 9.444511605E-06
86.8 3.023705854E-05 2.834724238E-05
87 3.781461762E-05 -9.453654405E-06
87.2 4.539951574E-05 -4.729116223E-05
87.4 5.299176357E-05 9.462814922E-06
87.6 5.680441105E-05 2.108763585E-20
87.8 6.062075655E-05 -9.47199321E-06
88 6.444080543E-05 1.895317807E-05
88.2 6.447208738E-05 2.844356796E-05
88.4 6.070908208E-05 -9.485794075E-06
88.6 6.073858115E-05 -1.898080661E-05
88.8 5.697010209E-05 9.495017015E-06
89 5.31979572E-05 1.899927043E-05
89.2 4.562043796E-05 3.801703163E-05
89.4 3.803554041E-05 9.508885102E-06
89.6 3.42486605E-05 -1.12768892E-20
89.8 3.045808967E-05 4.759076511E-05
90 2.666382253E-05 4.76139688E-05
90.2 2.286585366E-05 3.81097561E-05
90.4 2.287701318E-05 9.532088824E-06
90.6 1.907348633E-05 1.907348633E-05
90.8 1.526624328E-05 1.90828041E-05
91 1.145527859E-05 1.909213099E-05
91.2 7.640586797E-06 -9.550733496E-06
91.4 3.822162427E-06 -4.777703033E-05
91.6 3.824033284E-06 -9.560083211E-06
91.8 0 -5.738858962E-05
92 0 -2.870835375E-05
92.2 0 -9.574142157E-06
92.4 0 -4.789418833E-05
92.6 3.833415113E-06 -3.833415113E-05
92.8 7.670594011E-06 -1.917648503E-05
93 1.534872299E-05 9.592951866E-06
93.2 1.91953317E-05 -9.597665848E-06
93.4 1.920476893E-05 -1.920476893E-05
93.6 1.921421545E-05 -1.921421545E-05
93.8 1.922367126E-05 2.883550689E-05
94 1.538650911E-05 4.808284097E-05
94.2 1.15455665E-05 -9.621305419E-06
94.4 7.700837851E-06 -5.775628388E-05
94.6 7.704635108E-06 -8.667714497E-05
94.8 1.156265417E-05 -5.781327084E-05
95 1.15683613E-05 9.640301086E-06
95.2 7.716049383E-06 -2.893518519E-05
95.4 1.157979249E-05 -4.824913538E-05
95.6 7.723677706E-06 1.354554924E-20
95.8 7.727497527E-06 -1.918912373E-20
96 7.731321128E-06 1.20581311E-20
96.2 3.867574257E-06 2.292503867E-20
96.4 0 1.979679054E-20
96.6 3.871407334E-06 1.935703667E-05
96.8 0 1.936663361E-05
97 0 -9.68812004E-06
97.2 0 -2.907878412E-05
97.4 0 -9.697740814E-06
97.6 0 1.940511674E-05
97.8 0 7.63663959E-21
98 3.884883143E-06 -3.884883143E-05
98.2 3.88681592E-06 -3.88681592E-05
98.4 3.888750622E-06 9.721876556E-06
98.6 3.890687251E-06 1.945343625E-05
98.8 3.89262581E-06 1.584579618E-20
99 3.894566301E-06 -1.947283151E-05
99.2 3.896508728E-06 -3.896508728E-05
99.4 3.898453094E-06 -9.746132735E-06
99.6 3.900399401E-06 -1.9501997E-05
99.8 3.902347652E-06 -1.951173826E-05
100 7.808595702E-06 9.919912815E-21
100.2 3.90625E-06 -2.9296875E-05
100.4 7.816408204E-06 -3.908204102E-05
100.6 7.82032032E-06 1.95508008E-05
100.8 3.912118177E-06 -9.780295443E-06
101 3.914078156E-06 -2.935558617E-05
101.2 3.9160401E-06 -3.221880485E-21
101.4 3.918004012E-06 9.79501003E-06
101.6 7.839939789E-06 2.939977421E-05
101.8 3.921937751E-06 -1.19598847E-22
102 0 -9.80976896E-06
102.2 0 -2.944409548E-05
102.4 0 -3.927853193E-05
102.6 0 -2.94737173E-05
102.8 0 -9.82951686E-06
103 0 -1.966893253E-05
103.2 0 -1.967884131E-05
103.4 0 -9.84438004E-06
103.6 0 -2.954803328E-05
103.8 0 -3.94172553E-05
104 3.943715295E-06 -3.943715295E-05
104.2 3.945707071E-06 -9.864267677E-06
104.4 0 1.97385043E-05
104.6 0 -9.874241658E-06
104.8 0 -1.975847243E-05
105 0 9.88423583E-06
105.2 0 1.977848101E-05
105.4 0 -9.894250253E-06
105.6 0 -2.969779524E-05
105.8 0 -3.961713996E-05
106 0 -5.945585997E-05
106.2 0 -2.97430203E-05
106.4 0 -9.919375317E-06
106.6 0 2.806294052E-21
106.8 0 9.929461108E-06
107 0 2.98035351E-05
107.2 0 5.963740458E-05
107.4 0 1.988925662E-05
107.6 0 -3.085657273E-20
107.8 0 3.981906218E-05
108 0 3.983936767E-05
108.2 0 9.964923469E-06
108.4 0 -9.970010209E-06
108.6 0 1.771934092E-21
108.8 0 1.996039857E-05
109 0 3.994120654E-05
109.2 0 2.997122762E-05
109.4 0 -1.775561388E-21
109.6 0 2.000128008E-05
109.8 0 1.000576332E-05
110 0 2.001581779E-21
110.2 0 1.001602564E-05
110.4 0 -1.00211647E-05
110.6 0 -2.84964842E-20
110.8 0 5.015729327E-05
111 0 8.029290853E-05
111.2 0 7.029241645E-05
111.4 0 7.03285751E-05
111.6 0 5.026055069E-05
111.8 0 3.017185891E-05
112 0 2.01249356E-05
112.2 0 -2.013056018E-20
112.4 0 1.007284683E-05
112.6 4.03121775E-06 1.007804438E-05
112.8 8.066597832E-06 -1.008324729E-05
113 4.035382231E-06 1.008845558E-05
113.2 0 2.01873385E-05
113.4 0 2.713715166E-21
113.6 0 -2.213899456E-20
113.8 0 -1.010934265E-05
114 0 2.022915588E-05
114.2 0 4.047927461E-05
114.4 0 2.02501296E-05
114.6 4.052126556E-06 5.065158195E-05
114.8 4.054229372E-06 4.054229372E-05
115 4.056334372E-06 -1.524546748E-20
115.2 8.116883117E-06 6.838301912E-21
115.4 4.060550936E-06 2.538173284E-20
115.6 4.062662507E-06 1.015665627E-05
115.8 8.129552549E-06 -3.610246568E-21
116 8.133784487E-06 -3.050169183E-05
116.2 8.138020833E-06 -5.086263021E-05
116.4 8.142261595E-06 -2.035565399E-05
116.6 4.073253389E-06 1.018313347E-05
116.8 0 -5.094222744E-05
117 0 -4.077505219E-05
117.2 0 2.039817232E-05
117.4 0 6.838997772E-21
117.6 0 -6.125849451E-05
117.8 0 -5.107544456E-05
118 0 -2.044086866E-05
118.2 0 -5.11289267E-05
118.4 0 -1.023114196E-05
118.6 4.094601677E-06 5.118252096E-05
118.8 1.229024646E-05 1.024187205E-05
119 1.639559286E-05 -2.049449108E-05
119.2 8.202099738E-06 -1.025262467E-05
119.4 8.206407563E-06 -5.129004727E-05
119.6 8.210719916E-06 -2.052679979E-05
119.8 8.215036803E-06 4.107518402E-05
120 8.219358233E-06 3.082259337E-05
120.2 4.111842105E-06 2.055921053E-05
120.4 0 -2.019902304E-21
120.6 4.116174921E-06 3.985422947E-22
120.8 4.118344755E-06 1.029586189E-05
121 0 -1.030129219E-05
121.2 0 2.061345646E-05
121.4 0 3.610447451E-20
121.6 0 -3.095285261E-05
121.8 0 -2.064614165E-05
122 0 5.762533405E-21
122.2 0 3.774026753E-20
122.4 0 -3.101839598E-05
122.6 0 -5.172470869E-05
122.8 0 -4.140169581E-05
123 0 -2.071182397E-05
123.2 0 -3.108421751E-05
123.4 0 1.929839715E-20
123.6 0 1.133626169E-20
123.8 0 -5.754909947E-21
124 0 1.038343966E-05
124.2 0 1.038896277E-05
124.4 0 1.039449175E-05
124.6 0 5.200013312E-05
124.8 0 6.243340437E-05
125 0 3.123334222E-05
125.2 0 2.083333333E-05
125.4 0 1.042222519E-05
125.6 0 5.213894821E-05
125.8 0 5.216680021E-05
126 0 4.175574559E-05
126.2 0 4.177807487E-05
126.4 0 1.045010701E-05
126.6 0 4.182280514E-05
126.8 0 2.092260311E-05
127 0 -1.046690782E-05
127.2 0 -1.257535388E-21
127.4 4.191255365E-06 -5.239069206E-05
127.6 4.193505099E-06 -5.241881374E-05
127.8 1.258727175E-05 -3.146817938E-05
128 1.259403546E-05 2.099005911E-05
128.2 1.260080645E-05 5.250336022E-05
128.4 1.260758472E-05 1.05063206E-05
128.6 1.681916039E-05 -2.102395048E-05
128.8 1.682821756E-05 -1.051763597E-05
129 1.683728448E-05 2.10466056E-05
129.2 1.684636119E-05 2.105795148E-05
129.4 1.685544768E-05 2.10693096E-05
129.6 1.264840799E-05 3.162101997E-05
129.8 1.265523758E-05 2.109206263E-05
130 1.266207455E-05 -1.05517288E-05
130.2 1.266891892E-05 -3.16722973E-05
130.4 1.267577069E-05 -1.056314224E-05
130.6 1.268262987E-05 1.056885823E-05
130.8 1.268949648E-05 -2.11491608E-05
131 1.269637053E-05 -1.058030878E-05
131.2 1.270325203E-05 1.058604336E-05
131.4 1.2710141E-05 -1.059178416E-05
131.6 1.271703744E-05 1.05975312E-05
131.8 1.272394137E-05 4.241313789E-05
132 1.27308528E-05 5.304521999E-05
132.2 1.273777174E-05 6.36888587E-05
132.4 1.274469821E-05 4.248232735E-05
132.6 1.275163221E-05 5.313180087E-05
132.8 1.275857376E-05 5.316072401E-05
133 1.276552288E-05 -1.063793573E-05
133.2 1.277247956E-05 -1.064373297E-05
133.4 1.277944384E-05 2.129907306E-05
133.6 1.278641571E-05 5.327673213E-05
133.8 1.27933952E-05 6.396697598E-05
134 1.28003823E-05 6.400191152E-05
134.2 1.280737705E-05 2.134562842E-05
134.4 1.708583926E-05 -1.067864954E-05
134.6 1.7095186E-05 -7.208133032E-21
134.8 2.138067871E-05 -2.787006312E-20
135 2.567086528E-05 -1.069619387E-05
135.2 3.424657534E-05 -3.210616438E-05
135.4 3.854851974E-05 2.14158443E-05
135.6 4.285518376E-05 7.499657159E-05
135.8 4.287870472E-05 3.215902854E-05
136 4.290225151E-05 3.217668863E-05
136.2 4.721840659E-05 6.438873626E-05
136.4 4.724436504E-05 1.073735569E-05
136.6 4.29730473E-05 -1.273006034E-20
136.8 3.869702807E-05 1.074917446E-05
137 3.8718337E-05 -2.151018722E-05
137.2 4.304407713E-05 -3.228305785E-05
137.4 3.876102536E-05 -2.153390298E-05
137.6 4.740071704E-05 1.077289024E-05
137.8 4.311534216E-05 1.621853907E-20
138 4.313914964E-05 -4.313914964E-05
138.2 4.747928177E-05 -6.474447514E-05
138.4 5.614289663E-05 -9.717039801E-05
138.6 6.049502212E-05 -2.160536504E-05
138.8 6.485196458E-05 5.404330382E-05
139 6.9213732E-05 1.081464563E-05
139.2 6.925207756E-05 1.082063712E-05
139.4 6.929046563E-05 1.082663525E-05
139.6 6.499584027E-05 -2.166528009E-05
139.8 6.936736959E-05 2.418388864E-21
140 7.808162132E-05 -1.084466963E-05
140.2 7.8125E-05 -4.340277778E-05
140.4 7.382573652E-05 2.171345192E-05
140.6 7.386679644E-05 4.345105673E-05
140.8 7.825542571E-05 -1.086880913E-05
141 7.829899777E-05 2.17497216E-05
141.2 7.39902507E-05 2.176183844E-05
141.4 7.838628763E-05 1.088698439E-05
141.6 8.278722811E-05 -1.089305633E-05
141.8 8.283342634E-05 -9.80922154E-05
142 7.851758794E-05 -0.0001090522055
142.2 8.292597765E-05 -4.36452514E-05
142.4 8.73392957E-05 -1.091741196E-05
142.6 8.301873602E-05 -5.461758949E-05
142.8 7.432148853E-05 -4.371852266E-05
143 6.998880179E-05 -7.434478683E-21
143.2 7.00280112E-05 2.18837535E-05
143.4 7.006726457E-05 -2.06115341E-20
143.6 6.572490185E-05 -7.667905216E-05
143.8 6.576178451E-05 -5.480148709E-05
144 6.141212802E-05 -1.221789773E-20
144.2 5.266853933E-05 -1.097261236E-05
144.4 4.830663294E-05 -3.293634064E-05
144.6 4.833380202E-05 -5.492477503E-05
144.8 4.396454699E-05 2.198227349E-05
145 3.519144144E-05 5.498662725E-05
145.2 3.961267606E-05 3.301056338E-05
145.4 3.963500564E-05 2.201944758E-05
145.6 3.525098703E-05 -3.304780034E-05
145.8 3.086202032E-05 -2.419394965E-20
146 3.087944664E-05 3.30851214E-05
146.2 3.089689266E-05 2.206920904E-05
146.4 3.533069531E-05 3.312252685E-05
146.6 2.651300905E-05 4.418834842E-05
146.8 2.652801358E-05 3.316001698E-05
147 1.769535674E-05 2.211919592E-05
147.2 1.770538244E-05 2.213172805E-05
147.4 2.214427438E-05 -4.428854875E-05
147.6 3.101956892E-05 -7.754892229E-05
147.8 2.660329171E-05 -7.759293417E-05
148 3.105479841E-05 -0.0001109099943
148.2 3.551136364E-05 -3.329190341E-05
148.4 3.553155202E-05 -2.220722001E-05
148.6 3.110779295E-05 -4.443970421E-05
148.8 3.112549801E-05 -3.334874787E-05
149 2.669419134E-05 -3.336773918E-05
149.2 3.116096866E-05 2.225783476E-05
149.4 3.117873432E-05 1.113526226E-05
149.6 3.5653166E-05 1.114161438E-05
149.8 3.567351598E-05 3.344392123E-05
150 4.015562536E-05 1.115434038E-05
150.2 4.464285714E-05 2.232142857E-05
150.4 4.466838193E-05 1.771021103E-20
150.6 4.916332952E-05 2.234696796E-05
150.8 5.366342301E-05 4.471951918E-05
151 5.369415808E-05 2.237256586E-05
151.2 5.372492837E-05 2.238538682E-05
151.4 5.375573394E-05 1.119911124E-05
151.6 6.275100402E-05 2.241107286E-05
151.8 6.727181401E-05 5.605984501E-05
152 7.628518093E-05 6.731045376E-05
152.2 8.979885057E-05 2.384413097E-20
152.4 9.883553767E-05 -4.492524439E-05
152.6 0.0001033875144 3.371331991E-05
152.8 0.0001124424295 4.497697179E-05
153 0.0001170074885 -3.375216014E-05
153.2 0.0001260806916 -1.944254716E-20
153.4 0.0001351643599 4.505478662E-05
153.6 0.0001397504328 2.254039238E-05
153.8 0.0001488524827 3.38301097E-05
154 0.0001624783362 4.513287117E-05
154.2 0.0001625722543 -1.128973988E-05
154.4 0.0001671847889 -1.129626952E-05
154.6 0.000171802662 3.390842014E-05
154.8 0.0001673784019 3.392805443E-05
155 0.0001629490151 4.52636153E-05
155.2 0.0001539855072 4.528985507E-05
155.4 0.000154074826 1.132903132E-05
155.6 0.0001541642484 1.13356065E-05
155.8 0.0001542537747 6.805313589E-05
156 0.0001498038931 6.809267868E-05
156.2 0.0001498909884 -1.135537791E-05
156.4 0.0001454333915 -3.408595113E-05
156.6 0.0001455180442 -2.273719441E-05
156.8 0.0001547029703 -1.13752184E-05
157 0.0001502403846 2.276369464E-05
157.2 0.0001457725948 6.833090379E-05
157.4 0.0001504156943 5.697564177E-05
157.6 0.0001550642148 -1.14017805E-05
157.8 0.0001551547897 2.281688084E-05
158 0.0001689436002 3.424532437E-05
158.2 0.0001736111111 -4.56871345E-05
158.4 0.0001782840843 1.142846694E-05
158.6 0.0001646662763 2.164493993E-20
158.8 0.0001739162273 1.144185706E-05
159 0.0001602798945 9.158851114E-05
159.2 0.0001695381232 3.436583578E-05
159.4 0.0001650528169 1.146200117E-05
159.6 0.0001605622431 3.440619495E-05
159.8 0.0001652467685 2.295094007E-05
160 0.000179122575 -4.230268257E-21
160.2 0.0001792279412 3.446691176E-05
160.4 0.0001701368452 5.747866392E-05
160.6 0.0001748380448 2.300500589E-05
160.8 0.0001887522098 4.603712434E-05
161 0.0001842570755 0.0001151606722
161.2 0.0001751474926 8.06600295E-05
161.4 0.0001660271547 -2.305932704E-05
161.6 0.000170739811 -3.460942115E-05
161.8 0.0001800753546 3.56147659E-21
162 0.0001848018924 5.775059137E-05
162.2 0.0001849112426 6.934171598E-05
162.4 0.0001850207223 2.312759029E-05
162.6 0.0001851303318 -1.157064573E-05
162.8 0.0001898710729 -3.473251334E-05
163 0.0001899836892 -2.316874259E-05
163.2 0.0001854599407 -1.159124629E-05
163.4 0.000190209323 1.159812945E-05
163.6 0.0001903223411 -4.642008318E-05
163.8 0.0001904354935 -4.644768133E-05
164 0.0001905487805 -4.647531231E-05
164.2 0.0001906622024 -0.0001162574405
164.4 0.0001907757594 -3.489800476E-05
164.6 0.0001908894517 1.163960072E-05
164.8 0.0001910032797 -8.15257901E-05
165 0.0001864558473 -0.000128188395
165.2 0.0001819029851 -0.0001166044776
165.4 0.0001773446834 -0.0001283415472
165.6 0.0001821204423 -0.0001284182606
165.8 0.0001775568182 -0.0001051323266
166 0.0001729877319 -0.0001051952424
166.2 0.0001730913174 -8.186751497E-05
166.4 0.0001685140803 -9.361893349E-05
166.6 0.0001686151079 -8.196567746E-05
166.8 0.0001687162567 -1.076370948E-20
167 0.000168817527 -2.344687875E-05
167.2 0.0001595345345 -8.211336336E-05
167.4 0.0001643254207 -7.042518029E-05
167.6 0.0001550285628 -8.221211666E-05
167.8 0.0001457205174 -5.875827316E-05
168 0.0001364012643 4.044738718E-22
168.2 0.0001270707831 -7.059487952E-05
168.4 0.0001224382158 -4.709162146E-05
168.6 0.0001178000603 1.178000603E-05
168.8 0.0001131563066 -1.178711527E-05
169 0.0001132246377 -4.717693237E-05
169.2 0.0001038519637 -9.441087613E-05
169.4 0.0001039147521 -3.542548368E-05
169.6 9.925136116E-05 3.54469147E-05
169.8 8.985320823E-05 1.182279056E-05
170 8.04436705E-05 -1.539302869E-20
170.2 7.575757576E-05 -1.183712121E-05
170.4 6.632807762E-05 1.184429958E-05
170.6 5.688713592E-05 5.925743325E-05
170.8 5.217820279E-05 1.185868245E-05
171 4.27171932E-05 3.5597661E-05
171.2 3.799392097E-05 5.936550152E-05
171.4 3.801703163E-05 3.564096715E-05
171.6 3.328514912E-05 1.188755326E-05
171.8 2.854750305E-05 1.189479294E-05
172 2.380408288E-05 -1.190204144E-05
172.2 1.905487805E-05 -1.190929878E-05
172.4 1.429987797E-05 7.149938987E-05
172.6 4.76953602E-06 7.154304029E-05
172.8 4.772449603E-06 1.241186927E-20
173 4.775366748E-06 2.387683374E-05
173.2 0 3.583715596E-05
173.4 4.78121175E-06 -3.585908813E-05
173.6 4.78413962E-06 -4.78413962E-05
173.8 4.787071078E-06 2.393535539E-05
174 9.580012262E-06 9.580012262E-05
174.2 1.917177914E-05 4.792944785E-05
174.4 1.918354819E-05 -4.795887047E-05
174.6 1.439649877E-05 -1.199708231E-05
174.8 9.603564843E-06 4.801782422E-05
175 4.804735547E-06 2.402367774E-05
175.2 4.807692308E-06 -4.807692308E-05
175.4 9.621305419E-06 -9.621305419E-05
175.6 9.627233518E-06 -4.813616759E-05
175.8 4.816584464E-06 -4.816584464E-05
176 4.81955583E-06 -4.81955583E-05
176.2 4.822530864E-06 -4.822530864E-05
176.4 9.651019148E-06 -6.031886967E-05
176.6 9.656983931E-06 -3.621368974E-05
176.8 9.662956092E-06 -2.415739023E-05
177 9.668935644E-06 -2.417233911E-05
177.2 9.674922601E-06 -3.628095975E-05
177.4 9.680916976E-06 -7.260687732E-05
177.6 9.686918785E-06 -7.265189089E-05
177.8 9.69292804E-06 -4.84646402E-05
178 9.698944755E-06 -4.849472377E-05
178.2 9.704968944E-06 -6.06560559E-05
178.4 9.711000622E-06 -6.069375388E-05
178.6 4.8585199E-06 -3.643889925E-05
178.8 4.861543248E-06 -1.215385812E-05
179 4.864570361E-06 -2.432285181E-05
179.2 9.735202492E-06 -6.084501558E-05
179.4 9.74127182E-06 -3.652976933E-05
179.6 9.747348721E-06 -2.43683718E-05
179.8 9.753433208E-06 1.219179151E-05
180 4.879762648E-06 3.659821986E-05
180.2 9.765625E-06 2.44140625E-05
180.4 9.771732333E-06 3.664399625E-05
180.6 4.888923655E-06 1.222230914E-05
180.8 4.891984972E-06 3.668988729E-05
181 4.895050125E-06 3.671287594E-05
181.2 4.898119122E-06 2.449059561E-05
181.4 4.90119197E-06 1.225297992E-05
181.6 4.904268675E-06 -1.226067169E-05
181.8 0 2.453674623E-05
182 4.91043369E-06 1.227608422E-05
182.2 4.913522013E-06 1.228380503E-05
182.4 4.916614223E-06 3.050593341E-20
182.6 4.919710327E-06 -2.459855164E-05
182.8 4.922810334E-06 2.772308086E-20
183 4.92591425E-06 -4.92591425E-05
183.2 4.929022082E-06 -6.161277603E-05
183.4 4.932133838E-06 -6.165167298E-05
183.6 4.935249526E-06 -4.935249526E-05
183.8 4.938369153E-06 1.234592288E-05
184 9.882985452E-06 -1.235373182E-05
184.2 4.944620253E-06 -2.472310127E-05
184.4 4.947751742E-06 2.473875871E-05
184.6 4.950887199E-06 1.2377218E-05
184.8 4.954026633E-06 1.159768369E-20
185 4.957170051E-06 2.160159151E-20
185.2 4.96031746E-06 4.428560358E-20
185.4 0 2.481734435E-05
185.6 0 9.821280007E-21
185.8 0 3.727337786E-05
186 0 4.972947167E-05
186.2 0 2.488057325E-05
186.4 0 3.734464627E-05
186.6 0 4.982461735E-05
186.8 0 4.985641353E-05
187 0 1.247206258E-05
187.2 0 2.49600639E-05
187.4 0 4.995204604E-05
187.6 0 2.499200256E-05
187.8 0 -3.109619547E-21
188 0 2.502402306E-05
188.2 0 2.50400641E-05
188.4 0 2.505612572E-05
188.6 0 6.26805199E-05
188.8 0 3.763246628E-05
189 0 -2.510443445E-05
189.2 0 5.893875263E-21
189.4 0 2.513674389E-05
189.6 0 -1.257646491E-05
189.8 0 2.51691366E-05
190 0 2.518536428E-05
190.2 0 -2.52016129E-05
190.4 0 1.260894125E-05
190.6 0 1.261708656E-05
190.8 0 1.062872913E-21
191 0 3.790022639E-05
191.2 0 1.264158576E-05
191.4 0 -5.059909326E-05
191.6 0 -2.531594297E-05
191.8 0 1.266618029E-05
192 0 -6.33719987E-05
192.2 0 -7.609577922E-05
192.4 0 -2.538174139E-05
192.6 0 -2.539824447E-05
192.8 0 1.397040622E-20
193 0 1.271565755E-05
193.2 0 1.272394137E-05
193.4 0 -1.273223598E-05
193.6 0 -2.548108284E-05
193.8 0 1.27488577E-05
194 0 1.275718485E-05
194.2 0 1.276552288E-05
194.4 0 1.277387181E-05
194.6 0 1.278223168E-05
194.8 0 2.558120498E-05
195 0 3.111363691E-21
195.2 0 -2.56147541E-05
195.4 0 -1.281578084E-05
195.6 0 -1.282419567E-05
195.8 0 -1.283262155E-05
196 0 1.284105851E-05
196.2 0 2.666408411E-20
196.4 0 1.470423929E-20
196.6 0 2.257971078E-20
196.8 0 -1.28749176E-05
197 0 -2.576682058E-05
197.2 0 -2.578382838E-05
197.4 0 2.580085865E-05
197.6 0 2.581791143E-05
197.8 0 2.583498677E-05
198 0 2.585208471E-05
198.2 0 -1.293460265E-05
198.4 5.177269715E-06 1.294317429E-05
198.6 5.180702918E-06 5.180702918E-05
198.8 0 2.592070338E-05
199 0 2.875137311E-20
199.2 0 1.353525702E-20
199.4 0 4.073191127E-21
199.6 0 1.943502994E-20
199.8 0 2.600699068E-05
200 0 6.50607928E-05
200.2 0 5.847172184E-21
200.4 0 -6.51475984E-05
200.6 0 -3.911465287E-05
200.8 0 -3.914078156E-05
201 0 -6.527824198E-05
201.2 0 -5.225752508E-05
201.4 5.229250335E-06 -3.921937751E-05
201.6 1.569825854E-05 -6.540941058E-05
201.8 1.570878016E-05 -6.545325067E-05
202 1.57193159E-05 -6.549714956E-05
202.2 1.572986577E-05 -7.864932886E-05
202.4 1.574042982E-05 -7.870214909E-05
202.6 1.575100806E-05 -6.562920027E-05
202.8 1.576160054E-05 -1.313466711E-05
203 1.577220727E-05 -2.628701211E-05
203.2 2.104377104E-05 -1.31523569E-05
203.4 2.105795148E-05 2.632243935E-05
203.6 3.160822657E-05 -3.345546002E-20
203.8 3.162955466E-05 -2.635796221E-05
204 4.22012154E-05 -3.21009644E-20
204.2 4.750844595E-05 -5.994448803E-20
204.4 5.810513861E-05 -5.282285328E-05
204.6 5.814445196E-05 -2.642929635E-05
204.8 6.34732566E-05 -2.076410106E-22
205 6.880928184E-05 -1.32325542E-05
205.2 6.88559322E-05 -3.310676096E-20
205.4 6.360244233E-05 -9.036812744E-21
205.6 6.364562118E-05 2.816858453E-20
205.8 6.899626359E-05 1.326851223E-05
206 6.3732155E-05 2.655506458E-05
206.2 6.37755102E-05 1.375595155E-21
206.4 6.381892444E-05 -2.659121852E-05
206.6 6.386239782E-05 -2.660933243E-05
206.8 6.390593047E-05 -5.325494206E-05
207 5.862039563E-05 -5.329126876E-05
207.2 5.866040956E-05 -2.666382253E-05
207.4 5.336407104E-05 2.682072497E-20
207.6 4.806049214E-05 -3.037085362E-20
207.8 4.809336525E-05 1.335926813E-05
208 3.743155373E-05 2.673682409E-05
208.2 3.210616438E-05 1.337756849E-05
208.4 3.212816998E-05 1.338673749E-05
208.6 4.286694102E-05 5.358367627E-05
208.8 3.753431709E-05 4.021533974E-05
209 3.756009615E-05 -1.788733019E-20
209.2 3.758591065E-05 -1.342353952E-05
209.4 3.223865199E-05 -1.343277166E-05
209.6 2.688403304E-05 -2.688403304E-05
209.8 2.690254821E-05 -1.34512741E-05
210 2.153687112E-05 1.346054445E-05
210.2 1.61637931E-05 -1.346982759E-05
210.4 1.617494824E-05 3.02640272E-20
210.6 1.618611878E-05 1.348843232E-05
210.8 1.619730477E-05 -1.349775397E-05
211 1.620850622E-05 -6.633034482E-21
211.2 2.162629758E-05 4.054930796E-05
211.4 2.70515928E-05 5.41031856E-05
211.6 2.707033957E-05 6.767584893E-05
211.8 2.708911234E-05 5.417822469E-05
212 3.252949341E-05 1.355395559E-05
212.2 3.797743056E-05 2.712673611E-05
212.4 4.343293954E-05 2.714558721E-05
212.6 4.346314325E-05 -1.358223227E-05
212.8 4.3493389E-05 -1.359168406E-05
213 4.896413649E-05 -8.660305413E-21
213.2 5.444250871E-05 -2.722125436E-05
213.4 4.903242678E-05 -4.086035565E-05
213.6 4.361479414E-05 -4.08888695E-05
213.8 3.818959497E-05 -5.455656425E-05
214 3.275681342E-05 -5.459468903E-05
214.2 2.731643357E-05 -2.731643357E-05
214.4 2.186843947E-05 1.837157664E-21
214.6 1.641281513E-05 -1.561500454E-20
214.8 1.642431675E-05 -2.737386125E-05
215 1.64358345E-05 -6.848264376E-05
215.2 1.644736842E-05 -5.48245614E-05
215.4 1.645891854E-05 1.371576545E-05
215.6 1.647048489E-05 9.607782853E-05
215.8 1.648206751E-05 6.867528129E-05
216 1.649366643E-05 -4.123416608E-05
216.2 1.650528169E-05 -1.375440141E-05
216.4 1.651691332E-05 2.752818887E-05
216.6 1.652856135E-05 -3.071710921E-20
216.8 1.654022583E-05 2.756704305E-05
217 1.655190678E-05 4.137976695E-05
217.2 1.656360424E-05 2.760600707E-05
217.4 1.657531825E-05 4.143829562E-05
217.6 1.658704883E-05 5.529016277E-05
217.8 1.659879603E-05 6.916165014E-05
218 1.661055989E-05 8.305279943E-05
218.2 1.662234043E-05 9.696365248E-05
218.4 1.663413769E-05 6.930890703E-05
218.6 2.219460227E-05 2.774325284E-05
218.8 2.221037669E-05 2.776297086E-05
219 1.666963016E-05 2.778271693E-05
219.2 2.224199288E-05 -1.211580293E-20
219.4 3.338675214E-05 -1.391114672E-05
219.6 3.341054882E-05 -9.67593741E-21
219.8 3.900677603E-05 -1.393099144E-05
220 4.461099215E-05 -1.394093505E-05
220.2 5.022321429E-05 -2.583848282E-20
220.4 5.584345961E-05 -1.39608649E-05
220.6 5.029506438E-05 -1.397085122E-05
220.8 5.033106657E-05 -1.631508658E-20
221 5.596346705E-05 -4.266203204E-21
221.2 5.600358423E-05 1.400089606E-05
221.4 4.483500717E-05 2.731365471E-20
221.6 3.925879397E-05 -1.402099785E-05
221.8 3.367456897E-05 -4.209321121E-05
222 3.931524083E-05 -4.212347232E-05
222.2 3.934352518E-05 -1.405125899E-05
222.4 2.812275018E-05 -1.566796995E-20
222.6 1.688580692E-05 -3.024419383E-21
222.8 1.126532084E-05 1.408165105E-05
223 5.636724387E-06 5.636724387E-05
223.2 5.640794224E-06 1.410198556E-05
223.4 5.644869942E-06 -4.233652457E-05
223.6 1.129790311E-05 -5.648951555E-05
223.8 1.130607815E-05 -2.826519537E-05
224 1.697139754E-05 -1.414283128E-05
224.2 2.264492754E-05 5.235484767E-21
224.4 3.399202321E-05 5.665337201E-05
224.6 3.968613933E-05 8.504172714E-05
224.8 4.538852578E-05 2.836782861E-05
225 5.109920058E-05 -1.419422238E-05
225.2 5.113636364E-05 -2.840909091E-05
225.4 5.117358079E-05 -7.107441776E-05
225.6 5.121085215E-05 -2.845047342E-05
225.8 4.555393586E-05 5.694241983E-05
226 4.558716265E-05 4.273796499E-05
226.2 4.562043796E-05 -1.425638686E-05
226.4 4.565376187E-05 4.280040175E-05
226.6 4.56871345E-05 9.994060673E-05
226.8 4.000548647E-05 2.857534748E-05
227 3.431551977E-05 1.429813324E-05
227.2 2.861721612E-05 -6.372398026E-21
227.4 2.291055718E-05 -4.295729472E-05
227.6 1.719552458E-05 -2.865920763E-05
227.8 1.147209985E-05 -2.868024963E-05
228 1.148052902E-05 3.576299953E-20
228.2 1.148897059E-05 3.985853667E-20
228.4 1.724613687E-05 -1.437178072E-05
228.6 2.301178203E-05 1.438236377E-05
228.8 2.878592483E-05 2.878592483E-05
229 3.456858407E-05 3.787178284E-20
229.2 4.03597786E-05 -1.441420664E-05
229.4 4.615952733E-05 1.519717392E-20
229.6 5.196784922E-05 -1.443551367E-05
229.8 5.778476331E-05 -1.444619083E-05
230 6.361028868E-05 -1.445688379E-05
230.2 6.944444444E-05 -4.340277778E-05
230.4 7.528724981E-05 -7.239158636E-05
230.6 8.113872404E-05 -0.000101423405
230.8 8.119896065E-05 -8.699888641E-05
231 8.706352155E-05 2.902117385E-05
231.2 8.13197026E-05 4.356412639E-05
231.4 7.556733631E-05 -3.324047696E-20
231.6 6.980640357E-05 2.908600149E-05
231.8 6.403688525E-05 7.276918778E-05
232 5.825876212E-05 5.825876212E-05
232.2 5.247201493E-05 -2.91511194E-05
232.4 4.667662435E-05 -7.293222554E-05
232.6 3.503363229E-05 1.459734679E-05
232.8 2.921652954E-05 8.764958863E-05
233 2.339071856E-05 2.92383982E-05
233.2 1.755617978E-05 -4.389044944E-05
233.4 1.171289355E-05 -1.464111694E-05
233.6 5.86084021E-06 2.930420105E-05
233.8 0 1.46631006E-05
234 5.869646882E-06 2.280974354E-20
234.2 1.17481203E-05 2.937030075E-05
234.4 1.175696012E-05 5.87848006E-05
234.6 1.764871988E-05 1.204505885E-21
234.8 2.943669932E-05 1.471834966E-05
235 4.124245852E-05 5.891779789E-05
235.2 4.127358491E-05 4.422169811E-05
235.4 4.130475831E-05 7.375849698E-05
235.6 4.133597884E-05 7.381424792E-05
235.8 4.727685325E-05 1.477401664E-05
236 4.731264194E-05 -1.478520061E-05
236.2 3.551136364E-05 1.479640152E-05
236.4 3.553828658E-05 4.442285823E-05
236.6 4.742033384E-05 2.963770865E-05
236.8 5.338838269E-05 2.96602126E-05
237 5.342895137E-05 1.484137538E-05
237.2 5.346958175E-05 3.260690746E-21
237.4 5.945585997E-05 -7.40775275E-21
237.6 6.545125666E-05 -2.975057121E-05
237.8 6.550114329E-05 -1.488662348E-05
238 5.959191457E-05 -5.504661143E-21
238.2 5.367366412E-05 -7.454675573E-05
238.4 5.968296409E-05 -8.952444614E-05
238.6 5.972859327E-05 -1.493214832E-05
238.8 5.379686305E-05 2.988714614E-05
239 5.383805513E-05 -1.495501531E-05
239.2 5.387931034E-05 -2.993295019E-05
239.4 5.392062883E-05 -1.497795245E-05
239.6 4.796623177E-05 -1.498944743E-05
239.8 4.200268817E-05 -1.500096006E-05
240 3.602997694E-05 -3.987310013E-21
240.2 3.004807692E-05 3.004807692E-05
240.4 2.40569669E-05 -1.938394471E-20
240.6 1.805662558E-05 -1.504718798E-05
240.8 1.204703161E-05 -1.505878951E-05
241 1.205632716E-05 -6.02816358E-05
241.2 1.206563707E-05 -4.5246139E-05
241.4 6.03748068E-06 -1.50937017E-05
241.6 0 -4.531612529E-05
241.8 0 -4.535119969E-05
242 0 -6.051510457E-05
242.2 6.05620155E-06 -3.028100775E-05
242.4 6.060899922E-06 4.545674942E-05
242.6 0 4.549204193E-05
242.8 0 1.517579643E-05
243 6.07503888E-06 1.51875972E-05
243.2 0 -1.519941634E-05
243.4 6.084501558E-06 1.756878522E-20
243.6 1.217848792E-05 4.56693297E-05
243.8 1.828198128E-05 3.327561046E-20
244 2.43950039E-05 -1.524687744E-05
244.2 3.051757812E-05 1.525878906E-05
244.4 3.664972635E-05 4.581215794E-05
244.6 4.279147105E-05 3.056533646E-05
244.8 4.282498042E-05 -1.529463587E-05
245 4.285854232E-05 1.923340754E-20
245.2 4.901960784E-05 4.595588235E-05
245.4 5.519034537E-05 7.665325746E-05
245.6 5.523369992E-05 3.17457002E-20
245.8 5.527712264E-05 -4.606426887E-05
246 6.146734854E-05 -1.536683714E-05
246.2 6.151574803E-05 2.404082488E-20
246.4 5.540780142E-05 -3.487349676E-21
246.6 5.545149842E-05 3.843872096E-21
246.8 5.54952644E-05 2.484443278E-20
247 5.553909953E-05 -1.542752765E-05
247.2 5.558300395E-05 3.087944664E-05
247.4 5.562697785E-05 -1.579282774E-21
247.6 5.567102138E-05 -4.639251781E-05
247.8 5.571513471E-05 -3.095285261E-05
248 5.5759318E-05 -1.548869944E-05
248.2 6.200396825E-05 -1.066689397E-20
248.4 6.205321684E-05 1.551330421E-05
248.6 6.210254372E-05 1.552563593E-05
248.8 6.215194909E-05 -3.107597454E-05
249 6.220143312E-05 -1.555035828E-05
249.2 5.602589641E-05 3.112549801E-05
249.4 6.230063796E-05 3.115031898E-05
249.6 6.235035914E-05 -1.558758978E-05
249.8 5.616014377E-05 -4.680011981E-05
250 5.620503597E-05 -2.691406814E-21
250.2 5.625E-05 3.125E-05
250.4 5.629503603E-05 1.563751001E-05
250.6 5.634014423E-05 -4.695012019E-05
250.8 5.638532478E-05 -1.566259022E-05
251 5.643057785E-05 7.837580257E-05
251.2 5.647590361E-05 3.137550201E-05
251.4 5.652130225E-05 2.911596514E-20
251.6 5.656677393E-05 -1.597542094E-20
251.8 5.661231884E-05 -3.145128824E-05
252 5.665793715E-05 -4.721494762E-05
252.2 5.670362903E-05 -4.725302419E-05
252.4 5.674939467E-05 -1.576372074E-05
252.6 5.679523425E-05 -1.577645396E-05
252.8 5.684114794E-05 -4.736762328E-05
253 6.32079288E-05 -1.58019822E-05
253.2 6.325910931E-05 1.581477733E-05
253.4 6.331037277E-05 3.165518639E-05
253.6 5.702554745E-05 4.752128954E-05
253.8 5.707183442E-05 1.585328734E-05
254 5.711819659E-05 -1.794152647E-20
254.2 5.716463415E-05 1.435135074E-20
254.4 5.085435313E-05 1.589198535E-05
254.6 4.453379479E-05 3.180985342E-05
254.8 3.820293399E-05 1.591788916E-05
255 3.186174551E-05 -3.327272462E-20
255.2 2.551020408E-05 3.18877551E-05
255.4 1.914828431E-05 -1.523817675E-20
255.6 1.277596075E-05 -3.193990188E-05
255.8 1.278641571E-05 3.196603928E-05
256 1.27968878E-05 6.398443898E-05
256.2 6.403688525E-06 3.201844262E-05
256.4 0 -1.602235439E-05
256.6 0 -3.207101806E-05
256.8 0 -3.209737058E-05
257 0 -2.418181575E-20
257.2 0 1.607510288E-05
257.4 0 -1.608834432E-05
257.6 0 -3.005691364E-20
257.8 0 3.222978548E-05
258 0 1.612819983E-05
258.2 0 -3.228305785E-05
258.4 0 -1.615488007E-05
258.6 0 3.233650662E-05
258.8 0 4.854494615E-05
259 0 -7.419552159E-21
259.2 0 -3.241701245E-05
259.4 0 3.244393688E-05
259.6 6.494181214E-06 4.87063591E-05
259.8 6.499584027E-06 -1.624896007E-05
260 6.504995837E-06 -6.504995837E-05
260.2 6.510416667E-06 -1.627604167E-05
260.4 0 4.886884904E-05
260.6 6.521285476E-06 6.521285476E-05
260.8 0 -1.631683375E-05
261 0 -8.165238294E-05
261.2 0 -3.268828452E-05
261.4 0 1.635783082E-05
261.6 0 -3.274308466E-05
261.8 0 -3.277055369E-05
262 0 -4.66094008E-20
262.2 0 -5.967890619E-22
262.4 0 1.642661901E-05
262.6 0 1.644044613E-05
262.8 0 4.936288964E-05
263 0 9.880902192E-05
263.2 0 0.0001153744726
263.4 0 3.299197635E-05
263.6 0 -4.952979713E-05
263.8 1.321912014E-05 -4.957170051E-05
264 1.984546994E-05 -1.653789162E-05
264.2 1.986228814E-05 4.59314387E-20
264.4 2.650551315E-05 1.656594572E-05
264.6 2.652801358E-05 3.316001698E-05
264.8 2.655055225E-05 3.206879871E-22
265 2.657312925E-05 -6.643282313E-05
265.2 2.659574468E-05 -8.311170213E-05
265.4 2.661839864E-05 1.613228865E-20
265.6 2.664109122E-05 1.665068201E-05
265.8 2.666382253E-05 -6.665955631E-05
266 3.335824082E-05 -6.671648164E-05
266.2 3.338675214E-05 2.749831103E-20
266.4 3.341531223E-05 -3.341531223E-05
266.6 3.344392123E-05 -6.688784247E-05
266.8 3.347257926E-05 -6.694515853E-05
267 2.680102916E-05 -8.375321612E-05
267.2 3.353004292E-05 1.85554681E-20
267.4 3.35588488E-05 6.711769759E-05
267.6 3.358770421E-05 -1.679385211E-05
267.8 3.361660929E-05 -0.0001008498279
268 3.364556417E-05 -3.364556417E-05
268.2 3.367456897E-05 6.734913793E-05
268.4 3.370362381E-05 5.055543572E-05
268.6 3.373272884E-05 -5.059909326E-05
268.8 3.376188418E-05 -6.752376837E-05
269 3.379108997E-05 -3.379108997E-05
269.2 3.382034632E-05 -3.382034632E-05
269.4 3.384965338E-05 -1.692482669E-05
269.6 2.710320902E-05 -1.688853171E-20
269.8 1.356336806E-05 1.695421007E-05
270 6.787576021E-06 3.39378801E-05
270.2 6.793478261E-06 1.698369565E-05
270.4 6.799390775E-06 -1.699847694E-05
270.6 0 -5.103985192E-05
270.8 0 -3.405623365E-05
271 0 5.11289267E-05
271.2 6.823144105E-06 6.823144105E-05
271.4 6.829108392E-06 -3.414554196E-05
271.6 6.835083115E-06 -3.417541557E-05
271.8 6.841068301E-06 -1.710267075E-05
272 6.847063979E-06 -3.423531989E-05
272.2 6.853070175E-06 1.713267544E-05
272.4 6.859086918E-06 -1.818768995E-20
272.6 6.865114236E-06 -1.716278559E-05
272.8 6.871152155E-06 -1.717788039E-05
273 6.877200704E-06 -5.157900528E-05
273.2 6.883259912E-06 -6.883259912E-05
273.4 6.889329806E-06 -1.722332451E-05
273.6 6.895410415E-06 2.18342752E-20
273.8 6.901501767E-06 -1.725375442E-05
274 6.90760389E-06 -3.453801945E-05
274.2 6.913716814E-06 -5.185287611E-05
274.4 6.919840567E-06 1.729960142E-05
274.6 6.925975177E-06 3.462987589E-05
274.8 6.932120674E-06 -1.733030169E-05
275 0 -1.487403782E-20
275.2 0 6.944444444E-05
275.4 0 1.737655694E-05
275.6 0 -1.286952902E-20
275.8 0 3.481506239E-05
276 0 9.920020234E-21
276.2 0 3.487723214E-05
276.4 0 6.981680071E-05
276.6 0 5.240943649E-05
276.8 0 5.245635631E-05
277 0 7.000448029E-05
277.2 0 5.255044843E-05
277.4 7.013016158E-06 -5.676401025E-20
277.6 1.403863432E-05 -1.75482929E-05
277.8 7.025629496E-06 5.269222122E-05
278 0 8.789941494E-05
278.2 0 3.519144144E-05
278.4 0 -3.522317403E-05
278.6 0 -1.456751917E-20
278.8 0 3.52868112E-05
279 0 3.531871609E-05
279.2 0 7.070135747E-05
279.4 0 1.769134964E-05
279.6 7.082955576E-06 -4.585988428E-20
279.8 7.08938294E-06 1.772345735E-05
280 1.419164396E-05 -2.779918005E-21
280.2 1.420454545E-05 -3.551136364E-05
280.4 7.108735214E-06 -3.554367607E-05
280.6 0 3.557604736E-05
280.8 0 3.560847767E-05
281 0 -1.782048358E-05
281.2 0 -8.918378995E-05
281.4 0 -0.0001249714351
281.6 0 1.786939616E-05
281.8 0 5.365728022E-05
282 0 -5.370646196E-05
282.2 0 -7.167431193E-05
282.4 0 -1.793503214E-05
282.6 0 1.795151654E-05
282.8 0 1.796803128E-05
283 0 -1.798457643E-05
283.2 0 -9.000576037E-05
283.4 0 -5.405327491E-05
283.6 0 -4.357961771E-22
283.8 0 1.805106285E-05
284 0 1.806776133E-05
284.2 0 -3.616898148E-05
284.4 0 -9.050625579E-05
284.6 0 -5.435412801E-05
284.8 0 3.626973073E-05
285 0 -1.815171933E-05
285.2 0 -5.450581395E-05
285.4 0 1.818552142E-05
285.6 0 -1.820246971E-05
285.8 0 -1.764477942E-20
286 0 3.64729225E-05
286.2 0 -1.167822896E-21
286.4 0 3.654115996E-05
286.6 0 9.143843633E-05
286.8 0 9.152413308E-05
287 0 2.062804152E-20
287.2 0 -3.667840376E-05
287.4 0 3.671287594E-05
287.6 0 1.837370649E-05
287.8 0 -1.839100753E-05
288 0 1.500807843E-20
288.2 0 5.527712264E-05
288.4 0 9.221553352E-05
288.6 0 7.384215501E-05
288.8 0 1.847800378E-05
289 0 6.374829663E-21
289.2 0 5.553909953E-05
289.4 0 3.706119545E-05
289.6 0 1.854819563E-05
289.8 0 -2.293392422E-20
290 0 -3.716698382E-05
290.2 0 1.860119048E-05
290.4 0 5.585676835E-05
290.6 0 3.727337786E-05
290.8 0 1.865448902E-05
291 0 1.867232314E-05
291.2 0 -5.607057416E-05
291.4 0 -7.483237548E-05
291.6 0 3.745206136E-05
291.8 0 1.874400192E-05
292 0 -3.752401537E-05
292.2 0 5.634014423E-05
292.4 0 7.519249278E-05
292.6 0 3.623061994E-20
292.8 0 1.808886923E-20
293 7.541023166E-06 -2.257021587E-20
293.2 1.509661836E-05 3.774154589E-05
293.4 1.511121857E-05 3.777804642E-05
293.6 1.512584705E-05 3.781461762E-05
293.8 1.514050388E-05 7.570251938E-05
294 1.515518914E-05 5.683195926E-05
294.2 1.516990291E-05 -1.896237864E-05
294.4 1.518464529E-05 -1.377938074E-20
294.6 1.519941634E-05 3.799854086E-05
294.8 1.521421616E-05 -1.90177702E-05
295 1.522904483E-05 -5.710891813E-05
295.2 1.524390244E-05 -3.81097561E-05
295.4 1.525878906E-05 6.851697899E-22
295.6 1.527370479E-05 3.224974293E-20
295.8 1.528864971E-05 -1.911081213E-05
296 2.295543585E-05 -7.651811949E-05
296.2 3.06372549E-05 -3.829656863E-05
296.4 2.300049068E-05 5.750122669E-05
296.6 2.302308448E-05 7.674361493E-05
296.8 3.072763029E-05 1.826708286E-20
297 3.075787402E-05 -5.767101378E-05
297.2 2.3091133E-05 3.69896343E-21
297.4 1.540927022E-05 3.852317554E-05
297.6 1.542448174E-05 7.712240869E-05
297.8 1.543972332E-05 5.789896245E-05
298 1.545499505E-05 1.931874382E-05
298.2 1.547029703E-05 2.139752155E-20
298.4 1.548562934E-05 1.935703667E-05
298.6 7.750496032E-06 1.937624008E-05
298.8 0 2.006907232E-20
299 0 3.882952286E-05
299.2 0 9.717039801E-05
299.4 0 5.836030876E-05
299.6 7.789132602E-06 5.841849452E-05
299.8 1.559381238E-05 0.0001559381238
300 1.560939061E-05 0.0001170704296
300.2 1.5625E-05 1.953125E-05
300.4 1.564064064E-05 -1.95508008E-05
300.6 1.565631263E-05 1.957039078E-05
300.8 1.567201605E-05 3.918004012E-05
301 1.5687751E-05 -9.149290564E-21
301.2 1.570351759E-05 -2.428535809E-20
301.4 1.57193159E-05 -1.964914487E-05
301.6 1.573514602E-05 -5.900679758E-05
301.8 1.575100806E-05 3.144983987E-20
302 7.88345106E-06 3.94172553E-05
302.2 0 1.920594925E-20
302.4 0 -1.974848332E-05
302.6 0 -1.976847166E-05
302.8 0 -7.915400203E-05
303 0 -7.923427992E-05
303.2 0 3.965736041E-05
303.4 0 5.95464939E-05
303.6 0 1.98690234E-05
303.8 7.955702648E-06 1.988925662E-05
304 7.963812436E-06 3.981906218E-05
304.2 0 4.237327307E-20
304.4 0 1.995020429E-05
304.6 0 5.991180982E-05
304.8 0 -1.999104401E-05
305 0 6.003457992E-05
305.2 0 0.0001001602564
305.4 0 2.005261807E-05
305.6 0 1.451519966E-20
305.8 0 3.069767078E-20
306 0 2.011457261E-05
306.2 0 2.013530928E-05
306.4 8.062435501E-06 4.03121775E-05
306.6 1.614152893E-05 6.053073347E-05
306.8 2.423733195E-05 6.059332989E-05
307 3.234989648E-05 2.02186853E-05
307.2 4.047927461E-05 -2.023963731E-05
307.4 5.672977178E-05 4.052126556E-05
307.6 6.490134995E-05 3.832204072E-22
307.8 7.308991684E-05 -8.121101871E-05
308 9.755463059E-05 -4.064776275E-05
308.2 0.0001057942708 2.034505208E-05
308.4 0.0001221976017 -2.036626694E-05
308.6 0.0001386351775 2.743482905E-20
308.8 0.0001469435737 6.122648903E-05
309 0.0001552693515 -4.086035565E-05
309.2 0.0001717931937 -2.045157068E-05
309.4 0.0001719732704 4.094601677E-05
309.6 0.0001721537251 -2.049449108E-05
309.8 0.0001805409664 -6.154805672E-05
310 0.0001889458465 2.053759201E-05
310.2 0.0001973684211 4.111842105E-05
310.4 0.0001975763962 2.05808746E-05
310.6 0.0001977848101 0.0001030129219
310.8 0.0002062434002 8.249736008E-05
311 0.0002147198732 -2.064614165E-05
311.2 0.0002066798942 3.976002846E-21
311.4 0.0002068988347 6.206965042E-05
311.6 0.0001988335101 8.284729586E-05
311.8 0.000199044586 0.0001451366773
312 0.0001909537726 0.0001245350691
312.2 0.0001828457447 -6.23337766E-05
312.4 0.0001747204473 -4.16001065E-05
312.6 0.0001665778252 8.328891258E-05
312.8 0.0001584178228 -8.337780149E-05
313 0.0001585870726 -0.0001252003205
313.2 0.0001504010695 8.355614973E-05
313.4 0.0001338329764 0.0001045570128
313.6 0.0001256028939 -4.18676313E-05
313.8 0.0001089726395 -4.191255365E-05
314 9.230665951E-05 2.097878625E-05
314.2 8.400537634E-05 6.300403226E-05
314.4 6.727664155E-05 4.204790097E-05
314.6 5.893049569E-05 -2.10466056E-05
314.8 5.056634304E-05 -4.21386192E-05
315 4.218412527E-05 -6.32761879E-05
315.2 3.378378378E-05 -6.334459459E-05
315.4 2.536525974E-05 -0.0001056885823
315.6 1.692849404E-05 -0.0001058030878
315.8 1.694685466E-05 2.118356833E-05
316 8.482627579E-06 2.120656895E-05
316.2 8.491847826E-06 -0.0001061480978
316.4 8.501088139E-06 -8.501088139E-05
316.6 8.510348584E-06 -2.127587146E-05
316.8 8.519629226E-06 -2.129907306E-05
317 8.528930131E-06 2.132232533E-05
317.2 8.538251366E-06 2.134562842E-05
317.4 8.547592998E-06 -4.273796499E-05
317.6 0 -8.360113137E-21
317.8 8.566337719E-06 2.14158443E-05
318 0 -2.143935236E-05
318.2 0 2.146291209E-05
318.4 0 -7.718550923E-20
318.6 0 -4.302037445E-05
318.8 0 -4.546788937E-20
319 0 2.451626221E-20
319.2 8.632596685E-06 -8.632596685E-05
319.4 1.728429204E-05 2.160536504E-05
319.6 2.59551495E-05 6.488787375E-05
319.8 4.330654102E-05 -0.0001082663525
320 5.202552719E-05 -4.335460599E-05
320.2 5.208333333E-05 -3.681143854E-20
320.4 6.083147942E-05 -0.0001086276418
320.6 6.089922049E-05 -8.699888641E-05
320.8 6.09671126E-05 4.354793757E-05
321 6.103515625E-05 6.539481027E-05
321.2 6.110335196E-05 4.36452514E-05
321.4 5.243288591E-05 2.184703579E-05
321.6 5.249160134E-05 -0.0001093575028
321.8 5.255044843E-05 -8.758408072E-05
322 4.384118967E-05 -2.192059484E-05
322.2 5.266853933E-05 -2.194522472E-05
322.4 4.393982002E-05 -6.590973003E-05
322.6 4.39893018E-05 -6.59839527E-05
322.8 3.523111612E-05 -4.403889515E-05
323 2.645316027E-05 -6.613290068E-05
323.2 1.765536723E-05 -3.445846006E-20
323.4 8.837669683E-06 6.628252262E-05
323.6 8.847678369E-06 -5.272770865E-20
323.8 8.857709751E-06 2.214427438E-05
324 0 6.650822928E-05
324.2 8.877840909E-06 5.935165489E-21
324.4 1.777588168E-05 6.665955631E-05
324.6 1.779612756E-05 8.898063781E-05
324.8 1.781641961E-05 6.681157355E-05
325 1.783675799E-05 4.459189498E-05
325.2 1.785714286E-05 2.232142857E-05
325.4 8.938787185E-06 4.469393593E-05
325.6 0 6.711769759E-05
325.8 0 2.239822248E-05
326 0 4.282159466E-20
326.2 0 1.438692917E-20
326.4 0 -3.673304791E-21
326.6 0 9.000576037E-05
326.8 0 6.758217993E-05
327 0 9.021362587E-05
327.2 0 0.0001354768786
327.4 0 4.521122685E-05
327.6 0 4.52636153E-05
327.8 0 9.063225058E-05
328 0 9.073751452E-05
328.2 0 6.813226744E-05
328.4 0 2.273719441E-05
328.6 0 2.276369464E-05
328.8 0 -2.279025671E-05
329 0 -6.845064252E-05
329.2 0 -2.284356725E-05
329.4 0 -6.861094848E-05
329.6 0 -9.158851114E-05
329.8 0 5.645665131E-20
330 0 -9.271088793E-21
330.2 0 -4.595588235E-05
330.4 0 -6.901501767E-05
330.6 0 -4.606426887E-05
330.8 0 1.638463732E-20
331 0 -2.308658392E-05
331.2 9.24556213E-06 -2.311390533E-05
331.4 9.256516588E-06 -2.314129147E-05
331.6 9.267497034E-06 -6.950622776E-05
331.8 1.855700713E-05 -6.958877672E-05
332 2.78686088E-05 -2.322384067E-05
332.2 2.790178571E-05 -2.32514881E-05
332.4 3.724672229E-05 -2.327920143E-05
332.6 4.661396181E-05 -6.992094272E-05
332.8 5.600358423E-05 -0.0001400089606
333 6.541566986E-05 -2.336273923E-05
333.2 7.48502994E-05 2.339071856E-05
333.4 8.430755396E-05 -4.683752998E-05
333.6 8.440876351E-05 -0.0001172343938
333.8 9.390024038E-05 -0.0001878004808
334 9.401323706E-05 -0.0001410198556
334.2 7.530120482E-05 -0.0001176581325
334.4 7.53920386E-05 -9.424004825E-05
334.6 7.548309179E-05 -4.717693237E-05
334.8 7.557436518E-05 -7.085096735E-05
335 7.566585956E-05 -9.458232446E-05
335.2 7.575757576E-05 -4.734848485E-05
335.4 7.584951456E-05 4.225237285E-20
335.6 7.594167679E-05 -9.492709599E-05
335.8 8.553832117E-05 -9.504257908E-05
336 8.564250914E-05 -2.378958587E-05
336.2 7.62195122E-05 -2.381859756E-05
336.4 6.677350427E-05 4.76953602E-05
336.6 6.685513447E-05 2.387683374E-05
336.8 4.78121175E-05 -7.171817625E-05
337 4.787071078E-05 -7.180606618E-05
337.2 5.751533742E-05 -4.792944785E-05
337.4 5.758599509E-05 -0.0001199708231
337.6 6.726629766E-05 -0.0001441420664
337.8 8.659174877E-05 -7.215979064E-05
338 9.633168927E-05 -9.633168927E-05
338.2 0.000106095679 -7.233796296E-05
338.4 0.0001062268232 -7.242737948E-05
338.6 0.0001160272277 -9.668935644E-05
338.8 9.680916976E-05 -2.420229244E-05
339 8.723635236E-05 2.42323201E-05
339.2 7.763975155E-05 2.426242236E-05
339.4 6.801927861E-05 -7.287779851E-05
339.6 5.837484433E-05 -7.296855542E-05
339.8 4.87063591E-05 2.435317955E-05
340 3.901373283E-05 -2.438358302E-05
340.2 2.9296875E-05 -2.44140625E-05
340.4 1.955569462E-05 -5.62896783E-20
340.6 9.790100251E-06 -4.895050125E-05
340.8 0 -2.450595985E-05
341 0 -7.361023869E-05
341.2 0 -7.370283019E-05
341.4 9.839420655E-06 -7.379565491E-05
341.6 9.851828499E-06 -7.388871375E-05
341.8 1.972853535E-05 3.165243682E-20
342 2.963021492E-05 -2.469184576E-05
342.2 2.966772152E-05 -2.472310127E-05
342.4 3.960709759E-05 -5.206650751E-20
342.6 3.965736041E-05 2.478585025E-05
342.8 3.970775095E-05 2.481734435E-05
343 3.975826972E-05 -4.33192552E-20
343.2 3.98089172E-05 2.488057325E-05
343.4 4.982461735E-05 9.964923469E-05
343.6 4.988825032E-05 9.977650064E-05
343.8 3.996163683E-05 2.497602302E-05
344 3.000960307E-05 0.0001000320102
344.2 1.001602564E-05 0.0001001602564
344.4 0 5.014441592E-05
344.6 0 7.531330334E-05
344.8 0 2.513674389E-05
345 0 -5.03382732E-05
345.2 0 -2.52016129E-05
345.4 0 -3.782800205E-20
345.6 0 1.266419156E-20
345.8 0 -1.01164201E-20
346 0 -6.589789525E-21
346.2 0 5.073051948E-05
346.4 0 5.079648895E-05
346.6 0 7.629394531E-05
346.8 0 7.639341591E-05
347 0 7.649314621E-05
347.2 0 7.659313725E-05
347.4 0 7.669339005E-05
347.6 0 7.679390564E-05
347.8 0 7.689468504E-05
348 0 7.69957293E-05
348.2 0 5.139802632E-05
348.4 0 2.57328722E-05
348.6 0 -3.385340843E-20
348.8 0 2.861791948E-21
349 0 4.714992235E-20
349.2 0 7.760761589E-05
349.4 0 0.0001036140584
349.6 0 5.187583001E-05
349.8 0 5.194481383E-05
350 1.040279627E-05 2.600699068E-05
350.2 2.083333333E-05 2.604166667E-05
350.4 3.12917223E-05 7.822930574E-05
350.6 4.177807487E-05 7.833389037E-05
350.8 5.229250335E-05 5.229250335E-05
351 6.283512064E-05 2.618130027E-05
351.2 7.340604027E-05 2.621644295E-05
351.4 8.400537634E-05 7.875504032E-05
351.6 9.463324361E-05 5.257402423E-05
351.8 9.476078167E-05 0.0001052897574
352 9.488866397E-05 0.0001317898111
352.2 8.445945946E-05 0.0001055743243
352.4 7.400202977E-05 0.0001321464817
352.6 6.351626016E-05 5.29302168E-05
352.8 5.300203528E-05 7.950305292E-05
353 4.245923913E-05 0.0001061480978
353.2 3.18877551E-05 5.31462585E-05
353.4 2.128746594E-05 5.321866485E-05
353.6 1.065825375E-05 5.329126876E-05
353.8 0 2.668203552E-05
354 0 -2.671853625E-05
354.2 0 -5.351027397E-05
354.4 1.071673525E-05 -2.821490925E-20
354.6 2.146291209E-05 -3.170417062E-20
354.8 4.298486933E-05 -3.257572441E-20
355 6.45661157E-05 8.070764463E-05
355.2 7.543103448E-05 8.081896552E-05
355.4 9.711671271E-05 8.093059392E-05
355.6 0.0001080567082 8.104253112E-05
355.8 0.0001190270083 5.41031856E-05
356 0.0001191920943 8.126733703E-05
356.2 0.0001302083333 0.0001085069444
356.4 0.0001521210014 0.0001358223227
356.6 0.0001305710306 0.0001360114903
356.8 0.0001198570432 8.17207113E-05
357 0.0001091131285 8.183484637E-05
357.2 9.833916084E-05 3.447633173E-20
357.4 9.847689076E-05 -5.470938375E-05
357.6 9.861500701E-05 5.478611501E-05
357.8 9.875351124E-05 5.48630618E-05
358 9.889240506E-05 1.918230411E-20
358.2 0.0001100352113 5.501760563E-05
358.4 0.000110190409 3.745772967E-20
358.6 0.0001103460452 -5.51730226E-05
358.8 0.0001105021216 -1.21351226E-20
359 0.0001106586402 4.859321616E-20
359.2 0.0001108156028 -5.540780142E-05
359.4 0.0001109730114 -8.322975852E-05
359.6 0.0001111308677 -2.778271693E-05
359.8 0.0001112891738 -1.024716777E-20
360 0.0001114479315 3.619166764E-20
360.2 0.0001116071429 -5.580357143E-05
360.4 0.0001117668097 -8.38251073E-05
360.6 0.0001119269341 -8.394520057E-05
360.8 0.0001120875179 -0.0001120875179
361 0.0001122485632 -5.612428161E-05
361.2 0.0001011690647 -5.620503597E-05
361.4 0.0001013148415 -0.0001688580692
361.6 0.0001127344877 -0.0001409181097
361.8 9.031791908E-05 -8.467304913E-05
362 7.914254703E-05 -0.0001130607815
362.2 7.925724638E-05 -5.661231884E-05
362.4 6.803338171E-05 -2.834724238E-05
362.6 5.677688953E-05 -5.677688953E-05
362.8 4.548762737E-05 -2.84297671E-05
363 3.41654519E-05 -2.847120991E-05
363.2 2.281021898E-05 -2.851277372E-05
363.4 2.284356725E-05 5.710891813E-05
363.6 1.143850659E-05 5.719253294E-05
363.8 0 2.863819648E-05
364 0 8.60407489E-05
364.2 0 5.744485294E-05
364.4 0 4.272187507E-20
364.6 0 1.386429754E-20
364.8 0 -2.884970458E-05
365 0 -0.0001155695266
365.2 0 -0.0001157407407
365.4 0 -0.0001159124629
365.6 0 -0.0001451058692
365.8 0 -0.0001453218006
366 0 -0.0001455383756
366.2 0 -5.830223881E-05
366.4 0 -5.838938714E-05
366.6 0 -2.92383982E-05
366.8 0 -1.893353605E-20
367 0 -5.86524024E-05
367.2 0 -8.811090226E-05
367.4 0 -0.0001176581325
367.6 0 -0.0001178355958
367.8 0 4.515295406E-21
368 0 5.909606657E-05
368.2 0 1.124905547E-19
368.4 0 2.963770865E-05
368.6 0 2.968275076E-05
368.8 0 2.972792998E-05
369 0 5.95464939E-05
369.2 0 8.79503909E-20
369.4 0 -2.986429664E-05
369.6 0 7.244378319E-20
369.8 0 -1.97146048E-20
370 0 -3.000192012E-05
370.2 0 7.617116284E-20
370.4 0 7.372510677E-20
370.6 0 -3.01408179E-05
370.8 0 6.03748068E-05
371 0 -3.023413313E-05
371.2 0 -0.000121124031
371.4 0 -6.06560559E-05
371.6 0 -6.07503888E-05
371.8 0 -6.084501558E-05
372 0 -3.04699688E-05
372.2 0 -3.051757812E-05
372.4 0 -3.056533646E-05
372.6 0 3.061324451E-05
372.8 0 -1.929091946E-20
373 0 3.070951258E-05
373.2 0 9.227362205E-05
373.4 0 -1.445364711E-20
373.6 0 -3.298679014E-20
373.8 0 6.180775316E-05
374 0 3.095285261E-05
374.2 0 -3.552480213E-21
374.4 0 2.538134789E-20
374.6 0 -2.040482318E-20
374.8 0 -8.694897378E-21
375 0 4.314438588E-20
375.2 0 -4.110275763E-20
375.4 0 -3.130008013E-05
375.6 0 -3.135032103E-05
375.8 0 -3.140072347E-05
376 0 -3.145128824E-05
376.2 0 -2.493573051E-20
376.4 0 1.296321558E-20
376.6 0 -3.16039644E-05
376.8 0 -2.436715342E-20
377 0 3.170657468E-05
377.2 0 -3.175813008E-05
377.4 0 -9.542956026E-05
377.6 0 -9.558523654E-05
377.8 0 -6.382761438E-05
378 0 -3.196603928E-05
378.2 0 -6.403688525E-05
378.4 0 -6.414203612E-05
378.6 0 -7.710680698E-20
378.8 0 -9.402403136E-20
379 0 5.222541778E-21
379.2 0 3.228305785E-05
379.4 0 3.233650662E-05
379.6 0 -3.239013267E-05
379.8 0 -4.022920233E-20
380 0 3.249792013E-05
380.2 0 -1.071552013E-19
380.4 0 -9.781928214E-05
380.6 0 -9.798285953E-05
380.8 0 -3.271566164E-05
381 0 -3.277055369E-05
381.2 0 -6.56512605E-05
381.4 0 -0.000131523569
381.6 0 -6.587268128E-05
381.8 0 -3.299197635E-05
382 0 -9.914340102E-05
382.2 0 -3.310381356E-05
382.4 0 -6.632003396E-05
382.6 0 -0.0001328656463
382.8 0 -6.654599659E-05
383 0 -9.998933447E-05
383.2 0 -0.0001001602564
383.4 0 -0.0001337756849
383.6 0 -0.0001340051458
383.8 0 -3.35588488E-05
384 0 -3.361660929E-05
384.2 0 -0.0001010237069
384.4 0 -3.373272884E-05
384.6 0 6.758217993E-05
384.8 0 0.0001015489601
385 0 0.0001017252604
385.2 0 6.793478261E-05
385.4 0 6.805313589E-05
385.6 0 6.817190227E-05
385.8 0 6.829108392E-05
386 0 3.420534151E-05
386.2 0 3.426535088E-05
386.4 0 3.432557118E-05
386.6 0 0.0001031580106
386.8 0 0.0001033399471
387 0 6.901501767E-05
387.2 0 0.0001037057522
387.4 0 0.0001038896277
387.6 0 6.938277087E-05
387.8 0 3.475311388E-05
388 0 -2.652745659E-20
388.2 0 -3.487723214E-05
388.4 0 -3.493962433E-05
388.6 0 3.622371281E-20
388.8 0 3.506508079E-05
389 0 -7.025629496E-05
389.2 0 -0.0001055743243
389.4 0 -3.52549639E-05
389.6 0 -7.063743219E-05
389.8 0 -7.076539855E-05
390 0 -7.08938294E-05
390.2 0 -0.0001065340909
390.4 0 -7.115209472E-05
390.6 0 -3.564096715E-05
390.8 0 -7.141224863E-05
391 0 -0.0001073145604
391.2 0 -3.583715596E-05
391.4 0 -7.180606618E-05
391.6 0 -0.0001438766114
391.8 0 5.831646155E-21
392 1.444085028E-05 7.220425139E-05
392.2 2.893518519E-05 -3.616898148E-05
392.4 2.898886827E-05 -7.247217069E-05
392.6 4.356412639E-05 -3.630343866E-05
392.8 5.819366853E-05 -3.637104283E-05
393 7.287779851E-05 3.643889925E-05
393.2 8.761682243E-05 0.0001460280374
393.4 0.0001024110487 7.315074906E-05
393.6 0.0001026031895 -3.664399625E-05
393.8 0.0001027960526 -3.671287594E-05
394 0.0001177024482 7.356403013E-05
394.2 0.0001031839623 0.0001474056604
394.4 0.000103379017 0.0001107632325
394.6 0.0001035748106 3.699100379E-05
394.8 0.0001037713472 7.412239089E-05
395 0.0001039686312 0.000111394962
395.2 0.0001041666667 7.44047619E-05
395.4 0.000104365458 1.497151265E-19
395.6 0.0001045650096 3.734464627E-05
395.8 0.0001197318008 7.483237548E-05
396 0.0001199616123 -3.748800384E-05
396.2 0.0001051682692 -7.512019231E-05
396.4 0.0001053709056 -0.0001128973988
396.6 0.0001055743243 -0.0001131153475
396.8 9.066731141E-05 -3.777804642E-05
397 9.084302326E-05 7.387957901E-20
397.2 9.101941748E-05 0.0001137742718
397.4 9.119649805E-05 0.0001899927043
397.6 9.137426901E-05 -8.110594208E-20
397.8 0.0001068115234 -9.472216949E-21
398 0.0001223091977 3.822162427E-05
398.2 0.0001378676471 -3.053571797E-20
398.4 0.0001534872299 7.674361493E-05
398.6 0.0001537893701 -9.326450424E-20
398.8 0.0001695019724 -7.704635108E-05
399 0.0001852766798 -3.85993083E-05
399.2 0.0001856435644 -3.867574257E-05
399.4 0.0001860119048 -1.106711124E-19
399.6 0.0002019135189 3.882952286E-05
399.8 0.0002023157371 -3.890687251E-05
400 0.0002027195609 -3.898453094E-05
400.2 0.000203125 -7.8125E-05
400.4 0.0002035320641 -0.0001174223447
400.6 0.000188253012 -7.843875502E-05
400.8 0.0001729124748 -3.929828974E-05
401 0.0001575100806 3.937752016E-05
401.2 0.0001420454545 3.945707071E-05
401.4 0.000142332996 -6.111493631E-20
401.6 0.0001267748479 -3.961713996E-05
401.8 0.0001111534553 3.96976626E-05
402 9.546843177E-05 7.955702648E-05
402.2 7.971938776E-05 -1.356806959E-19
402.4 6.390593047E-05 3.994120654E-05
402.6 4.802766393E-05 0.0001200691598
402.8 3.208418891E-05 0.0001604209446
403 1.607510288E-05 0.0001607510288
403.2 1.610824742E-05 4.027061856E-05
403.4 3.228305785E-05 4.035382231E-05
403.6 1.617494824E-05 0.0001213121118
403.8 1.620850622E-05 -4.052126556E-05
404 4.872661123E-05 -0.0001218165281
404.2 4.8828125E-05 4.069010417E-05
404.4 3.262004175E-05 -1.0082093E-19
404.6 4.903242678E-05 -8.17207113E-05
404.8 4.913522013E-05 -8.189203354E-05
405 4.923844538E-05 -0.0001641281513
405.2 4.934210526E-05 -4.111842105E-05
405.4 3.296413502E-05 -4.397262375E-20
405.6 3.303382664E-05 -8.25845666E-05
405.8 4.965572034E-05 -4.137976695E-05
406 4.97611465E-05 1.119191057E-20
406.2 3.324468085E-05 -4.155585106E-05
406.4 4.997334755E-05 8.328891258E-05
406.6 5.008012821E-05 0.0002086672009
406.8 5.018736617E-05 0.0001672912206
407 5.029506438E-05 4.191255365E-05
407.2 5.040322581E-05 -4.200268817E-05
407.4 3.367456897E-05 -4.209321121E-05
407.6 1.687365011E-05 -4.218412527E-05
407.8 1.691017316E-05 8.45508658E-05
408 1.694685466E-05 0.00012710141
408.2 0 8.491847826E-05
408.4 0 8.510348584E-05
408.6 0 8.528930131E-05
408.8 0 0.00017095186
409 0 0.0001713267544
409.2 0 8.585164835E-05
409.4 0 8.60407489E-05
409.6 0 0.0001293460265
409.8 0 4.321073009E-05
410 0 -4.330654102E-05
410.2 0 -4.340277778E-05
410.4 0 -0.0001739977728
410.6 0 -8.719308036E-05
410.8 0 8.738814318E-05
411 0 0.0001313761211
411.2 0 0.0001316713483
411.4 0 0.0001319679054
411.6 0 0.0001763544018
411.8 0 0.0001325650452
412 0 4.428854875E-05
412.2 0 -8.877840909E-05
412.4 0 -4.449031891E-05
412.6 0 4.459189498E-05
412.8 0 4.469393593E-05
413 0 4.479644495E-05
413.2 0 4.489942529E-05
413.4 0 0.0001350086406
413.6 0 0.0001804272517
413.8 0 9.04224537E-05
414 0 9.063225058E-05
414.2 0 0.0001362645349
414.4 0 4.552738928E-05
414.6 0 4.563376168E-05
414.8 0 9.148126464E-05
415 0 9.169600939E-05
415.2 0 9.191176471E-05
415.4 0 -6.172791715E-20
415.6 0 -9.23463357E-05
415.8 0 -9.256516588E-05
416 0 -4.639251781E-05
416.2 0 -9.300595238E-05
416.4 0 -9.322792363E-05
416.6 0 -4.672547847E-05
416.8 0 -4.683752998E-05
417 0 -9.390024038E-05
417.2 0 -0.0002353162651
417.4 0 -0.0003302385266
417.6 0 -0.0002837469734
417.8 0 -0.0001896237864
418 0 -0.0001900851582
418.2 0 -0.0001429115854
418.4 0 -9.550733496E-05
418.6 1.914828431E-05 -4.787071078E-05
418.8 1.91953317E-05 9.597665848E-05
419 1.924261084E-05 0.0001443195813
419.2 1.929012346E-05 9.645061728E-05
419.4 0 9.668935644E-05
419.6 0 4.84646402E-05
419.8 0 -0.000145755597
420 0 -0.0001461190773
420.2 0 -4.8828125E-05
420.4 0 -4.895050125E-05
420.6 0 -4.907349246E-05
420.8 0 -9.839420655E-05
421 0 -9.864267677E-05
421.2 0 -4.944620253E-05
421.4 0 -4.957170051E-05
421.6 0 -9.93956743E-05
421.8 0 -4.982461735E-05
422 0 1.703788368E-20
422.2 0 -5.008012821E-05
422.4 0 -5.020886889E-05
422.6 0 -5.03382732E-05
422.8 0 -0.0001514050388
423 0 -0.0001517972798
423.2 0 -0.0001521915584
423.4 0 -0.0002034505208
423.6 0 -0.0001019908616
423.8 0 -5.53778786E-20
424 0 -1.144454978E-19
424.2 0 -5.139802632E-05
424.4 0 -5.153364116E-05
424.6 0 4.259498595E-20
424.8 0 4.539171298E-20
425 0 2.684375655E-20
425.2 0 5.208333333E-05
425.4 0 5.222259358E-05
425.6 0 5.236260054E-05
425.8 0 5.250336022E-05
426 0 0.0001052897574
426.2 0 0.0001583614865
426.4 0 0.0001587906504
426.6 0 0.0001061480978
426.8 0 -5.717533084E-21
427 0 -1.597357214E-20
427.2 0 -5.351027397E-05
427.4 0 -0.0001073145604
427.6 0 -5.380509642E-05
427.8 0 -1.437284293E-20
428 0 -0.0001082063712
428.2 0 -0.0001627604167
428.4 0 -0.0001088091922
428.6 0 -0.0001091131285
428.8 0 -5.470938375E-05
429 0 5.48630618E-05
429.2 0 -5.501760563E-05
429.4 0 -0.0001103460452
429.6 0 -5.532932011E-05
429.8 0 -5.548650568E-05
430 0 -5.564458689E-05
430.2 0 -5.580357143E-05
430.4 0 -5.493602675E-20
430.6 0 5.078968006E-20
430.8 0 2.576535549E-20
431 0 1.431833184E-19
431.2 0 5.661231884E-05
431.4 0 0.0001703306686
431.6 0 5.694241983E-05
431.8 0 -5.710891813E-05
432 0 5.727639296E-05
432.2 0 0.0001148897059
432.4 2.304572271E-05 0.0001152286136
432.6 4.622781065E-05 0.0001733542899
432.8 4.636498516E-05 0.0001159124629
433 6.975446429E-05 1.095340511E-19
433.2 9.328358209E-05 -5.830223881E-05
433.4 0.0001169535928 -5.501028329E-20
433.6 0.0001407657658 5.86524024E-05
433.8 0.0001176581325 -5.882906627E-05
434 9.441087613E-05 -0.0001770203927
434.2 9.46969697E-05 -5.918560606E-05
434.4 7.123860182E-05 0.000118731003
434.6 4.763719512E-05 5.95464939E-05
434.8 2.389143731E-05 1.424494098E-19
435 0 1.29152547E-19
435.2 0 9.746499214E-20
435.4 0 1.574872393E-19
435.6 0 -6.046826625E-05
435.8 0 -0.0001213121118
436 0 -6.084501558E-05
436.2 0 1.286415889E-19
436.4 0 7.267214193E-20
436.6 0 1.651373763E-19
436.8 0 4.93081883E-20
437 0 3.432538183E-20
437.2 0 6.200396825E-05
437.4 0 6.220143312E-05
437.6 0 6.699043886E-20
437.8 0 6.260016026E-05
438 0 6.280144695E-05
438.2 0 6.960480164E-20
438.4 0 7.002132921E-20
438.6 0 -0.0001268262987
438.8 0 -0.0001908591205
439 0 -0.0001276552288
439.2 0 -0.0001280737705
439.4 0 1.681370513E-19
439.6 0 0.0001289191419
439.8 0 0.0001940190397
440 0 0.0001946636213
440.2 0 6.510416667E-05
440.4 0 -1.034104894E-19
440.6 0 -1.101212004E-19
440.8 0 -6.576178451E-05
441 0 -6.59839527E-05
441.2 0 -7.554759884E-20
441.4 0 -9.777889424E-20
441.6 0 -3.584057026E-21
441.8 0 6.688784247E-05
442 0 0.0001342353952
442.2 0 6.734913793E-05
442.4 0 -1.449007901E-19
442.6 0 1.037907517E-20
442.8 0 -6.805313589E-05
443 0 -6.829108392E-05
443.2 0 -6.853070175E-05
443.4 0 -0.0001375440141
443.6 0 -0.0001380300353
443.8 0 -0.0001385195035
444 0 -0.0001390124555
444.2 0 -6.975446429E-05
444.4 0 7.000448029E-05
444.6 0 1.377176771E-19
444.8 0 -7.05099278E-05
445 0 7.076539855E-05
445.2 0 7.102272727E-05
445.4 0 3.749085144E-20
445.6 0 -9.578023474E-20
445.8 0 -5.246279721E-20
446 0 1.618811844E-19
446.2 0 1.693139933E-20
446.4 0 -7.260687732E-05
446.6 0 -7.287779851E-05
446.8 0 1.65200096E-19
447 0 2.206894527E-19
447.2 2.948113208E-05 1.839256344E-19
447.4 5.918560606E-05 9.109843736E-20
447.6 5.941064639E-05 2.490516148E-19
447.8 8.945610687E-05 -6.980092224E-20
448 0.0001197318008 -7.9311344E-20
448.2 0.0001502403846 7.512019231E-05
448.4 0.0001508204633 0.0001508204633
448.6 0.000121124031 0.0001514050388
448.8 9.119649805E-05 0.0001519941634
449 9.155273438E-05 0.0001525878906
449.2 6.12745098E-05 0.0001531862745
449.4 3.075787402E-05 0.0001537893701
449.6 3.087944664E-05 7.71986166E-05
449.8 6.200396825E-05 -5.166834773E-20
450 9.337649402E-05 -7.781374502E-05
450.2 0.000125 -0.00015625
450.4 0.00015687751 -0.00015687751
450.6 0.0001890120968 -0.0001575100806
450.8 0.0002214068826 -7.907388664E-05
451 0.0002223069106 -1.241853867E-20
451.2 0.0002232142857 2.613004089E-20
451.4 0.0002241290984 -1.034926089E-19
451.6 0.0002250514403 -8.447198305E-20
451.8 0.000225981405 -1.442306247E-19
452 0.0002269190871 -1.777730719E-19
452.2 0.0002278645833 1.008599881E-19
452.4 0.0002288179916 -5.634854261E-20
452.6 0.0002297794118 8.206407563E-05
452.8 0.0001977848101 8.241033755E-05
453 0.0001655190678 -1.40301505E-19
453.2 0.0001329787234 -3.148149215E-20
453.4 0.0001001602564 1.292589123E-19
453.6 6.706008584E-05 1.526750872E-19
453.8 3.367456897E-05 -1.966038201E-19
454 0 -8.45508658E-05
454.2 0 -8.491847826E-05
454.4 0 5.24042513E-20
454.6 0 -2.348312373E-20
454.8 0 5.959336355E-20
455 0 -7.976323776E-20
455.2 0 -1.405072606E-19
455.4 0 2.490869513E-20
455.6 0 1.228524885E-19
455.8 0 -8.100886687E-21
456 0 -5.060091252E-20
456.2 0 -6.357284079E-20
456.4 0 -1.45880172E-19
456.6 3.583715596E-05 -3.187990927E-20
456.8 7.200460829E-05 -1.994465247E-20
457 0.0001085069444 -5.417784636E-20
457.2 0.0001453488372 6.656668787E-20
457.4 0.0001825350467 3.056826745E-20
457.6 0.0002200704225 -2.512383846E-19
457.8 0.0002579599057 -1.278450099E-19
458 0.0002591824645 1.008577981E-20
458.2 0.0002604166667 -5.938571415E-20
458.4 0.0002616626794 -3.633293829E-20
458.6 0.0002629206731 -1.100575475E-19
458.8 0.0002641908213 -2.10699249E-19
459 0.000265473301 -7.694797698E-20
459.2 0.0002667682927 -1.870297778E-19
459.4 0.0002680759804 -5.676569715E-20
459.6 0.0002693965517 -7.574018171E-20
459.8 0.000270730198 1.151794769E-19
460 0.0002720771144 1.081566975E-19
460.2 0.0002734375 1.63750175E-20
460.4 0.0002748115578 -2.367048659E-19
460.6 0.0002761994949 -1.560421697E-19
460.8 0.0002776015228 2.254913328E-20
461 0.0002790178571 2.050437612E-19
461.2 0.0002804487179 1.301002385E-19
461.4 0.0002818943299 4.864141355E-20
461.6 0.0002833549223 1.492751548E-19
461.8 0.0002848307292 4.852487061E-20
462 0.0002863219895 -1.228563866E-19
462.2 0.0002878289474 -2.227643423E-19
462.4 0.0002893518519 1.161770934E-19
462.6 0.0002908909574 3.902862896E-19
462.8 0.0002924465241 1.421083978E-19
463 0.0002940188172 -3.215952783E-20
463.2 0.0002956081081 1.706779989E-19
463.4 0.0002972146739 1.274149572E-19
463.6 0.0002988387978 2.362030111E-19
463.8 0.0003004807692 4.328986386E-19
464 0.000302140884 2.344066104E-19
464.2 0.0003038194444 5.032756609E-20
464.4 0.0003055167598 -1.980710896E-19
464.6 0.0003072331461 -6.995425464E-20
464.8 0.0003089689266 -5.488632264E-20
465 0.0003107244318 1.804489671E-20
465.2 0.0003125 2.668015347E-19
465.4 0.000314295977 2.440619241E-19
465.6 0.0003161127168 1.330627905E-19
465.8 0.0003179505814 0.0001135537791
466 0.0003198099415 0.0002284356725
466.2 0.0003216911765 0.0001148897059
466.4 0.0003235946746 1.641358696E-19
466.6 0.0003255208333 5.279212594E-20
466.8 0.0003274700599 1.721534755E-19
467 0.0003294427711 1.536953271E-21
467.2 0.0003314393939 -1.986034055E-19
467.4 0.0003334603659 9.774164393E-20
467.6 0.0002875766871 1.009487253E-19
467.8 0.0002411265432 -4.294553639E-20
468 0.0001940993789 1.508859415E-20
468.2 0.000146484375 3.460239751E-20
468.4 9.827044025E-05 -2.391852689E-19
468.6 4.944620253E-05 0.0001236155063
468.8 0 0.0001244028662
469 0 1.391836634E-19
469.2 0 -1.304271293E-19
469.4 0 6.929253666E-20
469.6 0 0.0001276552288
469.8 0 0.0001284950658
470 0 4.250927603E-19
470.2 0 1.835404888E-19
470.4 0 0.0001310822148
470.6 0 0.0002639358108
470.8 0 0.0002657312925
471 0 0.0002675513699
471.2 0 0.0002693965517
471.4 0 0.0001356336806
471.6 0 0.0001365821678
471.8 0 0.0002750880282
472 0 0.0002770390071
472.2 0 0.0002790178571
472.4 0 0.0002810251799
472.6 0 0.0001415307971
472.8 0 9.37351108E-20
473 0 0.0001436121324
473.2 0 0.0001446759259
473.4 0 5.49687878E-20
473.6 0 0.0001468515038
473.8 0 0.0001479640152
474 5.963740458E-05 4.11433402E-19
474.2 0.0001201923077 3.59616967E-19
474.4 0.0001816860465 5.192929144E-19
474.6 0.000244140625 6.449501896E-19
474.8 0.0003075787402 2.213365138E-19
475 0.0003720238095 -3.537445856E-21
475.2 0.0004375 1.337023345E-19
475.4 0.0005040322581 -3.150929555E-19
475.6 0.0005716463415 3.504235719E-20
475.8 0.0006403688525 7.353739275E-20
476 0.0007102272727 5.061653588E-20
476.2 0.00078125 -2.337772727E-20
476.4 0.0008534663866 3.949513893E-19
476.6 0.0009269067797 -1.844956408E-19
476.8 0.001001602564 -2.344918325E-19
477 0.001077586207 -1.505131516E-19
477.2 0.001154891304 1.627280367E-19
477.4 0.001233552632 -7.781539689E-20
477.6 0.001313606195 3.489588677E-19
477.8 0.001395089286 0.0001743861607
478 0.001407657658 0.0001759572072
478.2 0.001491477273 4.82168212E-20
478.4 0.001576834862 -4.460258385E-19
478.6 0.001591435185 -2.241273426E-19
478.8 0.001606308411 -6.008240471E-20
479 0.001621462264 2.220177673E-19
479.2 0.001636904762 -3.016260675E-20
479.4 0.001652644231 -3.376794295E-20
479.6 0.00166868932 -4.28630056E-19
479.8 0.00168504902 6.402258132E-20
480 0.001701732673 -2.932547915E-19
480.2 0.00171875 5.15438654E-20
480.4 0.001736111111 2.228569441E-19
480.6 0.001753826531 1.52692224E-19
480.8 0.001771907216 -1.457903628E-21
481 0.001790364583 -1.064220772E-19
481.2 0.001809210526 -2.776134442E-19
481.4 0.001828457447 7.175390469E-20
481.6 0.00184811828 1.831963001E-19
481.8 0.001868206522 2.38510234E-19
482 0.001888736264 8.742889555E-19
482.2 0.001909722222 6.610780142E-20
482.4 0.001931179775 -9.392623757E-20
482.6 0.002041903409 2.29450628E-19
482.8 0.002065373563 8.87395634E-19
483 0.002089389535 0.0002271075581
483.2 0.002022058824 0.0002297794118
483.4 0.002046130952 -1.045311153E-19
483.6 0.002070783133 4.008637471E-19
483.8 0.002096036585 2.223978681E-19
484 0.00212191358 1.605715815E-19
484.2 0.0021484375 -5.447199359E-20
484.4 0.002175632911 -3.775722257E-19
484.6 0.002203525641 6.262317156E-20
484.8 0.002232142857 -3.328417834E-19
485 0.002261513158 -3.101949269E-19
485.2 0.002291666667 4.278298712E-19
485.4 0.002322635135 0.0002639358108
485.6 0.002247431507 0.0002675513699
485.8 0.002278645833 2.088296351E-19
486 0.002310739437 2.944656279E-19
486.2 0.00234375 5.49576506E-20
486.4 0.002377717391 6.545104182E-19
486.6 0.002412683824 2.325518548E-19
486.8 0.00244869403 1.426531109E-19
487 0.002485795455 3.449450622E-20
487.2 0.002524038462 -3.631216303E-19
487.4 0.002563476562 -6.381932844E-19
487.6 0.002604166667 -9.68935081E-20
487.8 0.002772177419 1.268570881E-19
488 0.002817622951 -3.843121125E-19
488.2 0.002864583333 -3.665995335E-19
488.4 0.002913135593 1.321164066E-18
488.6 0.002963362069 1.172939344E-18
488.8 0.003015350877 -4.636362922E-19
489 0.003069196429 -1.133869519E-18
489.2 0.003125 6.034110253E-19
489.4 0.00318287037 3.864381594E-19
489.6 0.003242924528 -4.878249568E-19
489.8 0.003305288462 9.266515317E-19
490 0.003370098039 4.914539906E-19
490.2 0.00359375 1.226614103E-18
490.4 0.003667091837 2.141336602E-19
490.6 0.003743489583 7.935632912E-19
490.8 0.003823138298 3.683242581E-19
491 0.00390625 -1.433691825E-19
491.2 0.003993055556 -9.851865866E-21
491.4 0.004083806818 0.0004438920455
491.6 0.003997093023 0.0004542151163
491.8 0.004092261905 1.085834453E-19
492 0.004192073171 7.598801897E-20
492.2 0.004296875 1.48471415E-18
492.4 0.004407051282 7.433659843E-19
492.6 0.004523026316 0.0005139802632
492.8 0.004434121622 0.0005278716216
493 0.004340277778 7.065204039E-20
493.2 0.004241071429 8.939588844E-19
493.4 0.004136029412 2.393345884E-18
493.6 0.004024621212 7.270550722E-19
493.8 0.00390625 -4.127268557E-19
494 0.003780241935 1.286143035E-18
494.2 0.003645833333 2.675263508E-18
494.4 0.003502155172 1.012106943E-19
494.6 0.003348214286 2.364284909E-18
494.8 0.00318287037 1.427029247E-18
495 0.003004807692 2.437209875E-19
495.2 0.0028125 1.901183636E-19
495.4 0.002604166667 1.133581944E-18
495.6 0.002377717391 6.729869999E-19
495.8 0.002130681818 1.164619611E-18
496 0.001860119048 1.661054429E-18
496.2 0.001953125 -6.018712558E-19
496.4 0.001644736842 -1.432873649E-18
496.6 0.001302083333 -1.008573725E-20
496.8 0.0009191176471 -3.130534876E-19
497 0.00048828125 -1.79307495E-18
497.2 0 -8.975617338E-19
497.4 0 -1.769334684E-19
497.6 0 -3.700073884E-19
497.8 0 -4.729102842E-18
498 0 -5.531060604E-19
498.2 0 2.535446353E-18
498.4 0 -2.692866101E-18
498.6 0 -2.850047681E-18
498.8 0 -2.820868547E-18
499 0 1.573927651E-18
499.2 0 -2.500927532E-18
499.4 0 -8.250690935E-18
499.6 0 4.562722502E-18
499.8 0 -2.819931746E-18
500 0 -1.19047881E-18
