0 0.00743764994 -1.56187525E-05
0.2 0.006634375 0.0015625
0.4 0.006236869748 0.000468937575
0.6 0.005954763811 0.0004065752602
0.8 0.005653659391 0.0003206973368
1 0.005408653846 0.0001799754607
1.2 0.005191633267 0.0002426728457
1.4 0.004993233761 0.0001487946071
1.6 0.00483541416 9.401323706E-05
1.8 0.004668062801 0.0001802643459
2 0.004516258531 0.0001646552589
2.2 0.004383157631 0.000125502008
2.4 0.004243672157 0.0001177054038
2.6 0.004094654341 0.0001491534365
2.8 0.003961223361 0.0001963334339
3 0.003805686846 0.0002199818986
3.2 0.003672032193 0.0001886317907
3.4 0.003541415056 0.0001572564412
3.6 0.00343901027 0.0001022578534
3.8 0.003339670629 0.0001180373691
4 0.003243399839 7.085096735E-05
4.2 0.003153351815 -1.575100806E-05
4.4 0.003060079669 -7.87868092E-06
4.6 0.002976190476 4.729116223E-05
4.8 0.002879617481 2.365512717E-05
5 0.002795587641 -1.577645396E-05
5.2 0.002698863636 3.945707071E-05
5.4 0.002605219281 6.315683104E-05
5.6 0.002530453902 3.15911848E-05
5.8 0.002455628034 3.16039644E-05
6 0.002374418252 -2.371256576E-05
6.2 0.002315283401 -9.488866397E-05
6.4 0.002256100648 -0.00011865887
6.6 0.002206366491 -1.582759319E-05
6.8 0.002147091609 7.917004459E-05
7 0.002084600568 -5.544150446E-05
7.2 0.002031566937 -0.0001109279919
7.4 0.001981660917 -5.548650568E-05
7.6 0.001925370483 -8.722848153E-05
7.8 0.001869034322 -9.519699431E-05
8 0.001806303332 -3.174522552E-05
8.2 0.00176257622 -0.0001032139228
8.4 0.001721990647 -7.942761285E-05
8.6 0.00168137205 3.972996338E-05
8.8 0.0016375407 3.97461335E-05
9 0.0015841307 4.771478013E-05
9.2 0.001537041752 0.0001511583503
9.4 0.00148354727 7.95894458E-05
9.6 0.001442748675 -7.962189156E-06
9.8 0.001398730628 8.761980016E-05
10 0.001351489188 6.374949E-05
10.2 0.001320153061 -7.971938776E-06
10.4 0.001272840955 -3.190077583E-05
10.6 0.0012414471 -2.393535539E-05
10.8 0.0012068349 3.19268492E-05
11 0.001169000409 0.0001038046811
11.2 0.001131134969 0.0001198236196
11.4 0.001077255524 7.192358838E-05
11.6 0.001045717356 -3.197912403E-05
11.8 0.001026950246 -0.0001119727682
12 0.0009921650963 -1.600266284E-05
12.2 0.0009477459016 8.004610656E-06
12.4 0.000912899754 -0.0001121104961
12.6 0.000890842904 -6.408941756E-05
12.8 0.0008559448092 -6.411571604E-05
13 0.000827432266 -0.0001683728448
13.2 0.000795687885 -4.812628337E-05
13.4 0.0007542882087 -2.407302794E-05
13.6 0.0007321208385 -0.0001444975339
13.8 0.0007067228618 -0.0001686497738
14 0.0006780902921 -0.0001124794323
14.2 0.000652649177 -8.03755144E-06
14.4 0.0006304034582 -7.236774393E-05
14.6 0.0006081394152 -8.044172158E-05
14.8 0.0005826380305 -8.85223527E-05
15 0.000566776587 -0.0001207620569
15.2 0.0005476804124 -5.637886598E-05
15.4 0.0005285684818 -8.05744637E-05
15.6 0.0005126650846 -0.000104790033
15.8 0.0004935229149 -6.451279934E-05
16 0.0004743649318 8.067430814E-06
16.2 0.0004584194215 -1.724078141E-20
16.4 0.0004424607276 -5.651870608E-05
16.6 0.0004329507858 -4.038720017E-05
16.8 0.0004331299131 -1.616156392E-05
17 0.0004268418874 -6.467301325E-05
17.2 0.0004140786749 -0.0001051371636
17.4 0.0004077775476 -1.618164872E-05
17.6 0.0003982335267 1.618835475E-05
17.8 0.0003854425788 -4.8585199E-05
18 0.000375881377 -6.480713397E-05
18.2 0.0003630705394 -4.862551867E-05
18.4 0.0003567351598 -4.864570361E-05
18.6 0.0003503945183 1.622196844E-05
18.8 0.0003408028666 5.680047777E-05
19 0.0003214619701 2.435317955E-05
19.2 0.0003086018711 7.308991684E-05
19.4 0.0002892314892 4.87468802E-05
19.6 0.0002763472742 -1.480795477E-20
19.8 0.0002601998335 4.065622398E-05
20 0.0002407850895 -1.324350738E-20
20.2 0.0002213541667 -8.138020833E-06
20.4 0.0002084201751 -4.070706544E-05
20.6 0.0002019912427 -8.144808173E-05
20.8 0.0002020755111 -2.444461827E-05
21 0.0002054204925 -1.453446318E-20
21.2 0.0002022442589 8.155010438E-06
21.4 0.0002055921053 4.895050125E-05
21.6 0.0002024132888 1.998267582E-20
21.8 0.0001992318144 -5.715666806E-05
22 0.0001960476788 -4.90119197E-05
22.2 0.0001830543933 -6.537656904E-05
22.4 0.0001765906237 -3.270196735E-05
22.6 0.0001668498744 -3.271566164E-05
22.8 0.0001603739003 -5.727639296E-05
23 0.0001571668064 1.225521064E-20
23.2 0.0001539570231 -3.275681342E-05
23.4 0.0001605757131 -8.192638423E-05
23.6 0.0001639215275 -5.737253462E-05
23.8 0.000170549958 -4.919710327E-05
24 0.0001607780344 -4.10148047E-05
24.2 0.0001509978992 -4.923844538E-05
24.4 0.0001477774275 -2.462957125E-05
24.6 0.0001379835997 -2.463992851E-05
24.8 0.0001314682373 -2.465029449E-05
25 0.0001282354798 -2.466066919E-05
25.2 0.0001184210526 -3.289473684E-05
25.4 0.0001085983572 -4.113574136E-05
25.6 9.876738306E-05 -4.115307627E-05
25.8 9.222175379E-05 -6.587268128E-05
26 8.567060312E-05 -0.0001235633699
26.2 7.911392405E-05 -9.065137131E-05
26.4 6.92539046E-05 -6.595609962E-05
26.6 5.938555743E-05 -8.247994088E-05
26.8 5.611005492E-05 -7.426330798E-05
27 5.28317836E-05 -7.429469569E-05
27.2 5.285412262E-05 -7.432610994E-05
27.4 5.618126058E-05 -9.088145093E-05
27.6 5.951121456E-05 -6.612357173E-05
27.8 6.615156647E-05 -3.307578323E-05
28 6.948856417E-05 -3.308979246E-05
28.2 7.282838983E-05 -1.655190678E-05
28.4 7.617104705E-05 -4.139730818E-05
28.6 7.62033503E-05 -8.282972858E-05
28.8 7.292108613E-05 -5.800540942E-05
29 6.963603565E-05 -4.974002547E-05
29.2 6.303078556E-05 -0.0001078158174
29.4 5.973874257E-05 -9.956457094E-05
29.6 5.97641309E-05 -4.150286868E-05
29.8 5.978954082E-05 -2.491230867E-05
30 5.981497235E-05 -4.153817524E-05
30.2 5.984042553E-05 -5.817819149E-05
30.4 6.319178374E-05 -7.483237548E-05
30.6 6.987329642E-05 -4.159124787E-05
30.8 7.656050277E-05 1.664358756E-05
31 7.326300085E-05 -7.492806905E-05
31.2 7.662579957E-05 -9.99466951E-05
31.4 7.999146758E-05 -4.16622227E-05
31.6 8.336000854E-05 -9.169600939E-05
31.8 8.339560205E-05 -9.173516225E-05
32 8.009397693E-05 -0.0001001174712
32.2 8.012820513E-05 -0.0001252003205
32.4 8.35025652E-05 -9.185282172E-05
32.6 8.68798118E-05 -4.176914029E-05
32.8 8.691698759E-05 1.671480531E-05
33 8.360980308E-05 -2.508294092E-05
33.2 9.03372591E-05 -0.0001003747323
33.4 9.372322194E-05 -5.020886889E-05
33.6 9.376339477E-05 -1.674346335E-05
33.8 9.380360206E-05 -5.862725129E-05
34 9.71954097E-05 -5.86524024E-05
34.2 0.0001005901288 -4.191255365E-05
34.4 0.000107342207 -4.193054959E-05
34.6 0.000110744201 8.389712199E-06
34.8 0.000110791792 3.357327031E-05
35 0.0001141981943 1.679385211E-05
35.2 0.0001209677419 5.880376344E-05
35.4 0.0001142964716 6.723321859E-05
35.6 0.0001109825656 4.203885062E-05
35.8 0.0001076658053 -1.682278208E-05
36 0.000104346187 -3.366006032E-05
36.2 0.0001010237069 4.209321121E-05
36.4 9.432945235E-05 8.422272531E-06
36.6 8.762942192E-05 -1.685181191E-05
36.8 8.429542512E-05 3.371817005E-05
37 7.758527634E-05 7.58986399E-05
37.2 7.424406048E-05 5.062095032E-05
37.4 6.752376837E-05 8.440471046E-06
37.6 6.417531345E-05 8.44412019E-06
37.8 6.082396194E-05 2.534331747E-05
38 5.746971008E-05 1.690285591E-05
38.2 5.411255411E-05 -8.45508658E-06
38.4 5.075249026E-05 8.458748376E-06
38.6 4.738951473E-05 -3.008705496E-20
38.8 4.741005635E-05 -1.693216298E-05
39 4.743061578E-05 -2.540925846E-05
39.2 4.745119306E-05 -4.236713666E-05
39.4 4.747178819E-05 -3.390842014E-05
39.6 4.749240122E-05 -8.480785931E-06
39.8 4.411924414E-05 4.242235013E-05
40 4.074315515E-05 5.941710126E-05
40.2 3.736413043E-05 5.095108696E-05
40.4 3.398216616E-05 5.097324924E-05
40.6 3.399695387E-05 -8.499238468E-06
40.8 3.061057902E-05 -1.700587723E-05
41 2.722125436E-05 8.506641986E-06
41.2 2.723311547E-05 -4.255174292E-05
41.4 2.724498692E-05 -4.257029207E-05
41.6 2.725686873E-05 -1.703554296E-05
41.8 2.386016579E-05 8.521487784E-06
42 1.705041467E-05 -8.525207333E-06
42.2 1.364628821E-05 -7.676037118E-05
42.4 1.023918742E-05 -4.266328091E-05
42.6 6.829108392E-06 -1.707277098E-05
42.8 3.416047223E-06 -1.708023612E-05
43 0 -1.708770779E-05
43.2 0 -2.564277899E-05
43.4 0 -2.565400613E-05
43.6 0 8.555081034E-06
43.8 0 4.279414987E-05
44 0 2.56877466E-05
44.2 0 2.973549398E-21
44.4 0 -8.570096534E-06
44.6 0 3.429543459E-05
44.8 0 5.14657444E-05
45 0 1.716278559E-05
45.2 0 -1.41912061E-20
45.4 0 -8.588940193E-06
45.6 0 -1.718543775E-05
45.8 0 -4.29825044E-05
46 0 -4.300143109E-05
46.2 0 -6.883259912E-05
46.4 0 -6.025506831E-05
46.6 0 -8.611662257E-06
46.8 0 -3.446184385E-05
47 0 -8.619263019E-06
47.2 0 1.724613687E-05
47.4 3.450750883E-06 -4.313438604E-05
47.6 6.90455148E-06 -8.63068935E-05
47.8 1.036140584E-05 -6.90760389E-05
48 1.3821318E-05 -8.638323751E-06
48.2 1.728429204E-05 3.456858407E-05
48.4 2.075033201E-05 1.729194334E-05
48.6 2.07595217E-05 8.649800709E-06
48.8 2.076871954E-05 2.596089942E-05
49 2.077792553E-05 2.597240691E-05
49.2 2.078713969E-05 1.732261641E-05
49.4 2.079636202E-05 1.733030169E-05
49.6 2.42731913E-05 -3.467598757E-05
49.8 2.42839698E-05 -2.601853908E-05
50 2.429475789E-05 1.735339849E-05
50.2 2.430555556E-05 -2.604166667E-05
50.4 2.431636283E-05 -2.605324589E-05
50.6 2.432717972E-05 -8.68827847E-06
50.8 2.781486426E-05 -3.476858033E-05
51 3.13056545E-05 -2.608804541E-05
51.2 3.131959911E-05 -8.699888641E-06
51.4 3.133355615E-05 -2.611129679E-05
51.6 3.134752564E-05 -1.741529202E-05
51.8 3.136150758E-05 8.711529884E-06
52 3.137550201E-05 -8.715417224E-06
52.2 3.138950893E-05 -8.719308036E-06
52.4 2.791424743E-05 -8.723202322E-06
52.6 2.094504021E-05 1.745420018E-05
52.8 2.095440322E-05 5.238600805E-05
53 2.09637746E-05 3.493962433E-05
53.2 2.097315436E-05 4.369407159E-05
53.4 1.74854521E-05 5.245635631E-05
53.6 1.749328258E-05 4.373320645E-05
53.8 2.100134409E-05 5.250336022E-05
54 2.101075751E-05 4.377241147E-05
54.2 2.45235426E-05 1.751681614E-05
54.4 2.453454464E-05 8.762337371E-06
54.6 2.454555655E-05 8.766270197E-06
54.8 2.104849573E-05 -1.754041311E-05
55 2.105795148E-05 -5.264487871E-05
55.2 2.457865169E-05 -4.389044944E-05
55.4 2.810251799E-05 -1.756407374E-05
55.6 3.162955466E-05 8.785987404E-06
55.8 3.164378938E-05 6.339729188E-21
56 3.517559658E-05 1.758779829E-05
56.2 3.871058559E-05 -8.79786036E-06
56.4 4.22487607E-05 -7.041460117E-05
56.6 4.579012624E-05 -3.522317403E-05
56.8 4.933468651E-05 -1.76195309E-05
57 5.288244585E-05 -2.644122292E-05
57.2 5.643340858E-05 -6.172404063E-05
57.4 6.351626016E-05 -6.17519196E-05
57.6 7.413578852E-05 -1.765137822E-05
57.8 8.476491863E-05 -2.648903707E-05
58 9.54036635E-05 -4.416836273E-05
58.2 9.898190045E-05 -3.535067873E-05
58.4 0.0001061000453 -8.841670439E-06
58.6 0.0001096863678 8.920975422E-21
58.8 0.0001097360671 -8.849682827E-06
59 0.000116868767 -3.541477788E-05
59.2 0.0001275510204 -5.31462585E-05
59.4 0.0001382429673 -1.772345735E-05
59.6 0.00014185202 8.865751248E-06
59.8 0.0001383685286 -1.773955495E-05
60 0.0001490799637 -4.43690368E-05
60.2 0.0001633522727 -1.775568182E-05
60.4 0.0001634265575 1.776375625E-05
60.6 0.0001670552775 -1.777183803E-05
60.8 0.0001706873009 -5.333978152E-05
61 0.0001743226321 -1.778802368E-05
61.2 0.0001744020501 2.669419134E-05
61.4 0.0001709206928 -1.780423883E-05
61.6 0.000185248518 -4.453089375E-05
61.8 0.0001960253193 -2.673072536E-05
62 0.0001996805112 1.771305578E-20
62.2 0.0001962043379 4.459189498E-05
62.4 0.0001962939698 6.245717222E-05
62.6 0.0001999542962 3.570612431E-05
62.8 0.0002036179698 -7.354064232E-21
63 0.0002108588747 8.934698079E-06
63.2 0.0002145308924 1.787757437E-05
63.4 0.0002110519689 -2.682864011E-05
63.6 0.0002111486486 -6.262883646E-05
63.8 0.000211245417 -8.951076994E-06
64 0.0002077602017 8.95518111E-06
64.2 0.0002114392202 -8.959288991E-06
64.4 0.0002115362552 -1.792680128E-05
64.6 0.0002080463728 3.587006428E-05
64.8 0.0002045532843 2.691490583E-05
65 0.000197466682 6.593440983E-21
65.2 0.0001939655172 2.693965517E-05
65.4 0.0001868675253 8.984015639E-06
65.6 0.0001797630005 1.797630005E-05
65.8 0.0001726519337 1.798457643E-05
66 0.0001691328881 -8.996430216E-06
66.2 0.0001692108295 2.700172811E-05
66.4 0.0001620850622 2.701417704E-05
66.6 0.0001621598247 -1.80177583E-05
66.8 0.0001586294416 -1.802607291E-05
67 0.0001550957987 -2.70515928E-05
67.2 0.0001587759815 -2.706408776E-05
67.4 0.000158849353 1.765648235E-20
67.6 0.0001553109108 9.029704115E-06
67.8 0.0001517691952 2.7101642E-05
68 0.0001482242018 5.42283665E-05
68.2 0.0001482928241 2.712673611E-05
68.4 0.00014836151 5.42786012E-05
68.6 0.0001484302595 4.52531279E-05
68.8 0.0001484990728 -2.716446453E-05
69 0.0001485679499 -1.811804267E-05
69.2 0.000148636891 1.812645012E-05
69.4 0.0001450789229 1.813486537E-05
69.6 0.0001451463075 9.071644217E-06
69.8 0.0001452137546 -9.075859665E-06
70 0.0001489132961 4.011817556E-21
70.2 0.0001526162791 6.063346758E-21
70.4 0.0001490518846 9.088529549E-06
70.6 0.0001454841713 5.455656425E-05
70.8 0.0001419131346 6.367897066E-05
71 0.0001419792637 6.370864399E-05
71.2 0.0001420454545 4.552738928E-05
71.4 0.0001384678172 2.732917444E-05
71.6 0.0001348868409 2.73419272E-05
71.8 0.0001349498133 -2.735469188E-05
72 0.0001386618403 -2.736746847E-05
72.2 0.0001460280374 -9.126752336E-06
72.4 0.0001460963067 -2.110770096E-20
72.6 0.0001461646399 2.740586997E-05
72.8 0.000146233037 3.655825924E-05
73 0.0001463014981 4.571921816E-05
73.2 0.0001463700234 3.659250585E-05
73.4 0.0001464386129 1.830482662E-05
73.6 0.0001465072668 9.156704173E-06
73.8 0.000146575985 1.832199812E-05
74 0.0001429786485 9.165297982E-06
74.2 0.0001393779343 2.750880282E-05
74.4 0.0001394434007 1.834781588E-05
74.6 0.0001431802162 9.178218985E-06
74.8 0.0001469205454 3.673013634E-05
75 0.0001506643932 -1.740388966E-20
75.2 0.0001544117647 -1.838235294E-05
75.4 0.0001544844633 9.195503766E-06
75.6 0.0001545572303 -1.839967028E-05
75.8 0.000154630066 -2.761251178E-05
76 0.0001547029703 -1.841702027E-05
76.2 0.0001547759434 -3.685141509E-05
76.4 0.0001548489854 -2.765160453E-05
76.6 0.000151233475 -3.688621341E-05
76.8 0.0001513049126 -5.535545583E-05
77 0.0001550685255 -2.769080813E-05
77.2 0.0001588356974 -4.617316785E-05
77.4 0.0001663020341 -7.391201514E-05
77.6 0.0001737754378 -2.773012305E-05
77.8 0.0001775568182 9.247750947E-06
78 0.0001813417811 -9.252131691E-06
78.2 0.0001814277251 -1.851303318E-05
78.4 0.0001852181128 -9.260905642E-06
78.6 0.0001890120968 -1.853059772E-05
78.8 0.000192809682 -2.780908875E-05
79 0.0002003205128 -3.709639126E-05
79.2 0.0002041270784 -9.278503563E-06
79.4 0.0002079372624 -2.784874049E-05
79.6 0.0002117510699 -5.572396576E-05
79.8 0.0002155685062 1.858349191E-05
80 0.0002193895764 9.296168491E-06
80.2 0.0002232142857 -4.650297619E-05
80.4 0.0002270426394 -1.632647382E-20
80.6 0.000227150858 3.723784557E-05
80.8 0.0002198080591 1.862780162E-05
81 0.0002199129294 9.318344466E-06
81.2 0.0002237470167 -2.796837709E-05
81.4 0.0002313156638 -5.596346705E-05
81.6 0.0002426242236 -2.799510272E-05
81.8 0.0002464746654 7.258357061E-21
82 0.0002540650407 1.868125299E-05
82.2 0.0002579246411 4.672547847E-05
82.4 0.0002617879368 2.804870752E-05
82.6 0.0002693965517 -9.354046935E-06
82.8 0.0002770124581 3.741107394E-21
83 0.0002808904602 2.808904602E-05
83.2 0.0002885191847 2.810251799E-05
83.4 0.0002961552303 -1.874400192E-05
83.6 0.0003037986078 -4.68825012E-05
83.8 0.0003114493276 -1.876200768E-05
84 0.0003191074003 -1.877102355E-05
84.2 0.0003230168269 -6.573016827E-05
84.4 0.0003269300144 -4.697270322E-05
84.6 0.000323327719 -1.87981232E-05
84.8 0.0003234833895 -4.701793452E-05
85 0.00032363921 -2.822434971E-05
85.2 0.0003200301205 -1.88253012E-05
85.4 0.0003352519286 -6.592032305E-05
85.6 0.0003391823444 -4.710865895E-05
85.8 0.0003431165541 -3.770511583E-05
86 0.000347054563 -4.715415258E-05
86.2 0.0003547705314 -4.717693237E-05
86.4 0.0003587179797 -3.775978734E-05
86.6 0.0003626692456 -1.888902321E-05
86.8 0.0003628447025 -2.834724238E-05
87 0.0003668017909 -2.836096321E-05
87.2 0.0003707627119 2.837469734E-05
87.4 0.000363372093 4.731407461E-05
87.6 0.0003673351915 -1.893480368E-05
87.8 0.0003750909311 -3.788797284E-05
88 0.0003752729258 -9.476589034E-06
88.2 0.0003754550971 -9.48118932E-06
88.4 0.000379431763 -9.485794075E-06
88.6 0.0003834122935 -2.152352221E-20
88.8 0.0003835986874 -1.899003403E-05
89 0.0003799854086 -2.849890564E-05
89.2 0.0003801703163 -1.493904997E-20
89.4 0.0003841589581 2.852665531E-05
89.6 0.0003767352655 3.805406722E-05
89.8 0.0003731115984 -9.518153021E-06
90 0.0003771026329 -9.522793759E-06
90.2 0.0003734756098 1.905487805E-05
90.4 0.0003660322108 5.561655472E-21
90.6 0.0003623962402 9.536743164E-06
90.8 0.0003587567171 -3.178573293E-20
91 0.0003589320626 -3.818426197E-05
91.2 0.0003552872861 -2.865220049E-05
91.4 0.0003478167808 2.563135007E-21
91.6 0.0003518110622 -1.337201347E-20
91.8 0.0003558092556 -9.564764936E-06
92 0.0003559835865 -3.8277805E-05
92.2 0.0003561580882 -4.787071078E-05
92.4 0.0003525012261 6.979583515E-21
92.6 0.0003450073602 1.916707556E-05
92.8 0.0003451767305 2.231097821E-21
93 0.0003376719057 2.654762023E-20
93.2 0.0003339987715 1.704621275E-20
93.4 0.0003303220256 -1.920476893E-05
93.6 0.0003227988195 -9.607107723E-06
93.8 0.0003152682087 -9.61183563E-06
94 0.0003115768095 -2.884970458E-05
94.2 0.0003040332512 9.621305419E-06
94.4 0.0003003326762 5.300299355E-21
94.6 0.0002966284517 -3.852317554E-05
94.8 0.0002929205723 -9.635545141E-06
95 0.0002853529121 1.928060217E-05
95.2 0.0002777777778 9.645061728E-06
95.4 0.0002779150198 9.649827075E-06
95.6 0.0002741905586 9.654597133E-06
95.8 0.0002704624135 1.931874382E-05
96 0.0002667305789 9.66415141E-06
96.2 0.0002668626238 -3.867574257E-05
96.4 0.0002669947994 -2.902117385E-05
96.6 0.0002593842914 1.935703667E-05
96.8 0.0002556395637 2.904995042E-05
97 0.000251891121 1.937624008E-05
97.2 0.0002442617866 9.69292804E-06
97.4 0.0002482621648 3.879096326E-05
97.6 0.0002483854943 1.940511674E-05
97.8 0.000244625994 -1.941476143E-05
98 0.000244747638 2.998667527E-21
98.2 0.000244869403 1.852730443E-20
98.4 0.0002449912892 1.944375311E-05
98.6 0.0002412226096 9.726718127E-06
98.8 0.0002374501744 1.946312905E-05
99 0.0002375685444 5.841849452E-05
99.2 0.0002337905237 1.948254364E-05
99.4 0.0002300087325 1.949226547E-05
99.6 0.0002262231653 1.9501997E-05
99.8 0.0002224338162 9.755869131E-06
100 0.0002186406797 4.880372314E-05
100.2 0.00021484375 3.90625E-05
100.4 0.0002110430215 1.954102051E-05
100.6 0.0002033283283 1.95508008E-05
100.8 0.000199518027 -9.780295443E-06
101 0.000199617986 -1.957039078E-05
101.2 0.0001918859649 9.790100251E-06
101.4 0.0001841461886 9.79501003E-06
101.6 0.0001803186152 3.919969895E-05
101.8 0.0001686433233 5.882906627E-05
102 0.0001608802109 4.90488448E-05
102.2 0.0001531092965 4.907349246E-05
102.4 0.0001453305681 1.963926596E-05
102.6 0.0001375440141 2.94737173E-05
102.8 0.0001297496225 2.948855058E-05
103 0.0001258811682 9.834466264E-06
103.2 0.0001220088161 1.967884131E-05
103.4 0.0001181325605 -5.574296882E-21
103.6 0.0001142523954 -2.199332808E-21
103.8 0.0001103683148 9.854313824E-06
104 0.0001104240283 1.971857648E-05
104.2 0.0001025883838 9.864267677E-06
104.4 9.869252148E-05 9.869252148E-06
104.6 9.479271992E-05 3.949696663E-05
104.8 9.088897319E-05 9.879236216E-06
105 9.093496964E-05 -8.472703003E-21
105.2 8.702531646E-05 -6.179529206E-21
105.4 8.311170213E-05 -3.957700101E-05
105.6 7.919412063E-05 -1.979853016E-05
105.8 7.527256592E-05 9.90428499E-06
106 7.134703196E-05 -4.925818658E-20
106.2 6.741751269E-05 9.914340102E-06
106.4 6.348400203E-05 9.919375317E-06
106.6 5.95464939E-05 -1.98488313E-05
106.8 5.957676665E-05 -1.985892222E-05
107 5.563326551E-05 -3.346283227E-21
107.2 5.168575064E-05 -1.987913486E-05
107.4 5.171206721E-05 9.94462831E-06
107.6 4.775853286E-05 2.984908304E-05
107.8 4.38009684E-05 -2.024117976E-20
108 3.983936767E-05 -1.991968383E-05
108.2 3.985969388E-05 -1.992984694E-05
108.4 3.589203675E-05 8.648019674E-23
108.6 2.793028601E-05 -9.975102145E-06
108.8 2.395247828E-05 -9.980199285E-06
109 1.997060327E-05 9.985301636E-06
109.2 1.598465473E-05 -3.663271149E-20
109.4 1.199462641E-05 -9.995522006E-06
109.6 8.000512033E-06 1.000064004E-05
109.8 4.002305328E-06 1.000576332E-05
110 0 1.041929009E-20
110.2 0 1.001602564E-05
110.4 0 2.00423294E-05
110.6 0 3.00789271E-05
110.8 0 2.006291731E-05
111 0 -3.663709194E-20
111.2 0 1.004177378E-05
111.4 0 1.00469393E-05
111.6 0 1.390554102E-20
111.8 4.022914521E-06 2.011457261E-05
112 8.04997424E-06 1.00624678E-05
112.2 1.208118557E-05 -1.006765464E-05
112.4 1.611655493E-05 -9.762101648E-21
112.6 2.015608875E-05 2.618135917E-20
112.8 2.41997935E-05 1.2854116E-20
113 2.824767562E-05 1.008845558E-05
113.2 3.22997416E-05 1.009366925E-05
113.4 3.231644261E-05 2.019777663E-05
113.6 3.233316089E-05 1.010411278E-05
113.8 3.234989648E-05 2.02186853E-05
114 3.23666494E-05 2.022915588E-05
114.2 3.238341969E-05 1.011981865E-05
114.4 3.240020736E-05 3.03751944E-05
114.6 3.241701245E-05 2.026063278E-05
114.8 3.243383498E-05 1.013557343E-05
115 3.245067497E-05 -2.028167186E-05
115.2 3.246753247E-05 1.01461039E-05
115.4 3.248440748E-05 6.090826403E-05
115.6 3.250130005E-05 2.031331253E-05
115.8 3.25182102E-05 1.104746847E-20
116 3.253513795E-05 2.033446122E-05
116.2 3.255208333E-05 -1.017252604E-05
116.4 2.849791558E-05 -3.053348098E-05
116.6 2.443952033E-05 4.926999386E-21
116.8 2.037689098E-05 5.827743865E-22
117 1.631002088E-05 2.03875261E-05
117.2 1.223890339E-05 -3.524325679E-21
117.4 8.16353187E-06 -7.143090387E-05
117.6 4.083899634E-06 -5.104874543E-05
117.8 0 1.021508891E-05
118 0 2.044086866E-05
118.2 0 3.067735602E-05
118.4 0 5.11557098E-05
118.6 0 3.070951258E-05
118.8 0 1.024187205E-05
119 0 2.049449108E-05
119.2 0 1.025262467E-05
119.4 0 -2.066494221E-20
119.6 0 2.052679979E-05
119.8 0 -1.0268796E-05
120 4.109679116E-06 -1.504294249E-20
120.2 8.223684211E-06 2.055921053E-05
120.4 8.228014745E-06 2.057003686E-05
120.6 1.234852476E-05 1.02904373E-05
120.8 1.647337902E-05 -1.029586189E-05
121 2.060258439E-05 1.030129219E-05
121.2 2.473614776E-05 1.030672823E-05
121.4 2.887407603E-05 -7.101260498E-21
121.6 3.301637612E-05 1.031761754E-05
121.8 3.716305497E-05 3.096921247E-05
122 3.718270756E-05 2.065705976E-05
122.2 3.306878307E-05 3.100198413E-05
122.4 3.308628904E-05 1.033946533E-05
122.6 3.724179025E-05 -1.034494174E-05
122.8 3.726152623E-05 1.035042395E-05
123 3.728128314E-05 -1.035591198E-05
123.2 3.730106101E-05 -2.072281167E-05
123.4 3.732085987E-05 -2.073381104E-05
123.6 3.734067977E-05 -3.111723314E-05
123.8 3.736052072E-05 -3.113376727E-05
124 3.738038278E-05 -1.038343966E-05
124.2 4.155585106E-05 1.038896277E-05
124.4 4.57357637E-05 -1.882413924E-20
124.6 4.576011715E-05 -2.274986042E-21
124.8 4.578449654E-05 -3.121670218E-05
125 4.580890192E-05 -3.123334222E-05
125.2 4.583333333E-05 -1.183658226E-20
125.4 4.585779082E-05 -6.642623315E-21
125.6 4.588227443E-05 2.085557928E-05
125.8 4.590678419E-05 -1.043336004E-05
126 4.593132015E-05 -1.04389364E-05
126.2 4.595588235E-05 -1.044451872E-05
126.4 4.598047084E-05 -4.180042804E-05
126.6 4.600508565E-05 -3.136710385E-05
126.8 4.602972683E-05 2.092260311E-05
127 4.605439443E-05 2.093381565E-05
127.2 4.607908847E-05 -2.094504021E-05
127.4 4.610380901E-05 -2.095627682E-05
127.6 4.193505099E-05 -2.09675255E-05
127.8 3.776181525E-05 -3.146817938E-05
128 3.358409457E-05 -1.049502955E-05
128.2 2.940188172E-05 2.100134409E-05
128.4 2.521516945E-05 -5.272056152E-21
128.6 2.102395048E-05 1.051197524E-05
128.8 1.682821756E-05 2.103527194E-05
129 1.683728448E-05 -2.10466056E-05
129.2 1.684636119E-05 -4.211590296E-05
129.4 2.10693096E-05 -1.05346548E-05
129.6 2.529681597E-05 2.108067998E-05
129.8 3.374730022E-05 -2.109206263E-05
130 3.798622366E-05 -3.165518639E-05
130.2 4.222972973E-05 -5.278716216E-05
130.4 4.647782585E-05 -5.28157112E-05
130.6 5.073051948E-05 -2.113771645E-05
130.8 5.075798592E-05 -3.17237412E-05
131 5.078548212E-05 -2.116061755E-05
131.2 5.504742547E-05 -3.175813008E-05
131.4 6.355070499E-05 -3.177535249E-05
131.6 6.782419967E-05 9.752155396E-21
131.8 6.786102063E-05 -6.403441777E-22
132 6.789788159E-05 -5.304521999E-05
132.2 6.793478261E-05 -6.36888587E-05
132.4 6.797172376E-05 -3.186174551E-05
132.6 6.800870511E-05 -1.062636017E-05
132.8 6.379286881E-05 -2.12642896E-05
133 5.957244009E-05 -4.255174292E-05
133.2 5.108991826E-05 -3.193119891E-05
133.4 4.259814613E-05 -3.19486096E-05
133.6 3.409710857E-05 -4.262138571E-05
133.8 2.985125546E-05 -3.198348799E-05
134 2.560076461E-05 -3.200095576E-05
134.2 2.134562842E-05 -3.201844262E-05
134.4 2.135729907E-05 1.067864954E-05
134.6 1.7095186E-05 2.136898249E-05
134.8 1.282840722E-05 2.138067871E-05
135 8.556955093E-06 2.139238773E-05
135.2 4.280821918E-06 1.070205479E-05
135.4 0 3.212376645E-05
135.6 0 4.285518376E-05
135.8 0 3.215902854E-05
136 0 2.145112576E-05
136.2 0 2.146291209E-05
136.4 0 7.816807938E-21
136.6 0 -1.074326183E-05
136.8 0 2.149834893E-05
137 0 3.226528084E-05
137.2 0 2.152203857E-05
137.4 0 1.076695149E-05
137.6 0 -1.077289024E-05
137.8 0 -1.077883554E-05
138 0 -2.156957482E-05
138.2 0 -3.237223757E-05
138.4 0 -1.079671089E-05
138.6 0 -2.160536504E-05
138.8 0 -2.161732153E-05
139 0 -1.081464563E-05
139.2 0 -3.246191136E-05
139.4 0 -3.247990576E-05
139.6 0 -1.083264004E-05
139.8 0 1.08386515E-05
140 0 7.989432778E-21
140.2 0 -1.085069444E-05
140.4 0 -2.171345192E-05
140.6 0 -1.086276418E-05
140.8 0 -1.086880913E-05
141 0 -3.262458241E-05
141.2 0 -1.088091922E-05
141.4 0 1.088698439E-05
141.6 0 -2.342724441E-20
141.8 0 -2.179827009E-05
142 0 -1.101469056E-20
142.2 0 2.18226257E-05
142.4 0 2.183482392E-05
142.6 0 -1.414361516E-20
142.8 0 1.092963067E-05
143 0 4.374300112E-05
143.2 0 4.3767507E-05
143.4 0 3.284403027E-05
143.6 0 3.286245093E-05
143.8 0 3.288089226E-05
144 0 1.096645143E-05
144.2 0 1.097261236E-05
144.4 0 4.391512085E-05
144.6 0 4.393982002E-05
144.8 0 1.099113675E-05
145 0 -1.099732545E-05
145.2 0 1.100352113E-05
145.4 0 1.100972379E-05
145.6 0 -1.101593345E-05
145.8 0 1.102215011E-05
146 0 1.10283738E-05
146.2 0 -2.206920904E-05
146.4 0 -2.606365402E-20
146.6 0 2.209417421E-05
146.8 0 -1.105333899E-05
147 0 1.31929766E-20
147.2 0 1.106586402E-05
147.4 0 1.107213719E-05
147.6 0 1.107841747E-05
147.8 0 -2.216940976E-05
148 0 1.109099943E-05
148.2 4.438920455E-06 -1.24492832E-21
148.4 8.882888005E-06 -4.441444002E-05
148.6 1.333191126E-05 -1.110992605E-05
148.8 1.778599886E-05 3.334874787E-05
149 2.224515945E-05 2.224515945E-05
149.2 2.670940171E-05 -1.112891738E-05
149.4 3.117873432E-05 -1.113526226E-05
149.6 3.5653166E-05 -2.228322875E-05
149.8 3.567351598E-05 -3.574491698E-22
150 4.015562536E-05 4.461736151E-05
150.2 4.017857143E-05 4.464285714E-05
150.4 4.913522013E-05 1.116709548E-05
150.6 5.81021167E-05 3.352045195E-05
150.8 6.707927876E-05 3.353963938E-05
151 7.159221077E-05 9.534762045E-21
151.2 8.058739255E-05 1.385938462E-20
151.4 8.511324541E-05 2.239822248E-05
151.6 8.516207688E-05 1.120553643E-05
151.8 8.521096441E-05 1.1211969E-05
152 8.52599081E-05 1.121840896E-05
152.2 8.530890805E-05 1.122485632E-05
152.4 8.086543991E-05 1.12313111E-05
152.6 7.641685846E-05 -1.12377733E-05
152.8 7.196315486E-05 2.24884859E-05
153 6.750432028E-05 2.250144009E-05
153.2 7.204610951E-05 -7.001179177E-21
153.4 7.208765859E-05 1.126369666E-05
153.6 7.66373341E-05 4.508078477E-05
153.8 7.668158199E-05 5.638351617E-05
154 7.672588099E-05 4.513287117E-05
154.2 7.677023121E-05 5.644869942E-05
154.4 7.681463274E-05 4.518507808E-05
154.6 7.685908565E-05 2.260561343E-05
154.8 6.785610886E-05 2.261870295E-05
155 5.884269988E-05 2.263180765E-05
155.2 5.434782609E-05 1.132246377E-05
155.4 5.891096288E-05 3.398709397E-05
155.6 5.44109112E-05 3.40068195E-05
155.8 6.351626016E-05 4.536875726E-05
156 6.355316676E-05 6.809267868E-05
156.2 6.813226744E-05 4.542151163E-05
156.4 6.817190227E-05 6.817190227E-05
156.6 6.366414435E-05 9.094877765E-05
156.8 5.91511357E-05 6.825131043E-05
157 5.463286713E-05 5.69092366E-05
157.2 5.010932945E-05 5.694241983E-05
157.4 4.558051342E-05 5.697564177E-05
157.6 4.104640981E-05 3.420534151E-05
157.8 4.107038551E-05 -1.140844042E-05
158 4.109438925E-05 -2.283021625E-05
158.2 4.111842105E-05 -1.142178363E-05
158.4 4.114248098E-05 1.142846694E-05
158.6 3.659250585E-05 3.430547424E-05
158.8 3.203719977E-05 1.144185706E-05
159 3.20559789E-05 4.879088922E-21
159.2 2.291055718E-05 1.145527859E-05
159.4 1.833920188E-05 3.438600352E-05
159.6 1.376247798E-05 4.58749266E-05
159.8 1.377056404E-05 5.737735018E-05
160 9.185773075E-06 6.889329806E-05
160.2 9.191176471E-06 3.446691176E-05
160.4 9.196586227E-06 2.00057745E-21
160.6 1.380300353E-05 2.300500589E-05
160.8 1.38111373E-05 3.452784325E-05
161 1.842570755E-05 -8.597124075E-21
161.2 1.843657817E-05 1.889696727E-20
161.4 2.767119244E-05 1.152966352E-05
161.6 1.845835794E-05 4.614589486E-05
161.8 1.846926714E-05 1.154329196E-05
162 1.848018924E-05 2.310023655E-05
162.2 1.849112426E-05 2.311390533E-05
162.4 2.312759029E-05 -6.938277087E-05
162.6 2.776954976E-05 -5.785322867E-05
162.8 2.778601067E-05 1.896214856E-20
163 2.316874259E-05 2.316874259E-05
163.2 1.854599407E-05 2.318249258E-05
163.4 1.855700713E-05 6.834973147E-22
163.6 1.856803327E-05 -4.642008318E-05
163.8 1.857907253E-05 -5.805960166E-05
164 1.859012493E-05 -2.323765616E-05
164.2 1.860119048E-05 1.189401943E-20
164.4 1.861226921E-05 -3.489800476E-05
164.6 1.862336114E-05 -4.655840286E-05
164.8 1.863446631E-05 7.508354549E-22
165 1.864558473E-05 2.711146186E-21
165.2 1.865671642E-05 -2.332089552E-05
165.4 1.866786141E-05 -3.500224014E-05
165.6 1.867901973E-05 -3.502316198E-05
165.8 1.869019139E-05 -1.168136962E-05
166 1.870137642E-05 -1.139641593E-20
166.2 1.871257485E-05 1.169535928E-05
166.4 1.87237867E-05 1.170236669E-05
166.6 1.873501199E-05 -9.016477145E-21
166.8 1.405968806E-05 1.171640672E-05
167 9.378751501E-06 -4.060034798E-21
167.2 4.692192192E-06 -3.519144144E-05
167.4 4.695012019E-06 -1.173753005E-05
167.6 0 -1.174458809E-05
167.8 0 -2.350330927E-05
168 0 -2.095236454E-20
168.2 0 -1.038646458E-20
168.4 0 4.399311946E-21
168.6 0 1.013662495E-21
168.8 0 -3.536134581E-05
169 0 -2.358846618E-05
169.2 0 2.334361408E-21
169.4 0 1.180849456E-05
169.6 0 3.54469147E-05
169.8 0 4.864004214E-21
170 0 1.182995154E-05
170.2 0 1.183712121E-05
170.4 0 -5.922149788E-05
170.6 0 -1.185148665E-05
170.8 0 3.557604736E-05
171 0 -3.5597661E-05
171.2 0 -4.749240122E-05
171.4 0 -1.188032238E-05
171.6 0 2.377510651E-05
171.8 0 -1.189479294E-05
172 0 -4.760816575E-05
172.2 0 1.190929878E-05
172.4 0 2.383312996E-05
172.6 0 -3.577152015E-05
172.8 0 -4.772449603E-05
173 0 -4.775366748E-05
173.2 4.778287462E-06 -7.167431193E-05
173.4 9.562423501E-06 -4.78121175E-05
173.6 9.568279241E-06 -2.39206981E-05
173.8 9.574142157E-06 8.61295694E-21
174 9.580012262E-06 2.991436791E-20
174.2 9.585889571E-06 -1.198236196E-05
174.4 9.591774095E-06 -2.397943524E-05
174.6 9.597665848E-06 -1.199708231E-05
174.8 1.440534726E-05 4.548995549E-20
175 1.921894219E-05 -2.402367774E-05
175.2 2.403846154E-05 -1.201923077E-05
175.4 2.886391626E-05 -1.202663177E-05
175.6 3.369531731E-05 -1.20340419E-05
175.8 3.853267571E-05 -2.408292232E-05
176 4.337600247E-05 -1.204888957E-05
176.2 4.822530864E-05 3.616898148E-05
176.4 5.308060531E-05 2.412754787E-05
176.6 5.794190358E-05 1.207122991E-05
176.8 6.280921459E-05 -2.415739023E-05
177 6.76825495E-05 -1.208616955E-05
177.2 6.77244582E-05 2.41873065E-05
177.4 6.776641884E-05 3.27167084E-20
177.6 7.749535028E-05 2.889656043E-20
177.8 8.723635236E-05 -3.634848015E-05
178 9.213997517E-05 -2.424736189E-05
178.2 9.704968944E-05 -1.213121118E-05
178.4 0.0001019655065 -6.896061043E-21
178.6 0.0001068874378 7.287779851E-05
178.8 0.0001020924082 8.507700685E-05
179 9.729140722E-05 4.864570361E-05
179.2 0.0001022196262 6.084501558E-05
179.4 0.00010715399 9.74127182E-05
179.6 0.0001120945103 7.310511541E-05
179.8 0.0001170411985 4.876716604E-05
180 0.0001219940662 8.539584635E-05
180.2 0.000126953125 9.765625E-05
180.4 0.0001270325203 4.885866166E-05
180.6 0.000127112015 7.333385482E-05
180.8 0.0001271916093 7.337977458E-05
181 0.0001272713033 3.671287594E-05
181.2 0.0001273510972 4.898119122E-05
181.4 0.0001225297992 4.90119197E-05
181.6 0.0001226067169 4.904268675E-05
181.8 0.0001226837312 4.907349246E-05
182 0.0001227608422 1.227608422E-05
182.2 0.0001228380503 1.228380503E-05
182.4 0.0001229153556 3.687460667E-05
182.6 0.0001229927582 3.689782746E-05
182.8 0.0001230702583 2.461405167E-05
183 0.0001231478562 1.231478562E-05
183.2 0.0001232255521 2.464511041E-05
183.4 0.000123303346 1.23303346E-05
183.6 0.0001233812382 3.701437145E-05
183.8 0.0001234592288 3.054957551E-21
184 0.0001235373182 -1.235373182E-05
184.2 0.0001236155063 -1.236155063E-05
184.4 0.0001236937935 -1.236937935E-05
184.6 0.00012377218 6.188608999E-05
184.8 0.0001238506658 4.954026633E-05
185 0.0001239292513 4.957170051E-05
185.2 0.0001240079365 2.48015873E-05
185.4 0.0001290501906 2.03448042E-21
185.6 0.0001291322314 6.208280356E-05
185.8 0.0001242445929 2.484891858E-05
186 0.0001243236792 1.595354891E-20
186.2 0.0001244028662 4.97611465E-05
186.4 0.0001244821542 -1.244821542E-05
186.6 0.0001295440051 -2.491230867E-05
186.8 0.0001296266752 1.246410338E-05
187 0.0001346982759 -1.247206258E-05
187.2 0.000134784345 -2.49600639E-05
187.4 0.0001348705243 -2.497602302E-05
187.6 0.0001349568138 1.249600128E-05
187.8 0.0001350432138 1.250400128E-05
188 0.0001351297245 -2.502402306E-05
188.2 0.0001352163462 -2.50400641E-05
188.4 0.0001353030789 -5.011225144E-05
188.6 0.0001303754814 -3.760831194E-05
188.8 0.0001354768786 -1.254415543E-05
189 0.000135563946 -6.276108612E-05
189.2 0.0001306270096 -3.768086817E-05
189.4 0.000135738417 2.513674389E-05
189.6 0.000135825821 -1.257646491E-05
189.8 0.0001359133376 -3.77537049E-05
190 0.0001309638943 -3.777804642E-05
190.2 0.0001310483871 -8.820564516E-05
190.4 0.000131132989 -0.0001260894125
190.6 0.0001312177003 -0.0001009366925
190.8 0.000131302521 -5.050096962E-05
191 0.0001313874515 -2.526681759E-05
191.2 0.0001314724919 -3.792475728E-05
191.4 0.0001315576425 1.319332428E-20
191.6 0.0001265797148 -1.265797148E-05
191.8 0.000131728275 -5.066472114E-05
192 0.0001267439974 -3.802319922E-05
192.2 0.0001268262987 -3.804788961E-05
192.4 0.0001218323587 -2.538174139E-05
192.6 0.0001168319246 -2.539824447E-05
192.8 0.0001118249837 -1.270738452E-05
193 0.0001068115234 -1.271565755E-05
193.2 0.0001017915309 -1.272394137E-05
193.4 9.676499348E-05 1.273223598E-05
193.6 9.173189824E-05 -1.274054142E-05
193.8 8.669223238E-05 -5.099543081E-05
194 8.164598302E-05 -3.827155454E-05
194.2 7.659313725E-05 -1.276552288E-05
194.4 7.153368215E-05 1.425314682E-20
194.6 6.646760471E-05 -1.278223168E-05
194.8 6.139489194E-05 -2.558120498E-05
195 5.119593709E-05 -3.839695282E-05
195.2 5.12295082E-05 -3.842213115E-05
195.4 4.101049869E-05 -3.844734252E-05
195.6 5.129678267E-05 -5.129678267E-05
195.8 4.106438896E-05 -3.849786465E-05
196 3.595496384E-05 -1.813976902E-20
196.2 3.597861842E-05 1.284950658E-05
196.4 3.085911784E-05 -1.285796577E-05
196.6 2.57328722E-05 -2.57328722E-05
196.8 2.059986816E-05 -3.86247528E-05
197 1.546009235E-05 -6.441705145E-05
197.2 1.547029703E-05 -5.156765677E-05
197.4 1.032034346E-05 -5.160171731E-05
197.6 1.032716457E-05 -3.872686715E-05
197.8 1.033399471E-05 -2.583498677E-05
198 1.034083388E-05 -5.170416942E-05
198.2 1.034768212E-05 -5.17384106E-05
198.4 1.035453943E-05 -7.765904573E-05
198.6 1.036140584E-05 -6.475878647E-05
198.8 1.036828135E-05 -2.592070338E-05
199 1.0375166E-05 -1.619903878E-20
199.2 1.03820598E-05 1.297757475E-05
199.4 1.038896277E-05 -1.298620346E-05
199.6 1.039587492E-05 -2.598968729E-05
199.8 1.040279627E-05 -3.901048602E-05
200 1.040972685E-05 -6.50607928E-05
200.2 1.041666667E-05 -9.114583333E-05
200.4 1.042361574E-05 -9.120663776E-05
200.6 1.04305741E-05 -5.215287049E-05
200.8 1.043754175E-05 -1.304692719E-05
201 1.044451872E-05 -3.916694519E-05
201.2 1.045150502E-05 -6.532190635E-05
201.4 1.045850067E-05 -3.921937751E-05
201.6 1.046550569E-05 -1.308188212E-05
201.8 1.047252011E-05 -2.618130027E-05
202 1.047954393E-05 -7.859657948E-05
202.2 1.048657718E-05 -5.243288591E-05
202.4 1.049361988E-05 -3.935107455E-05
202.6 1.050067204E-05 -3.937752016E-05
202.8 1.050773369E-05 -1.313466711E-05
203 1.051480485E-05 -3.943051817E-05
203.2 1.052188552E-05 -3.945707071E-05
203.4 1.052897574E-05 -2.632243935E-05
203.6 1.053607552E-05 -2.634018881E-05
203.8 1.054318489E-05 -2.635796221E-05
204 1.055030385E-05 -1.318787981E-05
204.2 1.055743243E-05 -5.540303469E-21
204.4 1.056457066E-05 1.369120825E-20
204.6 1.057171854E-05 -1.040401435E-19
204.8 1.05788761E-05 1.322359513E-05
205 1.058604336E-05 1.32325542E-05
205.2 1.059322034E-05 -1.324152542E-05
205.4 5.300203528E-06 -2.650101764E-05
205.6 5.303801765E-06 -2.651900883E-05
205.8 0 -5.307404891E-05
206 0 -2.655506458E-05
206.2 0 1.328656463E-05
206.4 0 2.031126194E-20
206.6 0 1.330466621E-05
206.8 0 3.994120654E-05
207 0 8.735031707E-21
207.2 0 1.607729276E-20
207.4 0 5.451699277E-21
207.6 0 1.411678236E-20
207.8 0 2.671853625E-05
208 0 2.673682409E-05
208.2 0 2.675513699E-05
208.4 0 2.677347498E-05
208.6 0 1.339591907E-05
208.8 0 1.340511325E-05
209 0 2.682864011E-05
209.2 0 1.342353952E-05
209.4 0 -2.686554333E-05
209.6 0 -2.688403304E-05
209.8 0 1.34512741E-05
210 0 -4.038163336E-05
210.2 0 -1.346982759E-05
210.4 0 -6.829455926E-21
210.6 5.395372928E-06 -1.348843232E-05
210.8 5.399101589E-06 -1.041936058E-20
211 1.080567082E-05 -1.350708852E-05
211.2 1.081314879E-05 -1.351643599E-05
211.4 1.082063712E-05 -2.70515928E-05
211.6 1.082813583E-05 -1.353516979E-05
211.8 5.417822469E-06 -2.708911234E-05
212 5.421582235E-06 -1.355395559E-05
212.2 0 1.356336806E-05
212.4 0 -1.357279361E-05
212.6 0 -3.330137708E-20
212.8 0 -1.359168406E-05
213 0 -4.898228118E-20
213.2 0 1.361062718E-05
213.4 0 -1.362011855E-05
213.6 0 1.362962317E-05
213.8 0 2.727828212E-05
214 0 1.118532638E-20
214.2 0 2.07005221E-20
214.4 0 1.366777467E-05
214.6 0 -1.367734594E-05
214.8 0 -1.368693062E-05
215 0 6.8819471E-21
215.2 5.48245614E-06 -2.74122807E-05
215.4 5.48630618E-06 -4.114729635E-05
215.6 1.098032326E-05 -1.372540408E-05
215.8 1.098804501E-05 4.120516878E-05
216 5.497888811E-06 1.374472203E-05
216.2 5.501760563E-06 -2.750880282E-05
216.4 0 -1.376409443E-05
216.6 0 -2.754760226E-05
216.8 0 -1.678146084E-20
217 0 2.75865113E-05
217.2 0 8.835603494E-21
217.4 0 2.762553041E-05
217.6 0 2.764508139E-05
217.8 5.532932011E-06 -4.688041667E-20
218 5.536853296E-06 -1.384213324E-05
218.2 1.108156028E-05 -4.155585106E-05
218.4 1.108942512E-05 -1.289483562E-20
218.6 5.548650568E-06 -1.387162642E-05
218.8 5.552594172E-06 -1.388148543E-05
219 0 1.389135846E-05
219.2 0 -5.365737436E-21
219.4 0 2.782229345E-05
219.6 0 1.392106201E-05
219.8 0 -2.786198288E-05
220 0 -2.179760224E-20
220.2 0 2.790178571E-05
220.4 0 4.188259471E-05
220.6 5.588340486E-06 2.794170243E-05
220.8 1.118468146E-05 1.398085183E-05
221 1.678904011E-05 4.197260029E-05
221.2 1.680107527E-05 2.800179211E-05
221.4 2.241750359E-05 2.802187948E-05
221.6 2.243359655E-05 4.206299354E-05
221.8 2.244971264E-05 4.209321121E-05
222 2.808231488E-05 5.616462976E-05
222.2 2.248201439E-05 4.215377698E-05
222.4 1.687365011E-05 1.406137509E-05
222.6 1.688580692E-05 1.407150576E-05
222.8 1.689798125E-05 -2.531606782E-20
223 2.254689755E-05 -1.428030895E-20
223.2 1.692238267E-05 -2.706867044E-20
223.4 2.257947977E-05 -2.822434971E-05
223.6 2.259580622E-05 1.412237889E-05
223.8 2.26121563E-05 4.239779305E-05
224 2.262853005E-05 1.414283128E-05
224.2 2.264492754E-05 1.415307971E-05
224.4 2.26613488E-05 2.8326686E-05
224.6 2.26777939E-05 2.834724238E-05
224.8 2.269426289E-05 1.418391431E-05
225 2.271075581E-05 1.785175859E-20
225.2 1.704545455E-05 1.420454545E-05
225.4 1.137190684E-05 1.421488355E-05
225.6 1.138018937E-05 1.422523671E-05
225.8 1.708272595E-05 1.423560496E-05
226 1.7095186E-05 5.698395332E-05
226.2 1.710766423E-05 8.553832117E-05
226.4 2.282688093E-05 4.280040175E-05
226.6 2.284356725E-05 4.28316886E-05
226.8 2.286027798E-05 5.715069495E-05
227 1.715775988E-05 -1.429813324E-05
227.2 1.144688645E-05 -4.292582418E-05
227.4 5.727639296E-06 -5.727639296E-05
227.6 5.731841526E-06 -2.865920763E-05
227.8 0 1.434012482E-05
228 0 -1.435066128E-05
228.2 0 1.436121324E-05
228.4 0 1.437178072E-05
228.6 0 6.849948678E-21
228.8 0 -1.439296242E-05
229 0 -4.321073009E-05
229.2 0 -2.882841328E-05
229.4 0 -1.442485229E-05
229.6 0 -4.330654102E-05
229.8 0 -5.778476331E-05
230 0 -4.337065137E-05
230.2 0 -1.446759259E-05
230.4 0 2.453815148E-20
230.6 0 3.226985047E-20
230.8 0 1.44998144E-05
231 0 2.902117385E-05
231.2 0 2.904275093E-05
231.4 0 2.906436012E-05
231.6 0 2.908600149E-05
231.8 0 1.455383756E-05
232 0 -1.845095957E-20
232.2 0 6.252839123E-21
232.4 0 -1.44523131E-20
232.6 0 -1.459734679E-05
232.8 0 -1.87526496E-20
233 0 1.46191991E-05
233.2 0 2.139118741E-20
233.4 0 -1.08436997E-20
233.6 0 1.465210053E-05
233.8 0 -3.009818303E-20
234 0 -2.934823441E-05
234.2 0 -1.468515038E-05
234.4 0 -2.995555869E-20
234.6 0 -3.260109219E-20
234.8 0 -4.520097265E-20
235 0 1.472944947E-05
235.2 0 1.474056604E-05
235.4 0 -1.47516994E-05
235.6 0 -2.952569917E-05
235.8 0 -1.969311332E-20
236 0 2.957040121E-05
236.2 5.918560606E-06 -3.220957858E-20
236.4 1.184609553E-05 -1.480761941E-05
236.6 1.185508346E-05 -1.153885282E-20
236.8 1.186408504E-05 -1.48301063E-05
237 1.18731003E-05 -1.484137538E-05
237.2 1.188212928E-05 5.336143449E-21
237.4 1.189117199E-05 -1.410356733E-20
237.6 1.190022848E-05 -1.487528561E-05
237.8 1.786394817E-05 -1.488662348E-05
238 2.383676583E-05 1.489797864E-05
238.2 2.385496183E-05 1.490935115E-05
238.4 2.387318564E-05 -2.984148205E-05
238.6 2.986429664E-05 -5.972859327E-05
238.8 4.184200459E-05 -1.494357307E-05
239 4.7856049E-05 2.991003063E-05
239.2 4.789272031E-05 -2.599029859E-20
239.4 5.991180982E-05 -2.995590491E-05
239.6 7.194934766E-05 3.503149155E-20
239.8 7.200460829E-05 3.000192012E-05
240 7.205995388E-05 1.501249039E-05
240.2 7.211538462E-05 1.502403846E-05
240.4 7.217090069E-05 3.007120862E-05
240.6 6.620762712E-05 3.009437596E-05
240.8 6.625867386E-05 3.011757903E-05
241 7.233796296E-05 3.01408179E-05
241.2 7.842664093E-05 1.508204633E-05
241.4 8.452472952E-05 -3.01874034E-05
241.6 9.063225058E-05 -3.021075019E-05
241.8 9.674922601E-05 3.023413313E-05
242 9.682416731E-05 1.512877614E-05
242.2 9.689922481E-05 -1.514050388E-05
242.4 0.0001030352987 3.030449961E-05
242.6 0.000103115295 6.06560559E-05
242.8 9.712509713E-05 6.07031857E-05
243 9.720062208E-05 4.55627916E-05
243.2 9.727626459E-05 3.039883268E-05
243.4 9.735202492E-05 1.521125389E-05
243.6 9.742790335E-05 -1.786709232E-21
243.8 9.750390016E-05 1.52349844E-05
244 0.0001036787666 2.309272372E-20
244.2 0.0001037597656 2.593114123E-21
244.4 9.77326036E-05 4.581215794E-05
244.6 9.780907668E-05 4.584800469E-05
244.8 9.788566954E-05 3.058927173E-05
245 9.796238245E-05 1.530662226E-05
245.2 9.803921569E-05 4.392806206E-22
245.4 9.811616954E-05 1.533065149E-05
245.6 9.81932443E-05 4.602808327E-05
245.8 9.827044025E-05 3.070951258E-05
246 9.834775767E-05 1.536683714E-05
246.2 9.842519685E-05 3.075787402E-05
246.4 0.0001046591805 1.539105595E-05
246.6 0.0001047417192 4.620958202E-05
246.8 0.0001048243883 6.166140489E-05
247 9.873617694E-05 -1.542752765E-05
247.2 0.0001049901186 -1.543972332E-05
247.4 0.0001050731804 1.545193829E-05
247.6 9.897070467E-05 1.54641726E-05
247.8 9.904912837E-05 3.095285261E-05
248 9.912767645E-05 3.097739889E-05
248.2 9.920634921E-05 3.100198413E-05
248.4 9.928514694E-05 3.102660842E-05
248.6 0.0001055743243 3.105127186E-05
248.8 0.0001056583134 3.107597454E-05
249 0.0001057424363 3.110071656E-05
249.2 0.0001058266932 -1.5562749E-05
249.4 0.0001059110845 -1.557515949E-05
249.6 0.0001059956105 3.117517957E-05
249.8 0.0001123202875 1.560003994E-05
250 0.0001124100719 -4.683752998E-05
250.2 0.00011875 -1.5625E-05
250.4 0.0001251000801 1.563751001E-05
250.6 0.0001189403045 3.130008013E-05
250.8 0.0001253007217 1.566259022E-05
251 0.0001254012841 -1.567516051E-05
251.2 0.000125502008 6.275100402E-05
251.4 0.0001256028939 4.710108521E-05
251.6 0.0001257039421 3.142598552E-05
251.8 0.000125805153 4.717693237E-05
252 0.0001196112006 -1.573831587E-05
252.2 0.0001260080645 -1.575100806E-05
252.4 0.0001198042776 1.576372074E-05
252.6 0.0001199010501 1.577645396E-05
252.8 0.0001263136621 3.157841552E-05
253 0.0001264158576 1.58019822E-05
253.2 0.0001265182186 3.162955466E-05
253.4 0.0001266207455 6.331037277E-05
253.6 0.0001267234388 -1.584042985E-05
253.8 0.0001268262987 -4.755986201E-05
254 0.0001269293258 -1.586616572E-05
254.2 0.0001270325203 -3.175813008E-05
254.4 0.0001271358828 -1.589198535E-05
254.6 0.000120877443 3.180985342E-05
254.8 0.0001209759576 1.591788916E-05
255 0.0001147022838 -3.186174551E-05
255.2 0.0001084183673 -1.594387755E-05
255.4 0.000102124183 1.595690359E-05
255.6 9.581970564E-05 3.193990188E-05
255.8 8.950490998E-05 3.196603928E-05
256 8.317977068E-05 1.599610975E-05
256.2 7.68442623E-05 3.201844262E-05
256.4 6.408941756E-05 -8.610977982E-21
256.6 7.697044335E-05 -3.207101806E-05
256.8 7.061421528E-05 -8.82693703E-22
257 7.709703947E-05 -6.424753289E-05
257.2 8.359053498E-05 -9.645061728E-05
257.4 9.009472817E-05 -1.608834432E-05
257.6 8.372835944E-05 1.610160758E-05
257.8 7.735148515E-05 -1.611489274E-05
258 7.741535921E-05 -1.612819983E-05
258.2 7.102272727E-05 1.614152893E-05
258.4 6.461952026E-05 1.615488007E-05
258.6 5.820571192E-05 -1.616825331E-05
258.8 5.825393538E-05 -1.618164872E-05
259 5.182421227E-05 -1.619506633E-05
259.2 4.538381743E-05 -3.241701245E-05
259.4 5.1910299E-05 -4.866590532E-05
259.6 4.54592685E-05 -3.247090607E-05
259.8 4.549708819E-05 -1.576456461E-20
260 5.203996669E-05 -3.252497918E-05
260.2 5.208333333E-05 -2.715997712E-20
260.4 5.212677231E-05 3.257923269E-05
260.6 5.217028381E-05 -3.260642738E-05
260.8 4.56871345E-05 -4.895050125E-05
261 5.225752508E-05 -6.532190635E-05
261.2 4.576359833E-05 -6.537656904E-05
261.4 4.58019263E-05 -6.543132328E-05
261.6 3.929170159E-05 -8.185771165E-05
261.8 4.587877517E-05 -3.277055369E-05
262 3.935768262E-05 -1.639903442E-05
262.2 3.93907563E-05 -6.56512605E-05
262.4 4.599453322E-05 -8.213309504E-05
262.6 4.603324916E-05 -3.288089226E-05
262.8 3.949031171E-05 -3.290859309E-05
263 3.952360877E-05 -4.940451096E-05
263.2 3.296413502E-05 -1.648206751E-05
263.4 3.299197635E-05 -3.299197635E-05
263.6 3.301986475E-05 -6.60397295E-05
263.8 2.643824027E-05 -3.304780034E-05
264 1.984546994E-05 -1.653789162E-05
264.2 1.324152542E-05 -3.310381356E-05
264.4 6.626378287E-06 6.854880794E-21
264.6 0 1.658000849E-05
264.8 0 3.318819031E-05
265 0 1.660820578E-05
265.2 6.64893617E-06 -4.986702128E-05
265.4 0 -6.654599659E-05
265.6 6.660272805E-06 -3.330136402E-05
265.8 6.665955631E-06 -3.726730092E-20
266 0 -1.667912041E-05
266.2 0 -1.669337607E-05
266.4 0 -8.771538677E-21
266.6 0 1.672196062E-05
266.8 0 5.020886889E-05
267 0 5.025192967E-05
267.2 0 -3.353004292E-05
267.4 0 -0.0001174559708
267.6 0 -8.396926053E-05
267.8 0 -1.680830465E-05
268 0 -1.213540675E-20
268.2 0 -2.098772395E-20
268.4 0 1.685181191E-05
268.6 0 -1.686636442E-05
268.8 0 -3.376188418E-05
269 0 -1.689554498E-05
269.2 0 -5.073051948E-05
269.4 0 -5.077448007E-05
269.6 0 -3.387901127E-05
269.8 0 -3.390842014E-05
270 0 -6.787576021E-05
270.2 0 -8.491847826E-05
270.4 0 -3.399695387E-05
270.6 0 -1.701328397E-05
270.8 0 -1.702811683E-05
271 0 3.408595113E-05
271.2 0 3.411572052E-05
271.4 0 -3.414554196E-05
271.6 0 -6.835083115E-05
271.8 0 -3.420534151E-05
272 0 -3.423531989E-05
272.2 0 -1.713267544E-05
272.4 0 1.71477173E-05
272.6 0 -3.880515655E-21
272.8 0 -1.717788039E-05
273 0 -3.438600352E-05
273.2 0 -1.720814978E-05
273.4 0 1.722332451E-05
273.6 0 3.447705207E-05
273.8 0 1.725375442E-05
274 0 -1.726900973E-05
274.2 0 -3.456858407E-05
274.4 0 -1.729960142E-05
274.6 0 -3.822067928E-20
274.8 0 -1.89240903E-20
275 0 1.673808647E-20
275.2 0 2.314951539E-21
275.4 0 1.737655694E-05
275.6 0 8.4235032E-21
275.8 6.963012478E-06 -1.740753119E-05
276 6.969223907E-06 -1.742305977E-05
276.2 1.395089286E-05 -1.743861607E-05
276.4 1.396336014E-05 3.490840036E-05
276.6 6.987924866E-06 3.493962433E-05
276.8 6.994180842E-06 3.497090421E-05
277 0 3.500224014E-05
277.2 7.006726457E-06 3.625644557E-20
277.4 7.013016158E-06 -1.753254039E-05
277.6 1.403863432E-05 2.43624643E-20
277.8 1.405125899E-05 1.756407374E-05
278 1.406390639E-05 -1.757988299E-05
278.2 1.407657658E-05 -6.251255769E-21
278.4 1.408926961E-05 1.761158702E-05
278.6 1.410198556E-05 -0
278.8 1.411472448E-05 1.76434056E-05
279 1.412748644E-05 1.765935805E-05
279.2 1.414027149E-05 -1.767533937E-05
279.4 1.415307971E-05 -1.693083827E-20
279.6 1.416591115E-05 3.541477788E-05
279.8 1.417876588E-05 3.54469147E-05
280 1.419164396E-05 -2.109776231E-20
280.2 1.420454545E-05 -3.551136364E-05
280.4 1.421747043E-05 -3.554367607E-05
280.6 1.423041894E-05 -3.557604736E-05
280.8 1.424339107E-05 -1.780423883E-05
281 1.425638686E-05 -1.642390995E-20
281.2 1.426940639E-05 3.084183607E-20
281.4 1.428244973E-05 3.570612431E-05
281.6 1.429551693E-05 7.147758463E-05
281.8 1.430860806E-05 5.365728022E-05
282 1.432172319E-05 -1.905340703E-20
282.2 1.433486239E-05 -4.472510847E-20
282.4 1.434802571E-05 5.380509642E-05
282.6 1.436121324E-05 7.180606618E-05
282.8 1.437442502E-05 5.390409384E-05
283 1.438766114E-05 -1.274150126E-20
283.2 1.440092166E-05 -3.172149288E-20
283.4 1.441420664E-05 -3.857981395E-20
283.6 1.442751616E-05 -1.80343952E-05
283.8 1.444085028E-05 -1.917576524E-20
284 1.445420907E-05 -3.725535019E-20
284.2 1.446759259E-05 1.808449074E-05
284.4 1.448100093E-05 5.430375348E-05
284.6 1.449443414E-05 1.811804267E-05
284.8 1.450789229E-05 -1.813486537E-05
285 1.452137546E-05 -3.630343866E-05
285.2 1.453488372E-05 -7.26744186E-05
285.4 1.454841713E-05 -7.274208566E-05
285.6 1.456197577E-05 -5.460740913E-05
285.8 1.45755597E-05 -5.465834888E-05
286 1.4589169E-05 -5.470938375E-05
286.2 1.460280374E-05 -3.650700935E-05
286.4 1.461646399E-05 -1.300011064E-20
286.6 1.463014981E-05 5.48630618E-05
286.8 1.464386129E-05 1.830482662E-05
287 1.46575985E-05 -3.664399625E-05
287.2 1.46713615E-05 -1.833920188E-05
287.4 1.468515038E-05 -1.971740672E-20
287.6 1.469896519E-05 -1.837370649E-05
287.8 1.471280603E-05 4.139593152E-20
288 1.472667295E-05 1.840834119E-05
288.2 1.474056604E-05 1.842570755E-05
288.4 1.475448536E-05 3.688621341E-05
288.6 1.4768431E-05 1.846053875E-05
288.8 1.478240303E-05 -1.847800378E-05
289 1.479640152E-05 -1.849550189E-05
289.2 1.481042654E-05 2.866761992E-21
289.4 1.482447818E-05 -1.853059772E-05
289.6 1.483855651E-05 -1.854819563E-05
289.8 1.48526616E-05 -3.713165399E-05
290 1.486679353E-05 1.858349191E-05
290.2 1.488095238E-05 3.720238095E-05
290.4 1.489513823E-05 -1.861892278E-05
290.6 1.490935115E-05 -3.727337786E-05
290.8 1.492359121E-05 -3.730897803E-05
291 1.493785851E-05 1.867232314E-05
291.2 1.495215311E-05 1.869019139E-05
291.4 1.49664751E-05 -2.20969741E-20
291.6 1.498082454E-05 1.872603068E-05
291.8 1.499520154E-05 1.874400192E-05
292 1.500960615E-05 -1.876200768E-05
292.2 1.502403846E-05 4.416268616E-20
292.4 7.519249278E-06 1.87981232E-05
292.6 7.526493256E-06 1.881623314E-05
292.8 7.533751205E-06 1.883437801E-05
293 7.541023166E-06 -1.866963307E-20
293.2 1.509661836E-05 2.430845994E-20
293.4 1.511121857E-05 3.821390174E-20
293.6 1.512584705E-05 -5.273762699E-22
293.8 1.514050388E-05 3.361417702E-20
294 1.515518914E-05 -3.788797284E-05
294.2 1.516990291E-05 -1.896237864E-05
294.4 1.518464529E-05 3.796161322E-05
294.6 1.519941634E-05 1.899927043E-05
294.8 1.521421616E-05 2.631090039E-20
295 1.522904483E-05 1.903630604E-05
295.2 1.524390244E-05 1.905487805E-05
295.4 1.525878906E-05 3.21857321E-20
295.6 1.527370479E-05 -1.909213099E-05
295.8 1.528864971E-05 -3.822162427E-05
296 1.53036239E-05 -1.912952987E-05
296.2 1.531862745E-05 -1.914828431E-05
296.4 1.533366045E-05 -1.916707556E-05
296.6 7.674361493E-06 -3.837180747E-05
296.8 1.536381514E-05 3.840953786E-05
297 7.689468504E-06 9.61183563E-05
297.2 1.539408867E-05 3.848522167E-05
297.4 1.540927022E-05 5.778476331E-05
297.6 1.542448174E-05 5.784180652E-05
297.8 1.543972332E-05 -5.424051585E-20
298 1.545499505E-05 1.931874382E-05
298.2 1.547029703E-05 3.867574257E-05
298.4 1.548562934E-05 1.935703667E-05
298.6 1.550099206E-05 1.937624008E-05
298.8 1.55163853E-05 8.556748577E-21
299 7.765904573E-06 -1.941476143E-05
299.2 1.554726368E-05 1.94340796E-05
299.4 7.781374502E-06 1.790179756E-21
299.6 1.55782652E-05 -3.894566301E-05
299.8 1.559381238E-05 1.484418128E-21
300 1.560939061E-05 -1.951173826E-05
300.2 1.5625E-05 5.859375E-05
300.4 1.564064064E-05 5.86524024E-05
300.6 1.565631263E-05 -3.914078156E-05
300.8 1.567201605E-05 -1.631053016E-23
301 1.5687751E-05 -3.474227048E-20
301.2 1.570351759E-05 -1.962939698E-05
301.4 1.57193159E-05 -1.964914487E-05
301.6 1.573514602E-05 -5.900679758E-05
301.8 7.875504032E-06 -1.968876008E-05
302 7.88345106E-06 1.970862765E-05
302.2 0 -9.067806947E-21
302.4 0 -1.974848332E-05
302.6 0 -1.976847166E-05
302.8 0 -1.391867831E-20
303 0 -3.95704091E-20
303.2 0 -3.965736041E-05
303.4 0 -1.98488313E-05
303.6 0 -2.49663742E-20
303.8 0 -1.988925662E-05
304 0 3.981906218E-05
304.2 0 7.971938776E-05
304.4 0 3.990040858E-05
304.6 0 -1.997060327E-05
304.8 0 -3.998208802E-05
305 0 -2.001152664E-05
305.2 0 1.222010403E-20
305.4 0 -3.807156754E-21
305.6 0 2.007322713E-05
305.8 0 2.00938786E-05
306 0 -1.96791397E-20
306.2 0 2.013530928E-05
306.4 0 4.03121775E-05
306.6 0 2.017691116E-05
306.8 0 2.019777663E-05
307 0 -8.427966378E-20
307.2 0 -4.047927461E-05
307.4 0 -2.026063278E-05
307.6 0 -4.056334372E-05
307.8 0 2.420555353E-20
308 0 4.064776275E-05
308.2 0 2.034505208E-05
308.4 0 4.073253389E-05
308.6 0 4.077505219E-05
308.8 0 -1.577021342E-20
309 0 -2.043017782E-05
309.2 0 -2.045157068E-05
309.4 0 -4.433592969E-20
309.6 0 -2.049449108E-05
309.8 0 -2.051601891E-05
310 0 2.053759201E-05
310.2 0 2.055921053E-05
310.4 0 2.05808746E-05
310.6 0 -2.060258439E-05
310.8 0 -4.124868004E-05
311 0 -2.064614165E-05
311.2 0 9.568576634E-22
311.4 0 2.068988347E-05
311.6 0 -2.071182397E-05
311.8 0 1.36216354E-20
312 0 2.075584485E-05
312.2 0 -2.077792553E-05
312.4 0 -2.080005325E-05
312.6 0 -2.082222814E-05
312.8 0 2.084445037E-05
313 0 2.086672009E-05
313.2 0 4.177807487E-05
313.4 0 6.273420771E-05
313.6 0 -2.322456097E-20
313.8 0 -4.191255365E-05
314 0 -4.19575725E-05
314.2 0 -8.400537634E-05
314.4 0 -0.0001051197524
314.6 0 -6.313981681E-05
314.8 0 1.969817506E-20
315 0 6.32761879E-05
315.2 0 4.222972973E-05
315.4 8.45508658E-06 -6.341314935E-05
315.6 1.692849404E-05 -6.348185265E-05
315.8 2.5420282E-05 -4.236713666E-05
316 2.544788274E-05 -2.120656895E-05
316.2 2.547554348E-05 2.122961957E-05
316.4 2.550326442E-05 -2.125272035E-05
316.6 2.553104575E-05 1.934453594E-20
316.8 2.555888768E-05 4.259814613E-05
317 2.558679039E-05 2.132232533E-05
317.2 2.56147541E-05 -1.808745634E-20
317.4 2.564277899E-05 2.136898249E-05
317.6 2.567086528E-05 2.139238773E-05
317.8 2.569901316E-05 -2.14158443E-05
318 2.572722283E-05 -2.143935236E-05
318.2 2.575549451E-05 -4.292582418E-05
318.4 2.578382838E-05 -4.29730473E-05
318.6 2.581222467E-05 -1.948437279E-20
318.8 2.584068357E-05 2.153390298E-05
319 2.58692053E-05 4.311534216E-05
319.2 1.726519337E-05 2.158149171E-05
319.4 1.728429204E-05 -2.160536504E-05
319.6 1.7303433E-05 -6.488787375E-05
319.8 1.732261641E-05 -4.330654102E-05
320 8.670921199E-06 1.918299055E-20
320.2 0 -1.428180732E-20
320.4 0 2.172552836E-05
320.6 0 4.349944321E-05
320.8 0 2.177396878E-05
321 8.719308036E-06 4.045465928E-20
321.2 1.745810056E-05 -2.18226257E-05
321.4 1.747762864E-05 8.489084055E-21
321.6 8.748600224E-06 4.374300112E-05
321.8 0 2.189602018E-05
322 0 -2.192059484E-05
322.2 0 -4.389044944E-05
322.4 0 -1.307101858E-20
322.6 0 2.19946509E-05
322.8 0 2.201944758E-05
323 0 4.408860045E-05
323.2 0 3.920279042E-21
323.4 0 -4.418834842E-05
323.6 0 -4.423839185E-05
323.8 0 -2.214427438E-05
324 0 3.07251095E-20
324.2 0 1.003727522E-19
324.4 0 -2.22198521E-05
324.6 0 4.743410717E-20
324.8 0 8.619873541E-20
325 0 -2.229594749E-05
325.2 0 3.384495368E-20
325.4 0 1.434695127E-20
325.6 0 -2.237256586E-05
325.8 0 -2.239822248E-05
326 0 3.501095238E-21
326.2 0 -2.244971264E-05
326.4 0 -2.247554661E-05
326.6 0 3.792774426E-20
326.8 0 8.561189074E-21
327 0 5.346905648E-20
327.2 0 2.126831622E-20
327.4 0 3.113910296E-20
327.6 0 6.840519575E-21
327.8 0 2.265806265E-05
328 0 2.268437863E-05
328.2 9.084302326E-06 2.271075581E-05
328.4 9.094877765E-06 2.273719441E-05
328.6 0 -2.276369464E-05
328.8 9.116102684E-06 -2.279025671E-05
329 9.126752336E-06 2.281688084E-05
329.2 9.137426901E-06 2.284356725E-05
329.4 9.148126464E-06 2.287031616E-05
329.6 9.158851114E-06 -2.289712778E-05
329.8 9.169600939E-06 -2.292400235E-05
330 0 -1.900475259E-20
330.2 1.838235294E-05 -2.297794118E-05
330.4 1.840400471E-05 2.300500589E-05
330.6 9.212853774E-06 2.303213443E-05
330.8 9.223730815E-06 -2.305932704E-05
331 1.846926714E-05 4.617316785E-05
331.2 9.24556213E-06 9.24556213E-05
331.4 9.256516588E-06 -2.314129147E-05
331.6 9.267497034E-06 -2.316874259E-05
331.8 9.278503563E-06 1.809070541E-20
332 9.289536266E-06 -4.644768133E-05
332.2 9.300595238E-06 -3.450327145E-20
332.4 1.862336114E-05 2.327920143E-05
332.6 2.796837709E-05 2.330698091E-05
332.8 3.733572282E-05 1.56506232E-20
333 4.672547847E-05 2.74687975E-21
333.2 5.613772455E-05 2.696439867E-20
333.4 6.557254197E-05 -4.683752998E-05
333.6 7.5030012E-05 -4.68937575E-05
333.8 8.451021635E-05 -2.34750601E-05
334 9.401323706E-05 4.380654827E-20
334.2 0.0001035391566 -1.364440144E-20
334.4 0.0001130880579 1.90729522E-20
334.6 0.0001132246377 6.525554372E-20
334.8 0.0001133615478 5.189502646E-20
335 0.0001134987893 -2.481906859E-20
335.2 0.0001136363636 -1.438783157E-20
335.4 0.0001137742718 2.37029733E-05
335.6 0.0001139125152 4.7463548E-05
335.8 0.0001140510949 2.376064477E-05
336 0.0001141900122 7.411106624E-21
336.2 0.0001143292683 3.528462003E-21
336.4 0.0001144688645 -6.968751257E-21
336.6 0.000114608802 6.76624182E-20
336.8 0.0001243115055 1.572956911E-20
337 0.0001340379902 2.393535539E-05
337.2 0.000134202454 2.396472393E-05
337.4 0.0001535626536 2.399416462E-05
337.6 0.0001633610086 -5.247127679E-20
337.8 0.0001731834975 -4.810652709E-05
338 0.0001830302096 8.459248029E-20
338.2 0.0001929012346 2.411265432E-05
338.4 0.0002027966625 8.995374547E-21
338.6 0.0002127165842 -1.973649965E-20
338.8 0.0002226610905 -4.840458488E-05
339 0.000232630273 -7.26969603E-05
339.2 0.0002426242236 -6.402216605E-21
339.4 0.000242925995 2.42925995E-05
339.6 0.0002529576588 2.432285181E-05
339.8 0.000272755611 2.435317955E-05
340 0.0002926029963 -2.438358302E-05
340.2 0.00029296875 -2.44140625E-05
340.4 0.0002933354193 -9.452040448E-21
340.6 0.0002937030075 2.447525063E-05
340.8 0.0002940715182 2.600477399E-20
341 0.0003042556533 2.453674623E-05
341.2 0.0002948113208 4.913522013E-05
341.4 0.000285343199 -2.459855164E-05
341.6 0.000295554855 -2.462957125E-05
341.8 0.0002959280303 6.470716628E-20
342 0.0002963021492 2.469184576E-05
342.2 0.0003065664557 2.472310127E-05
342.4 0.0003168567807 -2.143979317E-20
342.6 0.0003271732234 -2.842779043E-20
342.8 0.0003375158831 -2.605935193E-20
343 0.0003379452926 4.102606677E-21
343.2 0.0003483280255 1.898604709E-20
343.4 0.0003487723214 -2.424795677E-21
343.6 0.0003591954023 4.988825032E-05
343.8 0.0003596547315 4.995204604E-05
344 0.0003701184379 2.500800256E-05
344.2 0.0003806089744 -2.50400641E-05
344.4 0.0004011553273 -7.521662388E-05
344.6 0.0004217544987 -2.510443445E-05
344.8 0.0004323519949 -2.331396085E-20
345 0.0004429768041 -5.600512341E-20
345.2 0.0004536290323 2.52016129E-05
345.4 0.0004542151163 5.046834625E-05
345.6 0.0004446959897 2.526681759E-05
345.8 0.0004351522021 4.849167487E-20
346 0.0004255836576 -2.533236057E-05
346.2 0.0004159902597 5.241429486E-20
346.4 0.0004063719116 7.619473342E-05
346.6 0.0004069010417 5.086263021E-05
346.8 0.0003972457627 -5.092894394E-05
347 0.0003875652742 -0.0001019908616
347.2 0.0003880718954 -2.553104575E-05
347.4 0.0003783540576 6.090170074E-21
347.6 0.0003788499345 -2.140561127E-20
347.8 0.0003690944882 5.126312336E-05
348 0.0003593134034 -5.13304862E-05
348.2 0.0003700657895 -7.709703947E-05
348.4 0.0003705533597 2.57328722E-05
348.6 0.0003710422164 2.576682058E-05
348.8 0.0003715323646 5.160171731E-05
349 0.0003720238095 2.583498677E-05
349.2 0.0003725165563 -2.58692053E-05
349.4 0.0003730106101 2.590351459E-05
349.6 0.0003735059761 -2.635422247E-20
349.8 0.0003740026596 -2.597240691E-05
350 0.0003640978695 2.600699068E-05
350.2 0.0003541666667 7.8125E-05
350.4 0.0003337783712 7.822930574E-05
350.6 0.0003133355615 7.833389037E-05
350.8 0.0002928380187 5.229250335E-05
351 0.0002722855228 -2.618130027E-05
351.2 0.0002516778523 -2.621644295E-05
351.4 0.0002310147849 -6.771234902E-21
351.6 0.0002102960969 2.628701211E-05
351.8 0.0001895215633 2.632243935E-05
352 0.0001686909582 6.439227698E-20
352.2 0.0001478040541 1.143975439E-20
352.4 0.0001268606225 2.642929635E-05
352.6 0.0001058604336 5.29302168E-05
352.8 9.54036635E-05 -2.650101764E-05
353 7.430366848E-05 -8.48506048E-20
353.2 4.25170068E-05 0.000106292517
353.4 3.193119891E-05 7.982799728E-05
353.6 2.13165075E-05 -8.730683493E-21
353.8 1.067281421E-05 -5.336407104E-05
354 1.06874145E-05 -5.34370725E-05
354.2 0 -3.386678467E-20
354.4 0 0.0001339591907
354.6 0 8.048592033E-05
354.8 0 -2.831274867E-20
355 0 8.070764463E-05
355.2 0 2.693965517E-05
355.4 0 -1.56189236E-20
355.6 0 2.701417704E-05
355.8 0 -2.70515928E-05
356 0 2.708911234E-05
356.2 0 8.138020833E-05
356.4 0 -2.716446453E-05
356.6 0 -0.0001088091922
356.8 0 -5.44804742E-05
357 0 -2.727828212E-05
357.2 0 -2.731643357E-05
357.4 0 -6.829428412E-20
357.6 0 -2.73930575E-05
357.8 0 -8.22945927E-05
358 0 -5.494022504E-05
358.2 0 -2.750880282E-05
358.4 0 -5.509520451E-05
358.6 0 2.75865113E-05
358.8 0 2.762553041E-05
359 0 -2.766466006E-05
359.2 0 2.770390071E-05
359.4 0 -1.085241702E-20
359.6 0 2.778271693E-05
359.8 0 8.346688034E-05
360 0 5.572396576E-05
360.2 0 8.370535714E-05
360.4 0 5.588340486E-05
360.6 0 -2.679094048E-21
360.8 0 5.604375897E-05
361 0 5.612428161E-05
361.2 0 2.810251799E-05
361.4 0 5.628602305E-05
361.6 0 0.0001127344877
361.8 0 0.0001411217486
362 0 8.479558611E-05
362.2 0 -4.447053231E-20
362.4 0 -9.67597204E-22
362.6 0 5.677688953E-05
362.8 0 5.685953421E-05
363 0 -4.625222382E-20
363.2 0 -2.851277372E-05
363.4 0 5.710891813E-05
363.6 0 0.0001143850659
363.8 0 2.863819648E-05
364 0 -5.736049927E-05
364.2 0 -2.872242647E-05
364.4 0 2.876472754E-05
364.6 0 5.761430678E-05
364.8 0 -2.884970458E-05
365 0 -0.0001155695266
365.2 0 -5.787037037E-05
365.4 0 2.897811573E-05
365.6 0 5.80423477E-05
365.8 0 -2.864128498E-20
366 0 -2.910767511E-05
366.2 0 2.91511194E-05
366.4 0 5.838938714E-05
366.6 0 5.847679641E-05
366.8 0 5.856446777E-05
367 0 5.86524024E-05
367.2 0 5.87406015E-05
367.4 0 5.882906627E-05
367.6 0 -3.01772118E-20
367.8 1.180135952E-05 -2.950339879E-05
368 2.363842663E-05 -2.909843273E-20
368.2 3.551136364E-05 3.066909823E-20
368.4 4.742033384E-05 2.553733376E-20
368.6 5.936550152E-05 -4.280448874E-21
368.8 7.134703196E-05 3.36911143E-21
369 8.336509146E-05 -2.977324695E-05
369.2 9.541984733E-05 -5.963740458E-05
369.4 0.0001075114679 -5.972859327E-05
369.6 0.0001196401225 -5.982006126E-05
369.8 0.0001318059816 -5.991180982E-05
370 0.0001440092166 -6.000384025E-05
370.2 0.00015625 -6.009615385E-05
370.4 0.0001685285054 -3.009437596E-05
370.6 0.0001687885802 1.185477138E-20
370.8 0.000169049459 -3.01874034E-05
371 0.0001693111455 -6.046826625E-05
371.2 0.0001695736434 -3.028100775E-05
371.4 0.0001698369565 3.201054589E-20
371.6 0.0001701010886 3.575795521E-20
371.8 0.0001581970405 7.064039523E-22
372 0.0001584438378 3.29923541E-20
372.2 0.0001586914063 6.577637871E-20
372.4 0.0001589397496 3.056533646E-05
372.6 0.0001469435737 6.122648903E-05
372.8 0.0001349097331 3.066130298E-05
373 0.0001228380503 3.070951258E-05
373.2 0.0001107283465 6.151574803E-05
373.4 9.858044164E-05 -3.894469578E-20
373.6 0.0001110781991 3.085505529E-05
373.8 0.0001112539557 6.180775316E-05
374 0.0001114302694 -6.190570523E-05
374.2 0.0001116071429 -9.300595238E-05
374.4 0.0001117845787 -3.105127186E-05
374.6 0.0001119625796 -6.220143312E-05
374.8 0.0001121411483 -9.345095694E-05
375 0.0001248003195 -6.240015974E-05
375.2 0.0001375 -0.000125
375.4 0.0001627604167 -0.0001565004006
375.6 0.0001881019262 -6.270064205E-05
375.8 0.0002135249196 -6.280144695E-05
376 0.0002264492754 -9.435386473E-05
376.2 0.0002394153226 -3.150201613E-05
376.4 0.0002398021002 -6.310581583E-05
376.6 0.000265473301 -0.0001264158576
376.8 0.0002912277147 -0.0001266207455
377 0.0003297483766 -3.170657468E-05
377.2 0.0003302845528 6.072459484E-20
377.4 0.0003308224756 -3.180985342E-05
377.6 0.0003186174551 6.372349103E-05
377.8 0.000306372549 0.0001276552288
378 0.0002940875614 4.252855243E-20
378.2 0.0002945696721 -9.605532787E-05
378.4 0.0002950533662 -9.679941518E-20
378.6 0.0003083881579 6.424753289E-05
378.8 0.0003217668863 9.65300659E-05
379 0.0003094059406 9.668935644E-05
379.2 0.0002970041322 3.228305785E-05
379.4 0.0002974958609 -1.001012949E-20
379.6 0.0002979892206 3.239013267E-05
379.8 0.0002984842193 9.733181063E-05
380 0.0002989808652 6.499584027E-05
380.2 0.0003125 -8.377735236E-20
380.4 0.0003260642738 3.260642738E-05
380.6 0.0003266095318 -6.297525064E-20
380.8 0.0003271566164 -4.16975941E-20
381 0.0003145973154 3.277055369E-05
381.2 0.0003151260504 -3.282563025E-05
381.4 0.0003025042088 -6.576178451E-05
381.6 0.0003030143339 -3.293634064E-05
381.8 0.0003035261824 2.864001342E-20
382 0.0003040397631 -9.914340102E-05
382.2 0.0003045550847 -3.310381356E-05
382.4 0.0003050721562 3.316001698E-05
382.6 0.0003055909864 -6.643282313E-05
382.8 0.0003194207836 -3.32729983E-05
383 0.000306633959 3.332977816E-05
383.2 0.0003071581197 6.677350427E-05
383.4 0.0002809289384 -3.344392123E-05
383.6 0.0002680102916 -6.70025729E-05
383.8 0.0002550472509 -6.711769759E-05
384 0.0002689328744 -2.596196355E-20
384.2 0.0002693965517 0.0001683728448
384.4 0.0002698618307 0.0001349309154
384.6 0.0002703287197 6.758217993E-05
384.8 0.0002843370884 -1.992667389E-20
385 0.0002577039931 -3.390842014E-05
385.2 0.0002581521739 0.0001019021739
385.4 0.000231380662 0.0001361062718
385.6 0.0002045157068 6.817190227E-05
385.8 0.000191215035 3.414554196E-05
386 0.0001915499124 -3.420534151E-05
386.2 0.0001781798246 9.454577239E-20
386.4 0.0001647627417 6.865114236E-05
386.6 0.0001650528169 6.877200704E-05
386.8 0.0001653439153 3.444664903E-05
387 0.0001656360424 3.450750883E-05
387.2 0.0001659292035 0.0001382743363
387.4 0.0001662234043 0.0001038896277
387.6 0.0001665186501 -3.469138544E-05
387.8 0.0001668149466 1.265101425E-19
388 0.0001671122995 3.481506239E-05
388.2 0.0001674107143 -3.487723214E-05
388.4 0.0001677101968 -3.493962433E-05
388.6 0.0001820116487 7.282406755E-20
388.8 0.0001683123878 7.013016158E-05
389 0.0001545638489 0.0001405125899
389.2 0.0001407657658 -4.721562456E-21
389.4 0.0001410198556 -1.421832381E-20
389.6 0.0001271473779 7.063743219E-05
389.8 0.0001132246377 -2.575827217E-20
390 9.925136116E-05 -7.08938294E-05
390.2 8.522727273E-05 2.611778981E-20
390.4 7.115209472E-05 3.557604736E-05
390.6 5.702554745E-05 -3.564096715E-05
390.8 5.71297989E-05 3.570612431E-05
391 5.723443223E-05 3.577152015E-05
391.2 5.733944954E-05 -3.583715596E-05
391.4 7.180606618E-05 -7.180606618E-05
391.6 7.193830571E-05 -7.193830571E-05
391.8 8.648523985E-05 -3.603551661E-05
392 0.0001010859519 3.610212569E-05
392.2 0.0001012731481 -3.37108669E-20
392.4 8.696660482E-05 -0.000108708256
392.6 7.260687732E-05 -7.260687732E-05
392.8 5.819366853E-05 -7.274208566E-05
393 4.37266791E-05 -3.643889925E-05
393.2 2.920560748E-05 2.956294464E-20
393.4 1.463014981E-05 -7.315074906E-05
393.6 0 -0.0001099319887
393.8 0 -7.342575188E-05
394 0 7.356403013E-05
394.2 0 3.685141509E-05
394.4 0 -7.384215501E-05
394.6 0 -7.398200758E-05
394.8 0 3.488610893E-21
395 0 3.713165399E-05
395.2 0 -3.720238095E-05
395.4 1.490935115E-05 -2.181437775E-20
395.6 2.987571702E-05 1.585160002E-22
395.8 4.489942529E-05 -3.741618774E-05
396 5.998080614E-05 -1.08289282E-19
396.2 7.512019231E-05 -4.725053196E-20
396.4 7.526493256E-05 -0.0001128973988
396.6 7.541023166E-05 -0.0001508204633
396.8 7.555609284E-05 3.777804642E-05
397 6.05620155E-05 -3.200275429E-20
397.2 4.550970874E-05 -1.314972128E-20
397.4 3.039883268E-05 0.0001139956226
397.6 1.522904483E-05 3.807261209E-05
397.8 0 -3.814697266E-05
398 0 -7.644324853E-05
398.2 0 -1.944186987E-20
398.4 0 -3.75333976E-20
398.6 0 -4.736493568E-21
398.8 0 -7.704635108E-05
399 0 -0.0001929965415
399.2 0 -7.735148515E-05
399.4 0 -3.660671574E-20
399.6 1.553180915E-05 7.765904573E-05
399.8 3.112549801E-05 3.890687251E-05
400 4.678143713E-05 -3.898453094E-05
400.2 6.25E-05 3.90625E-05
400.4 7.828156313E-05 -3.914078156E-05
400.6 9.412650602E-05 -3.921937751E-05
400.8 9.431589537E-05 3.929828974E-05
401 0.0001102570565 3.937752016E-05
401.2 0.0001262626263 3.945707071E-05
401.4 0.0001265182186 4.597201515E-20
401.6 0.0001267748479 -4.66750367E-21
401.8 0.0001270325203 1.754562774E-20
402 0.0001272912424 1.904030954E-20
402.2 0.0001275510204 3.571485297E-20
402.4 0.0001278118609 -3.994120654E-05
402.6 0.0001280737705 -0.0001200691598
402.8 0.0001443788501 -0.0001203157084
403 0.0001446759259 -8.03755144E-05
403.2 0.0001449742268 -8.054123711E-05
403.4 0.0001614152893 -5.514050789E-21
403.6 0.0001617494824 8.08747412E-05
403.8 0.0001782935685 4.052126556E-05
404 0.0001786642412 4.060550936E-05
404.2 0.0001790364583 8.138020833E-05
404.4 0.0001794102296 8.155010438E-05
404.6 0.0001797855649 4.086035565E-05
404.8 0.0001801624738 -3.814684409E-20
405 0.0001805409664 4.103203782E-05
405.2 0.0001809210526 0.0001233552632
405.4 0.0001648206751 8.241033755E-05
405.6 0.0001651691332 8.331768595E-20
405.8 0.0001655190678 -4.137976695E-05
406 0.0001658704883 9.040554072E-20
406.2 0.0001662234043 8.311170213E-05
406.4 0.0001665778252 8.328891258E-05
406.6 0.0001669337607 8.346688034E-05
406.8 0.0001672912206 4.182280514E-05
407 0.0001676502146 8.177241385E-20
407.2 0.0001680107527 -4.200268817E-05
407.4 0.0001683728448 -4.209321121E-05
407.6 0.0001687365011 -8.127487795E-20
407.8 0.0001691017316 -4.22754329E-05
408 0.0001694685466 -4.236713666E-05
408.2 0.0001698369565 2.402520698E-20
408.4 0.0001702069717 4.255174292E-05
408.6 0.0001705786026 8.528930131E-05
408.8 0.00017095186 -4.273796499E-05
409 0.0001713267544 -0.000214158443
409.2 0.0001717032967 -0.0002146291209
409.4 0.0001720814978 -0.0001290611233
409.6 0.0001724613687 -4.311534216E-05
409.8 0.0001728429204 -8.642146018E-05
410 0.0001732261641 -0.0001299196231
410.2 0.0001736111111 -0.0001302083333
410.4 0.0001739977728 -8.699888641E-05
410.6 0.0001743861607 -4.359654018E-05
410.8 0.0001747762864 4.369407159E-05
411 0.0001751681614 8.758408072E-05
411.2 0.0001755617978 8.778089888E-05
411.4 0.0001759572072 4.39893018E-05
411.6 0.0001763544018 4.408860045E-05
411.8 0.0001767533937 4.418834842E-05
412 0.000177154195 -8.857709751E-05
412.2 0.0001775568182 -4.438920455E-05
412.4 0.0001601651481 4.449031891E-05
412.6 0.0001426940639 8.918378995E-05
412.8 0.000143020595 8.938787185E-05
413 0.0001433486239 8.959288991E-05
413.2 0.0001257183908 0.0001346982759
413.4 0.0001080069124 0.0001350086406
413.6 9.021362587E-05 9.021362587E-05
413.8 7.233796296E-05 0.0001808449074
414 5.437935035E-05 0.0001359483759
414.2 3.63372093E-05 -4.542151163E-05
414.4 3.642191142E-05 -9.105477855E-05
414.6 3.650700935E-05 -4.563376168E-05
414.8 1.829625293E-05 4.574063232E-05
415 0 7.20253296E-21
415.2 0 -9.191176471E-05
415.4 0 -4.606426887E-05
415.6 0 4.617316785E-05
415.8 1.851303318E-05 7.862044166E-20
416 3.711401425E-05 -9.278503563E-05
416.2 3.720238095E-05 -0.0001395089286
416.4 3.729116945E-05 -9.322792363E-05
416.6 3.738038278E-05 -4.672547847E-05
416.8 5.620503597E-05 -0.0001405125899
417 5.634014423E-05 -0.0001408503606
417.2 5.647590361E-05 -4.706325301E-05
417.4 5.661231884E-05 -4.717693237E-05
417.6 5.674939467E-05 -4.729116223E-05
417.8 5.688713592E-05 6.668672506E-20
418 5.702554745E-05 8.870083272E-20
418.2 3.81097561E-05 -4.763719512E-05
418.4 1.910146699E-05 4.604980314E-20
418.6 0 4.787071078E-05
418.8 0 4.798832924E-05
419 0 4.810652709E-05
419.2 0 -4.822530864E-05
419.4 0 -9.668935644E-05
419.6 0 -9.69292804E-05
419.8 0 -9.717039801E-05
420 0 -4.87063591E-05
420.2 0 1.869225643E-20
420.4 0 4.895050125E-05
420.6 0 9.814698492E-05
420.8 0 4.919710327E-05
421 0 -4.932133838E-05
421.2 0 -9.889240506E-05
421.4 0 -4.957170051E-05
421.6 0 4.969783715E-05
421.8 0 4.982461735E-05
422 0 2.018584679E-20
422.2 0 -5.008012821E-05
422.4 0 -5.020886889E-05
422.6 0 -1.175619642E-19
422.8 0 -2.163303527E-20
423 0 1.229057283E-19
423.2 0 -5.406736547E-20
423.4 0 -1.487506524E-19
423.6 0 5.099543081E-05
423.8 0 5.11289267E-05
424 2.050524934E-05 -8.21291378E-20
424.2 4.111842105E-05 -1.472827228E-19
424.4 6.184036939E-05 -2.102443795E-21
424.6 8.267195767E-05 4.061643943E-20
424.8 0.0001036140584 -9.021606603E-20
425 0.0001246675532 5.194481383E-05
425.2 0.000125 5.208333333E-05
425.4 0.000146223262 1.973475635E-20
425.6 0.0001675603217 -5.236260054E-05
425.8 0.0001890120968 -5.250336022E-05
426 0.0001895215633 2.167076378E-20
426.2 0.0001689189189 5.923704858E-20
426.4 0.000148204607 2.600789837E-20
426.6 0.0001273777174 -8.26693968E-20
426.8 0.0001064373297 -2.856319504E-20
427 8.538251366E-05 -5.336407104E-05
427.2 8.561643836E-05 -5.351027397E-05
427.4 6.438873626E-05 -7.622926892E-20
427.6 4.304407713E-05 5.380509642E-05
427.8 2.158149171E-05 0.0001079074586
428 0 0.0001082063712
428.2 0 0.0001085069444
428.4 0 5.44045961E-05
428.6 0 1.638980315E-21
428.8 0 5.470938375E-05
429 0 5.48630618E-05
429.2 0 5.501760563E-05
429.4 0 0.0001103460452
429.6 0 5.532932011E-05
429.8 0 -1.232934478E-19
430 0 -5.564458689E-05
430.2 0 -0.0001116071429
430.4 0 -5.596346705E-05
430.6 0 -4.135953976E-20
430.8 0 -5.628602305E-05
431 0 -5.644869942E-05
431.2 0 -5.661231884E-05
431.4 0 -1.383050597E-20
431.6 0 -4.288728711E-20
431.8 0 -0.0001142178363
432 0 5.096877376E-20
432.2 0 0.0001148897059
432.4 0 0.0001728429204
432.6 0 0.0001733542899
432.8 0 0.0001159124629
433 0 0.0001162574405
433.2 0 0.0001166044776
433.4 0 -5.847679641E-05
433.6 0 -5.86524024E-05
433.8 0 5.025804439E-20
434 0 -5.900679758E-05
434.2 0 9.847731812E-20
434.4 0 -4.689313452E-20
434.6 0 -7.779897775E-20
434.8 0 -2.560368949E-20
435 0 4.305381414E-20
435.2 0 4.559058823E-21
435.4 0 -4.104818036E-20
435.6 2.41873065E-05 6.046826625E-05
435.8 2.426242236E-05 0.0001213121118
436 4.867601246E-05 0.0001216900312
436.2 7.32421875E-05 -1.89529893E-20
436.4 9.796238245E-05 -0.0001224529781
436.6 0.0001228380503 -6.141902516E-05
436.8 0.0001478706625 0.0001232255521
437 0.0001483386076 0.0001236155063
437.2 0.0001488095238 7.610195321E-21
437.4 0.0001492834395 4.745502649E-20
437.6 0.0001497603834 -6.591167987E-20
437.8 0.0001502403846 6.551856931E-20
438 0.0001507234727 -3.285602568E-20
438.2 0.0001512096774 -6.300403226E-05
438.4 0.0001516990291 -0.0001264158576
438.6 0.0001521915584 -6.341314935E-05
438.8 0.0001526872964 1.794627306E-19
439 0.0001531862745 6.382761438E-05
439.2 0.0001280737705 6.403688525E-05
439.4 0.0001284950658 0.0001927425987
439.6 0.0001031353135 0.0001933787129
439.8 7.760761589E-05 6.467301325E-05
440 5.1910299E-05 0.0001297757475
440.2 2.604166667E-05 0.0001302083333
440.4 0 6.532190635E-05
440.6 0 6.554110738E-05
440.8 0 -8.82813007E-20
441 0 -0.0001319679054
441.2 0 5.14138102E-20
441.4 0 6.643282313E-05
441.6 0 6.822373355E-20
441.8 0 -1.071581309E-19
442 0 3.293681311E-20
442.2 0 -2.541303309E-20
442.4 0 -5.506856315E-20
442.6 0 -1.051311955E-19
442.8 0 -3.773066099E-20
443 0 -6.829108392E-05
443.2 0 -0.0002055921053
443.4 0 -0.0002750880282
443.6 0 -0.000207045053
443.8 0 -0.0002077792553
444 2.78024911E-05 -0.0002085186833
444.2 2.790178571E-05 -0.0001395089286
444.4 2.800179211E-05 -7.000448029E-05
444.6 2.810251799E-05 -3.927894377E-20
444.8 2.820397112E-05 0.0001410198556
445 0 7.076539855E-05
445.2 2.840909091E-05 -7.102272727E-05
445.4 0 7.128193431E-05
445.6 0 -7.154304029E-05
445.8 0 -0.0002154181985
446 0 -7.207103321E-05
446.2 0 5.560441048E-20
446.4 0 -1.413973354E-23
446.6 0 4.353592391E-20
446.8 0 7.315074906E-05
447 0 7.342575188E-05
447.2 0 7.370283019E-05
447.4 0 0.0001479640152
447.6 0 0.000148526616
447.8 0 0.0001490935115
448 0 7.483237548E-05
448.2 0 7.512019231E-05
448.4 0 1.766711876E-19
448.6 0 -7.570251938E-05
448.8 0 1.953007866E-19
449 0 7.629394531E-05
449.2 0 0.0002297794118
449.4 0 3.017442606E-20
449.6 0 -0.0001543972332
449.8 0 -0.000232514881
450 0 -0.00015562749
450.2 0 -7.8125E-05
450.4 0 -7.843875502E-05
450.6 0 -7.875504032E-05
450.8 0 -0.0002372216599
451 0 -7.93953252E-05
451.2 0 -7.971938776E-05
451.4 0 -9.582799529E-20
451.6 0 5.181622104E-20
451.8 0 3.999539908E-20
452 0 4.002648302E-20
452.2 0 -0.0001627604167
452.4 0 3.314659092E-20
452.6 0 -8.206407563E-05
452.8 0 -8.241033755E-05
453 0 -2.31524972E-20
453.2 0 8.23848431E-20
453.4 0 1.544897898E-19
453.6 0 5.712684933E-20
453.8 0 8.418642241E-05
454 0 -8.45508658E-05
454.2 0 1.269136678E-19
454.4 0 -6.47597419E-20
454.6 0 -8.566337719E-05
454.8 0 9.120379924E-20
455 0 -8.642146018E-05
455.2 0 -8.680555556E-05
455.4 0 7.64267757E-20
455.6 0 8.758408072E-05
455.8 0 5.382799073E-21
456 0 -8.837669683E-05
456.2 0 7.847334358E-20
456.4 0 5.496718815E-20
456.6 0 8.959288991E-05
456.8 0 -3.185602833E-20
457 3.616898148E-05 -9.04224537E-05
457.2 0 1.168382214E-19
457.4 0 3.817894626E-20
457.6 0 -7.146789973E-20
457.8 0 1.278417162E-19
458 0 8.886617681E-20
458.2 0 9.300595238E-05
458.4 0 9.345095694E-05
458.6 0 5.355139861E-20
458.8 0 7.226032644E-20
459 0 -5.930996239E-20
459.2 0 -1.640015761E-19
459.4 0 2.348541824E-20
459.6 0 -1.301630329E-19
459.8 0 -2.752377296E-20
460 0 -1.737255608E-20
460.2 0 -1.44918574E-19
460.4 0 -2.003216757E-19
460.6 0 -1.173867739E-19
460.8 0 -7.716446477E-20
461 0 -1.803542564E-20
461.2 0 -2.537138251E-19
461.4 0 3.986910466E-20
461.6 0 -1.560356067E-19
461.8 0 -2.698784068E-19
462 0 -1.141987536E-19
462.2 0 -2.866851279E-19
462.4 0 0.0001033399471
462.6 0 0.0001038896277
462.8 0 -2.053848749E-19
463 0 5.387577325E-20
463.2 0 -0.0001055743243
463.4 0 -0.0001061480978
463.6 0 -0.0001067281421
463.8 0 1.848951541E-19
464 0 9.565734598E-20
464.2 0 -0.0001085069444
464.4 0 -2.67449691E-19
464.6 0 -7.720728331E-21
464.8 0 -1.977881534E-19
465 0 -1.532332855E-19
465.2 0 9.035181504E-20
465.4 0 2.816491487E-19
465.6 0 2.337712752E-19
465.8 0 1.47517283E-19
466 0 -4.382568443E-20
466.2 0 1.324256434E-19
466.4 0 1.140498154E-19
466.6 0 6.155754952E-20
466.8 0 1.550928009E-19
467 0 1.309745794E-19
467.2 0 -1.499040307E-20
467.4 0 -5.078257213E-20
467.6 0 1.156615721E-19
467.8 0 -6.744109689E-20
468 0 -6.832521982E-20
468.2 0 1.055093732E-19
468.4 0 2.828122819E-19
468.6 0 1.422820194E-19
468.8 0 3.292494286E-19
469 0 2.908510977E-19
469.2 0 -5.937668354E-20
469.4 0 5.241894783E-20
469.6 0 2.714392156E-19
469.8 0 2.42437561E-19
470 0 1.764685995E-19
470.2 0 8.98534135E-20
470.4 0 0.0001310822148
470.6 0 0.0001319679054
470.8 0 -1.133891694E-19
471 0 1.653882224E-19
471.2 0 0.0001346982759
471.4 0 0.0001356336806
471.6 0 2.592489385E-19
471.8 0 1.226457179E-19
472 0 -5.460002427E-20
472.2 0 -0.0001395089286
472.4 0 1.584659153E-19
472.6 0 0.0001415307971
472.8 0 -2.795437129E-20
473 0 -0.0001436121324
473.2 0 -5.520767209E-20
473.4 0 0.000145755597
473.6 0 7.246750257E-20
473.8 0 1.117874292E-19
474 0 7.187599754E-20
474.2 0 8.547915998E-20
474.4 0 -1.054021725E-19
474.6 0 -3.582583728E-20
474.8 0 -5.00747741E-20
475 0 -0.0001550099206
475.2 0 -0.00015625
475.4 0 0.0001575100806
475.6 0 0.0001587906504
475.8 0 -0.0001600922131
476 0 -0.0001614152893
476.2 0 0.0001627604167
476.4 0 0.0001641281513
476.6 0 -4.294815036E-19
476.8 0 -0.0001669337607
477 0 -0.0001683728448
477.2 0 -2.009080406E-19
477.4 0 -2.539916737E-19
477.6 0 -0.0001728429204
477.8 0 -0.0001743861607
478 0 -5.208278382E-19
478.2 0 -1.537016195E-19
478.4 0 -1.503037085E-19
478.6 0 -4.681937083E-19
478.8 0 -8.360982363E-20
479 0 3.222734954E-19
479.2 0 3.459108591E-20
479.4 0 9.82015472E-20
479.6 0 -1.638163263E-19
479.8 0 5.032657423E-19
480 0 0.0001933787129
480.2 0 -3.572492624E-19
480.4 7.891414141E-05 -0.0001972853535
480.6 7.971938776E-05 -4.79571101E-19
480.8 8.054123711E-05 -1.580521816E-20
481 8.138020833E-05 0.0004069010417
481.2 0 0.0004111842105
481.4 8.311170213E-05 5.149002706E-19
481.6 8.400537634E-05 4.385972367E-19
481.8 8.491847826E-05 -2.435363744E-19
482 8.585164835E-05 -2.919858769E-19
482.2 8.680555556E-05 1.407739781E-19
482.4 8.778089888E-05 2.567660933E-19
482.6 8.877840909E-05 6.007053881E-19
482.8 8.979885057E-05 1.130231125E-19
483 9.084302326E-05 3.318592972E-19
483.2 9.191176471E-05 -3.005684477E-19
483.4 9.300595238E-05 -1.995340107E-19
483.6 9.412650602E-05 2.389847631E-20
483.8 9.527439024E-05 1.152934411E-19
484 9.645061728E-05 -1.835540027E-19
484.2 9.765625E-05 6.678662895E-20
484.4 9.889240506E-05 1.94330299E-19
484.6 0.0001001602564 4.715111667E-19
484.8 0.000101461039 -0.0002536525974
485 0.0001027960526 -0.0005139802632
485.2 0.0001041666667 -0.0002604166667
485.4 0.0001055743243 -3.080754383E-19
485.6 0.0001070205479 0.0002675513699
485.8 0.0001085069444 0.0005425347222
486 0.0001100352113 0.0002750880282
486.2 0.0001116071429 -0.0002790178571
486.4 0.0001132246377 -0.0005661231884
486.6 0.0001148897059 -0.0002872242647
486.8 0.0001166044776 2.623471376E-19
487 0.0001183712121 3.864258089E-19
487.2 0.0001201923077 -1.724455623E-19
487.4 0.0001220703125 -5.917947218E-19
487.6 0.0001240079365 -1.511025395E-19
487.8 0.0001260080645 3.56708737E-19
488 0.0001280737705 -1.642547012E-19
488.2 0.0001302083333 -5.091226924E-19
488.4 0.0001324152542 2.613983687E-19
488.6 0.0001346982759 3.714572157E-19
488.8 0.0001370614035 3.734155994E-19
489 0.0001395089286 2.717063683E-19
489.2 0.0001420454545 6.472507297E-20
489.4 0.0001446759259 -2.109773445E-20
489.6 0.0001474056604 -7.039597396E-19
489.8 0.0001502403846 0.0003756009615
490 0 8.660437477E-19
490.2 0.00015625 -0.000390625
490.4 0.0001594387755 -8.007376528E-19
490.6 0.0001627604167 1.909662053E-19
490.8 0.0001662234043 0.0004155585106
491 0 -2.063657576E-19
491.2 0.0001736111111 -0.0004340277778
491.4 0.0001775568182 9.213802217E-19
491.6 0.0001816860465 6.631322533E-19
491.8 0.0001860119048 -3.055440523E-19
492 0.0001905487805 6.162712834E-19
492.2 0.0001953125 9.99754835E-19
492.4 0.0002003205128 8.478077447E-19
492.6 0.0002055921053 1.078759845E-18
492.8 0.0002111486486 3.345392468E-19
493 0.0002170138889 0.0005425347222
493.2 0 1.06550223E-18
493.4 0.0002297794118 -0.0005744485294
493.6 0.0002367424242 0.0005918560606
493.8 0 1.733511944E-18
494 0.000252016129 -0.0006300403226
494.2 0.0002604166667 0.0006510416667
494.4 0 -1.000205674E-18
494.6 0 -0.0006975446429
494.8 0 9.7367612E-19
495 0 -5.954092451E-19
495.2 0 7.319914693E-19
495.4 0 7.474827307E-19
495.6 0 -5.999496226E-19
495.8 0 -1.166052881E-18
496 0 -2.802745543E-18
496.2 0 -1.147429962E-18
496.4 0 -8.15307752E-19
496.6 0 -2.251420516E-18
496.8 0 6.787573759E-19
497 0 -8.380668153E-19
497.2 0 -2.622300896E-18
497.4 0 -1.868077082E-18
497.6 0 -6.440731652E-19
497.8 0 4.274055864E-19
498 0 1.213411749E-18
498.2 0 2.336212503E-18
498.4 0 5.894761267E-19
498.6 0 8.703618277E-19
498.8 0 -1.072766392E-18
499 0 -3.483134359E-18
499.2 0 -1.058879209E-17
499.4 0 -8.241900908E-18
499.6 0 -7.805069576E-18
499.8 0 -5.548332647E-18
500 0 -1.776717203E-18
