0 0.007290833667 5.466563375E-05
0.2 0.006375 0.0015546875
0.4 0.006008653461 0.0003517031813
0.6 0.005688926141 0.0003831189952
0.8 0.005419002803 0.0002190128154
1 0.005195813301 0.0002660506811
1.2 0.004966182365 0.0003052980962
1.4 0.004758294908 0.0001487946071
1.6 0.004594113518 0.0001723576013
1.8 0.004420395265 0.0001567516051
2 0.00427162786 0.0001724959855
2.2 0.004144703815 0.000188253012
2.4 0.004005122539 0.0001098583769
2.6 0.003877989349 0.0001648537982
2.8 0.0037758846 0.0002120401086
3 0.003661127313 0.0001414169348
3.2 0.003555709256 0.0001178948692
3.4 0.003428190419 0.0001965705515
3.6 0.003322593637 0.0001494537857
3.8 0.003235797744 0.0001101682111
4 0.003120591495 0.0002046805723
4.2 0.002992691532 0.0002677671371
4.4 0.002896203106 0.0001575736184
4.6 0.002799636804 7.093674334E-05
4.8 0.002696684497 0.0001340457206
5 0.00259049374 0.0001183234047
5.2 0.002518939394 3.945707071E-05
5.4 0.002450485044 0.0001026298504
5.6 0.002378816215 7.897796199E-05
5.8 0.002300768608 2.37029733E-05
6 0.002225819506 3.952094294E-05
6.2 0.002153972672 -4.744433198E-05
6.4 0.002091560348 -3.164236533E-05
6.6 0.002010104335 -3.956898298E-05
6.8 0.001947583097 -0.000102921058
7 0.00187867498 -0.000102962794
7.2 0.001819219067 -4.754056795E-05
7.4 0.001772397524 7.926643669E-06
7.6 0.001716022127 -4.757917174E-05
7.8 0.001662774167 -1.586616572E-05
8 0.001609482934 -1.587261276E-05
8.2 0.001559324187 -8.733485772E-05
8.4 0.001502770435 -0.000111198658
8.6 0.001452527461 -8.740591945E-05
8.8 0.001399063899 -0.0001112891738
9 0.001355099756 -7.952463355E-05
9.2 0.001311099796 -5.581567837E-21
9.4 0.001267063977 -6.367155664E-05
9.6 0.001229362006 -0.000103508459
9.8 0.001198001631 -6.372349103E-05
10 0.001160240718 4.388959057E-21
10.2 0.001116071429 -4.783163265E-05
10.4 0.001091006533 -7.975193957E-05
10.6 0.001062729779 -7.978451797E-06
10.8 0.001031237229 -1.59634246E-05
11 0.001002912919 -3.193990188E-05
11.2 0.0009713701431 -9.585889571E-05
11.4 0.000933408347 -8.790660802E-05
11.6 0.0009018112976 -7.994781007E-06
11.8 0.0008701883702 7.998054873E-06
12 0.0008417400655 7.399757556E-21
12.2 0.0008196721311 -3.201844262E-05
12.4 0.0007975861009 -1.601578516E-05
12.6 0.0007722774815 3.204470878E-05
12.8 0.0007437423061 3.403424957E-21
13 0.0007151837028 1.603550903E-05
13.2 0.0006866016427 4.010523614E-05
13.4 0.000661205834 8.178287546E-21
13.6 0.0006357891492 2.408292232E-05
13.8 0.0006103515625 8.030941612E-06
14 0.000578465652 2.41027355E-05
14.2 0.0005465534979 4.822530864E-05
14.4 0.0005210477563 5.628602305E-05
14.6 0.0004923033361 -4.022086079E-05
14.8 0.0004764112073 -4.828491965E-05
15 0.0004572856554 -8.050803792E-06
15.2 0.0004510309278 -8.054123711E-06
15.4 0.0004415480611 -4.028723185E-05
15.6 0.0004385059843 -8.866848948E-05
15.8 0.0004354613955 -4.83845995E-05
16 0.000425960347 -8.874173895E-05
16.2 0.0004132231405 -4.842458678E-05
16.4 0.0004037050434 1.614820174E-05
16.6 0.0003974100496 -5.654208023E-05
16.8 0.0003911098469 -8.888860157E-05
17 0.0003815707781 -4.850475993E-05
17.2 0.0003784937888 -8.896221532E-05
17.4 0.0003754142502 -0.0001213623654
17.6 0.0003723321591 -8.094177373E-05
17.8 0.0003692475124 -7.287779851E-05
18 0.0003694006636 -5.670624222E-05
18.2 0.0003663122407 -7.293827801E-05
18.4 0.0003632212536 -0.0001053990245
18.6 0.000353638912 -0.0001054427949
18.8 0.0003472943498 -0.0001379440174
19 0.0003409445137 -0.0001136481712
19.2 0.0003345893971 -0.0001218165281
19.4 0.0003282289933 -0.0001543651206
19.6 0.0003251144403 -0.0001300457761
19.8 0.0003252497918 -0.0001382311615
20 0.0003253852561 -0.0001464233653
20.2 0.0003157552083 -0.0001383463542
20.4 0.0003093736974 -0.0001465454356
20.6 0.0003062447873 -0.0001710409716
20.8 0.0003031132666 -0.0001222230914
21 0.0002999791319 -0.000105970889
21.2 0.00029684238 -0.0001223251566
21.4 0.0002969663743 -9.790100251E-05
21.6 0.0002938257417 -0.0001061037401
21.8 0.0002906824833 -6.532190635E-05
22 0.0002810016729 -7.351787955E-05
22.2 0.0002843880753 -0.0001225810669
22.4 0.0002812369192 -0.0001062813939
22.6 0.0002846262563 -8.17891541E-05
22.8 0.0002880184332 -4.909405111E-05
23 0.000288139145 -9.004348282E-05
23.2 0.0002882599581 -0.0001555948637
23.4 0.0002851038171 -9.011902265E-05
23.6 0.0002885018884 -8.196076374E-05
23.8 0.0002886230059 -0.0001065937238
24 0.0002887442251 -4.10148047E-05
24.2 0.0002888655462 -8.206407563E-06
24.4 0.0002857030265 -4.104928541E-05
24.6 0.0002792525231 -0.0001067730235
24.8 0.0002760832983 -9.860117796E-05
25 0.0002729114057 -6.576178451E-05
25.2 0.0002697368421 -0.0001069078947
25.4 0.0002731413227 -7.404433446E-05
25.6 0.0002666719343 -4.115307627E-05
25.8 0.0002700779933 -9.057493676E-05
26 0.0002734869253 -3.295023197E-05
26.2 0.0002637130802 4.120516878E-05
26.4 0.0002539309835 1.648902491E-05
26.6 0.0002507390203 -1.649598818E-05
26.8 0.0002475443599 -5.776035065E-05
27 0.0002443469992 -2.476489856E-05
27.2 0.0002378435518 3.303382664E-05
27.4 0.0002313346024 -8.261950085E-06
27.6 0.0002281263225 -8.265446466E-06
27.8 0.0002183001693 2.480683743E-05
28 0.0002183926302 -2.481734435E-05
28.2 0.0002085540254 -2.482786017E-05
28.4 0.0002086424332 -8.226801843E-21
28.6 0.0002120441052 6.626378287E-05
28.8 0.0002088194739 8.28648706E-05
29 0.0002055921053 -8.290004244E-06
29.2 0.000199044586 -8.293524416E-06
29.4 0.0001958103229 -1.659409516E-05
29.6 0.0001892530812 -8.300573736E-06
29.8 0.0001926551871 1.660820578E-05
30 0.0001927371331 4.546623746E-21
30.2 0.0001928191489 -2.493351064E-05
30.4 0.0001895753512 -4.157354193E-05
30.6 0.0001863287905 1.477617952E-20
30.8 0.0001797507456 1.182598024E-20
31 0.0001798273657 2.497602302E-05
31.2 0.0001799040512 -1.665778252E-05
31.4 0.000179980802 -8.332444539E-06
31.6 0.0001733888178 4.168000427E-05
31.8 0.0001701270282 1.481403481E-20
32 0.0001668624519 -8.343122597E-06
32.2 0.0001635950855 1.669337607E-05
32.4 0.0001603249252 3.340102608E-05
32.6 0.0001570519675 -8.353828058E-06
32.8 0.0001604621309 -1.671480531E-05
33 0.0001571864298 -1.672196062E-05
33.2 0.0001505620985 -2.509368308E-05
33.4 0.0001506266067 -4.184072408E-05
33.6 0.0001573885555 3.34869267E-05
33.8 0.0001440555317 6.70025729E-05
34 0.0001374141999 -2.513674389E-05
34.2 0.0001307671674 -4.191255365E-05
34.4 0.0001241144268 -8.386109918E-06
34.6 0.0001174559708 3.35588488E-05
34.8 0.0001040771379 3.357327031E-05
35 9.40455718E-05 8.396926053E-06
35.2 8.73655914E-05 5.040322581E-05
35.4 8.404152324E-05 1.680830465E-05
35.6 8.407770125E-05 -1.681554025E-05
35.8 8.074935401E-05 -2.523417313E-05
36 7.068612667E-05 -6.732012064E-05
36.2 5.724676724E-05 -5.051185345E-05
36.4 5.727145321E-05 -3.368909013E-05
36.6 5.39257981E-05 -5.055543572E-05
36.8 5.057725507E-05 -8.429542512E-06
37 4.722582038E-05 3.373272884E-05
37.2 4.387149028E-05 -8.879686043E-21
37.4 3.71380726E-05 -1.688094209E-05
37.6 3.715412884E-05 -1.688824038E-05
37.8 4.054930796E-05 1.689554498E-05
38 4.056685418E-05 4.225713977E-05
38.2 3.720238095E-05 -8.45508658E-06
38.4 3.045149415E-05 -1.691749675E-05
38.6 2.70797227E-05 1.692482669E-05
38.8 2.370502818E-05 4.233040746E-05
39 2.032740676E-05 2.540925846E-05
39.2 2.03362256E-05 -8.473427332E-06
39.4 2.034505208E-05 5.086263021E-05
39.6 1.696157186E-05 3.392314373E-05
39.8 1.357515204E-05 -2.545341008E-05
40 1.358105172E-05 1.697631465E-05
40.2 1.358695652E-05 1.698369565E-05
40.4 1.019464985E-05 -6.796433232E-05
40.6 1.019908616E-05 -7.649314621E-05
40.8 1.360470178E-05 -3.401175446E-05
41 1.701328397E-05 -2.551992596E-05
41.2 1.702069717E-05 -6.808278867E-05
41.4 1.702811683E-05 -0.000102168701
41.6 1.703554296E-05 -5.110662887E-05
41.8 1.704297557E-05 -4.260743892E-05
42 1.364033173E-05 -7.109244663E-21
42.2 6.823144105E-06 2.558679039E-05
42.4 3.413062473E-06 -5.119593709E-05
42.6 6.829108392E-06 -8.53638549E-05
42.8 6.832094447E-06 -8.540118059E-06
43 6.835083115E-06 8.543853893E-06
43.2 6.838074398E-06 -3.419037199E-05
43.4 6.841068301E-06 -2.565400613E-05
43.6 6.844064827E-06 3.422032413E-05
43.8 6.847063979E-06 5.135297984E-05
44 6.850065761E-06 -1.71251644E-05
44.2 6.853070175E-06 -2.569901316E-05
44.4 1.028411584E-05 8.570096534E-06
44.6 1.028863038E-05 3.429543459E-05
44.8 1.029314888E-05 -3.374733016E-21
45 6.865114236E-06 -1.716278559E-05
45.2 3.434065934E-06 -1.114807637E-20
45.4 0 2.511735787E-21
45.6 0 -1.718543775E-05
45.8 0 8.59650088E-06
46 0 4.300143109E-05
46.2 0 -8.60407489E-06
46.4 0 2.582360071E-05
46.6 0 6.889329806E-05
46.8 0 -3.446184385E-05
47 0 -3.447705207E-05
47.2 0 2.58692053E-05
47.4 0 2.588063163E-05
47.6 0 -8.63068935E-06
47.8 0 -6.044153404E-05
48 0 -6.046826625E-05
48.2 0 -8.642146018E-06
48.4 0 2.593791501E-05
48.6 0 4.324900354E-05
48.8 0 2.596089942E-05
49 0 2.597240691E-05
49.2 0 7.795177384E-05
49.4 0 5.199090506E-05
49.6 0 6.869358665E-21
49.8 0 1.734569272E-05
50 0 1.735339849E-05
50.2 0 8.680555556E-06
50.4 0 3.473766118E-05
50.6 0 3.475311388E-05
50.8 0 1.738429016E-05
51 0 4.348007569E-05
51.2 0 7.829899777E-05
51.4 0 4.351882799E-05
51.6 0 5.224587606E-05
51.8 3.484611954E-06 7.840376896E-05
52 3.48616689E-06 6.100792057E-05
52.2 3.487723214E-06 3.487723214E-05
52.4 6.978561858E-06 1.744640464E-05
52.6 6.981680071E-06 8.727100089E-06
52.8 1.047720161E-05 1.746200268E-05
53 1.397584973E-05 8.734906082E-06
53.2 1.398210291E-05 -8.738814318E-06
53.4 1.74854521E-05 3.497090421E-05
53.6 2.09919391E-05 3.498656516E-05
53.8 2.45015681E-05 -8.750560036E-06
54 2.451255043E-05 8.754482295E-06
54.2 2.802690583E-05 1.751681614E-05
54.4 2.803947959E-05 8.762337371E-06
54.6 2.805206463E-05 1.753254039E-05
54.8 2.806466098E-05 8.770206556E-06
55 2.807726864E-05 1.75482929E-05
55.2 2.808988764E-05 -2.633426966E-05
55.4 2.458970324E-05 -3.512814748E-05
55.6 2.108636977E-05 -8.785987404E-06
55.8 1.757988299E-05 -8.789941494E-06
56 1.407023863E-05 -8.793899145E-06
56.2 1.055743243E-05 -8.79786036E-06
56.4 7.041460117E-06 2.640547544E-05
56.6 3.522317403E-06 5.283476105E-05
56.8 0 7.928788904E-05
57 0 6.169618682E-05
57.2 0 -2.645316027E-05
57.4 0 -3.52868112E-05
57.6 0 -1.765137822E-05
57.8 0 -2.648903707E-05
58 0 -1.766734509E-05
58.2 0 5.802887599E-21
58.4 0 9.725837483E-05
58.6 0 8.845674819E-05
58.8 3.539873131E-06 2.654904848E-05
59 7.082955576E-06 8.85369447E-06
59.2 7.0861678E-06 -1.159089666E-20
59.4 7.08938294E-06 2.658518603E-05
59.6 7.092600999E-06 1.77315025E-05
59.8 7.09582198E-06 1.773955495E-05
60 7.099045888E-06 8.87380736E-06
60.2 7.102272727E-06 5.129567964E-21
60.4 7.105502501E-06 5.329126876E-05
60.6 7.108735214E-06 4.442959509E-05
60.8 7.111970869E-06 8.889963587E-06
61 7.115209472E-06 2.668203552E-05
61.2 7.118451025E-06 -1.779612756E-05
61.4 7.121695533E-06 9.159415681E-21
61.6 7.124943E-06 1.78123575E-05
61.8 7.128193431E-06 8.739482454E-21
62 7.131446828E-06 1.782861707E-05
62.2 7.134703196E-06 -8.918378995E-06
62.4 7.13796254E-06 -3.56898127E-05
62.6 7.141224863E-06 -6.248571755E-05
62.8 7.144490169E-06 -5.358367627E-05
63 7.147758463E-06 -3.573879231E-05
63.2 3.575514874E-06 -3.575514874E-05
63.4 0 -6.260016026E-05
63.6 0 -3.578790655E-05
63.8 0 -1.634102858E-20
64 0 -8.95518111E-06
64.2 0 -2.687786697E-05
64.4 0 -4.481700321E-05
64.6 0 -4.483758035E-05
64.8 0 -5.382981167E-05
65 0 -3.590303309E-05
65.2 0 -4.489942529E-05
65.4 0 -7.187212511E-05
65.6 3.595260009E-06 -5.392890014E-05
65.8 7.193830571E-06 -3.596915285E-05
66 1.079571626E-05 -5.39785813E-05
66.2 1.800115207E-05 -6.300403226E-05
66.4 2.52132319E-05 -1.800945136E-05
66.6 3.243196494E-05 -1.80177583E-05
66.8 3.965736041E-05 6.479194475E-21
67 3.967566944E-05 -1.80343952E-05
67.2 4.330254042E-05 -6.314953811E-05
67.4 3.971233826E-05 -2.707659427E-05
67.6 3.97306981E-05 -3.611881646E-05
67.8 3.974907493E-05 -1.806776133E-05
68 3.976746876E-05 1.124309551E-20
68.2 3.978587963E-05 -1.808449074E-05
68.4 3.618573414E-05 -9.046433534E-06
68.6 2.896200185E-05 9.050625579E-06
68.8 2.897542884E-05 3.621928605E-05
69 2.536525974E-05 9.059021336E-05
69.2 2.175174014E-05 5.437935035E-05
69.4 2.176183844E-05 -1.813486537E-05
69.6 2.540060381E-05 -1.814328843E-05
69.8 2.904275093E-05 -3.630343866E-05
70 2.905625291E-05 -9.080079033E-06
70.2 2.906976744E-05 2.725290698E-05
70.4 2.908329456E-05 1.81770591E-05
70.6 4.000814711E-05 -2.727828212E-05
70.8 4.002678156E-05 -3.638798323E-05
71 4.368592731E-05 9.101234856E-06
71.2 3.642191142E-05 2.731643357E-05
71.4 2.91511194E-05 2.732917444E-05
71.6 2.551913206E-05 3.645590294E-05
71.8 2.553104575E-05 1.823646125E-05
72 2.189397478E-05 -9.122489491E-06
72.2 1.825350467E-05 1.825350467E-05
72.4 1.460963067E-05 4.565509584E-05
72.6 1.461646399E-05 3.654115996E-05
72.8 1.827912962E-05 9.13956481E-06
73 1.828768727E-05 9.143843633E-06
73.2 1.829625293E-05 1.829625293E-05
73.4 2.196579194E-05 9.152413308E-06
73.6 2.563877168E-05 9.156704173E-06
73.8 3.297959662E-05 -1.832199812E-05
74 3.666119193E-05 -1.833059596E-05
74.2 4.034624413E-05 -2.750880282E-05
74.4 4.40347581E-05 -5.504344763E-05
74.6 4.405545113E-05 -4.149624937E-21
74.8 4.407616361E-05 -1.640557711E-20
75 4.042215428E-05 -4.593426623E-05
75.2 4.044117647E-05 -2.757352941E-05
75.4 3.678201507E-05 -1.839100753E-05
75.6 3.679934056E-05 -2.759950542E-05
75.8 3.681668238E-05 1.77306992E-21
76 3.683404055E-05 -1.841702027E-05
76.2 3.685141509E-05 -3.685141509E-05
76.4 3.686880604E-05 -3.686880604E-05
76.6 3.688621341E-05 -5.532932011E-05
76.8 4.059400094E-05 -4.612954653E-05
77 3.322896975E-05 -2.769080813E-05
77.2 3.324468085E-05 -2.770390071E-05
77.4 3.326040681E-05 -9.239001892E-06
77.6 3.327614766E-05 -1.84867487E-05
77.8 3.699100379E-05 -1.849550189E-05
78 3.700852676E-05 -9.252131691E-06
78.2 3.702606635E-05 -1.851303318E-05
78.4 3.704362257E-05 -9.260905642E-06
78.6 3.706119545E-05 -2.228190363E-21
78.8 3.7078785E-05 9.269696251E-06
79 3.338675214E-05 -1.854819563E-05
79.2 2.96912114E-05 -2.783551069E-05
79.4 2.970532319E-05 -2.784874049E-05
79.6 2.971944841E-05 -3.714931051E-05
79.8 3.345028544E-05 -2.787523787E-05
80 3.718467396E-05 1.859233698E-05
80.2 3.720238095E-05 5.580357143E-05
80.4 3.722010481E-05 4.652513101E-05
80.6 3.723784557E-05 -1.861892278E-05
80.8 3.725560324E-05 -1.862780162E-05
81 3.727337786E-05 9.318344466E-06
81.2 3.356205251E-05 -9.322792363E-06
81.4 2.984718243E-05 -9.327244508E-06
81.6 2.612876254E-05 -2.799510272E-05
81.8 2.240678776E-05 -1.867232314E-05
82 2.241750359E-05 1.127722906E-20
82.2 2.242822967E-05 2.803528708E-05
82.4 2.243896601E-05 4.674784586E-05
82.6 1.870809387E-05 9.354046935E-06
82.8 1.497364638E-05 -9.358528989E-06
83 1.123561841E-05 -9.36301534E-06
83.2 7.494004796E-06 -3.747002398E-05
83.4 3.748800384E-06 -1.874400192E-05
83.6 0 -9.37650024E-06
83.8 0 -3.752401537E-05
84 0 -4.692755887E-05
84.2 0 -8.451021635E-05
84.4 0 -0.0001033399471
84.6 0 -9.399061598E-05
84.8 0 -3.761434762E-05
85 0 -3.763246628E-05
85.2 3.765060241E-06 -8.471385542E-05
85.4 3.766875603E-06 -3.766875603E-05
85.6 3.768692716E-06 -9.42173179E-06
85.8 3.770511583E-06 -2.827883687E-05
86 3.772332207E-06 -1.886166103E-05
86.2 3.774154589E-06 -2.830615942E-05
86.4 3.775978734E-06 -4.719973417E-05
86.6 3.777804642E-06 -2.833353482E-05
86.8 3.779632317E-06 -9.449080793E-06
87 3.781461762E-06 -3.781461762E-05
87.2 7.566585956E-06 -6.620762712E-05
87.4 3.785125969E-06 -3.785125969E-05
87.6 3.786960737E-06 -0
87.8 0 -3.788797284E-05
88 0 -3.366760749E-21
88.2 0 2.844356796E-05
88.4 0 -9.485794075E-06
88.6 0 -3.796161322E-05
88.8 0 -4.747508508E-05
89 3.799854086E-06 -2.849890564E-05
89.2 3.801703163E-06 -1.900851582E-05
89.4 3.803554041E-06 6.847495105E-21
89.6 3.805406722E-06 9.513516805E-06
89.8 0 2.855445906E-05
90 0 1.904558752E-05
90.2 3.81097561E-06 9.527439024E-06
90.4 0 -2.082612025E-20
90.6 3.814697266E-06 1.907348633E-05
90.8 0 1.759297785E-21
91 0 -9.546065494E-06
91.2 0 1.910146699E-05
91.4 0 2.86662182E-05
91.6 0 2.868024963E-05
91.8 0 2.869429481E-05
92 0 2.870835375E-05
92.2 0 9.574142157E-06
92.4 0 1.915767533E-05
92.6 0 9.583537782E-06
92.8 3.835297005E-06 1.917648503E-05
93 3.837180747E-06 3.837180747E-05
93.2 3.839066339E-06 1.91953317E-05
93.4 3.840953786E-06 2.880715339E-05
93.6 3.842843089E-06 4.803553861E-05
93.8 0 9.61183563E-06
94 0 -9.616568193E-06
94.2 0 2.886391626E-05
94.4 0 2.887814194E-05
94.6 3.852317554E-06 -9.630793886E-06
94.8 7.708436112E-06 -1.380431768E-20
95 1.15683613E-05 5.784180652E-05
95.2 1.543209877E-05 9.645061728E-06
95.4 1.929965415E-05 -3.85993083E-05
95.6 2.317103312E-05 -9.654597133E-06
95.8 2.704624135E-05 -1.931874382E-05
96 3.092528451E-05 9.66415141E-06
96.2 3.480816832E-05 2.900680693E-05
96.4 3.482540862E-05 -9.673724616E-06
96.6 4.258548067E-05 -9.678518335E-06
96.8 5.422657412E-05 9.683316807E-06
97 6.200396825E-05 -2.906436012E-05
97.2 6.591191067E-05 -4.84646402E-05
97.4 6.594463754E-05 -1.939548163E-05
97.6 6.597739692E-05 3.439733144E-22
97.8 6.989314115E-05 -9.707380716E-06
98 7.381277971E-05 -1.942441571E-05
98.2 7.773631841E-05 -1.938185585E-20
98.4 8.166376307E-05 9.721876556E-06
98.6 8.559511952E-05 2.918015438E-05
98.8 8.563776781E-05 2.919469357E-05
99 8.568045862E-05 2.920924726E-05
99.2 8.572319202E-05 4.87063591E-05
99.4 8.576596806E-05 9.746132735E-06
99.6 8.580878682E-05 -1.9501997E-05
99.8 8.585164835E-05 -9.755869131E-06
100 8.589455272E-05 -1.952148926E-05
100.2 8.203125E-05 1.953125E-05
100.4 8.207228614E-05 5.862306153E-05
100.6 8.211336336E-05 2.93262012E-05
100.8 8.997871808E-05 9.780295443E-06
101 9.393787575E-05 3.914078156E-05
101.2 9.006892231E-05 2.937030075E-05
101.4 9.403209629E-05 9.79501003E-06
101.6 9.799924737E-05 1.959984947E-05
101.8 9.412650602E-05 -9.804844378E-06
102 0.0001020215972 2.942930688E-05
102.2 9.814698492E-05 3.925879397E-05
102.4 0.0001060520362 1.963926596E-05
102.6 0.0001139650402 8.842115191E-05
102.8 0.0001061587821 5.897710116E-05
103 0.0001101460222 -1.966893253E-05
103.2 0.0001141372796 -2.951826196E-05
103.4 0.0001141948085 9.84438004E-06
103.6 0.0001142523954 5.909606657E-05
103.8 0.0001143100404 -7.457776749E-21
104 0.0001104240283 -1.971857648E-05
104.2 0.0001065340909 1.972853535E-05
104.4 0.0001065879232 9.869252148E-06
104.6 0.0001105915066 2.962272497E-05
104.8 0.0001066957511 4.939618108E-05
105 0.0001027960526 9.88423583E-06
105.2 0.0001028481013 -1.977848101E-05
105.4 0.0001029002026 -3.957700101E-05
105.6 0.0001029523568 -7.919412063E-05
105.8 9.90428499E-05 -6.932999493E-05
106 9.116565195E-05 -4.954654997E-05
106.2 9.121192893E-05 9.914340102E-06
106.4 8.729050279E-05 -3.967750127E-05
106.6 8.733485772E-05 -5.95464939E-05
106.8 7.943568887E-05 1.985892222E-05
107 7.152848423E-05 2.98035351E-05
107.2 7.15648855E-05 -1.987913486E-05
107.4 6.364562118E-05 -9.94462831E-06
107.6 5.571828833E-05 3.979877738E-05
107.8 5.574668705E-05 2.986429664E-05
108 5.179117797E-05 9.959841917E-06
108.2 4.783163265E-05 2.937456197E-20
108.4 4.386804492E-05 -3.891963511E-22
108.6 3.990040858E-05 -3.990040858E-05
108.8 3.992079714E-05 9.980199285E-06
109 3.594708589E-05 4.992650818E-05
109.2 3.596547315E-05 -9.990409207E-06
109.4 3.198567042E-05 2.998656602E-05
109.6 3.200204813E-05 6.000384025E-05
109.8 2.80161373E-05 4.002305328E-05
110 2.402614044E-05 3.003267555E-05
110.2 2.003205128E-05 1.001602564E-05
110.4 1.603386352E-05 4.00846588E-05
110.6 1.604209446E-05 5.013154517E-05
110.8 1.605033385E-05 7.022021058E-05
111 1.605858171E-05 7.025629496E-05
111.2 1.606683805E-05 6.025064267E-05
111.4 2.00938786E-05 9.04224537E-05
111.6 2.412506433E-05 4.020844056E-05
111.8 2.816040165E-05 1.00572863E-05
112 3.219989696E-05 -1.00624678E-05
112.2 3.62435567E-05 1.006765464E-05
112.4 3.626224858E-05 6.043708097E-05
112.6 3.628095975E-05 4.03121775E-05
112.8 3.629969024E-05 8.066597832E-05
113 3.631844008E-05 2.017691116E-05
113.2 4.0374677E-05 -1.009366925E-05
113.4 4.039555326E-05 5.049444157E-05
113.6 4.041645111E-05 2.020822556E-05
113.8 4.04373706E-05 -1.010934265E-05
114 4.045831176E-05 2.022915588E-05
114.2 4.047927461E-05 2.023963731E-05
114.4 4.05002592E-05 1.01250648E-05
114.6 4.052126556E-05 2.026063278E-05
114.8 4.054229372E-05 -9.63528276E-21
115 4.056334372E-05 -2.028167186E-05
115.2 4.058441558E-05 -3.043831169E-05
115.4 4.060550936E-05 -1.015137734E-05
115.6 4.468928757E-05 -1.015665627E-05
115.8 4.471253902E-05 2.032388137E-05
116 4.066892244E-05 2.033446122E-05
116.2 4.475911458E-05 -2.034505208E-05
116.4 4.478243877E-05 -4.071130797E-05
116.6 4.480578728E-05 -9.164820125E-05
116.8 4.482916015E-05 -0.0001222613459
117 4.893006263E-05 -8.155010438E-05
117.2 4.895561358E-05 -1.019908616E-05
117.4 4.489942529E-05 -2.040882968E-05
117.6 4.492289597E-05 -6.125849451E-05
117.8 4.494639121E-05 -5.107544456E-05
118 4.496991104E-05 -6.132260597E-05
118.2 4.49934555E-05 -5.11289267E-05
118.4 4.501702462E-05 -5.11557098E-05
118.6 3.685141509E-05 -5.118252096E-05
118.8 2.867724174E-05 -4.09674882E-05
119 2.869228751E-05 -6.148347324E-05
119.2 2.870734908E-05 -4.101049869E-05
119.4 2.872242647E-05 -3.077402836E-05
119.6 2.873751971E-05 -4.105359958E-05
119.8 2.464511041E-05 -4.107518402E-05
120 2.054839558E-05 -5.137098895E-05
120.2 2.467105263E-05 -5.139802632E-05
120.4 2.879805161E-05 -2.057003686E-05
120.6 2.881322445E-05 -3.087131191E-05
120.8 2.882841328E-05 -3.088758566E-05
121 2.884361814E-05 3.090387658E-05
121.2 2.885883905E-05 4.122691293E-05
121.4 2.887407603E-05 -2.062434002E-05
121.6 2.476228209E-05 -2.063523508E-05
121.8 2.477536998E-05 1.032307082E-05
122 2.065705976E-05 -1.032852988E-05
122.2 1.653439153E-05 3.100198413E-05
122.4 1.240735839E-05 4.13578613E-05
122.6 4.137976695E-06 2.068988347E-05
122.8 0 4.140169581E-05
123 0 4.142364793E-05
123.2 0 -1.34290713E-20
123.4 4.146762208E-06 1.036690552E-05
123.6 4.148964418E-06 4.148964418E-05
123.8 8.302337938E-06 2.075584485E-05
124 1.246012759E-05 2.076687932E-05
124.2 1.662234043E-05 2.077792553E-05
124.4 2.07889835E-05 -1.039449175E-05
124.6 2.080005325E-05 -1.040002662E-05
124.8 1.664890783E-05 -1.040556739E-05
125 2.082222814E-05 -4.164445629E-05
125.2 1.25E-05 -5.208333333E-05
125.4 1.250667022E-05 -5.211112593E-05
125.6 8.342231714E-06 -4.171115857E-05
125.8 4.173344017E-06 -6.260016026E-05
126 4.175574559E-06 -6.263361839E-05
126.2 0 -4.177807487E-05
126.4 0 -4.180042804E-05
126.6 0 -5.227850642E-05
126.8 0 -3.138390466E-05
127 0 -9.51736349E-21
127.2 0 -3.141756032E-05
127.4 0 -7.334696888E-05
127.6 0 -4.193505099E-05
127.8 0 1.048939313E-05
128 0 -1.049502955E-05
128.2 0 -2.100134409E-05
128.4 0 -2.10126412E-05
128.6 0 -3.153592573E-05
128.8 0 -2.103527194E-05
129 0 -2.10466056E-05
129.2 0 -3.158692722E-05
129.4 0 -3.16039644E-05
129.6 0 2.108067998E-05
129.8 0 5.273015659E-05
130 0 1.05517288E-05
130.2 0 -2.522955961E-20
130.4 0 2.112628448E-05
130.6 0 1.056885823E-05
130.8 0 2.11491608E-05
131 0 -3.532018327E-20
131.2 0 -2.117208672E-05
131.4 0 -1.850504946E-21
131.6 0 -1.421835435E-20
131.8 0 -1.060328447E-05
132 0 1.0609044E-05
132.2 0 4.245923913E-05
132.4 0 4.248232735E-05
132.6 0 3.187908052E-05
132.8 0 -1.06321448E-05
133 0 1.063793573E-05
133.2 0 6.386239782E-05
133.4 0 3.19486096E-05
133.6 0 -1.065534643E-05
133.8 0 2.132232533E-05
134 0 4.266794102E-05
134.2 0 3.201844262E-05
134.4 0 1.067864954E-05
134.6 0 1.068449125E-05
134.8 0 7.683284298E-21
135 0 -3.20885816E-05
135.2 0 1.070205479E-05
135.4 0 -1.070792215E-05
135.6 0 -3.214138782E-05
135.8 0 -1.071967618E-05
136 0 -3.217668863E-05
136.2 0 4.434545609E-21
136.4 0 1.073735569E-05
136.6 0 -1.074326183E-05
136.8 0 1.074917446E-05
137 4.302037445E-06 2.151018722E-05
137.2 4.304407713E-06 -2.684112367E-21
137.4 4.306780595E-06 -2.153390298E-05
137.6 4.309156095E-06 1.077289024E-05
137.8 0 3.233650662E-05
138 0 1.078478741E-05
138.2 0 4.316298343E-05
138.4 0 6.478026534E-05
138.6 0 -2.011156826E-21
138.8 0 3.242598229E-05
139 0 6.488787375E-05
139.2 0 2.164127424E-05
139.4 0 1.001503809E-20
139.6 0 -1.083264004E-05
139.8 0 1.08386515E-05
140 4.337867851E-06 1.084466963E-05
140.2 8.680555556E-06 -2.170138889E-05
140.4 1.302807115E-05 -4.342690384E-05
140.6 1.738042269E-05 3.891306029E-20
140.8 2.173761825E-05 2.173761825E-05
141 2.609966592E-05 -2.17497216E-05
141.2 3.046657382E-05 -3.264275766E-05
141.4 3.483835006E-05 -6.532190635E-05
141.6 3.921500279E-05 -6.535833798E-05
141.8 4.359654018E-05 2.179827009E-05
142 4.798297041E-05 1.090522055E-05
142.2 5.237430168E-05 -2.18226257E-05
142.4 5.240357742E-05 1.091741196E-05
142.6 4.806347875E-05 -1.09235179E-05
142.8 5.24622272E-05 -4.371852266E-05
143 5.249160134E-05 -5.46787514E-05
143.2 5.25210084E-05 -8.753501401E-05
143.4 5.255044843E-05 -5.474005045E-05
143.6 5.257992148E-05 7.441678403E-21
143.8 5.260942761E-05 1.096029742E-05
144 5.263896687E-05 -4.386580573E-05
144.2 5.266853933E-05 -9.875351124E-05
144.4 5.708965711E-05 -7.68514615E-05
144.6 5.712176603E-05 -3.295486502E-05
144.8 6.155036579E-05 -1.099113675E-05
145 7.038288288E-05 -2.19946509E-05
145.2 7.042253521E-05 2.200704225E-05
145.4 6.605834273E-05 1.100972379E-05
145.6 7.050197406E-05 -3.304780034E-05
145.8 6.613290068E-05 -3.306645034E-05
146 6.61702428E-05 -1.10283738E-05
146.2 5.73799435E-05 1.103460452E-05
146.4 5.741237988E-05 -1.104084228E-05
146.6 5.744485294E-05 2.209417421E-05
146.8 5.747736276E-05 7.737337295E-05
147 5.308607022E-05 5.529798981E-05
147.2 5.311614731E-05 1.106586402E-05
147.4 5.31462585E-05 1.179381017E-20
147.6 5.317640386E-05 -1.347492416E-20
147.8 4.877270148E-05 2.216940976E-05
148 4.436399773E-05 7.763699602E-05
148.2 3.995028409E-05 9.987571023E-05
148.4 3.553155202E-05 5.551805003E-05
148.6 3.110779295E-05 2.22198521E-05
148.8 3.112549801E-05 6.669749573E-05
149 2.224515945E-05 4.449031891E-05
149.2 2.670940171E-05 2.225783476E-05
149.4 2.227052452E-05 6.681157355E-05
149.6 1.7826583E-05 6.684968625E-05
149.8 1.783675799E-05 3.344392123E-05
150 1.78469446E-05 -1.801132654E-20
150.2 1.785714286E-05 3.348214286E-05
150.4 1.786735277E-05 6.70025729E-05
150.6 1.340818078E-05 5.586741991E-05
150.8 1.341585575E-05 3.353963938E-05
151 1.342353952E-05 1.118628293E-05
151.2 1.343123209E-05 3.357808023E-05
151.4 1.343893349E-05 5.599555619E-05
151.6 1.344664372E-05 2.241107286E-05
151.8 1.34543628E-05 1.1211969E-05
152 1.346209075E-05 3.365522688E-05
152.2 1.346982759E-05 7.857399425E-05
152.4 1.347757332E-05 8.985048879E-05
152.6 1.348532796E-05 0.0001011399597
152.8 1.349309154E-05 0.0001011981865
153 1.350086406E-05 5.625360023E-05
153.2 1.350864553E-05 6.754322767E-05
153.4 1.351643599E-05 4.505478662E-05
153.6 1.352423543E-05 2.254039238E-05
153.8 1.353204388E-05 5.638351617E-05
154 1.353986135E-05 4.513287117E-05
154.2 1.354768786E-05 2.299789667E-20
154.4 1.355552342E-05 -1.129626952E-05
154.6 1.356336806E-05 -3.390842014E-05
154.8 1.357122177E-05 -1.130935148E-05
155 1.357908459E-05 5.657951912E-05
155.2 1.358695652E-05 6.793478261E-05
155.4 1.359483759E-05 -1.132903132E-05
155.6 1.36027278E-05 -3.40068195E-05
155.8 1.361062718E-05 4.536875726E-05
156 1.361853574E-05 6.809267868E-05
156.2 1.362645349E-05 4.542151163E-05
156.4 9.089586969E-06 4.544793485E-05
156.6 4.547438882E-06 5.684298603E-05
156.8 4.550087362E-06 3.412565521E-05
157 9.105477855E-06 3.414554196E-05
157.2 9.110787172E-06 3.41654519E-05
157.4 9.116102684E-06 -1.139512835E-05
157.6 4.560712201E-06 -2.2803561E-05
157.8 0 -1.140844042E-05
158 0 -4.56604325E-05
158.2 0 -1.142178363E-05
158.4 4.571386776E-06 3.428540082E-05
158.6 9.148126464E-06 4.574063232E-05
158.8 1.373022847E-05 2.288371412E-05
159 1.831770223E-05 2.289712778E-05
159.2 1.832844575E-05 4.582111437E-05
159.4 2.292400235E-05 3.438600352E-05
159.6 2.752495596E-05 3.440619495E-05
159.8 3.672150411E-05 4.185209438E-20
160 3.67430923E-05 2.296443269E-05
160.2 4.595588235E-05 5.744485294E-05
160.4 4.598293114E-05 4.598293114E-05
160.6 5.061101296E-05 4.601001178E-05
160.8 5.064083677E-05 3.452784325E-05
161 5.988354953E-05 3.454820165E-05
161.2 5.991887906E-05 2.304572271E-05
161.4 6.45661157E-05 1.152966352E-05
161.6 6.921884229E-05 2.307294743E-05
161.8 7.387706856E-05 1.073751308E-20
162 7.392075695E-05 -7.339488882E-21
162.2 7.396449704E-05 3.467085799E-05
162.4 7.400828893E-05 3.469138544E-05
162.6 6.942387441E-05 -9.990045588E-21
162.8 6.946502667E-05 -2.315500889E-05
163 7.413997628E-05 1.640614035E-20
163.2 6.954747774E-05 1.159124629E-05
163.4 6.958877672E-05 1.159812945E-05
163.6 6.498811646E-05 2.321004159E-05
163.8 6.9671522E-05 1.161192033E-05
164 6.971296847E-05 4.647531231E-05
164.2 6.045386905E-05 0.0001162574405
164.4 5.583680762E-05 2.326533651E-05
164.6 5.121424315E-05 1.163960072E-05
164.8 4.658616577E-05 8.15257901E-05
165 3.729116945E-05 5.826745227E-05
165.2 2.798507463E-05 4.664179104E-05
165.4 2.333482676E-05 -1.166741338E-05
165.6 2.334877466E-05 -2.334877466E-05
165.8 2.336273923E-05 -1.391837668E-20
166 2.337672053E-05 3.506508079E-05
166.2 2.339071856E-05 8.186751497E-05
166.4 1.87237867E-05 4.680946675E-05
166.6 1.873501199E-05 -3.512814748E-05
166.8 1.874625075E-05 -4.686562687E-05
167 1.8757503E-05 -3.283884768E-21
167.2 1.407657658E-05 1.173048048E-05
167.4 1.408503606E-05 2.34750601E-05
167.6 1.409350571E-05 4.697835238E-05
167.8 1.410198556E-05 -1.226227303E-20
168 1.881396749E-05 -1.19704588E-20
168.2 1.41189759E-05 3.529743976E-05
168.4 9.418324292E-06 4.709162146E-05
168.6 4.712002413E-06 3.534001809E-05
168.8 4.714846107E-06 4.714846107E-05
169 4.717693237E-06 5.897116546E-05
169.2 4.720543807E-06 5.900679758E-05
169.4 4.723397823E-06 4.723397823E-05
169.6 4.726255293E-06 2.363127647E-05
169.8 0 3.546837167E-05
170 0 2.365990309E-05
170.2 0 3.551136364E-05
170.4 0 2.368859915E-05
170.6 0 -9.076399638E-21
170.8 4.743472981E-06 -6.334740558E-21
171 4.7463548E-06 3.5597661E-05
171.2 4.749240122E-06 -1.18731003E-05
171.4 1.425638686E-05 -3.564096715E-05
171.6 1.426506391E-05 4.755021302E-05
171.8 1.90316687E-05 5.947396468E-05
172 2.380408288E-05 2.380408288E-05
172.2 2.858231707E-05 -3.572789634E-05
172.4 2.859975595E-05 -2.383312996E-05
172.6 3.338675214E-05 -5.961920024E-05
172.8 3.817959682E-05 -3.579337202E-05
173 3.820293399E-05 2.387683374E-05
173.2 4.300458716E-05 -2.389143731E-05
173.4 4.78121175E-05 -1.195302938E-05
173.6 4.78413962E-05 3.309595263E-20
173.8 5.265778186E-05 1.19676777E-05
174 4.790006131E-05 1.619060338E-20
174.2 5.272239264E-05 1.198236196E-05
174.4 5.275475752E-05 -1.198971762E-05
174.6 5.278716216E-05 -4.798832924E-05
174.8 5.281960664E-05 1.200445605E-05
175 5.285209102E-05 4.804735547E-05
175.2 4.807692308E-05 -1.201923077E-05
175.4 5.29171798E-05 -4.810652709E-05
175.6 5.294978435E-05 -3.610212569E-05
175.8 4.816584464E-05 -1.554861175E-20
176 4.337600247E-05 3.614666872E-05
176.2 3.858024691E-05 2.411265432E-05
176.4 3.377856702E-05 -1.304945804E-20
176.6 3.379944376E-05 -1.207122991E-05
176.8 2.898886827E-05 2.415739023E-05
177 2.417233911E-05 4.834467822E-05
177.2 1.93498452E-05 1.209365325E-05
177.4 1.452137546E-05 2.172765128E-20
177.6 9.686918785E-06 4.843459392E-05
177.8 4.84646402E-06 3.121607869E-21
178 0 -6.061840472E-05
178.2 0 1.902418724E-20
178.4 0 2.427750155E-05
178.6 0 1.214629975E-05
178.8 0 1.215385812E-05
179 0 1.21614259E-05
179.2 0 -6.87172509E-21
179.4 0 -1.217658978E-05
179.6 0 -2.43683718E-05
179.8 0 -1.219179151E-05
180 0 1.219940662E-05
180.2 0 -1.220703125E-05
180.4 0 -1.221466542E-05
180.6 0 -2.936640126E-20
180.8 0 -1.222996243E-05
181 0 -2.447525063E-05
181.2 0 -3.673589342E-05
181.4 0 -3.675893977E-05
181.6 0 -2.452134338E-05
181.8 0 -1.226837312E-05
182 0 2.455216845E-05
182.2 4.913522013E-06 1.128776894E-20
182.4 9.833228446E-06 -0.00011062382
182.6 1.967884131E-05 -0.0001229927582
182.8 2.9536862E-05 -4.922810334E-05
183 3.448139975E-05 1.231478562E-05
183.2 2.957413249E-05 -1.396483557E-20
183.4 3.945707071E-05 -7.398200758E-05
183.6 4.441724574E-05 -8.636686671E-05
183.8 4.444532238E-05 -4.938369153E-05
184 4.941492726E-05 -1.235373182E-05
184.2 4.944620253E-05 5.402812046E-20
184.4 4.452976567E-05 1.236937935E-05
184.6 3.960709759E-05 1.237165277E-20
184.8 3.467818643E-05 -2.477013316E-05
185 2.97430203E-05 -1.239292513E-05
185.2 2.48015873E-05 9.302502552E-21
185.4 1.985387548E-05 2.481734435E-05
185.6 1.986649714E-05 2.483312142E-05
185.8 1.490935115E-05 2.484891858E-05
186 9.945894335E-06 2.486473584E-05
186.2 1.492834395E-05 2.488057325E-05
186.4 1.493785851E-05 1.244821542E-05
186.6 1.49473852E-05 -2.491230867E-05
186.8 1.994256541E-05 -2.492820676E-05
187 2.494412516E-05 -2.494412516E-05
187.2 2.995207668E-05 -3.744009585E-05
187.4 2.997122762E-05 -7.492806905E-05
187.6 3.998720409E-05 -7.497600768E-05
187.8 3.501120359E-05 -3.751200384E-05
188 3.002882767E-05 -1.251201153E-05
188.2 3.004807692E-05 1.252003205E-05
188.4 3.006735087E-05 2.505612572E-05
188.6 3.008664955E-05 -1.847550403E-20
188.8 2.007064868E-05 -3.763246628E-05
189 1.506266067E-05 -1.255221722E-05
189.2 1.507234727E-05 1.34537548E-20
189.4 1.508204633E-05 -2.513674389E-05
189.6 1.509175789E-05 -1.257646491E-05
189.8 1.510148196E-05 -2.51691366E-05
190 1.007414571E-05 -2.518536428E-05
190.2 5.040322581E-06 -2.52016129E-05
190.4 1.0087153E-05 -7.565364751E-05
190.6 1.009366925E-05 -6.308543282E-05
190.8 1.010019392E-05 -2.525048481E-05
191 1.010672704E-05 -2.526681759E-05
191.2 1.011326861E-05 -2.208721915E-20
191.4 1.011981865E-05 -1.264977332E-05
191.6 1.012637719E-05 -3.797391445E-05
191.8 1.013294423E-05 -1.377089026E-20
192 1.013951979E-05 1.267439974E-05
192.2 1.01461039E-05 -1.268262987E-05
192.4 1.015269656E-05 1.760929879E-20
192.6 1.015929779E-05 1.269912224E-05
192.8 1.016590761E-05 3.788802705E-20
193 1.017252604E-05 1.271565755E-05
193.2 1.017915309E-05 -1.272394137E-05
193.4 1.018578879E-05 -5.092894394E-05
193.6 1.019243314E-05 -2.548108284E-05
193.8 1.019908616E-05 -7.131458479E-21
194 1.020574788E-05 1.275718485E-05
194.2 1.02124183E-05 2.437653544E-21
194.4 1.021909745E-05 -3.832161543E-05
194.6 5.11289267E-06 -1.278223168E-05
194.8 1.023248199E-05 3.071269357E-21
195 1.023918742E-05 -3.839695282E-05
195.2 1.536885246E-05 -1.280737705E-05
195.4 2.050524934E-05 2.41352777E-20
195.6 2.564839133E-05 -3.8472587E-05
195.8 3.079829172E-05 -3.849786465E-05
196 3.595496384E-05 4.638323078E-20
196.2 4.111842105E-05 4.544108019E-21
196.4 4.628867676E-05 -5.143186307E-05
196.6 5.14657444E-05 -3.85993083E-05
196.8 5.14996704E-05 -2.57498352E-05
197 5.153364116E-05 -5.153364116E-05
197.2 5.156765677E-05 -5.156765677E-05
197.4 5.160171731E-05 -2.580085865E-05
197.6 4.647224058E-05 1.290895572E-05
197.8 4.133597884E-05 1.291749339E-05
198 4.136333554E-05 -1.292604236E-05
198.2 4.139072848E-05 -2.58692053E-05
198.4 4.141815772E-05 -2.588634858E-05
198.6 4.144562334E-05 -2.590351459E-05
198.8 3.628898474E-05 -3.888105508E-05
199 4.150066401E-05 -2.593791501E-05
199.2 4.15282392E-05 -1.297757475E-05
199.4 4.675033245E-05 -6.493101729E-05
199.6 4.158349967E-05 -5.197937458E-05
199.8 4.681258322E-05 -1.300349534E-05
200 4.684377082E-05 -3.903647568E-05
200.2 4.6875E-05 -6.510416667E-05
200.4 4.690627085E-05 -2.605903936E-05
200.6 4.693758344E-05 1.303821762E-05
200.8 4.696893788E-05 -5.218770875E-05
201 4.700033422E-05 -3.916694519E-05
201.2 4.703177258E-05 2.612876254E-05
201.4 4.183400268E-05 2.99544974E-20
201.6 4.186202277E-05 -3.924564635E-05
201.8 4.189008043E-05 -3.92719504E-05
202 4.191817572E-05 -3.929828974E-05
202.2 3.670302013E-05 -3.932466443E-05
202.4 3.148085964E-05 -1.311702485E-05
202.6 2.625168011E-05 -5.250336022E-05
202.8 2.101546738E-05 -7.880800269E-05
203 2.102960969E-05 -1.314350606E-05
203.2 1.578282828E-05 -1.841899839E-20
203.4 1.052897574E-05 -5.264487871E-05
203.6 5.268037761E-06 -6.585047202E-05
203.8 5.271592443E-06 -2.635796221E-05
204 5.275151924E-06 -1.318787981E-05
204.2 5.278716216E-06 -3.959037162E-05
204.4 5.282285328E-06 -3.961713996E-05
204.6 5.285859269E-06 -1.321464817E-05
204.8 5.28943805E-06 2.479020513E-20
205 0 -2.64651084E-05
205.2 0 -5.296610169E-05
205.4 5.300203528E-06 -2.650101764E-05
205.6 5.303801765E-06 1.325950441E-05
205.8 5.307404891E-06 1.326851223E-05
206 5.311012916E-06 -2.655506458E-05
206.2 5.31462585E-06 -3.985969388E-05
206.4 5.318243703E-06 -1.329560926E-05
206.6 5.321866485E-06 -2.660933243E-05
206.8 5.325494206E-06 -5.325494206E-05
207 5.329126876E-06 -2.664563438E-05
207.2 5.332764505E-06 -1.333191126E-05
207.4 5.336407104E-06 -5.336407104E-05
207.6 5.340054682E-06 -4.005041012E-05
207.8 5.34370725E-06 -2.475332625E-20
208 5.347364819E-06 -1.336841205E-05
208.2 5.351027397E-06 -5.351027397E-05
208.4 1.070938999E-05 -6.693368746E-05
208.6 1.071673525E-05 5.448709249E-20
208.8 1.07240906E-05 2.934531752E-20
209 5.365728022E-06 -6.707160027E-05
209.2 1.073883162E-05 -2.684707904E-05
209.4 1.074621733E-05 1.343277166E-05
209.6 5.376806607E-06 -1.344201652E-05
209.8 5.380509642E-06 -4.035382231E-05
210 5.384217781E-06 -1.346054445E-05
210.2 5.387931034E-06 2.693965517E-05
210.4 5.391649413E-06 -1.347912353E-05
210.6 5.395372928E-06 -4.046529696E-05
210.8 5.399101589E-06 5.28553452E-20
211 5.402835408E-06 5.402835408E-05
211.2 5.406574394E-06 6.758217993E-05
211.4 5.41031856E-06 1.35257964E-05
211.6 5.414067914E-06 -4.060550936E-05
211.8 5.417822469E-06 -2.708911234E-05
212 5.421582235E-06 5.421582235E-05
212.2 5.425347222E-06 8.138020833E-05
212.4 5.429117443E-06 5.006348025E-21
212.6 5.432892907E-06 -2.716446453E-05
212.8 5.436673626E-06 4.077505219E-05
213 1.088091922E-05 2.720229805E-05
213.2 1.633275261E-05 -4.083188153E-05
213.4 1.089609484E-05 -2.72402371E-05
213.6 1.090369853E-05 -2.725924634E-05
213.8 1.636696927E-05 -2.727828212E-05
214 1.637840671E-05 1.364867226E-05
214.2 1.092657343E-05 1.365821678E-05
214.4 5.467109867E-06 -1.366777467E-05
214.6 5.470938375E-06 -2.735469188E-05
214.8 5.474772249E-06 -1.368693062E-05
215 5.478611501E-06 -1.369652875E-05
215.2 5.48245614E-06 -2.74122807E-05
215.4 1.097261236E-05 -2.74315309E-05
215.6 1.647048489E-05 2.502509412E-20
215.8 1.648206751E-05 1.373505626E-05
216 2.199155524E-05 1.374472203E-05
216.2 2.750880282E-05 1.030228551E-20
216.4 3.853946441E-05 -1.376409443E-05
216.6 3.856664316E-05 1.377380113E-05
216.8 3.308045166E-05 -1.378352152E-05
217 3.862111582E-05 -2.75865113E-05
217.2 3.864840989E-05 1.380300353E-05
217.4 3.867574257E-05 4.143829562E-05
217.6 3.870311394E-05 4.146762208E-05
217.8 3.319759207E-05 1.524226627E-20
218 2.768426648E-05 -1.384213324E-05
218.2 2.216312057E-05 -1.385195035E-05
218.4 2.217885025E-05 -2.772356281E-05
218.6 1.66459517E-05 2.881085898E-20
218.8 1.110518834E-05 1.388148543E-05
219 5.556543385E-06 2.682375594E-20
219.2 5.560498221E-06 -1.390124555E-05
219.4 5.564458689E-06 -4.173344017E-05
219.6 5.568424804E-06 -5.568424804E-05
219.8 1.114479315E-05 -4.179297432E-05
220 1.672912206E-05 -1.394093505E-05
220.2 1.674107143E-05 -1.395089286E-05
220.4 2.233738385E-05 -5.584345961E-05
220.6 2.794170243E-05 -1.534710719E-20
220.8 3.355404438E-05 2.796170365E-05
221 3.917442693E-05 -1.399086676E-05
221.2 4.480286738E-05 -2.800179211E-05
221.4 3.923063128E-05 -1.401093974E-05
221.6 3.365039483E-05 5.359570856E-21
221.8 2.80621408E-05 -2.80621408E-05
222 3.369877786E-05 -1.404115744E-05
222.2 3.934352518E-05 1.405125899E-05
222.4 2.249820014E-05 -5.624550036E-05
222.6 1.688580692E-05 -0.0001125720461
222.8 2.816330209E-05 -4.224495314E-05
223 2.818362193E-05 -4.676791835E-21
223.2 2.25631769E-05 -4.230595668E-05
223.4 1.693460983E-05 -5.644869942E-05
223.6 1.129790311E-05 -4.236713666E-05
223.8 5.653039074E-06 -4.239779305E-05
224 5.657132513E-06 -4.242849385E-05
224.2 5.661231884E-06 -4.245923913E-05
224.4 5.665337201E-06 -2.8326686E-05
224.6 5.669448476E-06 -1.417362119E-05
224.8 5.673565723E-06 -2.836782861E-05
225 0 -8.51653343E-05
225.2 0 -5.681818182E-05
225.4 0 2.84297671E-05
225.6 0 2.845047342E-05
225.8 0 8.242037558E-21
226 0 -1.424598833E-05
226.2 0 2.851277372E-05
226.4 0 4.280040175E-05
226.6 0 -4.28316886E-05
226.8 0 -7.143836869E-05
227 0 -2.859626647E-05
227.2 0 1.430860806E-05
227.4 0 1.431909824E-05
227.6 0 -1.432960382E-05
227.8 0 2.868024963E-05
228 0 4.305198384E-05
228.2 0 -4.308363971E-05
228.4 0 -2.874356144E-05
228.6 0 5.752945508E-05
228.8 0 8.63577745E-05
229 0 7.201788348E-05
229.2 0 4.324261993E-05
229.4 0 4.327455687E-05
229.6 5.774205469E-06 -1.827996063E-20
229.8 5.778476331E-06 -4.333857249E-05
230 0 -1.445688379E-05
230.2 0 -4.062125112E-20
230.4 0 -1.447831727E-05
230.6 5.795623145E-06 1.448905786E-05
230.8 1.159985152E-05 1.44998144E-05
231 1.160846954E-05 2.902117385E-05
231.2 1.161710037E-05 4.356412639E-05
231.4 1.162574405E-05 1.453218006E-05
231.6 1.16344006E-05 2.908600149E-05
231.8 1.164307004E-05 -2.910767511E-05
232 1.165175242E-05 -4.369407159E-05
232.2 1.166044776E-05 1.45755597E-05
232.4 5.834578043E-06 7.293222554E-05
232.6 0 7.298673393E-05
232.8 0 -5.621338195E-21
233 0 -1.46191991E-05
233.2 0 2.470457053E-20
233.4 0 1.464111694E-05
233.6 0 7.326050263E-05
233.8 0 4.39893018E-05
234 0 4.402235162E-05
234.2 0 5.87406015E-05
234.4 0 3.327835734E-21
234.6 0 2.941453313E-05
234.8 0 1.471834966E-05
235 5.891779789E-06 -1.472944947E-05
235.2 5.896226415E-06 -2.948113208E-05
235.4 5.900679758E-06 -1.47516994E-05
235.6 5.905139834E-06 5.153647465E-21
235.8 5.909606657E-06 -1.477401664E-05
236 5.914080242E-06 -4.435560182E-05
236.2 5.918560606E-06 -4.438920455E-05
236.4 5.923047763E-06 -6.846832408E-21
236.6 5.92754173E-06 -1.481885432E-05
236.8 5.932042521E-06 -1.48301063E-05
237 5.936550152E-06 -5.936550152E-05
237.2 5.941064639E-06 -8.911596958E-05
237.4 5.945585997E-06 -4.459189498E-05
237.6 5.950114242E-06 -1.487528561E-05
237.8 5.95464939E-06 1.735571488E-20
238 5.959191457E-06 2.310835622E-20
238.2 5.963740458E-06 -1.490935115E-05
238.4 5.968296409E-06 -1.492074102E-05
238.6 5.972859327E-06 -1.960140426E-20
238.8 5.977429227E-06 1.494357307E-05
239 5.982006126E-06 4.486504594E-05
239.2 5.986590038E-06 2.993295019E-05
239.4 5.991180982E-06 2.176214304E-20
239.6 5.995778972E-06 -1.498944743E-05
239.8 6.000384025E-06 4.544516396E-20
240 6.004996157E-06 1.124552355E-20
240.2 6.009615385E-06 -1.502403846E-05
240.4 6.014241724E-06 -3.007120862E-05
240.6 6.018875193E-06 -4.514156394E-05
240.8 6.023515806E-06 -5.863122986E-21
241 6.02816358E-06 3.01408179E-05
241.2 6.032818533E-06 6.032818533E-05
241.4 6.03748068E-06 4.52811051E-05
241.6 6.042150039E-06 1.51053751E-05
241.8 6.046826625E-06 3.023413313E-05
242 0 -1.512877614E-05
242.2 6.05620155E-06 3.028100775E-05
242.4 0 7.576124903E-05
242.6 0 3.032802795E-05
242.8 6.07031857E-06 6.07031857E-05
243 6.07503888E-06 3.03751944E-05
243.2 6.079766537E-06 -1.519941634E-05
243.4 6.084501558E-06 1.521125389E-05
243.6 6.089243959E-06 1.52231099E-05
243.8 6.09399376E-06 1.52349844E-05
244 6.098750976E-06 3.049375488E-05
244.2 6.103515625E-06 1.525878906E-05
244.4 6.108287725E-06 1.527071931E-05
244.6 6.113067293E-06 6.113067293E-05
244.8 0 4.58839076E-05
245 0 -1.530662226E-05
245.2 0 -3.06372549E-05
245.4 0 -3.066130298E-05
245.6 0 2.011777726E-20
245.8 0 3.070951258E-05
246 0 -6.759805953E-20
246.2 0 1.537893701E-05
246.4 0 4.617316785E-05
246.6 0 3.080638801E-05
246.8 0 1.541535122E-05
247 0 3.085505529E-05
247.2 0 4.631916996E-05
247.4 0 1.545193829E-05
247.6 0 -3.092834521E-05
247.8 0 -3.095285261E-05
248 0 -1.932419774E-20
248.2 0 -2.28212819E-20
248.4 0 1.216979588E-21
248.6 0 1.209047967E-20
248.8 0 -1.553798727E-05
249 0 -1.555035828E-05
249.2 0 1.5562749E-05
249.4 0 1.557515949E-05
249.6 0 -2.140456266E-20
249.8 0 3.120007987E-05
250 0 4.683752998E-05
250.2 0 4.6875E-05
250.4 0 3.127502002E-05
250.6 0 -1.565004006E-05
250.8 6.265036087E-06 -6.265036087E-05
251 1.254012841E-05 -7.837580257E-05
251.2 1.88253012E-05 -1.190882688E-20
251.4 2.512057878E-05 -3.376785708E-20
251.6 3.142598552E-05 -3.142598552E-05
251.8 3.774154589E-05 -3.145128824E-05
252 4.406728445E-05 -6.29532635E-05
252.2 5.040322581E-05 -3.150201613E-05
252.4 5.674939467E-05 3.152744149E-05
252.6 5.679523425E-05 3.155290792E-05
252.8 5.684114794E-05 -3.157841552E-05
253 6.32079288E-05 -6.32079288E-05
253.2 6.958502024E-05 -4.744433198E-05
253.4 7.597244733E-05 -1.582759319E-05
253.6 8.23702352E-05 1.915832201E-21
253.8 8.877840909E-05 1.289558292E-20
254 9.519699431E-05 2.815089927E-20
254.2 0.0001016260163 -1.587906504E-05
254.4 0.0001080655004 3.956477516E-20
254.6 0.0001145154723 1.590492671E-05
254.8 0.000114608802 -3.183577832E-05
255 0.000121074633 -3.186174551E-05
255.2 0.0001275510204 -1.594387755E-05
255.4 0.0001340379902 -3.191380719E-05
255.6 0.0001469235487 -6.387980376E-05
255.8 0.0001598301964 -6.393207856E-05
256 0.0001599610975 -4.798832924E-05
256.2 0.0001664959016 -6.403688525E-05
256.4 0.0001794503692 -3.204470878E-05
256.6 0.0001860119048 1.196994389E-20
256.8 0.0001925842235 -1.604868529E-05
257 0.0001927425987 8.624563166E-22
257.2 0.0001929012346 -1.607510288E-05
257.4 0.0001994954695 -3.217668863E-05
257.6 0.0002061005771 1.610160758E-05
257.8 0.0002062706271 -7.870565763E-21
258 0.0002128922378 5.385241737E-21
258.2 0.0002130681818 -7.558228631E-21
258.4 0.0002132444169 -1.615488007E-05
258.6 0.000219888245 -3.233650662E-05
258.8 0.000226543082 -8.090824358E-05
259 0.0002396869818 -9.717039801E-05
259.2 0.0002528526971 -8.104253112E-05
259.4 0.000259551495 -4.866590532E-05
259.6 0.0002662614298 -1.623545303E-05
259.8 0.0002664829451 -3.249792013E-05
260 0.0002732098251 -6.504995837E-05
260.2 0.0002864583333 -3.255208333E-05
260.4 0.0002866972477 -7.88091032E-21
260.6 0.0002869365609 1.630321369E-05
260.8 0.000287176274 3.26336675E-05
261 0.000287416388 1.633047659E-05
261.2 0.0002941945607 -1.634414226E-05
261.4 0.0002878978224 2.457833275E-20
261.6 0.0002815905281 3.274308466E-05
261.8 0.0002818267617 3.277055369E-05
262 0.0002755037783 3.809055813E-21
262.2 0.0002888655462 -1.487976611E-20
262.4 0.0002891084945 1.642661901E-05
262.6 0.0002827756734 -1.644044613E-05
262.8 0.0002830139006 -1.645429655E-05
263 0.0002832525295 1.646817032E-05
263.2 0.0002834915612 -2.339149165E-20
263.4 0.0002837309966 -3.299197635E-05
263.6 0.0002839708369 -1.650993238E-05
263.8 0.0002842110829 1.652390017E-05
264 0.0002844517358 9.009412058E-21
264.2 0.0002913135593 1.459331459E-21
264.4 0.0002915606446 1.656594572E-05
264.6 0.0002918081494 5.503249758E-20
264.8 0.0002920560748 1.783182733E-20
265 0.0002923044218 -1.541200096E-20
265.2 0.0002925531915 -2.723345743E-20
265.4 0.000292802385 1.682477818E-20
265.6 0.0002930520034 7.945213077E-21
265.8 0.0002866360922 -1.666488908E-05
266 0.0002802092229 9.635467437E-21
266.2 0.0002737713675 2.118735302E-20
266.4 0.0002673224979 4.24164639E-21
266.6 0.0002608625856 3.344392123E-05
266.8 0.0002543916024 1.673628963E-05
267 0.0002479095197 1.675064322E-05
267.2 0.000241416309 3.353004292E-05
267.4 0.0002349119416 3.35588488E-05
267.6 0.0002283963887 5.038155632E-05
267.8 0.0002285929432 6.723321859E-05
268 0.0002220607235 5.046834625E-05
268.2 0.000228987069 3.367456897E-05
268.4 0.0002359253667 3.370362381E-05
268.6 0.0002428756477 3.373272884E-05
268.8 0.0002430855661 5.064282627E-05
269 0.0002432958478 5.068663495E-05
269.2 0.0002367424242 -2.672360677E-20
269.4 0.0002369475737 -1.692482669E-05
269.6 0.0002371530789 1.693950564E-05
269.8 0.0002305772569 1.695421007E-05
270 0.0002239900087 3.39378801E-05
270.2 0.0002173913043 6.793478261E-05
270.4 0.000210781114 5.099543081E-05
270.6 0.0001973540941 3.402656794E-05
270.8 0.0001907149085 3.405623365E-05
271 0.0001840641361 5.11289267E-05
271.2 0.0001774017467 5.117358079E-05
271.4 0.0001775568182 3.414554196E-05
271.6 0.000177712161 3.417541557E-05
271.8 0.0001710267075 3.420534151E-05
272 0.0001711765995 3.423531989E-05
272.2 0.0001713267544 3.426535088E-05
272.4 0.000171477173 5.144315189E-05
272.6 0.0001784929701 0.0001029767135
272.8 0.0001855211082 0.0001030672823
273 0.000185684419 5.157900528E-05
273.2 0.0001927312775 5.162444934E-05
273.4 0.0001929012346 0.0001033399471
273.6 0.0001861760812 0.0001034311562
273.8 0.0001794390459 8.626877208E-05
274 0.0001726900973 3.453801945E-05
274.2 0.0001728429204 1.728429204E-05
274.4 0.0001660761736 5.189880425E-05
274.6 0.0001662234043 3.462987589E-05
274.8 0.0001663708962 5.199090506E-05
275 0.0001665186501 1.734569272E-05
275.2 0.0001736111111 -1.542856608E-20
275.4 0.0001737655694 3.475311388E-05
275.6 0.0001739203028 8.696015138E-05
275.8 0.0001671122995 0.0001044451872
276 0.0001602921499 3.484611954E-05
276.2 0.0001534598214 1.743861607E-05
276.4 0.0001535969616 1.745420018E-05
276.6 0.000153734347 1.746981216E-05
276.8 0.0001608661594 -1.74854521E-05
277 0.0001610103047 -3.500224014E-05
277.2 0.0001541479821 9.976604744E-21
277.4 0.0001472733393 1.753254039E-05
277.6 0.0001403863432 3.50965858E-05
277.8 0.0001334869604 3.512814748E-05
278 0.0001195432043 -1.757988299E-05
278.2 0.0001196509009 -3.519144144E-05
278.4 0.0001127141569 3.522317403E-05
278.6 9.871389892E-05 1.762748195E-05
278.8 9.174570912E-05 -5.29302168E-05
279 9.182866184E-05 -7.063743219E-05
279.2 8.484162896E-05 -5.30260181E-05
279.4 7.784193841E-05 -5.307404891E-05
279.6 7.082955576E-05 -5.312216682E-05
279.8 6.380444646E-05 -1.772345735E-05
280 5.676657584E-05 1.773955495E-05
280.2 4.971590909E-05 1.775568182E-05
280.4 4.265241128E-05 3.554367607E-05
280.6 4.269125683E-05 2.827164595E-20
280.8 4.27301732E-05 -7.121695533E-05
281 4.276916058E-05 -5.346145073E-05
281.2 4.280821918E-05 -5.351027397E-05
281.4 4.284734918E-05 -5.355918647E-05
281.6 3.573879231E-05 -5.360818847E-05
281.8 4.292582418E-05 -7.154304029E-05
282 5.012603116E-05 -7.160861595E-05
282.2 5.733944954E-05 -7.167431193E-05
282.4 6.45661157E-05 -7.174012856E-05
282.6 7.180606618E-05 -3.590303309E-05
282.8 7.905933763E-05 -3.593606256E-05
283 8.632596685E-05 -3.596915285E-05
283.2 9.360599078E-05 -3.600230415E-05
283.4 0.0001008994465 -5.405327491E-05
283.6 0.0001082063712 -7.213758079E-05
283.8 0.0001155268022 -7.220425139E-05
284 0.0001228607771 -1.806776133E-05
284.2 0.000122974537 -1.808449074E-05
284.4 0.0001303290083 -5.430375348E-05
284.6 0.0001376971243 -5.435412801E-05
284.8 0.0001450789229 -3.626973073E-05
285 0.0001524744424 -5.445515799E-05
285.2 0.0001598837209 -1.816860465E-05
285.4 0.0001600325885 1.818552142E-05
285.6 0.0001601817335 1.820246971E-05
285.8 0.0001603311567 1.821944963E-05
286 0.000160480859 -1.38676429E-20
286.2 0.0001606308411 1.775841886E-20
286.4 0.0001680893358 3.654115996E-05
286.6 0.0001682467228 1.828768727E-05
286.8 0.0001684044049 -1.830482662E-05
287 0.0001612335835 7.32879925E-05
287.2 0.0001540492958 9.169600939E-05
287.4 0.0001468515038 3.671287594E-05
287.6 0.0001396401693 3.674741298E-05
287.8 0.0001324152542 5.51730226E-05
288 0.0001251767201 3.681668238E-05
288.2 0.0001179245283 5.527712264E-05
288.4 0.0001106586402 9.221553352E-05
288.6 0.000103379017 -3.69210775E-05
288.8 9.608561968E-05 -5.543401135E-05
289 9.617660985E-05 7.398200758E-05
289.2 8.886255924E-05 9.256516588E-05
289.4 8.153462998E-05 5.559179317E-05
289.6 7.419278253E-05 5.564458689E-05
289.8 6.683697719E-05 7.426330798E-05
290 5.946717412E-05 1.858349191E-05
290.2 5.208333333E-05 7.44047619E-05
290.4 4.468541468E-05 9.309461392E-05
290.6 3.727337786E-05 5.591006679E-05
290.8 2.984718243E-05 7.461795606E-05
291 2.240678776E-05 7.468929254E-05
291.2 1.495215311E-05 5.607057416E-05
291.4 7.483237548E-06 -8.045240858E-20
291.6 0 1.872603068E-05
291.8 0 1.874400192E-05
292 0 1.876200768E-05
292.2 0 3.756009615E-05
292.4 0 1.87981232E-05
292.6 0 -5.644869942E-05
292.8 0 -3.766875603E-05
293 0 -3.901725261E-20
293.2 0 -5.661231884E-05
293.4 0 -1.888902321E-05
293.6 0 1.066967001E-20
293.8 0 -1.892562984E-05
294 0 -3.788797284E-05
294.2 0 -5.688713592E-05
294.4 0 -1.898080661E-05
294.6 0 -1.899927043E-05
294.8 0 -1.90177702E-05
295 0 -5.710891813E-05
295.2 0 -5.716463415E-05
295.4 0 1.907348633E-05
295.6 0 1.909213099E-05
295.8 0 3.822162427E-05
296 0 1.912952987E-05
296.2 0 1.914828431E-05
296.4 0 1.916707556E-05
296.6 0 3.837180747E-05
296.8 0 5.761430678E-05
297 0 1.171290549E-20
297.2 0 1.924261084E-05
297.4 7.704635108E-06 3.852317554E-05
297.6 7.712240869E-06 5.784180652E-05
297.8 1.543972332E-05 1.929965415E-05
298 1.545499505E-05 3.863748764E-05
298.2 1.547029703E-05 3.867574257E-05
298.4 1.548562934E-05 -3.871407334E-05
298.6 7.750496032E-06 -9.68812004E-05
298.8 1.55163853E-05 -7.758192651E-05
299 7.765904573E-06 -1.941476143E-05
299.2 1.554726368E-05 -9.717039801E-05
299.4 1.5562749E-05 -7.781374502E-05
299.6 1.55782652E-05 1.947283151E-05
299.8 1.559381238E-05 -3.898453094E-05
300 1.560939061E-05 -5.853521479E-05
300.2 1.5625E-05 -4.86691018E-20
300.4 1.564064064E-05 1.95508008E-05
300.6 1.565631263E-05 1.957039078E-05
300.8 1.567201605E-05 -3.918004012E-05
301 1.5687751E-05 -1.960968876E-05
301.2 7.851758794E-06 -3.925879397E-05
301.4 7.859657948E-06 -3.929828974E-05
301.6 0 1.966893253E-05
301.8 7.875504032E-06 -7.875504032E-05
302 1.576690212E-05 -0.0001379603935
302.2 2.367424242E-05 -0.0001183712121
302.4 3.159757331E-05 -0.0001382393832
302.6 3.953694332E-05 -0.00011861083
302.8 3.957700101E-05 1.870288298E-20
303 4.754056795E-05 6.019138423E-20
303.2 5.552030457E-05 -3.228945939E-22
303.4 6.351626016E-05 3.96976626E-05
303.6 6.358087487E-05 7.373659863E-21
303.8 7.160132383E-05 1.988925662E-05
304 7.963812436E-05 -1.990953109E-05
304.2 7.971938776E-05 -7.971938776E-05
304.4 7.980081716E-05 -3.990040858E-05
304.6 8.78706544E-05 -1.997060327E-05
304.8 9.595701126E-05 -1.438319146E-20
305 0.0001040599385 -4.002305328E-05
305.2 0.0001201923077 -6.009615385E-05
305.4 0.0001283367556 6.015785421E-05
305.6 0.0001284686536 4.014645427E-05
305.8 0.0001366383745 -4.01877572E-05
306 0.0001528707518 4.022914521E-05
306.2 0.0001610824742 0.0001409471649
306.4 0.0001531862745 0.0001209365325
306.6 0.0001533445248 4.035382231E-05
306.8 0.0001535031024 4.039555326E-05
307 0.0001536620083 8.08747412E-05
307.2 0.0001538212435 2.023963731E-05
307.4 0.0001539808091 9.010892575E-20
307.6 0.0001541407061 -2.028167186E-05
307.8 0.0001543009356 -4.060550936E-05
308 0.0001463319459 -2.032388137E-05
308.2 0.000146484375 -2.034505208E-05
308.4 0.000146637122 -4.073253389E-05
308.6 0.0001467901879 -2.03875261E-05
308.8 0.0001469435737 4.081765935E-05
309 0.0001552693515 6.129053347E-05
309.2 0.0001390706806 4.090314136E-05
309.4 0.0001310272537 2.047300839E-05
309.6 0.0001229669465 4.098898216E-05
309.8 0.000131302521 2.051601891E-05
310 0.0001150105152 8.215036803E-05
310.2 0.0001069078947 0.0001233552632
310.4 9.87881981E-05 -2.093846261E-22
310.6 9.889240506E-05 5.942646279E-20
310.8 9.074709609E-05 4.124868004E-05
311 8.25845666E-05 2.064614165E-05
311.2 7.44047619E-05 -1.064698006E-20
311.4 6.620762712E-05 -4.137976695E-05
311.6 5.79931071E-05 2.071182397E-05
311.8 4.97611465E-05 6.220143312E-05
312 4.151168969E-05 6.226753454E-05
312.2 3.324468085E-05 4.155585106E-05
312.4 2.49600639E-05 2.080005325E-05
312.6 2.498667377E-05 4.164445629E-05
312.8 1.66755603E-05 4.168890075E-05
313 8.346688034E-06 4.173344017E-05
313.2 0 -1.127195151E-20
313.4 0 -4.182280514E-05
313.6 8.373526259E-06 -4.18676313E-05
313.8 1.676502146E-05 -2.095627682E-05
314 1.6783029E-05 -2.097878625E-05
314.2 2.52016129E-05 -4.200268817E-05
314.4 3.363832078E-05 -4.204790097E-05
314.6 4.209321121E-05 -0.000105233028
314.8 5.056634304E-05 -0.0001474851672
315 5.905777538E-05 -0.0001054603132
315.2 5.912162162E-05 -8.445945946E-05
315.4 5.918560606E-05 -0.0001056885823
315.6 6.771397616E-05 -0.0001058030878
315.8 8.473427332E-05 -4.236713666E-05
316 9.330890337E-05 2.304819854E-20
316.2 0.0001019021739 -2.122961957E-05
316.4 0.0001190152339 -2.125272035E-05
316.6 0.0001361655773 5.129569068E-20
316.8 0.0001363140676 2.129907306E-05
317 0.0001449918122 2.132232533E-05
317.2 0.0001536885246 2.134562842E-05
317.4 0.000162404267 6.027152023E-20
317.6 0.000179696057 -2.139238773E-05
317.8 0.0001970257675 2.14158443E-05
318 0.0001886663008 4.287870472E-05
318.2 0.0001802884615 4.292582418E-05
318.4 0.0001804867987 2.148652365E-05
318.6 0.0001806855727 2.151018722E-05
318.8 0.0001981119074 1.590193812E-20
319 0.000198330574 2.155767108E-05
319.2 0.0001985497238 0.0001294889503
319.4 0.0001901272124 6.481609513E-05
319.6 0.0001816860465 -2.162929125E-05
319.8 0.0001732261641 4.330654102E-05
320 0.000173418424 2.1677303E-05
320.2 0.0001822916667 -2.170138889E-05
320.4 0.000199874861 4.345105673E-05
320.6 0.0001913975501 8.699888641E-05
320.8 0.0001829013378 8.709587514E-05
321 0.0001831054688 8.719308036E-05
321.2 0.0001745810056 4.36452514E-05
321.4 0.0001747762864 4.369407159E-05
321.6 0.0001662234043 0.0001093575028
321.8 0.0001576513453 0.0001313761211
322 0.0001578282828 8.768237935E-05
322.2 0.0001667837079 -3.273663905E-20
322.4 0.0001669713161 -4.393982002E-05
322.6 0.0001759572072 2.19946509E-05
322.8 0.0001585400225 2.201944758E-05
323 0.0001587189616 2.204430023E-05
323.2 0.0001588983051 4.413841808E-05
323.4 0.0001590780543 -6.165884532E-20
323.6 0.0001504105323 2.211919592E-05
323.8 0.000141723356 2.214427438E-05
324 0.0001330164586 -2.216940976E-05
324.2 0.0001420454545 2.219460227E-05
324.4 0.0001333191126 6.665955631E-05
324.6 0.0001245728929 2.224515945E-05
324.8 0.0001158067275 5.402214882E-21
325 0.0001159389269 6.688784247E-05
325.2 0.0001160714286 0.0001116071429
325.4 0.0001072654462 8.938787185E-05
325.6 9.843928981E-05 2.237256586E-05
325.8 8.959288991E-05 -8.36995252E-21
326 8.072617681E-05 4.4847876E-05
326.2 7.183908046E-05 4.489942529E-05
326.4 6.293153049E-05 2.247554661E-05
326.6 5.400345622E-05 -2.250144009E-05
326.8 4.505478662E-05 -2.252739331E-05
327 3.608545035E-05 6.76602194E-05
327.2 2.709537572E-05 2.257947977E-05
327.4 1.808449074E-05 -9.04224537E-05
327.6 9.052723059E-06 -6.789542294E-05
327.8 0 -9.063225058E-05
328 0 -0.0001134218931
328.2 0 -0.0001135537791
328.4 0 -9.094877765E-05
328.6 0 -9.105477855E-05
328.8 0 -0.0001367415403
329 0 -0.0001140844042
329.2 0 -9.137426901E-05
329.4 0 -0.0001143515808
329.6 0 -0.0001373827667
329.8 0 -0.0001146200117
330 0 -0.0001147547004
330.2 0 -0.0001378676471
330.4 0 -0.0001380300353
330.6 0 -0.0001151606722
330.8 0 -9.223730815E-05
331 0 -0.0001616060875
331.2 0 -0.0001617973373
331.4 0 -2.314129147E-05
331.6 0 -4.091306394E-22
331.8 9.278503563E-06 -2.319625891E-05
332 1.857907253E-05 -4.644768133E-05
332.2 2.790178571E-05 -6.975446429E-05
332.4 3.724672229E-05 -1.104627515E-20
332.6 3.729116945E-05 2.330698091E-05
332.8 3.733572282E-05 -2.342493474E-20
333 3.738038278E-05 -1.350861104E-20
333.2 3.74251497E-05 -4.500335667E-20
333.4 3.747002398E-05 -4.683752998E-05
333.6 3.7515006E-05 -9.378751501E-05
333.8 3.756009615E-05 -7.042518029E-05
334 3.760529483E-05 -5.035654916E-20
334.2 3.765060241E-05 2.353162651E-05
334.4 3.76960193E-05 -4.712002413E-05
334.6 3.774154589E-05 -2.358846618E-05
334.8 3.778718259E-05 1.760173109E-21
335 3.783292978E-05 -7.093674334E-05
335.2 3.787878788E-05 -2.367424242E-05
335.4 3.792475728E-05 -2.37029733E-05
335.6 3.79708384E-05 -4.7463548E-05
335.8 3.801703163E-05 2.376064477E-05
336 3.806333739E-05 -4.757917174E-05
336.2 3.81097561E-05 -4.763719512E-05
336.4 3.815628816E-05 2.38476801E-05
336.6 3.820293399E-05 4.500501283E-20
336.8 4.78121175E-05 -4.78121175E-05
337 4.787071078E-05 -7.180606618E-05
337.2 3.834355828E-05 4.792944785E-05
337.4 3.839066339E-05 4.798832924E-05
337.6 3.843788438E-05 4.804735547E-05
337.8 3.848522167E-05 7.215979064E-05
338 3.853267571E-05 -2.408292232E-05
338.2 3.858024691E-05 2.411265432E-05
338.4 3.862793572E-05 0.0001207122991
338.6 3.867574257E-05 9.668935644E-05
338.8 2.904275093E-05 7.260687732E-05
339 2.907878412E-05 9.69292804E-05
339.2 1.940993789E-05 7.278726708E-05
339.4 9.717039801E-06 -2.775535242E-20
339.6 1.945828144E-05 2.432285181E-05
339.8 1.948254364E-05 6.848004223E-21
340 2.926029963E-05 -4.835600102E-20
340.2 3.90625E-05 7.32421875E-05
340.4 3.911138924E-05 7.333385482E-05
340.6 3.9160401E-05 2.447525063E-05
340.8 3.920953576E-05 -7.351787955E-05
341 3.925879397E-05 -2.453674623E-05
341.2 2.948113208E-05 -2.456761006E-05
341.4 1.967884131E-05 -7.379565491E-05
341.6 9.851828499E-06 -4.92591425E-05
341.8 0 -9.864267677E-05
342 0 -0.0001234592288
342.2 0 -9.889240506E-05
342.4 0 4.950887199E-05
342.6 0 7.435755076E-05
342.8 9.926937738E-06 1.652800284E-20
343 1.987913486E-05 -2.484891858E-05
343.2 1.99044586E-05 -4.97611465E-05
343.4 1.992984694E-05 2.491230867E-05
343.6 1.995530013E-05 -2.494412516E-05
343.8 1.998081841E-05 7.492806905E-05
344 2.000640205E-05 0.0001250400128
344.2 2.003205128E-05 -2.50400641E-05
344.4 2.005776637E-05 -2.507220796E-05
344.6 2.008354756E-05 -2.510443445E-05
344.8 2.010939511E-05 -3.352214088E-20
345 2.013530928E-05 7.550740979E-05
345.2 2.016129032E-05 2.52016129E-05
345.4 2.01873385E-05 -2.523417313E-05
345.6 2.021345408E-05 5.053363519E-05
345.8 2.023963731E-05 0.0001264977332
346 2.026588846E-05 0.0001519941634
346.2 2.029220779E-05 0.0001521915584
346.4 2.031859558E-05 0.0001269912224
346.6 3.051757812E-05 0.0001271565755
346.8 2.037157757E-05 0.0001018578879
347 2.039817232E-05 7.649314621E-05
347.2 2.04248366E-05 0.0001531862745
347.4 2.045157068E-05 5.11289267E-05
347.6 3.071756225E-05 -2.559796855E-05
347.8 4.101049869E-05 2.563156168E-05
348 5.13304862E-05 -2.56652431E-05
348.2 6.167763158E-05 -1.969112714E-20
348.4 7.205204216E-05 0.0001029314888
348.6 6.184036939E-05 0.0001546009235
348.8 6.192206077E-05 0.0001290042933
349 6.200396825E-05 0.0001550099206
349.2 6.208609272E-05 0.0001810844371
349.4 6.216843501E-05 0.0001554210875
349.6 6.225099602E-05 0.00015562749
349.8 5.194481383E-05 0.0001558344415
350 5.201398136E-05 0.0001040279627
350.2 5.208333333E-05 -1.472927205E-20
350.4 5.215287049E-05 -7.822930574E-05
350.6 4.177807487E-05 -2.611129679E-05
350.8 3.137550201E-05 2.614625167E-05
351 3.141756032E-05 -2.618130027E-05
351.2 3.145973154E-05 -2.621644295E-05
351.4 3.150201613E-05 -0.0001050067204
351.6 4.205921938E-05 -0.0001314350606
351.8 5.264487871E-05 -5.264487871E-05
352 5.271592443E-05 -7.907388664E-05
352.2 6.334459459E-05 -0.0001583614865
352.4 7.400202977E-05 -0.0002378636671
352.6 8.468834688E-05 -0.000132325542
352.8 9.54036635E-05 -7.950305292E-05
353 0.0001061480978 -0.0001326851223
353.2 0.0001169217687 -6.356691378E-20
353.4 0.0001277247956 -5.768746947E-20
353.6 0.000127899045 -7.993690314E-05
353.8 0.0001280737705 -1.628663241E-20
354 0.000128248974 -4.226304381E-20
354.2 0.0001177226027 -5.351027397E-05
354.4 0.0001071673525 -5.358367627E-05
354.6 0.0001180460165 -2.682864011E-05
354.8 0.0001074621733 -6.17226008E-20
355 9.684917355E-05 0.0001076101928
355.2 9.698275862E-05 8.081896552E-05
355.4 8.632596685E-05 -5.395372928E-05
355.6 7.563969571E-05 -2.701417704E-05
355.8 7.574445983E-05 2.70515928E-05
356 6.501386963E-05 5.417822469E-05
356.2 4.340277778E-05 -2.712673611E-05
356.4 5.432892907E-05 -5.432892907E-05
356.6 5.44045961E-05 -2.720229805E-05
356.8 3.268828452E-05 -8.17207113E-05
357 3.273393855E-05 -5.455656425E-05
357.2 3.277972028E-05 -1.076986106E-19
357.4 3.282563025E-05 -5.470938375E-05
357.6 4.382889201E-05 -0.000164358345
357.8 4.389044944E-05 -0.0001371576545
358 4.395218003E-05 -0.0001098804501
358.2 4.401408451E-05 -5.501760563E-05
358.4 4.407616361E-05 1.687593503E-20
358.6 4.413841808E-05 -2.75865113E-05
358.8 3.315063649E-05 -3.550055179E-21
359 2.213172805E-05 7.578381439E-20
359.2 2.216312057E-05 2.770390071E-05
359.4 2.219460227E-05 8.322975852E-05
359.6 2.222617354E-05 0.0001111308677
359.8 3.338675214E-05 5.608586509E-20
360 4.457917261E-05 2.786198288E-05
360.2 4.464285714E-05 5.580357143E-05
360.4 4.470672389E-05 -0.0001397085122
360.6 4.477077364E-05 -0.0001399086676
360.8 4.483500717E-05 -5.604375897E-05
361 4.489942529E-05 -8.418642241E-05
361.2 4.496402878E-05 -2.339720846E-20
361.4 4.502881844E-05 8.442903458E-05
361.6 4.509379509E-05 0.0001127344877
361.8 4.515895954E-05 0.000197570448
362 3.391823444E-05 0.0001695911722
362.2 3.39673913E-05 0.0001415307971
362.4 4.535558781E-05 8.504172714E-05
362.6 4.542151163E-05 8.76935603E-21
362.8 5.685953421E-05 2.84297671E-05
363 4.555393586E-05 -6.083476736E-20
363.2 3.421532847E-05 -2.851277372E-05
363.4 4.56871345E-05 -2.42077763E-20
363.6 3.431551977E-05 -0.0001429813324
363.8 1.145527859E-05 -0.0002004673754
364 3.441629956E-05 -0.0001147209985
364.2 3.446691176E-05 -2.872242647E-05
364.4 5.752945508E-05 -4.099178628E-20
364.6 5.761430678E-05 8.642146018E-05
364.8 4.615952733E-05 0.0002019479321
365 3.467085799E-05 0.0001155695266
365.2 3.472222222E-05 -5.787037037E-05
365.4 4.636498516E-05 -0.0001159124629
365.6 5.80423477E-05 5.80423477E-05
365.8 5.812872024E-05 2.906436012E-05
366 6.985842027E-05 -0.0001164307004
366.2 8.162313433E-05 -2.91511194E-05
366.4 9.342301943E-05 -6.864418121E-20
366.6 9.356287425E-05 -8.771519461E-05
366.8 0.000105416042 -8.784670165E-05
367 0.0001173048048 -5.86524024E-05
367.2 0.0001292293233 -4.005127698E-21
367.4 0.000141189759 2.941453313E-05
367.6 0.0001531862745 -2.945889894E-05
367.8 0.0001652190332 2.950339879E-05
368 0.0001772881997 5.909606657E-05
368.2 0.0001893939394 3.65531247E-20
368.4 0.0002015364188 -1.216557584E-20
368.6 0.0002137158055 5.777178418E-21
368.8 0.0002259322679 4.394885325E-20
369 0.0002262766768 8.659957383E-22
369.2 0.0002504770992 2.981870229E-05
369.4 0.0002628058104 0.0001194571865
369.6 0.0002751722818 0.0001196401225
369.8 0.0002875766871 -2.995590491E-05
370 0.0003000192012 -9.000576037E-05
370.2 0.0003125 -3.004807692E-05
370.4 0.0003250192604 9.028312789E-05
370.6 0.0003255208333 9.04224537E-05
370.8 0.0003501738794 -6.03748068E-05
371 0.0003507159443 -9.070239938E-05
371.2 0.0003512596899 -2.327383355E-20
371.4 0.0003518051242 -1.678247203E-20
371.6 0.0003523522551 -3.03751944E-05
371.8 0.0003529010903 -6.084501558E-05
372 0.0003534516381 -6.09399376E-05
372.2 0.0003540039063 5.156046275E-20
372.4 0.000354557903 -6.113067293E-05
372.6 0.0003551136364 -0.0001224529781
372.8 0.0003556711146 6.263396028E-20
373 0.0003562303459 6.141902516E-05
373.2 0.0003567913386 3.075787402E-05
373.4 0.0003573541009 6.161277603E-05
373.6 0.0003455766193 -1.698156009E-20
373.8 0.0003461234177 -0.0001236155063
374 0.0003342908082 -9.285855784E-05
374.2 0.0003348214286 -6.088513777E-20
374.4 0.0003229332273 -1.844795323E-20
374.6 0.0003110071656 -1.052330255E-19
374.8 0.0002990430622 -9.119995204E-20
375 0.0002995207668 -9.360023962E-05
375.2 0.0003 -6.25E-05
375.4 0.0003004807692 -3.130008013E-05
375.6 0.0002884229535 -0.0001254012841
375.8 0.0002763263666 -9.420217042E-05
376 0.0002641908213 -0.000125805153
376.2 0.000252016129 -0.0001260080645
376.4 0.0002398021002 -0.0001262116317
376.6 0.0002275485437 -0.000158019822
376.8 0.0002152552674 -0.0001266207455
377 0.0002029220779 -0.0001585328734
377.2 0.0001905487805 -6.351626016E-05
377.4 0.0001781351792 3.180985342E-05
377.6 0.0001784257749 -0.0001274469821
377.8 0.0001787173203 -9.574142157E-05
378 0.0001662234043 9.589811784E-05
378.2 0.0001408811475 6.403688525E-05
378.4 0.000115455665 6.414203612E-05
378.6 0.0001027960526 9.880050989E-21
378.8 9.009472817E-05 -3.217668863E-05
379 7.735148515E-05 3.222978548E-05
379.2 6.45661157E-05 3.228305785E-05
379.4 5.17384106E-05 -4.413984688E-20
379.6 5.182421227E-05 -6.699259723E-20
379.8 3.893272425E-05 -9.230207688E-20
380 6.499584027E-05 1.965623819E-20
380.2 7.8125E-05 -5.889151225E-21
380.4 9.129799666E-05 -9.781928214E-05
380.6 7.838628763E-05 -6.532190635E-05
380.8 6.543132328E-05 -3.271566164E-05
381 3.932466443E-05 -2.659926503E-20
381.2 5.25210084E-05 6.56512605E-05
381.4 5.260942761E-05 6.576178451E-05
381.6 5.269814503E-05 3.293634064E-05
381.8 5.278716216E-05 3.299197635E-05
382 5.287648054E-05 2.540843142E-20
382.2 5.296610169E-05 -6.620762712E-05
382.4 6.632003396E-05 3.316001698E-05
382.6 6.643282313E-05 0.0001328656463
382.8 5.323679727E-05 3.32729983E-05
383 5.332764505E-05 5.119906432E-20
383.2 6.677350427E-05 -3.338675214E-05
383.4 5.351027397E-05 4.699554983E-20
383.6 5.360205832E-05 0.0001340051458
383.8 5.369415808E-05 0.0001006765464
384 5.378657487E-05 0.0001008498279
384.2 5.387931034E-05 0.0001010237069
384.4 6.746545769E-05 0.0001349309154
384.6 6.758217993E-05 0.0001689554498
384.8 6.769930676E-05 0.0001692482669
385 6.781684028E-05 0.0001356336806
385.2 5.434782609E-05 6.793478261E-05
385.4 4.083188153E-05 3.402656794E-05
385.6 2.726876091E-05 0.0001022578534
385.8 1.365821678E-05 0.0002048732517
386 0 0.0001710267075
386.2 0 -6.853070175E-05
386.4 0 -0.0002059534271
386.6 0 -6.877200704E-05
386.8 0 -3.444664903E-05
387 0 -6.901501767E-05
387.2 0 -3.456858407E-05
387.4 0 8.8402047E-20
387.6 0 -6.938277087E-05
387.8 0 -0.0001042593416
388 0 -6.963012478E-05
388.2 0 -3.487723214E-05
388.4 0 -6.045836451E-20
388.6 0 1.485833633E-20
388.8 0 2.813817002E-20
389 0 -5.527481737E-20
389.2 0 -1.222491022E-19
389.4 0 -3.52549639E-05
389.6 0 -3.531871609E-05
389.8 1.415307971E-05 2.015152087E-20
390 2.835753176E-05 -3.460524707E-20
390.2 4.261363636E-05 5.657976305E-20
390.4 5.692167577E-05 1.700989894E-20
390.6 7.128193431E-05 -1.055584501E-19
390.8 8.569469835E-05 -1.886808975E-20
391 0.0001001602564 3.577152015E-05
391.2 0.0001003440367 5.978884112E-20
391.4 0.0001005284926 6.484948133E-20
391.6 0.000100713628 5.756020322E-20
391.8 0.0001008994465 9.688700143E-20
392 0.0001010859519 3.610212569E-05
392.2 0.0001012731481 -3.616898148E-05
392.4 0.000101461039 -7.247217069E-05
392.6 0.0001016496283 -7.260687732E-05
392.8 0.0001018389199 -7.274208566E-05
393 0.0001020289179 -3.643889925E-05
393.2 0.0001022196262 0.000109521028
393.4 8.778089888E-05 0.0001097261236
393.6 7.32879925E-05 -7.32879925E-05
393.8 5.87406015E-05 -0.0001835643797
394 4.413841808E-05 -0.0001471280603
394.2 2.948113208E-05 -0.0001474056604
394.4 1.4768431E-05 -3.69210775E-05
394.6 0 3.130871394E-20
394.8 0 1.710059684E-20
395 0 7.426330798E-05
395.2 0 -3.720238095E-05
395.4 0 -1.510398977E-20
395.6 0 3.734464627E-05
395.8 0 -7.483237548E-05
396 0 -3.748800384E-05
396.2 0 3.756009615E-05
396.4 0 0.0001128973988
396.6 0 0.0001508204633
396.8 0 7.555609284E-05
397 0 7.570251938E-05
397.2 0 0.0001137742718
397.4 0 0.0001519941634
397.6 0 0.0001903630604
397.8 0 0.000114440918
398 0 7.644324853E-05
398.2 0 7.659313725E-05
398.4 0 -0.0001151154224
398.6 0 -7.689468504E-05
398.8 1.540927022E-05 7.704635108E-05
399 0 3.85993083E-05
399.2 0 3.867574257E-05
399.4 0 7.750496032E-05
399.6 0 7.765904573E-05
399.8 0 3.890687251E-05
400 0 3.344796283E-20
400.2 0 -3.90625E-05
400.4 0 -0.0001565631263
400.6 0 -0.00015687751
400.8 0 -3.929828974E-05
401 0 -3.937752016E-05
401.2 0 -3.945707071E-05
401.4 0 -7.907388664E-05
401.6 0 -7.923427992E-05
401.8 0 3.96976626E-05
402 0 -3.662516285E-20
402.2 0 -7.971938776E-05
402.4 0 -7.988241309E-05
402.6 0 -8.004610656E-05
402.8 0 -4.010523614E-05
403 0 1.152615068E-19
403.2 0 -4.027061856E-05
403.4 0 -8.070764463E-05
403.6 0 1.189551993E-20
403.8 0 1.041826508E-19
404 0 -8.121101871E-05
404.2 0 -0.0001220703125
404.4 0 -8.155010438E-05
404.6 0 3.899567753E-20
404.8 0 -4.094601677E-05
405 0 -4.103203782E-05
405.2 0 -4.111842105E-05
405.4 0 -8.241033755E-05
405.6 0 -8.25845666E-05
405.8 1.655190678E-05 -4.137976695E-05
406 1.658704883E-05 -4.146762208E-05
406.2 1.662234043E-05 -0.0001246675532
406.4 0 -8.328891258E-05
406.6 1.669337607E-05 4.173344017E-05
406.8 1.672912206E-05 4.182280514E-05
407 1.676502146E-05 7.946440804E-20
407.2 1.680107527E-05 8.400537634E-05
407.4 1.683728448E-05 0.0001683728448
407.6 1.687365011E-05 8.436825054E-05
407.8 1.691017316E-05 8.45508658E-05
408 1.694685466E-05 0.0001694685466
408.2 0 8.491847826E-05
408.4 0 -1.669778716E-19
408.6 0 5.889688811E-21
408.8 0 -4.273796499E-05
409 0 -0.0001284950658
409.2 0 -4.292582418E-05
409.4 1.720814978E-05 -1.79681196E-19
409.6 1.724613687E-05 -8.623068433E-05
409.8 1.728429204E-05 -4.321073009E-05
410 1.732261641E-05 -4.330654102E-05
410.2 3.472222222E-05 -4.340277778E-05
410.4 3.479955457E-05 -4.349944321E-05
410.6 3.487723214E-05 -4.359654018E-05
410.8 3.495525727E-05 4.369407159E-05
411 3.503363229E-05 0.0001313761211
411.2 3.511235955E-05 8.778089888E-05
411.4 3.519144144E-05 -1.050715814E-19
411.6 3.527088036E-05 4.408860045E-05
411.8 3.535067873E-05 4.418834842E-05
412 3.5430839E-05 8.857709751E-05
412.2 3.551136364E-05 0.0001775568182
412.4 3.559225513E-05 0.0001334709567
412.6 3.567351598E-05 8.918378995E-05
412.8 3.575514874E-05 8.938787185E-05
413 1.791857798E-05 -4.813341416E-20
413.2 1.795977011E-05 -4.489942529E-05
413.4 0 -9.000576037E-05
413.6 0 -9.021362587E-05
413.8 0 -4.521122685E-05
414 0 -0.0002265806265
414.2 0 -0.0002271075581
414.4 0 -1.153358132E-19
414.6 0 2.815449986E-21
414.8 0 -4.574063232E-05
415 0 -4.584800469E-05
415.2 0 -0.0001378676471
415.4 0 -9.212853774E-05
415.6 0 4.617316785E-05
415.8 0 4.628258294E-05
416 0 0.0001391775534
416.2 0 0.0001395089286
416.4 0 -4.661396181E-05
416.6 0 2.271025123E-20
416.8 0 9.367505995E-05
417 0 4.695012019E-05
417.2 1.88253012E-05 2.929207894E-21
417.4 1.887077295E-05 -1.849170772E-20
417.6 1.891646489E-05 -8.158791117E-20
417.8 0 4.74059466E-05
418 0 -4.752128954E-05
418.2 0 -9.527439024E-05
418.4 0 -9.550733496E-05
418.6 1.914828431E-05 -0.0001914828431
418.8 1.91953317E-05 -9.597665848E-05
419 0 -9.621305419E-05
419.2 0 -0.0001446759259
419.4 0 -1.376659901E-19
419.6 0 -1.124483703E-19
419.8 0 -7.978659062E-20
420 0 9.74127182E-05
420.2 1.953125E-05 4.8828125E-05
420.4 1.95802005E-05 -5.224121733E-20
420.6 1.962939698E-05 -2.830151966E-20
420.8 0 4.919710327E-05
421 1.972853535E-05 4.932133838E-05
421.2 1.977848101E-05 -4.944620253E-05
421.4 1.98286802E-05 -4.957170051E-05
421.6 1.987913486E-05 4.969783715E-05
421.8 1.992984694E-05 -2.863001955E-20
422 1.998081841E-05 -0.0002497602302
422.2 2.003205128E-05 -0.000250400641
422.4 4.016709512E-05 -3.42046004E-20
422.6 4.027061856E-05 0.0001510148196
422.8 2.01873385E-05 5.046834625E-05
423 2.023963731E-05 5.059909326E-05
423.2 2.029220779E-05 0.0001521915584
423.4 2.034505208E-05 5.086263021E-05
423.6 2.039817232E-05 -1.465689041E-19
423.8 2.045157068E-05 -0.0001022578534
424 2.050524934E-05 -5.126312336E-05
424.2 2.055921053E-05 0.0001541940789
424.4 0 -6.851005145E-20
424.6 2.066798942E-05 -5.166997354E-05
424.8 4.144562334E-05 0.0002590351459
425 2.077792553E-05 0.0001558344415
425.2 2.083333333E-05 -1.140611586E-19
425.4 2.088903743E-05 0.0001566677807
425.6 4.189008043E-05 0.0002094504021
425.8 6.300403226E-05 0.0003150201613
426 6.317385445E-05 0.0003158692722
426.2 4.222972973E-05 0.0001055743243
426.4 4.234417344E-05 -5.29302168E-05
426.6 6.36888587E-05 -5.307404891E-05
426.8 6.386239782E-05 -5.321866485E-05
427 6.403688525E-05 -0.0001600922131
427.2 8.561643836E-05 -0.0003210616438
427.4 0.0001073145604 -0.0003756009615
427.6 0.00015065427 -0.0001076101928
427.8 0.000151070442 5.395372928E-05
428 0.0001731301939 -5.41031856E-05
428.2 0.0001736111111 -0.0001627604167
428.4 0.0002176183844 -0.0002176183844
428.6 0.000218226257 -0.0001091131285
428.8 0.000218837535 9.235817538E-20
429 0.0001975070225 -0.0001645891854
429.2 0.0002200704225 -0.0002200704225
429.4 0.0002427612994 -5.51730226E-05
429.6 0.0002434490085 -3.205078023E-20
429.8 0.000244140625 5.548650568E-05
430 0.0002448361823 5.564458689E-05
430.2 0.0002901785714 5.580357143E-05
430.4 0.0002910100287 0.0001119269341
430.6 0.0002918462644 5.612428161E-05
430.8 0.0002926873199 -6.711458834E-20
431 0.000293533237 -4.58241319E-20
431.2 0.000294384058 0.0001698369565
431.4 0.0002725290698 0.0002271075581
431.6 0.0002961005831 0.0001138848397
431.8 0.0003198099415 0.0001713267544
432 0.0003436583578 0.0002863819648
432.2 0.0002987132353 0.0002872242647
432.4 0.0002995943953 0.0001728429204
432.6 0.0003235946746 0.0002311390533
432.8 0.0003245548961 0.0002897811573
433 0.0003255208333 0.000232514881
433.2 0.0003031716418 0.000291511194
433.4 0.0002806886228 0.0002339071856
433.6 0.0002815315315 5.86524024E-05
433.8 0.0003059111446 0.0001176581325
434 0.0003068353474 0.0002360271903
434.2 0.0003077651515 5.918560606E-05
434.4 0.0003561930091 -0.000118731003
434.6 0.0004049161585 -5.95464939E-05
434.8 0.0004300458716 -1.239595928E-19
435 0.0004313650307 4.849456519E-20
435.2 0.0004567307692 6.009615385E-05
435.4 0.0005063657407 1.999475005E-20
435.6 0.000532120743 -6.046826625E-05
435.8 0.0005337732919 6.06560559E-05
436 0.0005354361371 6.084501558E-05
436.2 0.0005615234375 2.989960455E-20
436.4 0.0005632836991 8.803091005E-21
436.6 0.0005896226415 0.0001842570755
436.8 0.000542192429 0.0002464511041
437 0.0004944620253 0.0001854232595
437.2 0.0004464285714 0.0001240079365
437.4 0.000398089172 -6.220143312E-05
437.6 0.0003744009585 1.611209692E-19
437.8 0.0003255208333 0.0001252003205
438 0.0002763263666 6.280144695E-05
438.2 0.0002268145161 -4.432050002E-20
438.4 0.0002022653722 6.32079288E-05
438.6 0.0001521915584 1.13122319E-19
438.8 0.0001272394137 -6.361970684E-05
439 0.0001276552288 5.884801671E-20
439.2 0.0001024590164 -6.403688525E-05
439.4 0.0001027960526 -0.0001284950658
439.6 0.0001289191419 -6.445957096E-05
439.8 0.0001552152318 -1.176045488E-19
440 0.0001816860465 -6.488787375E-05
440.2 0.0002083333333 -2.59037389E-20
440.4 0.0002090301003 6.532190635E-05
440.6 0.0002359479866 -6.554110738E-05
440.8 0.000263047138 -0.000131523569
441 0.0002903293919 -0.0001319679054
441.2 0.0003177966102 -0.0001324152542
441.4 0.000318877551 -0.0001328656463
441.6 0.0003199658703 -0.0001333191126
441.8 0.0003210616438 -6.688784247E-05
442 0.0002953178694 -3.337209788E-20
442.2 0.0002693965517 2.650234587E-20
442.4 0.0002432958478 1.474104076E-19
442.6 0.0002170138889 8.752929906E-20
442.8 0.0001905487805 -7.461167076E-21
443 0.0001638986014 -1.805443148E-19
443.2 0.0001370614035 -3.204593601E-20
443.4 0.0001100352113 -6.877200704E-05
443.6 0.0001104240283 -6.901501767E-05
443.8 8.311170213E-05 -2.58394232E-23
444 5.560498221E-05 1.768078675E-20
444.2 2.790178571E-05 -5.385582221E-20
444.4 0 -4.493856948E-21
444.6 0 -9.48358125E-20
444.8 0 -1.167590118E-19
445 0 2.059328925E-19
445.2 0 -4.270148866E-21
445.4 0 -6.762922842E-21
445.6 0 8.061148091E-20
445.8 0 7.180606618E-05
446 0 7.207103321E-05
446.2 0 7.578463274E-20
446.4 0 9.299620163E-20
446.6 0 1.715369076E-19
446.8 0 1.265846104E-19
447 0 -8.528622932E-22
447.2 0 -4.071009714E-20
447.4 0 2.016166759E-20
447.6 0 7.426330798E-05
447.8 0 7.454675573E-05
448 0 2.144183362E-19
448.2 0 3.745422736E-19
448.4 0 3.192155448E-19
448.6 0 3.147124855E-19
448.8 0 1.758009983E-19
449 0 4.985818961E-19
449.2 0 1.719050309E-19
449.4 0 3.745056072E-20
449.6 0 2.368149118E-19
449.8 0 2.399605533E-19
450 0 2.727284247E-19
450.2 0 2.111855654E-19
450.4 0 -4.189224798E-20
450.6 0 -7.697016394E-20
450.8 0 -4.363676355E-20
451 0 -1.144487036E-19
451.2 0 -1.0924085E-19
451.4 0 -7.762090172E-21
451.6 0 -6.018467916E-20
451.8 0 -1.325305892E-19
452 0 2.024279032E-19
452.2 0 1.822881099E-19
452.4 0 1.21266482E-19
452.6 0 2.816329165E-20
452.8 0 9.492576066E-20
453 0 1.363605168E-19
453.2 0 5.64540412E-20
453.4 0 8.38951058E-20
453.6 0 1.005484619E-19
453.8 0 8.947889142E-20
454 0 5.40955586E-20
454.2 0 -1.926205032E-19
454.4 0 -5.913582896E-20
454.6 0 6.36904915E-20
454.8 0 -4.017921777E-20
455 0 4.086163306E-22
455.2 0 3.319368849E-20
455.4 0 -1.748294994E-19
455.6 0 -1.129975276E-19
455.8 0 2.3602795E-19
456 0 1.090703516E-19
456.2 0 -7.112806308E-20
456.4 0 -1.952700334E-19
456.6 0 -5.966968356E-20
456.8 0 2.767351903E-19
457 0 -3.978993292E-20
457.2 0 -1.760864936E-19
457.4 0 -5.699193091E-20
457.6 0 -2.321929814E-19
457.8 0 -2.026246937E-19
458 0 -6.559804125E-20
458.2 0 -6.826634879E-21
458.4 0 1.417796184E-19
458.6 0 -2.004523475E-19
458.8 0 -1.411892839E-20
459 0 4.973546874E-20
459.2 0 8.411473653E-20
459.4 0 -3.801216935E-20
459.6 0 2.313493849E-19
459.8 0 1.162406061E-19
460 0 2.195606543E-19
460.2 0 1.282424681E-20
460.4 0 -5.475841331E-20
460.6 0 8.557746398E-23
460.8 0 1.548774291E-19
461 0 2.098662141E-19
461.2 0 9.93399879E-20
461.4 0 2.344181783E-20
461.6 0 7.682643398E-21
461.8 0 -2.912135048E-21
462 0 3.119329606E-21
462.2 0 -1.457656658E-19
462.4 0 1.509816419E-20
462.6 0 1.236420533E-20
462.8 0 -9.981294674E-20
463 0 -1.554873915E-19
463.2 0 0.0001055743243
463.4 0 0.0002122961957
463.6 0 0.0001067281421
463.8 0 -0.0001073145604
464 0 -0.0002158149171
464.2 0 -0.0001085069444
464.4 0 1.454384349E-19
464.6 0 -1.399020404E-19
464.8 0 -9.784777659E-20
465 0 0.0001109730114
465.2 0 0.0002232142857
465.4 0 0.0001122485632
465.6 0 -0.0001128973988
465.8 0 -0.0001135537791
466 0 0.0001142178363
466.2 0 2.599395959E-21
466.4 0 -0.0001155695266
466.6 0 -1.952343408E-20
466.8 0 -0.0001169535928
467 0 5.702609092E-20
467.2 0 0.0001183712121
467.4 0 -0.0001190929878
467.6 0 -0.0001198236196
467.8 0 -1.182270092E-19
468 0 -1.929391489E-19
468.2 0 -2.649195674E-19
468.4 0 -5.144274528E-20
468.6 0 -1.713976234E-19
468.8 0 -2.043450181E-19
469 0 8.654781854E-21
469.2 0 -1.477859171E-19
469.4 0 1.091127274E-19
469.6 0 1.725080213E-20
469.8 0 1.030607562E-19
470 0 5.906261814E-20
470.2 0 0.0001302083333
470.4 0 0.0001310822148
470.6 0 3.711633593E-19
470.8 0 -0.0001328656463
471 0 -0.0001337756849
471.2 0 -4.783948398E-20
471.4 0 -9.415052141E-20
471.6 0 -1.501727937E-19
471.8 0 1.738552309E-20
472 0 0.0001385195035
472.2 0 0.0001395089286
472.4 0 4.166192767E-19
472.6 0 -0.0001415307971
472.8 0 -5.383114217E-20
473 0 0.0001436121324
473.2 0 -0.0001446759259
473.4 0 -7.490452106E-20
473.6 0 3.196283369E-20
473.8 0 -0.0001479640152
474 0 0.0001490935115
474.2 0 0.0001502403846
474.4 0 0.0001514050388
474.6 0 0.0001525878906
474.8 0 -4.188034747E-20
475 0 5.145659592E-19
475.2 0 4.76001838E-20
475.4 0 -0.0001575100806
475.6 0 -0.0001587906504
475.8 0 0.0001600922131
476 0 0.0001614152893
476.2 0 -9.652852381E-21
476.4 0 -2.224675167E-20
476.6 0 -3.681919072E-19
476.8 0 -3.06714959E-19
477 0 -3.048215425E-19
477.2 0 1.238353846E-19
477.4 0 -4.527599037E-20
477.6 0 -8.411651209E-20
477.8 0 -6.723345063E-20
478 0 -1.656960485E-19
478.2 0 1.319098374E-19
478.4 0 -0.0001791857798
478.6 0 -0.0001808449074
478.8 0 0.0001825350467
479 0 0.0001842570755
479.2 0 -3.352943096E-19
479.4 0 -3.115773927E-19
479.6 0 -1.747968863E-19
479.8 0 -1.071043676E-19
480 0 -2.15389693E-19
480.2 0 -1.522836317E-19
480.4 0 -4.257533951E-19
480.6 0 -1.959539482E-19
480.8 0 1.000456672E-19
481 0 -2.642481507E-20
481.2 0 0.0002055921053
481.4 0 0.0002077792553
481.6 0 3.029939738E-19
481.8 0 1.775416516E-19
482 0 -4.101862032E-21
482.2 0 2.000485931E-19
482.4 0 -0.0002194522472
482.6 0 1.000467444E-19
482.8 0 0.0002244971264
483 0 -0.0002271075581
483.2 0 -0.0004595588235
483.4 0 -0.000232514881
483.6 0 0.0002353162651
483.8 0 0.0002381859756
484 0 -0.0002411265432
484.2 0 1.894974225E-19
484.4 0 0.0002472310127
484.6 0 -0.000250400641
484.8 0 -0.0002536525974
485 0 -4.941275954E-19
485.2 0 -3.431613385E-19
485.4 0 -0.0002639358108
485.6 0 -9.700328981E-20
485.8 0 0.0002712673611
486 0 4.541885111E-19
486.2 0 -1.041564584E-19
486.4 0 2.464069387E-19
486.6 0 2.835820916E-20
486.8 0 7.639849541E-19
487 0 3.855142662E-19
487.2 0 -4.22892627E-19
487.4 0 -4.004850958E-19
487.6 0 -1.661720545E-19
487.8 0 3.086888146E-19
488 0 -1.860023808E-19
488.2 0 -5.918878233E-19
488.4 0 2.6855913E-19
488.6 0 5.442469682E-19
488.8 0 7.878579647E-19
489 0 -1.131581943E-19
489.2 0 -4.757168543E-20
489.4 0 -8.279286794E-20
489.6 0 1.945124537E-19
489.8 0 -1.433601501E-19
490 0 -0.0003829656863
490.2 0 -0.000390625
490.4 0 7.52265518E-19
490.6 0 0.0008138020833
490.8 0 0.0004155585106
491 0 -0.0008491847826
491.2 0 4.255689653E-19
491.4 0 6.860915398E-19
491.6 0 -0.0004542151163
491.8 0 -6.854724945E-19
492 0 -1.356178381E-19
492.2 0 -5.404220648E-19
492.4 0 3.506362837E-19
492.6 0 1.854752733E-18
492.8 0 3.150654131E-19
493 0 0.0005425347222
493.2 0 0.0005580357143
493.4 0 3.748435572E-19
493.6 0 7.712277234E-20
493.8 0 1.048572095E-18
494 0 1.851419327E-18
494.2 0 2.502514969E-18
494.4 0 5.804132322E-19
494.6 0 1.026739943E-18
494.8 0 8.705431677E-19
495 0 1.129392646E-18
495.2 0 8.760160879E-19
495.4 0 9.367899484E-19
495.6 0 -0.0008491847826
495.8 0 -0.0008877840909
496 0 3.944314635E-19
496.2 0 -3.747705277E-19
496.4 0 9.225157575E-19
496.6 0 -6.893156847E-19
496.8 0 1.602018991E-18
497 0 2.261637143E-18
497.2 0 2.366937847E-18
497.4 0 2.19854114E-19
497.6 0 1.917245952E-18
497.8 0 1.827284426E-18
498 0 -8.45014865E-19
498.2 0 7.576658258E-19
498.4 0 2.894113859E-18
498.6 0 4.42983465E-19
498.8 0 6.500776924E-19
499 0 1.701148609E-18
499.2 0 3.83066314E-18
499.4 0 -6.813114658E-18
499.6 0 -1.372936845E-17
499.8 0 -6.45170157E-18
500 0 2.200060506E-17
