0 0.007318947421 -0.0001171406437
0.2 0.006421875 0.0014375
0.4 0.005983643457 0.0004845688275
0.6 0.005648268615 0.0003518439752
0.8 0.005390844013 0.0002268347016
1 0.005136343149 0.0002269255809
1.2 0.004912950902 0.0003209544088
1.4 0.004654921812 0.0003367456897
1.6 0.004443692339 0.0002742052748
1.8 0.004241698435 0.0001802643459
2 0.00407404155 7.840726616E-05
2.2 0.00390625 7.059487952E-05
2.4 0.003725768381 6.277621535E-05
2.6 0.003585962621 9.420217042E-05
2.8 0.003433479091 0.0001884800965
3 0.003306013677 0.0002514078842
3.2 0.003162726358 0.000149333501
3.4 0.003009888285 4.717693237E-05
3.6 0.002878951873 3.932994362E-05
3.8 0.002751057615 -2.360747381E-05
4 0.002641953849 2.361698912E-05
4.2 0.002542212702 4.725302419E-05
4.4 0.002442391085 3.93934046E-05
4.6 0.002336183414 -2.364558111E-05
4.8 0.002242506056 -5.602659591E-21
5 0.002145597738 7.099404281E-05
5.2 0.002032828283 4.734848485E-05
5.4 0.001919967664 -6.315683104E-05
5.6 0.001822811363 -5.528457339E-05
5.8 0.001750859628 -2.37029733E-05
6 0.001678849656 7.904188588E-06
6.2 0.001600455466 1.581477733E-05
6.4 0.001534654719 -0.0001344800527
6.6 0.00146563513 -0.0001028793558
6.8 0.001396559587 -8.708704905E-05
7 0.001324259935 -9.504257908E-05
7.2 0.001261409736 -7.923427992E-06
7.4 0.001182655235 -7.926643669E-06
7.6 0.001119696508 4.757917174E-05
7.8 0.001066206336 4.759849716E-05
8 0.001015847217 -7.142675742E-05
8.2 0.0009749745935 -7.145579268E-05
8.4 0.0009213603091 -3.971380643E-05
8.6 0.0008867727828 -7.945992677E-05
8.8 0.0008553367928 -7.949226699E-05
9 0.0008302371743 -7.15721702E-05
9.2 0.0007892057026 -5.568991853E-05
9.4 0.0007704258354 -3.183577832E-05
9.6 0.000745260905 -2.388656747E-05
9.8 0.0007168892741 -5.575805465E-05
10 0.00070124439 -0.0001035929213
10.2 0.0006919642857 -4.783163265E-05
10.4 0.0006635361372 1.259411844E-20
10.6 0.0006414675245 -1.595690359E-05
10.8 0.0006257662444 -3.99085615E-05
11 0.0006004701554 -5.589482829E-05
11.2 0.0005783486708 1.597648262E-05
11.4 0.0005562090835 1.769426971E-21
11.6 0.0005340513713 -9.593737208E-05
11.8 0.0005214731777 -8.79786036E-05
12 0.0005024836133 -6.401065137E-05
12.2 0.0004866803279 -5.603227459E-05
12.4 0.0004708640836 -2.402367774E-05
12.6 0.0004678527482 2.403353158E-05
12.8 0.0004616331555 8.014464506E-06
13 0.0004586155583 -6.414203612E-05
13.2 0.0004459702259 -5.61473306E-05
13.4 0.0004365242399 2.407302794E-05
13.6 0.0004206483765 8.027640773E-06
13.8 0.0004047594572 -3.212376645E-05
14 0.0003952848622 -8.837669683E-05
14.2 0.0003825874486 -0.0001527134774
14.4 0.0003763122684 -0.0001206129065
14.6 0.0003635965815 -8.848589374E-05
14.8 0.0003508704162 -0.0001126648125
15 0.0003413540808 -0.0001127112531
15.2 0.0003318298969 -5.637886598E-05
15.4 0.0003158518977 -3.222978548E-05
15.6 0.0003127579447 -5.642540239E-05
15.8 0.0003096614368 -0.0001451537985
16 0.0002968814539 -0.0001371463238
16.2 0.0002840909091 -8.070764463E-05
16.4 0.0002809787102 -4.844460521E-05
16.6 0.0002810949132 -8.077440033E-06
16.8 0.0002747465867 -4.848469177E-05
17 0.0002716266556 -4.042063328E-05
17.2 0.0002620341615 -1.617494824E-05
17.4 0.00025243372 2.427247307E-05
17.6 0.0002428253212 4.856506424E-05
17.8 0.0002332089552 8.097533167E-06
18 0.0002171038988 2.833945289E-20
18.2 0.0002009854772 -2.431275934E-05
18.4 0.0001913397675 -4.864570361E-05
18.6 0.0001849304402 -8.110984219E-05
18.8 0.0001850072705 -7.302918571E-05
19 0.000181837074 -4.87063591E-05
19.2 0.0001786642412 -4.872661123E-05
19.4 0.0001689891847 -3.249792013E-05
19.6 0.0001593060757 -9.850952603E-22
19.8 0.0001496149042 1.499354412E-20
20 0.0001464233653 -3.253852561E-05
20.2 0.0001399739583 -4.069010417E-05
20.4 0.0001400323051 -1.301584934E-21
20.6 0.0001303169308 -8.144808173E-06
20.8 0.000127112015 -8.148206091E-06
21 0.0001173831386 4.075803422E-05
21.2 0.0001206941545 4.077505219E-05
21.4 0.0001011643693 2.447525063E-05
21.6 9.794191392E-05 1.632365232E-05
21.8 9.14506689E-05 3.266095318E-05
22 7.51516102E-05 -4.084326642E-05
22.2 7.191422594E-05 -3.268828452E-05
22.4 5.886354123E-05 1.635098368E-05
22.6 4.58019263E-05 1.635783082E-05
22.8 3.600230415E-05 5.727639296E-05
23 3.929170159E-05 1.637154233E-05
23.2 4.585953878E-05 2.456761006E-05
23.4 4.915583054E-05 5.734846896E-05
23.6 4.917645825E-05 4.098038187E-05
23.8 4.919710327E-05 2.459855164E-05
24 4.265539689E-05 2.460888282E-05
24.2 4.267331933E-05 1.641281513E-05
24.4 3.9407314E-05 -1.641971417E-05
24.6 4.270920942E-05 1.098380029E-20
24.8 4.601388305E-05 1.643352966E-05
25 5.260942761E-05 -1.644044613E-05
25.2 5.592105263E-05 -4.111842105E-05
25.4 5.265374895E-05 5.759003791E-05
25.6 5.267593763E-05 5.761430678E-05
25.8 5.269814503E-05 1.646817032E-05
26 5.601539435E-05 4.118778996E-05
26.2 5.603902954E-05 8.241033755E-06
26.4 5.606268468E-05 -3.297804981E-05
26.6 5.60863598E-05 -4.948796453E-05
26.8 5.941064639E-05 -4.950887199E-05
27 6.273774303E-05 -4.127483094E-05
27.2 6.606765328E-05 -8.25845666E-06
27.4 6.609560068E-05 -1.652390017E-05
27.6 7.27359289E-05 -1.653089293E-05
27.8 7.607430144E-05 -8.268945809E-06
28 8.272448115E-05 -4.963468869E-05
28.2 8.27595339E-05 -7.448358051E-05
28.4 8.941818567E-05 -2.483838491E-05
28.6 8.945610687E-05 -2.484891858E-05
28.8 8.949406025E-05 -5.800540942E-05
29 9.948005093E-05 -8.290004244E-05
29.2 9.952229299E-05 -0.0001078158174
29.4 0.00010288339 -7.467342821E-05
29.6 0.0001095675733 -2.490172121E-05
29.8 0.0001162574405 -1.660820578E-05
30 0.0001163068907 -2.492290515E-05
30.2 0.0001196808511 -8.311170213E-06
30.4 0.0001230576841 7.559371489E-21
30.6 0.0001264373935 -6.654599659E-05
30.8 0.000129819983 -8.321793779E-05
31 0.0001332054561 -4.995204604E-05
31.2 0.0001399253731 -4.997334755E-05
31.4 0.0001399850683 -3.332977816E-05
31.6 0.000146713615 -3.334400341E-05
31.8 0.0001434404355 -5.837692143E-05
32 0.0001435017087 -5.840185818E-05
32.2 0.000140224359 -2.50400641E-05
32.4 0.0001402843095 -4.17512826E-05
32.6 0.0001403443114 -5.012296835E-05
32.8 0.0001370614035 -3.342961061E-05
33 0.0001337756849 -3.344392123E-05
33.2 0.000130487152 -5.855192719E-05
33.4 0.0001338903171 -4.184072408E-05
33.6 0.0001305990141 -1.674346335E-05
33.8 0.0001273048885 -2.512596484E-05
34 0.0001273595024 3.351565852E-05
34.2 0.0001240611588 2.514753219E-05
34.4 0.0001308233147 -4.193054959E-05
34.6 0.0001342353952 8.389712199E-06
34.8 0.0001376504083 2.517995273E-05
35 0.0001410683577 3.315072241E-22
35.2 0.0001344086022 3.360215054E-05
35.4 0.0001277431153 -8.404152324E-06
35.6 0.0001210718898 -6.7262161E-05
35.8 0.0001177594746 -1.682278208E-05
36 0.0001144442051 2.524504524E-05
36.2 0.0001077586207 -8.418642241E-06
36.4 0.0001010672704 -5.895590772E-05
36.6 9.09997843E-05 -8.425905953E-05
36.8 8.766724212E-05 -3.371817005E-05
37 8.433182211E-05 -8.433182211E-06
37.2 8.099352052E-05 -4.218412527E-05
37.4 8.440471046E-05 -4.220235523E-05
37.6 8.44412019E-05 8.44412019E-06
37.8 8.109861592E-05 -2.831073432E-21
38 8.451427953E-05 -2.535428386E-05
38.2 8.116883117E-05 -8.45508658E-06
38.4 8.120398441E-05 -1.691749675E-05
38.6 8.123916811E-05 -1.692482669E-05
38.8 8.127438231E-05 8.466081491E-06
39 7.792172593E-05 -8.469752819E-06
39.2 7.795553145E-05 -2.5420282E-05
39.4 7.798936632E-05 -2.54313151E-05
39.6 7.802323057E-05 -8.480785931E-06
39.8 7.805712424E-05 -1.696894005E-05
40 7.469578444E-05 -3.395262929E-05
40.2 7.133152174E-05 -2.547554348E-05
40.4 6.796433232E-05 -3.398216616E-05
40.6 7.139360313E-05 -1.699847694E-05
40.8 7.142468437E-05 -8.502938616E-06
41 7.145579268E-05 -1.701328397E-05
41.2 6.808278867E-05 -1.261450438E-20
41.4 6.130122058E-05 -8.514058413E-06
41.6 5.792084605E-05 -4.258885739E-05
41.8 5.453752182E-05 -3.408595113E-05
42 5.797140986E-05 -3.410082933E-05
42.2 5.799672489E-05 -1.705786026E-05
42.4 5.802206204E-05 -8.532656182E-06
42.6 5.121831294E-05 -1.707277098E-05
42.8 5.124070835E-05 -8.540118059E-06
43 4.78455818E-05 1.708770779E-05
43.2 4.444748359E-05 1.7095186E-05
43.4 4.104640981E-05 -1.710267075E-05
43.6 3.764235655E-05 2.290024736E-20
43.8 3.765885188E-05 2.567648992E-05
44 3.767536168E-05 2.56877466E-05
44.2 3.083881579E-05 2.569901316E-05
44.4 2.056823168E-05 1.714019307E-05
44.6 2.057726076E-05 -8.573858648E-06
44.8 2.058629776E-05 -2.57328722E-05
45 2.059534271E-05 1.478336996E-20
45.2 2.06043956E-05 2.575549451E-05
45.4 2.061345646E-05 8.588940193E-06
45.6 2.74967004E-05 -2.224350472E-20
45.8 2.750880282E-05 4.29825044E-05
46 2.75209159E-05 1.277900204E-20
46.2 3.785792952E-05 1.720814978E-05
46.4 4.131776113E-05 5.164720141E-05
46.6 4.478064374E-05 3.444664903E-05
46.8 4.135421262E-05 3.446184385E-05
47 3.792475728E-05 2.585778906E-05
47.2 3.79415011E-05 -2.222667341E-20
47.4 4.14090106E-05 -1.725375442E-05
47.6 4.487958462E-05 8.63068935E-06
47.8 4.835322723E-05 1.726900973E-05
48 5.18299425E-05 4.319161875E-05
48.2 5.530973451E-05 4.321073009E-05
48.4 5.879260735E-05 7.781374502E-05
48.6 6.22785651E-05 5.189880425E-05
48.8 6.576761187E-05 1.730726628E-05
49 6.925975177E-05 4.328734486E-05
49.2 6.929046563E-05 4.330654102E-05
49.4 6.932120674E-05 4.332575421E-05
49.6 7.28195739E-05 4.334498447E-05
49.8 7.632104796E-05 2.601853908E-05
50 7.635495335E-05 -1.735339849E-05
50.2 7.986111111E-05 2.082857379E-20
50.4 8.337038684E-05 1.736883059E-05
50.6 8.68827847E-05 2.606483541E-05
50.8 9.039830886E-05 6.084501558E-05
51 9.391696349E-05 4.348007569E-05
51.2 9.743875278E-05 8.699888641E-06
51.4 0.0001009636809 -8.703765597E-06
51.6 0.0001044917521 -4.353823005E-05
51.8 0.0001080229706 -5.22691793E-05
52 0.0001115573405 -3.48616689E-05
52.2 0.0001116071429 -2.615792411E-05
52.4 0.0001151462707 -3.489280929E-05
52.6 0.0001186885612 -2.618130027E-05
52.8 0.0001257264193 2.117121711E-20
53 0.00012927661 -1.746981216E-05
53.2 0.0001398210291 -2.621644295E-05
53.4 0.0001398836168 -8.742726052E-06
53.6 0.0001434449172 5.398003985E-21
53.8 0.0001470094086 8.750560036E-06
54 0.0001505770955 1.750896459E-05
54.2 0.0001541479821 -1.751681614E-05
54.4 0.0001542171377 -1.752467474E-05
54.6 0.0001507798474 -3.212963678E-20
54.8 0.0001508475528 -2.631061967E-05
55 0.000150915319 -2.632243935E-05
55.2 0.0001509831461 -3.511235955E-05
55.4 0.0001510510342 -3.512814748E-05
55.6 0.0001511189834 -3.514394962E-05
55.8 0.0001511869937 -3.515976598E-05
56 0.0001512550653 -2.638169743E-05
56.2 0.0001478040541 8.79786036E-06
56.4 0.0001443499324 8.801825146E-06
56.6 0.0001408926961 -5.283476105E-05
56.8 0.0001409562472 -7.928788904E-05
57 0.0001410198556 -7.05099278E-05
57.2 0.0001340293454 -8.81772009E-06
57.4 0.0001305612014 -1.76434056E-05
57.6 0.0001306201988 -3.530275644E-05
57.8 0.0001236155063 5.297807414E-05
58 0.0001272048847 5.300203528E-05
58.2 0.0001201923077 1.767533937E-05
58.4 0.0001167100498 8.841670439E-06
58.6 0.0001167629076 -1.459014168E-20
58.8 0.0001097360671 8.849682827E-06
59 0.0001062443336 8.85369447E-06
59.2 0.0001027494331 -1.77154195E-05
59.4 9.925136116E-05 -4.430864338E-05
59.6 9.575011348E-05 -2.659725374E-05
59.8 9.224568574E-05 -8.869777475E-06
60 8.87380736E-05 -8.87380736E-06
60.2 8.522727273E-05 -2.663352273E-05
60.4 8.171327876E-05 -3.552751251E-05
60.6 8.175045496E-05 -7.108735214E-05
60.8 7.823167956E-05 -4.444981793E-05
61 7.470969945E-05 -8.855316857E-21
61.2 7.118451025E-05 -1.779612756E-05
61.4 6.40952598E-05 -1.780423883E-05
61.6 6.05620155E-05 -1.78123575E-05
61.8 5.702554745E-05 -8.910241788E-06
62 5.348585121E-05 -2.67429256E-05
62.2 4.994292237E-05 -4.459189498E-05
62.4 4.282777524E-05 -1.784490635E-05
62.6 3.927673675E-05 8.926531079E-06
62.8 3.572245085E-05 -5.679375222E-21
63 3.573879231E-05 -2.138628974E-21
63.2 3.575514874E-05 2.681636156E-05
63.4 3.219436813E-05 1.788576007E-05
63.6 3.22091159E-05 3.578790655E-05
63.8 2.864344638E-05 3.580430797E-05
64 2.507450711E-05 2.686554333E-05
64.2 2.150229358E-05 2.687786697E-05
64.4 1.792680128E-05 -8.963400642E-06
64.6 1.793503214E-05 8.96751607E-06
64.8 1.794327056E-05 7.177308222E-05
65 2.154181985E-05 4.487879136E-05
65.2 2.873563218E-05 -2.693965517E-05
65.4 2.156163753E-05 8.984015639E-06
65.6 2.157156006E-05 2.696445007E-05
65.8 2.5178407E-05 8.992288214E-06
66 2.159143252E-05 -1.799286043E-05
66.2 2.160138249E-05 -9.000576037E-06
66.4 2.161134163E-05 3.601890272E-05
66.6 2.162130996E-05 1.80177583E-05
66.8 2.163128749E-05 -9.013036456E-06
67 2.164127424E-05 -2.70515928E-05
67.2 2.165127021E-05 -1.804272517E-05
67.4 1.805106285E-05 9.745090573E-21
67.6 1.805940823E-05 2.595983103E-21
67.8 1.445420907E-05 -4.516940333E-05
68 1.446089773E-05 -4.519030541E-05
68.2 1.446759259E-05 -4.286746846E-21
68.4 1.085572024E-05 9.046433534E-06
68.6 3.620250232E-06 9.050625579E-06
68.8 7.243857209E-06 1.810964302E-05
69 7.247217069E-06 3.623608534E-05
69.2 7.250580046E-06 2.718967517E-05
69.4 3.626973073E-06 -2.720229805E-05
69.6 7.257315374E-06 -3.628657687E-05
69.8 1.08910316E-05 2.7227579E-05
70 1.089609484E-05 1.816015807E-05
70.2 7.26744186E-06 -4.542151163E-05
70.4 1.090623546E-05 -2.726558865E-05
70.6 1.091131285E-05 -9.140521784E-21
70.8 1.091639497E-05 -9.096995808E-06
71 1.092148183E-05 -2.712961849E-20
71.2 1.092657343E-05 -9.105477855E-06
71.4 1.093166978E-05 -9.109724813E-06
71.6 1.093677088E-05 1.822795147E-05
71.8 1.094187675E-05 3.64729225E-05
72 1.094698739E-05 3.648995796E-05
72.2 1.09521028E-05 2.738025701E-05
72.4 1.0957223E-05 2.73930575E-05
72.6 1.096234799E-05 1.827057998E-05
72.8 1.096747777E-05 -9.741714242E-22
73 1.097261236E-05 2.560393162E-21
73.2 7.318501171E-06 -1.067906491E-20
73.4 7.321930647E-06 -1.830482662E-05
73.6 7.325363338E-06 -4.578352086E-05
73.8 1.099319887E-05 -3.664399625E-05
74 7.332238386E-06 -2.749589395E-05
74.2 7.335680751E-06 -2.750880282E-05
74.4 7.33912635E-06 2.607422439E-21
74.6 7.342575188E-06 3.671287594E-05
74.8 3.673013634E-06 9.182534086E-06
75 3.674741298E-06 -1.837370649E-05
75.2 3.676470588E-06 9.191176471E-06
75.4 1.103460452E-05 9.195503766E-06
75.6 1.103980217E-05 1.839967028E-05
75.8 1.104500471E-05 3.681668238E-05
76 7.366808109E-06 2.762553041E-05
76.2 7.370283019E-06 -1.023251827E-20
76.4 1.474752242E-05 -6.312685558E-21
76.6 1.84431067E-05 4.610776676E-05
76.8 1.476145489E-05 2.767772792E-05
77 1.4768431E-05 -3.69210775E-05
77.2 1.108156028E-05 -2.770390071E-05
77.4 1.847800378E-05 3.695600757E-05
77.6 1.84867487E-05 4.621687175E-05
77.8 1.849550189E-05 9.247750947E-06
78 1.480341071E-05 -1.983459372E-20
78.2 1.851303318E-05 9.256516588E-06
78.4 2.222617354E-05 -1.249756187E-20
78.6 2.964895636E-05 -1.853059772E-05
78.8 3.7078785E-05 -9.499619173E-22
79 3.709639126E-05 9.274097816E-06
79.2 3.711401425E-05 9.278503563E-06
79.4 4.084481939E-05 9.282913498E-06
79.6 4.457917261E-05 3.714931051E-05
79.8 4.088368221E-05 3.716698382E-05
80 4.090314136E-05 -1.859233698E-05
80.2 4.092261905E-05 -1.860119048E-05
80.4 4.094211529E-05 1.861005241E-05
80.6 4.096163012E-05 9.309461392E-06
80.8 4.470672389E-05 -4.656950405E-05
81 4.472805344E-05 -1.863668893E-05
81.2 4.474940334E-05 -1.864558473E-05
81.4 4.477077364E-05 -9.327244508E-06
81.6 4.479216436E-05 4.665850454E-05
81.8 4.854804015E-05 9.336161568E-06
82 5.230750837E-05 -9.340626495E-06
82.2 5.233253589E-05 4.672547847E-05
82.4 4.861775969E-05 5.609741503E-05
82.6 5.238266284E-05 3.741618774E-05
82.8 5.240776234E-05 3.743411596E-05
83 4.868767977E-05 4.68150767E-05
83.2 4.496402878E-05 7.494004796E-05
83.4 4.123680422E-05 3.748800384E-05
83.6 4.125660106E-05 4.68825012E-05
83.8 4.502881844E-05 0.0001031910423
84 5.255886593E-05 6.569858241E-05
84.2 5.634014423E-05 5.634014423E-05
84.4 6.012506013E-05 3.757816258E-05
84.6 6.391361886E-05 -5.955847233E-21
84.8 7.146726047E-05 3.761434762E-05
85 7.526493256E-05 2.822434971E-05
85.2 7.906626506E-05 1.88253012E-05
85.4 7.910438766E-05 -2.825156702E-05
85.6 8.291123975E-05 -1.924015417E-20
85.8 8.295125483E-05 2.827883687E-05
86 8.299130855E-05 2.829249155E-05
86.2 7.548309179E-05 6.604770531E-05
86.4 6.796761721E-05 9.439946834E-06
86.6 6.044487427E-05 -2.833353482E-05
86.8 5.669448476E-05 -9.449080793E-06
87 4.91590029E-05 9.453654405E-06
87.2 4.539951574E-05 9.458232446E-06
87.4 3.406613372E-05 3.785125969E-05
87.6 2.650872516E-05 9.467401842E-06
87.8 1.515518914E-05 -9.47199321E-06
88 7.581271228E-06 1.126579801E-20
88.2 3.792475728E-06 -1.896237864E-05
88.4 1.138295289E-05 -1.897158815E-05
88.6 1.518464529E-05 -2.847120991E-05
88.8 1.899003403E-05 2.370655071E-21
89 1.899927043E-05 -9.499635214E-06
89.2 2.281021898E-05 -2.851277372E-05
89.4 2.282132425E-05 -1.90177702E-05
89.6 2.283244033E-05 -3.805406722E-05
89.8 1.903630604E-05 -5.710891813E-05
90 1.904558752E-05 -1.904558752E-05
90.2 1.524390244E-05 4.128578234E-21
90.4 1.143850659E-05 -1.906417765E-05
90.6 1.525878906E-05 -1.907348633E-05
90.8 1.526624328E-05 -1.90828041E-05
91 1.145527859E-05 -2.863819648E-05
91.2 1.14608802E-05 -5.730440098E-05
91.4 1.146648728E-05 -7.644324853E-05
91.6 1.529613314E-05 -4.780041605E-05
91.8 1.912952987E-05 2.869429481E-05
92 1.91389025E-05 -1.197866039E-21
92.2 1.914828431E-05 -2.872242647E-05
92.4 1.915767533E-05 -1.915767533E-05
92.6 1.533366045E-05 -5.750122669E-05
92.8 1.534118802E-05 -8.629418262E-05
93 1.534872299E-05 -8.63365668E-05
93.2 1.535626536E-05 -3.839066339E-05
93.4 1.536381514E-05 9.602384464E-06
93.6 1.537137236E-05 -9.607107723E-06
93.8 1.537893701E-05 -2.883550689E-05
94 1.538650911E-05 -4.808284097E-05
94.2 1.539408867E-05 -4.810652709E-05
94.4 1.54016757E-05 -1.925209463E-05
94.6 1.926158777E-05 -9.630793886E-06
94.8 2.312530834E-05 -2.890663542E-05
95 3.084896347E-05 -4.820150543E-05
95.2 3.472222222E-05 -6.75154321E-05
95.4 3.85993083E-05 -4.824913538E-05
95.6 4.248022739E-05 -3.861838853E-05
95.8 4.636498516E-05 -6.761560336E-05
96 4.638792677E-05 -2.899245423E-05
96.2 5.027846535E-05 5.801361386E-05
96.4 5.417285785E-05 5.80423477E-05
96.6 5.807111001E-05 1.935703667E-05
96.8 5.809990084E-05 1.936663361E-05
97 6.200396825E-05 -9.68812004E-06
97.2 6.978908189E-05 -9.69292804E-06
97.4 7.370283019E-05 9.697740814E-06
97.6 7.762046696E-05 9.702558371E-06
97.8 8.154199801E-05 -2.912214215E-05
98 8.935231228E-05 -6.7985455E-05
98.2 9.328358209E-05 -5.830223881E-05
98.4 9.333001493E-05 -5.833125933E-05
98.6 9.726718127E-05 -5.836030876E-05
98.8 0.0001012082711 -1.946312905E-05
99 0.0001090478564 3.894566301E-05
99.2 0.0001052057357 3.896508728E-05
99.4 0.0001052582335 9.746132735E-06
99.6 0.0001092111832 1.605109485E-20
99.8 0.0001092657343 -1.951173826E-05
100 0.0001132246377 -9.760744628E-06
100.2 0.0001171875 -9.765625E-06
100.4 0.0001172461231 -1.157266531E-20
100.6 0.0001133946446 1.95508008E-05
100.8 0.0001134514271 9.780295443E-06
101 0.0001174223447 -9.785195391E-06
101.2 0.000117481203 7.578608913E-21
101.4 0.0001057861083 2.938503009E-05
101.6 0.0001019192173 9.799924737E-06
101.8 9.412650602E-05 1.960968876E-05
102 9.417378202E-05 1.961953792E-05
102.2 9.814698492E-05 -9.814698492E-06
102.4 9.034062343E-05 -1.963926596E-05
102.6 8.645623742E-05 1.964914487E-05
102.8 8.256794162E-05 1.965903372E-05
103 7.867573011E-05 -1.966893253E-05
103.2 8.26511335E-05 -9.839420655E-06
103.4 7.481728831E-05 9.84438004E-06
103.6 6.697554211E-05 9.2897238E-22
103.8 6.306760848E-05 4.927156912E-05
104 5.521201413E-05 6.901501767E-05
104.2 5.523989899E-05 1.972853535E-05
104.4 4.737241031E-05 2.960775644E-05
104.6 3.949696663E-05 3.949696663E-05
104.8 3.161355589E-05 -1.975847243E-05
105 2.767586032E-05 -7.907388664E-05
105.2 3.955696203E-05 -1.977848101E-05
105.4 3.957700101E-05 3.957700101E-05
105.6 3.959706031E-05 4.949632539E-05
105.8 3.961713996E-05 9.90428499E-06
106 3.963723998E-05 -2.972792998E-05
106.2 4.362309645E-05 1.513270671E-20
106.4 4.761300152E-05 -8.626793947E-21
106.6 4.763719512E-05 -3.96976626E-05
106.8 4.766141332E-05 -5.957676665E-05
107 5.165946083E-05 -1.98690234E-05
107.2 5.566157761E-05 1.987913486E-05
107.4 5.966776986E-05 9.94462831E-06
107.6 5.969816607E-05 -9.949694345E-06
107.8 6.371049949E-05 -3.981906218E-05
108 6.374298827E-05 -1.991968383E-05
108.2 6.37755102E-05 -2.32417364E-20
108.4 5.982006126E-05 2.991003063E-05
108.6 5.187053115E-05 9.975102145E-06
108.8 4.790495657E-05 -9.980199285E-06
109 4.39353272E-05 2.995590491E-05
109.2 3.996163683E-05 3.996163683E-05
109.4 3.998208802E-05 1.999104401E-05
109.6 3.600230415E-05 3.000192012E-05
109.8 3.602074795E-05 6.003457992E-05
110 3.603921066E-05 4.00435674E-05
110.2 3.605769231E-05 3.004807692E-05
110.4 3.206772704E-05 3.00634941E-05
110.6 3.208418891E-05 -1.002630903E-05
110.8 2.808808423E-05 -2.006291731E-05
111 2.408787256E-05 -1.954806794E-20
111.2 2.008354756E-05 4.016709512E-05
111.4 2.00938786E-05 5.02346965E-05
111.6 2.010422028E-05 3.015633042E-05
111.8 2.413748713E-05 1.00572863E-05
112 2.01249356E-05 3.01874034E-05
112.2 2.818943299E-05 4.50486488E-21
112.4 3.223310985E-05 2.014569366E-05
112.6 3.2249742E-05 6.046826625E-05
112.8 3.226639133E-05 3.024974187E-05
113 3.228305785E-05 -1.008845558E-05
113.2 3.63372093E-05 -4.0374677E-05
113.4 3.231644261E-05 -2.019777663E-05
113.6 3.233316089E-05 -3.031233833E-05
113.8 3.639363354E-05 -4.04373706E-05
114 3.641248058E-05 -3.034373382E-05
114.2 3.643134715E-05 -4.047927461E-05
114.4 3.645023328E-05 -4.05002592E-05
114.6 3.241701245E-05 -5.065158195E-05
114.8 3.243383498E-05 -1.813831242E-20
115 2.028167186E-05 1.014083593E-05
115.2 2.435064935E-05 -4.058441558E-05
115.4 2.030275468E-05 -3.045413202E-05
115.6 1.625065003E-05 -8.721809128E-21
115.8 1.219432882E-05 -4.064776275E-05
116 1.626756897E-05 -5.083615305E-05
116.2 1.627604167E-05 -4.069010417E-05
116.4 1.221339239E-05 -4.071130797E-05
116.6 8.146506778E-06 -3.054940042E-05
116.8 1.222613459E-05 -4.075378195E-05
117 1.223251566E-05 -7.759275625E-21
117.2 8.15926893E-06 -1.019908616E-05
117.4 8.16353187E-06 1.020441484E-05
117.6 8.167799268E-06 5.104874543E-05
117.8 4.086035565E-06 -2.043017782E-05
118 4.088173731E-06 -5.110217164E-05
118.2 4.090314136E-06 1.144620649E-20
118.4 4.092456784E-06 -4.092456784E-05
118.6 4.094601677E-06 -4.094601677E-05
118.8 4.09674882E-06 3.072561615E-05
119 0 1.024724554E-05
119.2 4.101049869E-06 -2.050524934E-05
119.4 4.103203782E-06 -1.025800945E-05
119.6 0 -1.026339989E-05
119.8 0 -3.080638801E-05
120 0 -3.082259337E-05
120.2 0 -1.027960526E-05
120.4 0 5.142509215E-05
120.6 0 4.116174921E-05
120.8 0 -9.85640684E-21
121 0 2.060258439E-05
121.2 0 -2.104997045E-20
121.4 0 -4.124868004E-05
121.6 0 -1.031761754E-05
121.8 0 3.096921247E-05
122 0 -1.032852988E-05
122.2 0 -1.033399471E-05
122.4 0 -1.033946533E-05
122.6 0 -1.034494174E-05
122.8 0 2.070084791E-05
123 0 -1.477450965E-20
123.2 0 -2.072281167E-05
123.4 0 1.036690552E-05
123.6 0 2.074482209E-05
123.8 0 -1.037792242E-05
124 0 -5.19171983E-05
124.2 0 -6.23337766E-05
124.4 0 -3.118347525E-05
124.6 0 -1.040002662E-05
124.8 0 2.081113479E-05
125 0 1.041111407E-05
125.2 0 1.041666667E-05
125.4 0 -1.042222519E-05
125.6 0 -4.171115857E-05
125.8 0 -4.173344017E-05
126 0 -1.04389364E-05
126.2 0 5.222259358E-05
126.4 0 7.315074906E-05
126.6 0 4.182280514E-05
126.8 0 -2.429749363E-20
127 0 -1.046690782E-05
127.2 0 -4.303624298E-21
127.4 0 -1.047813841E-05
127.6 0 -3.145128824E-05
127.8 0 -1.048939313E-05
128 0 1.049502955E-05
128.2 0 1.050067204E-05
128.4 0 1.05063206E-05
128.6 0 3.153592573E-05
128.8 0 7.36234518E-05
129 0 3.156990841E-05
129.2 0 2.105795148E-05
129.4 0 4.21386192E-05
129.6 0 4.216135996E-05
129.8 0 7.382221922E-05
130 4.220691518E-06 4.220691518E-05
130.2 0 2.111486486E-05
130.4 0 -5.74831575E-21
130.6 0 1.501950856E-20
130.8 0 2.11491608E-05
131 0 -1.058030878E-05
131.2 0 -4.234417344E-05
131.4 0 1.059178416E-05
131.6 0 5.2987656E-05
131.8 0 2.120656895E-05
132 0 -1.759931276E-20
132.2 0 -2.122961957E-05
132.4 0 1.062058184E-05
132.6 0 3.187908052E-05
132.8 4.252857921E-06 -1.372213139E-20
133 4.255174292E-06 3.191380719E-05
133.2 8.514986376E-06 2.128746594E-05
133.4 8.519629226E-06 -2.129907306E-05
133.6 8.524277141E-06 2.131069285E-05
133.8 8.528930131E-06 4.264465066E-05
134 8.533588203E-06 -8.439312971E-22
134.2 8.538251366E-06 1.947229169E-20
134.4 8.542919628E-06 4.271459814E-05
134.6 8.547592998E-06 7.479143873E-05
134.8 8.552271483E-06 5.345169677E-05
135 8.556955093E-06 5.348096933E-05
135.2 8.561643836E-06 6.421232877E-05
135.4 8.566337719E-06 6.424753289E-05
135.6 4.285518376E-06 3.214138782E-05
135.8 4.287870472E-06 4.287870472E-05
136 0 2.145112576E-05
136.2 0 -1.073145604E-05
136.4 0 1.073735569E-05
136.6 0 1.074326183E-05
136.8 0 5.374587232E-05
137 0 4.302037445E-05
137.2 0 3.228305785E-05
137.4 0 7.536866042E-05
137.6 0 5.386445119E-05
137.8 0 -1.077883554E-05
138 0 -2.156957482E-05
138.2 0 3.237223757E-05
138.4 0 3.239013267E-05
138.6 0 -1.080268252E-05
138.8 0 -2.161732153E-05
139 0 -3.244393688E-05
139.2 0 4.328254848E-05
139.4 0 8.661308204E-05
139.6 0 9.74937604E-05
139.8 0 7.587056049E-05
140 0 5.422334814E-05
140.2 0 5.425347222E-05
140.4 0 -2.171345192E-05
140.6 0 -3.258829255E-05
140.8 0 1.086880913E-05
141 0 -1.08748608E-05
141.2 4.352367688E-06 -1.088091922E-05
141.4 8.709587514E-06 -2.177396878E-05
141.6 1.30716676E-05 -3.267916899E-05
141.8 1.743861607E-05 2.179827009E-05
142 2.181044109E-05 1.090522055E-05
142.2 2.18226257E-05 1.091131285E-05
142.4 2.183482392E-05 -2.183482392E-05
142.6 1.747762864E-05 -5.461758949E-05
142.8 1.748740907E-05 2.185926133E-05
143 1.749720045E-05 3.280725084E-05
143.2 1.75070028E-05 -1.543842883E-23
143.4 1.751681614E-05 -3.035680135E-20
143.6 2.190830062E-05 1.095415031E-05
143.8 2.63047138E-05 -1.096029742E-05
144 3.070606401E-05 2.193290286E-05
144.2 2.633426966E-05 4.389044944E-05
144.4 2.195756043E-05 1.097878021E-05
144.6 1.318194601E-05 3.295486502E-05
144.8 8.792909398E-06 2.198227349E-05
145 1.319679054E-05 2.152231687E-20
145.2 1.320422535E-05 3.301056338E-05
145.4 8.80777903E-06 6.605834273E-05
145.6 0 3.304780034E-05
145.8 0 1.102215011E-05
146 4.41134952E-06 2.20567476E-05
146.2 4.413841808E-06 -1.103460452E-05
146.4 4.416336914E-06 2.208168457E-05
146.6 8.837669683E-06 3.314126131E-05
146.8 8.842671194E-06 1.105333899E-05
147 8.847678369E-06 -2.471614446E-20
147.2 8.852691218E-06 -2.213172805E-05
147.4 8.857709751E-06 -1.107213719E-05
147.6 8.862733976E-06 1.107841747E-05
147.8 8.867763905E-06 -3.325411464E-05
148 8.872799546E-06 -2.218199886E-05
148.2 4.438920455E-06 4.438920455E-05
148.4 0 2.220722001E-05
148.6 0 3.332977816E-05
148.8 0 -2.272837823E-20
149 4.449031891E-06 -4.449031891E-05
149.2 8.903133903E-06 -5.90720002E-21
149.4 8.908209806E-06 -2.227052452E-05
149.6 1.336993725E-05 -3.342484313E-05
149.8 1.337756849E-05 4.459189498E-05
150 1.78469446E-05 2.230868075E-05
150.2 1.785714286E-05 -1.116071429E-05
150.4 2.233419097E-05 3.350128645E-05
150.6 1.787757437E-05 2.910079981E-20
150.8 1.788780767E-05 -2.00254694E-21
151 1.789805269E-05 4.474513173E-05
151.2 1.343123209E-05 -1.12260824E-20
151.4 1.343893349E-05 -2.239822248E-05
151.6 1.344664372E-05 -4.482214573E-05
151.8 1.34543628E-05 -4.4847876E-05
152 1.346209075E-05 -2.243681792E-05
152.2 1.346982759E-05 -1.122485632E-05
152.4 1.347757332E-05 -1.12313111E-05
152.6 8.990218642E-06 -4.495109321E-05
152.8 8.995394358E-06 -5.622121474E-05
153 9.000576037E-06 -1.813085765E-21
153.2 1.350864553E-05 -1.673812211E-20
153.4 9.010957324E-06 -1.126369666E-05
153.6 9.016156953E-06 -2.571200142E-20
153.8 9.021362587E-06 -1.127670323E-05
154 9.026574235E-06 -3.384965338E-05
154.2 9.031791908E-06 -6.773843931E-05
154.4 9.037015616E-06 -0.0001016664257
154.6 9.04224537E-06 -0.0001017252604
154.8 9.047481181E-06 -4.523740591E-05
155 9.052723059E-06 -2.263180765E-05
155.2 1.358695652E-05 -3.39673913E-05
155.4 1.812645012E-05 1.132903132E-05
155.6 1.81369704E-05 3.40068195E-05
155.8 1.81475029E-05 -1.226224691E-20
156 1.815804765E-05 -3.404633934E-05
156.2 1.816860465E-05 -6.813226744E-05
156.4 1.363438045E-05 -4.544793485E-05
156.6 9.094877765E-06 -2.273719441E-05
156.8 1.365026209E-05 -3.412565521E-05
157 1.821095571E-05 -6.829108392E-05
157.2 2.277696793E-05 -2.277696793E-05
157.4 1.823220537E-05 -1.139512835E-05
157.6 1.82428488E-05 -1.14017805E-05
157.8 1.36901285E-05 4.125422801E-20
158 1.369812975E-05 -3.424532437E-05
158.2 9.137426901E-06 -4.56871345E-05
158.4 1.371416033E-05 1.241667602E-20
158.6 1.37221897E-05 6.861094848E-05
158.8 1.373022847E-05 4.576742824E-05
159 1.373827667E-05 1.144856389E-05
159.2 1.374633431E-05 8.836457189E-21
159.4 1.375440141E-05 3.067587266E-20
159.6 1.376247798E-05 2.816420151E-20
159.8 1.377056404E-05 2.694541992E-20
160 1.377865961E-05 8.44139848E-21
160.2 1.378676471E-05 -1.148897059E-05
160.4 1.379487934E-05 -5.747866392E-05
160.6 1.380300353E-05 -4.601001178E-05
160.8 1.38111373E-05 -3.452784325E-05
161 1.381928066E-05 -1.151606722E-05
161.2 1.382743363E-05 4.609144543E-05
161.4 1.383559622E-05 3.458899055E-05
161.6 1.384376846E-05 5.768236858E-05
161.8 1.385195035E-05 3.462987589E-05
162 1.386014193E-05 6.591922244E-22
162.2 1.38683432E-05 -1.155695266E-05
162.4 1.387655417E-05 -1.156379515E-05
162.6 1.388477488E-05 3.47119372E-05
162.8 1.389300533E-05 1.157750445E-05
163 1.390124555E-05 -1.158437129E-05
163.2 1.390949555E-05 1.159124629E-05
163.4 1.391775534E-05 1.159812945E-05
163.6 1.392602496E-05 1.16050208E-05
163.8 1.39343044E-05 4.644768133E-05
164 1.394259369E-05 4.647531231E-05
164.2 1.395089286E-05 4.650297619E-05
164.4 1.395920191E-05 3.489800476E-05
164.6 1.396752086E-05 1.163960072E-05
164.8 1.397584973E-05 -2.329308289E-05
165 1.398418854E-05 -5.826745227E-05
165.2 9.328358209E-06 -2.332089552E-05
165.4 4.666965352E-06 2.333482676E-05
165.6 0 1.167438733E-05
165.8 0 -1.168136962E-05
166 0 3.506508079E-05
166.2 0 3.508607784E-05
166.4 0 4.680946675E-05
166.6 0 5.854691247E-05
166.8 0 1.171640672E-05
167 4.68937575E-06 -1.172343938E-05
167.2 4.692192192E-06 4.692192192E-05
167.4 0 0.0001173753005
167.6 0 -2.727445486E-21
167.8 4.700661853E-06 -4.700661853E-05
168 4.703491872E-06 4.703491872E-05
168.2 4.706325301E-06 1.176581325E-05
168.4 4.709162146E-06 -1.177290536E-05
168.6 4.712002413E-06 2.583041721E-20
168.8 4.714846107E-06 1.178711527E-05
169 4.717693237E-06 3.538269928E-05
169.2 4.720543807E-06 3.540407855E-05
169.4 4.723397823E-06 -1.180849456E-05
169.6 4.726255293E-06 2.363127647E-05
169.8 4.729116223E-06 9.458232446E-05
170 4.731980618E-06 5.914975772E-05
170.2 4.734848485E-06 4.734848485E-05
170.4 4.73771983E-06 3.553289873E-05
170.6 0 2.37029733E-05
170.8 0 2.371736491E-05
171 0 4.7463548E-05
171.2 0 4.749240122E-05
171.4 0 1.188032238E-05
171.6 0 -1.188755326E-05
171.8 0 2.759326315E-20
172 0 2.380408288E-05
172.2 0 2.381859756E-05
172.4 0 2.383312996E-05
172.6 0 2.38476801E-05
172.8 0 2.386224801E-05
173 0 1.193841687E-05
173.2 0 -1.194571865E-05
173.4 0 8.156554715E-21
173.6 0 2.155652586E-20
173.8 0 -4.787071078E-05
174 0 -4.790006131E-05
174.2 0 2.396472393E-05
174.4 0 6.644956372E-21
174.6 0 -4.798832924E-05
174.8 0 -3.601336816E-05
175 0 -3.603551661E-05
175.2 0 -4.807692308E-05
175.4 0 -2.405326355E-05
175.6 0 2.40680838E-05
175.8 0 3.343112069E-21
176 0 -2.409777915E-05
176.2 0 1.205632716E-05
176.4 0 -2.600865482E-21
176.6 4.828491965E-06 -1.207122991E-05
176.8 1.449443414E-05 4.831478046E-05
177 1.450340347E-05 6.043084777E-05
177.2 1.93498452E-05 4.8374613E-05
177.4 2.420229244E-05 1.074797693E-20
177.6 2.906075635E-05 -1.210864848E-05
177.8 3.877171216E-05 3.634848015E-05
178 3.879577902E-05 6.061840472E-05
178.2 3.881987578E-05 2.426242236E-05
178.4 4.36995028E-05 -4.855500311E-05
178.6 4.8585199E-05 -3.643889925E-05
178.8 4.861543248E-05 2.430771624E-05
179 4.864570361E-05 -3.648427771E-05
179.2 4.867601246E-05 -0.000109521028
179.4 4.87063591E-05 -3.652976933E-05
179.6 4.873674361E-05 -1.21841859E-05
179.8 4.876716604E-05 -3.657537453E-05
180 4.879762648E-05 -3.659821986E-05
180.2 4.8828125E-05 -6.103515625E-05
180.4 4.885866166E-05 -6.107332708E-05
180.6 4.888923655E-05 -4.888923655E-05
180.8 4.891984972E-05 9.600401195E-21
181 4.895050125E-05 3.671287594E-05
181.2 4.898119122E-05 -2.449059561E-05
181.4 4.90119197E-05 -6.126489962E-05
181.6 4.904268675E-05 -3.678201507E-05
181.8 4.907349246E-05 -2.453674623E-05
182 4.91043369E-05 -4.91043369E-05
182.2 4.913522013E-05 -7.370283019E-05
182.4 4.424952801E-05 -4.916614223E-05
182.6 3.935768262E-05 -6.149637909E-05
182.8 3.445967234E-05 -6.153512917E-05
183 3.448139975E-05 -2.462957125E-05
183.2 2.957413249E-05 -3.696766562E-05
183.4 2.466066919E-05 -1.23303346E-05
183.6 1.97409981E-05 1.233812382E-05
183.8 1.481510746E-05 -1.234592288E-05
184 9.882985452E-06 -4.941492726E-05
184.2 4.944620253E-06 -8.653085443E-05
184.4 4.947751742E-06 -7.421627612E-05
184.6 4.950887199E-06 -1.2377218E-05
184.8 4.954026633E-06 1.238506658E-05
185 0 1.479787201E-20
185.2 0 -4.909987271E-21
185.4 0 8.689469263E-21
185.6 0 -2.483312142E-05
185.8 0 -2.484891858E-05
186 0 1.243236792E-05
186.2 0 -1.244028662E-05
186.4 0 -4.97928617E-05
186.6 0 -2.491230867E-05
186.8 0 -1.246410338E-05
187 0 -2.494412516E-05
187.2 0 -1.248003195E-05
187.4 0 1.248801151E-05
187.6 0 3.748800384E-05
187.8 0 3.751200384E-05
188 0 2.502402306E-05
188.2 0 3.756009615E-05
188.4 0 4.532263642E-20
188.6 1.002888318E-05 -5.014441592E-05
188.8 2.007064868E-05 -2.508831085E-05
189 2.008354756E-05 -9.318370234E-21
189.2 2.009646302E-05 -2.512057878E-05
189.4 2.010939511E-05 -6.284185972E-05
189.6 2.515292981E-05 -8.803525435E-05
189.8 3.523679124E-05 -6.292284149E-05
190 4.029658285E-05 -2.518536428E-05
190.2 4.536290323E-05 -2.52016129E-05
190.4 5.043576501E-05 -5.043576501E-05
190.6 5.551518088E-05 -5.046834625E-05
190.8 6.060116354E-05 -5.050096962E-05
191 6.064036223E-05 -3.790022639E-05
191.2 6.573624595E-05 -3.792475728E-05
191.4 7.083873057E-05 -2.529954663E-05
191.6 7.59478289E-05 2.548572979E-20
191.8 8.106355383E-05 -1.119509357E-20
192 8.618591823E-05 -3.20290177E-20
192.2 9.131493506E-05 -3.804788961E-05
192.4 9.645061728E-05 -2.538174139E-05
192.6 0.0001015929779 1.269912224E-05
192.8 0.0001067420299 3.812215355E-05
193 0.0001118977865 -1.271565755E-05
193.2 0.0001170602606 -8.906758958E-05
193.4 0.0001171365711 -6.366117992E-05
193.6 0.0001223091977 -3.822162427E-05
193.8 0.000127488577 -1.27488577E-05
194 0.0001173661006 -1.275718485E-05
194.2 0.0001174428105 -5.10620915E-05
194.4 0.0001175196207 -2.554774362E-05
194.6 0.0001175965314 -1.278223168E-05
194.8 0.0001176735429 -2.558120498E-05
195 0.0001126310616 4.945531642E-20
195.2 0.000112704918 -1.280737705E-05
195.4 0.0001127788714 -7.689468504E-05
195.6 0.0001128529219 -7.6945174E-05
195.8 0.0001129270696 -3.849786465E-05
196 0.0001130013149 1.284105851E-05
196.2 0.0001130756579 2.569901316E-05
196.4 0.0001131500987 1.285796577E-05
196.6 0.0001132246377 2.57328722E-05
196.8 0.0001132992749 3.86247528E-05
197 0.0001133740106 3.865023087E-05
197.2 0.0001134488449 1.289191419E-05
197.4 0.0001135237781 -1.290042933E-05
197.6 0.0001135988103 -1.290895572E-05
197.8 0.0001136739418 -2.583498677E-05
198 0.0001137491727 -3.877812707E-05
198.2 0.0001138245033 -5.17384106E-05
198.4 0.0001138999337 -6.471587144E-05
198.6 0.0001139754642 -3.885527188E-05
198.8 0.0001192352356 -3.13650102E-21
199 0.000119314409 2.593791501E-05
199.2 0.0001142026578 -1.297757475E-05
199.4 0.0001194730718 -5.194481383E-05
199.6 0.0001195525615 -2.598968729E-05
199.8 0.0001248335553 3.92680414E-20
200 0.0001197118588 -2.602431712E-05
200.2 0.000125 -3.90625E-05
200.4 0.0001250833889 -1.302951968E-05
200.6 0.0001251668892 -1.303821762E-05
200.8 0.000125250501 -2.609385438E-05
201 0.0001253342246 -2.611129679E-05
201.2 0.0001254180602 -1.306438127E-05
201.4 0.000125502008 -1.307312584E-05
201.6 0.0001308188212 -1.308188212E-05
201.8 0.0001361427614 1.309065013E-05
202 0.0001362340711 3.929828974E-05
202.2 0.0001363255034 5.243288591E-05
202.4 0.0001364170584 5.24680994E-05
202.6 0.0001365087366 5.250336022E-05
202.8 0.000136600538 3.940400134E-05
203 0.000136692463 3.943051817E-05
203.2 0.0001367845118 7.891414141E-05
203.4 0.0001368766846 3.948365903E-05
203.6 0.0001369689818 1.31700944E-05
203.8 0.0001370614035 1.317898111E-05
204 0.000142429102 9.637160937E-21
204.2 0.0001372466216 -1.319679054E-05
204.4 0.0001426217039 -3.961713996E-05
204.6 0.0001427182003 -1.90228913E-19
204.8 0.0001428148274 6.611797563E-05
205 0.0001376185637 3.96976626E-05
205.2 0.0001324152542 1.324152542E-05
205.4 0.0001325050882 2.650101764E-05
205.6 0.0001432026477 -1.899087517E-20
205.8 0.0001539147418 -1.326851223E-05
206 0.0001593303875 2.655506458E-05
206.2 0.0001594387755 3.985969388E-05
206.4 0.0001595473111 2.659121852E-05
206.6 0.0001596559946 2.660933243E-05
206.8 0.0001597648262 1.240807959E-21
207 0.0001545446794 3.996845157E-05
207.2 0.0001493174061 2.666382253E-05
207.4 0.0001440829918 -2.668203552E-05
207.6 0.0001495215311 -6.447009701E-21
207.8 0.000149623803 1.335926813E-05
208 0.0001497262149 5.852993007E-21
208.2 0.0001498287671 2.675513699E-05
208.4 0.0001499314599 1.338673749E-05
208.6 0.0001446759259 2.013054497E-21
208.8 0.0001447752231 1.340511325E-05
209 0.0001502403846 -2.154475003E-20
209.2 0.0001503436426 6.711769759E-05
209.4 0.0001504470426 6.716385832E-05
209.6 0.0001451737784 4.032604955E-05
209.8 0.0001452737603 4.035382231E-05
210 0.0001507580979 1.346054445E-05
210.2 0.000150862069 1.346982759E-05
210.4 0.0001455745342 2.695824707E-05
210.6 0.0001456750691 5.395372928E-05
210.8 0.0001457757429 -2.556950863E-20
211 0.0001350708852 -2.701417704E-05
211.2 0.0001297577855 -4.054930796E-05
211.4 0.0001190270083 -5.41031856E-05
211.6 0.0001136954262 -2.707033957E-05
211.8 0.0001083564494 2.708911234E-05
212 0.0001030100625 -6.776977793E-05
212.2 0.0001030815972 -8.138020833E-05
212.4 0.0001031532314 -8.143676164E-05
212.6 9.779207232E-05 -8.14933936E-05
212.8 9.242345164E-05 -2.718336813E-05
213 8.704735376E-05 -4.080344708E-05
213.2 8.166376307E-05 2.115431093E-20
213.4 7.627266388E-05 1.362011855E-05
213.6 7.087404047E-05 -6.814811584E-05
213.8 6.546787709E-05 -4.091742318E-05
214 6.005415793E-05 1.364867226E-05
214.2 5.463286713E-05 4.403276049E-20
214.4 4.92039888E-05 2.645167313E-20
214.6 4.3767507E-05 2.862797315E-20
214.8 3.832340575E-05 -2.737386125E-05
215 3.83502805E-05 -4.108958626E-05
215.2 3.837719298E-05 -1.370614035E-05
215.4 3.840414326E-05 -2.74315309E-05
215.6 3.294096978E-05 -4.117621223E-05
215.8 3.296413502E-05 -2.747011252E-05
216 2.748944405E-05 -1.374472203E-05
216.2 2.750880282E-05 -8.91257298E-21
216.4 2.752818887E-05 -3.957135722E-21
216.6 2.754760226E-05 -1.377380113E-05
216.8 2.756704305E-05 -1.378352152E-05
217 2.75865113E-05 1.379325565E-05
217.2 2.760600707E-05 1.380300353E-05
217.4 2.762553041E-05 2.5590129E-20
217.6 2.764508139E-05 -1.382254069E-05
217.8 2.766466006E-05 -2.43936315E-20
218 2.768426648E-05 4.152639972E-05
218.2 2.770390071E-05 4.155585106E-05
218.4 2.772356281E-05 4.158534422E-05
218.6 2.774325284E-05 2.774325284E-05
218.8 2.776297086E-05 -3.254309162E-20
219 2.778271693E-05 1.389135846E-05
219.2 2.78024911E-05 -6.950622776E-05
219.4 2.782229345E-05 -4.173344017E-05
219.6 2.784212402E-05 5.568424804E-05
219.8 2.786198288E-05 -4.179297432E-05
220 2.788187009E-05 -2.788187009E-05
220.2 2.790178571E-05 -1.395089286E-05
220.4 2.792172981E-05 -4.188259471E-05
220.6 2.794170243E-05 1.139793136E-20
220.8 2.796170365E-05 2.796170365E-05
221 2.798173352E-05 4.197260029E-05
221.2 2.800179211E-05 1.48781206E-20
221.4 2.802187948E-05 1.401093974E-05
221.6 2.804199569E-05 -4.206299354E-05
221.8 2.80621408E-05 -4.209321121E-05
222 2.808231488E-05 2.808231488E-05
222.2 3.372302158E-05 -1.405125899E-05
222.4 3.374730022E-05 -2.812275018E-05
222.6 3.940021614E-05 -1.407150576E-05
222.8 5.069394376E-05 1.408165105E-05
223 5.073051948E-05 2.818362193E-05
223.2 5.640794224E-05 1.410198556E-05
223.4 6.773843931E-05 -1.411217486E-05
223.6 7.908532176E-05 4.741879886E-21
223.8 8.479558611E-05 -4.239779305E-05
224 9.05141202E-05 -4.242849385E-05
224.2 9.057971014E-05 -3.583032024E-21
224.4 9.064539521E-05 -1.276588813E-20
224.6 9.638062409E-05 4.252086357E-05
224.8 0.000102124183 4.255174292E-05
225 0.0001021984012 1.419422238E-05
225.2 0.0001136363636 -1.420454545E-05
225.4 0.0001250909753 -5.685953421E-05
225.6 0.0001365622724 -4.267571012E-05
225.8 0.0001366618076 -1.703098816E-21
226 0.000136761488 -2.849197666E-05
226.2 0.0001368613139 -4.276916058E-05
226.4 0.0001369612856 -2.853360117E-05
226.6 0.0001427722953 3.390443501E-20
226.8 0.0001428767374 1.428767374E-05
227 0.0001315428258 1.429813324E-05
227.2 0.0001201923077 1.430860806E-05
227.4 0.0001202804252 1.431909824E-05
227.6 0.0001146368305 1.432960382E-05
227.8 0.0001204570485 9.270417156E-22
228 0.0001148052902 1.435066128E-05
228.2 0.0001091452206 1.436121324E-05
228.4 0.0001034768212 2.4407181E-20
228.6 0.0001035530191 4.168601451E-20
228.8 0.0001093865144 1.87162219E-20
229 0.0001037057522 3.210319604E-20
229.2 9.801660517E-05 1.441420664E-05
229.4 9.808899557E-05 2.884970458E-05
229.6 9.816149298E-05 1.639118835E-20
229.8 9.823409763E-05 -1.444619083E-05
230 9.830680977E-05 1.445688379E-05
230.2 9.837962963E-05 -2.461931622E-20
230.4 9.845255745E-05 -4.343495182E-05
230.6 9.852559347E-05 -2.897811573E-05
230.8 9.859873794E-05 1.44998144E-05
231 9.867199108E-05 2.769402146E-20
231.2 0.0001045539033 -9.823200149E-21
231.4 0.0001104445685 4.359654018E-05
231.6 0.0001105268057 5.817200298E-05
231.8 0.0001106091654 4.366151267E-05
232 0.000110691648 7.282345265E-05
232.2 0.0001107742537 7.287779851E-05
232.4 0.0001108569828 4.375933532E-05
232.6 0.0001109398356 5.838938714E-05
232.8 0.0001110228123 2.921652954E-05
233 0.0001169535928 2.92383982E-05
233.2 0.0001111891386 4.389044944E-05
233.4 0.0001112724888 1.464111694E-05
233.6 0.000111355964 5.074271347E-21
233.8 0.0001114395646 -7.468168312E-21
234 0.0001115232908 -1.467411721E-05
234.2 0.0001116071429 1.316748539E-20
234.4 0.0001116911211 -3.868814989E-21
234.6 0.0001117752259 1.470726657E-05
234.8 0.0001118594574 5.887339864E-05
235 0.000111943816 4.418834842E-05
235.2 0.0001120283019 5.896226415E-05
235.4 0.0001121129154 8.851019637E-05
235.6 0.0001121976568 7.381424792E-05
235.8 0.0001122825265 1.477401664E-05
236 0.0001123675246 4.435560182E-05
236.2 0.0001124526515 7.398200758E-05
236.4 0.0001184609553 5.923047763E-05
236.6 0.0001185508346 4.445656297E-05
236.8 0.0001186408504 4.449031891E-05
237 0.000118731003 0.0001038896277
237.2 0.0001188212928 0.0001039686312
237.4 0.0001189117199 8.918378995E-05
237.6 0.0001190022848 0.0001041269992
237.8 0.0001190929878 7.443311738E-05
238 0.0001191838291 2.979595728E-05
238.2 0.0001192748092 2.981870229E-05
238.4 0.0001193659282 2.642355613E-20
238.6 0.0001194571865 1.377165662E-20
238.8 0.0001195485845 4.48307192E-05
239 0.0001196401225 2.991003063E-05
239.2 0.0001197318008 -1.49664751E-05
239.4 0.0001198236196 -1.497795245E-05
239.6 0.0001199155794 1.498944743E-05
239.8 0.0001200076805 9.000576037E-05
240 0.0001200999231 3.002498078E-05
240.2 0.0001262019231 -6.009615385E-05
240.4 0.0001323133179 -9.021362587E-05
240.6 0.0001384341294 -0.0001053303159
240.8 0.0001445643793 -7.529394757E-05
241 0.0001507040895 -6.02816358E-05
241.2 0.0001568532819 -0.0001055743243
241.4 0.0001630119784 -9.05622102E-05
241.6 0.0001691802011 1.51053751E-05
241.8 0.0001693111455 -1.511706656E-05
242 0.0001694422928 -3.025755229E-05
242.2 0.0001695736434 -4.542151163E-05
242.4 0.0001697051978 -9.091349884E-05
242.6 0.0001698369565 -4.549204193E-05
242.8 0.00016996892 -3.035159285E-05
243 0.0001640260498 -6.07503888E-05
243.2 0.00015807393 -1.519941634E-05
243.4 0.0001521125389 2.876785562E-20
243.6 0.000146141855 -1.52231099E-05
243.8 0.0001401618565 3.681201903E-20
244 0.0001280737705 -3.049375488E-05
244.2 0.0001159667969 -1.525878906E-05
244.4 0.0001038408913 1.527071931E-05
244.6 9.780907668E-05 -4.584800469E-05
244.8 9.788566954E-05 -1.529463587E-05
245 9.183973354E-05 4.591986677E-05
245.2 8.578431373E-05 3.06372549E-05
245.4 7.971938776E-05 3.066130298E-05
245.6 7.364493323E-05 -1.534269442E-05
245.8 7.370283019E-05 -3.070951258E-05
246 7.376081825E-05 8.318576298E-21
246.2 6.766732283E-05 1.537893701E-05
246.4 5.540780142E-05 3.057124473E-21
246.6 4.312894322E-05 -1.540319401E-05
246.8 3.699684294E-05 -1.541535122E-05
247 3.085505529E-05 -1.542752765E-05
247.2 2.470355731E-05 1.697578782E-20
247.4 1.854232595E-05 -1.545193829E-05
247.6 1.237133808E-05 3.456910958E-21
247.8 6.190570523E-06 7.738213154E-05
248 6.195479778E-06 3.097739889E-05
248.2 1.240079365E-05 -1.550099206E-05
248.4 1.861596505E-05 5.971111168E-21
248.6 2.484101749E-05 -3.105127186E-05
248.8 3.107597454E-05 -3.107597454E-05
249 3.732085987E-05 1.555035828E-05
249.2 4.357569721E-05 -4.682179151E-20
249.4 4.361044657E-05 -6.230063796E-05
249.6 4.36452514E-05 -3.117517957E-05
249.8 4.368011182E-05 -1.560003994E-05
250 3.747002398E-05 -3.122501998E-05
250.2 3.75E-05 -1.5625E-05
250.4 3.753002402E-05 2.29453516E-20
250.6 3.756009615E-05 -1.565004006E-05
250.8 3.759021652E-05 -4.698777065E-05
251 3.762038523E-05 -7.837580257E-05
251.2 3.765060241E-05 -6.275100402E-05
251.4 4.396101286E-05 -1.570036174E-05
251.6 4.399637973E-05 -1.571299276E-05
251.8 4.403180354E-05 -3.145128824E-05
252 4.406728445E-05 -3.147663175E-05
252.2 4.410282258E-05 -1.575100806E-05
252.4 4.413841808E-05 1.576372074E-05
252.6 4.417407108E-05 3.155290792E-05
252.8 4.420978173E-05 4.736762328E-05
253 4.424555016E-05 1.58019822E-05
253.2 4.428137652E-05 -3.162955466E-05
253.4 4.431726094E-05 -1.582759319E-05
253.6 4.435320357E-05 -1.584042985E-05
253.8 4.438920455E-05 -2.544045308E-20
254 4.442526401E-05 -1.586616572E-05
254.2 4.446138211E-05 -6.351626016E-05
254.4 3.814076485E-05 -1.589198535E-05
254.6 3.81718241E-05 -1.032397336E-20
254.8 3.820293399E-05 1.591788916E-05
255 3.823409462E-05 3.186174551E-05
255.2 3.826530612E-05 -1.594387755E-05
255.4 3.829656863E-05 -1.347611618E-20
255.6 3.832788226E-05 1.596995094E-05
255.8 4.475245499E-05 -7.155718506E-21
256 4.478910729E-05 3.199221949E-05
256.2 4.482581967E-05 1.600922131E-05
256.4 5.127153404E-05 1.602235439E-05
256.6 5.772783251E-05 4.810652709E-05
256.8 6.419474117E-05 4.814605588E-05
257 7.067228618E-05 6.424753289E-05
257.2 7.073045267E-05 4.822530864E-05
257.4 7.078871499E-05 1.608834432E-05
257.6 7.084707337E-05 3.220321517E-05
257.8 7.090552805E-05 3.222978548E-05
258 6.451279934E-05 1.612819983E-05
258.2 5.810950413E-05 3.228305785E-05
258.4 5.169561621E-05 3.230976013E-05
258.6 4.527110927E-05 8.084126656E-05
258.8 3.883595692E-05 6.472659486E-05
259 3.239013267E-05 3.239013267E-05
259.2 2.593360996E-05 3.241701245E-05
259.4 2.59551495E-05 -4.866590532E-05
259.6 2.597672485E-05 -3.247090607E-05
259.8 2.599833611E-05 4.87468802E-05
260 2.601998335E-05 3.252497918E-05
260.2 2.604166667E-05 -1.49179515E-20
260.4 2.606338616E-05 -1.564941389E-20
260.6 2.60851419E-05 3.260642738E-05
260.8 2.6106934E-05 4.895050125E-05
261 2.612876254E-05 4.899142977E-05
261.2 1.961297071E-05 3.268828452E-05
261.4 1.962939698E-05 1.383013734E-20
261.6 1.309723386E-05 -1.871706578E-20
261.8 6.554110738E-06 -1.638527685E-05
262 6.55961377E-06 -1.639903442E-05
262.2 0 4.963543686E-21
262.4 0 -3.285323802E-05
262.6 0 -3.288089226E-05
262.8 0 4.936288964E-05
263 0 4.940451096E-05
263.2 0 8.115346105E-21
263.4 0 -2.42446253E-20
263.6 6.60397295E-06 1.430316533E-20
263.8 6.609560068E-06 1.652390017E-05
264 6.615156647E-06 -4.961367485E-05
264.2 6.620762712E-06 -6.620762712E-05
264.4 6.626378287E-06 3.313189143E-05
264.6 6.632003396E-06 2.304228119E-20
264.8 6.637638063E-06 -1.659409516E-05
265 0 6.341353487E-21
265.2 6.64893617E-06 1.019740854E-20
265.4 0 3.32729983E-05
265.6 0 6.660272805E-05
265.8 0 4.999466724E-05
266 0 5.003736123E-05
266.2 0 5.008012821E-05
266.4 0 2.158064398E-20
266.6 0 1.661014892E-20
266.8 0 -1.837940158E-20
267 0 1.675064322E-05
267.2 0 1.676502146E-05
267.4 0 -3.35588488E-05
267.6 0 3.112728379E-22
267.8 0 6.723321859E-05
268 0 -1.682278208E-05
268.2 0 -1.683728448E-05
268.4 0 1.685181191E-05
268.6 0 -1.686636442E-05
268.8 0 3.376188418E-05
269 0 5.068663495E-05
269.2 0 5.073051948E-05
269.4 0 3.384965338E-05
269.6 0 2.370649356E-20
269.8 0 3.390842014E-05
270 0 3.39378801E-05
270.2 0 3.39673913E-05
270.4 0 3.399695387E-05
270.6 0 1.701328397E-05
270.8 0 -3.565869931E-21
271 0 -1.704297557E-05
271.2 0 -3.411572052E-05
271.4 0 -1.39337848E-20
271.6 0 3.417541557E-05
271.8 0 5.130801226E-05
272 0 6.847063979E-05
272.2 0 5.139802632E-05
272.4 0 1.71477173E-05
272.6 0 3.432557118E-05
272.8 0 2.191140891E-20
273 0 -6.877200704E-05
273.2 0 -6.883259912E-05
273.4 0 -6.889329806E-05
273.6 0 -3.447705207E-05
273.8 0 -5.176126325E-05
274 0 -5.180702918E-05
274.2 0 -1.728429204E-05
274.4 0 -1.729960142E-05
274.6 0 -3.462987589E-05
274.8 0 -3.466060337E-05
275 0 -1.734569272E-05
275.2 0 -3.472222222E-05
275.4 0 -5.212967082E-05
275.6 0 -5.217609083E-05
275.8 0 -5.222259358E-05
276 0 -3.484611954E-05
276.2 0 1.743861607E-05
276.4 0 3.490840036E-05
276.6 0 1.746981216E-05
276.8 0 -5.245635631E-05
277 0 -8.750560036E-05
277.2 0 -1.751681614E-05
277.4 0 -1.753254039E-05
277.6 0 -5.264487871E-05
277.8 0 -5.269222122E-05
278 0 -3.515976598E-05
278.2 0 -1.759572072E-05
278.4 0 1.761158702E-05
278.6 0 3.795830726E-20
278.8 0 -7.05736224E-05
279 0 -7.063743219E-05
279.2 0 -5.30260181E-05
279.4 0 -7.076539855E-05
279.6 0 -5.312216682E-05
279.8 0 -0.0001063407441
280 0 -0.0001064373297
280.2 0 1.775568182E-05
280.4 0 5.945847583E-20
280.6 0 -5.336407104E-05
280.8 0 -1.780423883E-05
281 0 -3.564096715E-05
281.2 0 -3.567351598E-05
281.4 0 -3.570612431E-05
281.6 0 -7.147758463E-05
281.8 0 -5.365728022E-05
282 0 -3.580430797E-05
282.2 0 1.791857798E-05
282.4 0 5.380509642E-05
282.6 0 5.385454963E-05
282.8 0 5.390409384E-05
283 0 3.596915285E-05
283.2 0 9.000576037E-05
283.4 0 9.008879151E-05
283.6 0 7.213758079E-05
283.8 0 5.415318854E-05
284 0 2.460142359E-20
284.2 0 3.616898148E-05
284.4 0 1.810125116E-05
284.6 0 1.811804267E-05
284.8 0 3.626973073E-05
285 0 1.815171933E-05
285.2 0 5.450581395E-05
285.4 0 3.637104283E-05
285.6 0 5.459199757E-20
285.8 0 5.465834888E-05
286 0 5.470938375E-05
286.2 0 1.825350467E-05
286.4 0 5.481173994E-05
286.6 0 5.48630618E-05
286.8 0 3.660965323E-05
287 0 1.87884193E-20
287.2 0 3.667840376E-05
287.4 0 5.506931391E-05
287.6 0 3.099079616E-20
287.8 0 -1.126844234E-20
288 0 1.840834119E-05
288.2 7.370283019E-06 7.392830301E-20
288.4 7.377242682E-06 1.84431067E-05
288.6 0 -1.846053875E-05
288.8 0 -7.391201514E-05
289 0 -5.548650568E-05
289.2 0 3.273478687E-20
289.4 7.412239089E-06 9.265298861E-05
289.6 1.483855651E-05 7.419278253E-05
289.8 2.22789924E-05 -1.507749608E-20
290 2.973358706E-05 -1.858349191E-05
290.2 2.232142857E-05 -2.777875538E-20
290.4 2.234270734E-05 -4.428913085E-20
290.6 2.236402672E-05 -1.863668893E-05
290.8 2.238538682E-05 -3.730897803E-05
291 2.987571702E-05 -3.734464627E-05
291.2 2.990430622E-05 -7.476076555E-05
291.4 2.993295019E-05 -5.612428161E-05
291.6 2.996164909E-05 -3.745206136E-05
291.8 2.999040307E-05 -5.623200576E-05
292 3.00192123E-05 -3.752401537E-05
292.2 3.004807692E-05 -7.512019231E-05
292.4 3.007699711E-05 -5.639436959E-05
292.6 3.010597303E-05 1.881623314E-05
292.8 3.013500482E-05 3.766875603E-05
293 3.016409266E-05 -1.339554808E-20
293.2 3.774154589E-05 -1.887077295E-05
293.4 3.777804642E-05 3.777804642E-05
293.6 3.025169409E-05 -3.706759064E-20
293.8 2.271075581E-05 -5.683235819E-21
294 1.515518914E-05 3.788797284E-05
294.2 0 -1.166583086E-20
294.4 7.592322643E-06 -7.592322643E-05
294.6 7.599708171E-06 -7.599708171E-05
294.8 7.607108082E-06 -3.803554041E-05
295 7.614522417E-06 -9.518153021E-05
295.2 7.62195122E-06 -9.527439024E-05
295.4 7.629394531E-06 -1.907348633E-05
295.6 7.636852395E-06 -1.909213099E-05
295.8 7.644324853E-06 -3.822162427E-05
296 7.651811949E-06 1.912952987E-05
296.2 7.659313725E-06 1.914828431E-05
296.4 7.666830226E-06 1.958328578E-20
296.6 7.674361493E-06 -3.837180747E-05
296.8 0 -5.761430678E-05
297 0 -3.844734252E-05
297.2 0 -5.772783251E-05
297.4 0 -5.778476331E-05
297.6 0 -3.856120434E-05
297.8 0 -5.789896245E-05
298 0 -7.727497527E-05
298.2 0 -1.933787129E-05
298.4 7.742814668E-06 -1.935703667E-05
298.6 1.550099206E-05 -5.812872024E-05
298.8 2.327457795E-05 1.939548163E-05
299 3.106361829E-05 3.882952286E-05
299.2 3.109452736E-05 1.94340796E-05
299.4 3.112549801E-05 2.186466137E-20
299.6 3.115653041E-05 -1.947283151E-05
299.8 3.118762475E-05 2.727121556E-20
300 3.121878122E-05 3.902347652E-05
300.2 3.125E-05 3.90625E-05
300.4 3.128128128E-05 1.95508008E-05
300.6 3.131262525E-05 3.914078156E-05
300.8 3.918004012E-05 1.959002006E-05
301 3.921937751E-05 4.431571544E-21
301.2 3.925879397E-05 -2.961800537E-20
301.4 3.929828974E-05 -1.964914487E-05
301.6 3.933786506E-05 -1.966893253E-05
301.8 3.937752016E-05 1.185546399E-21
302 3.94172553E-05 -1.48081684E-20
302.2 4.734848485E-05 -3.945707071E-05
302.4 5.529575329E-05 -3.949696663E-05
302.6 5.535172065E-05 -1.976847166E-05
302.8 5.540780142E-05 -1.978850051E-05
303 4.754056795E-05 -4.74444306E-20
303.2 4.758883249E-05 -1.98286802E-05
303.4 4.763719512E-05 -3.96976626E-05
303.6 4.768565615E-05 -5.960707019E-05
303.8 5.568991853E-05 -3.977851324E-05
304 5.574668705E-05 3.981906218E-05
304.2 4.783163265E-05 5.978954082E-05
304.4 4.78804903E-05 1.995020429E-05
304.6 4.792944785E-05 2.564083596E-20
304.8 3.998208802E-05 1.999104401E-05
305 3.201844262E-05 -2.372138698E-21
305.2 2.403846154E-05 4.021904242E-20
305.4 1.604209446E-05 4.010523614E-05
305.6 2.408787256E-05 -2.007322713E-05
305.8 2.411265432E-05 -4.01877572E-05
306 2.413748713E-05 2.011457261E-05
306.2 2.416237113E-05 4.027061856E-05
306.4 2.41873065E-05 2.015608875E-05
306.6 2.421229339E-05 -6.941374328E-20
306.8 2.423733195E-05 -4.206631904E-20
307 1.617494824E-05 2.02186853E-05
307.2 1.619170984E-05 4.047927461E-05
307.4 1.620850622E-05 9.642051634E-20
307.6 1.622533749E-05 -4.056334372E-05
307.8 1.624220374E-05 2.030275468E-05
308 1.62591051E-05 2.032388137E-05
308.2 1.627604167E-05 -6.103515625E-05
308.4 1.629301356E-05 -8.146506778E-05
308.6 8.155010438E-06 -6.116257829E-05
308.8 8.16353187E-06 -6.122648903E-05
309 1.634414226E-05 -2.043017782E-05
309.2 1.636125654E-05 8.180628272E-05
309.4 1.637840671E-05 4.094601677E-05
309.6 1.639559286E-05 6.148347324E-05
309.8 1.641281513E-05 0.0001230961134
310 1.643007361E-05 6.161277603E-05
310.2 2.467105263E-05 2.055921053E-05
310.4 2.469704953E-05 5.337610695E-20
310.6 2.472310127E-05 -2.060258439E-05
310.8 2.474920803E-05 -4.124868004E-05
311 2.477536998E-05 2.064614165E-05
311.2 2.48015873E-05 6.200396825E-05
311.4 2.482786017E-05 4.137976695E-05
311.6 2.485418876E-05 4.142364793E-05
311.8 3.317409766E-05 -2.073381104E-05
312 4.151168969E-05 2.075584485E-05
312.2 4.155585106E-05 6.23337766E-05
312.4 4.16001065E-05 -3.305987757E-21
312.6 4.997334755E-05 -1.567820821E-20
312.8 5.836446105E-05 3.632238481E-21
313 6.677350427E-05 -2.086672009E-05
313.2 7.520053476E-05 -2.088903743E-05
313.4 8.364561028E-05 6.273420771E-05
313.6 9.210878885E-05 6.280144695E-05
313.8 0.0001005901288 2.095627682E-05
314 0.000100698174 0.0001048939313
314.2 0.0001008064516 8.400537634E-05
314.4 0.0001009149623 6.307185145E-05
314.6 0.0001010237069 8.418642241E-05
314.8 0.0001011326861 6.32079288E-05
315 0.0001096787257 2.109206263E-05
315.2 0.0001182432432 -2.111486486E-05
315.4 0.0001268262987 -2.684207586E-20
315.6 0.0001354279523 6.348185265E-05
315.8 0.0001355748373 0.0001694685466
316 0.0001357220413 0.0001484459826
316.2 0.000144361413 8.491847826E-05
316.4 0.0001530195865 4.25054407E-05
316.6 0.0001616966231 2.127587146E-05
316.8 0.0001703925845 0.0001064953653
317 0.0001791075328 2.132232533E-05
317.2 0.0001878415301 7.21312509E-21
317.4 0.0001965946389 6.410694748E-05
317.6 0.0002053669222 2.139238773E-05
317.8 0.000214158443 2.14158443E-05
318 0.0002229692645 2.143935236E-05
318.2 0.0002317994505 4.292582418E-05
318.4 0.0002406490649 4.29730473E-05
318.6 0.0002495181718 6.453056167E-05
318.8 0.0002497932745 -6.843194553E-20
319 0.000258692053 -1.201318388E-20
319.2 0.0002676104972 0.0001079074586
319.4 0.0002679065265 4.321073009E-05
319.6 0.000276854928 -6.488787375E-05
319.8 0.0002944844789 -2.165327051E-05
320 0.0002948113208 6.503190899E-05
320.2 0.0002951388889 2.170138889E-05
320.4 0.0002954671858 2.172552836E-05
320.6 0.0002957962138 6.524916481E-05
320.8 0.0002961259755 2.177396878E-05
321 0.0002877371652 1.027738896E-20
321.2 0.0002793296089 4.36452514E-05
321.4 0.0002796420582 4.369407159E-05
321.6 0.0002799552072 5.974633667E-20
321.8 0.0002802690583 -4.379204036E-05
322 0.0002805836139 -8.768237935E-05
322.2 0.0002808988764 -4.389044944E-05
322.4 0.0002724268841 -6.590973003E-05
322.6 0.0002815315315 -2.19946509E-05
322.8 0.000281848929 -4.403889515E-05
323 0.0002821670429 -2.204430023E-05
323.2 0.0002913135593 4.413841808E-05
323.4 0.0003004807692 2.209417421E-05
323.6 0.0003008210646 6.635758777E-05
323.8 0.0003011621315 2.214427438E-05
324 0.0002926362089 -2.216940976E-05
324.2 0.0002840909091 2.219460227E-05
324.4 0.0002755261661 4.443970421E-05
324.6 0.0002758399772 -2.389236105E-20
324.8 0.000276154504 6.681157355E-05
325 0.0002853881279 6.688784247E-05
325.2 0.0002946428571 8.928571429E-05
325.4 0.0002860411899 0.0001340818078
325.6 0.0002774198167 2.237256586E-05
325.8 0.0002777379587 -2.239822248E-05
326 0.0002780568312 -0.000134543628
326.2 0.0002873563218 -0.0001346982759
326.4 0.0002876869965 2.247554661E-05
326.6 0.0002790178571 2.250144009E-05
326.8 0.0002883506344 2.252739331E-05
327 0.0002886836028 -2.255340647E-05
327.2 0.0002799855491 -4.515895954E-05
327.4 0.0002893518519 -1.62932225E-20
327.6 0.000298739861 -4.52636153E-05
327.8 0.0002990864269 -9.063225058E-05
328 0.0003266550523 -9.073751452E-05
328.2 0.0003179505814 -9.084302326E-05
328.4 0.000309225844 -9.094877765E-05
328.6 0.0003186917249 -6.829108392E-05
328.8 0.0003281796966 -4.558051342E-05
329 0.0003376898364 -4.563376168E-05
329.2 0.0003563596491 -9.137426901E-05
329.4 0.000375073185 -4.574063232E-05
329.6 0.0003846717468 -3.61520114E-20
329.8 0.0003851232394 -2.730077727E-20
330 0.0003855757932 6.885282021E-05
330.2 0.0003860294118 -2.297794118E-05
330.4 0.0003956861013 -2.300500589E-05
330.6 0.0003961527123 2.303213443E-05
330.8 0.000396620425 -4.611865407E-05
331 0.0004063238771 7.641899283E-21
331.2 0.0004068047337 4.622781065E-05
331.4 0.0003980302133 -4.628258294E-05
331.6 0.0003985023725 -6.950622776E-05
331.8 0.0003989756532 -4.639251781E-05
332 0.0004087395957 -0.0001161192033
332.2 0.000427827381 -0.0001162574405
332.4 0.0004469606675 -4.655840286E-05
332.6 0.0004474940334 -6.992094272E-05
332.8 0.0004573626045 -2.333482676E-05
333 0.000457909689 7.00882177E-05
333.2 0.0004491017964 4.678143713E-05
333.4 0.0004402727818 -2.341876499E-05
333.6 0.0004408013205 -8.071159352E-21
333.8 0.0004413311298 4.695012019E-05
334 0.0004512635379 9.401323706E-05
334.2 0.0004329819277 9.412650602E-05
334.4 0.0004240802171 -4.712002413E-05
334.6 0.0004151570048 6.830130654E-21
334.8 0.0003967654172 -1.199542565E-21
335 0.0003877875303 -4.729116223E-05
335.2 0.0003787878788 4.734848485E-05
335.4 0.0003508040049 0.0001422178398
335.6 0.000332244836 0.000142390644
335.8 0.0003136405109 9.504257908E-05
336 0.0002949908648 9.515834348E-05
336.2 0.0002762957317 0.0001190929878
336.4 0.0002670940171 9.539072039E-05
336.6 0.0002483190709 4.775366748E-05
336.8 0.0002390605875 7.171817625E-05
337 0.0002297794118 0.000119676777
337.2 0.0002108895706 9.585889571E-05
337.4 0.000191953317 7.198249386E-05
337.6 0.0001729704797 4.804735547E-05
337.8 0.0001539408867 -4.810652709E-05
338 0.0001444975339 -4.816584464E-05
338.2 0.0001350308642 2.411265432E-05
338.4 0.0001255407911 2.414245983E-05
338.6 0.0001160272277 -2.777572698E-20
338.8 0.0001064900867 2.420229244E-05
339 9.69292804E-05 2.654816718E-20
339.2 8.73447205E-05 -4.852484472E-05
339.4 7.773631841E-05 -4.8585199E-05
339.6 6.810398506E-05 -2.432285181E-05
339.8 5.844763092E-05 -2.435317955E-05
340 4.876716604E-05 -4.876716604E-05
340.2 3.90625E-05 -2.44140625E-05
340.4 2.933354193E-05 -7.333385482E-05
340.6 1.95802005E-05 -0.0001223762531
340.8 9.80238394E-06 -7.351787955E-05
341 9.814698492E-06 -7.361023869E-05
341.2 9.827044025E-06 -7.370283019E-05
341.4 9.839420655E-06 -4.919710327E-05
341.6 9.851828499E-06 -4.92591425E-05
341.8 9.864267677E-06 -4.932133838E-05
342 9.876738306E-06 -7.407553729E-05
342.2 9.889240506E-06 -9.889240506E-05
342.4 9.901774398E-06 -0.00012377218
342.6 9.914340102E-06 -0.0001239292513
342.8 0 -0.0001240867217
343 0 -7.454675573E-05
343.2 0 -0.0001244028662
343.4 0 -0.0001743861607
343.6 0 -0.0001247206258
343.8 0 -0.0001748321611
344 0 -0.0001000320102
344.2 0 -2.114323138E-20
344.4 0 -2.507220796E-05
344.6 0 -4.456772931E-20
344.8 0 -5.027348777E-05
345 0 -7.550740979E-05
345.2 0 -5.040322581E-05
345.4 0 -7.570251938E-05
345.6 0 -2.526681759E-05
345.8 0 -5.188848131E-21
346 0 5.066472114E-05
346.2 0 7.609577922E-05
346.4 0 2.539824447E-05
346.6 0 5.086263021E-05
346.8 0 7.639341591E-05
347 0 -2.54977154E-05
347.2 0 -2.553104575E-05
347.4 0 -2.556446335E-05
347.6 0 -0.0001023918742
347.8 0 -2.563156168E-05
348 0 -2.56652431E-05
348.2 0 -7.709703947E-05
348.4 0 -5.14657444E-05
348.6 0 -5.153364116E-05
348.8 0 -2.580085865E-05
349 0 0.0001033399471
349.2 0 0.0001552152318
349.4 0 5.180702918E-05
349.6 0 5.187583001E-05
349.8 0 7.791722074E-05
350 0 5.201398136E-05
350.2 0 5.208333333E-05
350.4 0 7.822930574E-05
350.6 0 5.222259358E-05
350.8 0 2.614625167E-05
351 0 -2.618130027E-05
351.2 0 -7.864932886E-05
351.4 0 -5.250336022E-05
351.6 0 -5.257402423E-05
351.8 0 -5.264487871E-05
352 0 -2.635796221E-05
352.2 0 2.639358108E-05
352.4 0 5.285859269E-05
352.6 0 5.29302168E-05
352.8 0 1.046845766E-20
353 0 -2.653702446E-05
353.2 0 -6.031744277E-21
353.4 0 2.660933243E-05
353.6 0 -5.329126876E-05
353.8 0 -8.004610656E-05
354 0 -2.671853625E-05
354.2 0 -5.351027397E-05
354.4 0 5.358367627E-05
354.6 0 8.048592033E-05
354.8 0 2.686554333E-05
355 0 2.690254821E-05
355.2 0 3.09801358E-20
355.4 0 -5.395372928E-05
355.6 0 2.477170053E-20
355.8 0 5.41031856E-05
356 0 -5.417822469E-05
356.2 0 -0.0001085069444
356.4 0 -0.0001086578581
356.6 0 -8.160689415E-05
356.8 0 -5.44804742E-05
357 0 -2.727828212E-05
357.2 0 -2.731643357E-05
357.4 0 -8.206407563E-05
357.6 0 -2.73930575E-05
357.8 0 7.614865012E-20
358 0 -2.747011252E-05
358.2 0 7.491591601E-20
358.4 0 -9.745307467E-21
358.6 0 -2.75865113E-05
358.8 0 -2.762553041E-05
359 0 -2.766466006E-05
359.2 0 -2.770390071E-05
359.4 0 2.139312758E-20
359.6 0 2.778271693E-05
359.8 0 -2.782229345E-05
360 0 -5.572396576E-05
360.2 0 -5.580357143E-05
360.4 0 -8.38251073E-05
360.6 0 -5.596346705E-05
360.8 0 -5.604375897E-05
361 0 -5.612428161E-05
361.2 0 -2.00315082E-20
361.4 0 5.17929408E-20
361.6 0 -2.818362193E-05
361.8 0 2.822434971E-05
362 0 2.826519537E-05
362.2 0 -2.830615942E-05
362.4 0 -2.834724238E-05
362.6 0 2.838844477E-05
362.8 0 2.108627476E-20
363 0 2.847120991E-05
363.2 0 5.702554745E-05
363.4 0 6.376472133E-21
363.6 0 -2.859626647E-05
363.8 0 -7.384353187E-20
364 0 8.60407489E-05
364.2 0 8.616727941E-05
364.4 0 3.611958232E-20
364.6 0 -2.880715339E-05
364.8 0 -2.884970458E-05
365 0 2.591475055E-20
365.2 0 2.893518519E-05
365.4 0 2.897811573E-05
365.6 0 -2.902117385E-05
365.8 0 -5.812872024E-05
366 0 -8.732302534E-05
366.2 0 -0.000145755597
366.4 0 -5.838938714E-05
366.6 0 -4.317153415E-20
366.8 0 -2.928223388E-05
367 0 -5.86524024E-05
367.2 0 -2.937030075E-05
367.4 0 2.941453313E-05
367.6 0 5.891779789E-05
367.8 0 -6.002695103E-20
368 0 -2.954803328E-05
368.2 0 5.918560606E-05
368.4 0 8.891312595E-05
368.6 0 5.936550152E-05
368.8 0 8.918378995E-05
369 0 8.931974085E-05
369.2 0 2.981870229E-05
369.4 0 -5.520989802E-20
369.6 0 2.991003063E-05
369.8 0 2.995590491E-05
370 0 6.000384025E-05
370.2 0 9.014423077E-05
370.4 0 9.028312789E-05
370.6 0 6.02816358E-05
370.8 0 2.182768876E-20
371 0 3.047371476E-21
371.2 0 3.028100775E-05
371.4 0 6.06560559E-05
371.6 0 6.07503888E-05
371.8 0 3.353184734E-21
372 0 -4.810251188E-20
372.2 0 -3.029357602E-20
372.4 0 -3.056533646E-05
372.6 0 3.061324451E-05
372.8 0 3.066130298E-05
373 0 -3.070951258E-05
373.2 0 3.075787402E-05
373.4 0 3.080638801E-05
373.6 0 -3.085505529E-05
373.8 0 -3.090387658E-05
374 0 -3.095285261E-05
374.2 0 6.200396825E-05
374.4 0 6.210254372E-05
374.6 0 -3.110071656E-05
374.8 0 -3.115031898E-05
375 0 1.700922165E-20
375.2 0 -6.988874216E-21
375.4 0 6.260016026E-05
375.6 0 3.135032103E-05
375.8 0 -6.280144695E-05
376 0 -3.145128824E-05
376.2 0 3.150201613E-05
376.4 0 3.155290792E-05
376.6 0 -1.469890234E-20
376.8 0 -3.165518639E-05
377 0 -3.170657468E-05
377.2 0 1.84121997E-20
377.4 0 3.180985342E-05
377.6 0 6.372349103E-05
377.8 0 -3.191380719E-05
378 0 -3.196603928E-05
378.2 0 3.201844262E-05
378.4 0 -6.414203612E-05
378.6 0 -6.424753289E-05
378.8 0 3.217668863E-05
379 0 -3.222978548E-05
379.2 0 -3.228305785E-05
379.4 0 6.467301325E-05
379.6 0 -6.478026534E-05
379.8 0 -9.733181063E-05
380 0 -3.185190322E-21
380.2 0 -6.510416667E-05
380.4 0 -6.521285476E-05
380.6 0 -3.266095318E-05
380.8 0 -9.814698492E-05
381 0 -6.554110738E-05
381.2 0 -1.998698659E-20
381.4 0 3.288089226E-05
381.6 0 6.587268128E-05
381.8 0 1.996144641E-20
382 0 -8.060398381E-21
382.2 0 0.0001324152542
382.4 0 0.0001326400679
382.6 0 3.321641156E-05
382.8 0 3.32729983E-05
383 0 6.665955631E-05
383.2 0 3.338675214E-05
383.4 0 6.688784247E-05
383.6 0 6.70025729E-05
383.8 0 3.35588488E-05
384 0 3.361660929E-05
384.2 0 3.367456897E-05
384.4 0 3.373272884E-05
384.6 0 -1.034322603E-19
384.8 0 3.384965338E-05
385 0 3.077871926E-20
385.2 0 2.838087103E-20
385.4 0 6.805313589E-05
385.6 0 0.0001022578534
385.8 0 6.829108392E-05
386 0 3.420534151E-05
386.2 0 6.853070175E-05
386.4 0 6.865114236E-05
386.6 0 0.0001031580106
386.8 0 0.0001033399471
387 0 6.901501767E-05
387.2 0 6.913716814E-05
387.4 0 6.925975177E-05
387.6 0 6.938277087E-05
387.8 0 6.950622776E-05
388 0 6.963012478E-05
388.2 0 6.975446429E-05
388.4 0 3.493962433E-05
388.6 0 3.500224014E-05
388.8 0 7.013016158E-05
389 0 0.0001053844424
389.2 0 3.519144144E-05
389.4 0 -7.05099278E-05
389.6 0 -7.063743219E-05
389.8 0 5.549651629E-20
390 0 3.54469147E-05
390.2 0 -0.0001065340909
390.4 0 -0.0001778802368
390.6 0 -3.564096715E-05
390.8 0 -1.131574933E-19
391 0 -7.154304029E-05
391.2 0 -7.167431193E-05
391.4 0 -7.180606618E-05
391.6 0 -3.596915285E-05
391.8 0 2.895849667E-20
392 0 -7.220425139E-05
392.2 0 -3.616898148E-05
392.4 0 3.623608534E-05
392.6 0 -0.000108910316
392.8 0 -0.0001454841713
393 0 -3.643889925E-05
393.2 0 -7.301401869E-05
393.4 0 -0.0001097261236
393.6 0 -0.0001099319887
393.8 0 -7.342575188E-05
394 0 -3.678201507E-05
394.2 0 -0.0001105542453
394.4 0 -0.0001107632325
394.6 0 -7.398200758E-05
394.8 0 -7.412239089E-05
395 0 -0.000111394962
395.2 0 -0.0001488095238
395.4 0 -0.0001490935115
395.6 0 -7.468929254E-05
395.8 0 -3.741618774E-05
396 0 1.891151013E-20
396.2 0 -1.029532262E-21
396.4 0 -3.763246628E-05
396.6 0 -3.770511583E-05
396.8 0 -3.777804642E-05
397 0 3.356285106E-20
397.2 0 3.792475728E-05
397.4 0 -3.799854086E-05
397.6 0 -0.0001142178363
397.8 0 -0.000114440918
398 0 -7.644324853E-05
398.2 0 -3.829656863E-05
398.4 0 -7.674361493E-05
398.6 0 -7.689468504E-05
398.8 0 -3.852317554E-05
399 0 -3.85993083E-05
399.2 0 -3.867574257E-05
399.4 0 2.576909276E-20
399.6 0 -3.882952286E-05
399.8 0 -7.781374502E-05
400 0 -3.320380644E-20
400.2 0 7.8125E-05
400.4 0 0.0001174223447
400.6 0 0.0001176581325
400.8 0 3.929828974E-05
401 0 -6.354140265E-20
401.2 0 -4.564341426E-20
401.4 0 3.953694332E-05
401.6 0 7.923427992E-05
401.8 0 7.93953252E-05
402 0 7.955702648E-05
402.2 0 0.0001195790816
402.4 0 7.988241309E-05
402.6 1.600922131E-05 4.002305328E-05
402.8 1.604209446E-05 8.021047228E-05
403 1.607510288E-05 8.03755144E-05
403.2 1.610824742E-05 8.054123711E-05
403.4 1.614152893E-05 0.0001210614669
403.6 0 8.08747412E-05
403.8 1.620850622E-05 -4.052126556E-05
404 1.624220374E-05 -8.121101871E-05
404.2 1.627604167E-05 -8.138020833E-05
404.4 0 -8.155010438E-05
404.6 0 -8.17207113E-05
404.8 0 4.690054797E-20
405 0 -2.696288146E-20
405.2 0 -8.223684211E-05
405.4 0 -8.241033755E-05
405.6 0 -8.25845666E-05
405.8 0 -8.27595339E-05
406 0 -8.293524416E-05
406.2 0 -8.311170213E-05
406.4 0 -0.0001249333689
406.6 0 -0.0001252003205
406.8 0 -8.364561028E-05
407 0 -4.191255365E-05
407.2 0 -2.79107643E-20
407.4 0 4.209321121E-05
407.6 0 -8.951608469E-20
407.8 0 -4.22754329E-05
408 0 -1.062733598E-19
408.2 0 -7.825948171E-20
408.4 0 -7.586242225E-20
408.6 0 -8.853508806E-20
408.8 0 5.037157337E-20
409 0 -3.888260346E-20
409.2 0 -1.207807059E-19
409.4 0 -1.834367685E-19
409.6 0 -4.818108385E-21
409.8 0 4.344609709E-20
410 0 -5.444522081E-20
410.2 0 6.548394662E-22
410.4 0 -3.411476915E-20
410.6 0 -4.359654018E-05
410.8 0 -8.738814318E-05
411 0 -4.379204036E-05
411.2 0 8.778089888E-05
411.4 0 8.79786036E-05
411.6 0 -7.101752767E-20
411.8 0 -7.873561911E-20
412 0 -4.9311385E-20
412.2 0 -5.282120035E-20
412.4 0 2.398450908E-20
412.6 0 -7.736007926E-20
412.8 0 -8.953997285E-20
413 0 -4.479644495E-05
413.2 0 -4.489942529E-05
413.4 0 4.500288018E-05
413.6 0 9.021362587E-05
413.8 0 4.521122685E-05
414 1.812645012E-05 5.785046547E-20
414.2 3.63372093E-05 -9.084302326E-05
414.4 5.463286713E-05 -4.552738928E-05
414.6 5.476051402E-05 4.563376168E-05
414.8 5.488875878E-05 4.574063232E-05
415 3.667840376E-05 4.584800469E-05
415.2 3.676470588E-05 -4.595588235E-05
415.4 3.685141509E-05 -4.606426887E-05
415.6 5.540780142E-05 -1.036144629E-20
415.8 3.702606635E-05 2.181945536E-20
416 1.855700713E-05 -4.639251781E-05
416.2 0 6.957057244E-20
416.4 0 9.867301994E-21
416.6 0 -4.672547847E-05
416.8 0 -4.683752998E-05
417 0 -4.695012019E-05
417.2 0 -4.727198261E-20
417.4 0 4.717693237E-05
417.6 0 4.729116223E-05
417.8 0 4.74059466E-05
418 0 4.752128954E-05
418.2 0 1.236865378E-20
418.4 0 4.968188599E-20
418.6 0 -1.263762908E-20
418.8 0 4.798832924E-05
419 0 4.810652709E-05
419.2 0 1.610638911E-20
419.4 0 -4.834467822E-05
419.6 0 -4.84646402E-05
419.8 0 4.849694279E-20
420 0 8.903542265E-20
420.2 0 4.8828125E-05
420.4 0 -6.404747385E-20
420.6 0 3.18192742E-20
420.8 0 9.839420655E-05
421 0 9.864267677E-05
421.2 0 9.889240506E-05
421.4 0 4.957170051E-05
421.6 0 9.93956743E-05
421.8 0 9.964923469E-05
422 0 4.995204604E-05
422.2 0 5.008012821E-05
422.4 0 0.0001004177378
422.6 0 5.03382732E-05
422.8 0 -5.046834625E-05
423 0 5.059909326E-05
423.2 0 0.000101461039
423.4 0 5.086263021E-05
423.6 0 -5.172421232E-20
423.8 0 -3.830220551E-20
424 0 5.126312336E-05
424.2 0 5.139802632E-05
424.4 0 -6.075597746E-20
424.6 0 -7.101350314E-20
424.8 0 6.397609009E-20
425 0 5.194481383E-05
425.2 0 0.0001041666667
425.4 0 0.0001044451872
425.6 0 5.236260054E-05
425.8 0 2.272303188E-20
426 0 2.522150309E-20
426.2 0 -5.278716216E-05
426.4 0 -1.880459053E-20
426.6 0 0.0001061480978
426.8 0 -1.838162475E-19
427 2.134562842E-05 -0.0001067281421
427.2 4.280821918E-05 -0.0001605308219
427.4 6.438873626E-05 -0.0001073145604
427.6 8.608815427E-05 -5.380509642E-05
427.8 0.0001079074586 -5.395372928E-05
428 0.0001082063712 -5.41031856E-05
428.2 0.0001302083333 -0.0001085069444
428.4 0.0001523328691 -0.0001088091922
428.6 0.0001745810056 -0.0001636696927
428.8 0.000175070028 -0.0001094187675
429 0.0001755617978 -8.771073755E-20
429.2 0.000176056338 -5.501760563E-05
429.4 0.0001765536723 -6.860488323E-20
429.6 0.0001770538244 -1.085540983E-19
429.8 0.0001775568182 -0.0001109730114
430 0.0001780626781 -0.0001112891738
430.2 0.0001785714286 -5.580357143E-05
430.4 0.0001566977077 -3.070232107E-20
430.6 0.0001346982759 5.612428161E-05
430.8 0.0001125720461 5.628602305E-05
431 0.0001128973988 -5.644869942E-05
431.2 0.0001132246377 -0.0001132246377
431.4 0.0001362645349 -5.677688953E-05
431.6 0.0001366618076 -5.694241983E-05
431.8 0.0001370614035 5.710891813E-05
432 0.0001145527859 0.0001145527859
432.2 0.0001378676471 -7.312368078E-20
432.4 0.000161320059 -7.154979837E-21
432.6 0.0001849112426 -1.218795264E-19
432.8 0.0001854599407 4.443824655E-20
433 0.0001860119048 -4.827216207E-20
433.2 0.0001865671642 -5.847251956E-20
433.4 0.0001871257485 -5.847679641E-05
433.6 0.0001876876877 -0.0001173048048
433.8 0.000188253012 -1.137923838E-19
434 0.0001652190332 5.900679758E-05
434.2 0.000165719697 1.483675364E-19
434.4 0.0001662234043 5.139410088E-20
434.6 0.0001667301829 -5.95464939E-05
434.8 0.0001672400612 -5.972859327E-05
435 0.0001677530675 5.991180982E-05
435.2 0.0001442307692 6.009615385E-05
435.4 0.0001446759259 -6.02816358E-05
435.6 0.000145123839 -2.235997804E-20
435.8 0.0001455745342 2.410649775E-20
436 0.0001703660436 -6.084501558E-05
436.2 0.0001220703125 1.670153899E-20
436.4 9.796238245E-05 3.504279095E-20
436.6 7.370283019E-05 -6.141902516E-05
436.8 9.858044164E-05 -2.249230169E-20
437 4.944620253E-05 -7.042057464E-20
437.2 4.96031746E-05 6.643258006E-20
437.4 2.488057325E-05 6.220143312E-05
437.6 4.99201278E-05 4.339789335E-22
437.8 5.008012821E-05 -4.235448351E-20
438 7.536173633E-05 5.767057331E-20
438.2 0.0001008064516 6.300403226E-05
438.4 0.0001264158576 0.0001264158576
438.6 0.0001268262987 6.341314935E-05
438.8 0.0001526872964 1.731061214E-20
439 0.0001787173203 0.0001276552288
439.2 0.0002049180328 0.0001280737705
439.4 0.0002055921053 0.0001284950658
439.6 0.0002062706271 0.0001289191419
439.8 0.0002069536424 -6.467301325E-05
440 0.000207641196 6.488787375E-05
440.2 0.0002083333333 0.0001302083333
440.4 0.0002090301003 -4.138445782E-20
440.6 0.0002097315436 -6.554110738E-05
440.8 0.0002104377104 2.316360862E-20
441 0.0002111486486 -1.400223831E-20
441.2 0.0002118644068 -6.620762712E-05
441.4 0.000212585034 -1.376265748E-20
441.6 0.0002133105802 -6.665955631E-05
441.8 0.0002140410959 -0.0001337756849
442 0.0002147766323 -0.0001342353952
442.2 0.0002155172414 -0.0001346982759
442.4 0.0002162629758 -6.758217993E-05
442.6 0.0002170138889 6.781684028E-05
442.8 0.0002177700348 -7.496131239E-20
443 0.0002185314685 -6.829108392E-05
443.2 0.0002192982456 3.151260743E-20
443.4 0.0002200704225 -6.877200704E-05
443.6 0.0002208480565 -6.901501767E-05
443.8 0.0002216312057 6.925975177E-05
444 0.0002224199288 6.950622776E-05
444.2 0.0002232142857 -6.975446429E-05
444.4 0.0002240143369 -7.000448029E-05
444.6 0.0002248201439 -2.860285878E-19
444.8 0.000225631769 7.05099278E-05
445 0.0002264492754 7.076539855E-05
445.2 0.0002272727273 -7.102272727E-05
445.4 0.0002281021898 -7.128193431E-05
445.6 0.0002289377289 1.724417257E-19
445.8 0.0002297794118 1.007484965E-19
446 0.0002306273063 -9.197509229E-20
446.2 0.0002314814815 -5.541702723E-20
446.4 0.0002323420074 3.756301289E-20
446.6 0.0002332089552 -7.287779851E-05
446.8 0.000234082397 -7.315074906E-05
447 0.0002055921053 9.556643877E-21
447.2 0.0001768867925 9.920590653E-20
447.4 0.0001479640152 -4.303401178E-20
447.6 0.0001188212928 1.182985497E-19
447.8 8.945610687E-05 -7.454675573E-05
448 8.979885057E-05 -7.483237548E-05
448.2 6.009615385E-05 1.17292145E-19
448.4 3.016409266E-05 7.541023166E-05
448.6 0 7.570251938E-05
448.8 3.039883268E-05 2.887480489E-19
449 6.103515625E-05 3.395263546E-19
449.2 9.191176471E-05 -7.659313725E-05
449.4 0.0001230314961 -7.689468504E-05
449.6 0.0001235177866 7.71986166E-05
449.8 9.300595238E-05 7.750496032E-05
450 9.337649402E-05 -2.301209722E-20
450.2 9.375E-05 -1.129680773E-19
450.4 9.412650602E-05 1.465820159E-20
450.6 9.450604839E-05 -7.011040887E-20
450.8 6.325910931E-05 -2.556283561E-20
451 3.175813008E-05 -5.301012856E-21
451.2 0 1.050974399E-19
451.4 0 -8.004610656E-05
451.6 0 7.713452849E-20
451.8 0 -8.070764463E-05
452 0 -0.0001620850622
452.2 0 -2.003088464E-21
452.4 0 8.17207113E-05
452.6 0 8.206407563E-05
452.8 0 2.415832861E-20
453 0 8.27595339E-05
453.2 0 8.311170213E-05
453.4 0 -8.346688034E-05
453.6 0 8.38251073E-05
453.8 0 8.418642241E-05
454 0 -0.0001691017316
454.2 0 8.491847826E-05
454.4 0 8.528930131E-05
454.6 0 -1.718616264E-19
454.8 0 0.0001720814978
455 0 0.0002592643805
455.2 0 8.680555556E-05
455.4 0 -1.108934794E-20
455.6 0 8.758408072E-05
455.8 0 -9.1597523E-20
456 0 1.767246254E-19
456.2 0 2.506786199E-19
456.4 0 1.017558281E-19
456.6 0 -1.162298095E-19
456.8 0 -5.910778888E-20
457 0 -3.657006538E-20
457.2 0 -9.084302326E-05
457.4 0 -0.0001825350467
457.6 3.667840376E-05 -0.0001833920188
457.8 7.370283019E-05 -0.0001842570755
458 0.0001110781991 -0.0001851303318
458.2 0.0001116071429 -9.300595238E-05
458.4 0.0001121411483 -9.345095694E-05
458.6 7.512019231E-05 -9.390024038E-05
458.8 7.548309179E-05 3.416080328E-20
459 3.792475728E-05 4.118408161E-20
459.2 3.81097561E-05 9.527439024E-05
459.4 0 9.574142157E-05
459.6 0 9.621305419E-05
459.8 0 9.668935644E-05
460 0 1.065986164E-19
460.2 0 -1.733644204E-20
460.4 0 9.814698492E-05
460.6 0 9.864267677E-05
460.8 0 2.597634728E-19
461 0 -9.964923469E-05
461.2 0 -0.0001001602564
461.4 0 -0.0001006765464
461.6 0 -0.0001011981865
461.8 0 -3.971673729E-20
462 0 -8.679228275E-20
462.2 0 -0.0001027960526
462.4 0 -0.0001033399471
462.6 0 1.89660229E-19
462.8 0 0.0001044451872
463 0 0.0001050067204
463.2 0 2.352627832E-19
463.4 0 6.588503929E-20
463.6 0 8.266080796E-20
463.8 0 3.429519854E-19
464 0 3.340407718E-19
464.2 0 7.741984575E-20
464.4 0 -4.570651929E-20
464.6 0 6.133656189E-20
464.8 0 1.807164453E-19
465 0 2.68717435E-19
465.2 0 2.329525515E-19
465.4 0 4.275383255E-20
465.6 0 4.110438794E-19
465.8 0 2.502578554E-19
466 0 0.0001142178363
466.2 0 0.0001148897059
466.4 0 -0.0001155695266
466.6 0 1.776071823E-19
466.8 0 0.0001169535928
467 0 -0.0001176581325
467.2 0 -0.0001183712121
467.4 0 1.24453263E-19
467.6 0 -0.0001198236196
467.8 0 -0.0001205632716
468 0 -1.541565043E-19
468.2 0 2.654455439E-20
468.4 0 -1.743424555E-19
468.6 0 -2.223321536E-19
468.8 0 -3.981427387E-20
469 0 2.052193256E-19
469.2 0 1.793726128E-20
469.4 0 -1.141349139E-19
469.6 0 -8.346196877E-20
469.8 0 2.768375551E-22
470 0 -2.025950605E-20
470.2 0 1.440647072E-19
470.4 0 3.459828381E-19
470.6 0 2.412572991E-19
470.8 0 -1.084150399E-19
471 0 2.167356315E-19
471.2 0 -2.305455457E-20
471.4 0 9.354818485E-20
471.6 0 2.022321656E-19
471.8 0 1.494672977E-19
472 0 -6.446471572E-20
472.2 0 3.124135933E-19
472.4 0 1.897510666E-20
472.6 0 -2.436205808E-19
472.8 0 -2.427212485E-19
473 0 -3.721453461E-20
473.2 0 0.0001446759259
473.4 0 0.000145755597
473.6 0 -1.252371938E-19
473.8 0 -9.071350644E-20
474 0 2.187090118E-19
474.2 0 1.040645044E-19
474.4 0 -1.049934012E-19
474.6 0 2.785639544E-19
474.8 0 -2.039380243E-19
475 0 1.539705282E-20
475.2 0 1.721767932E-19
475.4 0 -9.980820874E-21
475.6 0 -0.0001587906504
475.8 0 4.188700826E-20
476 0 0.0003228305785
476.2 0 0.0001627604167
476.4 0 1.114966267E-20
476.6 0 -0.0001655190678
476.8 0 0.0001669337607
477 0 1.665307948E-19
477.2 0 -0.0001698369565
477.4 0 -4.554187035E-20
477.6 0 -9.400566581E-20
477.8 0 0.0001743861607
478 0 0.0001759572072
478.2 7.102272727E-05 2.403987198E-19
478.4 7.167431193E-05 3.31997775E-19
478.6 7.233796296E-05 -5.791431276E-20
478.8 7.301401869E-05 -4.252171111E-19
479 7.370283019E-05 -3.006887749E-20
479.2 7.44047619E-05 1.703695167E-19
479.4 7.512019231E-05 2.848616911E-19
479.6 7.584951456E-05 4.242092027E-19
479.8 7.659313725E-05 5.145354977E-19
480 7.735148515E-05 4.24781948E-19
480.2 7.8125E-05 -0.0001953125
480.4 7.891414141E-05 6.933746664E-19
480.6 0 0.0003985969388
480.8 8.054123711E-05 4.858781699E-19
481 0 -2.782402985E-19
481.2 0 9.271094403E-20
481.4 0 5.068821892E-19
481.6 0 6.115381514E-19
481.8 0 6.231650356E-20
482 0 1.685858612E-19
482.2 0 2.192018712E-19
482.4 0 2.719457891E-19
482.6 0 -1.598662908E-19
482.8 0 -8.115009525E-20
483 0 4.044206933E-19
483.2 0 4.899166194E-20
483.4 0 -2.021056441E-19
483.6 0 -2.032858445E-19
483.8 0 -4.026345519E-19
484 0 -1.13750705E-19
484.2 0 -3.940800702E-20
484.4 0 -1.539439095E-19
484.6 0 -2.20463814E-19
484.8 0 -5.170671512E-20
485 0 -1.889572057E-19
485.2 0 2.170396698E-19
485.4 0 4.449181718E-19
485.6 0 2.175518717E-19
485.8 0 -2.310400982E-19
486 0 -2.624667711E-19
486.2 0 2.64222847E-19
486.4 0 -3.032905298E-19
486.6 0 -9.391711954E-20
486.8 0 -2.302238823E-19
487 0 3.552985716E-19
487.2 0 3.258495421E-19
487.4 0 -9.925327277E-20
487.6 0 -1.823534777E-19
487.8 0 -1.852306719E-19
488 0 3.944332008E-19
488.2 0 6.170316429E-20
488.4 0 -3.040387958E-19
488.6 0 2.912042389E-19
488.8 0 -3.668870828E-19
489 0 -2.099542644E-19
489.2 0 1.375636989E-19
489.4 0 -2.848321176E-20
489.6 0 -2.586699198E-19
489.8 0 6.637680806E-19
490 0 -5.106940081E-19
490.2 0 -6.481073342E-20
490.4 0 6.961442828E-19
490.6 0 -3.039493888E-19
490.8 0 -3.239923709E-19
491 0 3.648326666E-19
491.2 0 7.985010994E-19
491.4 0 4.347702716E-19
491.6 0 -4.284824227E-19
491.8 0 -4.83358799E-19
492 0 5.79657674E-19
492.2 0 3.013599657E-19
492.4 0 -7.084878085E-20
492.6 0 3.168378679E-19
492.8 0 3.632712226E-19
493 0 -1.881017715E-19
493.2 0 -1.350209378E-19
493.4 0 -7.060182932E-20
493.6 0 4.764590512E-19
493.8 0 6.575019379E-19
494 0 -2.263950972E-19
494.2 0 2.524665341E-19
494.4 0 -1.582111062E-19
494.6 0 -8.897430707E-20
494.8 0 6.84228158E-19
495 0 6.02745116E-19
495.2 0 8.55278305E-20
495.4 0 6.849854434E-19
495.6 0 3.046656976E-19
495.8 0 2.336396372E-18
496 0 1.406050653E-18
496.2 0 -3.027233689E-19
496.4 0 6.149872006E-19
496.6 0 -6.946025861E-19
496.8 0 -3.126492549E-20
497 0 -3.929951263E-19
497.2 0 -4.330255835E-19
497.4 0 2.164078728E-18
497.6 0 8.4760805E-19
497.8 0 8.139267679E-19
498 0 -1.057098712E-18
498.2 0 3.074085692E-18
498.4 0 2.798446796E-18
498.6 0 2.556786562E-18
498.8 0 4.588737739E-18
499 0 3.569882087E-18
499.2 0 5.841555003E-18
499.4 0 5.62674467E-18
499.6 0 7.765668206E-18
499.8 0 -2.234463534E-17
500 0 7.573307664E-18
