0 0.007397041184 2.342812875E-05
0.2 0.00648125 0.0015703125
0.4 0.006083683473 0.0004220438175
0.6 0.005754603683 0.0003596627302
0.8 0.00550660793 0.0001407939527
1 0.005295973558 0.0001173753005
1.2 0.005066382766 0.0002035320641
1.4 0.004855402967 0.0003132518043
1.6 0.004628585038 0.0003917218211
1.8 0.004439205457 0.0001959395064
2 0.004296718185 0.0001803367122
2.2 0.004129016064 0.000172565261
2.4 0.003989428485 0.0001490935115
2.6 0.003846588625 0.0001648537982
2.8 0.003709916566 0.0001884800965
3 0.003557421561 0.0001806994167
3.2 0.003448817907 7.859657948E-06
3.4 0.003330691425 5.503975443E-05
3.6 0.003218762586 7.079389851E-05
3.8 0.003131924859 0.0001101682111
4 0.00304501713 0.0001102126159
4.2 0.002954889113 -7.875504032E-06
4.4 0.00286153691 1.646496694E-21
4.6 0.002790178571 3.940930186E-05
4.8 0.002709300565 0.0001261606782
5 0.002640978393 0.0001577645396
5.2 0.00257260101 0.0001025883838
5.4 0.002516799717 -4.227384253E-22
5.6 0.002470430651 5.528457339E-05
5.8 0.002411382484 9.48118932E-05
6 0.00236177155 7.113769729E-05
6.2 0.002286816802 3.953694332E-05
6.4 0.002233950992 -3.955295666E-05
6.6 0.002181042342 -0.0001503621353
6.8 0.002150258411 -8.708704905E-05
7 0.002100440998 4.752128954E-05
7.2 0.00203790568 -5.546399594E-05
7.4 0.002003855519 -8.719308036E-05
7.6 0.001960261876 7.929861957E-06
7.8 0.001922979285 -2.379924858E-05
8 0.001863444738 -7.93630638E-05
8.2 0.001829268293 -3.175813008E-05
8.4 0.001791886946 -1.588552257E-05
8.6 0.001738583198 -2.383797803E-05
8.8 0.001697954823 -4.76953602E-05
9 0.001660474349 -7.952463355E-05
9.2 0.001613416497 -6.364562118E-05
9.4 0.00155676956 -3.183577832E-05
9.6 0.001509631064 -4.777313494E-05
9.8 0.001465640294 -4.779261827E-05
10 0.001418426153 -3.1874745E-05
10.2 0.001383928571 -3.18877551E-05
10.4 0.00133345243 -7.975193957E-05
10.6 0.001298891953 -0.000119676777
10.8 0.001273881283 1.59634246E-05
11 0.001229686222 0.0001197746321
11.2 0.001191845603 3.195296524E-05
11.4 0.001157170622 -7.192358838E-05
11.6 0.001122467253 -9.593737208E-05
11.8 0.001087735463 -3.999027437E-05
12 0.001049774683 -4.000665711E-05
12.2 0.001024590164 -0.0001040599385
12.4 0.0009961818368 -0.0001041026035
12.6 0.0009741591468 -6.408941756E-05
12.8 0.0009521183833 -7.213018055E-05
13 0.0009300595238 -3.207101806E-05
13.2 0.0009015657084 8.396494625E-21
13.4 0.0008890971652 8.024342646E-06
13.6 0.0008701962598 1.605528155E-05
13.8 0.0008544921875 -5.621659128E-05
14 0.0008291341012 -0.0001205136775
14.2 0.0008134002058 -8.03755144E-05
14.4 0.0007912206669 -4.020430218E-05
14.6 0.0007786758649 -5.630920511E-05
14.8 0.0007629017305 -3.218994644E-05
15 0.0007438942704 -3.220321517E-05
15.2 0.0007280927835 8.054123711E-06
15.4 0.000705832302 2.417233911E-05
15.6 0.0006900020636 -3.224308708E-05
15.8 0.000680610033 2.419229975E-05
16 0.000664756299 8.067430814E-06
16.2 0.0006521177686 -6.45661157E-05
16.4 0.0006297798677 8.074100868E-06
16.6 0.0006041925145 7.26969603E-05
16.8 0.0005818163012 1.616156392E-05
17 0.0005788234685 -8.892539321E-05
17.2 0.0005693581781 -7.278726708E-05
17.4 0.0005598850456 -3.236329743E-05
17.6 0.0005504040613 -8.094177373E-06
17.8 0.0005311981758 -2.42925995E-05
18 0.0005152167151 -4.860535048E-05
18.2 0.0004959802905 -2.431275934E-05
18.4 0.000489700083 -3.243046907E-05
18.6 0.0004801702658 8.110984219E-06
18.8 0.0004608953054 4.868612381E-05
19 0.0004416043225 3.247090607E-05
19.2 0.000425545738 4.060550936E-05
19.4 0.0004159733777 2.020476594E-20
19.6 0.0004161464836 2.667295215E-21
19.8 0.0004065622398 -6.459086136E-21
20 0.0004002238651 -2.440389421E-05
20.2 0.0003873697917 -2.44140625E-05
20.4 0.0003842746978 -8.141413089E-05
20.6 0.0003844349458 -7.330327356E-05
20.8 0.0003748174802 -8.148206091E-06
21 0.0003684526294 1.928902618E-20
21.2 0.0003620824635 -3.262004175E-05
21.4 0.0003557069758 -4.079208438E-05
21.6 0.0003525908901 -7.345643544E-05
21.8 0.0003527382943 -5.715666806E-05
22 0.0003496183605 3.267461313E-05
22.2 0.0003464958159 2.451621339E-05
22.4 0.0003433706572 -8.175491838E-06
22.6 0.0003435144472 1.635783082E-05
22.8 0.0003436583578 -3.272936741E-05
23 0.0003438023889 -9.004348282E-05
23.2 0.0003406708595 -6.551362683E-05
23.4 0.0003408137584 -1.638527685E-05
23.6 0.0003343999161 -1.639215275E-05
23.8 0.0003312604954 8.199517212E-06
24 0.0003281184376 -1.640592188E-05
24.2 0.0003216911765 -1.641281513E-05
24.4 0.0003218263976 4.92591425E-05
24.6 0.0003153910849 4.927985702E-05
24.8 0.0003089503576 8.21676483E-06
25 0.0003025042088 -7.398200758E-05
25.2 0.0002993421053 -5.756578947E-05
25.4 0.0002961773378 -4.113574136E-05
25.6 0.0002963021492 -4.938369153E-05
25.8 0.0002931334317 -8.23408516E-05
26 0.0002932570645 -0.0001070882539
26.2 0.0002966772152 2.720405252E-20
26.4 0.0003001002533 3.297804981E-05
26.6 0.0002969277872 -5.773595861E-05
26.8 0.0002970532319 -7.426330798E-05
27 0.0003037827557 -8.254966188E-06
27.2 0.0002973044397 -4.12922833E-05
27.4 0.000297430203 -5.783365059E-05
27.6 0.0002975560728 -2.47963394E-05
27.8 0.0003009896274 2.480683743E-05
28 0.0003011171114 -8.272448115E-06
28.2 0.0003045550847 -0.0001075873941
28.4 0.0002980606189 -8.279461636E-05
28.6 0.0002915606446 -6.626378287E-05
28.8 0.0002883697497 -4.14324353E-05
29 0.0002918081494 1.658000849E-05
29.2 0.0002919320594 8.293524416E-06
29.4 0.0002820996177 -3.318819031E-05
29.6 0.000268938589 -9.130631109E-05
29.8 0.0002624096514 -9.964923469E-05
30 0.0002558751595 8.307635049E-06
30.2 0.0002526595745 9.142287234E-05
30.4 0.0002427894849 2.494412516E-05
30.6 0.0002362382879 -1.663649915E-05
30.8 0.0002296815083 -1.664358756E-05
31 0.0002264492754 -8.325341006E-05
31.2 0.0002198827292 -8.328891258E-05
31.4 0.000216643558 -3.332977816E-05
31.6 0.0002100672215 -1.667200171E-05
31.8 0.0002068210931 3.844923773E-20
32 0.0002069094404 2.502936779E-05
32.2 0.000203659188 8.346688034E-06
32.4 0.0002037462591 -8.35025652E-06
32.6 0.0002004918734 2.057865706E-22
32.8 0.0001972347026 -1.671480531E-05
33 0.0001939747432 -6.688784247E-05
33.2 0.0001907119914 -7.528104925E-05
33.4 0.0001874464439 -6.694515853E-05
33.6 0.0001841780969 -5.860212173E-05
33.8 0.0001809069468 -4.187660806E-05
34 0.0001776329901 -5.027348777E-05
34.2 0.0001743562232 -3.353004292E-05
34.4 0.0001710766423 -1.677221984E-05
34.6 0.0001711501289 1.67794244E-05
34.8 0.0001745810056 8.393317576E-06
35 0.0001712972915 -5.038155632E-05
35.2 0.0001646505376 -3.360215054E-05
35.4 0.0001613597246 8.404152324E-06
35.6 0.0001547029703 -1.681554025E-05
35.8 0.0001480404823 -6.729112834E-05
36 0.0001447382594 -2.524504524E-05
36.2 0.0001414331897 8.418642241E-06
36.4 0.0001347563605 -4.211136266E-05
36.6 0.0001348144953 -2.527771786E-05
36.8 0.0001315008632 4.214771256E-05
37 0.0001281843696 3.373272884E-05
37.2 0.0001248650108 4.218412527E-05
37.4 0.0001215427831 -4.387355638E-21
37.6 0.0001182176827 -5.910884133E-05
37.8 0.0001148897059 -3.379108997E-05
38 0.0001183199913 -8.451427953E-06
38.2 0.0001183712121 -1.691017316E-05
38.4 0.0001218059766 -2.537624513E-05
38.6 0.0001184737868 -2.495522138E-21
38.8 0.0001083658431 -2.539824447E-05
39 0.0001084128361 -8.469752819E-06
39.2 0.0001050704989 8.473427332E-06
39.4 0.0001017252604 -3.390842014E-05
39.6 9.159248806E-05 -1.696157186E-05
39.8 7.805712424E-05 -5.090682016E-05
40 7.809104737E-05 -9.336973055E-05
40.2 8.152173913E-05 -2.547554348E-05
40.4 8.155719878E-05 -9.785718567E-22
40.6 7.479329852E-05 -3.399695387E-05
40.8 7.142468437E-05 -6.802350892E-05
41 7.145579268E-05 -8.506641986E-05
41.2 6.808278867E-05 -5.957244009E-05
41.4 6.470684394E-05 -5.959840889E-05
41.6 6.132795464E-05 -7.665994331E-05
41.8 5.794611693E-05 -3.408595113E-05
42 5.1151244E-05 8.525207333E-06
42.2 4.435043668E-05 -3.411572052E-05
42.4 4.095674967E-05 -7.679390564E-05
42.6 3.414554196E-05 -5.975469843E-05
42.8 3.416047223E-05 -5.124070835E-05
43 3.075787402E-05 -4.271926947E-05
43.2 2.735229759E-05 -5.128555799E-05
43.4 2.394373905E-05 -4.275667688E-05
43.6 2.053219448E-05 -3.422032413E-05
43.8 1.711765995E-05 -2.567648992E-05
44 2.055019728E-05 -7.332004927E-21
44.2 1.713267544E-05 -3.426535088E-05
44.4 1.371215445E-05 -4.285048267E-05
44.6 1.028863038E-05 8.573858648E-06
44.8 6.862099253E-06 8.577624067E-06
45 3.432557118E-06 8.581392794E-06
45.2 3.434065934E-06 3.434065934E-05
45.4 3.435576077E-06 2.576682058E-05
45.6 3.437087549E-06 -8.592718874E-06
45.8 3.438600352E-06 -8.59650088E-06
46 3.440114487E-06 8.600286218E-06
46.2 3.441629956E-06 -2.581222467E-05
46.4 3.443146761E-06 -2.582360071E-05
46.6 3.444664903E-06 -2.583498677E-05
46.8 3.446184385E-06 -2.584638288E-05
47 0 -3.447705207E-05
47.2 0 -6.036147903E-05
47.4 0 -6.038814046E-05
47.6 3.45227574E-06 -4.315344675E-05
47.8 3.453801945E-06 -8.634504863E-06
48 3.4553295E-06 -1.72766475E-05
48.2 3.456858407E-06 -1.728429204E-05
48.4 3.458388668E-06 -1.955272549E-20
48.6 3.459920283E-06 -3.459920283E-05
48.8 3.461453257E-06 -5.192179885E-05
49 3.462987589E-06 -4.328734486E-05
49.2 3.464523282E-06 -2.598392461E-05
49.4 3.466060337E-06 -1.733030169E-05
49.6 3.467598757E-06 -3.467598757E-05
49.8 3.469138544E-06 -2.601853908E-05
50 3.470679698E-06 -2.603009773E-05
50.2 3.472222222E-06 -3.472222222E-05
50.4 3.473766118E-06 -8.684415296E-06
50.6 0 -8.68827847E-06
50.8 3.476858033E-06 -1.738429016E-05
51 3.478406055E-06 8.696015138E-06
51.2 3.479955457E-06 1.739977728E-05
51.4 3.481506239E-06 2.611129679E-05
51.6 3.483058404E-06 2.612293803E-05
51.8 3.484611954E-06 2.613458965E-05
52 3.48616689E-06 8.715417224E-06
52.2 3.487723214E-06 -5.231584821E-05
52.4 3.489280929E-06 -6.106241626E-05
52.6 3.490840036E-06 -1.745420018E-05
52.8 3.492400536E-06 1.746200268E-05
53 3.493962433E-06 1.746981216E-05
53.2 3.495525727E-06 -8.738814318E-06
53.4 3.497090421E-06 -1.74854521E-05
53.6 3.498656516E-06 8.74664129E-06
53.8 3.500224014E-06 -1.750112007E-05
54 3.501792918E-06 -5.252689377E-05
54.2 3.503363229E-06 -3.503363229E-05
54.4 0 -2.628701211E-05
54.6 3.506508079E-06 8.766270197E-06
54.8 0 1.754041311E-05
55 0 -2.632243935E-05
55.2 0 -3.511235955E-05
55.4 0 -3.512814748E-05
55.6 0 -3.514394962E-05
55.8 0 -1.757988299E-05
56 0 1.758779829E-05
56.2 0 3.519144144E-05
56.4 0 8.801825146E-06
56.6 0 -8.805793508E-06
56.8 0 -1.76195309E-05
57 0 -2.644122292E-05
57.2 0 -1.763544018E-05
57.4 0 -8.8217028E-06
57.6 0 1.192348194E-20
57.8 0 -8.829679024E-06
58 0 -1.766734509E-05
58.2 0 7.584176778E-21
58.4 0 8.841670439E-06
58.6 3.538269928E-06 8.845674819E-06
58.8 0 -4.424841414E-05
59 3.541477788E-06 -5.312216682E-05
59.2 0 -1.77154195E-05
59.4 0 -2.658518603E-05
59.6 0 -2.659725374E-05
59.8 0 -3.54791099E-05
60 0 -8.87380736E-06
60.2 0 1.714448654E-20
60.4 3.552751251E-06 -2.664563438E-05
60.6 7.108735214E-06 -5.33155141E-05
60.8 1.06679563E-05 -2.666989076E-05
61 1.423041894E-05 1.778802368E-05
61.2 2.135535308E-05 -1.779612756E-05
61.4 2.848678213E-05 -1.780423883E-05
61.6 3.20622435E-05 -8.906178751E-06
61.8 3.564096715E-05 8.910241788E-06
62 3.565723414E-05 8.914308535E-06
62.2 3.567351598E-05 -1.783675799E-05
62.4 3.56898127E-05 -8.922453175E-06
62.6 3.570612431E-05 2.677959324E-05
62.8 3.215020576E-05 3.572245085E-05
63 3.573879231E-05 -8.934698079E-06
63.2 3.575514874E-05 -3.575514874E-05
63.4 3.577152015E-05 -8.942880037E-06
63.6 3.578790655E-05 2.684092991E-05
63.8 3.938473877E-05 8.951076994E-06
64 3.940279688E-05 -3.582072444E-05
64.2 3.942087156E-05 -1.791857798E-05
64.4 3.585360257E-05 8.963400642E-06
64.6 3.587006428E-05 8.96751607E-06
64.8 4.306384933E-05 -3.588654111E-05
65 4.667394301E-05 -2.692727482E-05
65.2 5.028735632E-05 2.693965517E-05
65.4 5.749770009E-05 1.796803128E-05
65.6 6.111942016E-05 2.696445007E-05
65.8 6.114755985E-05 3.596915285E-05
66 5.757715339E-05 2.698929065E-05
66.2 6.120391705E-05 -9.000576037E-06
66.4 5.763024435E-05 9.00472568E-06
66.6 5.405327491E-05 5.405327491E-05
66.8 5.407821874E-05 3.605214582E-05
67 5.049630656E-05 1.80343952E-05
67.2 5.051963048E-05 3.608545035E-05
67.4 5.054297597E-05 3.610212569E-05
67.6 4.69544614E-05 2.708911234E-05
67.8 5.058973173E-05 2.7101642E-05
68 5.061314206E-05 8.134254975E-05
68.2 5.063657407E-05 7.233796296E-05
68.4 4.704145438E-05 1.809286707E-05
68.6 3.982275255E-05 8.145563021E-05
68.8 3.621928605E-05 5.432892907E-05
69 3.261247681E-05 -1.811804267E-05
69.2 3.262761021E-05 9.063225058E-06
69.4 2.901578459E-05 2.720229805E-05
69.6 3.265791918E-05 3.628657687E-05
69.8 3.26730948E-05 6.353101766E-05
70 2.905625291E-05 3.632031613E-05
70.2 2.906976744E-05 1.816860465E-05
70.4 2.544788274E-05 5.453117729E-05
70.6 1.818552142E-05 6.364932495E-05
70.8 1.455519329E-05 4.548497904E-05
71 1.092148183E-05 3.640493942E-05
71.2 7.284382284E-06 5.463286713E-05
71.4 3.643889925E-06 3.643889925E-05
71.6 3.645590294E-06 9.113975735E-06
71.8 3.64729225E-06 2.12714101E-20
72 3.648995796E-06 -9.122489491E-06
72.2 3.650700935E-06 9.126752336E-06
72.4 3.652407667E-06 9.131019168E-06
72.6 3.654115996E-06 1.89246157E-20
72.8 3.655825924E-06 -1.827912962E-05
73 3.657537453E-06 -1.987712253E-21
73.2 7.318501171E-06 1.829625293E-05
73.4 7.321930647E-06 -6.245551741E-21
73.6 1.098804501E-05 -9.156704173E-06
73.8 1.46575985E-05 -3.664399625E-05
74 1.833059596E-05 -1.833059596E-05
74.2 1.833920188E-05 9.169600939E-06
74.4 1.46782527E-05 -4.586953969E-05
74.6 1.101386278E-05 -6.424753289E-05
74.8 7.346027268E-06 -1.836506817E-05
75 7.349482596E-06 -3.396626438E-21
75.2 7.352941176E-06 -9.191176471E-06
75.4 7.356403013E-06 -9.195503766E-06
75.6 1.471973622E-05 9.199835139E-06
75.8 1.840834119E-05 1.217353392E-20
76 1.473361622E-05 -9.208510137E-06
76.2 1.842570755E-05 6.943907492E-21
76.4 2.212128362E-05 -1.843440302E-05
76.6 2.582034939E-05 -2.751326273E-20
76.8 2.583254606E-05 -2.767772792E-05
77 2.21526465E-05 -8.307242439E-05
77.2 1.846926714E-05 -2.770390071E-05
77.4 1.478240303E-05 1.847800378E-05
77.6 1.109204922E-05 -4.512999033E-21
77.8 7.398200758E-06 1.849550189E-05
78 1.110255803E-05 3.700852676E-05
78.2 1.110781991E-05 -6.695961794E-21
78.4 1.111308677E-05 1.852181128E-05
78.6 1.482447818E-05 3.706119545E-05
78.8 1.4831514E-05 2.780908875E-05
79 1.112891738E-05 7.419278253E-05
79.2 1.855700713E-05 6.494952494E-05
79.4 2.22789924E-05 2.784874049E-05
79.6 2.600451736E-05 1.857465525E-05
79.8 2.230019029E-05 9.291745956E-06
80 2.231080438E-05 -2.788850547E-05
80.2 2.232142857E-05 -3.720238095E-05
80.4 2.233206289E-05 2.09998109E-21
80.6 2.234270734E-05 2.792838418E-05
80.8 1.862780162E-05 3.725560324E-05
81 1.490935115E-05 1.863668893E-05
81.2 1.118735084E-05 9.322792363E-06
81.4 1.492359121E-05 -2.798173352E-05
81.6 1.493072145E-05 -9.331700908E-06
81.8 1.493785851E-05 2.80084847E-05
82 1.494500239E-05 4.670313247E-05
82.2 1.495215311E-05 9.345095694E-06
82.4 1.121948301E-05 9.349569172E-06
82.6 1.122485632E-05 1.870809387E-05
82.8 1.123023479E-05 -9.358528989E-06
83 1.123561841E-05 1.872603068E-05
83.2 1.124100719E-05 9.531679975E-21
83.4 1.124640115E-05 3.748800384E-05
83.6 1.125180029E-05 7.501200192E-05
83.8 1.500960615E-05 3.752401537E-05
84 1.877102355E-05 9.385511773E-06
84.2 2.253605769E-05 2.817007212E-05
84.4 2.63047138E-05 3.757816258E-05
84.6 2.631737247E-05 -2.339647138E-20
84.8 2.633004333E-05 1.880717381E-05
85 2.257947977E-05 2.822434971E-05
85.2 1.88253012E-05 -2.935624239E-20
85.4 1.130062681E-05 -1.767099467E-20
85.6 1.130607815E-05 -9.42173179E-06
85.8 7.541023166E-06 -2.827883687E-05
86 7.544664413E-06 -3.772332207E-05
86.2 1.132246377E-05 -3.774154589E-05
86.4 1.13279362E-05 -9.439946834E-06
86.6 1.133341393E-05 3.777804642E-05
86.8 1.133889695E-05 1.889816159E-05
87 1.134438529E-05 -3.781461762E-05
87.2 1.134987893E-05 -5.674939467E-05
87.4 1.135537791E-05 -1.892562984E-05
87.6 1.136088221E-05 2.840220553E-05
87.8 1.136639185E-05 9.47199321E-06
88 1.137190684E-05 -9.476589034E-06
88.2 1.516990291E-05 -9.48118932E-06
88.4 1.897158815E-05 -3.79431763E-05
88.6 1.898080661E-05 -2.847120991E-05
88.8 2.278804084E-05 -1.899003403E-05
89 2.279912451E-05 -3.799854086E-05
89.2 2.661192214E-05 -2.851277372E-05
89.4 3.423198637E-05 8.14485604E-21
89.6 3.805406722E-05 9.513516805E-06
89.8 4.56871345E-05 -1.903630604E-05
90 4.190029254E-05 -1.904558752E-05
90.2 4.573170732E-05 -5.716463415E-05
90.4 4.956686188E-05 -6.672462177E-05
90.6 5.340576172E-05 -3.814697266E-05
90.8 5.724841231E-05 -3.816560821E-05
91 6.109481916E-05 -3.818426197E-05
91.2 6.494498778E-05 -3.820293399E-05
91.4 6.879892368E-05 -1.911081213E-05
91.6 7.26566324E-05 -2.868024963E-05
91.8 7.269221352E-05 3.032453366E-21
92 7.27278295E-05 1.91389025E-05
92.2 6.893382353E-05 9.574142157E-06
92.4 6.130456106E-05 -1.23234454E-21
92.6 6.133464181E-05 3.833415113E-05
92.8 4.985886107E-05 2.876472754E-05
93 4.604616896E-05 1.438186452E-20
93.2 4.222972973E-05 3.839066339E-05
93.4 3.456858407E-05 9.602384464E-06
93.6 3.45855878E-05 -1.921421545E-05
93.8 3.075787402E-05 1.922367126E-05
94 2.692639094E-05 4.808284097E-05
94.2 2.693965517E-05 2.886391626E-05
94.4 2.695293248E-05 -1.925209463E-05
94.6 2.696622288E-05 -3.852317554E-05
94.8 2.697952639E-05 -1.927109028E-05
95 2.699284304E-05 1.928060217E-05
95.2 2.700617284E-05 5.787037037E-05
95.4 2.701951581E-05 9.649827075E-06
95.6 3.089471083E-05 -1.930919427E-05
95.8 3.477373887E-05 9.659371909E-06
96 3.865660564E-05 5.798490846E-05
96.2 4.254331683E-05 2.900680693E-05
96.4 4.643387816E-05 -9.673724616E-06
96.6 5.419970268E-05 9.678518335E-06
96.8 5.422657412E-05 -9.683316807E-06
97 6.200396825E-05 -9.68812004E-06
97.2 6.591191067E-05 -9.69292804E-06
97.4 6.594463754E-05 -2.909322244E-05
97.6 6.985842027E-05 -9.702558371E-06
97.8 6.601018887E-05 -9.707380716E-06
98 6.215813028E-05 -9.712207857E-06
98.2 5.830223881E-05 9.717039801E-06
98.4 5.444250871E-05 -1.944375311E-05
98.6 5.057893426E-05 -6.808702689E-05
98.8 4.671150972E-05 -1.946312905E-05
99 4.284022931E-05 9.736415753E-06
99.2 3.896508728E-05 -2.922381546E-05
99.4 3.508607784E-05 -4.873066367E-05
99.6 3.120319521E-05 -2.925299551E-05
99.8 2.731643357E-05 -9.755869131E-06
100 2.342578711E-05 -1.952148926E-05
100.2 1.953125E-05 -4.8828125E-05
100.4 1.563281641E-05 -6.839357179E-05
100.6 1.173048048E-05 -4.8877002E-05
100.8 7.824236355E-06 -9.780295443E-06
101 3.914078156E-06 -3.914078156E-05
101.2 0 -6.853070175E-05
101.4 0 -4.897505015E-05
101.6 3.919969895E-06 -3.919969895E-05
101.8 3.921937751E-06 -2.941453313E-05
102 3.923907584E-06 -3.923907584E-05
102.2 3.925879397E-06 -4.907349246E-05
102.4 3.927853193E-06 -3.927853193E-05
102.6 0 -3.929828974E-05
102.8 3.931806744E-06 -3.931806744E-05
103 3.933786506E-06 -2.950339879E-05
103.2 3.935768262E-06 -2.951826196E-05
103.4 3.937752016E-06 -3.937752016E-05
103.6 3.939737771E-06 -1.969868886E-05
103.8 3.94172553E-06 -1.483576301E-20
104 3.943715295E-06 9.859288238E-06
104.2 3.945707071E-06 9.864267677E-06
104.4 3.947700859E-06 1.97385043E-05
104.6 3.949696663E-06 1.046864307E-21
104.8 3.951694487E-06 2.064636508E-20
105 3.953694332E-06 2.965270749E-05
105.2 3.955696203E-06 -1.137056194E-20
105.4 3.957700101E-06 1.978850051E-05
105.6 3.959706031E-06 2.969779524E-05
105.8 3.961713996E-06 1.980856998E-05
106 3.963723998E-06 9.909309995E-06
106.2 3.965736041E-06 9.914340102E-06
106.4 3.967750127E-06 2.975812595E-05
106.6 3.96976626E-06 2.977324695E-05
106.8 3.971784443E-06 3.971784443E-05
107 3.97380468E-06 2.98035351E-05
107.2 0 -7.65450327E-22
107.4 3.977851324E-06 -2.067892621E-20
107.6 0 9.949694345E-06
107.8 3.981906218E-06 -1.990953109E-05
108 3.983936767E-06 -2.987952575E-05
108.2 3.985969388E-06 -5.978954082E-05
108.4 3.988004084E-06 -7.976008167E-05
108.6 3.990040858E-06 -2.992530644E-05
108.8 0 9.980199285E-06
109 0 -1.180579784E-20
109.2 0 -1.998081841E-05
109.4 0 -4.997761003E-05
109.6 0 -6.000384025E-05
109.8 0 -4.002305328E-05
110 0 -4.00435674E-05
110.2 0 -3.004807692E-05
110.4 0 -4.00846588E-05
110.6 0 -2.005261807E-05
110.8 0 -3.009437596E-05
111 0 -5.018306783E-05
111.2 0 -1.004177378E-05
111.4 0 2.00938786E-05
111.6 0 3.015633042E-05
111.8 0 -1.00572863E-05
112 0 -3.01874034E-05
112.2 0 -1.460461903E-20
112.4 0 1.856266719E-20
112.6 0 1.007804438E-05
112.8 0 -1.735371543E-20
113 0 -8.062293764E-21
113.2 0 4.0374677E-05
113.4 0 -1.521899836E-20
113.6 0 -1.010411278E-05
113.8 0 4.04373706E-05
114 0 5.057288969E-05
114.2 0 2.023963731E-05
114.4 0 -2.02501296E-05
114.6 4.052126556E-06 -1.013031639E-05
114.8 8.108458744E-06 1.013557343E-05
115 8.112668744E-06 -3.042250779E-05
115.2 8.116883117E-06 -2.029220779E-05
115.4 8.121101871E-06 -3.045413202E-05
115.6 8.125325013E-06 -4.062662507E-05
115.8 8.129552549E-06 2.032388137E-05
116 8.133784487E-06 1.016723061E-05
116.2 8.138020833E-06 -3.051757812E-05
116.4 8.142261595E-06 -2.035565399E-05
116.6 8.146506778E-06 -5.430911892E-21
116.8 8.15075639E-06 -1.018844549E-05
117 8.155010438E-06 -1.019376305E-05
117.2 8.15926893E-06 3.797704229E-21
117.4 8.16353187E-06 1.020441484E-05
117.6 1.22516989E-05 2.041949817E-05
117.8 1.225810669E-05 9.744611765E-21
118 8.176347462E-06 -2.044086866E-05
118.2 8.180628272E-06 -1.022578534E-05
118.4 8.184913567E-06 1.023114196E-05
118.6 8.189203354E-06 2.047300839E-05
118.8 8.19349764E-06 -3.072561615E-05
119 8.197796432E-06 -5.12362277E-05
119.2 8.202099738E-06 1.025262467E-05
119.4 4.103203782E-06 3.077402836E-05
119.6 0 -1.001400528E-20
119.8 0 -1.0268796E-05
120 0 1.027419779E-05
120.2 0 3.083881579E-05
120.4 0 -2.574012677E-20
120.6 0 -1.02904373E-05
120.8 0 4.118344755E-05
121 0 3.090387658E-05
121.2 0 1.030672823E-05
121.4 0 2.062434002E-05
121.6 4.127047015E-06 2.063523508E-05
121.8 4.12922833E-06 3.096921247E-05
122 4.131411951E-06 1.032852988E-05
122.2 4.133597884E-06 -1.033399471E-05
122.4 4.13578613E-06 3.101839598E-05
122.6 0 -1.451659888E-20
122.8 0 -4.140169581E-05
123 0 3.977594654E-20
123.2 0 1.363960274E-20
123.4 0 1.739716907E-20
123.6 0 2.074482209E-05
123.8 0 1.612882623E-21
124 0 -2.076687932E-05
124.2 0 -1.038896277E-05
124.4 0 2.07889835E-05
124.6 0 4.16001065E-05
124.8 0 4.162226958E-05
125 0 2.082222814E-05
125.2 0 2.083333333E-05
125.4 0 -1.806330418E-20
125.6 0 -1.042778964E-05
125.8 0 1.043336004E-05
126 0 -8.257913024E-21
126.2 0 -2.088903743E-05
126.4 0 -2.090021402E-05
126.6 0 -1.045570128E-05
126.8 0 -1.348416833E-20
127 0 5.233453912E-05
127.2 0 6.283512064E-05
127.4 0 5.239069206E-05
127.6 0 1.048376275E-05
127.8 0 -2.097878625E-05
128 0 -5.005003942E-21
128.2 0 -1.050067204E-05
128.4 0 -1.05063206E-05
128.6 0 1.051197524E-05
128.8 0 2.103527194E-05
129 0 4.209321121E-05
129.2 0 4.211590296E-05
129.4 0 -1.47159773E-20
129.6 0 -5.270169995E-05
129.8 0 -5.273015659E-05
130 0 2.110345759E-05
130.2 0 1.055743243E-05
130.4 0 -4.225256896E-05
130.6 0 -1.056885823E-05
130.8 0 1.05745804E-05
131 0 1.058030878E-05
131.2 0 1.058604336E-05
131.4 0 3.177535249E-05
131.6 0 4.23901248E-05
131.8 0 1.060328447E-05
132 0 -1.0609044E-05
132.2 4.245923913E-06 -2.122961957E-05
132.4 4.248232735E-06 1.062058184E-05
132.6 4.25054407E-06 4.25054407E-05
132.8 4.252857921E-06 2.12642896E-05
133 4.255174292E-06 -3.191380719E-05
133.2 4.257493188E-06 -8.514986376E-05
133.4 4.259814613E-06 -9.584582879E-05
133.6 4.262138571E-06 -2.131069285E-05
133.8 4.264465066E-06 -1.915704613E-20
134 4.266794102E-06 -3.200095576E-05
134.2 0 -2.134562842E-05
134.4 4.271459814E-06 -1.741734451E-20
134.6 4.273796499E-06 1.068449125E-05
134.8 0 -2.138067871E-05
135 0 1.069619387E-05
135.2 0 2.140410959E-05
135.4 4.28316886E-06 2.251055234E-20
135.6 4.285518376E-06 1.071379594E-05
135.8 4.287870472E-06 -6.469777588E-21
136 4.290225151E-06 5.477873576E-21
136.2 4.292582418E-06 1.12324961E-21
136.4 0 -1.510393696E-20
136.6 0 1.416891412E-20
136.8 0 -3.224752339E-05
137 0 -2.151018722E-05
137.2 0 1.017677593E-20
137.4 0 -2.001066689E-20
137.6 0 -3.065041515E-21
137.8 0 2.165468274E-20
138 4.313914964E-06 4.313914964E-05
138.2 0 2.158149171E-05
138.4 0 -2.159342178E-05
138.6 0 -4.418087102E-22
138.8 0 2.161732153E-05
139 0 3.244393688E-05
139.2 0 4.328254848E-05
139.4 0 3.247990576E-05
139.6 0 -2.166528009E-05
139.8 0 -6.503190899E-05
140 0 5.600247705E-21
140.2 0 2.170138889E-05
140.4 4.342690384E-06 -1.085672596E-05
140.6 8.690211346E-06 3.258829255E-05
140.8 8.695047301E-06 -7.03058241E-21
141 1.304983296E-05 -3.262458241E-05
141.2 1.740947075E-05 1.088091922E-05
141.4 1.741917503E-05 2.177396878E-05
141.6 1.742889013E-05 1.089305633E-05
141.8 1.743861607E-05 -1.089913504E-05
142 1.744835288E-05 -2.915649206E-20
142.2 1.745810056E-05 -1.091131285E-05
142.4 1.746785914E-05 -2.183482392E-05
142.6 2.184703579E-05 -1.966392326E-20
142.8 2.185926133E-05 -2.183964202E-22
143 2.187150056E-05 -1.093575028E-05
143.2 1.75070028E-05 -1.094187675E-05
143.4 1.751681614E-05 -2.189602018E-05
143.6 2.190830062E-05 -3.286245093E-05
143.8 2.63047138E-05 6.166353656E-21
144 2.631948344E-05 4.268642971E-23
144.2 2.633426966E-05 -1.097261236E-05
144.4 2.195756043E-05 2.2581027E-20
144.6 2.196991001E-05 -1.098495501E-05
144.8 2.198227349E-05 1.099113675E-05
145 1.759572072E-05 2.19946509E-05
145.2 1.320422535E-05 2.200704225E-05
145.4 1.321166855E-05 1.100972379E-05
145.6 1.762549351E-05 1.261845695E-20
145.8 1.763544018E-05 -2.204430023E-05
146 1.764539808E-05 -5.5141869E-05
146.2 1.765536723E-05 -2.434962132E-20
146.4 1.766534765E-05 3.312252685E-05
146.6 1.325650452E-05 -3.314126131E-05
146.8 1.768534239E-05 -5.526669496E-05
147 1.769535674E-05 1.105959796E-05
147.2 1.770538244E-05 4.426345609E-05
147.4 1.328656463E-05 6.643282313E-05
147.6 1.329410096E-05 9.970575723E-05
147.8 1.330164586E-05 8.867763905E-05
148 1.330919932E-05 5.545499716E-05
148.2 1.331676136E-05 2.219460227E-05
148.4 1.332433201E-05 2.220722001E-05
148.6 8.887940842E-06 7.776948237E-05
148.8 4.446499715E-06 7.781374502E-05
149 4.449031891E-06 6.673547836E-05
149.2 4.451566952E-06 7.790242165E-05
149.4 4.454104903E-06 3.340578677E-05
149.6 0 5.570807188E-05
149.8 0 7.803581621E-05
150 4.461736151E-06 1.115434038E-05
150.2 8.928571429E-06 -1.116071429E-05
150.4 8.933676387E-06 -6.70025729E-05
150.6 8.938787185E-06 -7.821438787E-05
150.8 1.341585575E-05 -2.235975959E-05
151 1.342353952E-05 1.118628293E-05
151.2 1.790830946E-05 6.715616046E-05
151.4 1.791857798E-05 0.0001007920011
151.6 2.241107286E-05 8.964429145E-05
151.8 2.69087256E-05 7.848378301E-05
152 3.141154509E-05 7.852886272E-05
152.2 3.591954023E-05 4.489942529E-05
152.4 4.043271995E-05 4.492524439E-05
152.6 4.495109321E-05 4.495109321E-05
152.8 5.847006333E-05 4.497697179E-05
153 6.750432028E-05 5.625360023E-05
153.2 7.654899135E-05 1.125720461E-05
153.4 7.208765859E-05 -2.252739331E-05
153.6 7.66373341E-05 -1.0699133E-20
153.8 7.668158199E-05 1.127670323E-05
154 8.123916811E-05 1.128321779E-05
154.2 8.580202312E-05 3.386921965E-05
154.4 8.585164835E-05 -2.259253904E-05
154.6 8.590133102E-05 -4.521122685E-05
154.8 8.595107122E-05 1.130935148E-05
155 8.600086906E-05 1.131590382E-05
155.2 8.605072464E-05 -4.528985507E-05
155.4 9.063225058E-05 -5.664515661E-05
155.6 9.0684852E-05 -2.2671213E-05
155.8 9.073751452E-05 -3.402656794E-05
156 9.079023823E-05 -1.134877978E-05
156.2 8.630087209E-05 2.312396282E-21
156.4 9.089586969E-05 -2.272396742E-05
156.6 8.640133877E-05 -6.920819433E-21
156.8 8.645165987E-05 2.275043681E-05
157 8.650203963E-05 1.138184732E-05
157.2 8.655247813E-05 -1.672837965E-21
157.4 8.66029755E-05 3.418538506E-05
157.6 8.209281961E-05 2.2803561E-05
157.8 7.757739486E-05 3.422532126E-05
158 7.305669199E-05 1.471386808E-20
158.2 7.30994152E-05 2.284356725E-05
158.4 6.857080164E-05 9.142773552E-05
158.6 5.946282201E-05 5.71757904E-05
158.8 5.492091388E-05 3.432557118E-05
159 5.495310668E-05 4.579425557E-05
159.2 6.414956012E-05 2.291055718E-05
159.4 7.335680751E-05 1.146200117E-05
159.6 7.339988256E-05 2.29374633E-05
159.8 7.803319624E-05 5.737735018E-05
160 7.34861846E-05 4.592886537E-05
160.2 7.352941176E-05 1.148897059E-05
160.4 7.357268982E-05 1.149573278E-05
160.6 6.901501767E-05 1.150250294E-05
160.8 6.445197407E-05 -3.343967099E-21
161 5.988354953E-05 -2.303213443E-05
161.2 5.530973451E-05 4.609144543E-05
161.4 5.073051948E-05 5.764831759E-05
161.6 4.614589486E-05 3.125180185E-20
161.8 4.617316785E-05 1.080064536E-21
162 4.620047309E-05 -3.465035482E-05
162.2 5.085059172E-05 -2.311390533E-05
162.4 5.088069864E-05 -3.469138544E-05
162.6 5.091084123E-05 -5.785322867E-05
162.8 5.094101956E-05 -4.631001778E-05
163 4.633748517E-05 -8.109059905E-05
163.2 5.100148368E-05 -3.477373887E-05
163.4 4.639251781E-05 -1.159812945E-05
163.6 5.10620915E-05 -1.16050208E-05
163.8 5.57372176E-05 2.784785052E-20
164 5.577037478E-05 -1.161882808E-05
164.2 5.580357143E-05 1.162574405E-05
164.4 5.583680762E-05 -5.537439436E-22
164.6 5.587008343E-05 -3.491880215E-05
164.8 5.124478235E-05 -8.15257901E-05
165 5.1275358E-05 -0.0001048814141
165.2 5.130597015E-05 -3.498134328E-05
165.4 5.133661888E-05 7.000448029E-05
165.6 4.669754931E-05 7.004632397E-05
165.8 4.672547847E-05 1.168136962E-05
166 4.675344105E-05 1.636145275E-20
166.2 4.678143713E-05 -1.169535928E-05
166.4 4.680946675E-05 -1.170236669E-05
166.6 5.152128297E-05 3.512814748E-05
166.8 5.155218956E-05 7.029844031E-05
167 4.68937575E-05 8.206407563E-05
167.2 4.222972973E-05 5.86524024E-05
167.4 3.756009615E-05 -1.173753005E-05
167.6 3.288484666E-05 -3.523376428E-05
167.8 2.820397112E-05 1.175165463E-05
168 2.351745936E-05 2.351745936E-05
168.2 1.88253012E-05 -1.451657385E-20
168.4 1.412748644E-05 -3.531871609E-05
168.6 9.424004825E-06 -8.246004222E-05
168.8 9.429692215E-06 -8.250980688E-05
169 1.415307971E-05 -4.717693237E-05
169.2 1.888217523E-05 -3.540407855E-05
169.4 1.889359129E-05 -5.904247279E-05
169.6 1.417876588E-05 -8.270946763E-05
169.8 1.418734867E-05 -7.093674334E-05
170 1.892792247E-05 -2.365990309E-05
170.2 1.893939394E-05 -4.734848485E-05
170.4 2.368859915E-05 -5.922149788E-05
170.6 2.37029733E-05 3.681741974E-21
170.8 1.897389192E-05 -1.185868245E-05
171 1.42390644E-05 -4.7463548E-05
171.2 9.498480243E-06 -2.374620061E-05
171.4 9.504257908E-06 -9.504257908E-05
171.6 9.510042605E-06 -0.0001069879793
171.8 9.515834348E-06 -5.947396468E-05
172 9.521633151E-06 -3.570612431E-05
172.2 4.763719512E-06 -1.190929878E-05
172.4 4.766625991E-06 -2.383312996E-05
172.6 4.76953602E-06 1.192384005E-05
172.8 4.772449603E-06 -2.386224801E-05
173 4.775366748E-06 -9.550733496E-05
173.2 4.778287462E-06 -7.167431193E-05
173.4 4.78121175E-06 -3.585908813E-05
173.6 4.78413962E-06 -1.196034905E-05
173.8 4.787071078E-06 1.19676777E-05
174 4.790006131E-06 3.592504598E-05
174.2 4.792944785E-06 3.594708589E-05
174.4 0 -2.397943524E-05
174.6 4.798832924E-06 -2.399416462E-05
174.8 4.801782422E-06 5.277445041E-21
175 4.804735547E-06 1.928549059E-21
175.2 4.807692308E-06 -2.403846154E-05
175.4 4.810652709E-06 -3.607989532E-05
175.6 4.813616759E-06 -1.20340419E-05
175.8 4.816584464E-06 -3.612438348E-05
176 4.81955583E-06 -3.614666872E-05
176.2 4.822530864E-06 -2.411265432E-05
176.4 4.825509574E-06 -6.031886967E-05
176.6 4.828491965E-06 -2.414245983E-05
176.8 0 1.207869511E-05
177 0 2.417233911E-05
177.2 0 2.41873065E-05
177.4 0 3.953279437E-20
177.6 0 -1.210864848E-05
177.8 0 -7.26969603E-05
178 0 -7.274208566E-05
178.2 0 1.213121118E-05
178.4 0 1.213875078E-05
178.6 0 -3.643889925E-05
178.8 0 -6.07692906E-05
179 0 -4.864570361E-05
179.2 0 -3.650700935E-05
179.4 0 -2.435317955E-05
179.6 0 1.21841859E-05
179.8 0 2.438358302E-05
180 0 -2.439881324E-05
180.2 0 -4.8828125E-05
180.4 0 -2.442933083E-05
180.6 0 -2.444461827E-05
180.8 0 1.364423625E-20
181 0 1.223762531E-05
181.2 0 2.639381127E-21
181.4 0 1.225297992E-05
181.6 4.904268675E-06 3.678201507E-05
181.8 9.814698492E-06 2.453674623E-05
182 9.820867379E-06 -2.455216845E-05
182.2 9.827044025E-06 -6.141902516E-05
182.4 9.833228446E-06 -6.145767778E-05
182.6 4.919710327E-06 -2.459855164E-05
182.8 4.922810334E-06 -3.69210775E-05
183 9.851828499E-06 -3.694435687E-05
183.2 9.858044164E-06 -1.232255521E-05
183.4 9.864267677E-06 1.23303346E-05
183.6 9.870499052E-06 2.467624763E-05
183.8 9.876738306E-06 2.469184576E-05
184 1.482447818E-05 4.941492726E-05
184.2 2.472310127E-05 2.472310127E-05
184.4 2.968651045E-05 -2.473875871E-05
184.6 3.465621039E-05 -1.2377218E-05
184.8 3.467818643E-05 3.715519975E-05
185 3.470019036E-05 4.957170051E-05
185.2 3.472222222E-05 4.96031746E-05
185.4 3.474428208E-05 2.481734435E-05
185.6 3.476636999E-05 2.483312142E-05
185.8 2.981870229E-05 3.727337786E-05
186 2.9837683E-05 4.972947167E-05
186.2 2.98566879E-05 6.220143312E-05
186.4 2.489643085E-05 2.489643085E-05
186.6 2.491230867E-05 4.982461735E-05
186.8 3.489948947E-05 8.724872368E-05
187 3.492177522E-05 3.741618774E-05
187.2 3.494408946E-05 1.248003195E-05
187.4 3.496643223E-05 2.497602302E-05
187.6 3.498880358E-05 3.748800384E-05
187.8 3.501120359E-05 5.001600512E-05
188 3.503363229E-05 3.753603459E-05
188.2 3.505608974E-05 3.756009615E-05
188.4 3.507857601E-05 3.758418858E-05
188.6 3.510109114E-05 1.253610398E-05
188.8 3.51236352E-05 -2.508831085E-05
189 3.514620823E-05 -2.510443445E-05
189.2 3.516881029E-05 -1.256028939E-05
189.4 3.519144144E-05 -2.513674389E-05
189.6 3.521410174E-05 1.257646491E-05
189.8 3.523679124E-05 -1.25845683E-05
190 4.029658285E-05 -6.29634107E-05
190.2 4.536290323E-05 -1.260080645E-05
190.4 5.043576501E-05 1.260894125E-05
190.6 5.551518088E-05 1.261708656E-05
190.8 6.060116354E-05 -1.747109678E-20
191 6.569372574E-05 -2.526681759E-05
191.2 7.079288026E-05 1.264158576E-05
191.4 7.58986399E-05 -1.264977332E-05
191.6 8.10110175E-05 -2.531594297E-05
191.8 8.613002594E-05 -1.266618029E-05
192 9.125567813E-05 -3.802319922E-05
192.2 0.000101461039 -1.268262987E-05
192.4 0.0001116796621 -1.26908707E-05
192.6 0.0001168319246 1.269912224E-05
192.8 0.0001219908913 2.541476903E-05
193 0.0001271565755 1.271565755E-05
193.2 0.0001272394137 1.272394137E-05
193.4 0.0001273223598 -4.440662153E-21
193.6 0.0001274054142 -3.822162427E-05
193.8 0.000127488577 -3.824657311E-05
194 0.0001275718485 1.275718485E-05
194.2 0.0001174428105 1.276552288E-05
194.4 0.0001175196207 1.277387181E-05
194.6 0.0001227094241 2.556446335E-05
194.8 0.0001227897839 1.279060249E-05
195 0.0001177506553 -5.119593709E-05
195.2 0.0001280737705 -7.68442623E-05
195.4 0.0001281578084 -1.281578084E-05
195.6 0.0001282419567 -1.282419567E-05
195.8 0.0001283262155 -3.849786465E-05
196 0.0001335470085 -5.136423406E-05
196.2 0.0001387746711 5.06176582E-21
196.4 0.0001388660303 1.285796577E-05
196.6 0.0001441040843 5.253583286E-21
196.8 0.0001441990771 -3.86247528E-05
197 0.0001442941953 -7.730046174E-05
197.2 0.0001392326733 -1.289191419E-05
197.4 0.0001290042933 -5.160171731E-05
197.6 0.0001290895572 -7.74537343E-05
197.8 0.0001343419312 -1.291749339E-05
198 0.0001292604236 -1.292604236E-05
198.2 0.0001396937086 -2.58692053E-05
198.4 0.0001346090126 -3.882952286E-05
198.6 0.0001346982759 -5.180702918E-05
198.8 0.000145155939 -1.296035169E-05
199 0.00015562749 -4.974049764E-21
199.2 0.0001661129568 1.297757475E-05
199.4 0.0001714178856 2.597240691E-05
199.6 0.0001663339987 -3.224815073E-20
199.8 0.0001664447403 5.201398136E-05
200 0.0001561459027 5.204863424E-05
200.2 0.00015625 1.302083333E-05
200.4 0.0001459306204 8.168593446E-22
200.6 0.0001408127503 -2.003123372E-20
200.8 0.0001356880428 1.304692719E-05
201 0.0001201119652 2.611129679E-05
201.2 0.0001097408027 1.306438127E-05
201.4 0.0001150435074 2.614625167E-05
201.6 0.0001098878098 3.924564635E-05
201.8 0.0001099614611 3.555090516E-20
202 0.0001100352113 2.619885983E-05
202.2 0.0001048657718 3.932466443E-05
202.4 0.0001101830087 2.62340497E-05
202.6 0.0001155073925 7.875504032E-05
202.8 0.0001155850706 6.567333557E-05
203 0.0001209202557 3.943051817E-05
203.2 0.0001210016835 6.576178451E-05
203.4 0.000121083221 2.632243935E-05
203.6 0.0001158968307 -1.31700944E-05
203.8 0.0001212466262 -3.953694332E-05
204 0.0001160533423 -2.637575962E-05
204.2 0.000121410473 -1.319679054E-05
204.4 0.0001162102772 -1.320571332E-05
204.6 0.0001162889039 -1.321464817E-05
204.8 0.0001216570752 1.599709386E-20
205 0.0001217394986 5.29302168E-05
205.2 0.0001165254237 5.296610169E-05
205.4 0.0001113042741 2.650101764E-05
205.6 0.0001166836388 2.651900883E-05
205.8 0.0001167629076 2.653702446E-05
206 0.0001168422842 1.327753229E-05
206.2 0.0001116071429 -1.328656463E-05
206.4 0.0001063648741 -2.659121852E-05
206.6 0.0001064373297 -1.330466621E-05
206.8 0.0001011843899 2.662747103E-05
207 9.592428377E-05 -2.431080626E-20
207.2 9.065699659E-05 -1.333191126E-05
207.4 8.538251366E-05 -2.668203552E-05
207.6 9.07809296E-05 -2.670027341E-05
207.8 9.618673051E-05 2.671853625E-05
208 9.090520192E-05 2.673682409E-05
208.2 8.561643836E-05 8.026541096E-05
208.4 8.032042495E-05 5.354694997E-05
208.6 8.03755144E-05 -1.339591907E-05
208.8 8.579272478E-05 -2.681022649E-05
209 9.65831044E-05 -1.341432005E-05
209.2 9.128006873E-05 5.369415808E-05
209.4 8.059662999E-05 -1.343277166E-05
209.6 8.065209911E-05 -9.409411562E-05
209.8 8.070764463E-05 -6.725637052E-05
210 8.076326671E-05 -2.69210889E-05
210.2 8.081896552E-05 -1.346982759E-05
210.4 8.08747412E-05 -2.695824707E-05
210.6 7.553522099E-05 1.348843232E-05
210.8 7.018832066E-05 -1.597011664E-20
211 7.02368603E-05 -2.701417704E-05
211.2 7.569204152E-05 -4.054930796E-05
211.4 8.656509695E-05 -5.41031856E-05
211.6 9.203915454E-05 -2.707033957E-05
211.8 9.752080444E-05 -4.063366852E-05
212 0.0001030100625 3.412993839E-21
212.2 0.0001030815972 2.712673611E-05
212.4 9.772411397E-05 -2.714558721E-05
212.6 9.779207232E-05 -1.358223227E-05
212.8 8.698677801E-05 2.718336813E-05
213 8.704735376E-05 2.720229805E-05
213.2 8.710801394E-05 -1.361062718E-05
213.4 9.806485356E-05 -2.72402371E-05
213.6 9.268143754E-05 -1.362962317E-05
213.8 8.729050279E-05 -4.091742318E-05
214 8.735150245E-05 -1.364867226E-05
214.2 9.287587413E-05 2.731643357E-05
214.4 8.747375787E-05 1.563440116E-20
214.6 8.206407563E-05 -2.735469188E-05
214.8 8.212158374E-05 -2.737386125E-05
215 7.670056101E-05 1.369652875E-05
215.2 7.127192982E-05 1.370614035E-05
215.4 6.034936798E-05 -1.371576545E-05
215.6 6.039177793E-05 2.745080815E-05
215.8 4.395218003E-05 1.373505626E-05
216 4.94809993E-05 -2.748944405E-05
216.2 4.951584507E-05 -2.750880282E-05
216.4 3.853946441E-05 -1.376409443E-05
216.6 2.203808181E-05 -2.754760226E-05
216.8 2.205363444E-05 -2.756704305E-05
217 2.75865113E-05 -9.754603377E-21
217.2 2.760600707E-05 -1.380300353E-05
217.4 2.210042433E-05 -1.381276521E-05
217.6 1.658704883E-05 -1.382254069E-05
217.8 1.659879603E-05 -4.149699008E-05
218 1.107370659E-05 -2.768426648E-05
218.2 1.108156028E-05 -2.770390071E-05
218.4 1.108942512E-05 -4.158534422E-05
218.6 1.109730114E-05 -1.387162642E-05
218.8 1.110518834E-05 1.388148543E-05
219 1.111308677E-05 1.389135846E-05
219.2 1.668149466E-05 -1.390124555E-05
219.4 2.225783476E-05 -4.173344017E-05
219.6 2.227369922E-05 -4.176318603E-05
219.8 2.228958631E-05 -1.124672118E-20
220 2.230549607E-05 1.394093505E-05
220.2 2.232142857E-05 -2.790178571E-05
220.4 2.233738385E-05 -5.584345961E-05
220.6 2.235336195E-05 -5.588340486E-05
220.8 2.236936292E-05 -4.194255548E-05
221 2.238538682E-05 -1.399086676E-05
221.2 1.680107527E-05 -1.400089606E-05
221.4 1.681312769E-05 -2.802187948E-05
221.6 2.243359655E-05 -1.402099785E-05
221.8 2.244971264E-05 -4.209321121E-05
222 2.246585191E-05 -5.616462976E-05
222.2 2.248201439E-05 -1.405125899E-05
222.4 2.249820014E-05 7.048096578E-21
222.6 2.251440922E-05 1.407150576E-05
222.8 2.253064167E-05 1.408165105E-05
223 2.254689755E-05 -1.409181097E-05
223.2 2.25631769E-05 -2.820397112E-05
223.4 2.257947977E-05 -4.080510134E-20
223.6 2.259580622E-05 2.814882289E-21
223.8 2.26121563E-05 -2.826519537E-05
224 2.262853005E-05 1.911983376E-20
224.2 2.264492754E-05 1.415307971E-05
224.4 2.26613488E-05 -2.040873498E-20
224.6 2.26777939E-05 -2.834724238E-05
224.8 2.269426289E-05 -5.673565723E-05
225 2.271075581E-05 -1.419422238E-05
225.2 2.272727273E-05 1.420454545E-05
225.4 2.274381368E-05 -1.421488355E-05
225.6 2.276037873E-05 1.748329576E-20
225.8 2.277696793E-05 2.847120991E-05
226 2.279358133E-05 1.424598833E-05
226.2 2.281021898E-05 -1.425638686E-05
226.4 2.282688093E-05 1.83110648E-20
226.6 1.713267544E-05 1.427722953E-05
226.8 1.143013899E-05 5.715069495E-05
227 1.143850659E-05 0.0001286831991
227.2 1.144688645E-05 0.0001573946886
227.4 1.145527859E-05 7.15954912E-05
227.6 1.146368305E-05 1.432960382E-05
227.8 1.147209985E-05 5.736049927E-05
228 1.148052902E-05 7.175330639E-05
228.2 1.148897059E-05 5.744485294E-05
228.4 1.149742458E-05 4.311534216E-05
228.6 1.150589102E-05 8.629418262E-05
228.8 1.151436993E-05 0.0001007507369
229 1.152286136E-05 7.201788348E-05
229.2 1.153136531E-05 7.207103321E-05
229.4 1.153988183E-05 8.654911374E-05
229.6 5.774205469E-06 7.217756837E-05
229.8 5.778476331E-06 2.889238166E-05
230 1.156550703E-05 2.891376758E-05
230.2 1.157407407E-05 7.233796296E-05
230.4 1.158265382E-05 0.0001013482209
230.6 1.159124629E-05 0.0001304015208
230.8 1.159985152E-05 8.699888641E-05
231 1.160846954E-05 4.353176077E-05
231.2 1.161710037E-05 5.808550186E-05
231.4 1.162574405E-05 1.453218006E-05
231.6 1.745160089E-05 -1.454300074E-05
231.8 2.328614009E-05 -1.455383756E-05
232 2.912938106E-05 -4.369407159E-05
232.2 3.498134328E-05 -4.37266791E-05
232.4 4.08420463E-05 -5.834578043E-05
232.6 3.503363229E-05 -4.379204036E-05
232.8 2.921652954E-05 2.007136766E-20
233 2.92383982E-05 -3.334645318E-21
233.2 2.926029963E-05 -2.926029963E-05
233.4 2.928223388E-05 -4.392335082E-05
233.6 2.930420105E-05 -4.395630158E-05
233.8 2.93262012E-05 -1.46631006E-05
234 2.934823441E-05 -4.189792704E-21
234.2 2.937030075E-05 -2.937030075E-05
234.4 2.93924003E-05 -2.93924003E-05
234.6 2.941453313E-05 -5.882906627E-05
234.8 2.943669932E-05 -4.415504898E-05
235 2.945889894E-05 -1.472944947E-05
235.2 2.948113208E-05 6.930569741E-22
235.4 2.950339879E-05 -1.47516994E-05
235.6 2.952569917E-05 -2.952569917E-05
235.8 2.954803328E-05 -2.954803328E-05
236 2.957040121E-05 -5.914080242E-05
236.2 2.959280303E-05 -7.398200758E-05
236.4 2.961523882E-05 -8.884571645E-05
236.6 2.963770865E-05 -8.891312595E-05
236.8 3.559225513E-05 -8.898063781E-05
237 3.561930091E-05 -5.936550152E-05
237.2 2.376425856E-05 -2.970532319E-05
237.4 2.378234399E-05 -1.486396499E-05
237.6 2.380045697E-05 -4.462585682E-05
237.8 2.977324695E-05 -7.443311738E-05
238 3.575514874E-05 -7.448989321E-05
238.2 4.174618321E-05 -7.454675573E-05
238.4 4.177807487E-05 -4.476222307E-05
238.6 5.375573394E-05 -4.479644495E-05
238.8 5.977429227E-05 -2.988714614E-05
239 5.982006126E-05 -1.495501531E-05
239.2 5.986590038E-05 -4.489942529E-05
239.4 5.991180982E-05 -5.991180982E-05
239.6 6.595356869E-05 -7.494723715E-05
239.8 6.600422427E-05 -4.500288018E-05
240 6.605495772E-05 -1.099335431E-20
240.2 6.610576923E-05 1.502403846E-05
240.4 6.615665897E-05 1.503560431E-05
240.6 6.620762712E-05 -1.615492553E-21
240.8 6.625867386E-05 2.539506483E-20
241 6.630979938E-05 2.174625885E-20
241.2 6.636100386E-05 -1.508204633E-05
241.4 6.03748068E-05 -1.50937017E-05
241.6 5.437935035E-05 3.247511273E-21
241.8 4.8374613E-05 -1.142658779E-20
242 4.841208366E-05 1.648959191E-20
242.2 4.84496124E-05 3.510631291E-20
242.4 4.848719938E-05 1.598630941E-20
242.6 4.852484472E-05 4.536987643E-21
242.8 4.856254856E-05 -1.517579643E-05
243 5.467534992E-05 -1.51875972E-05
243.2 5.471789883E-05 -1.230224099E-20
243.4 5.476051402E-05 2.984704028E-20
243.6 4.871395168E-05 2.309572155E-20
243.8 5.484594384E-05 4.354597368E-21
244 5.488875878E-05 -2.060271405E-20
244.2 6.103515625E-05 -2.882416808E-20
244.4 6.108287725E-05 6.338011438E-21
244.6 6.113067293E-05 1.528266823E-05
244.8 6.117854346E-05 3.058927173E-05
245 6.122648903E-05 1.113757058E-21
245.2 6.12745098E-05 -3.06372549E-05
245.4 6.132260597E-05 -1.533065149E-05
245.6 6.750785546E-05 1.534269442E-05
245.8 6.141902516E-05 3.070951258E-05
246 6.146734854E-05 3.073367427E-05
246.2 6.151574803E-05 -2.30195849E-21
246.4 6.772064618E-05 -3.07821119E-05
246.6 6.777405363E-05 -1.540319401E-05
246.8 6.782754538E-05 9.44782111E-21
247 6.788112164E-05 -1.542752765E-05
247.2 6.793478261E-05 -1.488848183E-20
247.4 6.180775316E-05 1.545193829E-05
247.6 6.185669042E-05 -1.54641726E-05
247.8 6.190570523E-05 -1.547642631E-05
248 6.195479778E-05 -1.232802241E-20
248.2 6.200396825E-05 -2.181043597E-20
248.4 6.205321684E-05 -1.116981757E-20
248.6 6.210254372E-05 3.105127186E-05
248.8 6.215194909E-05 1.553798727E-05
249 6.842157643E-05 2.712261834E-20
249.2 5.602589641E-05 3.112549801E-05
249.4 5.607057416E-05 8.051634816E-21
249.6 5.611532322E-05 -1.558758978E-05
249.8 6.240015974E-05 2.162775711E-20
250 6.245003997E-05 2.709921161E-20
250.2 6.25E-05 1.5625E-05
250.4 6.255004003E-05 3.127502002E-05
250.6 6.260016026E-05 3.130008013E-05
250.8 6.891539695E-05 3.132518043E-05
251 6.270064205E-05 3.135032103E-05
251.2 6.275100402E-05 3.137550201E-05
251.4 6.280144695E-05 3.140072347E-05
251.6 6.913716814E-05 4.713897828E-05
251.8 6.919283414E-05 4.717693237E-05
252 6.924858985E-05 3.147663175E-05
252.2 6.930443548E-05 -8.747781227E-21
252.4 6.936037127E-05 2.767563335E-20
252.6 6.941639742E-05 4.732936187E-05
252.8 6.947251415E-05 6.315683104E-05
253 6.952872168E-05 4.74059466E-05
253.2 6.958502024E-05 1.581477733E-05
253.4 6.964141005E-05 1.582759319E-05
253.6 6.969789132E-05 3.168085969E-05
253.8 6.975446429E-05 3.170657468E-05
254 6.981112916E-05 -8.626548239E-21
254.2 7.62195122E-05 6.137037316E-20
254.4 7.62815297E-05 3.178397071E-05
254.6 7.634364821E-05 3.180985342E-05
254.8 7.640586797E-05 1.591788916E-05
255 7.646818923E-05 -5.908414674E-21
255.2 7.653061224E-05 3.18877551E-05
255.4 7.659313725E-05 6.382761438E-05
255.6 7.665576451E-05 7.98497547E-05
255.8 7.032528642E-05 9.589811784E-05
256 6.398443898E-05 7.998054873E-05
256.2 5.12295082E-05 1.600922131E-05
256.4 5.127153404E-05 -1.602235439E-05
256.6 4.489942529E-05 -8.683330088E-21
256.8 3.85168447E-05 -1.604868529E-05
257 3.212376645E-05 -5.884661394E-21
257.2 2.572016461E-05 -8.160094058E-21
257.4 2.574135091E-05 1.608834432E-05
257.6 1.93219291E-05 4.830482275E-05
257.8 2.578382838E-05 -3.222978548E-05
258 1.93538398E-05 -4.83845995E-05
258.2 2.582644628E-05 -2.160805148E-20
258.4 3.877171216E-05 -1.615488007E-05
258.6 4.527110927E-05 -8.084126656E-05
258.8 5.178127589E-05 -6.472659486E-05
259 4.534618574E-05 1.619506633E-05
259.2 4.538381743E-05 3.241701245E-05
259.4 4.542151163E-05 1.622196844E-05
259.6 5.195344971E-05 -1.623545303E-05
259.8 5.199667221E-05 -3.369428094E-21
260 5.203996669E-05 1.626248959E-05
260.2 5.859375E-05 -2.802169241E-20
260.4 6.515846539E-05 -1.453537376E-20
260.6 7.173414023E-05 -1.630321369E-05
260.8 7.832080201E-05 -4.895050125E-05
261 9.14506689E-05 -6.532190635E-05
261.2 9.806485356E-05 -4.903242678E-05
261.4 9.814698492E-05 -1.635783082E-05
261.6 9.168063705E-05 -3.274308466E-05
261.8 9.175755034E-05 -6.554110738E-05
262 9.839420655E-05 -1.639903442E-05
262.2 9.191176471E-05 3.282563025E-05
262.4 9.198906644E-05 -4.985036421E-22
262.6 9.206649832E-05 -8.220223064E-05
262.8 9.214406066E-05 -6.581718618E-05
263 9.222175379E-05 -3.293634064E-05
263.2 9.229957806E-05 -3.296413502E-05
263.4 9.897592905E-05 -2.456320206E-20
263.6 9.905959425E-05 2.946376231E-20
263.8 9.914340102E-05 -1.652390017E-05
264 9.92273497E-05 -3.307578323E-05
264.2 9.931144068E-05 -3.310381356E-05
264.4 9.93956743E-05 -4.969783715E-05
264.6 9.284804754E-05 -6.632003396E-05
264.8 9.956457094E-05 -4.978228547E-05
265 9.964923469E-05 -3.321641156E-05
265.2 9.973404255E-05 -3.324468085E-05
265.4 9.981899489E-05 -3.32729983E-05
265.6 9.990409207E-05 -4.995204604E-05
265.8 9.998933447E-05 -3.332977816E-05
266 0.0001067463706 3.335824082E-05
266.2 0.0001001602564 -3.083963864E-20
266.4 0.0001002459367 -6.683062447E-05
266.6 0.0001003317637 7.889517493E-21
266.8 0.0001004177378 -9.19896598E-21
267 0.0001005038593 -1.675064322E-05
267.2 0.0001005901288 4.325780328E-20
267.4 0.0001006765464 -1.67794244E-05
267.6 9.40455718E-05 -3.358770421E-05
267.8 9.412650602E-05 -5.042491394E-05
268 9.420757967E-05 -1.682278208E-05
268.2 8.755387931E-05 7.643157988E-21
268.4 8.762942192E-05 8.355660176E-21
268.6 8.770509499E-05 1.686636442E-05
268.8 8.778089888E-05 1.688094209E-05
269 8.785683391E-05 -1.689554498E-05
269.2 8.793290043E-05 -3.382034632E-05
269.4 9.477902946E-05 3.384965338E-05
269.6 9.486123157E-05 3.387901127E-05
269.8 9.494357639E-05 1.695421007E-05
270 8.823848827E-05 3.39378801E-05
270.2 8.831521739E-05 -5.578529158E-21
270.4 9.519147084E-05 1.699847694E-05
270.6 8.846907666E-05 3.402656794E-05
270.8 8.85462075E-05 3.405623365E-05
271 8.862347295E-05 1.704297557E-05
271.2 8.187772926E-05 3.411572052E-05
271.4 7.512019231E-05 1.915575916E-20
271.6 6.835083115E-05 -3.417541557E-05
271.8 6.841068301E-05 1.710267075E-05
272 6.847063979E-05 -1.711765995E-05
272.2 6.853070175E-05 -5.139802632E-05
272.4 7.54499561E-05 -1.71477173E-05
272.6 7.551625659E-05 3.28706456E-20
272.8 7.55826737E-05 6.871152155E-05
273 6.877200704E-05 3.438600352E-05
273.2 6.194933921E-05 -3.441629956E-05
273.4 6.200396825E-05 -1.999630228E-20
273.6 5.516328332E-05 1.454882467E-20
273.8 4.831051237E-05 -3.450750883E-05
274 4.144562334E-05 -1.726900973E-05
274.2 3.456858407E-05 3.456858407E-05
274.4 2.767936227E-05 -6.919840567E-05
274.6 2.077792553E-05 -5.194481383E-05
274.8 2.079636202E-05 1.733030169E-05
275 1.387655417E-05 3.469138544E-05
275.2 6.944444444E-06 8.680555556E-05
275.4 6.950622776E-06 -1.737655694E-05
275.6 1.391362422E-05 -3.478406055E-05
275.8 2.088903743E-05 5.222259358E-05
276 2.090767172E-05 1.742305977E-05
276.2 2.092633929E-05 1.743861607E-05
276.4 2.094504021E-05 3.490840036E-05
276.6 2.09637746E-05 -1.746981216E-05
276.8 2.098254252E-05 -1.525593763E-20
277 2.100134409E-05 3.930018295E-21
277.2 2.102017937E-05 1.751681614E-05
277.4 1.402603232E-05 7.013016158E-05
277.6 1.403863432E-05 7.019317161E-05
277.8 2.107688849E-05 5.269222122E-05
278 2.109585959E-05 1.757988299E-05
278.2 2.815315315E-05 1.759572072E-05
278.4 2.817853922E-05 3.522317403E-05
278.6 2.115297834E-05 -1.407440077E-20
278.8 2.822944896E-05 -3.268041434E-20
279 2.825497288E-05 2.275384246E-21
279.2 2.828054299E-05 -7.070135747E-05
279.4 2.830615942E-05 -5.307404891E-05
279.6 2.83318223E-05 -1.770738894E-05
279.8 3.54469147E-05 -1.641437757E-20
280 2.838328792E-05 3.54791099E-05
280.2 3.551136364E-05 3.659987732E-20
280.4 2.843494086E-05 -5.33155141E-05
280.6 2.846083789E-05 -3.557604736E-05
280.8 2.848678213E-05 -8.455278265E-21
281 2.851277372E-05 1.782048358E-05
281.2 2.853881279E-05 -1.24254314E-20
281.4 2.856489945E-05 -5.355918647E-05
281.6 2.859103385E-05 -1.786939616E-05
281.8 2.861721612E-05 3.577152015E-05
282 1.432172319E-05 3.580430797E-05
282.2 7.167431193E-06 -3.583715596E-05
282.4 7.174012856E-06 -3.587006428E-05
282.6 1.436121324E-05 -1.795151654E-05
282.8 1.437442502E-05 -1.796803128E-05
283 1.438766114E-05 -2.315265275E-20
283.2 2.160138249E-05 -3.174651737E-20
283.4 1.441420664E-05 -2.702751371E-20
283.6 2.164127424E-05 3.60687904E-05
283.8 2.166127542E-05 -4.413469131E-20
284 2.16813136E-05 -7.227104533E-05
284.2 2.893518519E-05 -5.425347222E-05
284.4 2.896200185E-05 -3.620250232E-05
284.6 2.898886827E-05 3.623608534E-05
284.8 2.176183844E-05 3.626973073E-05
285 2.17820632E-05 2.411380817E-20
285.2 1.453488372E-05 3.63372093E-05
285.4 7.274208566E-06 -3.637104283E-05
285.6 7.280987884E-06 -7.280987884E-05
285.8 0 -3.643889925E-05
286 0 -7.2945845E-05
286.2 0 -5.476051402E-05
286.4 0 -3.654115996E-05
286.6 0 -1.828768727E-05
286.8 0 -1.830482662E-05
287 0 -2.198863998E-20
287.2 0 -1.833920188E-05
287.4 0 -3.671287594E-05
287.6 0 -3.270445796E-20
287.8 0 -1.593867686E-20
288 0 1.840834119E-05
288.2 0 7.315743621E-21
288.4 0 -3.688621341E-05
288.6 0 -1.846053875E-05
288.8 0 1.847800378E-05
289 0 1.849550189E-05
289.2 0 -1.851303318E-05
289.4 0 3.706119545E-05
289.6 0 5.564458689E-05
289.8 0 3.713165399E-05
290 0 1.858349191E-05
290.2 0 1.860119048E-05
290.4 0 1.861892278E-05
290.6 0 -3.727337786E-05
290.8 0 -5.596346705E-05
291 0 -3.734464627E-05
291.2 0 -3.738038278E-05
291.4 0 1.870809387E-05
291.6 0 7.490412272E-05
291.8 0 7.497600768E-05
292 0 3.752401537E-05
292.2 0 -1.878004808E-05
292.4 0 -3.759624639E-05
292.6 7.526493256E-06 -1.881623314E-05
292.8 7.533751205E-06 1.883437801E-05
293 7.541023166E-06 -7.56535491E-21
293.2 7.548309179E-06 -5.661231884E-05
293.4 7.555609284E-06 -3.777804642E-05
293.6 7.562923524E-06 -1.890730881E-05
293.8 1.514050388E-05 2.935720558E-20
294 1.515518914E-05 1.894398642E-05
294.2 1.516990291E-05 -3.792475728E-05
294.4 7.592322643E-06 -3.796161322E-05
294.6 7.599708171E-06 -1.899927043E-05
294.8 7.607108082E-06 -3.803554041E-05
295 7.614522417E-06 -5.710891813E-05
295.2 7.62195122E-06 -1.905487805E-05
295.4 1.525878906E-05 3.814697266E-05
295.6 7.636852395E-06 7.636852395E-05
295.8 7.644324853E-06 3.822162427E-05
296 7.651811949E-06 -3.825905975E-05
296.2 7.659313725E-06 1.914828431E-05
296.4 7.666830226E-06 3.833415113E-05
296.6 7.674361493E-06 -9.56832783E-21
296.8 0 -1.920476893E-05
297 0 -3.844734252E-05
297.2 0 3.861566996E-20
297.4 0 1.926158777E-05
297.6 0 2.516992915E-21
297.8 0 -3.197867818E-20
298 0 -1.952767608E-20
298.2 0 1.427714966E-20
298.4 0 4.185966178E-21
298.6 0 1.530889923E-20
298.8 0 -3.879096326E-05
299 0 -3.882952286E-05
299.2 0 -1.94340796E-05
299.4 0 -1.945343625E-05
299.6 7.789132602E-06 1.947283151E-05
299.8 7.796906188E-06 1.949226547E-05
300 1.560939061E-05 -2.496823467E-20
300.2 1.5625E-05 -3.90625E-05
300.4 3.128128128E-05 -1.341731097E-20
300.6 3.914078156E-05 3.914078156E-05
300.8 4.701604814E-05 -1.959002006E-05
301 5.490712851E-05 -3.921937751E-05
301.2 6.281407035E-05 1.962939698E-05
301.4 6.287726358E-05 3.929828974E-05
301.6 7.08081571E-05 -9.174354622E-22
301.8 7.875504032E-05 6.849351102E-21
302 7.88345106E-05 1.970862765E-05
302.2 7.102272727E-05 -1.972853535E-05
302.4 7.899393327E-05 -5.924544995E-05
302.6 8.69812753E-05 1.273358693E-20
302.8 9.498480243E-05 1.978850051E-05
303 9.50811359E-05 1.980856998E-05
303.2 9.517766497E-05 5.948604061E-05
303.4 9.527439024E-05 7.93953252E-05
303.6 9.537131231E-05 5.960707019E-05
303.8 9.546843177E-05 5.966776986E-05
304 0.0001035295617 3.981906218E-05
304.2 9.566326531E-05 -1.992984694E-05
304.4 9.576098059E-05 3.990040858E-05
304.6 9.585889571E-05 0.0001198236196
304.8 9.595701126E-05 7.996417605E-05
305 9.605532787E-05 6.003457992E-05
305.2 9.615384615E-05 8.012820513E-05
305.4 9.625256674E-05 0.0001002630903
305.6 9.635149024E-05 8.029290853E-05
305.8 9.645061728E-05 6.02816358E-05
306 9.654994851E-05 4.022914521E-05
306.2 9.664948454E-05 -2.013530928E-05
306.4 9.674922601E-05 8.894860921E-21
306.6 9.684917355E-05 8.070764463E-05
306.8 0.0001050284385 6.059332989E-05
307 0.0001051371636 -6.677092747E-20
307.2 0.000105246114 -2.023963731E-05
307.4 0.0001053552905 2.026063278E-05
307.6 0.0001054646937 4.056334372E-05
307.8 0.0001055743243 4.060550936E-05
308 0.0001056841831 8.129552549E-05
308.2 0.0001057942708 4.069010417E-05
308.4 9.775808133E-05 -6.109880083E-05
308.6 8.970511482E-05 -4.077505219E-05
308.8 8.16353187E-05 5.4984208E-20
309 7.354864017E-05 -4.401865891E-22
309.2 6.544502618E-05 2.045157068E-05
309.4 5.732442348E-05 4.094601677E-05
309.6 4.918677859E-05 -4.098898216E-05
309.8 4.103203782E-05 -8.206407563E-05
310 3.286014721E-05 3.837461798E-20
310.2 2.467105263E-05 6.167763158E-05
310.4 1.646469968E-05 -2.05808746E-05
310.6 8.241033755E-06 -0.0001442180907
310.8 0 -0.0001237460401
311 0 -8.25845666E-05
311.2 0 -8.267195767E-05
311.4 0 -0.0001241393008
311.6 0 -8.284729586E-05
311.8 0 -4.146762208E-05
312 0 2.983591221E-20
312.2 0 2.077792553E-05
312.4 0 -4.16001065E-05
312.6 0 -4.164445629E-05
312.8 0 2.084445037E-05
313 8.346688034E-06 4.173344017E-05
313.2 1.671122995E-05 2.088903743E-05
313.4 2.509368308E-05 4.182280514E-05
313.6 3.349410504E-05 4.18676313E-05
313.8 4.191255365E-05 7.898468725E-20
314 5.0349087E-05 2.483091679E-20
314.2 5.880376344E-05 4.200268817E-05
314.4 6.727664155E-05 6.307185145E-05
314.6 7.576778017E-05 4.209321121E-05
314.8 7.584951456E-05 4.21386192E-05
315 7.593142549E-05 4.218412527E-05
315.2 7.601351351E-05 2.111486486E-05
315.4 7.609577922E-05 2.113771645E-05
315.6 7.617822319E-05 -2.881110683E-20
315.8 7.626084599E-05 -2.118356833E-05
316 7.634364821E-05 -1.131740057E-21
316.2 7.642663043E-05 2.122961957E-05
316.4 7.650979325E-05 6.375816104E-05
316.6 7.659313725E-05 6.382761438E-05
316.8 7.667666303E-05 4.259814613E-05
317 7.676037118E-05 2.132232533E-05
317.2 7.68442623E-05 2.134562842E-05
317.4 7.692833698E-05 4.273796499E-05
317.6 7.701259584E-05 -1.455118793E-20
317.8 6.853070175E-05 3.149374477E-20
318 6.003018661E-05 4.287870472E-05
318.2 5.151098901E-05 2.146291209E-05
318.4 4.29730473E-05 2.618821037E-20
318.6 3.441629956E-05 -1.671463552E-20
318.8 2.584068357E-05 9.434682108E-21
319 1.724613687E-05 -6.799695789E-21
319.2 8.632596685E-06 -2.158149171E-05
319.4 0 -6.481609513E-05
319.6 0 -4.32585825E-05
319.8 0 -2.971640383E-20
320 0 -2.184685931E-20
320.2 0 -2.170138889E-05
320.4 0 -2.172552836E-05
320.6 0 -5.589525519E-20
320.8 0 1.185077726E-20
321 0 2.422537645E-20
321.2 0 2.18226257E-05
321.4 0 4.369407159E-05
321.6 0 6.561450168E-05
321.8 0 6.568806054E-05
322 0 6.576178451E-05
322.2 0 6.583567416E-05
322.4 0 2.196991001E-05
322.6 0 2.19946509E-05
322.8 0 1.750875989E-20
323 0 -4.408860045E-05
323.2 0 -4.413841808E-05
323.4 0 -4.418834842E-05
323.6 0 -8.847678369E-05
323.8 0 -6.643282313E-05
324 0 -4.433881952E-05
324.2 0 -0.0001109730114
324.4 0 -4.443970421E-05
324.6 0 -1.808065011E-20
324.8 0 -6.681157355E-05
325 0 -4.459189498E-05
325.2 0 -2.232142857E-05
325.4 0 -4.469393593E-05
325.6 0 -0.0001118628293
325.8 0 -0.0001567875573
326 0 -4.4847876E-05
326.2 0 -2.244971264E-05
326.4 0 -6.742663982E-05
326.6 0 -4.500288018E-05
326.8 0 -6.758217993E-05
327 0 -2.255340647E-05
327.2 0 -5.268018704E-20
327.4 0 -2.260561343E-05
327.6 0 -2.263180765E-05
327.8 0 -2.265806265E-05
328 0 -2.268437863E-05
328.2 0 6.813226744E-05
328.4 0 4.547438882E-05
328.6 0 -2.276369464E-05
328.8 0 4.558051342E-05
329 0 2.281688084E-05
329.2 0 4.56871345E-05
329.4 0 9.148126464E-05
329.6 0 4.579425557E-05
329.8 0 2.292400235E-05
330 0 4.590188014E-05
330.2 0 6.893382353E-05
330.4 0 4.601001178E-05
330.6 9.212853774E-06 2.732337581E-20
330.8 9.223730815E-06 4.611865407E-05
331 9.23463357E-06 9.23463357E-05
331.2 9.24556213E-06 0.000138683432
331.4 9.256516588E-06 0.0001157064573
331.6 9.267497034E-06 4.633748517E-05
331.8 0 2.319625891E-05
332 0 -1.637024246E-21
332.2 0 9.300595238E-05
332.4 0 6.983760429E-05
332.6 0 6.992094272E-05
332.8 0 0.0001633437873
333 0 4.672547847E-05
333.2 0 2.339071856E-05
333.4 0 4.683752998E-05
333.6 0 -4.68937575E-05
333.8 9.390024038E-06 2.34750601E-05
334 9.401323706E-06 9.401323706E-05
334.2 9.412650602E-06 9.349107143E-21
334.4 9.424004825E-06 -2.356001206E-05
334.6 9.435386473E-06 2.358846618E-05
334.8 9.446795647E-06 6.388768112E-20
335 9.458232446E-06 -2.364558111E-05
335.2 9.46969697E-06 2.367424242E-05
335.4 9.48118932E-06 -4.74059466E-05
335.6 9.492709599E-06 -9.492709599E-05
335.8 9.504257908E-06 3.691973418E-20
336 9.515834348E-06 -2.378958587E-05
336.2 9.527439024E-06 -0.0001190929878
336.4 1.907814408E-05 -9.539072039E-05
336.6 9.550733496E-06 -0.0001432610024
336.8 1.9124847E-05 -0.0001434363525
337 9.574142157E-06 -9.574142157E-05
337.2 1.917177914E-05 -0.0001437883436
337.4 1.91953317E-05 -9.597665848E-05
337.6 1.921894219E-05 -4.804735547E-05
337.8 1.924261084E-05 -2.405326355E-05
338 1.926633785E-05 -2.408292232E-05
338.2 1.929012346E-05 -7.233796296E-05
338.4 1.931396786E-05 -9.656983931E-05
338.6 9.668935644E-06 -9.668935644E-05
338.8 9.680916976E-06 -7.260687732E-05
339 1.938585608E-05 -2.42323201E-05
339.2 1.940993789E-05 2.426242236E-05
339.4 1.94340796E-05 4.8585199E-05
339.6 1.945828144E-05 7.296855542E-05
339.8 9.74127182E-06 -1.875912581E-20
340 9.753433208E-06 -4.876716604E-05
340.2 9.765625E-06 4.8828125E-05
340.4 9.777847309E-06 7.333385482E-05
340.6 9.790100251E-06 4.895050125E-05
340.8 9.80238394E-06 2.450595985E-05
341 9.814698492E-06 1.068455499E-20
341.2 9.827044025E-06 -2.456761006E-05
341.4 9.839420655E-06 7.727309172E-20
341.6 9.851828499E-06 7.388871375E-05
341.8 9.864267677E-06 4.932133838E-05
342 9.876738306E-06 1.712165994E-20
342.2 9.889240506E-06 -4.944620253E-05
342.4 9.901774398E-06 -9.901774398E-05
342.6 0 -0.0001239292513
342.8 0 -0.0001240867217
343 0 -4.969783715E-05
343.2 0 3.138641371E-20
343.4 0 -1.678267938E-20
343.6 0 -7.483237548E-05
343.8 0 -7.492806905E-05
344 0 5.001600512E-05
344.2 0 7.512019231E-05
344.4 0 2.507220796E-05
344.6 0 -2.510443445E-05
344.8 0 2.513674389E-05
345 0 -2.51691366E-05
345.2 0 -5.040322581E-05
345.4 0 7.570251938E-05
345.6 0 5.053363519E-05
345.8 0 -2.034333275E-20
346 0 3.87786736E-20
346.2 0 -2.536525974E-05
346.4 0 6.806735389E-21
346.6 0 -1.442587248E-20
346.8 0 -2.546447197E-05
347 0 5.099543081E-05
347.2 0 7.659313725E-05
347.4 0 2.556446335E-05
347.6 0 -2.559796855E-05
347.8 0 5.126312336E-05
348 0 0.0001026609724
348.2 0 2.46805179E-20
348.4 0 -2.57328722E-05
348.6 0 -2.576682058E-05
348.8 1.032034346E-05 -0.0001032034346
349 1.033399471E-05 -4.185516467E-20
349.2 1.034768212E-05 0.0001034768212
349.4 1.036140584E-05 -7.771054377E-05
349.6 1.0375166E-05 -0.00015562749
349.8 1.038896277E-05 -2.597240691E-05
350 1.040279627E-05 -5.158210242E-21
350.2 0 -2.604166667E-05
350.4 0 -2.607643525E-05
350.6 0 2.457454386E-20
350.8 0 2.614625167E-05
351 0 -2.618130027E-05
351.2 0 -2.621644295E-05
351.4 0 2.625168011E-05
351.6 0 -3.254085468E-20
351.8 0 -2.632243935E-05
352 0 -5.271592443E-05
352.2 0 -1.327712837E-20
352.4 0 0.0001057171854
352.6 0 7.93953252E-05
352.8 0 -2.650101764E-05
353 0 -2.653702446E-05
353.2 0 2.657312925E-05
353.4 0 -2.660933243E-05
353.6 0 -2.664563438E-05
353.8 0 5.164304656E-20
354 0 -2.671853625E-05
354.2 0 -2.675513699E-05
354.4 0 -5.358367627E-05
354.6 0 -8.048592033E-05
354.8 0 -5.373108666E-05
355 0 -2.690254821E-05
355.2 0 -2.693965517E-05
355.4 0 -5.395372928E-05
355.6 0 -5.402835408E-05
355.8 0 -2.70515928E-05
356 0 1.884879729E-20
356.2 0 -2.712673611E-05
356.4 0 1.030497791E-20
356.6 0 2.720229805E-05
356.8 0 3.787758644E-20
357 0 5.455656425E-05
357.2 0 5.463286713E-05
357.4 0 -2.735469188E-05
357.6 0 -2.73930575E-05
357.8 1.097261236E-05 3.613543802E-20
358 1.098804501E-05 5.494022504E-05
358.2 1.100352113E-05 8.091125542E-20
358.4 1.10190409E-05 2.754760226E-05
358.6 0 0.0001379325565
358.8 0 1.063020875E-20
359 1.106586402E-05 -8.299398017E-05
359.2 1.108156028E-05 5.540780142E-05
359.4 1.109730114E-05 8.322975852E-05
359.6 0 -5.556543385E-05
359.8 1.112891738E-05 -2.92943936E-20
360 0 5.572396576E-05
360.2 1.116071429E-05 -2.790178571E-05
360.4 1.117668097E-05 -2.794170243E-05
360.6 1.119269341E-05 2.798173352E-05
360.8 1.120875179E-05 2.802187948E-05
361 1.122485632E-05 2.80621408E-05
361.2 1.124100719E-05 -9.635268473E-21
361.4 1.125720461E-05 -2.814301153E-05
361.6 1.127344877E-05 -8.45508658E-05
361.8 1.128973988E-05 -5.644869942E-05
362 1.130607815E-05 5.653039074E-05
362.2 0 5.661231884E-05
362.4 0 5.669448476E-05
362.6 0 -2.838844477E-05
362.8 0 -2.84297671E-05
363 0 2.847120991E-05
363.2 0 5.702554745E-05
363.4 0 8.566337719E-05
363.6 0 8.578879941E-05
363.8 0 8.591458944E-05
364 0 8.60407489E-05
364.2 0 8.616727941E-05
364.4 0 5.752945508E-05
364.6 0 5.761430678E-05
364.8 0 5.769940916E-05
365 0 2.889238166E-05
365.2 0 -2.893518519E-05
365.4 0 -5.795623145E-05
365.6 0 2.902117385E-05
365.8 0 2.906436012E-05
366 0 -5.821535022E-05
366.2 0 2.91511194E-05
366.4 0 8.758408072E-05
366.6 0 8.771519461E-05
366.8 0 8.784670165E-05
367 0 5.86524024E-05
367.2 1.17481203E-05 2.937030075E-05
367.4 2.353162651E-05 -3.490461768E-21
367.6 2.356711916E-05 2.61793596E-20
367.8 2.360271903E-05 -2.358103223E-20
368 2.363842663E-05 6.679672736E-20
368.2 2.367424242E-05 -5.918560606E-05
368.4 2.371016692E-05 -0.0001185508346
368.6 2.374620061E-05 1.485061834E-20
368.8 2.378234399E-05 8.918378995E-05
369 1.190929878E-05 5.95464939E-05
369.2 0 2.981870229E-05
369.4 0 2.986429664E-05
369.6 0 2.991003063E-05
369.8 0 -2.995590491E-05
370 0 8.378270271E-21
370.2 0 3.004807692E-05
370.4 0 9.38417063E-21
370.6 0 3.01408179E-05
370.8 1.207496136E-05 3.01874034E-05
371 1.209365325E-05 -3.023413313E-05
371.2 1.21124031E-05 6.05620155E-05
371.4 1.213121118E-05 0.0001516401398
371.6 1.215007776E-05 6.07503888E-05
371.8 1.216900312E-05 -6.084501558E-05
372 1.218798752E-05 -6.09399376E-05
372.2 1.220703125E-05 3.051757812E-05
372.4 1.222613459E-05 1.008360339E-19
372.6 1.224529781E-05 -6.122648903E-05
372.8 0 2.165851265E-20
373 1.228380503E-05 7.277171546E-21
373.2 1.230314961E-05 1.242972612E-20
373.4 0 6.161277603E-05
373.6 0 6.171011058E-05
373.8 0 9.271162975E-05
374 0 6.190570523E-05
374.2 0 3.100198413E-05
374.4 0 9.315381558E-05
374.6 0 0.0001244028662
374.8 0 9.345095694E-05
375 0 3.120007987E-05
375.2 1.25E-05 -3.125E-05
375.4 0 6.260016026E-05
375.6 0 0.0001567516051
375.8 0 0.0001570036174
376 0 6.290257649E-05
376.2 0 6.300403226E-05
376.4 0 0.0001262116317
376.6 0 3.16039644E-05
376.8 0 -3.560912115E-20
377 0 3.170657468E-05
377.2 0 4.06704736E-20
377.4 0 -3.180985342E-05
377.6 0 0.0001274469821
377.8 0 9.574142157E-05
378 0 6.22924471E-21
378.2 0 6.403688525E-05
378.4 0 6.414203612E-05
378.6 0 3.212376645E-05
378.8 0 3.217668863E-05
379 0 3.222978548E-05
379.2 0 -6.46330442E-20
379.4 0 -3.233650662E-05
379.6 0 -3.239013267E-05
379.8 0 -3.244393688E-05
380 0 -3.249792013E-05
380.2 0 -3.255208333E-05
380.4 0 -9.781928214E-05
380.6 0 -9.798285953E-05
380.8 1.308626466E-05 -3.271566164E-05
381 1.310822148E-05 -3.277055369E-05
381.2 1.31302521E-05 -6.56512605E-05
381.4 1.31523569E-05 -3.288089226E-05
381.6 1.317453626E-05 -9.880902192E-05
381.8 1.319679054E-05 -0.0001649598818
382 1.321912014E-05 -9.914340102E-05
382.2 1.324152542E-05 3.958598536E-20
382.4 1.326400679E-05 -3.316001698E-05
382.6 1.328656463E-05 -6.643282313E-05
382.8 1.330919932E-05 -0.0001330919932
383 1.333191126E-05 -6.665955631E-05
383.2 1.335470085E-05 3.338675214E-05
383.4 1.337756849E-05 -4.820187101E-20
383.6 1.340051458E-05 6.70025729E-05
383.8 1.342353952E-05 6.711769759E-05
384 1.344664372E-05 -3.361660929E-05
384.2 1.346982759E-05 -3.367456897E-05
384.4 1.349309154E-05 3.373272884E-05
384.6 1.351643599E-05 3.379108997E-05
384.8 1.353986135E-05 -3.384965338E-05
385 1.356336806E-05 -6.781684028E-05
385.2 1.358695652E-05 3.39673913E-05
385.4 1.361062718E-05 6.805313589E-05
385.6 1.363438045E-05 1.736885749E-20
385.8 1.365821678E-05 -5.618307589E-20
386 1.36821366E-05 -3.420534151E-05
386.2 1.370614035E-05 -0.0001027960526
386.4 1.373022847E-05 -3.432557118E-05
386.6 1.375440141E-05 -3.686772525E-20
386.8 1.377865961E-05 6.889329806E-05
387 0 0.0001035225265
387.2 0 3.456858407E-05
387.4 0 3.462987589E-05
387.6 0 -3.76081902E-20
387.8 0 0.0001042593416
388 0 6.963012478E-05
388.2 1.395089286E-05 -0.0001046316964
388.4 2.795169946E-05 -0.000104818873
388.6 4.200268817E-05 -3.500224014E-05
388.8 4.207809695E-05 -3.506508079E-05
389 4.215377698E-05 -3.512814748E-05
389.2 4.222972973E-05 -1.013147309E-19
389.4 4.230595668E-05 2.218350269E-21
389.6 4.238245931E-05 -7.063743219E-05
389.8 4.245923913E-05 -0.0001769134964
390 5.671506352E-05 -0.0001772345735
390.2 5.681818182E-05 -0.0001775568182
390.4 5.692167577E-05 -0.0002490323315
390.6 5.702554745E-05 -0.0001782048358
390.8 5.71297989E-05 -0.0001785306216
391 5.723443223E-05 -0.0001788576007
391.2 2.866972477E-05 -0.0001075114679
391.4 1.436121324E-05 -7.180606618E-05
391.6 0 -3.596915285E-05
391.8 1.441420664E-05 -7.207103321E-05
392 1.444085028E-05 -3.610212569E-05
392.2 2.893518519E-05 3.616898148E-05
392.4 1.449443414E-05 -3.453108571E-20
392.6 1.452137546E-05 -2.701886334E-20
392.8 2.909683426E-05 0.0001091131285
393 4.37266791E-05 3.643889925E-05
393.2 5.841121495E-05 -3.650700935E-05
393.4 7.315074906E-05 3.657537453E-05
393.6 8.794559099E-05 3.664399625E-05
393.8 0.0001027960526 -1.114619305E-19
394 0.0001177024482 -1.514776277E-20
394.2 0.0001179245283 7.370283019E-05
394.4 0.000118147448 3.69210775E-05
394.6 0.0001183712121 9.835762336E-21
394.8 0.0001037713472 -3.103916126E-20
395 0.0001039686312 -7.426330798E-05
395.2 0.0001041666667 -3.720238095E-05
395.4 0.000104365458 6.411158266E-20
395.6 0.0001045650096 3.734464627E-05
395.8 8.979885057E-05 7.483237548E-05
396 7.497600768E-05 0.0001124640115
396.2 6.009615385E-05 0.0001126802885
396.4 4.515895954E-05 7.526493256E-05
396.6 3.016409266E-05 -4.660285212E-20
396.8 1.511121857E-05 -0.0001133341393
397 0 -0.0001514050388
397.2 0 -0.0001137742718
397.4 0 -7.599708171E-05
397.6 0 -3.807261209E-05
397.8 0 3.814697266E-05
398 0 3.822162427E-05
398.2 0 2.265929795E-20
398.4 0 -3.738812177E-20
398.6 0 -1.909021938E-20
398.8 0 -7.704635108E-05
399 0 -0.0001157979249
399.2 0 -7.735148515E-05
399.4 0 -7.750496032E-05
399.6 0 -3.882952286E-05
399.8 0 -3.890687251E-05
400 0 -7.796906188E-05
400.2 0 -7.8125E-05
400.4 0 -7.828156313E-05
400.6 0 -7.843875502E-05
400.8 0 -0.0001178948692
401 0 -7.875504032E-05
401.2 0 -3.945707071E-05
401.4 0 -7.907388664E-05
401.6 0 -7.923427992E-05
401.8 0 -7.93953252E-05
402 0 -3.977851324E-05
402.2 0 -1.992048309E-20
402.4 0 -3.994120654E-05
402.6 1.600922131E-05 -4.002305328E-05
402.8 1.604209446E-05 5.478312055E-20
403 1.607510288E-05 4.384890761E-20
403.2 1.610824742E-05 4.027061856E-05
403.4 0 -1.055964743E-19
403.6 0 -4.04373706E-05
403.8 0 1.430342592E-20
404 0 1.808406908E-20
404.2 0 -9.861346041E-21
404.4 0 1.482534551E-20
404.6 0 7.719669506E-21
404.8 0 -9.040466729E-20
405 0 -6.237329632E-21
405.2 0 4.111842105E-05
405.4 0 4.120516878E-05
405.6 0 -9.875594159E-20
405.8 0 -9.982291479E-20
406 1.658704883E-05 -4.146762208E-05
406.2 1.662234043E-05 -1.17762386E-19
406.4 1.665778252E-05 4.164445629E-05
406.6 1.669337607E-05 4.173344017E-05
406.8 1.672912206E-05 4.182280514E-05
407 1.676502146E-05 4.191255365E-05
407.2 1.680107527E-05 4.200268817E-05
407.4 1.683728448E-05 -1.12976578E-19
407.6 1.687365011E-05 4.218412527E-05
407.8 1.691017316E-05 8.45508658E-05
408 1.694685466E-05 8.473427332E-05
408.2 1.698369565E-05 8.491847826E-05
408.4 1.702069717E-05 8.510348584E-05
408.6 1.705786026E-05 8.528930131E-05
408.8 1.7095186E-05 0.000128213895
409 0 0.0001713267544
409.2 0 0.0001287774725
409.4 0 4.302037445E-05
409.6 0 3.773967776E-20
409.8 0 4.321073009E-05
410 0 4.330654102E-05
410.2 0 4.340277778E-05
410.4 0 8.699888641E-05
410.6 0 4.359654018E-05
410.8 0 3.370934751E-20
411 0 -4.379204036E-05
411.2 0 -4.389044944E-05
411.4 0 4.39893018E-05
411.6 0 -3.021397315E-21
411.8 0 -4.418834842E-05
412 0 3.93966492E-20
412.2 0 4.438920455E-05
412.4 0 4.449031891E-05
412.6 0 -0.0001337756849
412.8 0 -0.0002234696796
413 0 -4.479644495E-05
413.2 0 -4.907792425E-20
413.4 0 -9.000576037E-05
413.6 0 -9.021362587E-05
413.8 0 -9.04224537E-05
414 0 -9.063225058E-05
414.2 0 -9.084302326E-05
414.4 0 -9.105477855E-05
414.6 0 -4.563376168E-05
414.8 0 -2.279322732E-20
415 0 -4.584800469E-05
415.2 0 -9.191176471E-05
415.4 0 -9.212853774E-05
415.6 0 -4.617316785E-05
415.8 0 -1.076335815E-19
416 0 -4.639251781E-05
416.2 0 -4.650297619E-05
416.4 0 -9.369711622E-22
416.6 0 -5.432904073E-20
416.8 0 -4.683752998E-05
417 0 -4.695012019E-05
417.2 0 -1.34989694E-20
417.4 0 4.717693237E-05
417.6 0 4.729116223E-05
417.8 0 -4.74059466E-05
418 0 -4.752128954E-05
418.2 0 6.516899558E-20
418.4 0 -1.386584835E-20
418.6 0 9.574142157E-05
418.8 0 9.597665848E-05
419 0 4.810652709E-05
419.2 0 4.822530864E-05
419.4 0 -4.834467822E-05
419.6 0 4.84646402E-05
419.8 0 0.000194340796
420 0 0.0001948254364
420.2 0 0.00029296875
420.4 0 0.0002937030075
420.6 0 0.0002453674623
420.8 0 0.0001967884131
421 0 0.0001479640152
421.2 0 9.889240506E-05
421.4 0 4.619673034E-20
421.6 0 4.969783715E-05
421.8 0 3.311650946E-20
422 0 8.215941415E-20
422.2 0 0.0001001602564
422.4 0 -4.191853398E-20
422.6 0 0.0001006765464
422.8 0 0.0001009366925
423 0 0.0001517972798
423.2 0 0.0002029220779
423.4 0 0.0002034505208
423.6 0 0.0001529862924
423.8 0 0.0001022578534
424 0 0.0001025262467
424.2 0 0.0001541940789
424.4 0 0.0002061345646
424.6 0 -3.537816015E-20
424.8 0 5.180702918E-05
425 0 0.0001038896277
425.2 0 5.208333333E-05
425.4 0 -5.222259358E-05
425.6 0 -5.236260054E-05
425.8 0 -5.250336022E-05
426 0 -5.264487871E-05
426.2 0 -1.286893935E-19
426.4 0 5.29302168E-05
426.6 0 5.307404891E-05
426.8 0 0.0001064373297
427 0 5.336407104E-05
427.2 0 0.0001070205479
427.4 0 0.0001073145604
427.6 0 -1.397118875E-19
427.8 0 -5.395372928E-05
428 0 -0.0001623095568
428.2 0 -0.0001085069444
428.4 0 -5.44045961E-05
428.6 0 -5.455656425E-05
428.8 0 1.124695891E-19
429 0 -4.74562492E-20
429.2 0 1.566738818E-20
429.4 0 5.51730226E-05
429.6 0 5.532932011E-05
429.8 0 5.548650568E-05
430 0 -5.564458689E-05
430.2 0 -8.091047892E-20
430.4 0 -5.596346705E-05
430.6 0 -0.0001122485632
430.8 0 -2.374144528E-19
431 0 -5.950955024E-20
431.2 0 -2.666078276E-20
431.4 0 -1.560687189E-19
431.6 0 5.694241983E-05
431.8 0 5.710891813E-05
432 0 -0.0001145527859
432.2 0 -0.0002297794118
432.4 0 -0.0001728429204
432.6 0 -0.0001155695266
432.8 0 4.894403653E-21
433 0 5.812872024E-05
433.2 0 5.830223881E-05
433.4 0 5.847679641E-05
433.6 0 -5.86524024E-05
433.8 0 -5.882906627E-05
434 0 5.900679758E-05
434.2 0 5.918560606E-05
434.4 0 -5.936550152E-05
434.6 0 -0.0001190929878
434.8 0 -0.0001194571865
435 0 -5.991180982E-05
435.2 0 0.0001201923077
435.4 0 0.0001808449074
435.6 0 0.0001209365325
435.8 0 3.187632488E-20
436 0 -0.0001216900312
436.2 0 -6.103515625E-05
436.4 2.449059561E-05 6.122648903E-05
436.6 2.456761006E-05 6.141902516E-05
436.8 0 2.882485949E-20
437 0 6.180775316E-05
437.2 0 3.022931861E-21
437.4 0 -5.713055364E-20
437.6 0 6.240015974E-05
437.8 0 -1.383407939E-19
438 0 -6.280144695E-05
438.2 0 -6.300403226E-05
438.4 0 3.96982757E-20
438.6 0 6.341314935E-05
438.8 0 1.045338848E-19
439 0 -6.382761438E-05
439.2 0 5.759321688E-20
439.4 0 3.493344811E-20
439.6 0 6.445957096E-05
439.8 0 6.467301325E-05
440 0 -6.488787375E-05
440.2 0 -6.510416667E-05
440.4 0 3.065860177E-20
440.6 0 -1.338245114E-19
440.8 0 -7.403304426E-20
441 0 -2.073003744E-20
441.2 0 -6.341108203E-20
441.4 0 -6.643282313E-05
441.6 0 -0.0001333191126
441.8 0 -0.0001337756849
442 0 -0.0001342353952
442.2 0 -6.734913793E-05
442.4 0 -9.457446261E-20
442.6 0 6.781684028E-05
442.8 0 6.805313589E-05
443 0 0.0001365821678
443.2 0 0.0002055921053
443.4 0 6.877200704E-05
443.6 0 6.901501767E-05
443.8 0 0.0001385195035
444 0 0.0001390124555
444.2 0 7.578032166E-20
444.4 0 0.0002800179211
444.6 0 0.0002810251799
444.8 0 0.0001410198556
445 0 0.0003538269928
445.2 0 0.0002130681818
445.4 0 7.128193431E-05
445.6 0 -7.154304029E-05
445.8 0 -0.0002154181985
446 0 1.675705781E-20
446.2 2.893518519E-05 7.233796296E-05
446.4 0 7.260687732E-05
446.6 0 0.0002186333955
446.8 0 0.0002194522472
447 0 0.0001468515038
447.2 0 0.0002948113208
447.4 0 0.0002219460227
447.6 0 -7.426330798E-05
447.8 0 -0.0002236402672
448 0 -0.000149664751
448.2 0 1.478973833E-19
448.4 0 0.0001508204633
448.6 0 7.570251938E-05
448.8 0 -7.599708171E-05
449 0 -7.629394531E-05
449.2 0 -7.659313725E-05
449.4 0 -7.689468504E-05
449.6 0 -0.0001543972332
449.8 0 -0.0003100198413
450 0 -0.00015562749
450.2 0 -0.00015625
450.4 0 -0.00015687751
450.6 0 -0.0001575100806
450.8 0 -0.0001581477733
451 0 -0.0001587906504
451.2 0 -0.0001594387755
451.4 0 -0.0001600922131
451.6 0 -0.0001607510288
451.8 0 -8.070764463E-05
452 0 -8.104253112E-05
452.2 0 -8.138020833E-05
452.4 0 2.400757901E-20
452.6 0 1.121090485E-20
452.8 0 6.294000418E-20
453 0 1.416758273E-19
453.2 0 -8.311170213E-05
453.4 0 -0.000250400641
453.6 0 -8.38251073E-05
453.8 0 2.126088123E-19
454 0 8.45508658E-05
454.2 0 -8.491847826E-05
454.4 0 -0.0001705786026
454.6 0 1.130596841E-19
454.8 0 0.0001720814978
455 0 8.642146018E-05
455.2 0 -0.0001736111111
455.4 0 -8.719308036E-05
455.6 0 -8.758408072E-05
455.8 0 0.0001759572072
456 0 8.837669683E-05
456.2 0 4.447551509E-20
456.4 0 -8.868914472E-20
456.6 0 -8.959288991E-05
456.8 0 -9.000576037E-05
457 0 -9.04224537E-05
457.2 0 -0.0002725290698
457.4 0 -0.0002738025701
457.6 0 -0.0003667840376
457.8 0 -0.0002763856132
458 0 9.256516588E-05
458.2 0 9.300595238E-05
458.4 0 -9.345095694E-05
458.6 0 -9.390024038E-05
458.8 0 -0.0001887077295
459 0 -0.0001896237864
459.2 0 -9.527439024E-05
459.4 0 -9.574142157E-05
459.6 0 -9.621305419E-05
459.8 0 -9.668935644E-05
460 0 -9.717039801E-05
460.2 0 -9.765625E-05
460.4 0 -9.814698492E-05
460.6 0 -9.864267677E-05
460.8 0 -9.914340102E-05
461 0 -9.964923469E-05
461.2 0 -0.0001001602564
461.4 0 -0.0001006765464
461.6 0 -0.0001011981865
461.8 0 -0.0001017252604
462 0 -0.0002045157068
462.2 0 -0.0003083881579
462.4 0 -0.0002066798942
462.6 0 -0.0001038896277
462.8 0 -0.0001044451872
463 0 -0.0001050067204
463.2 0 -0.0001055743243
463.4 0 -0.0001061480978
463.6 0 -0.0001067281421
463.8 0 -0.0001073145604
464 0 -0.0002158149171
464.2 0 -0.0001085069444
464.4 0 0.000218226257
464.6 0 0.0002194522472
464.8 0 4.091541015E-20
465 0 -0.0002219460227
465.2 0 6.898152091E-20
465.4 0 0.0001122485632
465.6 0 0.0001128973988
465.8 0 -0.0001135537791
466 0 -0.0001142178363
466.2 0 -0.0001148897059
466.4 0 -0.0001155695266
466.6 0 -0.0001162574405
466.8 0 -0.0002339071856
467 0 -0.0003529743976
467.2 0 -0.0002367424242
467.4 0 -0.0001190929878
467.6 0 -0.0001198236196
467.8 0 -0.0001205632716
468 0 -0.0001213121118
468.2 0 -0.0001220703125
468.4 0 -0.0001228380503
468.6 0 -0.0001236155063
468.8 0 -0.0001244028662
469 0 -0.0001252003205
469.2 0 -0.0001260080645
469.4 0 -0.0001268262987
469.6 0 -0.0001276552288
469.8 0 -0.0001284950658
470 0 -0.0001293460265
470.2 0 -0.0001302083333
470.4 0 -0.0001310822148
470.6 0 -0.0001319679054
470.8 0 7.808954471E-20
471 0 2.089393397E-19
471.2 0 -0.0002693965517
471.4 0 -0.0002712673611
471.6 0 -0.0001365821678
471.8 0 -0.0002750880282
472 0 -0.0002770390071
472.2 0 -1.975195003E-19
472.4 0 2.333330146E-19
472.6 0 2.354334356E-19
472.8 0 5.243870684E-20
473 0 -1.385795888E-19
473.2 0 0.0001446759259
473.4 0 0.000145755597
473.6 0 -1.052321369E-19
473.8 0 0.0001479640152
474 0 0.0001490935115
474.2 0 -0.0001502403846
474.4 0 -0.0003028100775
474.6 0 -0.0001525878906
474.8 0 -0.0001537893701
475 0 -0.0001550099206
475.2 0 -0.00015625
475.4 0 -0.0001575100806
475.6 0 -0.0001587906504
475.8 0 -0.0001600922131
476 0 -0.0001614152893
476.2 0 -0.0001627604167
476.4 0 -0.0001641281513
476.6 0 -0.0003310381356
476.8 0 -0.0003338675214
477 0 -3.697514211E-19
477.2 0 -1.370811841E-20
477.4 0 -1.650320578E-19
477.6 0 6.121939187E-20
477.8 0 -2.201214742E-19
478 0 2.05101102E-19
478.2 0 8.08144783E-20
478.4 0 -1.970984379E-19
478.6 0 -1.806303625E-20
478.8 0 3.756742774E-19
479 0 1.992051875E-20
479.2 0 -8.686054089E-20
479.4 0 5.203120553E-20
479.6 0 3.016132289E-19
479.8 0 4.928868874E-19
480 0 6.81649573E-20
480.2 0 6.181563146E-20
480.4 0 1.900852734E-19
480.6 0 0.0001992984694
480.8 0 -1.978420425E-19
481 0 -0.0004069010417
481.2 0 4.249619984E-19
481.4 0 4.244444442E-19
481.6 0 -7.390159999E-20
481.8 0 -3.523436274E-19
482 0 3.365103197E-20
482.2 0 9.825057279E-20
482.4 0 9.387860154E-20
482.6 0 8.551269598E-20
482.8 0 2.263116815E-19
483 0 0.0002271075581
483.2 0 -1.438739909E-19
483.4 0 -0.000232514881
483.6 0 0.0002353162651
483.8 0 -0.0004763719512
484 0 -0.0004822530864
484.2 0 -5.298840722E-19
484.4 0 2.168539917E-19
484.6 0 7.671000065E-21
484.8 0 -3.159518874E-19
485 0 6.07117961E-20
485.2 0 -1.331616474E-20
485.4 0 1.210531527E-19
485.6 0 -1.585000009E-19
485.8 0 -1.615696353E-19
486 0 -1.328247057E-19
486.2 0 1.846883817E-19
486.4 0 4.198183629E-19
486.6 0 4.881688723E-19
486.8 0 3.270063647E-19
487 0 2.924421419E-19
487.2 0 4.740810955E-19
487.4 0 -3.398496554E-20
487.6 0 5.827907726E-19
487.8 0 6.216298491E-19
488 0 3.836190906E-19
488.2 0 7.428154531E-19
488.4 0 4.253227646E-19
488.6 0 6.216500742E-19
488.8 0 5.877912488E-20
489 0 -3.978988044E-20
489.2 0 -9.78188432E-20
489.4 0 5.217098468E-19
489.6 0 3.777051307E-19
489.8 0 2.809058024E-19
490 0 -5.973133316E-19
490.2 0 -2.458170219E-19
490.4 0 4.089942387E-19
490.6 0 -3.394312191E-20
490.8 0 -8.277257669E-19
491 0 -1.818995667E-19
491.2 0 -2.229539136E-19
491.4 0 3.283889884E-19
491.6 0 2.337515523E-20
491.8 0 1.137131056E-20
492 0 -3.304925664E-19
492.2 0 -1.794626176E-19
492.4 0 2.73541733E-19
492.6 0 9.098691666E-19
492.8 0 3.848715932E-19
493 0 -1.883112067E-19
493.2 0 -7.355074746E-19
493.4 0 -2.271687515E-19
493.6 0 1.583420296E-19
493.8 0 -7.747542671E-19
494 0 -2.575476145E-19
494.2 0 1.763273384E-18
494.4 0 -3.647640202E-19
494.6 0 -1.669480863E-19
494.8 0 -1.172092514E-18
495 0 -2.190475971E-18
495.2 0 1.405186151E-18
495.4 0 -5.680454129E-19
495.6 0 -6.440010152E-19
495.8 0 4.229028666E-19
496 0 1.584883305E-18
496.2 0 -9.712771913E-19
496.4 0 -8.88557063E-19
496.6 0 1.683150608E-18
496.8 0 1.271305753E-18
497 0 -3.289959157E-18
497.2 0 -1.151390182E-18
497.4 0 5.919970294E-18
497.6 0 -7.390124533E-19
497.8 0 -2.202834896E-18
498 0 -1.837398846E-18
498.2 0 9.026424786E-19
498.4 0 -3.018186149E-18
498.6 0 1.764760823E-18
498.8 0 -3.303871086E-19
499 0 -5.919700268E-19
499.2 0 -3.721585745E-18
499.4 0 -6.368004279E-18
499.6 0 2.164878647E-18
499.8 0 1.324430765E-17
500 0 2.310363121E-17
