0 0.007281462415 -2.342812875E-05
0.2 0.006415625 0.0016015625
0.4 0.006055547219 0.000593987595
0.6 0.005757731185 0.0005160378303
0.8 0.005503479175 0.000445847517
1 0.00526154347 0.0004538511619
1.2 0.005013151303 0.0002974699399
1.4 0.004808415196 0.0002740953288
1.6 0.004609782391 0.0003995562575
1.8 0.004420395265 0.0002508025682
2 0.004252810116 -7.840726616E-06
2.2 0.004088227912 4.706325301E-05
2.4 0.003907819405 0.0002354108076
2.6 0.003752386455 0.0001570036174
2.8 0.003606252513 9.424004825E-05
3 0.003463143604 0.0002356948914
3.2 0.003307344064 0.000298667002
3.4 0.003160854469 0.000251610306
3.6 0.003011100483 0.0001651857632
3.8 0.002867521152 0.0001022990532
4 0.002752166465 0.0002046805723
4.2 0.00261781754 7.087953629E-05
4.4 0.002511723477 -2.363604276E-05
4.6 0.002402391041 2.364558111E-05
4.8 0.002305586395 -9.462050868E-05
5 0.002211858845 -3.155290792E-05
5.2 0.002118055556 0.000110479798
5.4 0.00201470291 7.89460388E-05
5.6 0.001939698746 1.57955924E-05
5.8 0.001845671521 1.58019822E-05
6 0.001761053217 7.904188588E-06
6.2 0.001676366397 0.0001027960526
6.4 0.001616924868 0.0001582118267
6.6 0.001538442058 1.582759319E-05
6.8 0.001478896433 -2.375101338E-05
7 0.0014224706 5.544150446E-05
7.2 0.001356490872 8.715770791E-05
7.4 0.001303140219 1.585328734E-05
7.6 0.0012465743 -7.929861957E-05
7.8 0.001193135662 -9.519699431E-05
8 0.001146002641 -2.380891914E-05
8.2 0.001086128049 7.93953252E-06
8.4 0.001035736072 -8.737037414E-05
8.6 0.000988481489 -6.356794142E-05
8.8 0.0009443681319 2.38476801E-05
9 0.0009065808225 -3.428709455E-20
9.2 0.0008687627291 -3.182281059E-05
9.4 0.0008213630807 -3.97947229E-05
9.6 0.000783479413 -3.184875662E-05
9.8 0.0007487510196 -7.965436378E-05
10 0.000720369237 -9.562423501E-05
10.2 0.0006728316327 -3.985969388E-05
10.4 0.000634825439 -5.58263577E-05
10.6 0.0006159364788 -0.0001276552288
10.8 0.0005778759706 -0.000159634246
11 0.0005557542927 -0.000135744583
11.2 0.0005240286299 -6.390593047E-05
11.4 0.000489080401 3.99575491E-05
11.6 0.0004477077364 3.197912403E-05
11.8 0.0004126996314 -7.998054873E-06
12 0.0003808633757 -4.800798853E-05
12.2 0.0003554047131 -9.605532787E-05
12.4 0.0003363314883 -5.605524805E-05
12.6 0.0003236515587 -4.806706317E-05
12.8 0.000307755437 -7.213018055E-05
13 0.0002950533662 -8.017754516E-05
13.2 0.0002855492813 -8.021047228E-06
13.4 0.000276037387 -4.814605588E-05
13.6 0.00026972873 -0.00010435933
13.8 0.0002666272615 8.030941612E-06
14 0.0002442410531 4.017122583E-05
14.2 0.0002411265432 -3.215020576E-05
14.4 0.0002347931247 -4.020430218E-05
14.6 0.0002220191516 -1.608834432E-05
14.8 0.0002124536465 1.609497322E-05
15 0.0002061005771 -4.025401896E-05
15.2 0.000199742268 -2.416237113E-05
15.4 0.0001869327558 7.251701733E-05
15.6 0.0001805612877 4.836463062E-05
15.8 0.0001709589182 -8.064099917E-06
16 0.0001645755886 -2.420229244E-05
16.2 0.0001678719008 -2.421229339E-05
16.4 0.0001614820174 -4.037050434E-05
16.6 0.0001518558726 -5.654208023E-05
16.8 0.0001583833264 -4.848469177E-05
17 0.0001519815811 -6.467301325E-05
17.2 0.0001455745342 -7.278726708E-05
17.4 0.0001359258492 -8.090824358E-05
17.6 0.000129506838 -8.094177373E-05
17.8 0.0001263215174 -3.132572169E-20
18 0.0001198931978 -4.050445873E-05
18.2 0.0001102178423 -7.293827801E-05
18.4 0.000103777501 -1.579319664E-20
18.6 0.0001005762043 -4.05549211E-05
18.8 9.737224761E-05 -0.0001136009555
19 9.41656276E-05 -8.117726517E-05
19.2 9.745322245E-05 -4.060550936E-05
19.4 8.774438436E-05 3.249792013E-05
19.6 8.452975447E-05 1.16023329E-21
19.8 8.131244796E-05 -4.878746878E-05
20 8.134631404E-05 4.880778842E-05
20.2 7.486979167E-05 -2.44140625E-05
20.4 7.815756565E-05 -0.0001139797832
20.6 8.4706005E-05 -2.443442452E-05
20.8 8.148206091E-05 2.444461827E-05
21 7.825542571E-05 8.151606845E-06
21.2 7.828810021E-05 8.155010438E-06
21.4 7.505743525E-05 -4.895050125E-05
21.6 7.508880067E-05 -5.713278312E-05
21.8 7.512019231E-05 -0.000138809051
22 7.841907152E-05 -0.0001633730657
22.2 7.845188285E-05 -8.989278243E-05
22.4 7.521452491E-05 -0.0001308078694
22.6 7.197445561E-05 -2.453674623E-05
22.8 7.527754504E-05 -4.091170926E-05
23 7.530909472E-05 -0.0001064150251
23.2 7.86163522E-05 -9.827044025E-05
23.4 8.192638423E-05 -0.0001146969379
23.6 8.196076374E-05 -0.0001065489929
23.8 8.199517212E-05 -9.019468934E-05
24 7.874842503E-05 -4.10148047E-05
24.2 7.549894958E-05 1.2548127E-21
24.4 7.553068516E-05 -5.746899958E-05
24.6 7.884777124E-05 -0.0001067730235
24.8 7.559423643E-05 -8.21676483E-05
25 7.891414141E-05 -5.754156145E-05
25.2 7.565789474E-05 -8.223684211E-05
25.4 7.568976411E-05 -0.0001316343724
25.6 7.901390645E-05 -0.0001069979983
25.8 7.575358347E-05 -9.057493676E-05
26 7.578553353E-05 -0.0001153258119
26.2 7.911392405E-05 -0.0001236155063
26.4 8.244512453E-05 -0.0001236676868
26.6 8.247994088E-05 -0.0001402158995
26.8 8.581537812E-05 -9.901774398E-05
27 8.254966188E-05 -7.429469569E-05
27.2 8.25845666E-05 -0.0001073599366
27.4 8.592428088E-05 -0.0001404531514
27.6 8.596064325E-05 -0.0001487780364
27.8 8.599703641E-05 -0.0001157652413
28 8.934243964E-05 -6.617958492E-05
28.2 8.606991525E-05 -2.482786017E-05
28.4 8.279461636E-05 -7.475218139E-21
28.6 7.951653944E-05 -6.626378287E-05
28.8 7.623568095E-05 -7.457838354E-05
29 6.632003396E-05 3.316001698E-05
29.2 5.639596603E-05 4.146762208E-05
29.4 4.646346644E-05 8.297047579E-06
29.6 4.648321292E-05 -8.300573736E-06
29.8 4.318133503E-05 8.304102891E-06
30 3.655359422E-05 2.492290515E-05
30.2 3.656914894E-05 2.493351064E-05
30.4 3.65847169E-05 -8.314708387E-06
30.6 3.660029813E-05 -6.654599659E-05
30.8 3.328717512E-05 -3.328717512E-05
31 2.997122762E-05 -1.459000436E-20
31.2 2.665245203E-05 -8.328891258E-06
31.4 1.666488908E-05 -4.999466724E-05
31.6 1.333760137E-05 -3.334400341E-05
31.8 6.671648164E-06 -2.617580079E-21
32 3.337249039E-06 -3.337249039E-05
32.2 6.677350427E-06 -8.346688034E-06
32.4 6.680205216E-06 -2.505076956E-05
32.6 3.341531223E-06 -6.683062447E-05
32.8 3.342961061E-06 -8.357402653E-06
33 3.344392123E-06 1.672196062E-05
33.2 6.691648822E-06 -1.990234855E-20
33.4 3.347257926E-06 -6.694515853E-05
33.6 6.697385341E-06 -6.697385341E-05
33.8 6.70025729E-06 -1.675064322E-05
34 6.703131703E-06 -5.86524024E-05
34.2 3.353004292E-06 -8.38251073E-05
34.4 3.354443967E-06 -6.708887935E-05
34.6 3.35588488E-06 -2.51691366E-05
34.8 3.357327031E-06 -2.517995273E-05
35 3.358770421E-06 -5.038155632E-05
35.2 6.720430108E-06 -2.52016129E-05
35.4 6.723321859E-06 -8.404152324E-06
35.6 6.7262161E-06 -5.044662075E-05
35.8 6.729112834E-06 -8.411391042E-05
36 6.732012064E-06 -5.049009048E-05
36.2 3.367456897E-06 8.418642241E-06
36.4 3.368909013E-06 -4.576514141E-21
36.6 3.370362381E-06 -5.055543572E-05
36.8 6.743634009E-06 -1.685908502E-05
37 3.373272884E-06 -5.059909326E-05
37.2 6.749460043E-06 -5.905777538E-05
37.4 1.012856525E-05 8.440471046E-06
37.6 1.688824038E-05 -5.066472114E-05
37.8 2.027465398E-05 -9.29254974E-05
38 2.028342709E-05 -7.606285158E-05
38.2 1.691017316E-05 -8.45508658E-05
38.4 2.03009961E-05 -7.612873538E-05
38.6 2.030979203E-05 -7.61617201E-05
38.8 2.709146077E-05 -5.926257044E-05
39 3.049111015E-05 -2.540925846E-05
39.2 3.389370933E-05 -4.236713666E-05
39.4 4.069010417E-05 -2.54313151E-05
39.6 4.410008684E-05 1.696157186E-05
39.8 4.411924414E-05 -4.242235013E-05
40 5.092894394E-05 -5.941710126E-05
40.2 5.434782609E-05 -1.063941102E-20
40.4 5.776968247E-05 -8.49554154E-06
40.6 6.119451697E-05 -7.851352781E-21
40.8 6.462233348E-05 1.700587723E-05
41 6.805313589E-05 -8.506641986E-06
41.2 7.489106754E-05 1.702069717E-05
41.4 8.173496077E-05 4.257029207E-05
41.6 8.517771478E-05 8.517771478E-06
41.8 9.203206806E-05 -2.556446335E-05
42 0.0001057125709 -8.525207333E-06
42.2 0.0001091703057 1.705786026E-05
42.4 0.0001126310616 -2.559796855E-05
42.6 0.0001126802885 8.53638549E-06
42.8 0.0001093135111 2.562035418E-05
43 0.0001093613298 -1.708770779E-05
43.2 0.0001094091904 8.547592998E-06
43.4 0.0001026160245 3.420534151E-05
43.6 9.923893999E-05 8.555081034E-06
43.8 9.585889571E-05 -3.423531989E-05
44 9.932595353E-05 -3.08320827E-21
44.2 9.936951754E-05 4.28316886E-05
44.4 9.941311979E-05 2.57102896E-05
44.6 9.602721686E-05 9.115080924E-21
44.8 9.950043917E-05 -2.57328722E-05
45 9.61115993E-05 -1.716278559E-05
45.2 8.928571429E-05 8.585164835E-06
45.4 8.245382586E-05 2.576682058E-05
45.6 7.905301364E-05 2.577815662E-05
45.8 7.564920775E-05 3.438600352E-05
46 6.880228974E-05 4.300143109E-05
46.2 6.539096916E-05 8.60407489E-06
46.4 6.197664169E-05 -1.72157338E-05
46.6 5.855930335E-05 2.583498677E-05
46.8 5.513895015E-05 8.615460962E-06
47 5.171557811E-05 8.619263019E-06
47.2 5.17384106E-05 5.17384106E-05
47.4 4.831051237E-05 8.626877208E-06
47.6 4.833186036E-05 -8.63068935E-06
47.8 4.835322723E-05 -8.634504863E-06
48 4.8374613E-05 -8.638323751E-06
48.2 4.83960177E-05 -1.728429204E-05
48.4 4.841744135E-05 -8.645971669E-06
48.6 4.15190434E-05 1.729960142E-05
48.8 3.807598582E-05 -1.730726628E-05
49 3.462987589E-05 -2.597240691E-05
49.2 3.118070953E-05 -8.661308204E-06
49.4 3.119454303E-05 1.917692432E-20
49.6 3.120838881E-05 -1.733799379E-05
49.8 3.122224689E-05 -5.203707815E-05
50 3.123611728E-05 -1.735339849E-05
50.2 3.125E-05 8.680555556E-06
50.4 3.126389506E-05 8.684415296E-06
50.6 2.78024911E-05 -1.050029321E-21
50.8 2.433800623E-05 -1.268976852E-20
51 2.434884239E-05 8.696015138E-06
51.2 2.783964365E-05 -2.609966592E-05
51.4 3.133355615E-05 -2.611129679E-05
51.6 3.483058404E-05 -1.741529202E-05
51.8 4.181534344E-05 -2.613458965E-05
52 4.532016957E-05 8.715417224E-06
52.2 4.534040179E-05 8.719308036E-06
52.4 4.884993301E-05 -1.744640464E-05
52.6 5.236260054E-05 -3.490840036E-05
52.8 5.587840858E-05 -2.619300402E-05
53 5.590339893E-05 -1.746981216E-05
53.2 6.291946309E-05 -1.747762864E-05
53.4 6.644471799E-05 8.742726052E-06
53.6 6.64744738E-05 8.74664129E-06
53.8 7.000448029E-05 3.580753766E-21
54 7.353765128E-05 -3.501792918E-05
54.2 7.707399103E-05 -5.255044843E-05
54.4 7.710856886E-05 -2.628701211E-05
54.6 8.064968582E-05 -2.639414437E-20
54.8 8.419398294E-05 1.754041311E-05
55 8.072214735E-05 -1.75482929E-05
55.2 8.426966292E-05 -3.511235955E-05
55.4 8.782036871E-05 1.756407374E-05
55.6 8.785987404E-05 7.028789924E-05
55.8 9.141539154E-05 4.394970747E-05
56 9.14565511E-05 1.758779829E-05
56.2 9.149774775E-05 2.639358108E-05
56.4 9.858044164E-05 8.801825146E-06
56.6 9.862488729E-05 8.805793508E-06
56.8 9.866937303E-05 4.404882724E-05
57 9.518840253E-05 1.762748195E-05
57.2 0.000102285553 -4.454750765E-21
57.4 0.0001023317525 8.8217028E-06
57.6 9.884771803E-05 -1.862875709E-20
57.8 0.0001024242767 1.891272276E-21
58 0.0001060040706 -1.766734509E-05
58.2 0.0001060520362 -3.094518983E-21
58.4 0.0001061000453 -8.841670439E-06
58.6 0.0001061480978 -1.769134964E-05
58.8 0.0001061961939 8.849682827E-06
59 0.0001062443336 1.770738894E-05
59.2 0.0001098356009 8.857709751E-06
59.4 0.0001063407441 -6.96351549E-21
59.6 0.000106389015 3.546300499E-05
59.8 0.0001064373297 8.869777475E-06
60 0.0001100352113 -3.549522944E-05
60.2 0.0001029829545 -2.663352273E-05
60.4 0.0001065825375 -8.881878126E-06
60.6 0.0001101853958 1.777183803E-05
60.8 0.0001137915339 -8.889963587E-06
61 0.0001138433515 -3.557604736E-05
61.2 0.0001138952164 -3.559225513E-05
61.4 0.0001103862808 -3.560847767E-05
61.6 0.0001104366165 -1.78123575E-05
61.8 0.0001069229015 -1.782048358E-05
62 0.0001069717024 -1.782861707E-05
62.2 0.0001070205479 -5.351027397E-05
62.4 0.0001106384194 -7.13796254E-05
62.6 0.0001071183729 -2.677959324E-05
62.8 0.0001071673525 -2.679183813E-05
63 0.0001072163769 -8.934698079E-06
63.2 0.0001072654462 1.787757437E-05
63.4 0.0001073145604 1.274374188E-20
63.6 0.0001109425103 -1.789395328E-05
63.8 0.0001109933547 -2.881317494E-20
64 0.0001110442458 -8.95518111E-06
64.2 0.0001110951835 8.959288991E-06
64.4 0.0001075608077 2.689020193E-05
64.6 0.0001076101928 -1.793503214E-05
64.8 0.0001112482774 -2.691490583E-05
65 0.000104118796 -8.975758272E-06
65.2 0.0001041666667 3.591954023E-05
65.4 9.702736891E-05 2.695204692E-05
65.6 0.0001006672803 8.988150023E-06
65.8 0.0001043105433 2.697686464E-05
66 0.0001115557347 1.799286043E-05
66.2 0.0001188076037 5.400345622E-05
66.4 0.0001260661595 7.203780544E-05
66.6 0.0001297278598 2.702663745E-05
66.8 0.000129787725 2.452214725E-21
67 0.0001406682825 -9.017197599E-06
67.2 0.0001515588915 -9.021362587E-06
67.4 0.0001552391405 4.348978049E-22
67.6 0.0001625346741 -9.029704115E-06
67.8 0.0001662234043 9.033880666E-06
68 0.0001699155484 -9.038061083E-06
68.2 0.0001736111111 -9.04224537E-06
68.4 0.0001700729504 5.42786012E-05
68.6 0.0001665315107 4.52531279E-05
68.8 0.0001629867872 2.953344638E-21
69 0.000163062384 4.529510668E-05
69.2 0.000159512761 7.250580046E-05
69.4 0.0001559598422 2.720229805E-05
69.6 0.0001560322805 4.535822109E-05
69.8 0.0001524744424 4.537929833E-05
70 0.0001525453278 -6.558087041E-21
70.2 0.0001489825581 1.816860465E-05
70.4 0.000141781061 2.726558865E-05
70.6 0.0001345728585 2.727828212E-05
70.8 0.0001273579413 -9.096995808E-06
71 0.000127417288 -9.101234856E-06
71.2 0.0001238344988 5.463286713E-05
71.4 0.0001202483675 3.643889925E-05
71.6 0.0001093677088 5.468385441E-05
71.8 0.000102124183 4.559115313E-05
72 9.487389071E-05 -9.122489491E-06
72.2 9.126752336E-05 -9.126752336E-06
72.4 9.131019168E-05 -2.73930575E-05
72.6 8.404466791E-05 9.135289991E-06
72.8 7.677234441E-05 4.569782405E-05
73 6.949321161E-05 9.143843633E-06
73.2 6.220725995E-05 4.574063232E-05
73.4 5.125351453E-05 6.406689316E-05
73.6 4.76148617E-05 9.156704173E-06
73.8 4.763719512E-05 -9.160999062E-06
74 4.765954951E-05 9.165297982E-06
74.2 5.501760563E-05 -1.833920188E-05
74.4 6.238257398E-05 -4.586953969E-05
74.6 6.608317669E-05 -2.753465695E-05
74.8 7.346027268E-05 -9.182534086E-06
75 7.716956726E-05 2.756055974E-05
75.2 8.088235294E-05 1.838235294E-05
75.4 8.459863465E-05 -9.195503766E-06
75.6 8.463848328E-05 -9.199835139E-06
75.8 9.940504241E-05 -9.204170594E-06
76 0.0001031353135 2.692959254E-20
76.2 0.0001105542453 -9.212853774E-06
76.4 0.0001069195375 -1.843440302E-05
76.6 0.0001106586402 9.221553352E-06
76.8 0.0001107109117 2.767772792E-05
77 0.0001107632325 2.769080813E-05
77.2 0.0001108156028 1.846926714E-05
77.4 0.000121954825 -3.695600757E-05
77.6 0.0001404992901 -1.84867487E-05
77.8 0.0001405658144 -1.849550189E-05
78 0.0001406324017 -4.626065846E-05
78.2 0.0001406990521 -9.256516588E-06
78.4 0.0001481744903 -1.852181128E-05
78.6 0.0001519509013 -9.265298861E-06
78.8 0.00014831514 3.7078785E-05
79 0.0001372566477 9.274097816E-06
79.2 0.0001261876485 -3.711401425E-05
79.4 0.0001188212928 2.784874049E-05
79.6 0.0001077330005 9.287327627E-05
79.8 9.663415794E-05 6.504222169E-05
80 0.0001003986197 1.859233698E-05
80.2 0.0001041666667 1.860119048E-05
80.4 0.0001042162935 1.861005241E-05
80.6 0.000100542183 -2.792838418E-05
80.8 9.686456843E-05 -3.725560324E-05
81 9.691078244E-05 9.318344466E-06
81.2 9.322792363E-05 -4.92156657E-21
81.4 8.954154728E-05 9.327244508E-06
81.6 8.585164835E-05 2.799510272E-05
81.8 7.842375717E-05 4.668080784E-05
82 7.472501196E-05 3.736250598E-05
82.2 7.102272727E-05 1.869019139E-05
82.4 6.731689804E-05 -8.767635101E-21
82.6 7.10907567E-05 -5.612428161E-05
82.8 5.989458553E-05 -9.358528989E-06
83 5.243288591E-05 -2.808904602E-05
83.2 5.620503597E-05 -6.557254197E-05
83.4 6.372960653E-05 -6.560400672E-05
83.6 6.751080173E-05 -4.68825012E-05
83.8 6.379082613E-05 -9.381003842E-06
84 6.006727535E-05 -1.877102355E-05
84.2 5.634014423E-05 -1.878004808E-05
84.4 5.260942761E-05 -1.878908129E-05
84.6 4.887512031E-05 -9.399061598E-06
84.8 4.513721714E-05 -1.880717381E-05
85 4.139571291E-05 -5.644869942E-05
85.2 4.141566265E-05 -6.588855422E-05
85.4 4.520250723E-05 -2.825156702E-05
85.6 4.522431259E-05 -1.080774438E-20
85.8 4.147562741E-05 -9.426278958E-06
86 3.772332207E-05 -3.772332207E-05
86.2 3.39673913E-05 -9.435386473E-06
86.4 3.020782987E-05 -4.555110163E-21
86.6 2.64446325E-05 9.444511605E-06
86.8 2.26777939E-05 3.779632317E-05
87 2.268877057E-05 -1.64121141E-20
87.2 2.269975787E-05 -9.458232446E-06
87.4 2.649588178E-05 2.838844477E-05
87.6 3.029568589E-05 5.680441105E-05
87.8 3.031037827E-05 3.788797284E-05
88 3.032508491E-05 4.738294517E-05
88.2 2.65473301E-05 2.844356796E-05
88.4 3.035454104E-05 2.811233072E-20
88.6 3.41654519E-05 7.631485461E-21
88.8 3.418206125E-05 -1.899003403E-05
89 3.799854086E-05 2.849890564E-05
89.2 3.04136253E-05 7.603406326E-05
89.4 2.282132425E-05 9.508885102E-05
89.6 1.902703361E-05 6.659461763E-05
89.8 2.665082846E-05 3.807261209E-05
90 3.047294003E-05 4.76139688E-05
90.2 3.429878049E-05 3.81097561E-05
90.4 3.050268424E-05 4.766044412E-05
90.6 2.670288086E-05 9.536743164E-06
90.8 2.289936492E-05 9.541402052E-06
91 1.527370479E-05 1.909213099E-05
91.2 1.528117359E-05 4.702844134E-21
91.4 1.528864971E-05 2.86662182E-05
91.6 1.529613314E-05 1.912016642E-05
91.8 1.53036239E-05 1.912952987E-05
92 1.91389025E-05 3.8277805E-05
92.2 2.297794118E-05 4.787071078E-05
92.4 3.065228053E-05 4.789418833E-05
92.6 3.450073602E-05 3.833415113E-05
92.8 3.835297005E-05 3.835297005E-05
93 4.604616896E-05 7.003837878E-21
93.2 5.374692875E-05 -9.597665848E-06
93.4 6.145526057E-05 -9.602384464E-06
93.6 6.532833251E-05 -6.724975406E-05
93.8 7.304995079E-05 -9.61183563E-06
94 7.693254554E-05 3.846627277E-05
94.2 7.312192118E-05 2.886391626E-05
94.4 7.700837851E-05 2.887814194E-05
94.6 8.089866864E-05 2.889238166E-05
94.8 8.479279724E-05 4.81777257E-05
95 8.869076999E-05 3.856120434E-05
95.2 9.259259259E-05 1.929012346E-05
95.4 9.649827075E-05 -1.216327155E-20
95.6 0.000104269649 -2.073239846E-20
95.8 0.0001004574679 -1.869326878E-20
96 0.0001082384958 1.932830282E-05
96.2 0.000104424505 2.900680693E-05
96.4 0.0001044762259 9.673724616E-06
96.6 0.0001006565907 2.282945391E-20
96.8 0.0001084531482 -9.683316807E-06
97 0.0001085069444 1.937624008E-05
97.2 0.000108560794 1.938585608E-05
97.4 0.0001124937934 -1.698001809E-20
97.6 0.0001125496771 8.204357524E-21
97.8 0.0001126056163 9.707380716E-06
98 0.0001126616111 1.942441571E-05
98.2 0.0001166044776 9.717039801E-06
98.4 0.000112773768 -1.944375311E-05
98.6 0.0001128299303 -3.890687251E-05
98.8 0.0001245640259 -9.731564524E-06
99 0.0001246261216 -1.947283151E-05
99.2 0.0001246882793 -3.896508728E-05
99.4 0.000124750499 1.949226547E-05
99.6 0.0001209123814 5.850599101E-05
99.8 0.0001170704296 9.755869131E-06
100 0.0001132246377 -1.952148926E-05
100.2 0.00012109375 -9.765625E-06
100.4 0.0001289707354 -2.334114268E-20
100.6 0.0001290352853 9.7754004E-06
100.8 0.0001290998998 2.934088633E-05
101 0.0001330786573 9.785195391E-06
101.2 0.0001331453634 -9.790100251E-06
101.4 0.0001292941324 2.938503009E-05
101.6 0.0001254390366 3.919969895E-05
101.8 0.0001176581325 9.804844378E-06
102 0.0001059455048 -1.961953792E-05
102.2 0.0001020728643 -4.907349246E-05
102.4 0.000102124183 -0.0001080159628
102.6 0.0001021755533 -9.824572435E-05
102.8 0.0001022269753 -7.863613488E-05
103 0.0001101460222 -7.867573011E-05
103.2 0.0001102015113 -3.935768262E-05
103.4 0.0001141948085 -4.92219002E-05
103.6 0.0001142523954 -8.864409985E-05
103.8 0.0001221934914 -7.88345106E-05
104 0.0001222551742 -4.929644119E-05
104.2 0.0001183712121 -3.945707071E-05
104.4 0.0001105356241 -1.97385043E-05
104.6 9.479271992E-05 -2.117980481E-20
104.8 9.088897319E-05 -1.768333939E-21
105 9.88423583E-05 -3.953694332E-05
105.2 9.493670886E-05 -3.955696203E-05
105.4 8.706940223E-05 -1.978850051E-05
105.6 8.315382666E-05 -1.979853016E-05
105.8 7.923427992E-05 -4.952142495E-05
106 7.927447996E-05 -7.927447996E-05
106.2 7.931472081E-05 -6.940038071E-05
106.4 8.332275267E-05 -7.935500254E-05
106.6 8.336509146E-05 -2.977324695E-05
106.8 8.340747331E-05 -3.971784443E-05
107 7.550228891E-05 -4.967255849E-05
107.2 6.361323155E-05 -8.196766133E-21
107.4 4.773421589E-05 -5.966776986E-05
107.6 3.581889964E-05 -4.974847173E-05
107.8 3.185524975E-05 -2.986429664E-05
108 3.58554309E-05 -7.967873534E-05
108.2 3.587372449E-05 -6.975446429E-05
108.4 3.589203675E-05 -4.985005105E-05
108.6 4.389044944E-05 -1.995020429E-05
108.8 4.790495657E-05 -2.994059785E-05
109 4.792944785E-05 -6.989711145E-05
109.2 4.795396419E-05 -5.994245524E-05
109.4 5.197671443E-05 -5.997313204E-05
109.6 4.400281618E-05 -7.000448029E-05
109.8 4.002305328E-05 -4.002305328E-05
110 3.603921066E-05 3.003267555E-05
110.2 3.205128205E-05 1.001602564E-05
110.4 2.805926116E-05 -4.00846588E-05
110.6 3.208418891E-05 3.00789271E-05
110.8 3.210066769E-05 6.018875193E-05
111 2.408787256E-05 -2.007322713E-05
111.2 2.008354756E-05 -2.008354756E-05
111.4 1.607510288E-05 2.00938786E-05
111.6 8.041688111E-06 2.010422028E-05
111.8 4.022914521E-06 2.011457261E-05
112 4.02498712E-06 4.956651319E-21
112.2 0 1.379754568E-20
112.4 4.029138731E-06 2.014569366E-05
112.6 4.03121775E-06 -1.007804438E-05
112.8 4.033298916E-06 -3.024974187E-05
113 8.070764463E-06 -1.008845558E-05
113.2 8.074935401E-06 -3.028100775E-05
113.4 8.079110651E-06 -2.019777663E-05
113.6 8.083290222E-06 -4.041645111E-05
113.8 1.617494824E-05 -7.076539855E-05
114 1.61833247E-05 -3.034373382E-05
114.2 2.023963731E-05 -6.071891192E-05
114.4 2.430015552E-05 -5.0625324E-05
114.6 2.431275934E-05 -2.026063278E-05
114.8 2.83796056E-05 -1.013557343E-05
115 2.83943406E-05 -9.075899596E-22
115.2 3.246753247E-05 1.01461039E-05
115.4 3.654495842E-05 1.015137734E-05
115.6 3.656396256E-05 6.050098755E-22
115.8 4.064776275E-05 1.016194069E-05
116 4.473581468E-05 -2.033446122E-05
116.2 5.289713542E-05 1.017252604E-05
116.4 4.885356957E-05 6.106696196E-05
116.6 5.702554745E-05 1.518896766E-20
116.8 5.297991654E-05 -3.056533646E-05
117 5.708507307E-05 2.03875261E-05
117.2 5.303524804E-05 2.01148595E-20
117.4 5.714472309E-05 -1.020441484E-05
117.6 5.309069524E-05 2.041949817E-05
117.8 4.903242678E-05 2.043017782E-05
118 4.496991104E-05 2.044086866E-05
118.2 4.090314136E-05 1.022578534E-05
118.4 3.683211105E-05 5.11557098E-05
118.6 3.275681342E-05 6.141902516E-05
118.8 3.277399056E-05 4.09674882E-05
119 2.869228751E-05 5.12362277E-05
119.2 2.460629921E-05 3.075787402E-05
119.4 2.461922269E-05 6.154805672E-05
119.6 2.463215975E-05 4.105359958E-05
119.8 2.464511041E-05 2.053759201E-05
120 2.46580747E-05 5.137098895E-05
120.2 2.467105263E-05 3.083881579E-05
120.4 2.468404423E-05 6.171011058E-05
120.6 2.469704953E-05 2.05808746E-05
120.8 2.471006853E-05 -1.029586189E-05
121 2.060258439E-05 1.030129219E-05
121.2 2.061345646E-05 4.122691293E-05
121.4 1.649947202E-05 7.218519007E-05
121.6 1.238114105E-05 6.190570523E-05
121.8 8.25845666E-06 5.161535412E-05
122 4.131411951E-06 2.065705976E-05
122.2 4.133597884E-06 2.066798942E-05
122.4 4.13578613E-06 4.13578613E-05
122.6 8.27595339E-06 5.172470869E-05
122.8 1.242050874E-05 6.210254372E-05
123 1.656945917E-05 4.142364793E-05
123.2 2.072281167E-05 -1.036140584E-05
123.4 2.488057325E-05 3.110071656E-05
123.6 2.489378651E-05 -2.342852213E-21
123.8 2.490701382E-05 -5.188961211E-05
124 2.492025518E-05 -2.076687932E-05
124.2 2.493351064E-05 -3.11668883E-05
124.4 2.49467802E-05 -4.1577967E-05
124.6 2.49600639E-05 -2.080005325E-05
124.8 2.497336175E-05 -4.773645544E-21
125 2.498667377E-05 3.123334222E-05
125.2 2.5E-05 3.125E-05
125.4 2.501334045E-05 1.042222519E-05
125.6 2.502669514E-05 1.042778964E-05
125.8 2.50400641E-05 -1.043336004E-05
126 2.505344735E-05 -2.84610754E-20
126.2 2.506684492E-05 1.044451872E-05
126.4 2.508025682E-05 3.979709198E-21
126.6 2.509368308E-05 -1.045570128E-05
126.8 2.510712373E-05 -2.092260311E-05
127 2.093381565E-05 -2.093381565E-05
127.2 2.513404826E-05 1.047252011E-05
127.4 2.095627682E-05 -1.047813841E-05
127.6 2.09675255E-05 -2.09675255E-05
127.8 2.097878625E-05 1.048939313E-05
128 1.679204729E-05 3.113473595E-22
128.2 2.100134409E-05 2.100134409E-05
128.4 2.10126412E-05 3.580692335E-21
128.6 2.102395048E-05 -4.204790097E-05
128.8 2.103527194E-05 -4.207054389E-05
129 2.10466056E-05 -2.10466056E-05
129.2 2.105795148E-05 -2.105795148E-05
129.4 2.528317152E-05 -2.10693096E-05
129.6 2.529681597E-05 -2.108067998E-05
129.8 2.531047516E-05 -5.273015659E-05
130 2.532414911E-05 -6.331037277E-05
130.2 2.111486486E-05 1.242450648E-20
130.4 2.112628448E-05 -9.579668513E-21
130.6 2.113771645E-05 -5.284429113E-05
130.8 1.691932864E-05 -2.11491608E-05
131 1.692849404E-05 -1.058030878E-05
131.2 1.693766938E-05 -2.117208672E-05
131.4 1.694685466E-05 -1.059178416E-05
131.6 2.11950624E-05 -1.05975312E-05
131.8 2.544788274E-05 -1.060328447E-05
132 2.546170559E-05 1.236420574E-20
132.2 2.122961957E-05 1.061480978E-05
132.4 2.124116368E-05 -2.124116368E-05
132.6 1.700217628E-05 -5.034324376E-21
132.8 1.275857376E-05 1.06321448E-05
133 8.510348584E-06 -2.127587146E-05
133.2 4.257493188E-06 -1.224971998E-20
133.4 0 1.064953653E-05
133.6 0 3.196603928E-05
133.8 0 3.198348799E-05
134 0 -2.133397051E-05
134.2 0 -4.269125683E-05
134.4 0 -4.271459814E-05
134.6 0 -1.068449125E-05
134.8 0 -1.069033935E-05
135 4.278477547E-06 -4.278477547E-05
135.2 8.561643836E-06 -3.210616438E-05
135.4 1.284950658E-05 -4.28316886E-05
135.6 1.714207351E-05 -4.285518376E-05
135.8 2.143935236E-05 -2.143935236E-05
136 2.145112576E-05 -6.988504722E-22
136.2 2.146291209E-05 -1.120626538E-20
136.4 2.147471138E-05 -1.073735569E-05
136.6 2.578382838E-05 -1.074326183E-05
136.8 3.00976885E-05 1.379711991E-20
137 3.011426211E-05 -1.075509361E-05
137.2 3.443526171E-05 -3.228305785E-05
137.4 3.445424476E-05 -3.230085447E-05
137.6 3.447324876E-05 -1.077289024E-05
137.8 3.449227373E-05 1.224494232E-20
138 3.451131971E-05 1.305283784E-20
138.2 3.453038674E-05 -1.079074586E-05
138.4 3.454947485E-05 -3.239013267E-05
138.6 3.456858407E-05 -2.160536504E-05
138.8 3.458771444E-05 1.080866076E-05
139 3.4606866E-05 2.162929125E-05
139.2 3.462603878E-05 2.164127424E-05
139.4 3.464523282E-05 1.965434747E-20
139.6 3.466444814E-05 1.083264004E-05
139.8 3.03482242E-05 3.25159545E-05
140 2.602720711E-05 4.629300778E-21
140.2 2.170138889E-05 1.085069444E-05
140.4 1.737076153E-05 2.171345192E-05
140.6 1.303531702E-05 2.172552836E-05
140.8 1.304257095E-05 5.434404563E-05
141 1.304983296E-05 5.437430401E-05
141.2 1.305710306E-05 2.176183844E-05
141.4 8.709587514E-06 1.088698439E-05
141.6 4.357222532E-06 1.089305633E-05
141.8 4.359654018E-06 2.944177186E-20
142 0 1.515509479E-21
142.2 0 1.091131285E-05
142.4 0 1.091741196E-05
142.6 0 1.09235179E-05
142.8 0 3.2788892E-05
143 0 3.280725084E-05
143.2 0 3.282563025E-05
143.4 0 3.284403027E-05
143.6 0 3.286245093E-05
143.8 0 3.288089226E-05
144 0 4.386580573E-05
144.2 0 2.194522472E-05
144.4 0 -2.195756043E-05
144.6 0 1.098495501E-05
144.8 0 2.198227349E-05
145 0 1.166201987E-20
145.2 0 -2.200704225E-05
145.4 0 -3.302917136E-05
145.6 0 -1.101593345E-05
145.8 0 1.102215011E-05
146 0 1.10283738E-05
146.2 0 -1.103460452E-05
146.4 0 -1.104084228E-05
146.6 0 -1.10470871E-05
146.8 0 1.105333899E-05
147 0 2.211919592E-05
147.2 4.426345609E-06 -6.968760316E-21
147.4 8.857709751E-06 -3.321641156E-05
147.6 1.329410096E-05 -4.431366988E-05
147.8 1.773552781E-05 -1.108470488E-05
148 1.774559909E-05 3.32729983E-05
148.2 2.219460227E-05 -8.261165529E-21
148.4 2.220722001E-05 -8.882888005E-05
148.6 2.22198521E-05 -3.332977816E-05
148.8 1.778599886E-05 -3.60164659E-20
149 1.334709567E-05 -2.224515945E-05
149.2 8.903133903E-06 -1.112891738E-05
149.4 4.454104903E-06 -2.227052452E-05
149.6 4.45664575E-06 -3.342484313E-05
149.8 0 -3.344392123E-05
150 0 -5.577170188E-05
150.2 0 -6.696428571E-05
150.4 0 -2.233419097E-05
150.6 0 1.543144856E-21
150.8 0 -1.117987979E-05
151 0 -2.237256586E-05
151.2 0 -5.596346705E-05
151.4 0 -4.479644495E-05
151.6 0 1.120553643E-05
151.8 0 2.2423938E-05
152 0 2.243681792E-05
152.2 0 1.122485632E-05
152.4 0 -2.24626222E-05
152.6 0 2.354780028E-20
152.8 0 4.497697179E-05
153 0 4.500288018E-05
153.2 0 4.502881844E-05
153.4 0 3.379108997E-05
153.6 0 3.381058857E-05
153.8 0 2.255340647E-05
154 0 1.865619176E-20
154.2 0 1.128973988E-05
154.4 0 2.259253904E-05
154.6 0 1.130280671E-05
154.8 0 -1.130935148E-05
155 0 2.263180765E-05
155.2 0 4.528985507E-05
155.4 4.531612529E-06 3.398709397E-05
155.6 4.5342426E-06 3.40068195E-05
155.8 0 5.089509564E-21
156 4.539511912E-06 -2.269755956E-05
156.2 9.084302326E-06 -3.790698929E-21
156.4 9.089586969E-06 2.272396742E-05
156.6 9.094877765E-06 3.410579162E-05
156.8 9.100174723E-06 5.687609202E-05
157 9.105477855E-06 5.69092366E-05
157.2 1.366618076E-05 3.41654519E-05
157.4 1.367415403E-05 3.418538506E-05
157.6 1.82428488E-05 4.560712201E-05
157.8 1.825350467E-05 2.281688084E-05
158 2.283021625E-05 1.307440511E-20
158.2 2.74122807E-05 3.426535088E-05
158.4 2.285693388E-05 3.428540082E-05
158.6 3.201844262E-05 2.287031616E-05
158.8 3.203719977E-05 3.432557118E-05
159 3.663540445E-05 1.144856389E-05
159.2 3.66568915E-05 1.145527859E-05
159.4 4.126320423E-05 6.877200704E-05
159.6 4.128743394E-05 9.17498532E-05
159.8 4.131169213E-05 9.180376028E-05
160 4.133597884E-05 6.889329806E-05
160.2 4.136029412E-05 4.595588235E-05
160.4 4.138463802E-05 4.598293114E-05
160.6 3.680800942E-05 3.450750883E-05
160.8 3.222598704E-05 5.754640542E-05
161 4.145784198E-05 -1.151606722E-05
161.2 5.070058997E-05 -8.06600295E-05
161.4 5.073051948E-05 -4.611865407E-05
161.6 5.076048435E-05 1.153647372E-05
161.8 4.617316785E-05 2.308658392E-05
162 4.620047309E-05 9.155182808E-21
162.2 4.622781065E-05 -2.925808018E-21
162.4 4.162966252E-05 1.156379515E-05
162.6 4.165432464E-05 -1.157064573E-05
162.8 4.1679016E-05 -3.473251334E-05
163 3.706998814E-05 -1.158437129E-05
163.2 4.172848665E-05 -3.477373887E-05
163.4 3.711401425E-05 -6.958877672E-05
163.6 2.785204991E-05 -4.642008318E-05
163.8 2.78686088E-05 1.161192033E-05
164 2.788518739E-05 3.485648424E-05
164.2 2.790178571E-05 1.162574405E-05
164.4 3.257147111E-05 -1.163266825E-05
164.6 4.190256257E-05 1.163960072E-05
164.8 5.124478235E-05 -3.158662118E-20
165 5.593675418E-05 2.330698091E-05
165.2 6.996268657E-05 -4.29799476E-21
165.4 7.933841099E-05 1.166741338E-05
165.6 7.004632397E-05 8.17207113E-05
165.8 6.541566986E-05 4.672547847E-05
166 6.545481747E-05 4.675344105E-05
166.2 6.549401198E-05 1.169535928E-05
166.4 7.021420012E-05 -1.011483931E-20
166.6 7.494004796E-05 -1.205081155E-20
166.8 7.4985003E-05 -1.171640672E-05
167 7.5030012E-05 2.344687875E-05
167.2 7.507507508E-05 4.692192192E-05
167.4 7.512019231E-05 5.868765024E-05
167.6 7.51653638E-05 -2.099471117E-20
167.8 7.521058965E-05 -1.678338549E-20
168 7.055237809E-05 3.527618904E-05
168.2 6.588855422E-05 7.314122135E-21
168.4 6.12191079E-05 3.294864436E-20
168.6 6.125603136E-05 1.886192436E-21
168.8 6.12929994E-05 -1.178711527E-05
169 6.133001208E-05 -3.538269928E-05
169.2 7.08081571E-05 -3.540407855E-05
169.4 6.612756953E-05 -2.361698912E-05
169.6 5.671506352E-05 -5.907819117E-05
169.8 6.14785109E-05 -7.093674334E-05
170 6.151574803E-05 -3.548985463E-05
170.2 4.734848485E-05 -4.734848485E-05
170.4 4.73771983E-05 -4.73771983E-05
170.6 4.74059466E-05 -2.37029733E-05
170.8 4.269125683E-05 -2.371736491E-05
171 4.7463548E-05 -1.1865887E-05
171.2 4.749240122E-05 -1.18731003E-05
171.4 4.752128954E-05 -4.752128954E-05
171.6 5.230523433E-05 -7.132531954E-05
171.8 5.709500609E-05 -4.757917174E-05
172 6.189061548E-05 -4.760816575E-05
172.2 6.669207317E-05 -0.000107183689
172.4 7.149938987E-05 -8.341595485E-05
172.6 7.154304029E-05 -3.740474369E-21
172.8 6.681429444E-05 2.386224801E-05
173 7.640586797E-05 3.608112901E-21
173.2 8.600917431E-05 -2.389143731E-05
173.4 0.0001004054468 -1.195302938E-05
173.6 0.0001196034905 -4.78413962E-05
173.8 0.0001388250613 -5.983838848E-05
174 0.0001532801962 -1.197501533E-05
174.2 0.0001629601227 -2.396472393E-05
174.4 0.0001774478207 -4.795887047E-05
174.6 0.000191953317 -4.798832924E-05
174.8 0.0001968730793 -3.601336816E-05
175 0.000201798893 -2.402367774E-05
175.2 0.0001971153846 -2.498373286E-20
175.4 0.0002020474138 -1.202663177E-05
175.6 0.0002117991374 -1.20340419E-05
175.8 0.0002071131319 -1.237764722E-21
176 0.0002120604565 -1.204888957E-05
176.2 0.000212191358 -1.205632716E-05
176.4 0.0002171479308 -2.412754787E-05
176.6 0.0002221106304 -1.207122991E-05
176.8 0.0002270794682 -2.415739023E-05
177 0.0002368889233 -4.834467822E-05
177.2 0.0002467105263 -4.8374613E-05
177.4 0.0002565442999 -1.210114622E-05
177.6 0.0002567033478 -1.210864848E-05
177.8 0.0002665555211 -3.634848015E-05
178 0.0002667209808 -3.637104283E-05
178.2 0.0002717391304 -2.426242236E-05
178.4 0.0002719080174 -1.190836682E-20
178.6 0.0002672185945 -4.8585199E-05
178.8 0.0002673848787 -6.07692906E-05
179 0.0002626867995 -2.432285181E-05
179.2 0.0002628504673 2.433800623E-05
179.4 0.0002630143392 1.217658978E-05
179.6 0.0002631784155 3.58742615E-20
179.8 0.00025846598 1.219179151E-05
180 0.0002537476577 3.659821986E-05
180.2 0.000244140625 1.220703125E-05
180.4 0.0002394074422 3.664399625E-05
180.6 0.0002297794118 8.555616395E-05
180.8 0.0002201393237 1.222996243E-05
181 0.0002153822055 1.223762531E-05
181.2 0.0002106191223 1.224529781E-05
181.4 0.0002107512547 4.18787073E-20
181.6 0.000210883553 -1.226067169E-05
181.8 0.0002110160176 -1.226837312E-05
182 0.0002013277813 1.227608422E-05
182.2 0.0001965408805 1.228380503E-05
182.4 0.0001917479547 -1.229153556E-05
182.6 0.0001869489924 -3.689782746E-05
182.8 0.0001821439824 -4.922810334E-05
183 0.0001724069987 -4.92591425E-05
183.2 0.0001626577287 -2.464511041E-05
183.4 0.0001479640152 -6.901086426E-21
183.6 0.0001332517372 1.32904615E-20
183.8 0.0001234592288 -2.469184576E-05
184 0.0001185958254 -3.706119545E-05
184.2 0.0001285601266 1.091994867E-20
184.4 0.000133589297 9.00299316E-21
184.6 0.0001336739544 -6.188608999E-05
184.8 0.0001337587191 -4.954026633E-05
185 0.0001388007614 2.478585025E-05
185.2 0.000128968254 3.720238095E-05
185.4 0.0001240867217 -2.481734435E-05
185.6 0.0001241656071 -6.208280356E-05
185.8 0.0001242445929 -1.515883241E-20
186 0.0001243236792 1.903623586E-20
186.2 0.0001244028662 -3.732085987E-05
186.4 0.0001195028681 -4.97928617E-05
186.6 0.0001245615434 -3.810266069E-20
186.8 0.0001246410338 6.232051691E-05
187 0.0001147429757 1.247206258E-05
187.2 0.0001048322684 -3.744009585E-05
187.4 0.0001048992967 -3.746403453E-05
187.6 9.996801024E-05 -2.499200256E-05
187.8 0.0001000320102 1.250400128E-05
188 9.008648302E-05 2.502402306E-05
188.2 9.014423077E-05 3.40417565E-20
188.4 9.02020526E-05 -1.252806286E-05
188.6 9.025994865E-05 -3.760831194E-05
188.8 9.031791908E-05 5.131069565E-21
189 9.037596401E-05 5.020886889E-05
189.2 9.04340836E-05 1.256028939E-05
189.4 9.049227799E-05 -1.256837194E-05
189.6 8.551996137E-05 1.257646491E-05
189.8 8.557506443E-05 2.51691366E-05
190 8.563023856E-05 1.450581499E-21
190.2 8.064516129E-05 2.16417965E-20
190.4 7.565364751E-05 -1.260894125E-05
190.6 7.570251938E-05 -1.261708656E-05
190.8 7.575145443E-05 3.787572721E-05
191 7.580045278E-05 1.26334088E-05
191.2 7.584951456E-05 1.264158576E-05
191.4 7.083873057E-05 6.324886658E-05
191.6 7.088464031E-05 0.0001139217434
191.8 7.599708171E-05 0.0001013294423
192 8.111615834E-05 1.257855897E-20
192.2 8.624188312E-05 -1.268262987E-05
192.4 8.122157245E-05 2.538174139E-05
192.6 7.619473342E-05 2.539824447E-05
192.8 7.116135329E-05 1.270738452E-05
193 6.612141927E-05 -1.271565755E-05
193.2 6.616449511E-05 -5.089576547E-05
193.4 6.620762712E-05 -2.546447197E-05
193.6 5.605838226E-05 2.712922695E-20
193.8 5.099543081E-05 -2.54977154E-05
194 5.102873939E-05 -1.275718485E-05
194.2 4.595588235E-05 2.553104575E-05
194.4 4.08763898E-05 3.832161543E-05
194.6 4.090314136E-05 2.556446335E-05
194.8 4.092992796E-05 5.116240995E-05
195 4.095674967E-05 6.399492136E-05
195.2 4.610655738E-05 3.842213115E-05
195.4 4.613681102E-05 2.531445399E-20
195.6 5.129678267E-05 3.8472587E-05
195.8 5.13304862E-05 6.416310775E-05
196 5.650065746E-05 -5.448444661E-21
196.2 6.681743421E-05 -2.65925682E-20
196.4 6.686142199E-05 6.428982883E-05
196.6 6.690546772E-05 7.71986166E-05
196.8 7.209953856E-05 1.28749176E-05
197 7.730046174E-05 1.288341029E-05
197.2 7.735148515E-05 1.289191419E-05
197.4 8.256274769E-05 -1.290042933E-05
197.6 8.778089888E-05 2.581791143E-05
197.8 8.783895503E-05 3.875248016E-05
198 9.823792191E-05 2.047500424E-21
198.2 0.0001034768212 -2.58692053E-05
198.4 0.0001035453943 -1.248745881E-20
198.6 0.0001087947613 3.885527188E-05
198.8 0.0001140510949 1.296035169E-05
199 0.000119314409 -1.29689575E-05
199.2 0.0001245847176 2.965436646E-20
199.4 0.0001298620346 -1.298620346E-05
199.6 0.0001351463739 -1.299484365E-05
199.8 0.0001404377497 -1.300349534E-05
200 0.0001457361759 -3.903647568E-05
200.2 0.0001510416667 -6.510416667E-05
200.4 0.0001511424283 -6.51475984E-05
200.6 0.0001512433244 -5.215287049E-05
200.8 0.0001513443554 -5.218770875E-05
201 0.0001514455214 -3.916694519E-05
201.2 0.0001515468227 -3.919314381E-05
201.4 0.0001516482597 -5.229250335E-05
201.6 0.0001517498326 -2.616376423E-05
201.8 0.0001518515416 -1.309065013E-05
202 0.000151953387 -1.309942991E-05
202.2 0.0001468120805 -5.243288591E-05
202.4 0.0001469106783 -5.24680994E-05
202.6 0.0001417590726 -1.312584005E-05
202.8 0.000136600538 -2.626933423E-05
203 0.000136692463 -5.257402423E-05
203.2 0.0001367845118 -6.576178451E-05
203.4 0.0001368766846 -3.948365903E-05
203.6 0.0001369689818 -2.634018881E-05
203.8 0.0001370614035 -3.953694332E-05
204 0.00013715395 1.068177914E-20
204.2 0.0001372466216 2.639358108E-05
204.4 0.0001373394185 -2.219095854E-20
204.6 0.000137432341 1.321464817E-05
204.8 0.0001375253893 6.611797563E-05
205 0.0001376185637 5.29302168E-05
205.2 0.0001377118644 1.324152542E-05
205.4 0.0001378052917 1.325050882E-05
205.6 0.0001378988459 1.754609945E-20
205.8 0.0001326851223 -1.326851223E-05
206 0.00012746431 -4.811913512E-22
206.2 0.0001275510204 2.657312925E-05
206.4 0.0001223196052 1.329560926E-05
206.6 0.0001170810627 2.660933243E-05
206.8 0.0001118353783 2.289688405E-20
207 0.0001172407913 -1.332281719E-05
207.2 0.0001173208191 1.333191126E-05
207.4 0.0001120645492 -8.879553888E-23
207.6 0.0001068010936 -1.335013671E-05
207.8 0.0001122178523 1.335926813E-05
208 0.0001122946612 2.673682409E-05
208.2 0.0001070205479 3.150047207E-20
208.4 0.0001070938999 -1.338673749E-05
208.6 0.0001018089849 -2.679183813E-05
208.8 9.651681537E-05 -1.340511325E-05
209 9.65831044E-05 1.678261415E-22
209.2 0.0001020189003 -4.027061856E-05
209.4 0.0001020890646 -6.716385832E-05
209.6 0.0001021593255 -2.688403304E-05
209.8 9.684917355E-05 -2.690254821E-05
210 0.0001023001378 -6.730272226E-05
210.2 0.0001023706897 -4.040948276E-05
210.4 9.704968944E-05 -1.347912353E-05
210.6 9.172133978E-05 -2.697686464E-05
210.8 9.178472702E-05 -5.399101589E-05
211 9.725103734E-05 -4.052126556E-05
211.2 9.191176471E-05 -1.138233976E-20
211.4 8.656509695E-05 -5.859607166E-20
211.6 7.57969508E-05 -2.892067776E-20
211.8 8.126733703E-05 -2.708911234E-05
212 7.590215128E-05 -3.460855411E-21
212.2 6.510416667E-05 1.356336806E-05
212.4 5.972029187E-05 -1.357279361E-05
212.6 6.519471488E-05 -3.566848037E-20
212.8 5.980340988E-05 4.077505219E-05
213 5.984505571E-05 1.360114903E-05
213.2 5.988675958E-05 -2.722125436E-05
213.4 5.44804742E-05 1.55101966E-20
213.6 4.906664341E-05 1.362962317E-05
213.8 4.910090782E-05 1.363914106E-05
214 3.821628232E-05 -2.729734451E-05
214.2 3.824300699E-05 -6.829108392E-05
214.4 2.733554934E-05 -2.733554934E-05
214.6 2.18837535E-05 1.367734594E-05
214.8 1.642431675E-05 -4.106079187E-05
215 1.0957223E-05 -1.369652875E-05
215.2 5.48245614E-06 1.334310874E-20
215.4 0 -1.371576545E-05
215.6 0 2.745080815E-05
215.8 0 1.373505626E-05
216 0 -1.374472203E-05
216.2 0 -4.126320423E-05
216.4 0 -4.12922833E-05
216.6 0 9.678910779E-21
216.8 0 1.378352152E-05
217 0 2.323910208E-20
217.2 0 4.14090106E-05
217.4 0 5.525106082E-05
217.6 0 5.529016277E-05
217.8 0 1.383233003E-05
218 0 -4.140092245E-20
218.2 0 -1.188346739E-20
218.4 0 1.386178141E-05
218.6 0 5.548650568E-05
218.8 0 2.776297086E-05
219 0 1.389135846E-05
219.2 0 1.390124555E-05
219.4 0 1.391114672E-05
219.6 0 4.176318603E-05
219.8 0 2.786198288E-05
220 0 1.394093505E-05
220.2 0 1.395089286E-05
220.4 0 -3.718253294E-20
220.6 0 -1.397085122E-05
220.8 0 -1.398085183E-05
221 0 3.89448997E-21
221.2 0 -2.294716401E-20
221.4 0 -3.036526663E-20
221.6 0 -1.402099785E-05
221.8 0 -1.40310704E-05
222 0 -1.404115744E-05
222.2 0 -1.405125899E-05
222.4 0 -1.406137509E-05
222.6 0 -4.221451729E-05
222.8 0 -4.224495314E-05
223 0 -2.405044397E-20
223.2 0 -1.410198556E-05
223.4 0 -1.411217486E-05
223.6 0 1.412237889E-05
223.8 0 -1.349735744E-20
224 0 -1.041459794E-20
224.2 0 -2.830615942E-05
224.4 0 -2.882432121E-20
224.6 0 2.834724238E-05
224.8 0 -2.836782861E-05
225 0 -2.838844477E-05
225.2 0 2.840909091E-05
225.4 0 4.264465066E-05
225.6 0 2.845047342E-05
225.8 0 -1.423560496E-05
226 0 -2.849197666E-05
226.2 0 -1.425638686E-05
226.4 0 1.430689639E-20
226.6 0 1.427722953E-05
226.8 0 -1.428767374E-05
227 0 -1.659196328E-20
227.2 0 1.430860806E-05
227.4 0 4.686195978E-20
227.6 0 -4.087301233E-21
227.8 0 1.434012482E-05
228 0 2.870132256E-05
228.2 0 1.436121324E-05
228.4 0 -3.5518296E-20
228.6 0 2.39022728E-20
228.8 0 2.728035077E-20
229 0 3.819015335E-20
229.2 0 1.441420664E-05
229.4 0 2.884970458E-05
229.6 0 1.443551367E-05
229.8 0 -1.444619083E-05
230 0 -1.445688379E-05
230.2 0 -1.309264752E-20
230.4 0 -1.447831727E-05
230.6 0 -2.897811573E-05
230.8 0 -2.89996288E-05
231 0 -2.902117385E-05
231.2 0 -9.247375158E-21
231.4 0 -2.7984101E-21
231.6 0 -1.454300074E-05
231.8 0 1.455383756E-05
232 0 1.456469053E-05
232.2 0 1.45755597E-05
232.4 0 1.458644511E-05
232.6 0 -1.459734679E-05
232.8 0 -2.921652954E-05
233 0 3.602643875E-20
233.2 0 1.463014981E-05
233.4 0 4.392335082E-05
233.6 0 2.930420105E-05
233.8 0 -1.46631006E-05
234 0 2.934823441E-05
234.2 0 4.405545113E-05
234.4 0 2.93924003E-05
234.6 0 2.941453313E-05
234.8 0 1.471834966E-05
235 0 1.472944947E-05
235.2 0 2.948113208E-05
235.4 0 2.950339879E-05
235.6 0 2.952569917E-05
235.8 0 -1.477401664E-05
236 0 6.943565283E-21
236.2 0 5.918560606E-05
236.4 0 4.442285823E-05
236.6 0 2.963770865E-05
236.8 0 2.96602126E-05
237 0 2.470493014E-21
237.2 0 2.970532319E-05
237.4 0 7.431982496E-05
237.6 0 4.462585682E-05
237.8 0 2.977324695E-05
238 0 2.979595728E-05
238.2 0 2.981870229E-05
238.4 0 2.984148205E-05
238.6 0 4.479644495E-05
238.8 0 4.48307192E-05
239 0 1.495501531E-05
239.2 0 4.489942529E-05
239.4 0 8.986771472E-05
239.6 0 4.496834229E-05
239.8 0 3.034859667E-20
240 0 4.503747118E-05
240.2 0 6.009615385E-05
240.4 0 6.014241724E-05
240.6 0 9.028312789E-05
240.8 1.204703161E-05 6.023515806E-05
241 2.411265432E-05 6.02816358E-05
241.2 3.61969112E-05 7.541023166E-05
241.4 4.226236476E-05 3.01874034E-05
241.6 4.833720031E-05 1.50038523E-20
241.8 5.442143963E-05 -1.511706656E-05
242 6.051510457E-05 -2.323422794E-20
242.2 6.661821705E-05 3.028100775E-05
242.4 7.273079907E-05 -1.211487679E-20
242.6 7.885287267E-05 -7.582006988E-05
242.8 7.891414141E-05 -7.587898213E-05
243 8.505054432E-05 -6.07503888E-05
243.2 9.727626459E-05 -6.079766537E-05
243.4 0.000109521028 -6.084501558E-05
243.6 0.0001156956352 -6.089243959E-05
243.8 0.0001157858814 -4.57049532E-05
244 0.0001219750195 -9.148126464E-05
244.2 0.0001281738281 -9.155273438E-05
244.4 0.0001282740422 -6.108287725E-05
244.6 0.0001344874804 -6.113067293E-05
244.8 0.00014071065 -4.58839076E-05
245 0.0001530662226 -7.653311129E-05
245.2 0.0001593137255 -4.595588235E-05
245.4 0.0001655710361 1.533065149E-05
245.6 0.0001718381775 -1.534269442E-05
245.8 0.000178115173 1.535475629E-05
246 0.0001782553108 1.536683714E-05
246.2 0.0001722440945 2.623547965E-20
246.4 0.0001662234043 -2.471714807E-20
246.6 0.0001663544953 -1.540319401E-05
246.8 0.0001664857932 -3.083070245E-05
247 0.0001666172986 -9.256516588E-05
247.2 0.0001667490119 -4.631916996E-05
247.4 0.0001607001582 -3.090387658E-05
247.6 0.000154641726 -6.185669042E-05
247.8 0.0001485736926 -4.642927892E-05
248 0.0001424960349 -4.646609833E-05
248.2 0.0001364087302 1.177603663E-20
248.4 0.0001303117554 3.102660842E-05
248.6 0.0001242050874 3.105127186E-05
248.8 0.0001180887033 3.107597454E-05
249 0.0001119625796 1.555035828E-05
249.2 0.0001058266932 -1.5562749E-05
249.4 9.968102073E-05 -3.115031898E-05
249.6 9.352553871E-05 -4.676276935E-05
249.8 8.736022364E-05 1.560003994E-05
250 8.118505196E-05 7.806254996E-05
250.2 7.5E-05 4.6875E-05
250.4 7.506004804E-05 4.691253002E-05
250.6 6.886017628E-05 4.695012019E-05
250.8 6.265036087E-05 4.698777065E-05
251 5.643057785E-05 6.270064205E-05
251.2 5.020080321E-05 6.275100402E-05
251.4 4.396101286E-05 4.710108521E-05
251.6 3.771118262E-05 1.571299276E-05
251.8 3.145128824E-05 1.572564412E-05
252 2.51813054E-05 4.721494762E-05
252.2 1.890120968E-05 6.300403226E-05
252.4 1.261097659E-05 4.729116223E-05
252.6 6.310581583E-06 -4.908665964E-20
252.8 6.315683104E-06 3.157841552E-05
253 6.32079288E-06 0.0001106138754
253.2 6.325910931E-06 7.907388664E-05
253.4 6.331037277E-06 6.331037277E-05
253.6 6.336171938E-06 7.920214923E-05
253.8 6.341314935E-06 6.341314935E-05
254 6.346466288E-06 3.173233144E-05
254.2 6.351626016E-06 1.587906504E-05
254.4 6.356794142E-06 6.356794142E-05
254.6 6.361970684E-06 7.952463355E-05
254.8 6.367155664E-06 9.60590537E-22
255 6.372349103E-06 -4.938495503E-22
255.2 6.37755102E-06 4.783163265E-05
255.4 6.382761438E-06 4.787071078E-05
255.6 6.387980376E-06 4.790985282E-05
255.8 6.393207856E-06 -1.212708421E-20
256 6.398443898E-06 1.599610975E-05
256.2 6.403688525E-06 4.802766393E-05
256.4 6.408941756E-06 -1.817118853E-20
256.6 6.414203612E-06 1.603550903E-05
256.8 6.419474117E-06 3.209737058E-05
257 0 -3.212376645E-05
257.2 6.430041152E-06 -3.215020576E-05
257.4 6.435337727E-06 7.365394457E-21
257.6 6.440643034E-06 -3.220321517E-05
257.8 6.445957096E-06 -4.834467822E-05
258 6.451279934E-06 -1.612819983E-05
258.2 6.45661157E-06 -1.614152893E-05
258.4 6.461952026E-06 -1.615488007E-05
258.6 6.467301325E-06 -6.467301325E-05
258.8 1.294531897E-05 -6.472659486E-05
259 1.94340796E-05 1.619506633E-05
259.2 2.593360996E-05 3.241701245E-05
259.4 3.244393688E-05 1.622196844E-05
259.6 3.896508728E-05 4.87063591E-05
259.8 4.549708819E-05 8.124480033E-05
260 5.203996669E-05 4.878746878E-05
260.2 5.859375E-05 4.8828125E-05
260.4 6.515846539E-05 4.886884904E-05
260.6 6.521285476E-05 -1.630321369E-05
260.8 7.17940685E-05 -4.895050125E-05
261 7.185409699E-05 1.813749858E-20
261.2 7.191422594E-05 9.806485356E-05
261.4 6.543132328E-05 4.907349246E-05
261.6 7.203478625E-05 -3.274308466E-05
261.8 7.209521812E-05 -3.277055369E-05
262 7.871536524E-05 2.098987801E-20
262.2 7.221638655E-05 4.923844538E-05
262.4 7.227712363E-05 1.611845393E-20
262.6 8.549031987E-05 -1.644044613E-05
262.8 7.898062342E-05 -1.645429655E-05
263 8.563448567E-05 -1.646817032E-05
263.2 7.252109705E-05 3.296413502E-05
263.4 7.918074324E-05 1.649598818E-05
263.6 6.60397295E-05 -4.952979713E-05
263.8 6.609560068E-05 -1.652390017E-05
264 5.953640982E-05 -1.653789162E-05
264.2 5.958686441E-05 4.014748739E-20
264.4 4.638464801E-05 -1.656594572E-05
264.6 4.642402377E-05 5.89069957E-21
264.8 3.982582838E-05 1.659409516E-05
265 3.985969388E-05 -4.982461735E-05
265.2 3.324468085E-05 -6.64893617E-05
265.4 3.32729983E-05 -8.318249574E-05
265.6 3.330136402E-05 -1.665068201E-05
265.8 2.666382253E-05 -1.666488908E-05
266 2.668659266E-05 -8.339560205E-05
266.2 2.670940171E-05 -6.677350427E-05
266.4 2.004918734E-05 -3.341531223E-05
266.6 2.006635274E-05 -3.344392123E-05
266.8 6.694515853E-06 -1.673628963E-05
267 6.70025729E-06 -1.675064322E-05
267.2 6.706008584E-06 1.676502146E-05
267.4 6.711769759E-06 6.711769759E-05
267.6 6.717540843E-06 3.358770421E-05
267.8 6.723321859E-06 5.042491394E-05
268 0 0.0001177594746
268.2 6.734913793E-06 0.0001178609914
268.4 0 -7.308308432E-23
268.6 6.746545769E-06 -3.373272884E-05
268.8 6.752376837E-06 6.752376837E-05
269 1.351643599E-05 1.689554498E-05
269.2 1.352813853E-05 -1.691017316E-05
269.4 1.353986135E-05 3.384965338E-05
269.6 1.355160451E-05 3.387901127E-05
269.8 1.356336806E-05 3.390842014E-05
270 1.357515204E-05 1.696894005E-05
270.2 1.358695652E-05 -3.39673913E-05
270.4 1.359878155E-05 -1.699847694E-05
270.6 1.361062718E-05 1.471751683E-20
270.8 1.362249346E-05 -1.451659685E-20
271 1.363438045E-05 3.075102431E-20
271.2 1.364628821E-05 -5.117358079E-05
271.4 1.365821678E-05 1.707277098E-05
271.6 1.367016623E-05 8.543853893E-05
271.8 1.36821366E-05 -1.710267075E-05
272 1.369412796E-05 -5.135297984E-05
272.2 1.370614035E-05 -5.139802632E-05
272.4 1.371817384E-05 -5.144315189E-05
272.6 1.373022847E-05 -1.716278559E-05
272.8 1.374230431E-05 -6.871152155E-05
273 1.375440141E-05 -6.877200704E-05
273.2 1.376651982E-05 -2.092515481E-20
273.4 1.377865961E-05 3.444664903E-05
273.6 1.379082083E-05 3.447705207E-05
273.8 1.380300353E-05 1.725375442E-05
274 1.381520778E-05 2.199772184E-20
274.2 1.382743363E-05 -2.009198316E-20
274.4 1.383968113E-05 -1.080286438E-24
274.6 1.385195035E-05 -2.274628634E-20
274.8 1.386424135E-05 1.733030169E-05
275 1.387655417E-05 -3.469138544E-05
275.2 6.944444444E-06 -4.212061992E-20
275.4 6.950622776E-06 3.475311388E-05
275.6 6.95681211E-06 -1.126399288E-20
275.8 6.963012478E-06 3.481506239E-05
276 6.969223907E-06 5.22691793E-05
276.2 6.975446429E-06 3.487723214E-05
276.4 6.981680071E-06 3.490840036E-05
276.6 6.987924866E-06 1.746981216E-05
276.8 6.994180842E-06 3.497090421E-05
277 7.000448029E-06 -3.500224014E-05
277.2 7.006726457E-06 -0.0001576513453
277.4 7.013016158E-06 -5.259762118E-05
277.6 7.019317161E-06 5.264487871E-05
277.8 7.025629496E-06 1.756407374E-05
278 7.031953195E-06 -5.273964896E-05
278.2 7.038288288E-06 -5.278716216E-05
278.4 7.044634806E-06 3.522317403E-05
278.6 7.05099278E-06 8.798765676E-21
278.8 7.05736224E-06 -5.29302168E-05
279 0 -1.765935805E-05
279.2 0 1.767533937E-05
279.4 0 -1.769134964E-05
279.6 0 -1.228687944E-20
279.8 0 5.317037205E-05
280 0 1.773955495E-05
280.2 0 -3.133305585E-21
280.4 0 1.777183803E-05
280.6 0 1.778802368E-05
280.8 0 1.780423883E-05
281 0 7.128193431E-05
281.2 0 0.0001248573059
281.4 0 3.570612431E-05
281.6 0 1.119424305E-20
281.8 0 -5.398563877E-20
282 0 1.790215399E-05
282.2 0 3.583715596E-05
282.4 0 7.174012856E-05
282.6 0 5.385454963E-05
282.8 0 1.796803128E-05
283 0 8.992288214E-05
283.2 0 9.000576037E-05
283.4 0 -1.80177583E-05
283.6 0 -9.017197599E-05
283.8 0 -5.415318854E-05
284 0 1.806776133E-05
284.2 0 -3.616898148E-05
284.4 0 -0.000108607507
284.6 0 -3.623608534E-05
284.8 0 1.813486537E-05
285 0 3.630343866E-05
285.2 0 -1.816860465E-05
285.4 0 -7.274208566E-05
285.6 0 -1.820246971E-05
285.8 0 3.643889925E-05
286 0 3.64729225E-05
286.2 0 1.825350467E-05
286.4 0 3.654115996E-05
286.6 0 5.48630618E-05
286.8 0 5.491447985E-05
287 0 -1.832199812E-05
287.2 0 -5.501760563E-05
287.4 0 -1.835643797E-05
287.6 0 3.674741298E-05
287.8 0 1.839100753E-05
288 0 1.840834119E-05
288.2 0 5.527712264E-05
288.4 0 1.84431067E-05
288.6 0 -2.860112063E-20
288.8 0 -1.847800378E-05
289 0 -3.699100379E-05
289.2 0 -1.851303318E-05
289.4 0 1.853059772E-05
289.6 0 1.854819563E-05
289.8 0 -1.8565827E-05
290 0 -5.575047574E-05
290.2 0 -9.300595238E-05
290.4 0 -9.309461392E-05
290.6 0 -7.454675573E-05
290.8 0 -5.596346705E-05
291 0 -5.601696941E-05
291.2 0 -1.869019139E-05
291.4 0 -1.870809387E-05
291.6 0 -7.490412272E-05
291.8 0 -7.497600768E-05
292 0 -3.752401537E-05
292.2 0 -3.756009615E-05
292.4 0 -7.519249278E-05
292.6 0 -1.881623314E-05
292.8 0 1.146981067E-20
293 0 -3.770511583E-05
293.2 0 -3.774154589E-05
293.4 0 -3.777804642E-05
293.6 0 -3.781461762E-05
293.8 0 -1.892562984E-05
294 0 -1.894398642E-05
294.2 0 -3.792475728E-05
294.4 0 -3.796161322E-05
294.6 0 -3.799854086E-05
294.8 0 -1.90177702E-05
295 0 1.903630604E-05
295.2 0 -2.731343678E-21
295.4 0 -7.629394531E-05
295.6 0 -3.818426197E-05
295.8 0 -1.911081213E-05
296 0 -1.912952987E-05
296.2 0 1.914828431E-05
296.4 0 -1.937493757E-20
296.6 0 -1.036086942E-20
296.8 0 -3.027882905E-20
297 0 1.245566627E-20
297.2 0 1.924261084E-05
297.4 0 -2.632632434E-21
297.6 0 -1.928060217E-05
297.8 0 -6.874458334E-20
298 0 -2.718402445E-20
298.2 0 -1.34273862E-20
298.4 0 -2.368992598E-20
298.6 0 -3.977317732E-20
298.8 0 -3.464262764E-20
299 0 -1.941476143E-05
299.2 0 -1.94340796E-05
299.4 0 1.945343625E-05
299.6 0 1.947283151E-05
299.8 0 8.939417323E-21
300 0 -1.951173826E-05
300.2 0 -1.953125E-05
300.4 0 -9.610179605E-21
300.6 0 1.957039078E-05
300.8 0 1.959002006E-05
301 0 -1.831990874E-20
301.2 0 1.962939698E-05
301.4 0 -5.589266989E-20
301.6 0 -2.547707777E-20
301.8 0 1.968876008E-05
302 0 2.556479882E-20
302.2 0 -1.240442556E-20
302.4 0 1.001680502E-20
302.6 0 1.193258115E-20
302.8 0 -8.842095302E-21
303 0 -5.515807278E-21
303.2 0 -1.98286802E-05
303.4 0 -1.98488313E-05
303.6 0 -5.601201229E-20
303.8 0 1.988925662E-05
304 0 1.990953109E-05
304.2 0 -1.992984694E-05
304.4 0 -1.995020429E-05
304.6 0 -2.621951882E-20
304.8 0 3.294111484E-20
305 0 2.001152664E-05
305.2 0 2.003205128E-05
305.4 0 -2.005261807E-05
305.6 8.029290853E-06 2.399184258E-20
305.8 0 -2.00938786E-05
306 8.045829042E-06 -4.022914521E-05
306.2 8.054123711E-06 2.013530928E-05
306.4 8.062435501E-06 4.03121775E-05
306.6 8.070764463E-06 2.017691116E-05
306.8 8.079110651E-06 -4.265225333E-20
307 0 -1.019405095E-19
307.2 0 -6.418057919E-20
307.4 0 -2.026063278E-05
307.6 0 -2.028167186E-05
307.8 0 3.595285751E-20
308 0 -3.887324175E-21
308.2 0 2.034505208E-05
308.4 0 4.073253389E-05
308.6 0 2.03875261E-05
308.8 0 1.782854394E-20
309 0 -2.043017782E-05
309.2 0 -2.045157068E-05
309.4 0 1.412370789E-20
309.6 0 7.720305913E-20
309.8 0 4.766384929E-20
310 0 3.438427631E-20
310.2 0 2.055921053E-05
310.4 0 4.116174921E-05
310.6 0 2.060258439E-05
310.8 0 2.062434002E-05
311 0 6.193842495E-05
311.2 0 2.066798942E-05
311.4 0 2.171551483E-20
311.6 0 4.142364793E-05
311.8 0 6.220143312E-05
312 0 6.226753454E-05
312.2 0 -2.077792553E-05
312.4 0 -4.16001065E-05
312.6 0 8.35247631E-21
312.8 0 4.168890075E-05
313 0 4.173344017E-05
313.2 0 -4.078907804E-20
313.4 0 -5.279311526E-20
313.6 0 2.093381565E-05
313.8 0 0.0001047813841
314 0 0.0001048939313
314.2 0 8.400537634E-05
314.4 0 8.409580194E-05
314.6 0 8.418642241E-05
314.8 0 0.000105346548
315 0 0.0001265523758
315.2 0 0.0001055743243
315.4 0 6.341314935E-05
315.6 0 4.23212351E-05
315.8 0 8.473427332E-05
316 0 0.0001272394137
316.2 0 6.36888587E-05
316.4 0 -2.125272035E-05
316.6 0 1.320809275E-20
316.8 0 4.259814613E-05
317 8.528930131E-06 2.132232533E-05
317.2 1.707650273E-05 -2.134562842E-05
317.4 1.7095186E-05 -4.273796499E-05
317.6 1.711391019E-05 2.139238773E-05
317.8 1.713267544E-05 6.424753289E-05
318 1.715148189E-05 5.127881921E-20
318.2 1.717032967E-05 -2.146291209E-05
318.4 1.718921892E-05 2.148652365E-05
318.6 1.720814978E-05 2.151018722E-05
318.8 1.722712238E-05 -4.306780595E-05
319 1.724613687E-05 -4.311534216E-05
319.2 1.726519337E-05 -3.029288979E-20
319.4 1.728429204E-05 -4.321073009E-05
319.6 1.7303433E-05 -8.651716501E-05
319.8 1.732261641E-05 -0.0001082663525
320 1.73418424E-05 -8.670921199E-05
320.2 1.736111111E-05 -6.510416667E-05
320.4 1.738042269E-05 -0.0001086276418
320.6 1.739977728E-05 -0.000108748608
320.8 1.741917503E-05 -8.709587514E-05
321 1.743861607E-05 -6.539481027E-05
321.2 1.745810056E-05 -4.36452514E-05
321.4 1.747762864E-05 -6.554110738E-05
321.6 1.749720045E-05 -6.561450168E-05
321.8 1.751681614E-05 -2.189602018E-05
322 8.768237935E-06 -4.384118967E-05
322.2 0 -6.583567416E-05
322.4 0 -6.590973003E-05
322.6 0 -6.59839527E-05
322.8 0 -4.403889515E-05
323 0 -2.204430023E-05
323.2 0 -2.206920904E-05
323.4 0 -4.418834842E-05
323.6 0 -4.423839185E-05
323.8 0 -4.428854875E-05
324 0 -4.433881952E-05
324.2 0 -2.219460227E-05
324.4 0 -2.22198521E-05
324.6 0 -4.449031891E-05
324.8 0 -2.227052452E-05
325 0 4.598773719E-20
325.2 0 3.264444201E-20
325.4 0 6.079243034E-20
325.6 0 -2.237256586E-05
325.8 0 2.101094881E-20
326 0 2.2423938E-05
326.2 0 -2.012556168E-20
326.4 0 -3.840116201E-20
326.6 0 -2.250144009E-05
326.8 0 -2.252739331E-05
327 0 2.666267305E-20
327.2 0 -2.292213989E-20
327.4 0 -1.139600365E-20
327.6 0 -6.24976351E-20
327.8 0 -2.251716913E-20
328 0 2.268437863E-05
328.2 9.084302326E-06 2.271075581E-05
328.4 9.094877765E-06 4.547438882E-05
328.6 0 9.105477855E-05
328.8 9.116102684E-06 2.279025671E-05
329 1.825350467E-05 -6.845064252E-05
329.2 2.74122807E-05 -4.56871345E-05
329.4 3.659250585E-05 -1.680170759E-21
329.6 4.579425557E-05 1.019241657E-20
329.8 5.501760563E-05 -1.818931561E-20
330 5.508225617E-05 2.295094007E-05
330.2 5.514705882E-05 4.595588235E-05
330.4 5.521201413E-05 4.915259409E-20
330.6 5.527712264E-05 1.566957127E-20
330.8 6.45661157E-05 2.305932704E-05
331 7.387706856E-05 2.515841123E-20
331.2 7.396449704E-05 4.060701696E-20
331.4 7.40521327E-05 1.482447381E-20
331.6 7.413997628E-05 2.592915857E-20
331.8 7.42280285E-05 3.199989165E-20
332 7.431629013E-05 2.322384067E-05
332.2 7.44047619E-05 4.650297619E-05
332.4 7.449344458E-05 4.655840286E-05
332.6 8.390513126E-05 -1.65151282E-20
332.8 9.333930705E-05 4.18057656E-20
333 0.0001027960526 4.672547847E-05
333.2 0.0001029191617 4.678143713E-05
333.4 0.0001030425659 7.382430321E-21
333.6 0.0001031662665 -2.344687875E-05
333.8 0.0001032902644 -2.34750601E-05
334 9.401323706E-05 -2.350330927E-05
334.2 8.471385542E-05 2.151945805E-20
334.4 7.53920386E-05 4.712002413E-05
334.6 6.604770531E-05 8.363025029E-20
334.8 7.557436518E-05 -4.723397823E-05
335 7.566585956E-05 2.364558111E-05
335.2 8.522727273E-05 2.367424242E-05
335.4 9.48118932E-05 -2.37029733E-05
335.6 0.0001044198056 -4.7463548E-05
335.8 0.0001140510949 4.752128954E-05
336 0.0001237058465 7.136875761E-05
336.2 0.0001333841463 7.855539125E-21
336.4 0.0001240079365 5.090776073E-20
336.6 0.0001337102689 9.647531089E-20
336.8 0.000133873929 9.562423501E-05
337 0.000124463848 0.0001436121324
337.2 0.0001150306748 2.396472393E-05
337.4 0.0001055743243 2.399416462E-05
337.6 0.000105704182 2.402367774E-05
337.8 9.621305419E-05 -2.405326355E-05
338 8.669852035E-05 2.408292232E-05
338.2 8.680555556E-05 4.822530864E-05
338.4 7.725587145E-05 -4.828491965E-05
338.6 7.735148515E-05 -2.417233911E-05
338.8 7.744733581E-05 4.840458488E-05
339 7.754342432E-05 4.84646402E-05
339.2 6.793478261E-05 7.278726708E-05
339.4 5.830223881E-05 2.42925995E-05
339.6 4.864570361E-05 -2.900961735E-21
339.8 3.896508728E-05 5.714403152E-20
340 3.901373283E-05 4.876716604E-05
340.2 9.765625E-06 4.8828125E-05
340.4 9.777847309E-06 -7.333385482E-05
340.6 9.790100251E-06 -0.0001223762531
340.8 0 -2.450595985E-05
341 9.814698492E-06 -4.022154852E-20
341.2 9.827044025E-06 -2.456761006E-05
341.4 9.839420655E-06 -2.524304128E-20
341.6 9.851828499E-06 4.92591425E-05
341.8 9.864267677E-06 4.932133838E-05
342 9.876738306E-06 4.938369153E-05
342.2 9.889240506E-06 7.41693038E-05
342.4 9.901774398E-06 4.950887199E-05
342.6 0 -2.478585025E-05
342.8 9.926937738E-06 -1.230622961E-20
343 9.93956743E-06 9.93956743E-05
343.2 1.99044586E-05 -2.488057325E-05
343.4 1.992984694E-05 -0.000149473852
343.6 1.995530013E-05 -7.483237548E-05
343.8 1.998081841E-05 -2.497602302E-05
344 2.000640205E-05 -2.985708989E-20
344.2 2.003205128E-05 2.50400641E-05
344.4 2.005776637E-05 -2.507220796E-05
344.6 1.004177378E-05 -8.604703521E-21
344.8 0 2.310436617E-20
345 0 -2.51691366E-05
345.2 0 5.040322581E-05
345.4 0 -3.080754652E-20
345.6 0 -2.526681759E-05
345.8 0 5.059909326E-05
346 0 -8.419316373E-20
346.2 0 -9.38127906E-20
346.4 0 2.539824447E-05
346.6 0 2.54313151E-05
346.8 0 5.092894394E-05
347 0 7.649314621E-05
347.2 0 2.553104575E-05
347.4 0 -2.556446335E-05
347.6 0 5.119593709E-05
347.8 0 2.563156168E-05
348 1.026609724E-05 -5.13304862E-05
348.2 1.027960526E-05 -2.569901316E-05
348.4 1.029314888E-05 -2.079275527E-20
348.6 1.030672823E-05 -5.714887149E-20
348.8 1.032034346E-05 2.580085865E-05
349 0 5.166997354E-05
349.2 0 7.760761589E-05
349.4 0 -2.814751565E-20
349.6 0 -5.187583001E-05
349.8 0 3.050585276E-20
350 0 2.600699068E-05
350.2 0 2.604166667E-05
350.4 0 2.607643525E-05
350.6 0 2.611129679E-05
350.8 0 5.448507455E-20
351 0 -3.80579626E-20
351.2 0 -2.621644295E-05
351.4 0 -5.250336022E-05
351.6 0 -2.628701211E-05
351.8 0 1.071406075E-20
352 0 -2.635796221E-05
352.2 0 -2.231439848E-22
352.4 0 2.642929635E-05
352.6 0 -2.64651084E-05
352.8 0 2.650101764E-05
353 0 2.653702446E-05
353.2 0 -5.31462585E-05
353.4 0 -2.660933243E-05
353.6 0 -2.35513504E-21
353.8 0 2.668203552E-05
354 0 5.34370725E-05
354.2 0 2.675513699E-05
354.4 0 -2.679183813E-05
354.6 0 -2.682864011E-05
354.8 0 -2.623329744E-20
355 0 -2.690254821E-05
355.2 0 -5.387931034E-05
355.4 0 -5.395372928E-05
355.6 0 -2.701417704E-05
355.8 0 -2.70515928E-05
356 0 -5.417822469E-05
356.2 0 -2.712673611E-05
356.4 0 -2.716446453E-05
356.6 0 -2.720229805E-05
356.8 0 1.794474867E-20
357 0 -2.727828212E-05
357.2 0 -2.731643357E-05
357.4 0 6.466676672E-22
357.6 0 1.070500691E-20
357.8 0 3.647350476E-20
358 0 1.230271024E-20
358.2 0 6.765408336E-20
358.4 0 -8.609417312E-21
358.6 0 -1.157658265E-19
358.8 0 1.6360327E-20
359 0 2.766466006E-05
359.2 0 -1.201442701E-20
359.4 0 -2.774325284E-05
359.6 0 -3.140194219E-20
359.8 0 3.092441274E-20
360 0 -4.624477737E-20
360.2 0 -6.236732593E-20
360.4 0 -4.772251937E-20
360.6 0 3.537667711E-20
360.8 0 1.381459243E-20
361 0 -3.632541767E-20
361.2 0 -6.273789343E-20
361.4 0 2.814301153E-05
361.6 0 2.818362193E-05
361.8 0 -7.78063211E-20
362 0 8.279101079E-21
362.2 0 2.830615942E-05
362.4 0 2.834724238E-05
362.6 0 2.838844477E-05
362.8 0 5.685953421E-05
363 0 -3.834238313E-20
363.2 0 1.445423765E-20
363.4 0 -5.246385315E-20
363.6 0 -5.719253294E-05
363.8 0 -2.863819648E-05
364 0 2.868024963E-05
364.2 0 2.872242647E-05
364.4 0 1.005625726E-20
364.6 0 6.010401773E-21
364.8 0 -1.655269032E-21
365 0 -1.897559667E-20
365.2 0 2.893518519E-05
365.4 0 1.712466916E-20
365.6 0 -8.706352155E-05
365.8 0 -8.719308036E-05
366 0 -5.821535022E-05
366.2 0 -5.830223881E-05
366.4 0 -5.838938714E-05
366.6 0 -5.847679641E-05
366.8 0 -5.856446777E-05
367 0 -5.86524024E-05
367.2 0 -5.87406015E-05
367.4 0 -5.882906627E-05
367.6 0 -5.891779789E-05
367.8 0 -5.900679758E-05
368 0 -2.954803328E-05
368.2 0 -2.959280303E-05
368.4 0 -5.92754173E-05
368.6 0 -2.968275076E-05
368.8 0 -7.872199975E-20
369 0 1.158311503E-20
369.2 0 -2.981870229E-05
369.4 0 2.024529788E-20
369.6 0 2.476316306E-20
369.8 0 -2.995590491E-05
370 0 -3.000192012E-05
370.2 0 -3.004807692E-05
370.4 1.203775039E-05 -3.009437596E-05
370.6 1.205632716E-05 -3.01408179E-05
370.8 1.207496136E-05 3.01874034E-05
371 1.209365325E-05 -5.470830147E-20
371.2 1.21124031E-05 -3.028100775E-05
371.4 1.213121118E-05 3.032802795E-05
371.6 1.215007776E-05 3.03751944E-05
371.8 1.216900312E-05 4.964748287E-20
372 1.218798752E-05 4.900682797E-20
372.2 1.220703125E-05 -1.58932424E-20
372.4 1.222613459E-05 9.169600939E-05
372.6 1.224529781E-05 0.0001224529781
372.8 1.226452119E-05 6.132260597E-05
373 1.228380503E-05 9.212853774E-05
373.2 1.230314961E-05 9.227362205E-05
373.4 2.464511041E-05 6.161277603E-05
373.6 3.702606635E-05 3.085505529E-05
373.8 4.944620253E-05 -1.987746211E-20
374 6.190570523E-05 9.285855784E-05
374.2 4.96031746E-05 0.0001550099206
374.4 6.210254372E-05 9.315381558E-05
374.6 7.464171975E-05 6.220143312E-05
374.8 8.722089314E-05 6.230063796E-05
375 9.984025559E-05 9.360023962E-05
375.2 0.0001125 0.00015625
375.4 0.0001126802885 0.0002191005609
375.6 0.0001254012841 0.0001881019262
375.8 0.0001381631833 0.0001570036174
376 0.0001509661836 9.435386473E-05
376.2 0.0001764112903 -3.16620907E-20
376.4 0.0001766962843 6.310581583E-05
376.6 0.0001896237864 6.32079288E-05
376.8 0.0002025931929 6.331037277E-05
377 0.0002156047078 6.341314935E-05
377.2 0.0002286585366 3.175813008E-05
377.4 0.000241754886 6.361970684E-05
377.6 0.0002548939641 -5.134401604E-21
377.8 0.0002680759804 -9.574142157E-05
378 0.0002813011457 -3.196603928E-05
378.2 0.0002817622951 -1.852786363E-20
378.4 0.0002950533662 5.364453558E-20
378.6 0.0003083881579 3.212376645E-05
378.8 0.0003217668863 3.217668863E-05
379 0.0003222978548 3.222978548E-05
379.2 0.0003228305785 -3.228305785E-05
379.4 0.0003233650662 -3.233650662E-05
379.6 0.0003239013267 -7.110045824E-20
379.8 0.0003244393688 3.244393688E-05
380 0.0003249792013 6.499584027E-05
380.2 0.0003385416667 -1.077700732E-20
380.4 0.0003260642738 -3.260642738E-05
380.6 0.0003266095318 -3.266095318E-05
380.8 0.0003271566164 -9.814698492E-05
381 0.0003408137584 -9.831166107E-05
381.2 0.0003413865546 -3.282563025E-05
381.4 0.0003419612795 -9.864267677E-05
381.6 0.0003425379427 -6.587268128E-05
381.8 0.0003431165541 -6.59839527E-05
382 0.0003436971235 -0.0001321912014
382.2 0.000344279661 -9.931144068E-05
382.4 0.0003448641766 -0.0001326400679
382.6 0.0003454506803 -9.964923469E-05
382.8 0.0003460391823 -9.981899489E-05
383 0.0003466296928 -3.332977816E-05
383.2 0.0003472222222 -6.677350427E-05
383.4 0.0003478167808 -0.0001337756849
383.6 0.0003484133791 -3.350128645E-05
383.8 0.0003490120275 3.35588488E-05
384 0.0003361660929 3.361660929E-05
384.2 0.0003232758621 -2.204099696E-20
384.4 0.0003103411054 -6.746545769E-05
384.6 0.0003108780277 -0.0001689554498
384.8 0.0003249566724 3.384965338E-05
385 0.0003119574653 0.0001017252604
385.2 0.0003260869565 7.822889404E-21
385.4 0.0003266550523 -3.77333006E-20
385.6 0.0003408595113 -0.0001022578534
385.8 0.0003551136364 -0.0001024366259
386 0.0003694176883 4.033878991E-20
386.2 0.0003700657895 3.426535088E-05
386.4 0.0003707161687 3.432557118E-05
386.6 0.000371368838 0.0001031580106
386.8 0.0003582451499 6.889329806E-05
387 0.0003450750883 6.901501767E-05
387.2 0.0003318584071 6.913716814E-05
387.4 0.0003185948582 1.162503357E-20
387.6 0.0003052841918 -3.469138544E-05
387.8 0.0002919261566 -3.475311388E-05
388 0.0002785204991 4.299813241E-20
388.2 0.0002650669643 3.487723214E-05
388.4 0.0002515652952 3.493962433E-05
388.6 0.000238015233 -0.0001400089606
388.8 0.0002384425494 -7.013016158E-05
389 0.0002107688849 3.512814748E-05
389.2 0.0001829954955 3.752077449E-20
389.4 0.0001551218412 -1.683171479E-20
389.6 0.0001412748644 -7.063743219E-05
389.8 0.0001273777174 7.579900197E-20
390 0.000113430127 7.08938294E-05
390.2 9.943181818E-05 4.683360973E-20
390.4 8.538251366E-05 -0.0001067281421
390.6 8.553832117E-05 -7.128193431E-05
390.8 8.569469835E-05 -2.355328941E-21
391 8.585164835E-05 7.154304029E-05
391.2 7.167431193E-05 0.0001075114679
391.4 5.744485294E-05 6.986422359E-21
391.6 5.755064457E-05 -7.193830571E-05
391.8 4.324261993E-05 5.483813095E-20
392 4.332255083E-05 -3.610212569E-05
392.2 2.893518519E-05 2.627070233E-20
392.4 1.449443414E-05 1.159170056E-20
392.6 0 -0.0001815171933
392.8 0 -0.0001454841713
393 0 5.682642341E-21
393.2 0 3.650700935E-05
393.4 0 -3.657537453E-05
393.6 0 -7.32879925E-05
393.8 0 -5.959096393E-20
394 0 -3.878428706E-20
394.2 0 -3.685141509E-05
394.4 0 -3.69210775E-05
394.6 0 -3.699100379E-05
394.8 0 -6.791531738E-20
395 0 -7.426330798E-05
395.2 0 -7.44047619E-05
395.4 0 -3.32261862E-20
395.6 0 5.263054767E-20
395.8 0 -3.741618774E-05
396 0 -7.497600768E-05
396.2 0 -7.512019231E-05
396.4 0 -5.519481693E-20
396.6 0 7.541023166E-05
396.8 0 3.777804642E-05
397 0 -3.785125969E-05
397.2 0 3.792475728E-05
397.4 0 3.799854086E-05
397.6 0 6.761184362E-21
397.8 0 7.629394531E-05
398 0 -3.822162427E-05
398.2 0 2.158226432E-20
398.4 0 7.674361493E-05
398.6 0 -3.844734252E-05
398.8 0 2.46570552E-20
399 0 3.85993083E-05
399.2 0 -2.078566461E-20
399.4 0 -3.875248016E-05
399.6 0 -7.6129945E-20
399.8 0 3.890687251E-05
400 0 -3.898453094E-05
400.2 0 -7.8125E-05
400.4 0 -3.914078156E-05
400.6 0 3.921937751E-05
400.8 0 -3.929828974E-05
401 0 -0.0001181325605
401.2 0 -3.945707071E-05
401.4 0 -3.953694332E-05
401.6 0 6.58929592E-21
401.8 0 2.198808886E-20
402 0 -0.0001193355397
402.2 0 -3.985969388E-05
402.4 0 3.994120654E-05
402.6 0 -4.002305328E-05
402.8 0 -8.021047228E-05
403 0 -4.01877572E-05
403.2 0 1.070404552E-19
403.4 0 -3.653413469E-20
403.6 0 -4.04373706E-05
403.8 0 -4.052126556E-05
404 0 1.514656028E-20
404.2 0 2.918094297E-20
404.4 0 -9.821701774E-20
404.6 0 2.384736718E-20
404.8 0 -1.309461602E-20
405 0 -3.169032856E-20
405.2 0 -5.069388628E-22
405.4 0 -2.880189061E-20
405.6 0 -4.44160623E-20
405.8 0 -5.810443543E-20
406 0 -2.688930687E-20
406.2 0 6.010686369E-20
406.4 0 2.340641695E-20
406.6 0 7.712394802E-20
406.8 0 5.131418151E-20
407 0 -1.972617651E-20
407.2 0 2.629410584E-20
407.4 0 -9.158557103E-20
407.6 0 -5.533136109E-20
407.8 0 -5.681879297E-20
408 0 -4.236713666E-05
408.2 0 -4.245923913E-05
408.4 0 4.255174292E-05
408.6 0 -8.260239601E-20
408.8 0 -4.273796499E-05
409 0 -5.970896123E-20
409.2 0 5.239022174E-20
409.4 0 -7.893026077E-20
409.6 0 7.9162228E-20
409.8 0 -1.419914532E-19
410 0 3.535871378E-21
410.2 0 -8.33828931E-21
410.4 0 -8.737421504E-21
410.6 0 1.132595486E-19
410.8 0 3.351420759E-20
411 0 -7.682074774E-20
411.2 0 4.032824776E-20
411.4 0 5.045850113E-20
411.6 0 1.86454659E-20
411.8 0 4.005939758E-20
412 0 1.706583747E-20
412.2 0 3.481463617E-21
412.4 0 -2.500712905E-20
412.6 0 -3.872809598E-20
412.8 0 -2.531507855E-20
413 0 1.157965834E-19
413.2 0 1.858950784E-20
413.4 0 -9.002402984E-20
413.6 0 -3.302662484E-20
413.8 0 5.39242207E-20
414 0 5.368023391E-20
414.2 0 1.031052146E-19
414.4 0 1.260099221E-20
414.6 0 -1.161894932E-20
414.8 0 4.466348633E-20
415 0 6.733493871E-20
415.2 0 -4.803090479E-20
415.4 0 -6.341284299E-20
415.6 0 3.247211485E-20
415.8 0 6.427628858E-20
416 0 9.295798939E-20
416.2 0 1.604239923E-19
416.4 0 4.661396181E-05
416.6 0 8.210348253E-20
416.8 0 -4.683752998E-05
417 0 -1.322780504E-20
417.2 0 -6.930514521E-21
417.4 0 -5.293821277E-20
417.6 0 -3.6373271E-20
417.8 0 3.126102423E-20
418 0 4.752128954E-05
418.2 0 -1.522952438E-20
418.4 0 -4.775366748E-05
418.6 0 4.787071078E-05
418.8 0 9.597665848E-05
419 0 1.428108888E-19
419.2 0 -4.822530864E-05
419.4 0 4.834467822E-05
419.6 0 4.84646402E-05
419.8 0 1.464034756E-19
420 0 1.008946417E-19
420.2 0 5.740576957E-20
420.4 0 4.704596337E-20
420.6 0 4.391702356E-20
420.8 0 -7.152677978E-20
421 0 2.071950417E-20
421.2 0 -4.944620253E-05
421.4 0 -4.957170051E-05
421.6 0 5.47537837E-20
421.8 0 -2.128934169E-21
422 0 -4.995204604E-05
422.2 0 -5.008012821E-05
422.4 0 -7.374840512E-20
422.6 0 -7.296878598E-20
422.8 0 -4.080201391E-20
423 0 1.881834651E-21
423.2 0 1.929422452E-20
423.4 0 3.274454204E-20
423.6 0 2.473530531E-21
423.8 0 -1.064090341E-19
424 0 3.452402818E-20
424.2 0 -1.040486697E-20
424.4 0 2.195669351E-20
424.6 0 3.443327394E-20
424.8 0 -1.117180486E-21
425 0 2.962634866E-20
425.2 0 2.347596916E-20
425.4 0 5.728012175E-20
425.6 0 7.164377885E-20
425.8 0 -5.562748223E-20
426 0 5.479387765E-21
426.2 0 2.714145309E-20
426.4 0 1.352050454E-20
426.6 0 4.039110358E-20
426.8 0 -3.750724934E-20
427 0 8.220790099E-21
427.2 0 1.966677041E-19
427.4 0 1.138669108E-19
427.6 0 -6.099156608E-20
427.8 0 -1.432324462E-19
428 0 7.457722437E-20
428.2 0 3.21298084E-20
428.4 0 1.207228882E-20
428.6 0 1.58502687E-19
428.8 0 6.31636965E-20
429 0 3.840574608E-21
429.2 0 3.570175621E-20
429.4 0 9.546109174E-20
429.6 0 -2.867972511E-20
429.8 0 1.298896579E-19
430 0 9.874447012E-20
430.2 0 5.580357143E-05
430.4 0 -5.431651534E-20
430.6 0 -5.612428161E-05
430.8 0 1.502134341E-19
431 0 7.766192555E-20
431.2 0 1.117486203E-20
431.4 0 1.580314346E-20
431.6 0 -3.243295234E-20
431.8 0 -6.146195634E-20
432 0 -1.243472776E-20
432.2 0 -9.650955563E-21
432.4 0 5.831447096E-20
432.6 0 3.727927187E-20
432.8 0 3.738898431E-20
433 0 9.233773137E-20
433.2 0 5.363991404E-21
433.4 0 -1.609128227E-19
433.6 0 -2.300728665E-19
433.8 0 -5.37711391E-20
434 0 1.209612329E-20
434.2 0 -3.589362185E-20
434.4 0 -4.374308084E-20
434.6 0 -6.245628035E-20
434.8 0 -1.439472566E-20
435 0 6.749897436E-20
435.2 0 1.99824375E-20
435.4 0 9.491055197E-20
435.6 0 6.046826625E-05
435.8 0 -1.057204996E-19
436 0 -6.084501558E-05
436.2 0 6.103515625E-05
436.4 0 0.0001224529781
436.6 0 9.462506862E-21
436.8 0 -6.161277603E-05
437 0 -3.070406774E-20
437.2 0 1.283503168E-19
437.4 0 2.307447124E-19
437.6 0 1.068733509E-19
437.8 0 1.193969183E-19
438 0 2.615126481E-19
438.2 0 1.219171472E-19
438.4 0 8.792893901E-20
438.6 0 -2.273678686E-20
438.8 0 7.617398285E-20
439 0 -6.382761438E-05
439.2 0 -6.403688525E-05
439.4 0 -4.672002183E-20
439.6 0 -2.533290075E-20
439.8 0 -1.238870617E-20
440 0 -1.118939693E-21
440.2 0 -2.974884589E-20
440.4 0 -1.258465395E-20
440.6 0 -4.139076532E-20
440.8 0 -1.210461086E-20
441 0 -6.491301634E-20
441.2 0 -1.938939876E-19
441.4 0 2.339141156E-20
441.6 0 3.390520937E-20
441.8 0 -5.369967449E-20
442 0 -8.581434199E-20
442.2 0 -4.201950346E-20
442.4 0 1.201887276E-19
442.6 0 -2.289550738E-20
442.8 0 3.349419688E-20
443 0 -6.882895431E-20
443.2 0 6.877535143E-20
443.4 0 8.608860794E-20
443.6 0 -2.34772316E-20
443.8 0 3.290243917E-20
444 0 -1.178686656E-19
444.2 0 -1.04740934E-19
444.4 0 1.570797414E-19
444.6 0 9.203087474E-20
444.8 0 -3.454376085E-20
445 0 1.716395523E-19
445.2 0 8.323974251E-20
445.4 0 1.797220219E-19
445.6 0 1.602386081E-19
445.8 0 4.795482858E-20
446 0 -9.085191667E-20
446.2 0 -8.141023073E-20
446.4 0 5.183834763E-20
446.6 0 5.840701319E-20
446.8 0 -2.109411457E-19
447 0 -1.452148251E-19
447.2 0 4.743802034E-20
447.4 0 -1.648877433E-19
447.6 0 -9.417621275E-20
447.8 0 7.454675573E-05
448 0 4.825986373E-20
448.2 0 -7.512019231E-05
448.4 0 -3.95434831E-20
448.6 0 8.261307401E-20
448.8 0 -1.162534917E-19
449 0 3.466601224E-20
449.2 0 -6.44455404E-20
449.4 0 7.689468504E-05
449.6 0 0.0002315958498
449.8 0 0.000232514881
450 0 -1.533978811E-19
450.2 0 -7.8125E-05
450.4 0 7.843875502E-05
450.6 0 3.870144175E-20
450.8 0 -7.439306618E-20
451 0 0.0001587906504
451.2 0 7.971938776E-05
451.4 0 5.905408988E-21
451.6 0 -6.549230093E-20
451.8 3.228305785E-05 8.070764463E-05
452 3.241701245E-05 8.104253112E-05
452.2 3.255208333E-05 8.138020833E-05
452.4 3.268828452E-05 8.17207113E-05
452.6 3.282563025E-05 -1.757659023E-19
452.8 3.296413502E-05 6.358534063E-20
453 0 -8.27595339E-05
453.2 3.324468085E-05 -8.311170213E-05
453.4 3.338675214E-05 -8.346688034E-05
453.6 3.353004292E-05 -1.459442257E-19
453.8 3.367456897E-05 8.418642241E-05
454 3.382034632E-05 -8.45508658E-05
454.2 3.39673913E-05 -8.491847826E-05
454.4 3.411572052E-05 0.0001705786026
454.6 0 8.566337719E-05
454.8 0 0.0001720814978
455 0 0.0002592643805
455.2 0 8.680555556E-05
455.4 0 -7.376755068E-20
455.6 0 -4.678651824E-20
455.8 0 8.79786036E-05
456 0 8.837669683E-05
456.2 0 -2.820716194E-20
456.4 0 -7.384121388E-20
456.6 0 8.959288991E-05
456.8 0 4.946030032E-20
457 0 1.497649314E-19
457.2 0 -1.12188027E-19
457.4 0 1.183935235E-20
457.6 0 -5.678904038E-20
457.8 0 9.695634274E-20
458 0 -8.916778393E-20
458.2 0 6.769996753E-20
458.4 0 1.65200561E-19
458.6 0 -7.721585455E-21
458.8 0 2.943212534E-19
459 0 5.287169712E-20
459.2 0 9.527439024E-05
459.4 0 9.574142157E-05
459.6 0 -1.764004504E-19
459.8 0 -3.097651612E-19
460 0 -9.717039801E-05
460.2 0 -9.765625E-05
460.4 0 -5.143515196E-21
460.6 0 -3.448911069E-19
460.8 0 -2.264480234E-19
461 0 1.5998022E-20
461.2 0 3.218939019E-20
461.4 0 6.685363047E-20
461.6 0 -2.801944535E-20
461.8 0 -2.179022275E-19
462 0 0.0001022578534
462.2 0 -5.749915031E-20
462.4 0 -0.0001033399471
462.6 0 -0.0001038896277
462.8 0 -0.0002088903743
463 0 -0.0002100134409
463.2 0 -0.0002111486486
463.4 0 -0.0002122961957
463.6 0 -0.0002134562842
463.8 0 -0.0002146291209
464 0 -0.0002158149171
464.2 0 -0.0002170138889
464.4 0 9.060143909E-20
464.6 0 -0.0001097261236
464.8 0 -0.0001103460452
465 0 -5.676735202E-20
465.2 0 -0.0001116071429
465.4 0 3.349595069E-19
465.6 0 0.0001128973988
465.8 0 -3.145110224E-20
466 0 -0.0001142178363
466.2 0 4.339482737E-19
466.4 0 6.758635446E-20
466.6 0 0.0001162574405
466.8 0 0.0002339071856
467 0 0.0002353162651
467.2 0 0.0002367424242
467.4 0 0.0002381859756
467.6 0 0.0002396472393
467.8 0 0.0002411265432
468 0 0.0003639363354
468.2 0 0.000244140625
468.4 0 2.98777189E-19
468.6 0 2.427946682E-20
468.8 0 -0.0001244028662
469 5.008012821E-05 -2.485648616E-21
469.2 5.040322581E-05 0.0001260080645
469.4 5.073051948E-05 -0.0001268262987
469.6 0.000102124183 -0.0002553104575
469.8 0.0001541940789 -0.0002569901316
470 0.0002069536424 -0.000258692053
470.2 0.0002604166667 -0.0002604166667
470.4 0.0003145973154 -0.0001310822148
470.6 0.0003695101351 -0.0001319679054
470.8 0.000425170068 1.154649706E-20
471 0.0003745719178 -8.232780208E-20
471.2 0.0004849137931 -0.0001346982759
471.4 0.0004340277778 0.0001356336806
471.6 0.0003824300699 3.290107961E-19
471.8 0.0004401408451 -0.0001375440141
472 0.0004432624113 2.023901037E-19
472.2 0.0004464285714 -0.0001395089286
472.4 0.0004496402878 -0.0002810251799
472.6 0.0004528985507 5.268442438E-20
472.8 0.0004562043796 5.574826714E-20
473 0.0005170036765 -2.964378801E-20
473.2 0.000462962963 -8.550027809E-20
473.4 0.0005830223881 -0.000437266791
473.6 0.000587406015 -0.0001468515038
473.8 0.0005918560606 0.0001479640152
474 0.0005963740458 5.019933361E-20
474.2 0.0005408653846 2.148499345E-19
474.4 0.000484496124 2.678991655E-19
474.6 0.0004272460938 7.87978558E-20
474.8 0.0003690944882 -4.137269907E-19
475 0.0003100198413 2.900647176E-19
475.2 0.00025 3.909528118E-20
475.4 0.0001890120968 1.299748307E-19
475.6 0.0001270325203 3.005897668E-20
475.8 6.403688525E-05 -0.0001600922131
476 6.45661157E-05 2.855944498E-19
476.2 0 1.819413666E-19
476.4 0 -0.0001641281513
476.6 0 -1.118824705E-19
476.8 0 1.74875355E-20
477 0 1.036130931E-19
477.2 0 -1.694155757E-19
477.4 0 -9.40192931E-20
477.6 0 2.087467736E-19
477.8 0 3.073295078E-19
478 0 -3.81603312E-19
478.2 0 1.823400161E-19
478.4 0 5.509764782E-20
478.6 0 5.077016742E-19
478.8 0 -1.108219811E-19
479 0 -1.51357804E-19
479.2 0 2.302064244E-19
479.4 0 4.933353343E-19
479.6 0 4.561059723E-20
479.8 0 2.070579787E-19
480 0 -4.761508289E-20
480.2 0 -1.322616843E-19
480.4 0 -8.445749674E-20
480.6 0 -4.465916287E-19
480.8 0 2.851351111E-19
481 0 1.143374731E-19
481.2 0 2.314472444E-20
481.4 0 5.234038851E-19
481.6 0 6.631566637E-19
481.8 0 1.295551659E-19
482 0 -3.006849607E-19
482.2 0 -7.305741537E-20
482.4 0 5.54129473E-19
482.6 0 3.639852147E-19
482.8 0 2.539697786E-19
483 0 0.0002271075581
483.2 0 -1.60855827E-19
483.4 0 -0.000232514881
483.6 0 0.0002353162651
483.8 0 0.0002381859756
484 0 6.510699201E-20
484.2 0 4.173947348E-19
484.4 0 3.798163375E-19
484.6 0 7.673542731E-20
484.8 0 5.99581073E-20
485 0 -0.0002569901316
485.2 0 -0.0002604166667
485.4 0 -3.366760318E-19
485.6 0 0.0002675513699
485.8 0 0.0005425347222
486 0 -2.123259714E-19
486.2 0 -5.234680895E-19
486.4 0 -2.138312505E-19
486.6 0 -6.332262551E-19
486.8 0 -5.942844856E-20
487 0 3.416663169E-20
487.2 0 -5.350494869E-20
487.4 0 -1.784864277E-19
487.6 0 1.477672901E-20
487.8 0 3.24728783E-19
488 0 3.816535388E-19
488.2 0 -3.99480411E-19
488.4 0 -7.65714179E-19
488.6 0 -5.21795196E-19
488.8 0 -3.909754526E-19
489 0 -5.421803276E-19
489.2 0 1.673117135E-19
489.4 0 1.364526175E-19
489.6 0 -2.267781145E-19
489.8 0 6.061150503E-19
490 0 3.878888173E-19
490.2 0 1.668808768E-19
490.4 0 1.493292706E-19
490.6 0 5.279001474E-20
490.8 0 1.327366899E-18
491 0 7.227667349E-19
491.2 0 -4.224967955E-19
491.4 0 3.054705264E-19
491.6 0 -4.113283897E-19
491.8 0 -3.672933994E-19
492 0 5.798514459E-19
492.2 0 6.082110008E-19
492.4 0 1.412998184E-19
492.6 0 1.183071075E-18
492.8 0 -5.518474984E-21
493 0 1.576983344E-19
493.2 0 6.554425673E-19
493.4 0 9.730090703E-19
493.6 0 2.406553805E-19
493.8 0 1.028542175E-19
494 0 1.86617185E-19
494.2 0 -5.973888936E-19
494.4 0 -7.116688405E-20
494.6 0 -3.766639056E-19
494.8 0 -1.211016378E-18
495 0 -4.022421873E-19
495.2 0 -7.36632493E-19
495.4 0 5.919830201E-19
495.6 0 -7.636354875E-19
495.8 0 -5.845530659E-19
496 0 -2.306735444E-18
496.2 0 -1.396983027E-20
496.4 0 9.296461218E-19
496.6 0 -1.99547639E-18
496.8 0 -1.136219388E-18
497 0 -2.982037134E-19
497.2 0 -1.985300385E-18
497.4 0 -1.007177513E-18
497.6 0 -1.370632319E-18
497.8 0 -1.732209838E-18
498 0 -1.16261204E-18
498.2 0 -6.683151426E-19
498.4 0 1.079483729E-18
498.6 0 -5.108474911E-19
498.8 0 1.824953963E-18
499 0 1.207084187E-18
499.2 0 -1.019463575E-17
499.4 0 -9.889499577E-18
499.6 0 -7.203293446E-18
499.8 0 -1.382125537E-17
500 0 -6.208172229E-18
