0 0.007300204918 4.68562575E-05
0.2 0.006421875 0.0015078125
0.4 0.006039915966 0.0005158313325
0.6 0.005698308647 0.0004143940152
0.8 0.005428389067 0.0003050535643
1 0.005173903245 0.0002034505208
1.2 0.004963051102 0.0001800475952
1.4 0.004758294908 0.0002506014435
1.6 0.004553374448 0.0001096821099
1.8 0.00438277488 2.351274077E-05
2 0.004205765757 7.840726616E-05
2.2 0.004044302209 0.0001960968876
2.4 0.003860737244 0.000196175673
2.6 0.003717845659 0.0001099025322
2.8 0.003568556494 7.068003619E-05
3 0.00342857502 7.85649638E-05
3.2 0.003310487928 0.0001807721328
3.4 0.003192305757 0.0001572564412
3.6 0.003105492348 0.0001101238421
3.8 0.003021756648 0.000125906527
4 0.002931655582 5.510630794E-05
4.2 0.00285093246 -2.36265121E-05
4.4 0.002776447156 -1.119627899E-20
4.6 0.002692443503 6.305488297E-05
4.8 0.00261152604 2.365512717E-05
5 0.002543164378 4.732936187E-05
5.2 0.002468434343 0.0001262626263
5.4 0.00239995958 3.94730194E-05
5.6 0.002321952082 -1.57955924E-05
5.8 0.002247041869 2.526296324E-20
6 0.00218155605 -3.952094294E-05
6.2 0.002125506073 -9.488866397E-05
6.4 0.00206308222 -7.119532199E-05
6.6 0.002003773298 -2.374138979E-05
6.8 0.001944416295 -3.166801784E-05
7 0.001888179238 -3.168085969E-05
7.2 0.001841404665 -2.377028398E-05
7.4 0.001797762784 3.660942401E-20
7.6 0.001738225741 1.126901162E-20
7.8 0.001681813566 -5.553158002E-05
8 0.001619006501 -1.587261276E-05
8.2 0.0015625 1.587906504E-05
8.4 0.00150594754 -4.765656771E-05
8.6 0.001458884255 -2.383797803E-05
8.8 0.00140542328 -3.17969068E-05
9 0.001355099756 -7.15721702E-05
9.2 0.001307917515 -6.364562118E-05
9.4 0.001286165444 1.591788916E-05
9.6 0.001238916633 1.592437831E-05
9.8 0.001194815457 -8.761980016E-05
10 0.001169803142 -1.59373725E-05
10.2 0.001135204082 7.971938776E-05
10.4 0.001094196611 4.785116374E-05
10.6 0.001062729779 -3.191380719E-05
10.8 0.001037622599 -7.981712301E-06
11 0.001002912919 2.395492641E-05
11.2 0.0009713701431 -3.994120654E-05
11.4 0.0009461947627 -8.790660802E-05
11.6 0.000920998772 -9.593737208E-05
11.8 0.0008893837019 -3.199221949E-05
12 0.0008577427284 -8.001331422E-05
12.2 0.000842085041 -8.004610656E-05
12.4 0.0008168050431 -1.601578516E-05
12.6 0.0007947087777 8.011177194E-06
12.8 0.0007661828067 8.541929303E-21
13 0.000744047619 -8.819529967E-05
13.2 0.0007218942505 -8.823151951E-05
13.4 0.0006933032046 -2.407302794E-05
13.6 0.0006678997123 1.605528155E-05
13.8 0.0006392629523 -4.015470806E-05
14 0.0006106026327 -8.837669683E-05
14.2 0.0005947788066 -8.03755144E-05
14.4 0.0005757256072 -0.0001447354879
14.6 0.0005630920511 -6.435337727E-05
14.8 0.0005472290894 2.414245983E-05
15 0.0005345733718 -3.220321517E-05
15.2 0.0005154639175 5.722799096E-21
15.4 0.000506007632 -2.417233911E-05
15.6 0.0004965435411 -3.224308708E-05
15.8 0.0004741690751 -2.419229975E-05
16 0.0004679109872 -4.840458488E-05
16.2 0.0004648760331 -7.263688017E-05
16.4 0.0004586089293 -9.688921042E-05
16.6 0.0004394127378 -7.26969603E-05
16.8 0.0004298976003 -4.848469177E-05
17 0.0004203745861 -0.0001212618998
17.2 0.0004140786749 -0.0001132246377
17.4 0.0004013048882 -6.472659486E-05
17.6 0.0003982335267 -0.0001133184832
17.8 0.000388681592 -4.8585199E-05
18 0.0003920831605 -7.290802572E-05
18.2 0.0003890041494 -0.0001377723029
18.4 0.000385922582 -7.296855542E-05
18.6 0.0003731052741 1.622196844E-05
18.8 0.0003602773162 -8.114353968E-06
19 0.0003571799667 -7.305953865E-05
19.2 0.0003508316008 -2.436330561E-05
19.4 0.0003412281614 -4.87468802E-05
19.6 0.0003381190179 -0.0001056621931
19.8 0.0003317547877 -8.944369276E-05
20 0.0003253852561 -8.948094544E-05
20.2 0.0003125 -8.138020833E-05
20.4 0.0002996040017 -9.769695707E-05
20.6 0.0002964710175 -0.0001140273144
20.8 0.0002868168544 -2.444461827E-05
21 0.0002771546327 -8.151606845E-06
21.2 0.0002674843424 -3.262004175E-05
21.4 0.0002545426065 2.447525063E-05
21.6 0.0002350605934 4.349494716E-21
21.8 0.0002253605769 -6.532190635E-05
22 0.000218919908 -4.084326642E-05
22.2 0.0002092050209 3.268828452E-05
22.4 0.0001994820008 2.357198026E-20
22.6 0.0001897508375 2.457664842E-20
22.8 0.000176738584 -1.63646837E-05
23 0.0001604411148 -4.092885583E-05
23.2 0.0001506813417 -2.456761006E-05
23.4 0.0001441904362 -4.096319211E-05
23.6 0.0001376940831 -1.639215275E-05
23.8 0.0001279124685 -1.639903442E-05
24 0.0001214038219 -8.202960941E-06
24.2 0.0001181722689 -5.744485294E-05
24.4 0.0001083701135 -4.92591425E-05
24.6 0.0001051303616 -3.285323802E-05
24.8 0.0001051745898 -4.930058898E-05
25 0.000101930766 8.220223064E-06
25.2 9.539473684E-05 2.467105263E-05
25.4 8.885320135E-05 3.290859309E-05
25.6 8.230615255E-05 8.230615255E-06
25.8 8.23408516E-05 2.470225548E-05
26 7.908055673E-05 4.942534795E-05
26.2 7.581751055E-05 3.296413502E-05
26.4 7.584951456E-05 4.122256226E-05
26.6 7.258234797E-05 4.123997044E-05
26.8 6.931242079E-05 8.251478665E-05
27 6.273774303E-05 8.254966188E-05
27.2 6.276427061E-05 2.477536998E-05
27.4 6.609560068E-05 -7.709132411E-21
27.6 7.27359289E-05 -3.306178587E-05
27.8 7.938187976E-05 -2.480683743E-05
28 7.941550191E-05 8.272448115E-06
28.2 7.944915254E-05 -8.27595339E-06
28.4 8.610640102E-05 -1.036171813E-20
28.6 9.276929601E-05 -5.798081001E-05
28.8 9.612324989E-05 -7.457838354E-05
29 9.616404924E-05 8.290004244E-06
29.2 9.952229299E-05 3.317409766E-05
29.4 9.956457094E-05 3.318819031E-05
29.6 0.0001029271143 8.300573736E-06
29.8 0.0001029708759 -1.660820578E-05
30 0.0001063377286 2.073950744E-21
30.2 0.0001063829787 1.316394193E-20
30.4 0.0001064282673 -1.662941677E-05
30.6 0.0001098008944 -6.654599659E-05
30.8 0.0001131763954 -5.825255646E-05
31 0.0001132246377 1.665068201E-05
31.2 0.0001166044776 8.328891258E-06
31.4 0.0001166542235 -2.499733362E-05
31.6 0.000116704012 -1.667200171E-05
31.8 0.0001100821947 -1.667912041E-05
32 0.0001101292183 -1.668624519E-05
32.2 0.0001034989316 -2.50400641E-05
32.4 0.0001035431808 -5.010153912E-05
32.6 9.690440547E-05 -2.506148417E-05
32.8 8.357402653E-05 -2.507220796E-05
33 8.026541096E-05 -3.344392123E-05
33.2 8.364561028E-05 -8.364561028E-06
33.4 8.368144816E-05 -8.368144816E-06
33.6 8.371731676E-05 -3.34869267E-05
33.8 7.705295883E-05 -4.187660806E-05
34 7.708601459E-05 -8.378914629E-06
34.2 7.376609442E-05 3.353004292E-05
34.4 8.050665522E-05 4.193054959E-05
34.6 8.389712199E-05 6.711769759E-05
34.8 8.057584873E-05 9.232649334E-05
35 8.061049011E-05 2.519077816E-05
35.2 8.064516129E-05 -2.52016129E-05
35.4 8.404152324E-05 -2.521245697E-05
35.6 7.735148515E-05 1.681554025E-05
35.8 8.074935401E-05 8.411391042E-06
36 7.741813873E-05 -1.683003016E-05
36.2 7.408405172E-05 2.525592672E-05
36.4 7.074708926E-05 -2.164970709E-20
36.6 6.740724763E-05 -8.425905953E-06
36.8 6.406452309E-05 3.371817005E-05
37 6.071891192E-05 6.746545769E-05
37.2 5.399568035E-05 4.218412527E-05
37.4 5.739520311E-05 2.532141314E-05
37.6 5.404236922E-05 6.755296152E-05
37.8 4.730752595E-05 4.223886246E-05
38 4.394742536E-05 -8.451427953E-06
38.2 4.058441558E-05 3.382034632E-05
38.4 3.721849285E-05 5.921123863E-05
38.6 3.723461872E-05 8.462413345E-06
38.8 3.725075856E-05 2.539824447E-05
39 3.72669124E-05 3.387901127E-05
39.2 3.728308026E-05 -8.473427332E-06
39.4 3.729926215E-05 1.695421007E-05
39.6 3.392314373E-05 1.696157186E-05
39.8 3.39378801E-05 -1.696894005E-05
40 3.395262929E-05 7.119042129E-21
40.2 3.057065217E-05 8.491847826E-06
40.4 2.718573293E-05 5.097324924E-05
40.6 2.71975631E-05 1.699847694E-05
40.8 2.380822812E-05 -4.251469308E-05
41 2.381859756E-05 -8.506641986E-06
41.2 2.04248366E-05 -1.009631134E-20
41.4 1.702811683E-05 8.514058413E-06
41.6 6.814217183E-06 -8.517771478E-06
41.8 6.817190227E-06 -1.704297557E-05
42 6.820165866E-06 -1.705041467E-05
42.2 6.823144105E-06 -1.705786026E-05
42.4 6.826124945E-06 1.706531236E-05
42.6 3.414554196E-06 3.414554196E-05
42.8 3.416047223E-06 1.282528256E-20
43 3.417541557E-06 -1.708770779E-05
43.2 3.419037199E-06 -8.547592998E-06
43.4 6.841068301E-06 2.565400613E-05
43.6 1.026609724E-05 5.13304862E-05
43.8 1.711765995E-05 1.711765995E-05
44 1.71251644E-05 8.562582201E-06
44.2 2.055921053E-05 6.300514023E-21
44.4 2.056823168E-05 1.714019307E-05
44.6 2.057726076E-05 8.573858648E-06
44.8 2.401734739E-05 1.498703126E-20
45 2.402789982E-05 4.290696397E-05
45.2 2.747252747E-05 8.585164835E-05
45.4 3.09201847E-05 8.588940193E-05
45.6 3.093378795E-05 6.014903212E-05
45.8 3.782460387E-05 6.017550616E-05
46 4.128137384E-05 1.720057244E-05
46.2 4.474118943E-05 8.60407489E-06
46.4 4.476090789E-05 4.303933451E-05
46.6 4.822530864E-05 8.611662257E-05
46.8 4.824658139E-05 8.615460962E-05
47 4.82678729E-05 6.033484113E-05
47.2 5.518763797E-05 6.036147903E-05
47.4 5.521201413E-05 5.176126325E-05
47.6 5.868868758E-05 6.041482545E-05
47.8 5.871463307E-05 6.90760389E-05
48 6.2195931E-05 6.910659E-05
48.2 6.222345133E-05 6.913716814E-05
48.4 6.570938468E-05 4.322985834E-05
48.6 6.919840567E-05 4.324900354E-05
48.8 7.269051839E-05 3.461453257E-05
49 7.618572695E-05 -5.340025396E-21
49.2 8.314855876E-05 5.196784922E-05
49.4 8.318544809E-05 4.332575421E-05
49.6 8.668996893E-05 -4.334498447E-05
49.8 9.366674067E-05 -2.601853908E-05
50 9.370835184E-05 1.735339849E-05
50.2 9.722222222E-05 -1.736111111E-05
50.4 0.0001042129835 -5.210649177E-05
50.6 0.000107734653 -7.819450623E-05
50.8 0.0001147363151 -1.738429016E-05
51 0.0001147873998 5.217609083E-05
51.2 0.0001148385301 -1.739977728E-05
51.4 0.0001183712121 -5.222259358E-05
51.6 0.0001149409273 -4.353823005E-05
51.8 0.0001184768064 -5.22691793E-05
52 0.0001220158411 -6.97233378E-05
52.2 0.0001290457589 -3.487723214E-05
52.4 0.0001291033944 -6.106241626E-05
52.6 0.0001326519214 -8.727100089E-05
52.8 0.0001327112204 -8.731001341E-06
53 0.0001327705725 -4.367453041E-05
53.2 0.0001293344519 -5.243288591E-05
53.4 0.0001293923456 -3.497090421E-05
53.6 0.0001329489476 -5.247984774E-05
53.8 0.0001295082885 -6.125392025E-05
54 0.000129566338 -7.879034065E-05
54.2 0.0001296244395 -3.503363229E-05
54.4 0.0001296825931 -2.628701211E-05
54.6 0.0001297407989 -3.506508079E-05
54.8 0.000129799057 8.770206556E-06
55 0.0001298573675 8.774146451E-06
55.2 0.0001334269663 8.778089888E-06
55.4 0.0001334869604 8.782036871E-06
55.6 0.0001335470085 -1.757197481E-05
55.8 0.0001336071107 -2.636982448E-05
56 0.000133667267 -5.276339487E-05
56.2 0.0001337274775 -6.158502252E-05
56.4 0.0001337877422 -5.281095088E-05
56.6 0.0001338480613 -4.402896754E-05
56.8 0.0001339084348 -5.285859269E-05
57 0.0001304433664 -8.813740975E-06
57.2 0.0001269751693 -8.868428449E-21
57.4 0.0001235038392 -7.05736224E-05
57.6 0.0001200293719 -3.530275644E-05
57.8 0.0001165517631 -1.765935805E-05
58 0.0001130710086 -1.766734509E-05
58.2 0.0001095871041 -3.820697298E-21
58.4 0.0001061000453 -1.768334088E-05
58.6 0.0001026098279 5.176862754E-21
58.8 9.911644767E-05 -8.849682827E-06
59 0.0001062443336 -3.541477788E-05
59.2 0.0001027494331 -5.31462585E-05
59.4 9.925136116E-05 8.861728675E-06
59.6 9.929641398E-05 6.206025874E-05
59.8 9.579359673E-05 4.434888738E-05
60 9.228759655E-05 3.549522944E-05
60.2 8.877840909E-05 -3.714428626E-21
60.4 8.526603001E-05 3.552751251E-05
60.6 8.530482257E-05 6.220143312E-05
60.8 8.1787665E-05 1.777992717E-05
61 7.826730419E-05 8.89401184E-06
61.2 7.118451025E-05 2.669419134E-05
61.4 6.40952598E-05 3.560847767E-05
61.6 6.05620155E-05 2.671853625E-05
61.8 5.702554745E-05 -1.782048358E-05
62 5.348585121E-05 -4.457154267E-05
62.2 4.994292237E-05 -3.567351598E-05
62.4 4.639675651E-05 -3.56898127E-05
62.6 4.284734918E-05 1.030235623E-20
62.8 4.286694102E-05 4.465306356E-05
63 3.931267155E-05 3.573879231E-05
63.2 3.933066362E-05 3.575514874E-05
63.4 3.934867216E-05 4.471440018E-05
63.6 3.936669721E-05 8.946976638E-06
63.8 4.296516957E-05 -1.790215399E-05
64 4.298486933E-05 2.576413158E-21
64.2 3.942087156E-05 1.791857798E-05
64.4 4.302432308E-05 2.836855987E-20
64.6 3.945707071E-05 -1.793503214E-05
64.8 4.306384933E-05 2.691490583E-05
65 4.667394301E-05 2.692727482E-05
65.2 5.028735632E-05 -8.872650554E-22
65.4 5.390409384E-05 2.695204692E-05
65.6 5.033364013E-05 -8.988150023E-06
65.8 5.395372928E-05 2.697686464E-05
66 5.39785813E-05 3.598572087E-05
66.2 5.400345622E-05 -9.000576037E-06
66.4 5.402835408E-05 1.200153958E-20
66.6 5.765682657E-05 -1.80177583E-05
66.8 5.768343332E-05 -3.605214582E-05
67 6.492382271E-05 -1.80343952E-05
67.2 6.134526559E-05 9.073356661E-21
67.4 6.859403882E-05 9.025531423E-06
67.6 6.862575127E-05 2.708911234E-05
67.8 7.227104533E-05 1.829403111E-20
68 7.59197131E-05 -5.42283665E-05
68.2 8.318865741E-05 -2.712673611E-05
68.4 8.322718851E-05 9.046433534E-06
68.6 9.412650602E-05 -1.810125116E-05
68.8 9.417014372E-05 1.810964302E-05
69 0.000101461039 2.717706401E-05
69.2 0.0001015081206 -9.063225058E-06
69.4 9.792827298E-05 -9.067432683E-06
69.6 9.434509986E-05 -9.071644217E-06
69.8 9.075859665E-05 -1.815171933E-05
70 8.716875872E-05 -9.080079033E-06
70.2 8.35755814E-05 1.816860465E-05
70.4 8.724988367E-05 4.544264774E-05
70.6 8.729050279E-05 -1.818552142E-05
70.8 9.824755473E-05 -1.819399162E-05
71 0.0001019338304 2.730370457E-05
71.2 0.0001092657343 2.731643357E-05
71.4 0.0001093166978 4.554862407E-05
71.6 0.0001130132991 4.556987867E-05
71.8 0.000116713352 2.735469188E-05
72 0.0001204168613 -1.824497898E-05
72.2 0.0001204731308 -1.562007179E-21
72.4 0.0001241818607 9.131019168E-06
72.6 0.0001315481759 -2.740586997E-05
72.8 0.0001316097333 -5.483738886E-05
73 0.0001389864232 -3.657537453E-05
73.2 0.0001427107728 8.006586847E-21
73.4 0.0001464386129 -9.152413308E-06
73.6 0.0001501699484 9.156704173E-06
73.8 0.0001502403846 2.748299719E-05
74 0.0001466447677 1.782277984E-20
74.2 0.0001430457746 -3.667840376E-05
74.4 0.0001541216534 -8.256517144E-05
74.6 0.0001652079417 -9.178218985E-05
74.8 0.0001726316408 -6.42777386E-05
75 0.000172712841 -7.349482596E-05
75.2 0.0001691176471 -4.595588235E-05
75.4 0.0001581626648 -1.839100753E-05
75.6 0.0001619170984 -7.359868111E-05
75.8 0.000154630066 -5.522502356E-05
76 0.0001399693541 -3.683404055E-05
76.2 0.0001363502358 -3.685141509E-05
76.4 0.0001327277017 -1.843440302E-05
76.6 0.0001327903683 -1.156194263E-20
76.8 0.0001291627303 2.767772792E-05
77 0.0001255316635 1.846053875E-05
77.2 0.0001218971631 -9.23463357E-06
77.4 0.0001256504257 2.771700568E-05
77.6 0.0001294072409 6.470362044E-05
77.8 0.0001405658144 1.849550189E-05
78 0.0001480341071 8.528981915E-21
78.2 0.000151806872 7.511661919E-22
78.4 0.0001555832148 -2.778271693E-05
78.6 0.0001593631404 -3.706119545E-05
78.8 0.0001668545325 -1.85393925E-05
79 0.0001780626781 -9.274097816E-06
79.2 0.0001892814727 -9.278503563E-06
79.4 0.0001930846008 -1.8565827E-05
79.6 0.0002006062767 -2.786198288E-05
79.8 0.000204418411 -5.575047574E-05
80 0.0002082341742 -3.718467396E-05
80.2 0.0002157738095 1.860119048E-05
80.4 0.0002195986184 9.305026203E-06
80.6 0.0002308746425 -1.861892278E-05
80.8 0.0002384358608 -2.794170243E-05
81 0.0002422769561 -9.318344466E-06
81.2 0.0002423926014 -1.691058477E-20
81.4 0.0002350465616 -1.865448902E-05
81.6 0.0002388915432 9.331700908E-06
81.8 0.0002352712715 3.734464627E-05
82 0.0002353837877 1.868125299E-05
82.2 0.0002317583732 -1.143248361E-20
82.4 0.0002356091431 3.128247033E-21
82.6 0.0002357219828 1.870809387E-05
82.8 0.0002320915189 9.358528989E-06
83 0.0002322027804 -9.36301534E-06
83.2 0.0002285671463 9.367505995E-06
83.4 0.0002286768234 1.874400192E-05
83.6 0.0002287866059 1.875300048E-05
83.8 0.0002364012968 9.381003842E-06
84 0.000232760692 -9.385511773E-06
84.2 0.0002328725962 -1.878004808E-05
84.4 0.0002254689755 -3.757816258E-05
84.6 0.0002255774783 -5.639436959E-05
84.8 0.0002294475205 -6.582510833E-05
85 0.0002408477842 -3.763246628E-05
85.2 0.0002409638554 -2.823795181E-05
85.4 0.0002410800386 -2.825156702E-05
85.6 0.0002298902557 9.42173179E-06
85.8 0.0002224601834 1.885255792E-05
86 0.000218795268 -1.886166103E-05
86.2 0.0002226751208 -1.887077295E-05
86.4 0.0002190067666 -1.887989367E-05
86.6 0.0002228904739 -2.833353482E-05
86.8 0.0002192186744 -1.889816159E-05
87 0.0002155433204 -2.836096321E-05
87.2 0.0002080811138 -3.783292978E-05
87.4 0.0002081819283 -7.570251938E-05
87.6 0.000215856762 -7.573921474E-05
87.8 0.0002121726479 -3.788797284E-05
88 0.0002084849588 -2.84297671E-05
88.2 0.0002047936893 -5.688713592E-05
88.4 0.0001973045168 -3.79431763E-05
88.6 0.0001860119048 1.898080661E-05
88.8 0.0001861023335 -9.495017015E-06
89 0.0001823929961 -4.749817607E-05
89.2 0.0001786800487 -4.752128954E-05
89.4 0.0001749634859 -7.607108082E-05
89.6 0.0001712433025 -8.562165124E-05
89.8 0.0001675194932 -1.903630604E-05
90 0.0001637920527 4.76139688E-05
90.2 0.0001600609756 1.905487805E-05
90.4 0.0001563262567 3.81283553E-05
90.6 0.0001525878906 3.814697266E-05
90.8 0.0001564789936 -1.393516355E-20
91 0.0001603739003 1.561051041E-20
91.2 0.0001604523227 -3.820293399E-05
91.4 0.0001681751468 -2.86662182E-05
91.6 0.0001759055311 5.736049927E-05
91.8 0.0001798175808 8.608288443E-05
92 0.0001799056835 3.8277805E-05
92.2 0.0001761642157 9.574142157E-06
92.4 0.000176250613 4.789418833E-05
92.6 0.000168670265 4.791768891E-05
92.8 0.0001687530682 9.588242514E-06
93 0.0001611615914 3.837180747E-05
93.2 0.0001497235872 -9.597665848E-06
93.4 0.0001421152901 -7.681907571E-05
93.6 0.0001421851943 -1.141958253E-20
93.8 0.0001345656988 5.767101378E-05
94 0.0001269387001 2.884970458E-05
94.2 0.000115455665 -9.621305419E-06
94.4 0.0001116621488 -2.887814194E-05
94.6 0.0001117172091 -2.415659963E-20
94.8 0.0001040638875 -1.927109028E-05
95 0.0001079713722 -4.820150543E-05
95.2 0.0001157407407 -5.787037037E-05
95.4 0.0001196578557 -4.824913538E-05
95.6 0.0001158551656 -4.827298566E-05
95.8 0.0001159124629 -1.931874382E-05
96 0.0001121041564 -9.66415141E-06
96.2 0.0001121596535 -5.801361386E-05
96.4 0.0001122152055 -7.738979693E-05
96.6 0.0001122708127 -4.839259167E-05
96.8 0.0001084531482 -1.936663361E-05
97 0.0001007564484 -1.937624008E-05
97.2 9.69292804E-05 4.031486843E-21
97.4 8.921921549E-05 1.873527954E-20
97.6 8.538251366E-05 -2.910767511E-05
97.8 8.930790258E-05 -4.853690358E-05
98 8.935231228E-05 -1.942441571E-05
98.2 8.939676617E-05 -2.91511194E-05
98.4 8.555251369E-05 -4.860938278E-05
98.6 8.170443227E-05 -2.918015438E-05
98.8 8.563776781E-05 -4.865782262E-05
99 8.178589232E-05 2.660297299E-20
99.2 8.182668329E-05 1.948254364E-05
99.4 8.186751497E-05 -2.92383982E-05
99.6 8.580878682E-05 -9.750998502E-06
99.8 8.585164835E-05 -9.755869131E-06
100 8.979885057E-05 -1.952148926E-05
100.2 9.375E-05 -3.90625E-05
100.4 9.770510255E-05 -4.885255128E-05
100.6 9.7754004E-05 -2.913180774E-20
100.8 9.780295443E-05 3.912118177E-05
101 0.0001017660321 9.785195391E-06
101.2 9.398496241E-05 -1.773457387E-20
101.4 9.403209629E-05 -1.447474701E-20
101.6 9.015930758E-05 -2.939977421E-05
101.8 9.020456827E-05 -3.921937751E-05
102 8.632596685E-05 -6.401348049E-21
102.2 8.244346734E-05 2.944409548E-05
102.4 7.855706385E-05 2.945889894E-05
102.6 7.46667505E-05 3.929828974E-05
102.8 7.077252139E-05 2.948855058E-05
103 6.687437059E-05 -1.283992046E-20
103.2 6.690806045E-05 1.967884131E-05
103.4 6.300403226E-05 3.937752016E-05
103.6 6.303580434E-05 9.849344428E-06
103.8 6.306760848E-05 2.956294147E-05
104 6.309944472E-05 3.943715295E-05
104.2 6.313131313E-05 1.972853535E-05
104.4 6.316321374E-05 -2.960775644E-05
104.6 6.319514661E-05 -5.924544995E-05
104.8 6.322711179E-05 -2.963770865E-05
105 5.930541498E-05 9.88423583E-06
105.2 5.537974684E-05 2.966772152E-05
105.4 5.145010132E-05 9.894250253E-06
105.6 4.751647238E-05 9.899265079E-06
105.8 4.754056795E-05 1.980856998E-05
106 4.360096398E-05 3.963723998E-05
106.2 3.965736041E-05 3.965736041E-05
106.4 3.570975114E-05 4.959687659E-05
106.6 3.175813008E-05 5.95464939E-05
106.8 2.78024911E-05 5.957676665E-05
107 2.781663276E-05 4.967255849E-05
107.2 2.78307888E-05 2.981870229E-05
107.4 2.784495927E-05 1.988925662E-05
107.6 2.387926643E-05 -8.959769069E-21
107.8 2.787334353E-05 -3.025659645E-20
108 2.39036206E-05 1.991968383E-05
108.2 2.391581633E-05 2.989477041E-05
108.4 2.791602859E-05 2.991003063E-05
108.6 3.192032686E-05 2.992530644E-05
108.8 3.592871742E-05 2.994059785E-05
109 3.994120654E-05 5.991180982E-05
109.2 4.395780051E-05 5.994245524E-05
109.4 4.797850563E-05 2.998656602E-05
109.6 5.200332821E-05 3.000192012E-05
109.8 5.603227459E-05 4.002305328E-05
110 6.00653511E-05 5.005445925E-05
110.2 6.41025641E-05 3.004807692E-05
110.4 6.814391996E-05 2.00423294E-05
110.6 7.218942505E-05 -8.623553778E-21
110.8 7.623908577E-05 2.006291731E-05
111 8.029290853E-05 5.018306783E-05
111.2 8.435089974E-05 1.004177378E-05
111.4 8.841306584E-05 1.00469393E-05
111.6 8.845856922E-05 1.005211014E-05
111.8 8.850411946E-05 -2.011457261E-05
112 8.854971664E-05 -3.01874034E-05
112.2 8.859536082E-05 2.327667081E-20
112.4 8.864105209E-05 1.007284683E-05
112.6 8.868679051E-05 -2.015608875E-05
112.8 8.873257615E-05 -2.016649458E-05
113 9.281379132E-05 -4.035382231E-05
113.2 9.689922481E-05 -4.0374677E-05
113.4 0.0001009888831 -2.019777663E-05
113.6 0.0001050827729 -4.041645111E-05
113.8 0.0001091809006 -2.02186853E-05
114 0.0001132832729 -1.011457794E-05
114.2 0.0001173898964 -1.011981865E-05
114.4 0.0001174507517 5.261774387E-21
114.6 0.0001175116701 3.039094917E-05
114.8 0.0001175726518 3.040672029E-05
115 0.0001216900312 -1.282081159E-20
115.2 0.0001217532468 3.043831169E-05
115.4 0.0001218165281 2.030275468E-05
115.6 0.0001218798752 1.015665627E-05
115.8 0.0001219432882 3.048582206E-05
116 0.0001179398751 4.066892244E-05
116.2 0.0001139322917 4.069010417E-05
116.4 0.0001099205315 2.035565399E-05
116.6 0.0001099778415 -2.117180065E-20
116.8 0.0001059598331 7.776433912E-21
117 9.786012526E-05 2.03875261E-05
117.2 8.975195822E-05 4.079634465E-05
117.4 8.16353187E-05 6.122648903E-05
117.6 7.759409305E-05 4.083899634E-05
117.8 7.354864017E-05 5.107544456E-05
118 6.54107797E-05 5.110217164E-05
118.2 5.726439791E-05 6.135471204E-05
118.4 4.91094814E-05 6.138685175E-05
118.6 4.094601677E-05 7.165552935E-05
118.8 3.277399056E-05 5.120936025E-05
119 2.869228751E-05 4.098898216E-05
119.2 2.460629921E-05 6.151574803E-05
119.4 2.051601891E-05 7.180606618E-05
119.6 1.642143983E-05 7.184379926E-05
119.8 1.232255521E-05 4.107518402E-05
120 1.232903735E-05 7.191938453E-05
120.2 1.233552632E-05 6.167763158E-05
120.4 1.234202212E-05 4.114007372E-05
120.6 4.116174921E-06 2.05808746E-05
120.8 0 1.029586189E-05
121 0 -1.030129219E-05
121.2 4.122691293E-06 -3.09201847E-05
121.4 0 1.031217001E-05
121.6 4.127047015E-06 3.095285261E-05
121.8 0 3.096921247E-05
122 4.131411951E-06 4.131411951E-05
122.2 4.133597884E-06 7.233796296E-05
122.4 4.13578613E-06 7.237625728E-05
122.6 0 3.103482521E-05
122.8 4.140169581E-06 5.175211977E-05
123 4.142364793E-06 7.249138388E-05
123.2 4.144562334E-06 4.144562334E-05
123.4 4.146762208E-06 2.073381104E-05
123.6 4.148964418E-06 3.111723314E-05
123.8 8.302337938E-06 2.075584485E-05
124 4.153375864E-06 1.038343966E-05
124.2 8.311170213E-06 3.11668883E-05
124.4 4.1577967E-06 -3.219025752E-21
124.6 4.16001065E-06 2.080005325E-05
124.8 4.162226958E-06 8.324453916E-05
125 4.164445629E-06 5.205557036E-05
125.2 4.166666667E-06 1.041666667E-05
125.4 0 3.126667556E-05
125.6 0 -7.234230064E-22
125.8 0 -5.216680021E-05
126 4.175574559E-06 -7.307255478E-05
126.2 4.177807487E-06 -6.26671123E-05
126.4 4.180042804E-06 -3.135032103E-05
126.6 4.182280514E-06 -6.273420771E-05
126.8 4.184520621E-06 -5.230650777E-05
127 4.18676313E-06 -5.233453912E-05
127.2 4.189008043E-06 -4.189008043E-05
127.4 4.191255365E-06 -6.146207261E-21
127.6 4.193505099E-06 2.09675255E-05
127.8 0 -2.097878625E-05
128 4.198011822E-06 -1.96409711E-20
128.2 4.200268817E-06 7.35047043E-05
128.4 4.202528241E-06 -4.202528241E-05
128.6 8.409580194E-06 -8.409580194E-05
128.8 1.262116317E-05 -3.155290792E-05
129 1.683728448E-05 -3.156990841E-05
129.2 1.684636119E-05 -5.264487871E-05
129.4 2.10693096E-05 -5.2673274E-05
129.6 2.529681597E-05 -3.162101997E-05
129.8 2.952888769E-05 -2.109206263E-05
130 2.954484063E-05 -4.220691518E-05
130.2 2.956081081E-05 -7.390202703E-05
130.4 2.957679827E-05 -5.28157112E-05
130.6 2.536525974E-05 -8.45508658E-05
130.8 2.960882512E-05 -1.214782886E-20
131 2.962486457E-05 4.23212351E-05
131.2 2.540650407E-05 -4.234417344E-05
131.4 2.5420282E-05 -3.177535249E-05
131.6 3.391209984E-05 -2.11950624E-05
131.8 3.393051031E-05 -7.638381986E-22
132 3.394894079E-05 1.0609044E-05
132.2 3.39673913E-05 -1.839840852E-20
132.4 3.398586188E-05 3.186174551E-05
132.6 3.400435256E-05 1.062636017E-05
132.8 2.977000544E-05 -3.18964344E-05
133 3.404139434E-05 2.127587146E-05
133.2 2.980245232E-05 1.064373297E-05
133.4 2.555888768E-05 2.862031357E-20
133.6 2.557283142E-05 6.393207856E-05
133.8 2.985125546E-05 -3.198348799E-05
134 3.413435281E-05 -8.533588203E-05
134.2 3.842213115E-05 -1.067281421E-05
134.4 4.271459814E-05 -4.271459814E-05
134.6 4.701176149E-05 -3.754096874E-21
134.8 5.13136289E-05 5.345169677E-05
135 5.134173056E-05 -2.139238773E-05
135.2 5.565068493E-05 -5.351027397E-05
135.4 5.568119518E-05 -4.28316886E-05
135.6 5.999725727E-05 2.142759188E-05
135.8 6.431805708E-05 2.143935236E-05
136 6.435337727E-05 -4.290225151E-05
136.2 6.868131868E-05 -2.146291209E-05
136.4 7.301401869E-05 -1.073735569E-05
136.6 7.305418042E-05 -4.29730473E-05
136.8 6.879471657E-05 -2.149834893E-05
137 6.883259912E-05 2.151018722E-05
137.2 6.45661157E-05 2.197963763E-20
137.4 6.029492834E-05 2.383959104E-21
137.6 5.170987314E-05 3.231867071E-05
137.8 4.311534216E-05 1.077883554E-05
138 3.882523468E-05 -3.235436223E-05
138.2 2.589779006E-05 -4.316298343E-05
138.4 3.023079049E-05 -4.318684356E-05
138.6 2.160536504E-05 -2.160536504E-05
138.8 2.161732153E-05 2.161732153E-05
139 1.297757475E-05 4.32585825E-05
139.2 1.298476454E-05 3.246191136E-05
139.4 8.661308204E-06 -1.082663525E-05
139.6 4.333056018E-06 -2.166528009E-05
139.8 4.335460599E-06 -1.08386515E-05
140 8.675735702E-06 -1.545873183E-20
140.2 4.340277778E-06 1.085069444E-05
140.4 4.342690384E-06 1.085672596E-05
140.6 4.345105673E-06 3.473306181E-20
140.8 4.347523651E-06 6.490286408E-22
141 4.349944321E-06 -1.08748608E-05
141.2 4.352367688E-06 -5.44045961E-05
141.4 4.354793757E-06 -2.320700302E-20
141.6 4.357222532E-06 -2.178611266E-05
141.8 4.359654018E-06 -3.269740513E-05
142 8.724176438E-06 2.181044109E-05
142.2 1.309357542E-05 1.091131285E-05
142.4 1.746785914E-05 -1.551457553E-20
142.6 2.184703579E-05 -3.880813145E-21
142.8 1.748740907E-05 1.553193935E-20
143 1.749720045E-05 2.331095376E-20
143.2 1.75070028E-05 -1.094187675E-05
143.4 1.751681614E-05 -5.474005045E-05
143.6 1.752664049E-05 -1.095415031E-05
143.8 1.753647587E-05 -1.096029742E-05
144 1.754632229E-05 -9.869806289E-05
144.2 1.755617978E-05 -5.48630618E-05
144.4 1.317453626E-05 -1.950223132E-21
144.6 8.787964004E-06 2.196991001E-05
144.8 8.792909398E-06 6.594682048E-05
145 8.79786036E-06 2.19946509E-05
145.2 1.320422535E-05 2.200704225E-05
145.4 1.761555806E-05 4.403889515E-05
145.6 1.762549351E-05 1.101593345E-05
145.8 1.763544018E-05 -1.519927935E-20
146 1.764539808E-05 1.10283738E-05
146.2 2.206920904E-05 -1.764125569E-20
146.4 2.208168457E-05 4.416336914E-05
146.6 2.209417421E-05 2.209417421E-05
146.8 2.652801358E-05 7.737337295E-05
147 2.211919592E-05 6.635758777E-05
147.2 2.213172805E-05 -1.465153914E-20
147.4 2.214427438E-05 5.536068594E-05
147.6 2.215683494E-05 1.72247765E-20
147.8 2.216940976E-05 3.537603969E-20
148 2.661839864E-05 2.218199886E-05
148.2 2.663352273E-05 -1.109730114E-05
148.4 1.776577601E-05 3.331083002E-05
148.6 1.333191126E-05 4.443970421E-05
148.8 1.333949915E-05 -9.903125501E-21
149 1.779612756E-05 4.449031891E-05
149.2 1.780626781E-05 4.451566952E-05
149.4 1.781641961E-05 1.113526226E-05
149.6 1.336993725E-05 2.228322875E-05
149.8 8.918378995E-06 8.918378995E-05
150 4.461736151E-06 7.808038264E-05
150.2 4.464285714E-06 2.232142857E-05
150.4 8.933676387E-06 2.233419097E-05
150.6 1.340818078E-05 4.469393593E-05
150.8 1.341585575E-05 2.235975959E-05
151 1.342353952E-05 -7.830398053E-05
151.2 1.343123209E-05 -4.477077364E-05
151.4 1.343893349E-05 2.295420647E-20
151.6 1.344664372E-05 -2.241107286E-05
151.8 1.34543628E-05 5.605984501E-05
152 1.346209075E-05 7.852886272E-05
152.2 1.795977011E-05 -3.367456897E-05
152.4 2.695514664E-05 -3.369393329E-05
152.6 2.247554661E-05 3.371331991E-05
152.8 2.698618307E-05 -4.497697179E-05
153 2.250144009E-05 -2.250144009E-05
153.2 2.251440922E-05 1.125720461E-05
153.4 2.252739331E-05 -2.252739331E-05
153.6 2.704847086E-05 -2.254039238E-05
153.8 3.157476905E-05 -9.021362587E-05
154 3.610629694E-05 -0.0001015489601
154.2 4.967485549E-05 -4.515895954E-05
154.4 4.518507808E-05 1.129626952E-05
154.6 4.521122685E-05 3.390842014E-05
154.8 4.071366532E-05 -2.261870295E-05
155 4.073725377E-05 -6.789542294E-05
155.2 3.170289855E-05 -4.528985507E-05
155.4 3.17212877E-05 -6.797418794E-05
155.6 3.17396982E-05 -6.8013639E-05
155.8 3.629500581E-05 -1.134218931E-05
156 4.085560721E-05 -3.404633934E-05
156.2 3.63372093E-05 -3.406613372E-05
156.4 3.181355439E-05 -0.0001022578534
156.6 2.728463329E-05 -0.0001136859721
156.8 2.730052417E-05 -5.687609202E-05
157 3.186917249E-05 -4.552738928E-05
157.2 3.644314869E-05 -2.277696793E-05
157.4 4.102246208E-05 -3.418538506E-05
157.6 3.192498541E-05 -1.14017805E-05
157.8 3.194363318E-05 -5.70422021E-05
158 3.196230275E-05 -0.0001027359731
158.2 2.74122807E-05 -2.284356725E-05
158.4 2.285693388E-05 -2.285693388E-05
158.6 2.744437939E-05 -3.430547424E-05
158.8 3.661394259E-05 -1.144185706E-05
159 2.747655334E-05 3.434569168E-05
159.2 2.291055718E-05 5.727639296E-05
159.4 2.292400235E-05 4.584800469E-05
159.6 2.752495596E-05 2.29374633E-05
159.8 3.21313161E-05 1.089955086E-20
160 3.215020576E-05 -1.07633247E-20
160.2 3.676470588E-05 -4.595588235E-05
160.4 3.678634491E-05 -4.598293114E-05
160.6 3.220700824E-05 -5.751251472E-05
160.8 2.76222746E-05 -6.905568651E-05
161 2.763856132E-05 -9.212853774E-05
161.2 2.765486726E-05 -6.913716814E-05
161.4 3.228305785E-05 -4.611865407E-05
161.6 3.691671589E-05 -3.460942115E-05
161.8 4.155585106E-05 1.154329196E-05
162 3.696037847E-05 -1.155011827E-05
162.2 4.160502959E-05 -2.311390533E-05
162.4 4.162966252E-05 1.156379515E-05
162.6 4.165432464E-05 7.126163635E-21
162.8 3.704801423E-05 -3.473251334E-05
163 3.243623962E-05 1.173265995E-22
163.2 2.78189911E-05 3.477373887E-05
163.4 2.319625891E-05 3.479438836E-05
163.6 2.321004159E-05 4.642008318E-05
163.8 1.857907253E-05 3.4835761E-05
164 1.859012493E-05 2.323765616E-05
164.2 1.860119048E-05 5.812872024E-05
164.4 1.861226921E-05 5.816334127E-05
164.6 1.396752086E-05 -1.163960072E-05
164.8 9.317233154E-06 -2.329308289E-05
165 4.661396181E-06 1.165349045E-05
165.2 0 1.166044776E-05
165.4 0 1.166741338E-05
165.6 4.669754931E-06 1.167438733E-05
165.8 9.345095694E-06 -2.336273923E-05
166 1.402603232E-05 -3.506508079E-05
166.2 1.403443114E-05 -5.847679641E-05
166.4 1.87237867E-05 -5.851183343E-05
166.6 1.873501199E-05 -2.341876499E-05
166.8 1.874625075E-05 -4.686562687E-05
167 1.8757503E-05 -4.68937575E-05
167.2 2.346096096E-05 -2.346096096E-05
167.4 2.817007212E-05 -7.042518029E-05
167.6 3.288484666E-05 -5.872294047E-05
167.8 3.290463297E-05 1.175165463E-05
168 3.292444311E-05 -4.088564202E-20
168.2 3.294427711E-05 -1.176581325E-05
168.4 3.767329717E-05 4.709162146E-05
168.6 4.240802171E-05 5.890003016E-05
168.8 5.186330718E-05 3.536134581E-05
169 6.133001208E-05 1.179423309E-05
169.2 6.608761329E-05 -2.360271903E-05
169.4 6.14041717E-05 -1.180849456E-05
169.6 6.616757411E-05 -1.181563823E-05
169.8 6.620762712E-05 -1.182279056E-05
170 6.151574803E-05 -1.055608395E-20
170.2 6.15530303E-05 -2.425201882E-20
170.4 5.685263796E-05 -2.596362915E-20
170.6 5.688713592E-05 2.37029733E-05
170.8 5.217820279E-05 1.185868245E-05
171 4.7463548E-05 -2.3731774E-05
171.2 4.749240122E-05 -1.18731003E-05
171.4 4.276916058E-05 -2.376064477E-05
171.6 4.279519172E-05 -4.755021302E-05
171.8 4.282125457E-05 -1.189479294E-05
172 4.760816575E-05 3.570612431E-05
172.2 4.287347561E-05 2.381859756E-05
172.4 4.289963392E-05 2.383312996E-05
172.6 4.292582418E-05 3.577152015E-05
172.8 4.295204643E-05 3.579337202E-05
173 4.297830073E-05 3.581525061E-05
173.2 3.822629969E-05 2.389143731E-05
173.4 3.8249694E-05 -1.195302938E-05
173.6 4.305725658E-05 -2.39206981E-05
173.8 4.787071078E-05 -1.681321365E-20
174 4.311005518E-05 2.395003066E-05
174.2 4.313650307E-05 -1.198236196E-05
174.4 4.316298343E-05 -7.193830571E-05
174.6 4.318949631E-05 -3.599124693E-05
174.8 3.361247695E-05 -2.400891211E-05
175 2.882841328E-05 -2.402367774E-05
175.2 2.884615385E-05 1.485129317E-20
175.4 3.367456897E-05 2.405326355E-05
175.6 3.369531731E-05 1.607558084E-20
175.8 3.371609125E-05 -6.02073058E-05
176 3.855644664E-05 -4.81955583E-05
176.2 3.858024691E-05 -4.822530864E-05
176.4 4.342958616E-05 -6.031886967E-05
176.6 4.828491965E-05 -2.414245983E-05
176.8 5.797773655E-05 -1.733057878E-20
177 5.317914604E-05 -3.625850866E-05
177.2 5.80495356E-05 -3.628095975E-05
177.4 5.324504337E-05 2.420229244E-05
177.6 5.327805332E-05 2.421729696E-05
177.8 5.331110422E-05 -1.211616005E-05
178 5.819366853E-05 1.212368094E-05
178.2 5.822981366E-05 3.639363354E-05
178.4 5.826600373E-05 1.213875078E-05
178.6 5.830223881E-05 1.214629975E-05
178.8 5.833851898E-05 2.430771624E-05
179 5.351027397E-05 1.21614259E-05
179.2 4.867601246E-05 1.216900312E-05
179.4 4.383572319E-05 1.217658978E-05
179.6 4.386306925E-05 1.21841859E-05
179.8 4.389044944E-05 1.219179151E-05
180 4.391786384E-05 -2.827260999E-20
180.2 4.39453125E-05 1.220703125E-05
180.4 4.39727955E-05 2.442933083E-05
180.6 4.400031289E-05 4.888923655E-05
180.8 3.913587977E-05 2.445992486E-05
181 3.9160401E-05 1.223762531E-05
181.2 3.918495298E-05 2.449059561E-05
181.4 3.920953576E-05 1.225297992E-05
181.6 3.92341494E-05 2.452134338E-05
181.8 3.925879397E-05 1.226837312E-05
182 3.928346952E-05 -6.45083589E-21
182.2 3.93081761E-05 -1.228380503E-05
182.4 3.933291378E-05 -1.229153556E-05
182.6 3.935768262E-05 4.072580783E-20
182.8 3.938248267E-05 -1.230702583E-05
183 3.9407314E-05 -2.462957125E-05
183.2 3.943217666E-05 -3.696766562E-05
183.4 3.945707071E-05 -2.466066919E-05
183.6 3.948199621E-05 -1.234065583E-20
183.8 3.950695322E-05 -1.234592288E-05
184 3.953194181E-05 -3.706119545E-05
184.2 3.955696203E-05 -3.70846519E-05
184.4 3.958201393E-05 -2.473875871E-05
184.6 3.960709759E-05 1.626906632E-20
184.8 3.963221306E-05 1.238506658E-05
185 3.965736041E-05 2.140704293E-20
185.2 3.968253968E-05 1.240079365E-05
185.4 3.970775095E-05 -1.22262919E-20
185.6 3.973299428E-05 1.241656071E-05
185.8 3.975826972E-05 3.727337786E-05
186 3.978357734E-05 1.243236792E-05
186.2 3.98089172E-05 -1.244028662E-05
186.4 3.983428936E-05 -2.489643085E-05
186.6 3.985969388E-05 -2.601380554E-20
186.8 3.988513082E-05 2.492820676E-05
187 3.991060026E-05 1.247206258E-05
187.2 3.993610224E-05 -1.248003195E-05
187.4 3.996163683E-05 1.499870086E-20
187.6 3.998720409E-05 2.499200256E-05
187.8 4.00128041E-05 2.500800256E-05
188 3.503363229E-05 2.502402306E-05
188.2 3.004807692E-05 5.382464485E-21
188.4 2.505612572E-05 2.505612572E-05
188.6 2.005776637E-05 7.521662388E-05
188.8 1.505298651E-05 3.763246628E-05
189 1.004177378E-05 6.798101689E-21
189.2 5.024115756E-06 -1.256028939E-05
189.4 0 -2.51081381E-20
189.6 0 1.257646491E-05
189.8 0 -1.25845683E-05
190 0 -3.777804642E-05
190.2 0 -2.52016129E-05
190.4 0 1.900671472E-21
190.6 0 -1.261708656E-05
190.8 0 -2.525048481E-05
191 0 -1.26334088E-05
191.2 0 -2.528317152E-05
191.4 0 -2.529954663E-05
191.6 0 -9.431763664E-21
191.8 0 1.266618029E-05
192 0 3.802319922E-05
192.2 0 5.073051948E-05
192.4 0 2.538174139E-05
192.6 0 -1.269912224E-05
192.8 0 3.523656122E-20
193 0 -1.271565755E-05
193.2 0 -2.544788274E-05
193.4 0 2.546447197E-05
193.6 0 3.822162427E-05
193.8 0 1.27488577E-05
194 0 5.102873939E-05
194.2 0 3.829656863E-05
194.4 0 1.263857462E-20
194.6 0 5.11289267E-05
194.8 0 1.279060249E-05
195 0 2.559796855E-05
195.2 0 8.965163934E-05
195.4 0 -1.281578084E-05
195.6 0 2.564839133E-05
195.8 0 7.69957293E-05
196 0 -1.486217159E-20
196.2 0 -2.569901316E-05
196.4 0 -9.000576037E-05
196.6 0 -0.0001157979249
196.8 0 -9.01244232E-05
197 0 -7.730046174E-05
197.2 0 -9.024339934E-05
197.4 0 -5.160171731E-05
197.6 0 -1.687741918E-20
197.8 0 -3.875248016E-05
198 0 -7.755625414E-05
198.2 0 -5.17384106E-05
198.4 0 -1.294317429E-05
198.6 0 -2.590351459E-05
198.8 0 -5.184140677E-05
199 0 -2.593791501E-05
199.2 0 1.297757475E-05
199.4 0 2.597240691E-05
199.6 0 1.299484365E-05
199.8 0 1.300349534E-05
200 0 3.903647568E-05
200.2 0 6.510416667E-05
200.4 0 2.605903936E-05
200.6 0 1.303821762E-05
200.8 0 5.218770875E-05
201 0 1.30556484E-05
201.2 0 2.662972739E-21
201.4 0 5.229250335E-05
201.6 0 7.84912927E-05
201.8 0 3.92719504E-05
202 0 1.309942991E-05
202.2 0 2.621644295E-05
202.4 0 -1.311702485E-05
202.6 0 -2.625168011E-05
202.8 0 -2.626933423E-05
203 0 -2.628701211E-05
203.2 0 3.945707071E-05
203.4 0 5.264487871E-05
203.6 0 1.31700944E-05
203.8 0 1.170205585E-21
204 0 3.956363943E-05
204.2 0 3.959037162E-05
204.4 0 -2.641142664E-05
204.6 0 -1.321464817E-05
204.8 0 6.611797563E-05
205 0 7.93953252E-05
205.2 0 2.648305085E-05
205.4 0 1.325050882E-05
205.6 0 3.977851324E-05
205.8 0 3.980553668E-05
206 0 -1.327753229E-05
206.2 0 -3.985969388E-05
206.4 0 -1.329560926E-05
206.6 0 1.706086596E-20
206.8 0 -2.662747103E-05
207 0 -3.996845157E-05
207.2 0 -3.999573379E-05
207.4 0 -1.334101776E-05
207.6 0 1.624361617E-20
207.8 0 -1.335926813E-05
208 0 -1.336841205E-05
208.2 0 -2.675513699E-05
208.4 0 5.502273524E-20
208.6 0 -1.339591907E-05
208.8 0 -1.340511325E-05
209 0 1.341432005E-05
209.2 0 1.342353952E-05
209.4 0 3.383573584E-20
209.6 0 -4.032604955E-05
209.8 0 -8.070764463E-05
210 0 -6.730272226E-05
210.2 0 -2.693965517E-05
210.4 0 -4.04373706E-05
210.6 0 -5.395372928E-05
210.8 0 -1.349775397E-05
211 0 -2.701417704E-05
211.2 0 -5.406574394E-05
211.4 0 -4.05773892E-05
211.6 0 -4.060550936E-05
211.8 0 -8.126733703E-05
212 0 -8.132373352E-05
212.2 0 -1.356336806E-05
212.4 0 -2.714558721E-05
212.6 0 -2.716446453E-05
212.8 0 -1.359168406E-05
213 0 1.976867816E-20
213.2 0 -2.722125436E-05
213.4 0 -2.72402371E-05
213.6 0 1.362962317E-05
213.8 0 1.688539226E-20
214 0 4.164232719E-20
214.2 0 4.824792089E-20
214.4 0 -1.366777467E-05
214.6 0 1.13307554E-20
214.8 0 -1.368693062E-05
215 0 -2.73930575E-05
215.2 0 4.111842105E-05
215.4 0 4.114729635E-05
215.6 0 3.651415944E-20
215.8 0 1.571325383E-20
216 0 2.260293527E-20
216.2 0 2.651123442E-20
216.4 0 1.376409443E-05
216.6 0 2.754760226E-05
216.8 0 2.756704305E-05
217 0 2.75865113E-05
217.2 0 5.263780541E-21
217.4 0 1.381276521E-05
217.6 0 -2.590765812E-21
217.8 0 -1.383233003E-05
218 0 2.768426648E-05
218.2 0 2.770390071E-05
218.4 0 4.158534422E-05
218.6 0 5.548650568E-05
218.8 0 5.552594172E-05
219 0 5.556543385E-05
219.2 0 4.170373665E-05
219.4 0 9.737802707E-05
219.6 0 0.0001113684961
219.8 0 8.358594864E-05
220 0 6.970467523E-05
220.2 0 5.580357143E-05
220.4 0 5.584345961E-05
220.6 0 4.191255365E-05
220.8 0 4.194255548E-05
221 0 4.197260029E-05
221.2 0 5.600358423E-05
221.4 0 5.604375897E-05
221.6 0 0.0001121679828
221.8 0 9.821749282E-05
222 0 4.212347232E-05
222.2 0 2.810251799E-05
222.4 0 -2.893634354E-20
222.6 0 2.814301153E-05
222.8 0 4.224495314E-05
223 0 -2.490631667E-20
223.2 0 -1.410198556E-05
223.4 0 1.334672082E-20
223.6 0 -1.211482727E-21
223.8 0 1.413259768E-05
224 0 -4.825427297E-20
224.2 0 -3.169042937E-20
224.4 0 1.4163343E-05
224.6 0 1.417362119E-05
224.8 0 2.836782861E-05
225 0 -4.258266715E-05
225.2 0 -8.522727273E-05
225.4 0 -5.685953421E-05
225.6 0 -4.267571012E-05
225.8 0 -4.270681487E-05
226 0 -5.698395332E-05
226.2 0 -4.276916058E-05
226.4 0 1.426680058E-05
226.6 0 7.138614766E-05
226.8 0 1.428767374E-05
227 0 -2.859626647E-05
227.2 0 2.382209084E-21
227.4 0 2.863819648E-05
227.6 0 -1.432960382E-05
227.8 0 -5.736049927E-05
228 0 -4.305198384E-05
228.2 0 -2.97370086E-20
228.4 0 4.311534216E-05
228.6 0 4.314709131E-05
228.8 0 0.0001007507369
229 0 0.0001008250369
229.2 0 4.324261993E-05
229.4 0 1.442485229E-05
229.6 0 1.443551367E-05
229.8 0 2.889238166E-05
230 0 1.445688379E-05
230.2 0 1.446759259E-05
230.4 0 4.343495182E-05
230.6 0 4.539404917E-20
230.8 0 -2.89996288E-05
231 0 -1.451058692E-05
231.2 0 -1.452137546E-05
231.4 0 4.359654018E-05
231.6 0 2.908600149E-05
231.8 0 1.455383756E-05
232 0 4.369407159E-05
232.2 0 -1.45755597E-05
232.4 0 -2.917289022E-05
232.6 0 5.838938714E-05
232.8 0 1.460826477E-05
233 0 -2.92383982E-05
233.2 0 1.463014981E-05
233.4 0 1.670715347E-20
233.6 0 -1.465210053E-05
233.8 0 -4.39893018E-05
234 0 -1.467411721E-05
234.2 0 4.405545113E-05
234.4 0 2.93924003E-05
234.6 0 1.470726657E-05
234.8 0 1.471834966E-05
235 0 -1.394459904E-20
235.2 0 1.474056604E-05
235.4 0 -1.47516994E-05
235.6 0 -5.905139834E-05
235.8 0 1.850445841E-20
236 0 -6.567039229E-21
236.2 0 -7.398200758E-05
236.4 0 2.961523882E-05
236.6 0 4.445656297E-05
236.8 0 -2.96602126E-05
237 0 4.452412614E-05
237.2 0 7.426330798E-05
237.4 0 0.0001189117199
237.6 0 8.925171363E-05
237.8 0 2.105775593E-21
238 0 5.959191457E-05
238.2 0 1.490935115E-05
238.4 5.968296409E-06 -0.0001044451872
238.6 1.194571865E-05 -4.479644495E-05
238.8 1.793228768E-05 1.494357307E-05
239 2.39280245E-05 -1.495501531E-05
239.2 2.394636015E-05 -2.993295019E-05
239.4 2.396472393E-05 -4.493385736E-05
239.6 1.798733691E-05 -5.995778972E-05
239.8 1.200076805E-05 -4.500288018E-05
240 6.004996157E-06 -4.503747118E-05
240.2 0 -6.009615385E-05
240.4 0 -7.517802156E-05
240.6 0 -1.504718798E-05
240.8 0 -1.505878951E-05
241 0 -4.521122685E-05
241.2 0 -6.032818533E-05
241.4 0 -7.54685085E-05
241.6 0 -1.51053751E-05
241.8 0 -3.023413313E-05
242 0 -1.512877614E-05
242.2 0 -1.689072802E-20
242.4 0 -4.545674942E-05
242.6 0 -3.032802795E-05
242.8 0 -4.552738928E-05
243 0 -7.5937986E-05
243.2 0 -4.559824903E-05
243.4 0 3.320169808E-20
243.6 0 -1.52231099E-05
243.8 0 -1.52349844E-05
244 0 3.049375488E-05
244.2 0 -1.525878906E-05
244.4 0 -3.054143862E-05
244.6 0 -5.080267717E-20
244.8 0 -1.529463587E-05
245 0 -4.591986677E-05
245.2 0 -6.12745098E-05
245.4 0 -1.533065149E-05
245.6 0 -4.591105985E-20
245.8 0 -4.606426887E-05
246 0 -4.610051141E-05
246.2 0 -3.075787402E-05
246.4 0 -4.617316785E-05
246.6 0 -3.080638801E-05
246.8 0 -1.541535122E-05
247 0 -3.085505529E-05
247.2 0 -4.631916996E-05
247.4 0 -3.090387658E-05
247.6 0 -3.092834521E-05
247.8 0 -6.190570523E-05
248 0 -4.225350323E-20
248.2 0 -2.164211506E-20
248.4 6.205321684E-06 -4.653991263E-05
248.6 6.210254372E-06 -4.172540134E-20
248.8 6.215194909E-06 3.107597454E-05
249 6.220143312E-06 1.905952568E-20
249.2 6.225099602E-06 -3.112549801E-05
249.4 6.230063796E-06 -2.294455399E-20
249.6 6.235035914E-06 -1.158914667E-21
249.8 6.240015974E-06 -6.240015974E-05
250 0 -4.683752998E-05
250.2 0 -3.125E-05
250.4 0 -3.127502002E-05
250.6 0 6.260016026E-05
250.8 0 4.698777065E-05
251 0 -6.270064205E-05
251.2 0 -3.137550201E-05
251.4 0 1.62172696E-20
251.6 0 -4.713897828E-05
251.8 0 -7.862822061E-05
252 0 -7.869157937E-05
252.2 0 -3.150201613E-05
252.4 0 -1.576372074E-05
252.6 0 -3.155290792E-05
252.8 0 -1.578920776E-05
253 0 -3.16039644E-05
253.2 0 -3.162955466E-05
253.4 0 5.764808319E-21
253.6 0 -1.584042985E-05
253.8 0 -4.832027702E-20
254 0 1.586616572E-05
254.2 0 1.232310345E-20
254.4 0 -4.767595606E-05
254.6 0 -4.771478013E-05
254.8 0 -3.11487803E-20
255 0 1.593087276E-05
255.2 0 3.18877551E-05
255.4 0 -5.549075769E-21
255.6 0 -1.596995094E-05
255.8 0 1.598301964E-05
256 0 1.599610975E-05
256.2 0 2.468934169E-20
256.4 0 -3.18039851E-20
256.6 0 1.182884496E-20
256.8 0 -1.604868529E-05
257 0 -4.818564967E-05
257.2 0 -4.822530864E-05
257.4 0 7.596556419E-22
257.6 0 3.220321517E-05
257.8 0 1.611489274E-05
258 0 -1.612819983E-05
258.2 0 -4.842458678E-05
258.4 0 -4.84646402E-05
258.6 0 -3.233650662E-05
258.8 0 -1.618164872E-05
259 0 -1.26976889E-20
259.2 0 1.620850622E-05
259.4 0 -7.121040143E-20
259.6 0 -1.623545303E-05
259.8 0 -3.316317711E-21
260 0 3.252497918E-05
260.2 0 1.627604167E-05
260.4 0 -1.628961635E-05
260.6 0 1.630321369E-05
260.8 0 1.631683375E-05
261 0 1.633047659E-05
261.2 0 1.634414226E-05
261.4 0 1.635783082E-05
261.6 0 -5.41419693E-20
261.8 0 -3.277055369E-05
262 0 -1.639903442E-05
262.2 0 -1.305030824E-20
262.4 0 -3.953698494E-21
262.6 0 1.644044613E-05
262.8 0 -1.645429655E-05
263 0 -3.293634064E-05
263.2 0 -1.648206751E-05
263.4 0 -1.649598818E-05
263.6 0 -1.650993238E-05
263.8 0 -3.304780034E-05
264 0 -1.653789162E-05
264.2 0 -5.473994272E-20
264.4 0 6.854618897E-21
264.6 0 -2.576356185E-21
264.8 0 1.659409516E-05
265 0 1.660820578E-05
265.2 0 -9.517830133E-21
265.4 0 -8.075982234E-21
265.6 0 -3.97623228E-21
265.8 0 -1.041183533E-21
266 0 3.147670744E-20
266.2 0 7.821245628E-21
266.4 0 -2.230265734E-21
266.6 0 -1.672196062E-05
266.8 0 -1.673628963E-05
267 0 1.675064322E-05
267.2 0 1.676502146E-05
267.4 0 -2.54756306E-20
267.6 0 2.477341848E-20
267.8 0 1.680830465E-05
268 0 1.682278208E-05
268.2 0 1.683728448E-05
268.4 0 3.370362381E-05
268.6 0 3.373272884E-05
268.8 0 1.688094209E-05
269 6.758217993E-06 -2.984369648E-20
269.2 6.764069264E-06 -2.192810628E-20
269.4 6.769930676E-06 -4.178969899E-20
269.6 6.775802255E-06 -1.693950564E-05
269.8 6.781684028E-06 -3.390842014E-05
270 6.787576021E-06 -3.39378801E-05
270.2 0 -1.698369565E-05
270.4 0 1.699847694E-05
270.6 0 3.402656794E-05
270.8 0 1.702811683E-05
271 0 1.704297557E-05
271.2 0 1.596324096E-20
271.4 0 -3.414554196E-05
271.6 0 -1.708770779E-05
271.8 6.841068301E-06 -1.710267075E-05
272 1.369412796E-05 -3.423531989E-05
272.2 1.370614035E-05 -1.713267544E-05
272.4 1.371817384E-05 1.71477173E-05
272.6 1.373022847E-05 3.432557118E-05
272.8 1.374230431E-05 3.435576077E-05
273 1.375440141E-05 5.157900528E-05
273.2 1.376651982E-05 5.162444934E-05
273.4 6.889329806E-06 3.444664903E-05
273.6 0 5.171557811E-05
273.8 0 3.450750883E-05
274 0 -3.453801945E-05
274.2 0 -3.456858407E-05
274.4 0 -1.729960142E-05
274.6 6.925975177E-06 6.401406444E-21
274.8 1.386424135E-05 5.199090506E-05
275 2.081483126E-05 5.203707815E-05
275.2 2.777777778E-05 1.629676332E-20
275.4 3.475311388E-05 1.69921889E-21
275.6 3.478406055E-05 1.739203028E-05
275.8 4.177807487E-05 1.740753119E-05
276 4.878456735E-05 3.484611954E-05
276.2 4.8828125E-05 -1.434647999E-20
276.4 5.585344057E-05 -1.745420018E-05
276.6 6.289132379E-05 3.493962433E-05
276.8 6.994180842E-05 3.497090421E-05
277 8.400537634E-05 1.750112007E-05
277.2 0.0001051008969 1.872927774E-20
277.4 0.0001122082585 -3.506508079E-05
277.6 0.0001263477089 1.335886636E-20
277.8 0.0001334869604 1.756407374E-05
278 0.0001406390639 1.757988299E-05
278.2 0.0001407657658 5.278716216E-05
278.4 0.0001408926961 1.761158702E-05
278.6 0.0001410198556 2.565060229E-20
278.8 0.0001411472448 1.76434056E-05
279 0.0001412748644 -1.765935805E-05
279.2 0.0001484728507 -3.535067873E-05
279.4 0.000148607337 -1.27307732E-20
279.6 0.0001416591115 2.423973307E-20
279.8 0.0001346982759 1.772345735E-05
280 0.0001277247956 5.321866485E-05
280.2 0.0001278409091 1.775568182E-05
280.4 0.0001279572338 3.554367607E-05
280.6 0.0001280737705 5.336407104E-05
280.8 0.0001281905196 3.560847767E-05
281 0.0001354356752 3.564096715E-05
281.2 0.0001498287671 -1.593647592E-20
281.4 0.000157106947 1.067687503E-20
281.6 0.0001643984446 3.573879231E-05
281.8 0.0001573946886 -2.774522321E-20
282 0.0001575389551 -1.790215399E-05
282.2 0.0001576834862 -5.643034136E-20
282.4 0.0001578282828 1.793503214E-05
282.6 0.0001579733456 3.590303309E-05
282.8 0.0001581186753 -1.796803128E-05
283 0.0001654581031 -5.395372928E-05
283.2 0.0001728110599 -3.600230415E-05
283.4 0.0001873846863 -5.405327491E-05
283.6 0.0001947714681 -1.848745489E-20
283.8 0.0001877310536 3.610212569E-05
284 0.0001879047179 -4.933675744E-21
284.2 0.0001808449074 1.808449074E-05
284.4 0.0001737720111 2.707973096E-20
284.6 0.0001666859926 -5.435412801E-05
284.8 0.0001595868152 -3.626973073E-05
285 0.0001524744424 3.630343866E-05
285.2 0.0001453488372 1.816860465E-05
285.4 0.0001527583799 -2.070635035E-20
285.6 0.0001529007456 1.820246971E-05
285.8 0.0001530433769 -3.643889925E-05
286 0.0001531862745 1.118105236E-20
286.2 0.0001533294393 3.650700935E-05
286.4 0.0001534728718 -1.74493403E-21
286.6 0.0001609316479 -5.48630618E-05
286.8 0.0001537605436 -5.491447985E-05
287 0.000146575985 -5.496599437E-05
287.2 0.000146713615 -1.833920188E-05
287.4 0.0001468515038 5.506931391E-05
287.6 0.0001543391345 -1.837370649E-05
287.8 0.0001544844633 -7.356403013E-05
288 0.000154630066 -1.840834119E-05
288.2 0.0001474056604 7.370283019E-05
288.4 0.0001475448536 3.688621341E-05
288.6 0.0001550685255 -3.69210775E-05
288.8 0.0001552152318 -3.695600757E-05
289 0.0001553622159 -3.699100379E-05
289.2 0.0001555094787 -3.702606635E-05
289.4 0.0001556570209 -3.706119545E-05
289.6 0.0001632241216 -1.949552469E-20
289.8 0.0001633792776 1.8565827E-05
290 0.0001635347288 1.858349191E-05
290.2 0.0001711309524 5.580357143E-05
290.4 0.0001787416587 3.723784557E-05
290.6 0.0001863668893 1.863668893E-05
290.8 0.0001865448902 3.730897803E-05
291 0.0001941921606 1.867232314E-05
291.2 0.000201854067 -5.607057416E-05
291.4 0.0002095306513 -0.0001122485632
291.6 0.0002172219559 6.785046769E-20
291.8 0.0002099328215 0.0001124640115
292 0.0002101344861 1.876200768E-05
292.2 0.0002103365385 -1.878004808E-05
292.4 0.0002180582291 -3.759624639E-05
292.6 0.0002333212909 -3.763246628E-05
292.8 0.0002410800386 -2.318911441E-20
293 0.0002488537645 -3.994761226E-20
293.2 0.0002490942029 3.774154589E-05
293.4 0.0002417794971 5.666706963E-05
293.6 0.0002571393998 7.562923524E-05
293.8 0.0002573885659 1.892562984E-05
294 0.0002727934045 -7.577594568E-05
294.2 0.000265473301 -5.688713592E-05
294.4 0.0002657312925 -4.388459383E-20
294.6 0.0002735894942 -1.899927043E-05
294.8 0.0002738558909 -1.90177702E-05
295 0.0002817373294 7.614522417E-05
295.2 0.0002743902439 9.527439024E-05
295.4 0.0002670288086 1.907348633E-05
295.6 0.000252016129 -1.991255401E-22
295.8 0.0002446183953 -1.911081213E-05
296 0.0002372061704 2.664445598E-20
296.2 0.0002297794118 3.829656863E-05
296.4 0.0002223380765 1.916707556E-05
296.6 0.0002148821218 1.918590373E-05
296.8 0.0002074115044 7.681907571E-05
297 0.0001999261811 0.0001537893701
297.2 0.0001924261084 0.0001539408867
297.4 0.0001849112426 9.630793886E-05
297.6 0.00017738154 5.784180652E-05
297.8 0.0001621170949 -3.252821323E-20
298 0.0001622774481 -5.795623145E-05
298.2 0.0001701732673 -5.801361386E-05
298.4 0.000162599108 -5.807111001E-05
298.6 0.0001627604167 5.812872024E-05
298.8 0.0001474056604 7.758192651E-05
299 0.0001475521869 -1.941476143E-05
299.2 0.0001399253731 -1.94340796E-05
299.4 0.000140064741 -5.836030876E-05
299.6 0.0001246261216 -5.841849452E-05
299.8 0.000124750499 -3.898453094E-05
300 0.0001248751249 -1.951173826E-05
300.2 0.0001328125 1.953125E-05
300.4 0.0001329454454 5.86524024E-05
300.6 0.000125250501 9.785195391E-05
300.8 0.0001253761284 3.918004012E-05
301 0.0001333458835 -3.921937751E-05
301.2 0.0001413316583 -4.426149109E-20
301.4 0.000149333501 2.836021527E-20
301.6 0.0001652190332 -1.966893253E-05
301.8 0.0001732610887 3.937752016E-05
302 0.0001813193744 -1.970862765E-05
302.2 0.0001893939394 -3.945707071E-05
302.4 0.0001974848332 3.949696663E-05
302.6 0.0001976847166 1.976847166E-05
302.8 0.0001899696049 -1.978850051E-05
303 0.0001743154158 -2.712759786E-20
303.2 0.0001744923858 1.98286802E-05
303.4 0.0001746697154 1.98488313E-05
303.6 0.0001907426246 1.98690234E-05
303.8 0.0001988925662 -1.988925662E-05
304 0.0001990953109 -5.972859327E-05
304.2 0.0001913265306 -1.992984694E-05
304.4 0.0001835418795 3.990040858E-05
304.6 0.0001677530675 -3.994120654E-05
304.8 0.0001599283521 -3.998208802E-05
305 0.0001520876025 -4.352620386E-20
305.2 0.0001442307692 -2.294549161E-20
305.4 0.0001363578029 1.62964269E-20
305.6 0.0001284686536 -4.014645427E-05
305.8 0.0001205632716 -2.00938786E-05
306 0.0001206874356 -6.034371782E-05
306.2 0.0001288659794 -4.027061856E-05
306.4 0.000128998968 6.046826625E-05
306.6 0.0001291322314 -9.856383386E-21
306.8 0.0001373448811 -2.019777663E-05
307 0.0001455745342 -4.633112389E-20
307.2 0.0001538212435 -4.047927461E-05
307.4 0.0001620850622 4.052126556E-05
307.6 0.0001622533749 8.112668744E-05
307.8 0.0001705431393 -2.030275468E-05
308 0.0001707206035 -0.0001016194069
308.2 0.0001708984375 -0.0001220703125
308.4 0.0001710766423 -8.146506778E-05
308.6 0.0001712552192 -4.077505219E-05
308.8 0.0001714341693 -2.040882968E-05
309 0.0001716134937 2.043017782E-05
309.2 0.0001717931937 2.045157068E-05
309.4 0.0001719732704 2.047300839E-05
309.6 0.0001721537251 -2.766820235E-20
309.8 0.0001723345588 -1.84041041E-20
310 0.0001807308097 8.215036803E-05
310.2 0.0001644736842 6.167763158E-05
310.4 0.0001481822972 4.116174921E-05
310.6 0.0001318565401 8.241033755E-05
310.8 0.0001154963041 4.124868004E-05
311 9.910147992E-05 -2.064614165E-05
311.2 8.267195767E-05 4.133597884E-05
311.4 7.448358051E-05 4.137976695E-05
311.6 6.627783669E-05 7.321526442E-20
311.8 5.805467091E-05 8.293524416E-05
312 4.981402763E-05 6.226753454E-05
312.2 4.155585106E-05 6.23337766E-05
312.4 3.32800852E-05 8.320021299E-05
312.6 2.498667377E-05 6.246668443E-05
312.8 1.66755603E-05 8.337780149E-05
313 8.346688034E-06 0.0001043336004
313.2 0 6.26671123E-05
313.4 0 4.182280514E-05
313.6 0 2.093381565E-05
313.8 0 -2.095627682E-05
314 8.391514501E-06 -6.335187775E-21
314.2 8.400537634E-06 2.100134409E-05
314.4 0 2.102395048E-05
314.6 0 -3.543026793E-20
314.8 0 -4.21386192E-05
315 0 -2.109206263E-05
315.2 0 -2.111486486E-05
315.4 0 -0.0001056885823
315.6 0 -8.464247021E-05
315.8 0 -8.473427332E-05
316 0 -2.120656895E-05
316.2 0 6.36888587E-05
316.4 0 -4.25054407E-05
316.6 0 -0.0001063793573
316.8 0 -6.389721919E-05
317 0 -2.132232533E-05
317.2 0 -2.134562842E-05
317.4 0 -6.410694748E-05
317.6 0 -0.0001283543264
317.8 0 -0.0001070792215
318 0 -8.575740944E-05
318.2 0 -0.0001073145604
318.4 0 -6.445957096E-05
318.6 0 -2.960245023E-20
318.8 0 -1.240862481E-20
319 0 -2.155767108E-05
319.2 0 -3.164064497E-20
319.4 0 -2.160536504E-05
319.6 0 -4.32585825E-05
319.8 0 -4.330654102E-05
320 0 -2.1677303E-05
320.2 0 -2.576564762E-20
320.4 0 -8.690211346E-05
320.6 0 -6.524916481E-05
320.8 0 2.177396878E-05
321 0 -0.0001089913504
321.2 0 -0.0001527583799
321.4 0 -4.369407159E-05
321.6 0 -3.75966252E-20
321.8 0 -2.189602018E-05
322 0 -2.192059484E-05
322.2 0 -3.612625245E-20
322.4 0 2.196991001E-05
322.6 0 2.19946509E-05
322.8 0 -2.201944758E-05
323 0 2.554870911E-21
323.2 0 4.413841808E-05
323.4 0 2.209417421E-05
323.6 0 2.211919592E-05
323.8 0 -1.939258911E-20
324 0 -4.433881952E-05
324.2 0 2.219460227E-05
324.4 0 6.665955631E-05
324.6 0 0.0001112257973
324.8 0 0.0001558936716
325 0 6.688784247E-05
325.2 0 4.464285714E-05
325.4 0 8.938787185E-05
325.6 0 6.711769759E-05
325.8 0 2.239822248E-05
326 0 -2.2423938E-05
326.2 0 -4.489942529E-05
326.4 0 -2.247554661E-05
326.6 0 2.250144009E-05
326.8 0 -2.252739331E-05
327 0 2.255340647E-05
327.2 0 2.257947977E-05
327.4 0 -4.521122685E-05
327.6 0 -6.042132031E-20
327.8 0 -2.265806265E-05
328 0 -2.268437863E-05
328.2 0 -7.377958027E-20
328.4 0 -4.547438882E-05
328.6 0 -4.552738928E-05
328.8 0 -6.837077013E-05
329 0 -0.0001140844042
329.2 0 -3.951102521E-20
329.4 0 2.287031616E-05
329.6 0 -1.532498484E-20
329.8 0 4.584800469E-05
330 0 2.295094007E-05
330.2 0 -2.297794118E-05
330.4 0 -2.300500589E-05
330.6 9.212853774E-06 -3.68489851E-20
330.8 9.223730815E-06 9.223730815E-05
331 9.23463357E-06 0.0001616060875
331.2 9.24556213E-06 4.622781065E-05
331.4 9.256516588E-06 -4.628258294E-05
331.6 9.267497034E-06 2.316874259E-05
331.8 9.278503563E-06 6.958877672E-05
332 9.289536266E-06 4.644768133E-05
332.2 9.300595238E-06 6.975446429E-05
332.4 0 9.311680572E-05
332.6 0 2.330698091E-05
332.8 0 -8.655123761E-22
333 9.345095694E-06 0.0001168136962
333.2 0 0.0001169535928
333.4 0 2.341876499E-05
333.6 0 2.344687875E-05
333.8 0 2.34750601E-05
334 0 3.219634781E-20
334.2 0 7.059487952E-05
334.4 0 0.0001178000603
334.6 0 7.076539855E-05
334.8 0 7.085096735E-05
335 0 7.093674334E-05
335.2 0 4.734848485E-05
335.4 0 4.74059466E-05
335.6 0 2.3731774E-05
335.8 0 2.793843291E-20
336 0 2.378958587E-05
336.2 0 2.381859756E-05
336.4 0 4.76953602E-05
336.6 0 4.775366748E-05
336.8 0 -2.390605875E-05
337 0 2.393535539E-05
337.2 0 7.189417178E-05
337.4 0 4.798832924E-05
337.6 0 -3.904524321E-20
337.8 0 -4.810652709E-05
338 0 -2.408292232E-05
338.2 0 4.822530864E-05
338.4 0 4.828491965E-05
338.6 0 -4.834467822E-05
338.8 0 -2.420229244E-05
339 0 -2.42323201E-05
339.2 0 -2.38610029E-20
339.4 0 8.117991667E-20
339.6 0 -7.296855542E-05
339.8 0 -2.435317955E-05
340 0 -7.315074906E-05
340.2 0 -9.765625E-05
340.4 0 -4.888923655E-05
340.6 0 -2.447525063E-05
340.8 0 -4.218510354E-20
341 0 2.453674623E-05
341.2 0 -3.739958411E-20
341.4 0 -7.379565491E-05
341.6 0 -4.92591425E-05
341.8 0 -2.466066919E-05
342 0 -4.938369153E-05
342.2 0 -4.944620253E-05
342.4 0 -3.027508897E-20
342.6 0 -2.478585025E-05
342.8 0 -9.926937738E-05
343 0 -7.454675573E-05
343.2 0 -4.97611465E-05
343.4 0 -7.473692602E-05
343.6 0 -0.0001247206258
343.8 0 -9.990409207E-05
344 0 3.262139932E-20
344.2 0 5.008012821E-05
344.4 0 2.116921863E-20
344.6 0 -2.510443445E-05
344.8 0 -2.513674389E-05
345 0 -5.03382732E-05
345.2 0 -2.52016129E-05
345.4 0 2.523417313E-05
345.6 0 5.053363519E-05
345.8 0 7.58986399E-05
346 0 5.066472114E-05
346.2 0 7.609577922E-05
346.4 0 0.0001777877113
346.6 0 0.0002288818359
346.8 0 0.0002037157757
347 0 0.0001529862924
347.2 0 7.659313725E-05
347.4 0 5.11289267E-05
347.6 0 7.679390564E-05
347.8 0 5.126312336E-05
348 0 2.56652431E-05
348.2 0 2.569901316E-05
348.4 0 7.71986166E-05
348.6 0 2.576682058E-05
348.8 0 -2.580085865E-05
349 0 -5.166997354E-05
349.2 0 -5.17384106E-05
349.4 0 -2.590351459E-05
349.6 0 2.593791501E-05
349.8 0 0.0001298620346
350 0 7.802097204E-05
350.2 0 7.8125E-05
350.4 0 7.822930574E-05
350.6 0 -2.611129679E-05
350.8 0 -2.614625167E-05
351 0 5.236260054E-05
351.2 0 2.621644295E-05
351.4 0 -7.875504032E-05
351.6 0 -5.257402423E-05
351.8 0 3.283690208E-20
352 0 2.635796221E-05
352.2 0 2.841984211E-20
352.4 0 -2.642929635E-05
352.6 0 2.64651084E-05
352.8 0 0.0001590061058
353 0 0.0001857591712
353.2 0 7.971938776E-05
353.4 0 2.660933243E-05
353.6 0 7.993690314E-05
353.8 0 0.0001334101776
354 0 0.0001335926813
354.2 0 0.0001337756849
354.4 0 0.0001071673525
354.6 0 0.0001073145604
354.8 0 8.059662999E-05
355 0 5.380509642E-05
355.2 0 5.387931034E-05
355.4 0 8.093059392E-05
355.6 0 0.0001350708852
355.8 0 0.0001623095568
356 0 0.0001354455617
356.2 0 8.138020833E-05
356.4 0 8.14933936E-05
356.6 0 -2.282200791E-20
356.8 0 -5.44804742E-05
357 0 -5.864836885E-20
357.2 0 -2.731643357E-05
357.4 0 2.735469188E-05
357.6 0 0.00010957223
357.8 0 8.22945927E-05
358 0 5.494022504E-05
358.2 0 5.501760563E-05
358.4 0 5.509520451E-05
358.6 0 2.75865113E-05
358.8 1.105021216E-05 -4.298838374E-20
359 0 -3.811207509E-22
359.2 0 -8.311170213E-05
359.4 0 -0.0001109730114
359.6 0 -8.334815078E-05
359.8 0 2.782229345E-05
360 0 -2.565042841E-20
360.2 0 -0.0001395089286
360.4 0 -8.38251073E-05
360.6 0 -2.798173352E-05
360.8 0 -2.802187948E-05
361 0 -2.80621408E-05
361.2 0 -2.810251799E-05
361.4 0 -5.628602305E-05
361.6 0 -5.636724387E-05
361.8 0 -2.822434971E-05
362 0 -2.826519537E-05
362.2 0 -0.0001132246377
362.4 0 -0.0001700834543
362.6 0 -0.0001419422238
362.8 0 -2.84297671E-05
363 0 -2.847120991E-05
363.2 0 -0.0001140510949
363.4 0 -0.0001142178363
363.6 0 -0.0001143850659
363.8 0 -0.0001431909824
364 0 -0.0002294419971
364.2 0 -0.0002585018382
364.4 0 -0.0001150589102
364.6 0 -0.0001152286136
364.8 0 -0.0001730982275
365 0 -0.0001733542899
365.2 0 -0.0001446759259
365.4 0 -0.0001448905786
365.6 0 -0.0001741270431
365.8 0 -8.719308036E-05
366 1.164307004E-05 -0.0001164307004
366.2 2.332089552E-05 -0.0001166044776
366.4 2.335575486E-05 -5.838938714E-05
366.6 2.339071856E-05 -5.847679641E-05
366.8 2.342578711E-05 -5.856446777E-05
367 2.346096096E-05 -5.86524024E-05
367.2 2.34962406E-05 -8.811090226E-05
367.4 2.353162651E-05 -8.82435994E-05
367.6 2.356711916E-05 -2.200114251E-20
367.8 2.360271903E-05 2.950339879E-05
368 2.363842663E-05 -2.954803328E-05
368.2 2.367424242E-05 -5.918560606E-05
368.4 2.371016692E-05 -5.92754173E-05
368.6 2.374620061E-05 -8.904825228E-05
368.8 1.189117199E-05 -5.945585997E-05
369 1.190929878E-05 -2.977324695E-05
369.2 1.192748092E-05 -5.963740458E-05
369.4 1.194571865E-05 -5.972859327E-05
369.6 2.39280245E-05 -5.982006126E-05
369.8 2.396472393E-05 -2.995590491E-05
370 2.40015361E-05 2.489867412E-20
370.2 2.403846154E-05 -9.014423077E-05
370.4 2.407550077E-05 -9.028312789E-05
370.6 2.411265432E-05 -9.04224537E-05
370.8 2.414992272E-05 -0.000150937017
371 2.41873065E-05 -9.070239938E-05
371.2 2.42248062E-05 -9.084302326E-05
371.4 2.426242236E-05 -9.098408385E-05
371.6 2.430015552E-05 -3.03751944E-05
371.8 2.433800623E-05 -3.042250779E-05
372 2.437597504E-05 -6.09399376E-05
372.2 2.44140625E-05 -0.0001220703125
372.4 3.667840376E-05 -0.0001222613459
372.6 4.898119122E-05 -9.183973354E-05
372.8 4.905808477E-05 -9.198390895E-05
373 6.141902516E-05 4.939405598E-20
373.2 7.381889764E-05 6.151574803E-05
373.4 8.625788644E-05 3.080638801E-05
373.6 8.639415482E-05 -2.330374873E-21
373.8 8.653085443E-05 -3.090387658E-05
374 8.666798732E-05 3.095285261E-05
374.2 7.44047619E-05 6.200396825E-05
374.4 6.210254372E-05 2.815904771E-21
374.6 6.220143312E-05 -3.110071656E-05
374.8 7.476076555E-05 -0.0001246012759
375 8.736022364E-05 -6.240015974E-05
375.2 8.75E-05 9.375E-05
375.4 7.512019231E-05 9.390024038E-05
375.6 7.524077047E-05 3.135032103E-05
375.8 6.280144695E-05 3.140072347E-05
376 5.032206119E-05 3.145128824E-05
376.2 3.780241935E-05 -3.150201613E-05
376.4 2.524232633E-05 -3.155290792E-05
376.6 1.264158576E-05 3.515759456E-20
376.8 0 -6.331037277E-05
377 0 -3.170657468E-05
377.2 0 6.351626016E-05
377.4 0 3.180985342E-05
377.6 0 6.56603392E-20
377.8 0 4.372376957E-20
378 0 -3.196603928E-05
378.2 0 -6.403688525E-05
378.4 0 4.36538493E-20
378.6 0 3.212376645E-05
378.8 0 6.685146604E-20
379 0 3.538132227E-21
379.2 0 2.492611629E-20
379.4 0 4.916076664E-20
379.6 0 4.3898283E-20
379.8 0 -1.088745884E-20
380 0 -6.499584027E-05
380.2 0 -6.510416667E-05
380.4 0 2.332809156E-20
380.6 0 3.266095318E-05
380.8 0 6.543132328E-05
381 0 3.277055369E-05
381.2 0 6.682239686E-20
381.4 0 3.288089226E-05
381.6 0 3.293634064E-05
381.8 0 3.299197635E-05
382 0 3.304780034E-05
382.2 0 -1.397027959E-20
382.4 0 3.316001698E-05
382.6 0 3.321641156E-05
382.8 0 5.866001205E-20
383 0 3.332977816E-05
383.2 0 -6.677350427E-05
383.4 0 -0.0001003317637
383.6 0 3.350128645E-05
383.8 0 3.35588488E-05
384 0 9.72587403E-20
384.2 0 -3.367456897E-05
384.4 0 -3.373272884E-05
384.6 0 -3.379108997E-05
384.8 0 -3.384965338E-05
385 0 -9.59174816E-21
385.2 0 -3.39673913E-05
385.4 0 -6.805313589E-05
385.6 0 -0.0001022578534
385.8 0 -6.829108392E-05
386 0 3.420534151E-05
386.2 0 3.426535088E-05
386.4 0 3.432557118E-05
386.6 0 3.438600352E-05
386.8 0 -5.193910311E-20
387 0 -4.362388233E-20
387.2 0 -3.456858407E-05
387.4 0 -3.462987589E-05
387.6 0 9.289472586E-21
387.8 0 5.890801063E-20
388 0 3.775906409E-21
388.2 0 6.975446429E-05
388.4 0 6.987924866E-05
388.6 0 4.819201741E-20
388.8 0 1.818661825E-20
389 0 -4.739607149E-20
389.2 0 1.759780831E-20
389.4 0 3.52549639E-05
389.6 0 3.531871609E-05
389.8 0 -7.076539855E-05
390 0 3.871340447E-20
390.2 0 7.102272727E-05
390.4 0 3.557604736E-05
390.6 0 3.564096715E-05
390.8 0 7.141224863E-05
391 0 0.0001073145604
391.2 0 3.583715596E-05
391.4 0 1.244542516E-20
391.6 0 -6.174859173E-20
391.8 0 3.603551661E-05
392 0 3.610212569E-05
392.2 0 3.616898148E-05
392.4 0 7.247217069E-05
392.6 0 7.260687732E-05
392.8 0 7.274208566E-05
393 0 3.643889925E-05
393.2 0 0.000109521028
393.4 0 0.0001463014981
393.6 0 7.32879925E-05
393.8 0 7.946956215E-20
394 0 -7.356403013E-05
394.2 0 -3.685141509E-05
394.4 0 -2.674689024E-20
394.6 0 -3.699100379E-05
394.8 0 3.706119545E-05
395 0 0.000148526616
395.2 0 7.44047619E-05
395.4 0 3.727337786E-05
395.6 0 -4.050739749E-20
395.8 0 -3.741618774E-05
396 0 2.957788444E-20
396.2 0 3.084167804E-20
396.4 0 5.129749503E-20
396.6 0 -4.874274143E-21
396.8 0 3.777804642E-05
397 0 1.128351497E-19
397.2 0 -3.792475728E-05
397.4 0 3.37580088E-21
397.6 0 1.098327189E-19
397.8 0 3.814697266E-05
398 0 3.822162427E-05
398.2 0 -2.414036971E-20
398.4 0 -3.837180747E-05
398.6 0 1.071966223E-20
398.8 0 9.048441135E-20
399 0 -3.85993083E-05
399.2 0 -3.867574257E-05
399.4 0 -7.750496032E-05
399.6 1.553180915E-05 -7.765904573E-05
399.8 3.112549801E-05 -7.781374502E-05
400 3.118762475E-05 -3.898453094E-05
400.2 3.125E-05 -3.782484936E-20
400.4 3.131262525E-05 -3.914078156E-05
400.6 3.137550201E-05 -7.843875502E-05
400.8 3.143863179E-05 -7.859657948E-05
401 3.150201613E-05 -7.875504032E-05
401.2 3.156565657E-05 -7.891414141E-05
401.4 4.744433198E-05 -7.907388664E-05
401.6 4.754056795E-05 -7.923427992E-05
401.8 4.763719512E-05 -7.93953252E-05
402 4.773421589E-05 -7.955702648E-05
402.2 4.783163265E-05 -7.971938776E-05
402.4 4.792944785E-05 -0.0001198236196
402.6 4.802766393E-05 -0.0001200691598
402.8 4.812628337E-05 -1.638585513E-20
403 3.215020576E-05 4.01877572E-05
403.2 3.221649485E-05 -2.053961699E-20
403.4 3.228305785E-05 4.035382231E-05
403.6 1.617494824E-05 4.04373706E-05
403.8 1.620850622E-05 -4.052126556E-05
404 1.624220374E-05 -4.060550936E-05
404.2 1.627604167E-05 4.069010417E-05
404.4 1.631002088E-05 4.077505219E-05
404.6 1.634414226E-05 4.086035565E-05
404.8 0 2.528559367E-20
405 1.641281513E-05 -1.429810711E-20
405.2 0 4.111842105E-05
405.4 0 4.120516878E-05
405.6 0 -6.929356303E-20
405.8 0 -4.137976695E-05
406 0 -4.146762208E-05
406.2 0 -4.155585106E-05
406.4 0 -4.164445629E-05
406.6 0 -1.910174956E-20
406.8 0 -6.31463085E-20
407 0 -1.150683719E-20
407.2 0 -8.538632479E-20
407.4 0 -4.209321121E-05
407.6 0 -8.436825054E-05
407.8 0 -4.22754329E-05
408 0 8.473427332E-05
408.2 0 4.245923913E-05
408.4 0 -4.255174292E-05
408.6 0 -4.264465066E-05
408.8 0 -7.308757314E-20
409 0 -9.742666546E-20
409.2 0 4.292582418E-05
409.4 0 4.302037445E-05
409.6 0 -4.311534216E-05
409.8 0 -4.321073009E-05
410 0 4.330654102E-05
410.2 0 1.343580285E-20
410.4 0 1.008037569E-19
410.6 0 7.879109372E-20
410.8 0 4.397006062E-20
411 0 4.379204036E-05
411.2 0 1.775138507E-20
411.4 0 8.412297971E-20
411.6 0 4.408860045E-05
411.8 0 8.837669683E-05
412 0 5.986234569E-21
412.2 1.775568182E-05 -8.877840909E-05
412.4 3.559225513E-05 7.236826255E-20
412.6 3.567351598E-05 -6.257980973E-20
412.8 3.575514874E-05 -4.469393593E-05
413 3.583715596E-05 1.19591494E-19
413.2 3.591954023E-05 2.875697695E-20
413.4 3.600230415E-05 7.792650319E-20
413.6 3.608545035E-05 4.510681293E-05
413.8 1.808449074E-05 8.489394866E-20
414 1.812645012E-05 -9.063225058E-05
414.2 1.816860465E-05 -9.56818462E-20
414.4 1.821095571E-05 9.105477855E-05
414.6 1.825350467E-05 4.563376168E-05
414.8 1.829625293E-05 1.1126702E-19
415 1.833920188E-05 9.169600939E-05
415.2 1.838235294E-05 0.0001378676471
415.4 1.842570755E-05 9.212853774E-05
415.6 0 9.23463357E-05
415.8 0 9.256516588E-05
416 0 9.278503563E-05
416.2 0 4.650297619E-05
416.4 0 9.322792363E-05
416.6 0 0.0001401764354
416.8 0 4.683752998E-05
417 0 4.695012019E-05
417.2 0 9.412650602E-05
417.4 1.887077295E-05 9.435386473E-05
417.6 3.783292978E-05 9.458232446E-05
417.8 5.688713592E-05 9.48118932E-05
418 7.603406326E-05 9.504257908E-05
418.2 9.527439024E-05 9.527439024E-05
418.4 0.000114608802 9.550733496E-05
418.6 0.0001340379902 9.574142157E-05
418.8 0.0001535626536 9.597665848E-05
419 0.0001539408867 9.621305419E-05
419.2 0.0001543209877 4.822530864E-05
419.4 0.0001547029703 4.834467822E-05
419.6 0.0001550868486 0.0001453939206
419.8 0.0001554726368 0.000194340796
420 0.0001558603491 9.74127182E-05
420.2 0.00015625 7.023368366E-20
420.4 0.0001370614035 4.895050125E-05
420.6 0.0001177763819 4.907349246E-05
420.8 9.839420655E-05 4.919710327E-05
421 9.864267677E-05 9.864267677E-05
421.2 7.911392405E-05 4.944620253E-05
421.4 5.948604061E-05 4.957170051E-05
421.6 3.975826972E-05 -6.447211361E-20
421.8 1.992984694E-05 -3.74108159E-20
422 1.998081841E-05 -4.995204604E-05
422.2 2.003205128E-05 -5.008012821E-05
422.4 2.008354756E-05 -9.721365366E-20
422.6 2.013530928E-05 6.742588343E-20
422.8 0 -5.046834625E-05
423 4.047927461E-05 -0.0001011981865
423.2 4.058441558E-05 -8.451573234E-20
423.4 6.103515625E-05 -0.0001017252604
423.6 8.15926893E-05 -0.0001529862924
423.8 0.0001022578534 -6.045381278E-20
424 0.0001230314961 2.426412153E-20
424.2 0.0001439144737 -0.0001541940789
424.4 0.0001649076517 -0.0001030672823
424.6 0.0001860119048 -3.41969058E-20
424.8 0.0002072281167 5.180702918E-05
425 0.0002077792553 1.304397404E-19
425.2 0.00025 1.520204302E-19
425.4 0.0002297794118 5.222259358E-05
425.6 0.0002513404826 5.795637993E-20
425.8 0.000252016129 -5.250336022E-05
426 0.0002526954178 -4.20424505E-20
426.2 0.0002533783784 5.278716216E-05
426.4 0.0002540650407 -5.29302168E-05
426.6 0.0002547554348 4.764504414E-20
426.8 0.0002554495913 5.321866485E-05
427 0.000256147541 5.336407104E-05
427.2 0.0002568493151 -5.351027397E-05
427.4 0.0002575549451 -5.365728022E-05
427.6 0.0002582644628 3.699437683E-20
427.8 0.0002805593923 -5.395372928E-05
428 0.0002813365651 -2.438739707E-20
428.2 0.0002821180556 5.425347222E-05
428.4 0.0002829038997 0.0001632137883
428.6 0.0002836941341 -5.455656425E-05
428.8 0.000306372549 4.22265712E-21
429 0.0003072331461 0.0001645891854
429.2 0.0003080985915 -5.407890064E-21
429.4 0.0003089689266 -5.51730226E-05
429.6 0.0003098441926 -0.0001106586402
429.8 0.0002885298295 -0.0001109730114
430 0.0002670940171 -5.564458689E-05
430.2 0.0002455357143 3.686959645E-21
430.4 0.0002238538682 2.184776926E-20
430.6 0.0002020474138 1.045977501E-19
430.8 0.0001801152738 -5.628602305E-05
431 0.0001580563584 1.523202407E-19
431.2 0.0001358695652 5.661231884E-05
431.4 0.0001135537791 -0.0001135537791
431.6 0.0001138848397 -5.187917585E-20
431.8 0.0001142178363 5.710891813E-05
432 0.0001145527859 -5.727639296E-05
432.2 9.191176471E-05 -5.744485294E-05
432.4 0.0001152286136 -0.0001152286136
432.6 0.000138683432 -5.778476331E-05
432.8 0.0001390949555 -5.795623145E-05
433 0.0001627604167 -5.812872024E-05
433.2 0.0001865671642 -0.0001166044776
433.4 0.0002105164671 -0.0001169535928
433.6 0.0002111486486 -5.86524024E-05
433.8 0.0002353162651 -0.0001176581325
434 0.0002832326284 1.404324689E-20
434.2 0.0003077651515 -0.0001775568182
434.4 0.0003324468085 -0.000118731003
434.6 0.0003334603659 6.49385181E-20
434.8 0.0003583715596 -0.0001194571865
435 0.0003594708589 -5.991180982E-05
435.2 0.0003846153846 -0.0001802884615
435.4 0.0003858024691 -0.0002411265432
435.6 0.0003628095975 -0.0001209365325
435.8 0.000339673913 -0.0001213121118
436 0.0003407320872 -0.0001825350467
436.2 0.000341796875 -0.0001220703125
436.4 0.0003428683386 -0.0001836794671
436.6 0.0003439465409 -0.0001228380503
436.8 0.0003450315457 -6.161277603E-05
437 0.0003461234177 -0.0001236155063
437.2 0.0003472222222 -1.502537468E-20
437.4 0.0003483280255 -6.220143312E-05
437.6 0.0003494408946 -0.0001248003195
437.8 0.0003255208333 6.260016026E-05
438 0.0002763263666 -1.291714044E-19
438.2 0.000252016129 -6.300403226E-05
438.4 0.0002275485437 0.0001264158576
438.6 0.0001775568182 6.341314935E-05
438.8 0.0001781351792 -6.361970684E-05
439 0.0001787173203 6.382761438E-05
439.2 0.0001536885246 6.403688525E-05
439.4 0.0001284950658 3.849658784E-20
439.6 0.0001031353135 2.297246855E-21
439.8 7.760761589E-05 -6.467301325E-05
440 5.1910299E-05 -6.488787375E-05
440.2 5.208333333E-05 -1.272766835E-19
440.4 5.225752508E-05 -6.532190635E-05
440.6 7.864932886E-05 -7.965775972E-20
440.8 5.260942761E-05 -7.218386396E-20
441 2.639358108E-05 -0.0001319679054
441.2 7.944915254E-05 2.518626423E-19
441.4 0.000106292517 6.643282313E-05
441.6 0.0001066552901 8.998829045E-20
441.8 0.0001070205479 -9.791862158E-20
442 0.0001073883162 -1.059297362E-20
442.2 0.0001077586207 7.40893986E-20
442.4 0.0001081314879 6.758217993E-05
442.6 0.0001085069444 -1.252308916E-19
442.8 0.0001088850174 -6.805313589E-05
443 0.0001092657343 6.829108392E-05
443.2 8.223684211E-05 9.495126149E-20
443.4 8.252640845E-05 1.799067156E-19
443.6 8.28180212E-05 6.901501767E-05
443.8 5.540780142E-05 -6.925975177E-05
444 5.560498221E-05 -6.050546447E-20
444.2 5.580357143E-05 6.975446429E-05
444.4 5.600358423E-05 3.340203024E-20
444.6 5.620503597E-05 5.372213349E-20
444.8 5.640794224E-05 -7.05099278E-05
445 5.661231884E-05 -0.0001415307971
445.2 5.681818182E-05 -6.087161524E-20
445.4 5.702554745E-05 7.128193431E-05
445.6 5.723443223E-05 -5.963645142E-21
445.8 5.744485294E-05 1.179671392E-20
446 2.882841328E-05 -7.207103321E-05
446.2 0 -6.320476907E-20
446.4 0 0.0001452137546
446.6 0 7.287779851E-05
446.8 2.926029963E-05 -4.35934001E-20
447 5.87406015E-05 -2.053645673E-20
447.2 8.844339623E-05 -4.39337603E-20
447.4 0.0001183712121 -7.398200758E-05
447.6 0.000148526616 2.932782899E-21
447.8 0.0001490935115 -8.334971369E-20
448 0.0001795977011 -7.483237548E-05
448.2 0.0002103365385 -7.512019231E-05
448.4 0.0002413127413 -2.299510975E-20
448.6 0.000242248062 6.98940844E-20
448.8 0.0002735894942 -0.0001519941634
449 0.0002746582031 -7.629394531E-05
449.2 0.0002757352941 -9.051724196E-20
449.4 0.0002768208661 1.241564624E-21
449.6 0.0002779150198 -9.134402696E-20
449.8 0.0002790178571 7.750496032E-05
450 0.0002490039841 7.781374502E-05
450.2 0.00021875 7.8125E-05
450.4 0.000188253012 7.843875502E-05
450.6 0.0001575100806 7.875504032E-05
450.8 0.0001265182186 -1.124088304E-19
451 0.0001270325203 0.0001587906504
451.2 9.566326531E-05 0.0001594387755
451.4 6.403688525E-05 0.0001600922131
451.6 3.215020576E-05 0.0001607510288
451.8 3.228305785E-05 8.070764463E-05
452 0 -8.104253112E-05
452.2 0 -0.0001627604167
452.4 0 -8.17207113E-05
452.6 0 -8.206407563E-05
452.8 0 -7.777555969E-20
453 0 8.27595339E-05
453.2 0 8.311170213E-05
453.4 0 1.986712293E-19
453.6 0 0.0001676502146
453.8 0 8.418642241E-05
454 0 -8.45508658E-05
454.2 0 2.775120111E-20
454.4 0 -1.962183989E-20
454.6 0 8.566337719E-05
454.8 0 0.0001720814978
455 0 -4.941737639E-20
455.2 0 -8.680555556E-05
455.4 0 -0.0001743861607
455.6 0 -8.758408072E-05
455.8 0 6.919612967E-20
456 0 8.837669683E-05
456.2 0 8.877840909E-05
456.4 0 -0.0001783675799
456.6 0 -3.924597145E-22
456.8 0 9.000576037E-05
457 0 -9.04224537E-05
457.2 0 -9.084302326E-05
457.4 0 -4.134328527E-20
457.6 0 9.169600939E-05
457.8 0 -8.911917276E-20
458 0 9.256516588E-05
458.2 0 -9.300595238E-05
458.4 0 -0.0001869019139
458.6 0 7.435317992E-20
458.8 0 -9.435386473E-05
459 0 -0.0001896237864
459.2 0 9.527439024E-05
459.4 0 0.0003829656863
459.6 0 0.0001924261084
459.8 3.867574257E-05 -0.0001933787129
460 3.88681592E-05 -9.717039801E-05
460.2 3.90625E-05 -0.00029296875
460.4 3.925879397E-05 -0.0002944409548
460.6 3.945707071E-05 9.864267677E-05
460.8 0 -2.483075058E-21
461 3.985969388E-05 -9.964923469E-05
461.2 4.006410256E-05 -0.0001001602564
461.4 4.027061856E-05 -2.451260181E-19
461.6 0 -0.0001011981865
461.8 4.069010417E-05 -0.0001017252604
462 0 1.689427922E-19
462.2 0 4.523286271E-20
462.4 0 0.0001033399471
462.6 0 -7.718280594E-20
462.8 0 -8.767601404E-20
463 0 -9.002826769E-20
463.2 0 -2.739003256E-19
463.4 0 0.0002122961957
463.6 0 0.0002134562842
463.8 0 2.319000955E-19
464 0 -0.0001079074586
464.2 0 0.0001085069444
464.4 0 0.0001091131285
464.6 0 -8.97722675E-20
464.8 0 -2.301557924E-19
465 0 -0.0001109730114
465.2 0 2.087428439E-19
465.4 0 2.980640225E-19
465.6 0 3.991554274E-19
465.8 0 4.169672527E-21
466 0 -0.0001142178363
466.2 0 -0.0001148897059
466.4 0 3.695244747E-20
466.6 0 0.0001162574405
466.8 0 2.570525473E-20
467 0 1.233029103E-19
467.2 0 -8.635675805E-20
467.4 0 7.075821432E-20
467.6 0 -9.567862311E-20
467.8 0 -0.0001205632716
468 0 -0.0001213121118
468.2 0 -0.0001220703125
468.4 0 -0.0001228380503
468.6 0 -3.336446618E-19
468.8 0 9.088028654E-21
469 0 -0.0001252003205
469.2 0 -0.0001260080645
469.4 0 -2.083438345E-19
469.6 0 -1.392286261E-19
469.8 0 8.235352074E-20
470 0 -5.667831488E-20
470.2 0 5.688214314E-20
470.4 0 8.48007975E-20
470.6 0 1.961777493E-19
470.8 0 -1.344816315E-19
471 0 6.535149316E-20
471.2 0 2.0617252E-19
471.4 0 -1.123339127E-19
471.6 0 -1.930776925E-19
471.8 0 -3.073442539E-19
472 0 -9.196555126E-20
472.2 0 1.882932657E-19
472.4 0 1.263781934E-19
472.6 0 -1.688470294E-19
472.8 0 -1.812482568E-19
473 0 3.338200877E-19
473.2 0 1.965402088E-19
473.4 0 4.297326642E-20
473.6 0 8.789237804E-20
473.8 0 1.482097624E-19
474 0 1.645610943E-19
474.2 0 5.736035011E-20
474.4 0 0.0001514050388
474.6 0 0.0003051757812
474.8 0 0.0003075787402
475 0 0.0003100198413
475.2 0 0.0003125
475.4 0 0.0001575100806
475.6 0 0.0001587906504
475.8 0 0.0003201844262
476 0 0.0003228305785
476.2 0 0.0001627604167
476.4 0 0.0001641281513
476.6 0 0.0001655190678
476.8 0 -7.711869077E-20
477 0 -5.085674471E-19
477.2 0 -2.691655979E-19
477.4 0 -4.435323301E-19
477.6 0 -1.515409096E-19
477.8 0 7.54065201E-20
478 0 -0.0001759572072
478.2 0 -0.0003551136364
478.4 0 -0.0003583715596
478.6 0 -0.0003616898148
478.8 0 -0.0003650700935
479 0 -0.0001842570755
479.2 0 -0.0001860119048
479.4 0 -0.0003756009615
479.6 0 -0.0003792475728
479.8 0 8.213962504E-20
480 0 0.0001933787129
480.2 0 0.0001953125
480.4 0 0.0001972853535
480.6 0 0.0001992984694
480.8 0 0.0004027061856
481 0 0.0004069010417
481.2 0 0.0002055921053
481.4 0 -3.927666699E-19
481.6 0 -1.450050938E-19
481.8 0 0.0002122961957
482 0 0.0002146291209
482.2 0 -0.0002170138889
482.4 0 -0.0004389044944
482.6 0 -0.0004438920455
482.8 0 -0.0004489942529
483 0 -0.0004542151163
483.2 0 -0.0004595588235
483.4 0 -0.0004650297619
483.6 0 -0.0002353162651
483.8 0 -3.120409569E-19
484 0 -3.123365267E-19
484.2 0 -3.828001805E-19
484.4 0 -3.887870728E-20
484.6 0 3.493628785E-19
484.8 0 2.511844718E-19
485 0 -7.783006065E-19
485.2 0 -9.291571531E-20
485.4 0 -1.65585394E-19
485.6 0 -6.633522183E-19
485.8 0 -4.654678056E-19
486 0 -4.64646522E-19
486.2 0 -8.232050933E-19
486.4 0 -3.86447976E-19
486.6 0 7.762906656E-20
486.8 0 -3.929098835E-19
487 0 -1.85840763E-19
487.2 0 2.108640292E-19
487.4 0 -4.077484379E-19
487.6 0 -5.700565407E-20
487.8 0 7.645696242E-20
488 0 -2.084151824E-19
488.2 0 -5.409963847E-19
488.4 0 -4.427818642E-19
488.6 0 -4.769650736E-19
488.8 0 -5.642803065E-19
489 0 -6.585357334E-19
489.2 0 -6.831494141E-19
489.4 0 -1.095091881E-18
489.6 0 -3.570147325E-19
489.8 0 -7.316256433E-19
490 0 -5.466625049E-19
490.2 0 -3.900209197E-19
490.4 0 9.531938845E-20
490.6 0 -1.492987332E-18
490.8 0 -6.976967444E-19
491 0 -9.503470686E-19
491.2 0 -9.7223125E-19
491.4 0 -6.658758489E-19
491.6 0 -2.370859149E-19
491.8 0 2.147418497E-19
492 0 4.4255286E-19
492.2 0 1.595151875E-18
492.4 0 5.850582801E-19
492.6 0 4.283326022E-20
492.8 0 -7.134318973E-19
493 0 -5.229532844E-19
493.2 0 -7.528250206E-19
493.4 0 1.115786297E-18
493.6 0 1.05564475E-18
493.8 0 -3.293722091E-19
494 0 8.303387024E-19
494.2 0 1.727027045E-18
494.4 0 1.521598822E-18
494.6 0 1.272147887E-18
494.8 0 4.523910449E-19
495 0 4.5137911E-19
495.2 0 4.52164304E-19
495.4 0 1.984517726E-18
495.6 0 7.599254653E-19
495.8 0 -2.046532691E-18
496 0 -4.250763753E-19
496.2 0 -3.175256736E-19
496.4 0 -1.176770636E-18
496.6 0 8.463851859E-19
496.8 0 2.303601953E-18
497 0 9.036616554E-19
497.2 0 2.017435476E-18
497.4 0 1.691310011E-18
497.6 0 1.966578368E-18
497.8 0 2.877677714E-18
498 0 3.735423111E-18
498.2 0 5.015407022E-18
498.4 0 -8.475255584E-19
498.6 0 2.101002138E-18
498.8 0 1.501129821E-18
499 0 1.272484282E-18
499.2 0 -1.832260837E-18
499.4 0 -1.071660153E-17
499.6 0 -2.947437839E-18
499.8 0 5.360236249E-18
500 0 -3.591012847E-17
