0 0.007328318673 0.0001796156537
0.2 0.006421875 0.0016796875
0.4 0.006052420968 0.0004298594438
0.6 0.005713946157 0.0003909377502
0.8 0.005428389067 0.0002033690429
1 0.005192683293 0.0001643254207
1.2 0.00495991984 0.0002661573146
1.4 0.004777090016 0.0002271075581
1.6 0.004587845969 0.0001723576013
1.8 0.004436070425 0.0001254012841
2 0.004281036732 0.0001254516259
2.2 0.004113328313 9.412650602E-05
2.4 0.003976873242 1.569405384E-05
2.6 0.003862288987 1.570036174E-05
2.8 0.00375075392 -6.282669883E-05
3 0.003642271722 -0.0001021344529
3.2 0.003555709256 -7.073692153E-05
3.4 0.003437625805 -5.503975443E-05
3.6 0.00334147201 -4.719593234E-05
3.8 0.00325153606 -7.082242143E-05
4 0.003164676542 3.936164853E-05
4.2 0.003055695565 7.087953629E-05
4.4 0.002971838443 -7.090812828E-05
4.6 0.002906830105 -0.0001418734867
4.8 0.00282915321 -8.673546629E-05
5 0.002757724152 -8.677049677E-05
5.2 0.002686237374 -5.523989899E-05
5.4 0.002621008488 2.243781376E-20
5.6 0.002565204205 -6.318236959E-05
5.8 0.002521996359 -7.11089199E-05
6 0.002462945164 -5.532932011E-05
6.2 0.002403846154 -5.535172065E-05
6.4 0.002354191981 -3.164236533E-05
6.6 0.002276007901 2.374138979E-05
6.8 0.00221992805 -1.583400892E-05
7 0.002173306975 -3.168085969E-05
7.2 0.002132986815 4.754056795E-05
7.4 0.002083121956 8.719308036E-05
7.6 0.002039560495 7.929861957E-06
7.8 0.002005483347 -5.553158002E-05
8 0.001971378505 1.587261276E-05
8.2 0.001924542683 7.93953252E-06
8.4 0.001890377186 -0
8.6 0.001865719081 7.945992677E-06
8.8 0.001837861213 -1.58984534E-05
9 0.001822704601 -8.475847602E-21
9.2 0.001791624236 -7.955702648E-06
9.4 0.001763702119 8.482755384E-21
9.6 0.001748496739 -6.369751325E-05
9.8 0.001726906607 -5.575805465E-05
10 0.001718048756 -1.59373725E-05
10.2 0.001696428571 -3.18877551E-05
10.4 0.001681170886 -3.987596978E-05
10.6 0.001659517974 -2.267612387E-20
10.8 0.001625076624 1.59634246E-05
11 0.001600189084 -4.790985282E-05
11.2 0.00157208589 -6.390593047E-05
11.4 0.001547156301 -4.794905892E-05
11.6 0.001531800041 7.994781007E-06
11.8 0.001490837428 3.199221949E-05
12 0.001472244982 -8.001331422E-06
12.2 0.001456839139 2.401383197E-05
12.4 0.001431811193 5.605524805E-05
12.6 0.001406762715 2.403353158E-05
12.8 0.001368870538 -2.404339352E-05
13 0.001346982759 8.017754516E-06
13.2 0.001312243326 7.218942505E-05
13.4 0.001290314297 4.814605588E-05
13.6 0.001261945129 3.211056309E-05
13.8 0.001233552632 -4.279745418E-21
14 0.001208350473 -1.606849033E-05
14.2 0.001179912551 8.03755144E-06
14.4 0.001161100247 -3.149497954E-20
14.6 0.001129401771 -2.413251647E-05
14.8 0.001123429131 -5.633240626E-05
15 0.001094909316 -2.415241138E-05
15.2 0.001072809278 -2.289119638E-20
15.4 0.001066805899 -5.640212459E-05
15.6 0.001035003095 -5.642540239E-05
15.8 0.001028979149 8.064099917E-06
16 0.0009971344486 4.033715407E-05
16.2 0.0009684917355 8.070764463E-06
16.4 0.0009462846217 -1.614820174E-05
16.6 0.0009208281638 -0.0001050067204
16.8 0.0009050475796 -0.0001292925114
17 0.0008827866308 -4.092683697E-21
17.2 0.0008605072464 7.278726708E-05
17.4 0.0008349730737 5.663577051E-05
17.6 0.0008191307501 -2.428253212E-05
17.8 0.0007935582504 -4.8585199E-05
18 0.000784166321 2.430267524E-05
18.2 0.000768283195 -8.104253112E-06
18.4 0.0007394146949 -5.675332088E-05
18.6 0.000717011005 -2.433295266E-05
18.8 0.000691342958 9.886082513E-21
19 0.000668900665 1.623545303E-05
19.2 0.0006464397089 1.624220374E-05
19.4 0.0006207102745 -4.062240017E-05
19.6 0.0006209685809 -8.127861007E-06
19.8 0.0005887021232 3.252497918E-05
20 0.0005694241983 -1.626926281E-05
20.2 0.0005533854167 -8.138020833E-05
20.4 0.0005405898291 -0.0001302626094
20.6 0.0005277835696 -4.072404087E-05
20.8 0.0005084480601 -2.444461827E-05
21 0.0004988783389 -4.890964107E-05
21.2 0.0004893006263 1.631002088E-05
21.4 0.0004731881788 2.447525063E-05
21.6 0.0004603269954 -6.016801024E-21
21.8 0.0004311245819 -5.715666806E-05
22 0.0004149675868 -0.0001061924927
22.2 0.0004020658996 -4.903242678E-05
22.4 0.0003858832147 -4.087745919E-05
22.6 0.0003664154104 -7.361023869E-05
22.8 0.0003567501047 -2.454702556E-05
23 0.0003405280805 -2.45573135E-05
23.2 0.0003308438155 -5.732442348E-05
23.4 0.0003211514262 -6.554110738E-05
23.6 0.0003147293328 -2.458822912E-05
23.8 0.0003050220403 2.459855164E-05
24 0.0002953065939 1.640592188E-05
24.2 0.0002855829832 -4.923844538E-05
24.4 0.0002725672551 -9.030842791E-05
24.6 0.0002595405803 -5.749316653E-05
24.8 0.0002465029449 -3.286705932E-05
25 0.0002367424242 -2.466066919E-05
25.2 0.0002302631579 -5.756578947E-05
25.4 0.0002204875737 -7.404433446E-05
25.6 0.0002107037505 -2.469184576E-05
25.8 0.0001943244098 1.646817032E-05
26 0.000184521299 4.865420125E-21
26.2 0.0001747099156 4.944620253E-05
26.4 0.000168188054 8.244512453E-06
26.6 0.0001583614865 -6.59839527E-05
26.8 0.0001518272074 -3.300591466E-05
27 0.000138683432 -1.650993238E-05
27.2 0.0001321353066 -2.477536998E-05
27.4 0.0001189720812 -9.080326935E-21
27.6 0.0001057977148 4.132723233E-05
27.8 0.0001058425064 -1.653789162E-05
28 9.926937738E-05 -5.790713681E-05
28.2 9.600105932E-05 -3.924856331E-21
28.4 8.279461636E-05 3.311784655E-05
28.6 6.957697201E-05 -7.742498729E-21
28.8 5.966270683E-05 -2.485946118E-05
29 4.974002547E-05 -7.46100382E-05
29.2 4.644373673E-05 -6.634819533E-05
29.4 3.982582838E-05 -8.297047579E-06
29.6 3.652252444E-05 3.320229494E-05
29.8 3.321641156E-05 -1.77227112E-20
30 3.32305402E-05 -5.815344534E-05
30.2 3.324468085E-05 -4.155585106E-05
30.4 3.325883355E-05 -8.314708387E-06
30.6 3.32729983E-05 -3.32729983E-05
30.8 3.328717512E-05 -7.489614401E-05
31 2.997122762E-05 -4.162670503E-05
31.2 3.331556503E-05 -3.331556503E-05
31.4 3.332977816E-05 -7.499200085E-05
31.6 3.334400341E-05 -6.668800683E-05
31.8 3.002241674E-05 -1.667912041E-05
32 2.669799231E-05 -1.469331458E-20
32.2 2.670940171E-05 -2.50400641E-05
32.4 2.672082086E-05 -8.35025652E-05
32.6 2.673224979E-05 -9.189210864E-05
32.8 3.008664955E-05 -2.507220796E-05
33 3.009952911E-05 -3.344392123E-05
33.2 3.01124197E-05 -9.201017131E-05
33.4 3.012532134E-05 -5.857701371E-05
33.6 3.013823403E-05 -3.34869267E-05
33.8 3.01511578E-05 -2.512596484E-05
34 3.016409266E-05 8.378914629E-06
34.2 3.017703863E-05 -1.676502146E-05
34.4 2.683555174E-05 -3.354443967E-05
34.6 2.684707904E-05 8.389712199E-06
34.8 2.685861624E-05 -2.517995273E-05
35 2.687016337E-05 -3.358770421E-05
35.2 3.024193548E-05 -8.400537634E-06
35.4 3.025494836E-05 -3.361660929E-05
35.6 3.026797245E-05 -4.203885062E-05
35.8 3.028100775E-05 -3.364556417E-05
36 3.029405429E-05 -3.366006032E-05
36.2 3.030711207E-05 -8.418642241E-05
36.4 2.69512721E-05 -8.422272531E-05
36.6 2.696289905E-05 -2.527771786E-05
36.8 2.697453604E-05 -2.528862754E-05
37 2.698618307E-05 -8.433182211E-05
37.2 3.037257019E-05 -7.593142549E-05
37.4 3.038569576E-05 -2.446410385E-20
37.6 2.702118461E-05 -8.44412019E-06
37.8 3.041198097E-05 -5.913440744E-05
38 2.704456945E-05 -3.380571181E-05
38.2 2.367424242E-05 1.691017316E-05
38.4 1.691749675E-05 2.537624513E-05
38.6 1.692482669E-05 -8.462413345E-06
38.8 2.031859558E-05 -2.539824447E-05
39 2.371530789E-05 1.693950564E-05
39.2 2.711496746E-05 4.236713666E-05
39.4 3.051757812E-05 2.54313151E-05
39.6 3.392314373E-05 -8.480785931E-06
39.8 3.733166811E-05 1.696894005E-05
40 3.734789222E-05 2.546447197E-05
40.2 3.736413043E-05 -8.491847826E-06
40.4 3.738038278E-05 -4.033339714E-22
40.6 3.739664926E-05 -8.499238468E-06
40.8 3.741292991E-05 8.502938616E-06
41 3.402656794E-05 8.506641986E-06
41.2 3.06372549E-05 3.784919125E-21
41.4 2.724498692E-05 1.702811683E-05
41.6 2.384976014E-05 -1.703554296E-05
41.8 2.045157068E-05 8.521487784E-06
42 1.705041467E-05 2.5575622E-05
42.2 1.705786026E-05 -2.558679039E-05
42.4 1.706531236E-05 -3.413062473E-05
42.6 1.707277098E-05 -2.560915647E-05
42.8 1.366418889E-05 -1.708023612E-05
43 6.835083115E-06 -2.563156168E-05
43.2 3.419037199E-06 -2.564277899E-05
43.4 3.420534151E-06 -1.710267075E-05
43.6 3.422032413E-06 -2.56652431E-05
43.8 3.423531989E-06 -2.567648992E-05
44 3.42503288E-06 3.029361463E-21
44.2 6.853070175E-06 3.426535088E-05
44.4 1.028411584E-05 8.570096534E-06
44.6 1.028863038E-05 -3.971131288E-21
44.8 6.862099253E-06 1.702494155E-20
45 0 -8.581392794E-06
45.2 3.434065934E-06 8.585164835E-06
45.4 3.435576077E-06 1.854226626E-20
45.6 3.437087549E-06 -2.577815662E-05
45.8 3.438600352E-06 -1.719300176E-05
46 6.880228974E-06 1.720057244E-05
46.2 6.883259912E-06 2.581222467E-05
46.4 6.886293521E-06 2.582360071E-05
46.6 3.444664903E-06 2.583498677E-05
46.8 6.892368769E-06 2.584638288E-05
47 6.895410415E-06 8.619263019E-06
47.2 6.898454746E-06 -1.724613687E-05
47.4 3.450750883E-06 -2.588063163E-05
47.6 3.45227574E-06 -3.45227574E-05
47.8 3.453801945E-06 -2.590351459E-05
48 3.4553295E-06 -8.638323751E-06
48.2 0 -1.728429204E-05
48.4 0 -8.645971669E-06
48.6 0 -1.729960142E-05
48.8 0 -4.326816571E-05
49 3.462987589E-06 -1.731493794E-05
49.2 0 -5.196784922E-05
49.4 3.466060337E-06 -7.798635759E-05
49.6 3.467598757E-06 4.619769577E-21
49.8 3.469138544E-06 6.070992451E-05
50 3.470679698E-06 -8.676699245E-06
50.2 6.944444444E-06 -3.472222222E-05
50.4 1.042129835E-05 1.234129641E-20
50.6 1.390124555E-05 -3.086696576E-21
50.8 1.390743213E-05 3.476858033E-05
51 1.391362422E-05 4.348007569E-05
51.2 1.043986637E-05 3.479955457E-05
51.4 6.963012478E-06 1.740753119E-05
51.6 6.966116808E-06 1.741529202E-05
51.8 3.484611954E-06 3.484611954E-05
52 0 8.715417224E-06
52.2 3.487723214E-06 -2.615792411E-05
52.4 3.489280929E-06 -6.978561858E-05
52.6 6.981680071E-06 -0.0001047252011
52.8 6.984801073E-06 -4.365500671E-05
53 6.987924866E-06 -6.114434258E-05
53.2 1.398210291E-05 -6.991051454E-05
53.4 1.049127126E-05 -1.74854521E-05
53.6 1.049596955E-05 -4.373320645E-05
53.8 1.400089606E-05 -2.625168011E-05
54 2.101075751E-05 8.754482295E-06
54.2 2.45235426E-05 8.758408072E-06
54.4 2.803947959E-05 9.339022751E-21
54.6 2.454555655E-05 -1.587493033E-20
54.8 3.15727436E-05 -6.231606559E-21
55 3.158692722E-05 8.774146451E-06
55.2 3.16011236E-05 3.511235955E-05
55.4 3.161533273E-05 -2.634611061E-05
55.6 3.162955466E-05 -1.757197481E-05
55.8 3.164378938E-05 -2.636982448E-05
56 3.165803692E-05 -4.396949572E-05
56.2 3.16722973E-05 8.79786036E-06
56.4 3.168657053E-05 -1.166302293E-20
56.6 2.817853922E-05 -8.805793508E-06
56.8 2.819124944E-05 1.76195309E-05
57 3.172946751E-05 8.445488972E-21
57.2 3.174379233E-05 -4.408860045E-05
57.4 4.234417344E-05 6.612143317E-21
57.6 4.236330773E-05 3.530275644E-05
57.8 3.88505877E-05 -8.829679024E-06
58 3.533469019E-05 -8.833672546E-06
58.2 3.535067873E-05 -2.410250079E-20
58.4 3.890334993E-05 -8.841670439E-06
58.6 4.245923913E-05 -3.538269928E-05
58.8 4.247847757E-05 -4.424841414E-05
59 4.249773345E-05 2.656108341E-05
59.2 3.89739229E-05 2.657312925E-05
59.4 3.899160617E-05 -2.190655184E-21
59.6 3.546300499E-05 -3.546300499E-05
59.8 3.193119891E-05 -8.869777475E-06
60 2.484666061E-05 2.662142208E-05
60.2 2.485795455E-05 1.775568182E-05
60.4 2.486925875E-05 2.664563438E-05
60.6 1.777183803E-05 3.554367607E-05
60.8 1.777992717E-05 6.222974511E-05
61 2.134562842E-05 6.225808288E-05
61.2 2.491457859E-05 2.669419134E-05
61.4 2.848678213E-05 3.560847767E-05
61.6 2.49373005E-05 4.453089375E-05
61.8 2.494867701E-05 -1.782048358E-05
62 2.49600639E-05 -4.457154267E-05
62.2 2.497146119E-05 3.567351598E-05
62.4 2.855185016E-05 6.245717222E-05
62.6 2.499428702E-05 3.570612431E-05
62.8 2.143347051E-05 4.465306356E-05
63 2.144327539E-05 4.467349039E-05
63.2 1.787757437E-05 2.681636156E-05
63.4 1.430860806E-05 5.365728022E-05
63.6 7.15758131E-06 6.262883646E-05
63.8 3.580430797E-06 8.951076994E-06
64 3.582072444E-06 2.686554333E-05
64.2 3.583715596E-06 3.583715596E-05
64.4 7.170720514E-06 2.689020193E-05
64.6 0 5.380509642E-05
64.8 7.177308222E-06 5.382981167E-05
65 3.590303309E-06 8.975758272E-06
65.2 7.183908046E-06 -2.693965517E-05
65.4 7.187212511E-06 2.695204692E-05
65.6 1.078578003E-05 3.595260009E-05
65.8 1.079074586E-05 -1.798457643E-05
66 1.079571626E-05 -1.799286043E-05
66.2 1.080069124E-05 2.700172811E-05
66.4 1.080567082E-05 7.203780544E-05
66.6 7.207103321E-06 1.80177583E-05
66.8 3.605214582E-06 1.07335304E-20
67 3.60687904E-06 4.5085988E-05
67.2 3.608545035E-06 1.804272517E-05
67.4 3.610212569E-06 1.805106285E-05
67.6 3.611881646E-06 2.708911234E-05
67.8 3.613552266E-06 -7.835035178E-22
68 3.615224433E-06 1.807612217E-05
68.2 3.616898148E-06 6.329571759E-05
68.4 3.618573414E-06 4.523216767E-05
68.6 3.620250232E-06 -9.050625579E-06
68.8 3.621928605E-06 2.716446453E-05
69 3.623608534E-06 1.811804267E-05
69.2 3.625290023E-06 -9.063225058E-06
69.4 3.626973073E-06 2.720229805E-05
69.6 3.628657687E-06 -2.721493265E-05
69.8 3.630343866E-06 -3.630343866E-05
70 3.632031613E-06 3.632031613E-05
70.2 3.63372093E-06 3.63372093E-05
70.4 7.270823639E-06 -9.088529549E-06
70.6 1.091131285E-05 -2.727828212E-05
70.8 1.455519329E-05 2.173196762E-21
71 1.820246971E-05 3.640493942E-05
71.2 2.185314685E-05 2.731643357E-05
71.4 2.550722948E-05 3.505077937E-21
71.6 2.551913206E-05 9.113975735E-06
71.8 3.282563025E-05 3.64729225E-05
72 3.648995796E-05 9.122489491E-06
72.2 4.015771028E-05 -2.738025701E-05
72.4 4.382889201E-05 1.826203834E-05
72.6 4.750350795E-05 3.654115996E-05
72.8 5.118156294E-05 2.741869443E-05
73 5.120552434E-05 9.143843633E-06
73.2 5.12295082E-05 7.593834826E-21
73.4 5.125351453E-05 2.745723993E-05
73.6 5.494022504E-05 9.156704173E-06
73.8 5.496599437E-05 9.160999062E-06
74 5.499178789E-05 -1.833059596E-05
74.2 5.868544601E-05 -5.501760563E-05
74.4 6.238257398E-05 1.834781588E-05
74.6 6.608317669E-05 6.424753289E-05
74.8 6.611424542E-05 6.42777386E-05
75 6.614534337E-05 4.593426623E-05
75.2 6.617647059E-05 9.191176471E-06
75.4 6.620762712E-05 9.195503766E-06
75.6 6.6238813E-05 2.759950542E-05
75.8 6.627002828E-05 2.761251178E-05
76 6.630127298E-05 -9.208510137E-06
76.2 6.633254717E-05 -1.842570755E-05
76.4 6.636385087E-05 4.608600755E-05
76.6 6.639518414E-05 6.455087347E-05
76.8 7.011691072E-05 4.612954653E-05
77 7.015004726E-05 7.384215501E-05
77.2 7.018321513E-05 5.540780142E-05
77.4 7.021641438E-05 2.771700568E-05
77.6 7.024964505E-05 2.773012305E-05
77.8 7.02829072E-05 3.699100379E-05
78 7.031620085E-05 5.551279015E-05
78.2 7.034952607E-05 4.628258294E-05
78.4 7.038288288E-05 3.704362257E-05
78.6 7.041627135E-05 3.706119545E-05
78.8 7.04496915E-05 -1.297248335E-20
79 7.419278253E-05 1.41586806E-20
79.2 7.793942993E-05 -2.783551069E-05
79.4 8.168963878E-05 -6.498039449E-05
79.6 8.544341417E-05 3.656256525E-21
79.8 8.920076118E-05 1.858349191E-05
80 8.552475012E-05 -2.788850547E-05
80.2 8.928571429E-05 -2.103447716E-20
80.4 8.932825155E-05 1.861005241E-05
80.6 9.309461392E-05 -2.792838418E-05
80.8 9.686456843E-05 -4.656950405E-05
81 0.0001006381202 -4.659172233E-05
81.2 0.0001044152745 -9.322792363E-06
81.4 0.0001081960363 -1.865448902E-05
81.6 0.0001157130913 -5.599020545E-05
81.8 0.0001195028681 -5.601696941E-05
82 0.0001195600191 -1.868125299E-05
82.2 0.0001158791866 9.345095694E-06
82.4 0.0001234143131 -2.804870752E-05
82.6 0.0001272150383 9.658379221E-21
82.8 0.0001272759943 2.300144356E-20
83 0.0001348274209 9.36301534E-06
83.2 0.0001311450839 2.810251799E-05
83.4 0.0001312080134 -2.811600288E-05
83.6 0.0001312710034 9.37650024E-06
83.8 0.0001313340538 2.814301153E-05
84 0.0001389055742 9.385511773E-06
84.2 0.0001352163462 3.756009615E-05
84.4 0.0001390392015 9.394540645E-06
84.6 0.0001391061116 -2.819718479E-05
84.8 0.0001391730862 -3.761434762E-05
85 0.0001354768786 -1.881623314E-05
85.2 0.0001393072289 1.88253012E-05
85.4 0.0001356075217 3.766875603E-05
85.6 0.0001356729378 -9.42173179E-06
85.8 0.000135738417 -6.59839527E-05
86 0.0001358039594 -4.715415258E-05
86.2 0.0001358695652 -1.887077295E-05
86.4 0.0001321592557 -9.48434507E-21
86.6 0.0001284453578 -9.444511605E-06
86.8 0.0001247278665 -4.724540397E-05
87 0.0001210067764 -6.617558083E-05
87.2 0.0001210653753 -4.729116223E-05
87.4 0.000117338905 -3.785125969E-05
87.6 0.0001136088221 -3.786960737E-05
87.8 0.000106086324 -2.841597963E-05
88 9.855652596E-05 -4.738294517E-05
88.2 9.48118932E-05 -8.533070388E-05
88.4 9.106362312E-05 -7.58863526E-05
88.6 8.73117104E-05 -4.745201652E-05
88.8 8.735415654E-05 -3.798006806E-05
89 8.739664397E-05 -5.699781128E-05
89.2 8.363746959E-05 -3.801703163E-05
89.4 7.987463486E-05 -3.708919759E-22
89.6 7.230272772E-05 -4.756758402E-05
89.8 6.853070175E-05 -2.855445906E-05
90 6.856411507E-05 1.904558752E-05
90.2 6.859756098E-05 -6.518454561E-21
90.4 6.863103953E-05 -7.51868725E-21
90.6 6.866455078E-05 1.907348633E-05
90.8 6.488153395E-05 -9.239776315E-22
91 6.109481916E-05 -1.909213099E-05
91.2 5.730440098E-05 -9.550733496E-06
91.4 5.351027397E-05 -1.911081213E-05
91.6 4.97124327E-05 6.641860189E-21
91.8 4.973677767E-05 4.782382468E-05
92 4.21055855E-05 3.8277805E-05
92.2 4.212622549E-05 1.914828431E-05
92.4 3.831535066E-05 -1.058777099E-20
92.6 3.06673209E-05 -1.916707556E-05
92.8 2.684707904E-05 -2.876472754E-05
93 2.302308448E-05 -9.592951866E-06
93.2 1.91953317E-05 4.902606463E-21
93.4 1.920476893E-05 -4.801192232E-05
93.6 1.921421545E-05 -9.607107723E-06
93.8 1.922367126E-05 1.922367126E-05
94 1.538650911E-05 -1.923313639E-05
94.2 1.539408867E-05 -2.886391626E-05
94.4 1.54016757E-05 -1.925209463E-05
94.6 1.155695266E-05 9.630793886E-06
94.8 7.708436112E-06 2.890663542E-05
95 3.856120434E-06 9.640301086E-06
95.2 3.858024691E-06 -3.858024691E-05
95.4 3.85993083E-06 -9.649827075E-06
95.6 3.861838853E-06 -9.654597133E-06
95.8 3.863748764E-06 -2.897811573E-05
96 3.865660564E-06 -3.865660564E-05
96.2 3.867574257E-06 9.668935644E-06
96.4 3.869489846E-06 2.902117385E-05
96.6 3.871407334E-06 -4.839259167E-05
96.8 3.873326723E-06 -9.683316807E-06
97 3.875248016E-06 2.906436012E-05
97.2 3.877171216E-06 -1.741829132E-21
97.4 3.879096326E-06 -9.697740814E-06
97.6 3.881023348E-06 -4.851279185E-05
97.8 3.882952286E-06 -6.795166501E-05
98 3.884883143E-06 3.380013239E-22
98.2 3.88681592E-06 -2.91511194E-05
98.4 3.888750622E-06 -1.944375311E-05
98.6 3.890687251E-06 2.918015438E-05
98.8 3.89262581E-06 2.919469357E-05
99 3.894566301E-06 3.894566301E-05
99.2 3.896508728E-06 1.948254364E-05
99.4 3.898453094E-06 1.949226547E-05
99.6 3.900399401E-06 9.750998502E-06
99.8 3.902347652E-06 -9.755869131E-06
100 3.904297851E-06 -9.760744628E-06
100.2 3.90625E-06 -3.90625E-05
100.4 3.908204102E-06 -2.931153077E-05
100.6 3.91016016E-06 9.7754004E-06
100.8 3.912118177E-06 -8.313234319E-22
101 3.914078156E-06 -9.785195391E-06
101.2 3.9160401E-06 -1.95802005E-05
101.4 3.918004012E-06 -4.897505015E-05
101.6 3.919969895E-06 -2.939977421E-05
101.8 3.921937751E-06 -9.248294622E-21
102 3.923907584E-06 -1.022601849E-20
102.2 0 1.838624273E-20
102.4 3.927853193E-06 9.819632981E-06
102.6 3.929828974E-06 -2.030544394E-20
102.8 3.931806744E-06 -9.82951686E-06
103 3.933786506E-06 -4.917233132E-05
103.2 3.935768262E-06 -3.935768262E-05
103.4 3.937752016E-06 3.937752016E-05
103.6 3.939737771E-06 2.954803328E-05
103.8 3.94172553E-06 9.854313824E-06
104 3.943715295E-06 1.971857648E-05
104.2 3.945707071E-06 1.972853535E-05
104.4 3.947700859E-06 -9.869252148E-06
104.6 3.949696663E-06 -1.974848332E-05
104.8 3.951694487E-06 5.442786171E-21
105 3.953694332E-06 9.88423583E-06
105.2 3.955696203E-06 9.889240506E-06
105.4 3.957700101E-06 4.953346445E-20
105.6 3.959706031E-06 2.91910303E-20
105.8 3.961713996E-06 9.90428499E-06
106 3.963723998E-06 9.909309995E-06
106.2 3.965736041E-06 -3.965736041E-05
106.4 3.967750127E-06 -2.975812595E-05
106.6 3.96976626E-06 2.977324695E-05
106.8 0 9.929461108E-06
107 0 -3.97380468E-05
107.2 3.975826972E-06 -2.981870229E-05
107.4 3.977851324E-06 -1.988925662E-05
107.6 3.979877738E-06 9.949694345E-06
107.8 3.981906218E-06 3.981906218E-05
108 3.983936767E-06 9.959841917E-06
108.2 3.985969388E-06 -3.985969388E-05
108.4 3.988004084E-06 -4.985005105E-05
108.6 3.990040858E-06 -3.990040858E-05
108.8 3.992079714E-06 -1.996039857E-05
109 3.994120654E-06 9.985301636E-06
109.2 3.996163683E-06 -5.994245524E-05
109.4 3.998208802E-06 -4.997761003E-05
109.6 4.000256016E-06 -1.000064004E-05
109.8 4.002305328E-06 2.001152664E-05
110 4.00435674E-06 2.00217837E-05
110.2 0 -2.003205128E-05
110.4 4.00846588E-06 1.00211647E-05
110.6 4.010523614E-06 2.005261807E-05
110.8 4.012583462E-06 -1.003145865E-05
111 4.014645427E-06 -4.014645427E-05
111.2 4.016709512E-06 -3.012532134E-05
111.4 4.01877572E-06 -5.02346965E-05
111.6 4.020844056E-06 -6.031266083E-05
111.8 4.022914521E-06 -3.314547032E-21
112 4.02498712E-06 -1.00624678E-05
112.2 4.027061856E-06 -1.006765464E-05
112.4 4.029138731E-06 -3.9727539E-21
112.6 4.03121775E-06 -5.039022188E-05
112.8 4.033298916E-06 -4.033298916E-05
113 4.035382231E-06 -2.017691116E-05
113.2 8.074935401E-06 -2.01873385E-05
113.4 8.079110651E-06 -2.019777663E-05
113.6 8.083290222E-06 -2.020822556E-05
113.8 1.213121118E-05 -1.010934265E-05
114 1.213749353E-05 -1.011457794E-05
114.2 1.214378238E-05 -4.047927461E-05
114.4 1.215007776E-05 -2.02501296E-05
114.6 1.215637967E-05 1.013031639E-05
114.8 8.108458744E-06 -1.013557343E-05
115 8.112668744E-06 -4.056334372E-05
115.2 4.058441558E-06 -4.058441558E-05
115.4 0 -3.045413202E-05
115.6 0 -4.062662507E-05
115.8 0 -3.048582206E-05
116 0 -2.033446122E-05
116.2 0 -2.034505208E-05
116.4 0 -2.035565399E-05
116.6 0 1.018313347E-05
116.8 4.075378195E-06 7.635658726E-22
117 8.155010438E-06 -1.019376305E-05
117.2 1.223890339E-05 1.894781542E-21
117.4 8.16353187E-06 -1.020441484E-05
117.6 8.167799268E-06 -1.020974909E-05
117.8 8.17207113E-06 1.021508891E-05
118 0 1.022043433E-05
118.2 0 1.430096879E-20
118.4 0 -1.417350453E-20
118.6 0 -4.094601677E-05
118.8 0 -2.04837441E-05
119 0 -1.721094926E-21
119.2 0 -1.025262467E-05
119.4 0 1.025800945E-05
119.6 0 -1.026339989E-05
119.8 0 -3.080638801E-05
120 0 -1.027419779E-05
120.2 0 -1.027960526E-05
120.4 0 1.501387581E-20
120.6 0 2.05808746E-05
120.8 0 1.029586189E-05
121 0 2.060258439E-05
121.2 0 2.061345646E-05
121.4 0 3.093651003E-05
121.6 0 2.063523508E-05
121.8 0 2.694557598E-22
122 0 3.098558964E-05
122.2 0 5.166997354E-05
122.4 0 5.169732663E-05
122.6 0 2.068988347E-05
122.8 0 1.035042395E-05
123 4.142364793E-06 2.071182397E-05
123.2 8.289124668E-06 4.144562334E-05
123.4 1.244028662E-05 4.146762208E-05
123.6 1.244689326E-05 2.074482209E-05
123.8 8.302337938E-06 1.037792242E-05
124 4.153375864E-06 3.115031898E-05
124.2 0 2.077792553E-05
124.4 0 1.039449175E-05
124.6 0 3.120007987E-05
124.8 0 -1.868187776E-20
125 0 3.123334222E-05
125.2 0 5.208333333E-05
125.4 0 1.042222519E-05
125.6 0 2.085557928E-05
125.8 0 4.173344017E-05
126 0 1.04389364E-05
126.2 0 1.044451872E-05
126.4 0 3.135032103E-05
126.6 0 2.091140257E-05
126.8 4.184520621E-06 3.138390466E-05
127 4.18676313E-06 5.233453912E-05
127.2 4.189008043E-06 3.141756032E-05
127.4 4.191255365E-06 1.047813841E-05
127.6 4.193505099E-06 2.09675255E-05
127.8 4.19575725E-06 2.097878625E-05
128 4.198011822E-06 2.099005911E-05
128.2 4.200268817E-06 3.150201613E-05
128.4 4.202528241E-06 2.10126412E-05
128.6 4.204790097E-06 5.255987621E-05
128.8 4.207054389E-06 5.258817986E-05
129 4.209321121E-06 -1.05233028E-05
129.2 4.211590296E-06 2.105795148E-05
129.4 4.21386192E-06 4.21386192E-05
129.6 4.216135996E-06 4.216135996E-05
129.8 4.218412527E-06 6.32761879E-05
130 4.220691518E-06 6.331037277E-05
130.2 4.222972973E-06 6.334459459E-05
130.4 4.225256896E-06 3.168942672E-05
130.6 4.22754329E-06 -1.056885823E-05
130.8 4.22983216E-06 -1.05745804E-05
131 4.23212351E-06 1.094962724E-22
131.2 4.234417344E-06 6.209473805E-21
131.4 4.236713666E-06 1.059178416E-05
131.6 4.23901248E-06 -1.019882103E-20
131.8 4.241313789E-06 1.060328447E-05
132 4.243617599E-06 3.182713199E-05
132.2 4.245923913E-06 5.908808103E-21
132.4 4.248232735E-06 -1.062058184E-05
132.6 4.25054407E-06 1.062636017E-05
132.8 4.252857921E-06 2.12642896E-05
133 8.510348584E-06 2.127587146E-05
133.2 1.277247956E-05 3.193119891E-05
133.4 1.703925845E-05 4.259814613E-05
133.6 2.131069285E-05 1.065534643E-05
133.8 2.558679039E-05 -1.933469904E-20
134 2.986755871E-05 1.066698525E-05
134.2 2.988387978E-05 1.067281421E-05
134.4 2.99002187E-05 2.135729907E-05
134.6 2.991657549E-05 -1.068449125E-05
134.8 2.993295019E-05 -5.345169677E-05
135 2.994934283E-05 -4.278477547E-05
135.2 2.996575342E-05 1.070205479E-05
135.4 2.998218202E-05 -2.06172398E-21
135.6 2.999862863E-05 6.152753462E-21
135.8 3.00150933E-05 2.143935236E-05
136 3.003157606E-05 2.145112576E-05
136.2 3.434065934E-05 4.292582418E-05
136.4 3.435953821E-05 5.368677845E-05
136.6 3.437843784E-05 5.371630913E-05
136.8 3.00976885E-05 -1.074917446E-05
137 3.011426211E-05 6.904469092E-21
137.2 3.013085399E-05 3.228305785E-05
137.4 3.014746417E-05 2.153390298E-05
137.6 3.016409266E-05 1.077289024E-05
137.8 3.018073951E-05 4.311534216E-05
138 3.019740475E-05 5.392393705E-05
138.2 3.02140884E-05 -5.395372928E-05
138.4 3.023079049E-05 -7.557697623E-05
138.6 3.024751106E-05 -2.160536504E-05
138.8 3.026425014E-05 1.080866076E-05
139 3.028100775E-05 -1.081464563E-05
139.2 3.029778393E-05 -1.082063712E-05
139.4 3.031457871E-05 -4.330654102E-05
139.6 3.033139212E-05 -4.333056018E-05
139.8 3.03482242E-05 2.1677303E-05
140 3.036507496E-05 3.253400888E-05
140.2 3.038194444E-05 1.085069444E-05
140.4 3.039883268E-05 -3.257017788E-05
140.6 3.041573971E-05 -2.172552836E-05
140.8 3.043266555E-05 2.173761825E-05
141 3.044961024E-05 2.17497216E-05
141.2 3.046657382E-05 3.264275766E-05
141.4 3.04835563E-05 6.532190635E-05
141.6 3.050055772E-05 1.089305633E-05
141.8 3.051757812E-05 -3.269740513E-05
142 3.053461753E-05 -4.362088219E-05
142.2 3.055167598E-05 -3.273393855E-05
142.4 3.056875349E-05 -2.183482392E-05
142.6 3.058585011E-05 5.553454734E-22
142.8 3.060296586E-05 -5.464815333E-05
143 3.062010078E-05 -9.842175252E-05
143.2 3.06372549E-05 -2.18837535E-05
143.4 3.065442825E-05 -4.283676549E-21
143.6 3.067162086E-05 -3.286245093E-05
143.8 3.507295174E-05 -6.576178451E-05
144 3.947922515E-05 -8.773161145E-05
144.2 3.950140449E-05 -5.48630618E-05
144.4 3.952360877E-05 -1.097878021E-05
144.6 3.954583802E-05 -4.393982002E-05
144.8 3.956809229E-05 -6.594682048E-05
145 4.39893018E-05 -6.59839527E-05
145.2 4.401408451E-05 -6.602112676E-05
145.4 3.523111612E-05 -2.201944758E-05
145.6 3.084461365E-05 1.101593345E-05
145.8 3.086202032E-05 -4.408860045E-05
146 3.087944664E-05 -3.30851214E-05
146.2 3.089689266E-05 1.103460452E-05
146.4 3.091435839E-05 -5.520421142E-05
146.6 3.093184389E-05 -2.209417421E-05
146.8 3.094934918E-05 -4.421335597E-05
147 3.096687429E-05 -0.0001437747735
147.2 2.655807365E-05 -3.319759207E-05
147.4 2.657312925E-05 2.214427438E-05
147.6 2.658820193E-05 -1.107841747E-05
147.8 2.660329171E-05 3.325411464E-05
148 2.661839864E-05 1.109099943E-05
148.2 2.663352273E-05 1.364936955E-20
148.4 2.664866401E-05 4.441444002E-05
148.6 2.666382253E-05 2.52990037E-20
148.8 2.667899829E-05 -5.558124644E-05
149 2.669419134E-05 -4.449031891E-05
149.2 2.670940171E-05 -4.451566952E-05
149.4 2.672462942E-05 -4.454104903E-05
149.6 2.67398745E-05 -1.114161438E-05
149.8 2.675513699E-05 -1.114797374E-05
150 2.67704169E-05 -3.346302113E-05
150.2 2.678571429E-05 -4.464285714E-05
150.4 2.680102916E-05 -3.350128645E-05
150.6 2.681636156E-05 -4.469393593E-05
150.8 2.683171151E-05 -6.707927876E-05
151 2.684707904E-05 -1.118628293E-05
151.2 2.686246418E-05 1.119269341E-05
151.4 2.687786697E-05 1.119911124E-05
151.6 2.689328744E-05 3.361660929E-05
151.8 2.69087256E-05 1.1211969E-05
152 2.69241815E-05 -1.121840896E-05
152.2 2.693965517E-05 1.122485632E-05
152.4 2.695514664E-05 1.12313111E-05
152.6 2.697065593E-05 -3.371331991E-05
152.8 2.698618307E-05 -2.24884859E-05
153 2.700172811E-05 -2.250144009E-05
153.2 2.701729107E-05 -5.628602305E-05
153.4 2.252739331E-05 -4.505478662E-05
153.6 1.803231391E-05 -2.254039238E-05
153.8 1.353204388E-05 -1.780913061E-20
154 9.026574235E-06 1.128321779E-05
154.2 9.031791908E-06 1.128973988E-05
154.4 4.518507808E-06 -1.977640121E-20
154.6 9.04224537E-06 1.130280671E-05
154.8 9.047481181E-06 4.523740591E-05
155 9.052723059E-06 2.263180765E-05
155.2 9.057971014E-06 1.132246377E-05
155.4 1.359483759E-05 3.398709397E-05
155.6 1.81369704E-05 4.5342426E-05
155.8 2.268437863E-05 -1.134218931E-05
156 2.269755956E-05 -4.539511912E-05
156.2 2.725290698E-05 -2.271075581E-05
156.4 3.181355439E-05 -6.817190227E-05
156.6 4.092694994E-05 -9.094877765E-05
156.8 4.095078626E-05 -1.13752184E-05
157 4.097465035E-05 2.276369464E-05
157.2 4.099854227E-05 1.138848397E-05
157.4 4.102246208E-05 3.418538506E-05
157.6 4.104640981E-05 1.14017805E-05
157.8 4.107038551E-05 1.140844042E-05
158 4.109438925E-05 2.283021625E-05
158.2 3.65497076E-05 -2.284356725E-05
158.4 3.657109421E-05 -2.285693388E-05
158.6 3.659250585E-05 -2.287031616E-05
158.8 3.661394259E-05 -1.144185706E-05
159 3.663540445E-05 -1.144856389E-05
159.2 4.123900293E-05 -2.291055718E-05
159.4 3.667840376E-05 3.6992266E-21
159.6 3.669994128E-05 1.146873165E-05
159.8 3.672150411E-05 -3.442641011E-05
160 4.133597884E-05 -4.592886537E-05
160.2 4.136029412E-05 -1.148897059E-05
160.4 4.138463802E-05 -1.149573278E-05
160.6 4.14090106E-05 -1.150250294E-05
160.8 4.14334119E-05 -2.301856217E-05
161 4.145784198E-05 -1.248732184E-20
161.2 4.148230088E-05 -1.152286136E-05
161.4 4.150678867E-05 -1.152966352E-05
161.6 3.23021264E-05 -3.460942115E-05
161.8 4.155585106E-05 -1.154329196E-05
162 3.234033116E-05 -2.310023655E-05
162.2 3.235946746E-05 -2.311390533E-05
162.4 2.775310835E-05 3.469138544E-05
162.6 3.239780806E-05 1.157064573E-05
162.8 2.778601067E-05 4.631001778E-05
163 2.316874259E-05 4.633748517E-05
163.2 1.854599407E-05 1.159124629E-05
163.4 2.319625891E-05 3.479438836E-05
163.6 2.321004159E-05 3.481506239E-05
163.8 2.78686088E-05 3.4835761E-05
164 2.323765616E-05 6.971296847E-05
164.2 2.32514881E-05 6.975446429E-05
164.4 2.326533651E-05 4.653067302E-05
164.6 1.862336114E-05 4.655840286E-05
164.8 9.317233154E-06 6.987924866E-05
165 0 3.496047136E-05
165.2 0 6.545202383E-21
165.4 0 1.166741338E-05
165.6 0 1.167438733E-05
165.8 0 -1.168136962E-05
166 0 2.337672053E-05
166.2 0 4.678143713E-05
166.4 0 2.340473337E-05
166.6 0 2.341876499E-05
166.8 4.686562687E-06 5.858203359E-05
167 0 3.517031813E-05
167.2 4.692192192E-06 1.173048048E-05
167.4 9.390024038E-06 2.34750601E-05
167.6 1.879134095E-05 1.174458809E-05
167.8 2.350330927E-05 -1.175165463E-05
168 2.822095123E-05 -2.351745936E-05
168.2 4.235692771E-05 -1.176581325E-05
168.4 4.709162146E-05 -4.709162146E-05
168.6 5.654402895E-05 -4.712002413E-05
168.8 6.12929994E-05 -1.178711527E-05
169 6.133001208E-05 -7.877342599E-21
169.2 6.136706949E-05 -2.360271903E-05
169.4 5.668077388E-05 -3.542548368E-05
169.6 5.198880823E-05 -1.181563823E-05
169.8 4.729116223E-05 -2.089614351E-20
170 4.258782556E-05 -3.548985463E-05
170.2 4.261363636E-05 -2.367424242E-05
170.4 3.790175864E-05 3.553289873E-05
170.6 3.792475728E-05 8.602942668E-21
170.8 3.794778385E-05 -1.185868245E-05
171 3.79708384E-05 4.7463548E-05
171.2 3.799392097E-05 2.374620061E-05
171.4 3.801703163E-05 7.915212147E-21
171.6 3.804017042E-05 2.377510651E-05
171.8 3.806333739E-05 -1.189479294E-05
172 3.80865326E-05 -8.797099732E-21
172.2 3.81097561E-05 2.381859756E-05
172.4 3.336638194E-05 -1.191656498E-05
172.6 3.815628816E-05 -2.38476801E-05
172.8 4.295204643E-05 -1.193112401E-05
173 4.775366748E-05 -3.581525061E-05
173.2 4.778287462E-05 -1.194571865E-05
173.4 5.259332925E-05 -2.390605875E-05
173.6 5.262553582E-05 -5.980174525E-05
173.8 4.787071078E-05 1.19676777E-05
174 4.790006131E-05 -1.197501533E-05
174.2 5.272239264E-05 -7.189417178E-05
174.4 5.275475752E-05 -3.596915285E-05
174.6 5.278716216E-05 1.100881661E-20
174.8 5.281960664E-05 -4.801782422E-05
175 5.285209102E-05 -2.402367774E-05
175.2 5.288461538E-05 2.403846154E-05
175.4 5.29171798E-05 -1.244900622E-21
175.6 5.294978435E-05 6.017020949E-05
175.8 5.29824291E-05 6.02073058E-05
176 5.301511413E-05 3.614666872E-05
176.2 5.304783951E-05 3.616898148E-05
176.4 5.308060531E-05 2.493133371E-20
176.6 5.311341162E-05 1.207122991E-05
176.8 5.31462585E-05 1.207869511E-05
177 5.317914604E-05 -1.208616955E-05
177.2 5.32120743E-05 -2.303386769E-21
177.4 5.324504337E-05 2.420229244E-05
177.6 5.327805332E-05 1.210864848E-05
177.8 5.331110422E-05 2.42323201E-05
178 4.849472377E-05 6.630867772E-21
178.2 4.852484472E-05 -8.615435285E-21
178.4 4.36995028E-05 2.427750155E-05
178.6 3.88681592E-05 1.214629975E-05
178.8 3.403080274E-05 2.430771624E-05
179 3.405199253E-05 -1.21614259E-05
179.2 3.407320872E-05 -4.867601246E-05
179.4 3.409445137E-05 1.217658978E-05
179.6 2.43683718E-05 3.65525577E-05
179.8 2.926029963E-05 -2.631476262E-20
180 2.439881324E-05 1.219940662E-05
180.2 1.953125E-05 4.8828125E-05
180.4 9.771732333E-06 1.221466542E-05
180.6 9.777847309E-06 -2.444461827E-05
180.8 1.467595492E-05 -1.222996243E-05
181 1.468515038E-05 1.223762531E-05
181.2 4.898119122E-06 -3.693870247E-21
181.4 4.90119197E-06 1.225297992E-05
181.6 0 4.904268675E-05
181.8 0 3.680511935E-05
182 0 3.049561627E-20
182.2 4.913522013E-06 -3.685141509E-05
182.4 4.916614223E-06 1.229153556E-05
182.6 0 2.459855164E-05
182.8 0 2.461405167E-05
183 0 2.462957125E-05
183.2 4.929022082E-06 3.696766562E-05
183.4 4.932133838E-06 3.699100379E-05
183.6 9.870499052E-06 1.05285607E-20
183.8 1.481510746E-05 -1.234592288E-05
184 1.97659709E-05 -3.706119545E-05
184.2 2.472310127E-05 -6.180775316E-05
184.4 2.473875871E-05 -3.710813806E-05
184.6 2.475443599E-05 -4.950887199E-05
184.8 2.97241598E-05 -4.954026633E-05
185 2.478585025E-05 -2.478585025E-05
185.2 2.48015873E-05 -1.240079365E-05
185.4 1.985387548E-05 -2.481734435E-05
185.6 1.986649714E-05 -2.483312142E-05
185.8 1.987913486E-05 9.93956743E-05
186 9.945894335E-06 6.216183959E-05
186.2 9.952229299E-06 -3.732085987E-05
186.4 1.493785851E-05 1.244821542E-05
186.6 1.49473852E-05 1.245615434E-05
186.8 1.994256541E-05 4.985641353E-05
187 2.494412516E-05 3.741618774E-05
187.2 2.995207668E-05 3.744009585E-05
187.4 3.496643223E-05 9.990409207E-05
187.6 3.498880358E-05 3.748800384E-05
187.8 4.501440461E-05 6.25200064E-05
188 4.00384369E-05 6.256005766E-05
188.2 3.505608974E-05 2.50400641E-05
188.4 3.507857601E-05 3.758418858E-05
188.6 3.510109114E-05 3.760831194E-05
188.8 4.014129737E-05 3.763246628E-05
189 4.518798201E-05 1.255221722E-05
189.2 4.52170418E-05 -5.024115756E-05
189.4 5.027348777E-05 -6.284185972E-05
189.6 5.030585963E-05 -1.4374937E-21
189.8 5.03382732E-05 -2.51691366E-05
190 5.037072856E-05 -6.29634107E-05
190.2 5.544354839E-05 -6.300403226E-05
190.4 6.052291801E-05 -7.565364751E-05
190.6 6.560885013E-05 -3.785125969E-05
190.8 6.56512605E-05 -1.26252424E-05
191 6.064036223E-05 -3.790022639E-05
191.2 5.562297735E-05 -5.056634304E-05
191.4 4.553918394E-05 -2.529954663E-05
191.6 3.544232016E-05 -5.345375669E-23
191.8 3.54653048E-05 1.266618029E-05
192 3.548831927E-05 -1.267439974E-05
192.2 3.551136364E-05 -2.536525974E-05
192.4 3.553443795E-05 -1.26908707E-05
192.6 3.555754226E-05 -2.539824447E-05
192.8 3.558067664E-05 -3.812215355E-05
193 4.069010417E-05 -1.271565755E-05
193.2 3.562703583E-05 2.801039085E-20
193.4 3.055736636E-05 2.433331476E-20
193.6 2.548108284E-05 1.274054142E-05
193.8 2.039817232E-05 1.355049761E-20
194 2.041149575E-05 2.551436969E-05
194.2 2.04248366E-05 2.553104575E-05
194.4 2.04381949E-05 -2.554774362E-05
194.6 2.045157068E-05 -6.391115838E-05
194.8 2.558120498E-05 -5.116240995E-05
195 3.071756225E-05 4.899948059E-20
195.2 3.586065574E-05 -2.56147541E-05
195.4 4.101049869E-05 -0.0001025262467
195.6 5.129678267E-05 -0.0001282419567
195.8 6.159658344E-05 -7.69957293E-05
196 6.677350427E-05 -3.852317554E-05
196.2 7.195723684E-05 -3.854851974E-05
196.4 7.71477946E-05 -2.571593153E-05
196.6 8.234519104E-05 -1.28664361E-05
196.8 8.239947264E-05 -3.86247528E-05
197 8.760718997E-05 -1.288341029E-05
197.2 9.797854785E-05 -1.289191419E-05
197.4 0.0001032034346 -1.290042933E-05
197.6 0.000108435228 3.872686715E-05
197.8 0.0001136739418 -1.291749339E-05
198 0.0001137491727 -1.292604236E-05
198.2 0.0001241721854 6.769053552E-21
198.4 0.0001294317429 -1.294317429E-05
198.6 0.0001346982759 1.295175729E-05
198.8 0.0001244193762 2.592070338E-05
199 0.000124501992 1.29689575E-05
199.2 0.0001245847176 -1.297757475E-05
199.4 0.0001194730718 2.597240691E-05
199.6 0.0001143546241 3.898453094E-05
199.8 0.0001092293609 1.300349534E-05
200 0.0001040972685 3.903647568E-05
200.2 9.895833333E-05 3.90625E-05
200.4 9.381254169E-05 5.211807872E-05
200.6 8.865987984E-05 6.519108812E-05
200.8 8.3500334E-05 6.523463594E-05
201 7.833389037E-05 3.916694519E-05
201.2 7.316053512E-05 2.612876254E-05
201.4 6.798025435E-05 2.614625167E-05
201.6 6.279303416E-05 1.308188212E-05
201.8 5.759886059E-05 2.618130027E-05
202 5.239771965E-05 3.559832653E-20
202.2 4.718959732E-05 -1.310822148E-05
202.4 4.197447952E-05 1.311702485E-05
202.6 3.675235215E-05 1.312584005E-05
202.8 2.626933423E-05 1.313466711E-05
203 1.577220727E-05 -1.917364549E-20
203.2 1.578282828E-05 -2.018831279E-20
203.4 1.052897574E-05 -1.316121968E-05
203.6 5.268037761E-06 -5.268037761E-05
203.8 0 1.317898111E-05
204 0 6.593939905E-05
204.2 0 2.639358108E-05
204.4 0 2.641142664E-05
204.6 0 2.642929635E-05
204.8 0 1.322359513E-05
205 0 1.32325542E-05
205.2 0 1.324152542E-05
205.4 0 2.650101764E-05
205.6 0 2.651900883E-05
205.8 0 1.326851223E-05
206 0 1.327753229E-05
206.2 0 2.657312925E-05
206.4 0 1.329560926E-05
206.6 0 -3.991399864E-05
206.8 5.325494206E-06 -3.994120654E-05
207 0 -1.332281719E-05
207.2 0 -2.666382253E-05
207.4 0 6.606032094E-22
207.6 0 1.131276062E-20
207.8 0 -6.679634063E-05
208 0 -2.673682409E-05
208.2 0 2.675513699E-05
208.4 0 -1.338673749E-05
208.6 0 -4.01877572E-05
208.8 0 -5.362045299E-05
209 0 -5.365728022E-05
209.2 0 -4.027061856E-05
209.4 0 -4.029831499E-05
209.6 0 -5.376806607E-05
209.8 0 -1.34512741E-05
210 0 1.346054445E-05
210.2 0 1.346982759E-05
210.4 0 4.04373706E-05
210.6 0 2.697686464E-05
210.8 0 1.349775397E-05
211 0 4.052126556E-05
211.2 0 4.054930796E-05
211.4 0 2.70515928E-05
211.6 0 2.299146505E-20
211.8 0 1.354455617E-05
212 0 4.066186676E-05
212.2 0 5.425347222E-05
212.4 0 4.071838082E-05
212.6 0 4.07466968E-05
212.8 0 5.436673626E-05
213 0 4.080344708E-05
213.2 0 6.805313589E-05
213.4 0 6.810059275E-05
213.6 0 9.540736218E-05
213.8 0 8.183484637E-05
214 0 8.189203354E-05
214.2 0 8.19493007E-05
214.4 0 6.833887334E-05
214.6 0 8.206407563E-05
214.8 0 8.212158374E-05
215 0 9.587570126E-05
215.2 0 8.223684211E-05
215.4 0 8.22945927E-05
215.6 0 8.235242446E-05
215.8 0 5.494022504E-05
216 0 5.497888811E-05
216.2 0 8.252640845E-05
216.4 0 4.12922833E-05
216.6 0 3.393339752E-21
216.8 0 4.135056457E-05
217 0 2.75865113E-05
217.2 0 4.14090106E-05
217.4 0 6.906382603E-05
217.6 0 5.529016277E-05
217.8 0 6.916165014E-05
218 0 1.384213324E-05
218.2 0 2.770390071E-05
218.4 0 5.544712562E-05
218.6 0 -1.387162642E-05
218.8 0 -4.164445629E-05
219 5.556543385E-06 -1.389135846E-05
219.2 5.560498221E-06 -1.390124555E-05
219.4 5.564458689E-06 -1.093340232E-20
219.6 5.568424804E-06 5.568424804E-05
219.8 5.572396576E-06 2.786198288E-05
220 5.576374019E-06 1.82878039E-20
220.2 5.580357143E-06 4.185267857E-05
220.4 5.584345961E-06 4.188259471E-05
220.6 5.588340486E-06 -1.397085122E-05
220.8 5.59234073E-06 -2.796170365E-05
221 5.596346705E-06 2.798173352E-05
221.2 5.600358423E-06 -1.400089606E-05
221.4 5.604375897E-06 -2.802187948E-05
221.6 5.608399139E-06 2.804199569E-05
221.8 5.612428161E-06 1.40310704E-05
222 5.616462976E-06 1.404115744E-05
222.2 5.620503597E-06 -2.810251799E-05
222.4 5.624550036E-06 -5.624550036E-05
222.6 5.628602305E-06 -5.628602305E-05
222.8 5.632660418E-06 -2.816330209E-05
223 5.636724387E-06 4.22754329E-05
223.2 5.640794224E-06 -1.410198556E-05
223.4 5.644869942E-06 -2.822434971E-05
223.6 5.648951555E-06 1.412237889E-05
223.8 5.653039074E-06 -1.413259768E-05
224 5.657132513E-06 -1.414283128E-05
224.2 5.661231884E-06 4.959475346E-21
224.4 5.665337201E-06 -2.8326686E-05
224.6 1.133889695E-05 -5.669448476E-05
224.8 1.134713145E-05 -1.418391431E-05
225 5.677688953E-06 -1.699474402E-20
225.2 5.681818182E-06 1.420454545E-05
225.4 5.685953421E-06 1.421488355E-05
225.6 5.690094683E-06 -5.151091258E-21
225.8 1.138848397E-05 -4.270681487E-05
226 1.139679066E-05 -4.273796499E-05
226.2 1.710766423E-05 1.425638686E-05
226.4 5.706720234E-06 -2.853360117E-05
226.6 5.710891813E-06 -1.427722953E-05
226.8 1.143013899E-05 -2.857534748E-05
227 1.715775988E-05 -1.429813324E-05
227.2 1.717032967E-05 -2.861721612E-05
227.4 1.145527859E-05 -1.431909824E-05
227.6 1.146368305E-05 5.731841526E-05
227.8 1.147209985E-05 1.434012482E-05
228 5.740264511E-06 -4.305198384E-05
228.2 0 -7.180606618E-05
228.4 0 3.672341381E-20
228.6 0 1.438236377E-05
228.8 0 -4.317888725E-05
229 0 -1.44035767E-05
229.2 0 -1.441420664E-05
229.4 0 -5.769940916E-05
229.6 0 -2.887102735E-05
229.8 0 -1.240938E-20
230 0 -6.84114449E-21
230.2 0 -1.446759259E-05
230.4 0 -1.447831727E-05
230.6 0 1.448905786E-05
230.8 0 -4.349944321E-05
231 0 -7.255293462E-05
231.2 5.808550186E-06 1.452137546E-05
231.4 0 2.906436012E-05
231.6 5.817200298E-06 4.362900223E-05
231.8 5.821535022E-06 2.910767511E-05
232 5.825876212E-06 3.61175372E-22
232.2 5.830223881E-06 1.45755597E-05
232.4 0 1.458644511E-05
232.6 5.838938714E-06 4.379204036E-05
232.8 0 2.921652954E-05
233 0 1.46191991E-05
233.2 5.852059925E-06 -1.463014981E-05
233.4 1.171289355E-05 -1.464111694E-05
233.6 1.172168042E-05 1.465210053E-05
233.8 1.173048048E-05 4.39893018E-05
234 5.869646882E-06 7.086835965E-21
234.2 0 -8.811090226E-05
234.4 0 -2.93924003E-05
234.6 0 -6.112116671E-21
234.8 0 -4.415504898E-05
235 0 -1.472944947E-05
235.2 0 -2.948113208E-05
235.4 0 -4.425509819E-05
235.6 0 -1.476284958E-05
235.8 0 1.477401664E-05
236 0 4.435560182E-05
236.2 0 2.959280303E-05
236.4 0 5.923047763E-05
236.6 0 2.963770865E-05
236.8 0 1.48301063E-05
237 0 2.968275076E-05
237.2 0 1.48526616E-05
237.4 0 1.486396499E-05
237.6 0 1.487528561E-05
237.8 0 -1.081846503E-20
238 0 -1.489797864E-05
238.2 0 -1.695802952E-20
238.4 0 1.492074102E-05
238.6 0 4.479644495E-05
238.8 0 4.48307192E-05
239 0 7.477507657E-05
239.2 0 4.489942529E-05
239.4 0 1.497795245E-05
239.6 0 2.997889486E-05
239.8 0 1.500096006E-05
240 0 6.004996157E-05
240.2 0 1.502403846E-05
240.4 0 1.503560431E-05
240.6 0 1.504718798E-05
240.8 0 1.505878951E-05
241 0 4.521122685E-05
241.2 0 4.5246139E-05
241.4 0 3.01874034E-05
241.6 0 -4.531612529E-05
241.8 0 3.023413313E-05
242 0 6.051510457E-05
242.2 6.05620155E-06 6.05620155E-05
242.4 1.212179984E-05 0.0001212179984
242.6 1.213121118E-05 0.0001061480978
242.8 1.214063714E-05 9.105477855E-05
243 1.215007776E-05 6.07503888E-05
243.2 1.215953307E-05 4.559824903E-05
243.4 1.216900312E-05 4.563376168E-05
243.6 6.089243959E-06 1.52231099E-05
243.8 0 1.52349844E-05
244 0 3.310586568E-21
244.2 6.103515625E-06 3.051757812E-05
244.4 6.108287725E-06 4.581215794E-05
244.6 0 -1.518442841E-20
244.8 0 -1.529463587E-05
245 0 -3.061324451E-05
245.2 0 -6.12745098E-05
245.4 0 -3.066130298E-05
245.6 0 -1.534269442E-05
245.8 0 -6.141902516E-05
246 0 -4.610051141E-05
246.2 0 -6.151574803E-05
246.4 0 -3.07821119E-05
246.6 0 -3.080638801E-05
246.8 0 -4.624605367E-05
247 0 3.085505529E-05
247.2 0 4.631916996E-05
247.4 0 7.725969146E-05
247.6 0 7.732086302E-05
247.8 0 9.285855784E-05
248 6.195479778E-06 6.195479778E-05
248.2 1.240079365E-05 1.550099206E-05
248.4 1.241064337E-05 7.756652105E-05
248.6 1.242050874E-05 6.210254372E-05
248.8 1.243038982E-05 1.553798727E-05
249 1.244028662E-05 4.665107484E-05
249.2 1.24501992E-05 7.781374502E-05
249.4 1.246012759E-05 6.230063796E-05
249.6 6.235035914E-06 7.793794892E-05
249.8 0 9.360023962E-05
250 6.245003997E-06 9.367505995E-05
250.2 1.25E-05 9.375E-05
250.4 1.876501201E-05 6.255004003E-05
250.6 2.50400641E-05 -7.678428316E-21
250.8 3.132518043E-05 1.566259022E-05
251 3.135032103E-05 4.702548154E-05
251.2 3.765060241E-05 -3.99770198E-20
251.4 4.396101286E-05 -2.442760657E-20
251.6 5.028157683E-05 -1.571299276E-05
251.8 5.661231884E-05 -4.717693237E-05
252 6.29532635E-05 -1.573831587E-05
252.2 6.930443548E-05 -1.575100806E-05
252.4 7.566585956E-05 -6.305488297E-05
252.6 8.203756058E-05 -6.310581583E-05
252.8 8.841956346E-05 -3.157841552E-05
253 9.48118932E-05 -3.16039644E-05
253.2 0.0001012145749 -3.162955466E-05
253.4 0.0001076276337 -3.165518639E-05
253.6 0.0001140510949 -4.752128954E-05
253.8 0.0001141436688 -3.170657468E-05
254 0.0001142363932 -6.346466288E-05
254.2 0.0001143292683 -9.527439024E-05
254.4 0.0001144222945 -6.356794142E-05
254.6 0.0001145154723 -0.000111334487
254.8 0.0001209759576 -9.550733496E-05
255 0.000121074633 -6.372349103E-05
255.2 0.0001211734694 -4.783163265E-05
255.4 0.0001212724673 -1.595690359E-05
255.6 0.0001213716271 -1.596995094E-05
255.8 0.0001214709493 -1.598301964E-05
256 0.0001215704341 -4.798832924E-05
256.2 0.000121670082 -8.004610656E-05
256.4 0.0001217698934 -6.408941756E-05
256.6 0.0001218698686 -3.207101806E-05
256.8 0.0001219700082 -3.209737058E-05
257 0.0001156455592 -6.424753289E-05
257.2 0.0001093106996 -8.03755144E-05
257.4 0.0001029654036 -4.826503295E-05
257.6 9.660964551E-05 -8.050803792E-05
257.8 9.024339934E-05 -8.05744637E-05
258 8.386663914E-05 -4.83845995E-05
258.2 7.747933884E-05 -1.614152893E-05
258.4 7.108147229E-05 1.689964316E-20
258.6 6.467301325E-05 -3.233650662E-05
258.8 5.825393538E-05 -4.900284947E-21
259 5.182421227E-05 -1.619506633E-05
259.2 4.538381743E-05 -4.862551867E-05
259.4 3.893272425E-05 -4.866590532E-05
259.6 3.247090607E-05 -4.87063591E-05
259.8 2.599833611E-05 -3.249792013E-05
260 1.951498751E-05 -4.878746878E-05
260.2 1.302083333E-05 -3.255208333E-05
260.4 6.515846539E-06 3.257923269E-05
260.6 0 3.260642738E-05
260.8 0 4.895050125E-05
261 0 6.532190635E-05
261.2 0 4.903242678E-05
261.4 0 6.543132328E-05
261.6 0 3.274308466E-05
261.8 0 3.277055369E-05
262 0 3.279806885E-05
262.2 0 1.641281513E-05
262.4 0 4.927985702E-05
262.6 0 3.288089226E-05
262.8 0 3.290859309E-05
263 0 1.646817032E-05
263.2 0 -1.648206751E-05
263.4 0 -1.649598818E-05
263.6 0 3.859510501E-20
263.8 0 6.400610163E-20
264 0 -1.653789162E-05
264.2 0 -1.655190678E-05
264.4 0 -1.656594572E-05
264.6 0 -1.658000849E-05
264.8 0 -1.659409516E-05
265 0 -3.029894932E-20
265.2 0 -3.324468085E-05
265.4 0 -4.990949744E-05
265.6 0 -3.330136402E-05
265.8 0 -3.332977816E-05
266 0 -1.667912041E-05
266.2 0 1.669337607E-05
266.4 0 -1.670765612E-05
266.6 0 -1.672196062E-05
266.8 0 3.347257926E-05
267 0 -1.105432692E-20
267.2 0 -6.706008584E-05
267.4 0 -6.711769759E-05
267.6 0 -3.358770421E-05
267.8 0 -3.361660929E-05
268 0 -1.682278208E-05
268.2 0 -6.734913793E-05
268.4 0 -5.055543572E-05
268.6 0 1.686636442E-05
268.8 0 -2.544173637E-20
269 0 -1.689554498E-05
269.2 0 1.691017316E-05
269.4 0 -1.067290873E-20
269.6 0 -8.469752819E-05
269.8 0 -5.086263021E-05
270 0 -5.090682016E-05
270.2 0 -0.0001019021739
270.4 0 -6.799390775E-05
270.6 0 -3.402656794E-05
270.8 0 -8.514058413E-05
271 0 -1.704297557E-05
271.2 0 3.411572052E-05
271.4 0 6.525115348E-21
271.6 0 3.417541557E-05
271.8 0 1.710267075E-05
272 0 -3.423531989E-05
272.2 0 -5.139802632E-05
272.4 0 -3.429543459E-05
272.6 0 -3.432557118E-05
272.8 0 -1.30770444E-20
273 0 1.719300176E-05
273.2 0 1.720814978E-05
273.4 0 2.020330437E-20
273.6 0 1.723852604E-05
273.8 0 5.176126325E-05
274 0 -3.453801945E-05
274.2 0 -8.642146018E-05
274.4 0 -5.189880425E-05
274.6 0 -1.731493794E-05
274.8 0 -3.466060337E-05
275 0 -3.469138544E-05
275.2 0 3.472222222E-05
275.4 0 3.685500378E-20
275.6 0 -6.95681211E-05
275.8 0 -5.222259358E-05
276 0 -1.742305977E-05
276.2 0 1.743861607E-05
276.4 0 3.490840036E-05
276.6 0 1.319856133E-20
276.8 0 -1.74854521E-05
277 0 3.760219552E-20
277.2 0 5.255044843E-05
277.4 7.013016158E-06 1.753254039E-05
277.6 0 -8.774146451E-05
277.8 7.025629496E-06 -7.025629496E-05
278 7.031953195E-06 1.256932852E-20
278.2 7.038288288E-06 1.759572072E-05
278.4 1.408926961E-05 1.761158702E-05
278.6 1.410198556E-05 -1.762748195E-05
278.8 1.411472448E-05 -5.29302168E-05
279 7.063743219E-06 -8.829679024E-05
279.2 7.070135747E-06 -0.0001060520362
279.4 0 -3.538269928E-05
279.6 0 -1.770738894E-05
279.8 7.08938294E-06 -1.772345735E-05
280 0 -1.773955495E-05
280.2 1.420454545E-05 -5.326704545E-05
280.4 0 -7.108735214E-05
280.6 7.115209472E-06 -5.336407104E-05
280.8 0 -3.560847767E-05
281 0 -1.782048358E-05
281.2 0 -1.783675799E-05
281.4 0 -1.785306216E-05
281.6 0 3.667994548E-21
281.8 0 -3.034504671E-20
282 0 -3.429654526E-20
282.2 0 -1.791857798E-05
282.4 0 -3.587006428E-05
282.6 0 -3.590303309E-05
282.8 0 -3.593606256E-05
283 0 -3.596915285E-05
283.2 0 -3.600230415E-05
283.4 0 -3.603551661E-05
283.6 0 -3.60687904E-05
283.8 0 -3.610212569E-05
284 0 -1.806776133E-05
284.2 0 -5.425347222E-05
284.4 0 -5.430375348E-05
284.6 0 -1.811804267E-05
284.8 0 -1.813486537E-05
285 0 -1.484179836E-20
285.2 0 5.450581395E-05
285.4 0 7.274208566E-05
285.6 0 1.820246971E-05
285.8 0 3.643889925E-05
286 0 -1.823646125E-05
286.2 0 -3.650700935E-05
286.4 0 1.827057998E-05
286.6 0 1.828768727E-05
286.8 0 8.410712336E-21
287 0 -3.664399625E-05
287.2 0 1.833920188E-05
287.4 7.342575188E-06 1.835643797E-05
287.6 7.349482596E-06 3.674741298E-05
287.8 0 7.356403013E-05
288 0 3.681668238E-05
288.2 0 5.527712264E-05
288.4 0 3.688621341E-05
288.6 0 5.538161626E-05
288.8 0 5.543401135E-05
289 0 3.699100379E-05
289.2 0 -1.851303318E-05
289.4 0 -1.853059772E-05
289.6 0 3.709639126E-05
289.8 0 2.362733851E-20
290 0 3.716698382E-05
290.2 0 3.720238095E-05
290.4 0 -1.861892278E-05
290.6 0 -3.792984808E-20
290.8 0 7.461795606E-05
291 0 1.848943784E-20
291.2 0 -5.607057416E-05
291.4 7.483237548E-06 -1.76136079E-20
291.6 7.490412272E-06 1.578595429E-20
291.8 0 1.874400192E-05
292 0 8.889844079E-21
292.2 0 -6.543200788E-21
292.4 0 1.87981232E-05
292.6 0 -1.881623314E-05
292.8 0 -5.650313404E-05
293 0 -3.770511583E-05
293.2 0 -1.534959634E-21
293.4 0 1.888902321E-05
293.6 0 1.890730881E-05
293.8 0 1.892562984E-05
294 0 3.788797284E-05
294.2 7.584951456E-06 1.896237864E-05
294.4 7.592322643E-06 1.898080661E-05
294.6 7.599708171E-06 1.899927043E-05
294.8 7.607108082E-06 1.90177702E-05
295 0 3.807261209E-05
295.2 0 1.905487805E-05
295.4 1.525878906E-05 5.722045898E-05
295.6 2.291055718E-05 3.818426197E-05
295.8 3.057729941E-05 1.645462646E-20
296 3.825905975E-05 1.912952987E-05
296.2 3.829656863E-05 5.744485294E-05
296.4 3.833415113E-05 7.666830226E-05
296.6 3.837180747E-05 1.918590373E-05
296.8 4.609144543E-05 3.840953786E-05
297 5.382627953E-05 3.844734252E-05
297.2 6.157635468E-05 1.924261084E-05
297.4 6.934171598E-05 3.852317554E-05
297.6 6.941016782E-05 5.784180652E-05
297.8 6.175889328E-05 7.71986166E-05
298 5.409248269E-05 7.727497527E-05
298.2 4.641089109E-05 1.933787129E-05
298.4 4.645688801E-05 -1.935703667E-05
298.6 4.650297619E-05 5.812872024E-05
298.8 3.879096326E-05 5.818644489E-05
299 3.106361829E-05 -2.59038572E-20
299.2 2.332089552E-05 3.88681592E-05
299.4 1.5562749E-05 3.890687251E-05
299.6 7.789132602E-06 1.947283151E-05
299.8 0 1.949226547E-05
300 0 1.044610776E-20
300.2 0 1.379145453E-20
300.4 0 3.554409478E-21
300.6 0 1.957039078E-05
300.8 0 -1.959002006E-05
301 0 -7.843875502E-05
301.2 0 -3.925879397E-05
301.4 0 1.964914487E-05
301.6 0 1.966893253E-05
301.8 0 -1.968876008E-05
302 0 -7.88345106E-05
302.2 0 -9.864267677E-05
302.4 0 -3.949696663E-05
302.6 0 5.930541498E-05
302.8 0 7.915400203E-05
303 0 -3.961713996E-05
303.2 0 -5.948604061E-05
303.4 0 -3.96976626E-05
303.6 0 -7.947609359E-05
303.8 0 -1.988925662E-05
304 0 7.138548893E-20
304.2 0 1.992984694E-05
304.4 0 5.985061287E-05
304.6 0 4.192901983E-21
304.8 0 -1.999104401E-05
305 0 6.003457992E-05
305.2 0 2.003205128E-05
305.4 0 -8.021047228E-05
305.6 0 -0.0001003661357
305.8 0 -8.03755144E-05
306 0 -2.011457261E-05
306.2 0 -4.027061856E-05
306.4 0 -6.046826625E-05
306.6 0 -8.070764463E-05
306.8 0 -0.0001009888831
307 0 -8.08747412E-05
307.2 0 -4.047927461E-05
307.4 0 -8.104253112E-05
307.6 0 -0.0001216900312
307.8 0 -0.0001015137734
308 0 -6.097164412E-05
308.2 0 -2.034505208E-05
308.4 0 -4.073253389E-05
308.6 0 -4.077505219E-05
308.8 0 -2.040882968E-05
309 0 -4.086035565E-05
309.2 0 -4.090314136E-05
309.4 0 -2.047300839E-05
309.6 0 3.276497646E-20
309.8 0 3.64437705E-20
310 0 -2.053759201E-05
310.2 0 4.901364581E-21
310.4 0 2.05808746E-05
310.6 0 4.618924294E-21
310.8 0 -4.124868004E-05
311 0 2.064614165E-05
311.2 0 2.066798942E-05
311.4 0 -2.068988347E-05
311.6 0 3.679159016E-21
311.8 0 -4.146762208E-05
312 0 -6.226753454E-05
312.2 0 -4.429081215E-20
312.4 0 2.080005325E-05
312.6 0 -3.000907496E-20
312.8 0 -1.851359099E-20
313 0 2.086672009E-05
313.2 0 2.088903743E-05
313.4 0 -2.738277479E-20
313.6 0 -1.85929633E-20
313.8 0 -1.489033027E-20
314 0 3.726581044E-21
314.2 0 2.649929627E-20
314.4 0 -2.102395048E-05
314.6 0 -5.057565839E-21
314.8 0 4.21386192E-05
315 0 6.32761879E-05
315.2 0 2.111486486E-05
315.4 0 -2.113771645E-05
315.6 0 2.116061755E-05
315.8 0 6.355070499E-05
316 0 2.120656895E-05
316.2 0 -2.122961957E-05
316.4 8.501088139E-06 4.25054407E-05
316.6 1.702069717E-05 2.127587146E-05
316.8 2.555888768E-05 2.129907306E-05
317 3.411572052E-05 6.396697598E-05
317.2 3.415300546E-05 4.269125683E-05
317.4 3.419037199E-05 -3.034033935E-20
317.6 3.422782037E-05 -2.139238773E-05
317.8 3.426535088E-05 2.14158443E-05
318 3.430296378E-05 2.143935236E-05
318.2 3.434065934E-05 -1.87098426E-20
318.4 3.437843784E-05 2.148652365E-05
318.6 2.581222467E-05 6.453056167E-05
318.8 1.722712238E-05 2.153390298E-05
319 8.623068433E-06 -1.914705823E-20
319.2 0 4.316298343E-05
319.4 8.642146018E-06 -0
319.6 1.7303433E-05 3.45792055E-20
319.8 2.598392461E-05 3.846393517E-21
320 3.468368479E-05 2.1677303E-05
320.2 3.472222222E-05 4.340277778E-05
320.4 3.476084538E-05 -2.172552836E-05
320.6 3.479955457E-05 4.349944321E-05
320.8 2.612876254E-05 6.532190635E-05
321 2.615792411E-05 2.179827009E-05
321.2 2.618715084E-05 2.18226257E-05
321.4 2.621644295E-05 4.369407159E-05
321.6 3.49944009E-05 2.187150056E-05
321.8 3.503363229E-05 -2.189602018E-05
322 3.507295174E-05 2.192059484E-05
322.2 3.511235955E-05 6.583567416E-05
322.4 3.515185602E-05 6.590973003E-05
322.6 3.519144144E-05 6.59839527E-05
322.8 2.642333709E-05 6.605834273E-05
323 1.763544018E-05 6.613290068E-05
323.2 8.827683616E-06 4.413841808E-05
323.4 0 4.418834842E-05
323.6 0 6.635758777E-05
323.8 0 4.428854875E-05
324 0 8.867763905E-05
324.2 0 6.658380682E-05
324.4 0 2.22198521E-05
324.6 0 -2.224515945E-05
324.8 0 -6.681157355E-05
325 0 -2.229594749E-05
325.2 0 -2.232142857E-05
325.4 0 -8.938787185E-05
325.6 0 -4.474513173E-05
325.8 0 6.719466743E-05
326 0 6.727181401E-05
326.2 0 4.489942529E-05
326.4 0 2.247554661E-05
326.6 9.000576037E-06 -2.250144009E-05
326.8 9.010957324E-06 6.758217993E-05
327 9.021362587E-06 0.0001578738453
327.2 9.031791908E-06 0.0001128973988
327.4 9.04224537E-06 6.781684028E-05
327.6 9.052723059E-06 4.52636153E-05
327.8 0 2.265806265E-05
328 0 -4.536875726E-05
328.2 0 -4.542151163E-05
328.4 0 -4.547438882E-05
328.6 0 -4.552738928E-05
328.8 0 6.837077013E-05
329 0 6.845064252E-05
329.2 0 4.56871345E-05
329.4 0 9.148126464E-05
329.6 0 6.869138335E-05
329.8 0 4.584800469E-05
330 0 -4.142447487E-20
330.2 0 -4.595588235E-05
330.4 0 -2.300500589E-05
330.6 0 2.303213443E-05
330.8 0 2.305932704E-05
331 0 -2.308658392E-05
331.2 0 -4.622781065E-05
331.4 0 -4.628258294E-05
331.6 9.267497034E-06 -4.633748517E-05
331.8 1.855700713E-05 -4.639251781E-05
332 1.857907253E-05 -2.322384067E-05
332.2 1.860119048E-05 2.32514881E-05
332.4 1.862336114E-05 4.655840286E-05
332.6 9.322792363E-06 4.661396181E-05
332.8 9.333930705E-06 2.333482676E-05
333 1.869019139E-05 -4.672547847E-05
333.2 1.871257485E-05 -2.339071856E-05
333.4 1.873501199E-05 2.341876499E-05
333.6 1.8757503E-05 2.65094441E-20
333.8 1.878004808E-05 1.1279437E-20
334 1.880264741E-05 -4.700661853E-05
334.2 1.88253012E-05 -2.353162651E-05
334.4 1.884800965E-05 -1.013449693E-20
334.6 1.887077295E-05 4.717693237E-05
334.8 1.889359129E-05 0.0001180849456
335 1.891646489E-05 7.093674334E-05
335.2 1.893939394E-05 7.102272727E-05
335.4 1.896237864E-05 9.48118932E-05
335.6 1.89854192E-05 9.492709599E-05
335.8 1.900851582E-05 4.752128954E-05
336 1.90316687E-05 2.378958587E-05
336.2 1.905487805E-05 2.381859756E-05
336.4 1.907814408E-05 4.76953602E-05
336.6 9.550733496E-06 9.550733496E-05
336.8 9.562423501E-06 7.171817625E-05
337 1.914828431E-05 4.787071078E-05
337.2 1.917177914E-05 9.585889571E-05
337.4 1.91953317E-05 7.198249386E-05
337.6 2.882841328E-05 2.402367774E-05
337.8 3.848522167E-05 7.215979064E-05
338 4.816584464E-05 9.633168927E-05
338.2 5.787037037E-05 7.233796296E-05
338.4 5.794190358E-05 4.828491965E-05
338.6 4.834467822E-05 7.251701733E-05
338.8 5.808550186E-05 7.260687732E-05
339 6.785049628E-05 7.26969603E-05
339.2 7.763975155E-05 9.704968944E-05
339.4 8.745335821E-05 9.717039801E-05
339.6 9.729140722E-05 9.729140722E-05
339.8 9.74127182E-05 7.305953865E-05
340 9.753433208E-05 7.315074906E-05
340.2 9.765625E-05 7.32421875E-05
340.4 9.777847309E-05 7.333385482E-05
340.6 9.790100251E-05 9.790100251E-05
340.8 0.0001078262233 7.351787955E-05
341 0.0001079616834 2.453674623E-05
341.2 0.0001080974843 -5.719055967E-20
341.4 0.0001082336272 4.095304309E-22
341.6 0.0001083701135 2.462957125E-05
341.8 0.0001085069444 -7.118676219E-20
342 0.0001086441214 2.469184576E-05
342.2 0.0001087816456 -1.258470009E-19
342.4 0.0001188212928 -7.426330798E-05
342.6 0.0001189720812 -2.478585025E-05
342.8 0.0001191232529 2.481734435E-05
343 0.0001292143766 2.484891858E-05
343.2 0.0001393312102 -4.97611465E-05
343.4 0.0001395089286 -7.473692602E-05
343.6 0.000159642401 -4.988825032E-05
343.8 0.0001698369565 -2.497602302E-05
344 0.0001800576184 -2.500800256E-05
344.2 0.0001903044872 -5.008012821E-05
344.4 0.0002005776637 -0.0001002888318
344.6 0.0002008354756 -0.0001255221722
344.8 0.0001910392535 -5.027348777E-05
345 0.0001812177835 -2.51691366E-05
345.2 0.0001713709677 -2.52016129E-05
345.4 0.0001715923773 -2.523417313E-05
345.6 0.0001718143596 -5.053363519E-05
345.8 0.0001619170984 -5.059909326E-05
346 0.0001519941634 9.950560191E-21
346.2 0.0001420454545 -4.747869803E-21
346.4 0.0001320708713 -5.079648895E-05
346.6 0.0001220703125 -0.0001017252604
346.8 0.0001222294654 -2.546447197E-05
347 0.0001121899478 -2.18616409E-23
347.2 0.000102124183 -7.659313725E-05
347.4 9.203206806E-05 2.556446335E-05
347.6 9.215268676E-05 2.559796855E-05
347.8 9.227362205E-05 -7.689468504E-05
348 0.0001026609724 -0.0001539914586
348.2 9.251644737E-05 -0.0001027960526
348.4 8.234519104E-05 -5.14657444E-05
348.6 7.214709763E-05 -7.730046174E-05
348.8 6.192206077E-05 -0.0001032034346
349 5.166997354E-05 -0.0001033399471
349.2 4.139072848E-05 -2.58692053E-05
349.4 2.072281167E-05 -7.771054377E-05
349.6 1.0375166E-05 -7.781374502E-05
349.8 1.038896277E-05 -2.597240691E-05
350 1.040279627E-05 -7.802097204E-05
350.2 1.041666667E-05 -7.8125E-05
350.4 1.04305741E-05 -5.215287049E-05
350.6 1.044451872E-05 -5.222259358E-05
350.8 0 -2.614625167E-05
351 0 -2.618130027E-05
351.2 0 -5.243288591E-05
351.4 0 -7.875504032E-05
351.6 0 -7.886103634E-05
351.8 0 -5.264487871E-05
352 0 -2.635796221E-05
352.2 0 -5.278716216E-05
352.4 0 -0.0001057171854
352.6 0 -2.64651084E-05
352.8 0 -4.078224804E-20
353 0 -2.653702446E-05
353.2 0 -7.843381625E-21
353.4 0 -1.598325417E-20
353.6 0 -7.993690314E-05
353.8 0 -8.004610656E-05
354 0 -2.671853625E-05
354.2 0 -8.026541096E-05
354.4 0 -0.0001071673525
354.6 0 -2.682864011E-05
354.8 0 2.686554333E-05
355 0 -5.836635674E-20
355.2 0 -2.693965517E-05
355.4 0 -0.0001348843232
355.6 0 -0.0001890992393
355.8 0 -0.0001082063712
356 0 -5.417822469E-05
356.2 0 -8.138020833E-05
356.4 0 -8.14933936E-05
356.6 0 -8.160689415E-05
356.8 0 -0.0001089609484
357 0 -8.183484637E-05
357.2 0 -2.731643357E-05
357.4 0 -2.735469188E-05
357.6 0 -2.599898114E-20
357.8 0 4.456887779E-20
358 0 -5.494022504E-05
358.2 0 -8.252640845E-05
358.4 0 -5.509520451E-05
358.6 0 -5.51730226E-05
358.8 0 -5.525106082E-05
359 0 -5.532932011E-05
359.2 0 -8.311170213E-05
359.4 0 -5.548650568E-05
359.6 0 -2.778271693E-05
359.8 0 -1.858841842E-20
360 0 -5.572396576E-05
360.2 0 -5.580357143E-05
360.4 0 2.794170243E-05
360.6 0 2.798173352E-05
360.8 0 -6.055490716E-20
361 0 -7.975740119E-20
361.2 0 8.430755396E-05
361.4 0 5.628602305E-05
361.6 0 -4.134450157E-20
361.8 0 2.822434971E-05
362 0 5.653039074E-05
362.2 0 -7.774440233E-20
362.4 0 -5.669448476E-05
362.6 0 -0.0001135537791
362.8 0 -8.528930131E-05
363 0 -1.517250854E-20
363.2 0 -5.702554745E-05
363.4 0 6.192634382E-22
363.6 0 5.719253294E-05
363.8 0 2.863819648E-05
364 0 2.868024963E-05
364.2 0 -7.604759606E-20
364.4 0 -2.876472754E-05
364.6 0 -2.880715339E-05
364.8 0 -5.769940916E-05
365 0 -5.778476331E-05
365.2 0 -2.893518519E-05
365.4 0 -6.19672301E-20
365.6 0 -8.407068808E-20
365.8 0 2.906436012E-05
366 0 2.910767511E-05
366.2 0 -5.696106936E-20
366.4 0 -2.919469357E-05
366.6 0 -9.868187438E-20
366.8 0 -2.928223388E-05
367 0 -5.86524024E-05
367.2 1.17481203E-05 -9.991856823E-20
367.4 2.353162651E-05 -2.941453313E-05
367.6 3.535067873E-05 -5.891779789E-05
367.8 3.540407855E-05 -2.950339879E-05
368 4.727685325E-05 -1.629265493E-20
368.2 4.734848485E-05 -2.959280303E-05
368.4 4.742033384E-05 -5.92754173E-05
368.6 4.749240122E-05 -5.936550152E-05
368.8 4.756468798E-05 -2.972792998E-05
369 4.763719512E-05 -2.977324695E-05
369.2 4.770992366E-05 -5.963740458E-05
369.4 3.583715596E-05 -3.182978855E-20
369.6 3.589203675E-05 -2.991003063E-05
369.8 2.396472393E-05 -2.995590491E-05
370 2.40015361E-05 3.000192012E-05
370.2 2.403846154E-05 -5.211925188E-20
370.4 3.611325116E-05 -9.028312789E-05
370.6 4.822530864E-05 -9.04224537E-05
370.8 4.829984544E-05 -6.03748068E-05
371 6.046826625E-05 -3.023413313E-05
371.2 6.05620155E-05 3.028100775E-05
371.4 6.06560559E-05 6.06560559E-05
371.6 4.860031104E-05 0.0001215007776
371.8 3.650700935E-05 9.126752336E-05
372 3.656396256E-05 3.04699688E-05
372.2 4.8828125E-05 9.155273438E-05
372.4 3.667840376E-05 9.169600939E-05
372.6 6.122648903E-05 9.183973354E-05
372.8 6.132260597E-05 0.0001533065149
373 6.141902516E-05 0.0001228380503
373.2 6.151574803E-05 6.151574803E-05
373.4 6.161277603E-05 0.0001232255521
373.6 4.936808847E-05 0.0001234202212
373.8 3.70846519E-05 0.0001236155063
374 1.238114105E-05 3.095285261E-05
374.2 2.48015873E-05 -3.100198413E-05
374.4 1.242050874E-05 3.105127186E-05
374.6 1.244028662E-05 -7.181976174E-20
374.8 1.246012759E-05 3.115031898E-05
375 1.248003195E-05 3.120007987E-05
375.2 1.25E-05 6.25E-05
375.4 1.252003205E-05 -3.130008013E-05
375.6 1.254012841E-05 -9.405096308E-05
375.8 1.256028939E-05 -2.231155596E-20
376 0 -6.290257649E-05
376.2 0 -9.450604839E-05
376.4 0 -3.155290792E-05
376.6 0 -2.612854051E-20
376.8 0 3.165518639E-05
377 0 -2.095871519E-21
377.2 0 -3.175813008E-05
377.4 0 4.148049896E-20
377.6 0 3.186174551E-05
377.8 0 3.191380719E-05
378 0 6.393207856E-05
378.2 0 6.403688525E-05
378.4 0 3.207101806E-05
378.6 0 3.212376645E-05
378.8 0 6.435337727E-05
379 0 6.870191984E-20
379.2 0 -3.228305785E-05
379.4 0 3.233650662E-05
379.6 0 -6.478026534E-05
379.8 0 -6.488787375E-05
380 0 6.499584027E-05
380.2 0 3.255208333E-05
380.4 0 -3.260642738E-05
380.6 0 -3.266095318E-05
380.8 0 1.821585211E-20
381 0 -3.277055369E-05
381.2 0 -6.56512605E-05
381.4 0 -3.288089226E-05
381.6 0 4.643256902E-20
381.8 0 -3.299197635E-05
382 0 -3.304780034E-05
382.2 0 -3.310381356E-05
382.4 0 -3.316001698E-05
382.6 0 -1.473605427E-19
382.8 0 -3.32729983E-05
383 0 -3.332977816E-05
383.2 0 -7.505788248E-20
383.4 0 -2.841564264E-20
383.6 0 2.01456342E-20
383.8 0 1.467393885E-20
384 0 7.315290995E-21
384.2 0 -7.650753708E-20
384.4 0 -9.81958146E-21
384.6 0 -2.050356627E-20
384.8 0 -7.516462816E-20
385 0 -3.390842014E-05
385.2 0 -6.793478261E-05
385.4 0 -6.805313589E-05
385.6 0 -3.408595113E-05
385.8 0 6.829108392E-05
386 0 5.956553498E-21
386.2 0 -6.853070175E-05
386.4 0 -6.865114236E-05
386.6 0 -0.0001031580106
386.8 0 -3.444664903E-05
387 0 -3.450750883E-05
387.2 0 -6.913716814E-05
387.4 0 -6.925975177E-05
387.6 0 -6.938277087E-05
387.8 0 -6.950622776E-05
388 0 -3.481506239E-05
388.2 0 -3.487723214E-05
388.4 0 -0.000104818873
388.6 0 -7.000448029E-05
388.8 0 -7.013016158E-05
389 0 3.512814748E-05
389.2 0 7.038288288E-05
389.4 0 -3.52549639E-05
389.6 0 -3.531871609E-05
389.8 0 -7.076539855E-05
390 0 -4.630639989E-21
390.2 0 -4.014113877E-20
390.4 0 -3.557604736E-05
390.6 0 -3.564096715E-05
390.8 0 3.570612431E-05
391 0 0.0001073145604
391.2 0 7.167431193E-05
391.4 0 7.180606618E-05
391.6 0 7.193830571E-05
391.8 0 7.207103321E-05
392 0 -1.452280883E-20
392.2 0 3.616898148E-05
392.4 0 0.000108708256
392.6 0 0.000108910316
392.8 0 7.274208566E-05
393 0 -3.643889925E-05
393.2 0 3.650700935E-05
393.4 0 0.0001097261236
393.6 0 7.32879925E-05
393.8 0 3.671287594E-05
394 0 7.356403013E-05
394.2 0 0.0001105542453
394.4 0 7.384215501E-05
394.6 0 0.0001479640152
394.8 0 0.0001111835863
395 0 0.000111394962
395.2 0 0.0001860119048
395.4 0 0.0001118201336
395.6 0 7.468929254E-05
395.8 0 7.483237548E-05
396 0 3.510486038E-21
396.2 0 4.085471582E-20
396.4 0 3.763246628E-05
396.6 0 3.770511583E-05
396.8 0 -5.015855291E-20
397 0 -3.785125969E-05
397.2 0 -3.792475728E-05
397.4 0 -3.799854086E-05
397.6 0 -7.614522417E-05
397.8 0 -0.000114440918
398 0 -7.644324853E-05
398.2 0 -7.659313725E-05
398.4 0 -3.837180747E-05
398.6 0 7.542108781E-20
398.8 1.540927022E-05 2.512586412E-20
399 3.087944664E-05 3.85993083E-05
399.2 3.094059406E-05 3.867574257E-05
399.4 3.100198413E-05 3.875248016E-05
399.6 3.106361829E-05 3.882952286E-05
399.8 3.112549801E-05 3.890687251E-05
400 3.118762475E-05 3.898453094E-05
400.2 3.125E-05 7.8125E-05
400.4 3.131262525E-05 3.914078156E-05
400.6 3.137550201E-05 3.921937751E-05
400.8 3.143863179E-05 3.929828974E-05
401 3.150201613E-05 -3.937752016E-05
401.2 3.156565657E-05 -3.945707071E-05
401.4 3.162955466E-05 -7.907388664E-05
401.6 3.169371197E-05 -7.923427992E-05
401.8 3.175813008E-05 -3.96976626E-05
402 3.182281059E-05 -3.977851324E-05
402.2 3.18877551E-05 -7.971938776E-05
402.4 3.195296524E-05 -3.994120654E-05
402.6 3.201844262E-05 4.002305328E-05
402.8 3.208418891E-05 4.010523614E-05
403 3.215020576E-05 -4.01877572E-05
403.2 3.221649485E-05 -4.027061856E-05
403.4 3.228305785E-05 4.035382231E-05
403.6 3.234989648E-05 4.04373706E-05
403.8 3.241701245E-05 4.052126556E-05
404 3.248440748E-05 8.121101871E-05
404.2 3.255208333E-05 8.138020833E-05
404.4 3.262004175E-05 4.077505219E-05
404.6 3.268828452E-05 5.718040979E-20
404.8 3.275681342E-05 -7.631804954E-20
405 3.282563025E-05 2.354007315E-20
405.2 3.289473684E-05 4.111842105E-05
405.4 3.296413502E-05 8.241033755E-05
405.6 3.303382664E-05 -6.208541149E-20
405.8 1.655190678E-05 -9.376276786E-20
406 1.658704883E-05 4.146762208E-05
406.2 1.662234043E-05 4.155585106E-05
406.4 0 -4.164445629E-05
406.6 0 1.677117198E-20
406.8 1.672912206E-05 8.364561028E-05
407 3.353004292E-05 9.784995448E-20
407.2 1.680107527E-05 4.200268817E-05
407.4 0 4.209321121E-05
407.6 0 3.546210441E-20
407.8 0 -4.22754329E-05
408 0 -8.473427332E-05
408.2 0 -8.491847826E-05
408.4 0 -8.510348584E-05
408.6 0 -4.264465066E-05
408.8 0 4.273796499E-05
409 0 4.28316886E-05
409.2 0 3.341591521E-20
409.4 0 -4.302037445E-05
409.6 0 -4.311534216E-05
409.8 0 1.410702333E-19
410 0 7.694215935E-20
410.2 0 -8.3226889E-21
410.4 0 8.076827559E-20
410.6 0 6.021225965E-20
410.8 0 -4.369407159E-05
411 1.751681614E-05 1.348638992E-19
411.2 1.755617978E-05 8.778089888E-05
411.4 1.759572072E-05 7.064115906E-20
411.6 3.527088036E-05 1.87222664E-20
411.8 3.535067873E-05 8.997861447E-20
412 3.5430839E-05 -8.857709751E-05
412.2 1.775568182E-05 2.637539752E-20
412.4 1.779612756E-05 4.449031891E-05
412.6 1.783675799E-05 1.185863309E-20
412.8 0 -8.938787185E-05
413 0 -4.479644495E-05
413.2 0 -8.842547163E-20
413.4 0 -4.500288018E-05
413.6 0 -4.510681293E-05
413.8 0 -4.521122685E-05
414 0 -4.004788613E-20
414.2 0 -4.542151163E-05
414.4 0 -4.552738928E-05
414.6 0 -1.933090723E-20
414.8 0 -7.547912695E-20
415 0 -2.343784714E-20
415.2 0 -3.690933107E-20
415.4 0 -3.957107774E-20
415.6 0 7.43701137E-20
415.8 0 4.628258294E-05
416 0 4.639251781E-05
416.2 0 -5.96740623E-20
416.4 0 -9.154376894E-20
416.6 0 1.978592312E-20
416.8 0 1.433657585E-20
417 0 -5.568887979E-20
417.2 0 -8.142562606E-20
417.4 0 -9.356555298E-20
417.6 0 -4.628952685E-20
417.8 0 -9.963989403E-20
418 0 -3.168985459E-20
418.2 0 2.89809066E-20
418.4 0 -2.692932227E-20
418.6 0 7.689834076E-20
418.8 0 -4.286148105E-20
419 0 1.376921559E-19
419.2 0 1.920188131E-20
419.4 0 -9.596999214E-20
419.6 0 4.202173787E-20
419.8 0 7.977089046E-21
420 0 5.683750548E-20
420.2 0 3.624510422E-20
420.4 0 4.895050125E-05
420.6 0 -5.107090019E-20
420.8 0 -4.919710327E-05
421 0 -4.932133838E-05
421.2 0 -4.944620253E-05
421.4 0 2.566023792E-21
421.6 0 4.969783715E-05
421.8 0 9.964923469E-05
422 0 9.990409207E-05
422.2 0 0.0001001602564
422.4 0 0.0001004177378
422.6 0 5.03382732E-05
422.8 0 -5.782091237E-20
423 0 -5.059909326E-05
423.2 0 -0.000101461039
423.4 0 -0.0001017252604
423.6 0 -5.099543081E-05
423.8 0 -1.370133713E-19
424 0 -5.126312336E-05
424.2 0 -0.0001027960526
424.4 0 5.153364116E-05
424.6 0 5.166997354E-05
424.8 0 -0.0001036140584
425 0 -5.194481383E-05
425.2 0 4.961984499E-20
425.4 0 -1.874344952E-20
425.6 0 5.410697263E-20
425.8 0 -8.463085628E-20
426 0 2.850787407E-21
426.2 0 2.187608095E-20
426.4 0 5.570429399E-20
426.6 0 -4.548014452E-20
426.8 0 1.246048267E-19
427 0 9.74234754E-20
427.2 0 7.785592294E-20
427.4 0 5.496467761E-20
427.6 0 8.942940158E-20
427.8 0 1.402140103E-21
428 0 1.47803134E-19
428.2 0 1.427661895E-19
428.4 0 -6.24678952E-20
428.6 0 7.279482737E-20
428.8 0 -1.731388574E-20
429 0 -1.58383101E-19
429.2 0 6.832146039E-20
429.4 0 5.51730226E-05
429.6 0 5.532932011E-05
429.8 0 7.032179818E-20
430 0 1.07222595E-19
430.2 0 1.080099725E-19
430.4 0 8.268623374E-20
430.6 0 5.413449313E-20
430.8 0 5.628602305E-05
431 0 0.0001128973988
431.2 0 5.661231884E-05
431.4 0 -1.203108431E-21
431.6 0 -5.158544231E-20
431.8 0 -7.624561942E-20
432 0 1.499200407E-19
432.2 0 5.744485294E-05
432.4 0 5.761430678E-05
432.6 0 -6.825822524E-20
432.8 0 -1.636252397E-20
433 0 1.379164307E-19
433.2 0 5.830223881E-05
433.4 0 5.847679641E-05
433.6 0 2.050995443E-20
433.8 0 6.397849043E-21
434 0 9.887002958E-21
434.2 0 -8.824901457E-20
434.4 0 3.981952146E-20
434.6 0 2.625472279E-20
434.8 0 -1.141746281E-19
435 0 1.017548487E-19
435.2 0 3.356529256E-21
435.4 0 1.87472734E-20
435.6 0 -9.501509062E-20
435.8 0 -1.251532202E-19
436 0 -8.434423959E-20
436.2 0 6.103515625E-05
436.4 0 0.0001224529781
436.6 0 0.0001228380503
436.8 0 0.0001232255521
437 0 0.0001236155063
437.2 0 6.200396825E-05
437.4 0 1.696595577E-20
437.6 0 6.240015974E-05
437.8 0 0.0001252003205
438 0 0.0001256028939
438.2 0 0.0001890120968
438.4 0 0.0001264158576
438.6 0 6.341314935E-05
438.8 0 0.0001272394137
439 0 0.0001276552288
439.2 0 0.0001280737705
439.4 0 6.424753289E-05
439.6 0 -1.924192754E-20
439.8 0 -1.010640077E-20
440 0 -1.798787336E-19
440.2 0 -6.632740075E-20
440.4 0 -6.84413147E-21
440.6 0 -8.589412544E-20
440.8 0 -7.809454952E-20
441 0 5.064380307E-20
441.2 0 1.076837362E-19
441.4 0 2.941499668E-20
441.6 0 -6.793984813E-20
441.8 0 -1.343506756E-19
442 0 6.0637146E-20
442.2 0 1.02689248E-19
442.4 0 4.978029913E-20
442.6 0 1.099675873E-19
442.8 0 1.541235725E-19
443 0 6.070942837E-20
443.2 0 5.589661126E-20
443.4 0 1.238818878E-19
443.6 0 5.703381098E-20
443.8 0 -5.258459816E-20
444 0 1.119488061E-19
444.2 0 9.343259413E-20
444.4 0 6.49236986E-21
444.6 0 -5.914933154E-20
444.8 0 1.614565201E-19
445 0 1.538076463E-19
445.2 0 -1.243951755E-20
445.4 0 1.011432603E-19
445.6 0 -3.001006517E-21
445.8 0 7.180606618E-05
446 0 1.265357161E-19
446.2 0 1.014006696E-19
446.4 0 1.021746033E-19
446.6 0 5.959635002E-20
446.8 0 7.315074906E-05
447 0 -7.342575188E-05
447.2 0 -3.713324085E-20
447.4 0 -1.941099087E-19
447.6 0 -7.426330798E-05
447.8 0 -8.784453487E-20
448 0 1.723950782E-20
448.2 0 1.261971887E-19
448.4 0 1.175234837E-19
448.6 0 3.683124283E-20
448.8 0 1.118385608E-19
449 0 -8.636697032E-20
449.2 0 1.295335636E-19
449.4 0 1.384818448E-19
449.6 0 1.442398122E-20
449.8 0 1.214558429E-20
450 0 1.751219098E-20
450.2 0 -5.116892295E-20
450.4 0 -4.841517756E-20
450.6 0 1.834969033E-20
450.8 0 9.77005842E-21
451 0 -8.008269953E-20
451.2 0 -1.227634949E-19
451.4 0 -9.465876036E-20
451.6 0 -1.749642666E-19
451.8 0 -1.492566023E-19
452 0 7.629539912E-20
452.2 0 5.46700546E-20
452.4 0 -1.646801268E-19
452.6 0 3.819829621E-21
452.8 0 1.922085737E-19
453 0 4.618297616E-20
453.2 0 6.749677773E-20
453.4 0 1.185256055E-19
453.6 0 1.777418445E-19
453.8 0 -7.884936695E-20
454 0 -5.772904225E-20
454.2 0 -9.064640307E-20
454.4 0 4.243461111E-20
454.6 0 1.275648609E-19
454.8 0 -8.561345115E-20
455 0 1.070175067E-19
455.2 0 7.418816391E-20
455.4 0 -7.372016482E-20
455.6 0 8.758408072E-05
455.8 0 -1.280926766E-19
456 0 -8.837669683E-05
456.2 0 5.493737244E-21
456.4 0 1.444232062E-19
456.6 0 1.077494636E-19
456.8 0 2.005859857E-20
457 0 1.483932132E-19
457.2 0 9.084302326E-05
457.4 0 9.126752336E-05
457.6 0 5.464228166E-20
457.8 0 2.150585279E-19
458 0 1.980998038E-20
458.2 0 2.507194763E-19
458.4 0 -3.376785985E-20
458.6 0 -1.568841051E-20
458.8 0 6.754853584E-21
459 0 -1.400880953E-20
459.2 0 2.255351536E-19
459.4 0 1.000711285E-19
459.6 0 -2.004044795E-19
459.8 0 9.668935644E-05
460 0 9.717039801E-05
460.2 0 9.765625E-05
460.4 0 9.814698492E-05
460.6 0 -2.830708329E-19
460.8 0 3.264809943E-20
461 0 1.936351633E-19
461.2 0 -1.657687114E-19
461.4 0 -1.289558128E-20
461.6 0 2.062180464E-19
461.8 0 -2.064238379E-19
462 0 6.40336901E-20
462.2 0 5.448170815E-20
462.4 0 1.334785169E-19
462.6 0 -2.472944776E-20
462.8 0 4.375057159E-20
463 0 1.517415414E-19
463.2 0 3.762141136E-20
463.4 0 -1.054026071E-19
463.6 0 -1.345914165E-19
463.8 0 9.684369217E-20
464 0 1.386643037E-19
464.2 0 -1.520528804E-20
464.4 0 -9.516018533E-20
464.6 0 -1.845479447E-21
464.8 0 6.833336984E-20
465 0 1.828372511E-20
465.2 0 9.292819203E-21
465.4 0 -1.713724114E-19
465.6 0 2.857293804E-20
465.8 0 -1.174403922E-19
466 0 4.392654322E-20
466.2 0 -6.709023023E-20
466.4 0 1.73804203E-20
466.6 0 -1.040183136E-19
466.8 0 3.184696512E-20
467 0 7.714853272E-20
467.2 0 -3.655586411E-20
467.4 0 -9.570875575E-20
467.6 0 -7.919713525E-20
467.8 0 -6.594635879E-20
468 0 -5.979684454E-20
468.2 0 -9.911281249E-20
468.4 0 -3.932390293E-20
468.6 0 -2.215581871E-19
468.8 0 -1.914170011E-19
469 0 -3.757703574E-20
469.2 0 9.841241017E-20
469.4 0 -1.963386902E-19
469.6 0 9.828204113E-20
469.8 0 2.23021135E-19
470 0 -1.383561641E-19
470.2 0 -2.985035054E-23
470.4 0 8.539342507E-20
470.6 0 5.763937668E-21
470.8 0 5.295058209E-20
471 0 3.129487055E-19
471.2 0 1.885917353E-19
471.4 0 -5.594866674E-20
471.6 0 1.01624635E-19
471.8 0 2.099130819E-19
472 0 1.241844928E-19
472.2 0 6.384272497E-20
472.4 0 6.624383141E-20
472.6 0 2.27886613E-19
472.8 0 3.080714727E-19
473 0 3.251697506E-21
473.2 0 2.567393232E-20
473.4 0 2.781585038E-19
473.6 0 3.125460112E-19
473.8 0 2.692129651E-20
474 0 1.306004628E-20
474.2 0 2.622267469E-19
474.4 0 2.162758865E-19
474.6 0 1.671884206E-19
474.8 0 5.226063133E-19
475 0 4.308923469E-19
475.2 0 3.173103533E-19
475.4 0 2.520742881E-19
475.6 0 6.311120744E-20
475.8 0 3.685474565E-19
476 0 1.755409746E-19
476.2 0 1.741915816E-19
476.4 0 2.922273942E-19
476.6 0 2.997185346E-19
476.8 0 2.39576765E-19
477 0 4.502913663E-20
477.2 0 -2.17386816E-19
477.4 0 -2.222331346E-19
477.6 0 1.812975922E-19
477.8 0 4.081214898E-20
478 0 -2.063081596E-19
478.2 0 -3.931605878E-20
478.4 0 3.76158517E-20
478.6 0 -2.378395906E-19
478.8 0 -5.292771492E-20
479 0 -3.020271767E-19
479.2 0 8.159996938E-20
479.4 0 -1.696522547E-19
479.6 0 2.452386964E-19
479.8 0 4.341465294E-19
480 0 4.078667129E-19
480.2 0 1.197812852E-19
480.4 0 0.0001972853535
480.6 0 1.311761322E-19
480.8 0 3.168315323E-19
481 0 0.0002034505208
481.2 0 3.51972955E-19
481.4 0 2.816390508E-19
481.6 0 -4.17109938E-20
481.8 0 -1.287352408E-19
482 0 -1.389133588E-19
482.2 0 -0.0002170138889
482.4 0 -1.761880539E-19
482.6 0 0.0002219460227
482.8 0 3.43532111E-20
483 0 2.72627781E-19
483.2 0 7.68951431E-20
483.4 0 -1.284595548E-19
483.6 0 -5.50739658E-20
483.8 0 2.020149235E-19
484 0 2.934586895E-19
484.2 0 1.599489986E-20
484.4 0 1.97930117E-20
484.6 0 1.720527054E-19
484.8 0 -1.338625681E-19
485 0 -0.0002569901316
485.2 0 -0.0002604166667
485.4 0 -4.998267121E-20
485.6 0 -1.08425834E-19
485.8 0 5.353545948E-21
486 0 5.798122384E-20
486.2 0 -4.631112655E-19
486.4 0 -2.769282841E-19
486.6 0 3.674085969E-19
486.8 0 -1.359736361E-19
487 0 1.73591823E-19
487.2 0 -1.166921657E-20
487.4 0 7.453810266E-19
487.6 0 -9.221569567E-20
487.8 0 -1.352199107E-19
488 0 -6.587901183E-19
488.2 0 -9.299054677E-19
488.4 0 -1.211254524E-18
488.6 0 -8.356813074E-19
488.8 0 -4.390878358E-19
489 0 -1.333210608E-19
489.2 0 -2.357506067E-19
489.4 0 -4.355008342E-19
489.6 0 1.645024957E-20
489.8 0 -6.47556835E-19
490 0 -4.897319638E-19
490.2 0 -6.987551162E-19
490.4 0 -4.382830991E-19
490.6 0 -2.442486562E-19
490.8 0 -7.184775017E-19
491 0 -8.495717855E-19
491.2 0 -5.46115335E-19
491.4 0 3.765492161E-19
491.6 0 -9.370717613E-19
491.8 0 -7.282251478E-19
492 0 -4.992718542E-19
492.2 0 -6.9039652E-19
492.4 0 -1.960283123E-19
492.6 0 3.259104052E-21
492.8 0 -6.155363622E-19
493 0 -6.023116778E-19
493.2 0 1.34572443E-19
493.4 0 8.891830902E-19
493.6 0 -3.537043381E-19
493.8 0 -6.107464981E-19
494 0 9.782790221E-21
494.2 0 -1.271190915E-19
494.4 0 -6.086856123E-19
494.6 0 9.029073783E-19
494.8 0 9.869904309E-19
495 0 5.726374936E-19
495.2 0 -2.100914741E-20
495.4 0 -1.375902297E-18
495.6 0 -5.880580116E-19
495.8 0 -1.567681595E-18
496 0 -1.195323087E-18
496.2 0 -1.189425155E-18
496.4 0 6.962127174E-19
496.6 0 -3.707846552E-19
496.8 0 -3.368851662E-19
497 0 -8.541721396E-19
497.2 0 9.341094309E-20
497.4 0 2.863030259E-20
497.6 0 1.638912689E-18
497.8 0 2.198384217E-18
498 0 7.177325341E-19
498.2 0 1.534406681E-18
498.4 0 -3.142334055E-19
498.6 0 -2.349443196E-19
498.8 0 -5.404273426E-19
499 0 -3.096738725E-18
499.2 0 -3.972090262E-18
499.4 0 -2.533175636E-18
499.6 0 1.106275142E-18
499.8 0 -1.016038153E-17
500 0 -5.803646359E-18
