0 0.007384546182 -7.80937625E-05
0.2 0.006615625 0.0012265625
0.4 0.006261879752 0.00037515006
0.6 0.005973528823 0.0003518439752
0.8 0.005709976972 0.0003441629956
1 0.005461863982 0.000234750601
1.2 0.005244864729 0.0001409068136
1.4 0.005021426423 0.0001174694266
1.6 0.004838547934 9.401323706E-05
1.8 0.004664927769 7.837580257E-05
2 0.004494304496 -2.352217985E-05
2.2 0.004361194779 4.706325301E-05
2.4 0.004224839293 0.0001255524307
2.6 0.004091514268 4.710108521E-05
2.8 0.003954940692 -2.356001206E-05
3 0.003827685036 5.499547466E-05
3.2 0.003712902414 0.0001021755533
3.4 0.003604317633 8.649104267E-05
3.6 0.003483059807 3.932994362E-05
3.8 0.003390033239 -0
4 0.003306378476 3.148931882E-05
4.2 0.003216355847 -7.416572078E-21
4.4 0.003132563534 9.454417104E-05
4.6 0.003048703592 0.0001655190678
4.8 0.002961621922 0.0001261606782
5 0.002883935784 5.521758885E-05
5.2 0.002806186869 -8.41078049E-21
5.4 0.002731532943 -7.89460388E-06
5.6 0.00265997776 -4.738677719E-05
5.8 0.002588364684 -3.95049555E-05
6 0.002535663699 -3.952094294E-05
6.2 0.002470268219 -5.535172065E-05
6.4 0.002417476711 -7.119532199E-05
6.6 0.002377304498 -3.956898298E-05
6.8 0.002337099716 3.166801784E-05
7 0.002293694242 8.712236415E-05
7.2 0.002234406694 8.715770791E-05
7.4 0.002168729708 5.632219078E-21
7.6 0.002112515225 4.757917174E-05
7.8 0.002037215678 7.933082859E-05
8 0.001984076595 8.729937017E-05
8.2 0.001924542683 0.0001270325203
8.4 0.001858606141 -1.588552257E-05
8.6 0.001824399919 -6.356794142E-05
8.8 0.00177744709 2.38476801E-05
9 0.001739998982 7.15721702E-05
9.2 0.00168342668 7.955702648E-05
9.4 0.001633175428 6.367155664E-05
9.6 0.001611547085 7.962189156E-05
9.8 0.001577156403 0.0001115161093
10 0.001536362709 6.374949E-05
10.2 0.00149872449 -2.391581633E-05
10.4 0.001461055533 -1.595038791E-05
10.6 0.001423355801 1.595690359E-05
10.8 0.00139520331 7.981712301E-06
11 0.00136383381 3.193990188E-05
11.2 0.00133243865 4.792944785E-05
11.4 0.001291427987 4.794905892E-05
11.6 0.001263175399 3.997390503E-05
11.8 0.001222102785 -1.599610975E-05
12 0.001200199713 -2.400399426E-05
12.2 0.001168673156 -1.600922131E-05
12.4 0.001146730217 -5.605524805E-05
12.6 0.001124769278 -5.607824036E-05
12.8 0.001118819245 -6.411571604E-05
13 0.001090414614 -6.414203612E-05
13.2 0.00107161191 -0
13.4 0.001056003492 -4.814605588E-05
13.6 0.0010435933 -8.027640773E-05
13.8 0.001018323396 -6.424753289E-05
14 0.001002673797 -4.017122583E-05
14.2 0.0009837962963 8.03755144E-06
14.4 0.0009616869082 -2.412258131E-05
14.6 0.0009363416392 -9.65300659E-05
14.8 0.0008948805109 -7.242737948E-05
15 0.0008791477741 -8.050803792E-06
15.2 0.0008440721649 -4.027061856E-05
15.4 0.0008089676155 -8.05744637E-05
15.6 0.0007802827074 -9.672926125E-05
15.8 0.0007580253922 -8.064099917E-05
16 0.0007357496902 -0.000129078893
16.2 0.0007166838843 -0.000104919938
16.4 0.000697602315 -3.229640347E-05
16.6 0.0006849669148 -8.077440033E-06
16.8 0.0006690887464 1.616156392E-05
17 0.0006531974338 4.308088103E-21
17.2 0.0006502329193 2.426242236E-05
17.4 0.0006343206297 1.618164872E-05
17.6 0.000637821177 -4.047088686E-05
17.8 0.0006348466003 -6.478026534E-05
18 0.0006286291995 -6.480713397E-05
18.2 0.000609439834 -8.104253112E-06
18.4 0.0005902345372 1.621523454E-05
18.6 0.0005872352575 -4.866590532E-05
18.8 0.0005777420025 -4.868612381E-05
19 0.0005682408562 -8.929499169E-05
19.2 0.0005652286902 -0.0001380587318
19.4 0.0005622140183 -8.124480033E-05
19.6 0.0005559456929 -4.876716604E-05
19.8 0.0005529246461 -2.439373439E-05
20 0.0005499010829 5.780003252E-21
20.2 0.0005403645833 2.891205793E-21
20.4 0.0005308201334 -4.070706544E-05
20.6 0.0005212677231 -8.144808173E-05
20.8 0.0005149666249 -8.148206091E-06
21 0.0004988783389 6.521285476E-05
21.2 0.0004990866388 7.339509395E-05
21.4 0.0004895050125 3.26336675E-05
21.6 0.0004799153782 -1.632365232E-05
21.8 0.0004801160117 3.266095318E-05
22 0.0004705144291 4.90119197E-05
22.2 0.0004641736402 3.268828452E-05
22.4 0.0004545573462 3.270196735E-05
22.6 0.000458019263 8.17891541E-06
22.8 0.0004516652702 4.909405111E-05
23 0.0004289344091 7.367194049E-05
23.2 0.0004192872117 4.094601677E-05
23.4 0.0004129089765 1.638527685E-05
23.6 0.0003966900965 -1.639215275E-05
23.8 0.0003837374055 -8.199517212E-06
24 0.0003674926501 3.281184376E-05
24.2 0.0003512342437 4.923844538E-05
24.4 0.0003316782261 8.209857083E-06
24.6 0.0003219617325 -4.106654752E-05
24.8 0.0002958035339 -8.21676483E-06
25 0.0002794875842 3.288089226E-05
25.2 0.0002697368421 4.934210526E-05
25.4 0.0002533961668 3.290859309E-05
25.6 0.0002436262115 3.292246102E-05
25.8 0.0002305543845 3.293634064E-05
26 0.0002207665542 8.237557992E-06
26.2 0.0002175632911 -2.472310127E-05
26.4 0.0002077617138 8.244512453E-06
26.6 0.0001979518581 3.299197635E-05
26.8 0.0001881337136 8.251478665E-06
27 0.0001717032967 1.650993238E-05
27.2 0.0001618657505 -2.477536998E-05
27.4 0.0001487151015 2.478585025E-05
27.6 0.0001421656792 4.95926788E-05
27.8 0.0001289955546 -2.480683743E-05
28 0.0001191232529 -4.963468869E-05
28.2 0.0001059322034 -6.620762712E-05
28.4 0.0001026653243 -4.139730818E-05
28.6 8.945610687E-05 -4.162157209E-21
28.8 7.623568095E-05 -4.14324353E-05
29 6.632003396E-05 -6.632003396E-05
29.2 5.639596603E-05 1.658704883E-05
29.4 4.978228547E-05 -8.297047579E-06
29.6 4.648321292E-05 -5.810401615E-05
29.8 4.318133503E-05 4.152051446E-05
30 3.987664823E-05 3.32305402E-05
30.2 3.989361702E-05 -4.155585106E-05
30.4 3.991060026E-05 -1.662941677E-05
30.6 3.992759796E-05 -7.388089761E-21
30.8 4.327332765E-05 -1.664358756E-05
31 4.662190963E-05 -1.665068201E-05
31.2 3.997867804E-05 -1.665778252E-05
31.4 3.666275597E-05 -1.666488908E-05
31.6 3.667840376E-05 2.961542426E-21
31.8 4.002988898E-05 2.501868061E-05
32 4.338423751E-05 -1.668624519E-05
32.2 5.008012821E-05 -7.512019231E-05
32.4 5.678174434E-05 -3.340102608E-05
32.6 6.348909324E-05 -8.353828058E-06
32.8 7.020218228E-05 3.342961061E-05
33 7.692101884E-05 4.180490154E-05
33.2 8.029978587E-05 -1.672912206E-05
33.4 8.702870608E-05 -1.673628963E-05
33.6 9.376339477E-05 -4.185865838E-05
33.8 0.0001005038593 -8.375321612E-06
34 0.0001038985414 -5.953576923E-21
34.2 0.0001072961373 -2.514753219E-05
34.4 0.0001140510949 -1.677221984E-05
34.6 0.0001174559708 -4.1948561E-05
34.8 0.0001208637731 -5.875322303E-05
35 0.0001209157352 -8.396926053E-05
35.2 0.000127688172 2.52016129E-05
35.4 0.0001311047762 7.563737091E-05
35.6 0.0001277981059 -8.407770125E-06
35.8 0.0001312177003 -1.748170945E-20
36 0.0001211762171 3.366006032E-05
36.2 0.0001212284483 1.683728448E-05
36.4 0.0001246496335 -2.526681759E-05
36.6 0.0001247034081 1.685181191E-05
36.8 0.0001281290462 1.685908502E-05
37 0.0001281843696 -1.686636442E-05
37.2 0.0001349892009 1.198944951E-20
37.4 0.0001384237252 -1.688094209E-05
37.6 0.0001418612192 -2.533236057E-05
37.8 0.0001486807958 -8.447772491E-06
38 0.0001521257032 -1.690285591E-05
38.2 0.0001521915584 -2.536525974E-05
38.4 0.0001624079688 -3.38349935E-05
38.6 0.0001726332322 -2.538724003E-05
38.8 0.0001693216298 -8.466081491E-06
39 0.0001626192541 -1.693950564E-05
39.2 0.0001626898048 8.473427332E-06
39.4 0.0001593695747 -8.477105035E-06
39.6 0.0001628310899 -4.240392966E-05
39.8 0.0001629018245 8.484470026E-06
40 0.0001595773577 2.546447197E-05
40.2 0.00015625 -3.016910393E-21
40.4 0.0001529197477 1.699108308E-05
40.6 0.0001461869017 -8.499238468E-06
40.8 0.0001496517196 -4.251469308E-05
41 0.0001463142422 -4.253320993E-05
41.2 0.0001497821351 -2.553104575E-05
41.4 0.0001464418047 -2.554217524E-05
41.6 0.0001396914522 -5.110662887E-05
41.8 0.0001363438045 -2.556446335E-05
42 0.0001329932344 -3.410082933E-05
42.2 0.000129639738 -5.970251092E-05
42.4 0.0001262833115 -2.559796855E-05
42.6 0.000122923951 -8.53638549E-06
42.8 0.0001195616528 -2.562035418E-05
43 0.0001161964129 -2.563156168E-05
43.2 0.0001128282276 -2.564277899E-05
43.4 0.000112877627 -8.551335377E-06
43.6 0.0001095050372 -1.711016207E-05
43.8 0.0001061294917 -8.558829974E-06
44 9.932595353E-05 -1.206303109E-20
44.2 0.0001062225877 -1.713267544E-05
44.4 0.0001028411584 1.164618113E-20
44.6 0.0001028863038 -8.573858648E-06
44.8 9.950043917E-05 8.577624067E-06
45 9.954415641E-05 2.574417838E-05
45.2 0.0001133241758 -8.585164835E-06
45.4 0.0001236807388 -3.435576077E-05
45.6 0.0001306093269 -3.437087549E-05
45.8 0.0001341054137 -8.59650088E-06
46 0.0001307243505 -1.720057244E-05
46.2 0.0001342235683 -8.60407489E-06
46.4 0.0001342827237 3.443146761E-05
46.6 0.0001343419312 2.583498677E-05
46.8 0.0001309550066 2.584638288E-05
47 0.0001310127979 5.171557811E-05
47.2 0.0001310706402 2.58692053E-05
47.4 0.0001311285336 8.626877208E-06
47.6 0.0001311864781 2.589206805E-05
47.8 0.0001346982759 -2.590351459E-05
48 0.000145123839 -9.206847285E-21
48.2 0.0001417311947 2.592643805E-05
48.4 0.000145252324 -3.071666181E-21
48.6 0.0001487765722 -8.649800709E-06
48.8 0.0001523039433 1.537194042E-20
49 0.0001489084663 2.597240691E-05
49.2 0.0001455099778 1.732261641E-05
49.4 0.0001455745342 6.932120674E-05
49.6 0.0001456391478 7.802097204E-05
49.8 0.0001422346803 1.734569272E-05
50 0.0001457685473 -5.206019547E-05
50.2 0.0001423611111 -2.604166667E-05
50.4 0.0001389506447 1.736883059E-05
50.6 0.0001424877669 2.606483541E-05
50.8 0.0001425511794 4.346072541E-05
51 0.0001356578362 8.696015138E-06
51.2 0.0001391982183 -3.090821338E-21
51.4 0.0001392602496 -2.611129679E-05
51.6 0.0001393223362 1.741529202E-05
51.8 0.0001324152542 2.613458965E-05
52 0.0001289881749 8.715417224E-06
52.2 0.0001325334821 -8.719308036E-06
52.4 0.0001325926753 1.704507212E-20
52.6 0.0001291610813 -1.745420018E-05
52.8 0.0001327112204 -4.365500671E-05
53 0.0001257826476 -1.086141711E-20
53.2 0.0001258389262 -2.621644295E-05
53.4 0.0001223981647 3.497090421E-05
53.6 0.000115455665 9.621305419E-05
53.8 0.0001085069444 8.750560036E-05
54 0.0001050537875 2.626344688E-05
54.2 0.0001051008969 1.089064066E-20
54.4 0.0001016431135 1.752467474E-05
54.6 9.818222621E-05 3.506508079E-05
54.8 9.822631343E-05 3.508082622E-05
55 9.125112309E-05 2.632243935E-05
55.2 8.426966292E-05 5.266853933E-05
55.4 8.430755396E-05 1.756407374E-05
55.6 8.083108412E-05 8.785987404E-06
55.8 7.383550855E-05 3.515976598E-05
56 6.331607384E-05 8.793899145E-06
56.2 7.038288288E-05 2.639358108E-05
56.4 7.041460117E-05 6.161277603E-05
56.6 7.044634806E-05 8.805793508E-05
56.8 7.047812359E-05 7.047812359E-05
57 7.05099278E-05 2.644122292E-05
57.2 7.054176072E-05 8.81772009E-05
57.4 7.05736224E-05 7.93953252E-05
57.6 6.707523723E-05 -8.82568911E-06
57.8 7.41693038E-05 4.414839512E-05
58 7.420284939E-05 7.950305292E-05
58.2 7.070135747E-05 2.651300905E-05
58.4 7.073336351E-05 9.423577054E-21
58.6 6.722712862E-05 1.769134964E-05
58.8 6.371771636E-05 4.424841414E-05
59 5.666364461E-05 3.541477788E-05
59.2 5.31462585E-05 1.77154195E-05
59.4 4.962568058E-05 -1.772345735E-05
59.6 4.610190649E-05 -3.546300499E-05
59.8 4.967075386E-05 8.869777475E-06
60 4.969332122E-05 1.774761472E-05
60.2 4.971590909E-05 -5.326704545E-05
60.4 4.973851751E-05 -2.664563438E-05
60.6 4.97611465E-05 3.554367607E-05
60.8 4.978379609E-05 1.777992717E-05
61 4.98064663E-05 2.668203552E-05
61.2 4.626993166E-05 7.118451025E-05
61.4 4.629102097E-05 6.231483592E-05
61.6 4.63121295E-05 -8.906178751E-06
61.8 4.989735401E-05 -8.910241788E-06
62 4.99201278E-05 2.67429256E-05
62.2 4.637557078E-05 2.675513699E-05
62.4 4.639675651E-05 8.922453175E-06
62.6 4.284734918E-05 1.785306216E-05
62.8 4.286694102E-05 -4.759186491E-21
63 4.288655078E-05 -4.467349039E-05
63.2 4.290617849E-05 -8.938787185E-06
63.4 4.292582418E-05 -1.788576007E-05
63.6 4.294548786E-05 2.684092991E-05
63.8 3.938473877E-05 4.475538497E-05
64 3.582072444E-05 1.791036222E-05
64.2 3.225344037E-05 -1.791857798E-05
64.4 2.868288206E-05 -2.689020193E-05
64.6 2.152203857E-05 -8.96751607E-06
64.8 2.153192467E-05 -3.588654111E-05
65 2.513212316E-05 -2.692727482E-05
65.2 2.514367816E-05 -1.795977011E-05
65.4 2.515524379E-05 6.383527051E-21
65.6 2.516682006E-05 -4.494075012E-05
65.8 2.877532228E-05 -5.395372928E-05
66 3.598572087E-05 -2.698929065E-05
66.2 2.880184332E-05 -3.600230415E-05
66.4 2.881512218E-05 -6.303307976E-05
66.6 3.243196494E-05 -1.80177583E-05
66.8 3.244693124E-05 9.013036456E-06
67 3.246191136E-05 1.601776063E-20
67.2 3.608545035E-05 -9.021362587E-06
67.4 3.610212569E-05 9.025531423E-06
67.6 2.889505317E-05 1.805940823E-05
67.8 2.890841813E-05 -2.7101642E-05
68 2.530657103E-05 -2.711418325E-05
68.2 2.170138889E-05 -5.425347222E-05
68.4 1.809286707E-05 9.641816448E-21
68.6 1.448100093E-05 6.335437905E-05
68.8 1.448771442E-05 3.621928605E-05
69 1.08708256E-05 -1.811804267E-05
69.2 7.250580046E-06 -3.625290023E-05
69.4 3.626973073E-06 3.221399213E-21
69.6 3.628657687E-06 4.535822109E-05
69.8 3.630343866E-06 6.448786156E-21
70 3.632031613E-06 -1.816015807E-05
70.2 3.63372093E-06 9.084302326E-06
70.4 3.635411819E-06 -2.726558865E-05
70.6 0 -9.691192603E-21
70.8 0 2.729098742E-05
71 3.640493942E-06 -2.730370457E-05
71.2 7.284382284E-06 1.821095571E-05
71.4 7.287779851E-06 5.465834888E-05
71.6 7.291180588E-06 -0
71.8 7.2945845E-06 2.735469188E-05
72 7.297991593E-06 -1.824497898E-05
72.2 7.301401869E-06 -9.126752336E-05
72.4 7.304815334E-06 -1.826203834E-05
72.6 7.308231993E-06 1.827057998E-05
72.8 7.311651848E-06 -9.13956481E-06
73 7.315074906E-06 8.31351671E-21
73.2 7.318501171E-06 1.829625293E-05
73.4 1.098289597E-05 2.745723993E-05
73.6 1.098804501E-05 1.831340835E-05
73.8 1.099319887E-05 4.580499531E-05
74 1.099835758E-05 6.415708588E-05
74.2 3.667840376E-06 1.303078667E-20
74.4 3.669563175E-06 -0
74.6 7.342575188E-06 2.753465695E-05
74.8 7.346027268E-06 9.182534086E-06
75 7.349482596E-06 1.837370649E-05
75.2 7.352941176E-06 1.838235294E-05
75.4 7.356403013E-06 2.75865113E-05
75.6 7.359868111E-06 -9.199835139E-06
75.8 7.363336475E-06 -3.681668238E-05
76 7.366808109E-06 -4.604255068E-05
76.2 7.370283019E-06 -2.763856132E-05
76.4 7.373761208E-06 1.146112726E-20
76.6 7.377242682E-06 -1.84431067E-05
76.8 7.380727444E-06 -5.535545583E-05
77 7.384215501E-06 -4.615134688E-05
77.2 7.387706856E-06 9.23463357E-06
77.4 7.391201514E-06 9.239001892E-06
77.6 7.394699479E-06 1.84867487E-05
77.8 3.699100379E-06 1.849550189E-05
78 0 9.252131691E-06
78.2 0 -9.256516588E-06
78.4 0 -1.852181128E-05
78.6 0 2.779589658E-05
78.8 0 8.643995115E-21
79 3.709639126E-06 -1.854819563E-05
79.2 3.711401425E-06 2.783551069E-05
79.4 0 2.784874049E-05
79.6 0 1.857465525E-05
79.8 0 3.716698382E-05
80 0 4.648084246E-05
80.2 0 2.790178571E-05
80.4 0 2.255818168E-22
80.6 0 2.266025155E-20
80.8 0 9.313900811E-06
81 0 9.318344466E-06
81.2 0 1.864558473E-05
81.4 0 9.327244508E-06
81.6 0 9.331700908E-06
81.8 0 4.668080784E-05
82 0 2.802187948E-05
82.2 0 -1.869019139E-05
82.4 0 2.804870752E-05
82.6 0 3.741618774E-05
82.8 0 -1.225066072E-20
83 0 -3.745206136E-05
83.2 0 -5.620503597E-05
83.4 0 1.925786032E-20
83.6 0 -9.37650024E-06
83.8 0 -9.381003842E-06
84 0 9.385511773E-06
84.2 0 -5.634014423E-05
84.4 0 -5.636724387E-05
84.6 0 -5.639436959E-05
84.8 0 -6.582510833E-05
85 0 -4.704058285E-05
85.2 3.765060241E-06 -5.647590361E-05
85.4 7.533751205E-06 -5.650313404E-05
85.6 1.130607815E-05 -2.826519537E-05
85.8 1.508204633E-05 -1.339554808E-20
86 1.886166103E-05 9.430830517E-06
86.2 1.887077295E-05 -9.435386473E-06
86.4 2.26558724E-05 -4.719973417E-05
86.6 2.64446325E-05 -1.888902321E-05
86.8 3.401669086E-05 -2.834724238E-05
87 3.781461762E-05 -2.836096321E-05
87.2 3.783292978E-05 9.458232446E-06
87.4 3.785125969E-05 9.462814922E-06
87.6 3.786960737E-05 -2.237830325E-20
87.8 3.788797284E-05 9.47199321E-06
88 3.790635614E-05 3.790635614E-05
88.2 3.413228155E-05 1.896237864E-05
88.4 3.414885867E-05 3.79431763E-05
88.6 3.41654519E-05 4.745201652E-05
88.8 3.418206125E-05 1.899003403E-05
89 3.419868677E-05 9.499635214E-06
89.2 3.801703163E-05 -1.900851582E-05
89.4 3.423198637E-05 6.990755876E-21
89.6 3.42486605E-05 9.513516805E-06
89.8 3.426535088E-05 -9.518153021E-06
90 3.428205753E-05 2.856838128E-05
90.2 3.81097561E-05 4.763719512E-05
90.4 3.431551977E-05 7.625671059E-05
90.6 3.051757812E-05 8.583068848E-05
90.8 2.671592574E-05 9.541402052E-06
91 2.291055718E-05 1.948207816E-20
91.2 1.910146699E-05 1.910146699E-05
91.4 1.911081213E-05 1.911081213E-05
91.6 1.529613314E-05 1.912016642E-05
91.8 1.147771792E-05 3.825905975E-05
92 7.655561E-06 5.74167075E-05
92.2 3.829656863E-06 1.914828431E-05
92.4 3.831535066E-06 9.578837666E-06
92.6 3.833415113E-06 6.708476447E-05
92.8 3.835297005E-06 7.670594011E-05
93 3.837180747E-06 7.674361493E-05
93.2 3.839066339E-06 7.678132678E-05
93.4 3.840953786E-06 3.840953786E-05
93.6 3.842843089E-06 9.607107723E-06
93.8 3.844734252E-06 -9.61183563E-06
94 3.846627277E-06 9.616568193E-06
94.2 3.848522167E-06 1.924261084E-05
94.4 3.850418926E-06 4.813023657E-05
94.6 3.852317554E-06 4.815396943E-05
94.8 3.854218056E-06 2.890663542E-05
95 3.856120434E-06 1.928060217E-05
95.2 0 -9.645061728E-06
95.4 0 -9.649827075E-06
95.6 0 2.89637914E-05
95.8 0 6.761560336E-05
96 0 4.832075705E-05
96.2 0 9.668935644E-06
96.4 0 -3.869489846E-05
96.6 0 -2.9035555E-05
96.8 0 2.904995042E-05
97 0 2.906436012E-05
97.2 0 1.938585608E-05
97.4 0 -1.939548163E-05
97.6 0 -1.551168533E-20
97.8 0 3.882952286E-05
98 0 -1.942441571E-05
98.2 0 -6.801927861E-05
98.4 0 -4.860938278E-05
98.6 0 -3.890687251E-05
98.8 0 -3.89262581E-05
99 0 -2.920924726E-05
99.2 0 -2.922381546E-05
99.4 0 -2.92383982E-05
99.6 0 -9.750998502E-06
99.8 0 9.755869131E-06
100 0 1.952148926E-05
100.2 0 -9.765625E-06
100.4 0 -5.862306153E-05
100.6 0 -1.95508008E-05
100.8 0 9.780295443E-06
101 0 -9.785195391E-06
101.2 0 -9.790100251E-06
101.4 0 -9.79501003E-06
101.6 0 -5.799780303E-21
101.8 0 9.804844378E-06
102 0 -2.942930688E-05
102.2 0 -2.944409548E-05
102.4 0 -3.927853193E-05
102.6 0 -3.929828974E-05
102.8 0 -3.931806744E-05
103 0 -3.933786506E-05
103.2 0 -9.839420655E-06
103.4 0 -2.953314012E-05
103.6 0 1.969868886E-05
103.8 0 5.912588295E-05
104 0 4.929644119E-05
104.2 0 1.972853535E-05
104.4 0 -1.97385043E-05
104.6 0 -1.578615903E-20
104.8 0 2.963770865E-05
105 0 2.965270749E-05
105.2 0 1.977848101E-05
105.4 3.957700101E-06 -9.894250253E-06
105.6 0 -4.949632539E-05
105.8 7.923427992E-06 -3.166837989E-20
106 3.963723998E-06 1.981861999E-05
106.2 7.931472081E-06 -1.98286802E-05
106.4 7.935500254E-06 -2.975812595E-05
106.6 7.93953252E-06 -9.92441565E-06
106.8 7.943568887E-06 -2.469357261E-20
107 7.947609359E-06 -4.967255849E-05
107.2 3.975826972E-06 -7.951653944E-05
107.4 3.977851324E-06 -5.966776986E-05
107.6 0 -2.984908304E-05
107.8 0 -4.977382773E-05
108 0 -5.97590515E-05
108.2 0 -2.989477041E-05
108.4 3.988004084E-06 -4.985005105E-05
108.6 7.980081716E-06 -6.982571502E-05
108.8 1.197623914E-05 -1.996039857E-05
109 1.597648262E-05 1.997060327E-05
109.2 1.998081841E-05 5.323959517E-21
109.4 2.398925281E-05 -4.997761003E-05
109.6 2.800179211E-05 -1.000064004E-05
109.8 3.201844262E-05 2.001152664E-05
110 3.603921066E-05 -1.001089185E-05
110.2 3.605769231E-05 2.003205128E-05
110.4 3.206772704E-05 3.00634941E-05
110.6 2.80736653E-05 3.00789271E-05
110.8 2.407550077E-05 3.009437596E-05
111 2.007322713E-05 5.018306783E-05
111.2 1.606683805E-05 7.029241645E-05
111.4 1.607510288E-05 3.01408179E-05
111.6 1.608337622E-05 -3.015633042E-05
111.8 2.011457261E-05 2.011457261E-05
112 2.01249356E-05 3.01874034E-05
112.2 2.416237113E-05 1.006765464E-05
112.4 2.820397112E-05 2.014569366E-05
112.6 3.2249742E-05 -1.007804438E-05
112.8 2.823309241E-05 -2.686716793E-20
113 2.824767562E-05 1.008845558E-05
113.2 2.82622739E-05 6.05620155E-05
113.4 3.231644261E-05 8.079110651E-05
113.6 2.829151578E-05 3.031233833E-05
113.8 2.426242236E-05 2.728399937E-20
114 2.022915588E-05 -1.011457794E-05
114.2 2.023963731E-05 -8.888908317E-21
114.4 2.02501296E-05 -1.264025399E-20
114.6 1.215637967E-05 -4.052126556E-05
114.8 8.108458744E-06 -4.054229372E-05
115 4.056334372E-06 -1.945328942E-20
115.2 0 -5.415197578E-21
115.4 0 -3.045413202E-05
115.6 0 -1.015665627E-05
115.8 0 1.016194069E-05
116 0 2.347881852E-20
116.2 0 1.252405158E-20
116.4 0 1.601174126E-20
116.6 0 -0
116.8 0 1.08589889E-20
117 0 2.03875261E-05
117.2 0 4.079634465E-05
117.4 0 -1.020441484E-05
117.6 0 1.020974909E-05
117.8 0 3.064526674E-05
118 0 -3.066130298E-05
118.2 0 1.022578534E-05
118.4 0 7.161799371E-05
118.6 0 3.070951258E-05
118.8 0 2.04837441E-05
119 0 3.074173662E-05
119.2 0 2.050524934E-05
119.4 0 2.051601891E-05
119.6 0 -2.052679979E-05
119.8 0 -1.0268796E-05
120 0 1.027419779E-05
120.2 0 -2.055921053E-05
120.4 0 -5.142509215E-05
120.6 0 -2.05808746E-05
120.8 0 2.059172377E-05
121 0 4.120516878E-05
121.2 0 6.184036939E-05
121.4 0 4.124868004E-05
121.6 0 -2.063523508E-05
121.8 0 -4.12922833E-05
122 0 -1.032852988E-05
122.2 0 -1.033399471E-05
122.4 0 -2.067893065E-05
122.6 0 -3.103482521E-05
122.8 0 -1.035042395E-05
123 0 2.071182397E-05
123.2 0 3.681110824E-21
123.4 4.146762208E-06 -0
123.6 4.148964418E-06 5.186205523E-05
123.8 4.151168969E-06 3.113376727E-05
124 8.306751728E-06 2.076687932E-05
124.2 8.311170213E-06 3.11668883E-05
124.4 8.315593401E-06 3.118347525E-05
124.6 8.320021299E-06 3.120007987E-05
124.8 8.324453916E-06 -1.040556739E-05
125 8.328891258E-06 1.041111407E-05
125.2 4.166666667E-06 2.083333333E-05
125.4 0 1.042222519E-05
125.6 0 2.085557928E-05
125.8 0 -7.413348188E-21
126 0 1.04389364E-05
126.2 0 1.044451872E-05
126.4 0 -3.712623812E-21
126.6 0 -2.091140257E-05
126.8 0 -5.230650777E-05
127 0 -4.18676313E-05
127.2 0 -3.141756032E-05
127.4 0 -3.143441524E-05
127.6 0 -5.241881374E-05
127.8 0 -7.342575188E-05
128 0 -4.198011822E-05
128.2 0 2.100134409E-05
128.4 0 3.151896181E-05
128.6 0 1.051197524E-05
128.8 0 -1.051763597E-05
129 0 1.05233028E-05
129.2 0 1.052897574E-05
129.4 0 -4.738209445E-20
129.6 0 2.108067998E-05
129.8 0 2.109206263E-05
130 0 2.110345759E-05
130.2 0 4.222972973E-05
130.4 0 1.056314224E-05
130.6 0 -1.056885823E-05
130.8 0 -1.05745804E-05
131 0 -1.879440386E-21
131.2 0 2.117208672E-05
131.4 0 -2.118356833E-05
131.6 0 -3.17925936E-05
131.8 0 -1.060328447E-05
132 0 -3.182713199E-05
132.2 0 -6.36888587E-05
132.4 0 -6.372349103E-05
132.6 0 -3.187908052E-05
132.8 0 -1.06321448E-05
133 0 -7.446555011E-05
133.2 0 -7.450613079E-05
133.4 0 -1.064953653E-05
133.6 0 -3.196603928E-05
133.8 0 -5.330581332E-05
134 0 -1.066698525E-05
134.2 0 -2.134562842E-05
134.4 0 -3.203594861E-05
134.6 0 -4.273796499E-05
134.8 0 -7.483237548E-05
135 0 -5.348096933E-05
135.2 0 -4.280821918E-05
135.4 0 -3.212376645E-05
135.6 0 -6.428277564E-05
135.8 0 -5.35983809E-05
136 0 -2.145112576E-05
136.2 0 -4.292582418E-05
136.4 0 -3.814675043E-21
136.6 4.29730473E-06 2.148652365E-05
136.8 4.299669785E-06 1.074917446E-05
137 4.302037445E-06 4.302037445E-05
137.2 4.304407713E-06 2.152203857E-05
137.4 4.306780595E-06 -3.230085447E-05
137.6 4.309156095E-06 -5.386445119E-05
137.8 4.311534216E-06 -5.38941777E-05
138 4.313914964E-06 -2.156957482E-05
138.2 4.316298343E-06 -1.150092912E-20
138.4 4.318684356E-06 4.318684356E-05
138.6 0 2.160536504E-05
138.8 0 -3.242598229E-05
139 0 -3.244393688E-05
139.2 0 -4.328254848E-05
139.4 0 -5.413317627E-05
139.6 0 -3.249792013E-05
139.8 0 1.08386515E-05
140 0 1.084466963E-05
140.2 0 2.170138889E-05
140.4 0 2.848395525E-20
140.6 0 -2.172552836E-05
140.8 0 -3.260642738E-05
141 0 -4.349944321E-05
141.2 0 -2.176183844E-05
141.4 0 2.177396878E-05
141.6 0 1.089305633E-05
141.8 0 -4.359654018E-05
142 0 -3.271566164E-05
142.2 0 -2.18226257E-05
142.4 0 -3.275223589E-05
142.6 0 -7.646462528E-05
142.8 0 -6.5577784E-05
143 0 -1.093575028E-05
143.2 0 2.796336793E-21
143.4 0 2.189602018E-05
143.6 0 3.286245093E-05
143.8 0 3.288089226E-05
144 0 1.096645143E-05
144.2 0 -1.097261236E-05
144.4 0 -2.195756043E-05
144.6 0 1.521148126E-20
144.8 0 4.396454699E-05
145 0 1.099732545E-05
145.2 0 3.301056338E-05
145.4 0 3.302917136E-05
145.6 0 -2.203186689E-05
145.8 0 -1.102215011E-05
146 0 3.30851214E-05
146.2 0 1.103460452E-05
146.4 4.416336914E-06 -1.104084228E-05
146.6 4.418834842E-06 -2.209417421E-05
146.8 0 -2.210667799E-05
147 0 1.127930851E-20
147.2 0 -2.315112201E-20
147.4 0 3.301098817E-20
147.6 4.431366988E-06 -1.107841747E-05
147.8 4.433881952E-06 2.216940976E-05
148 0 2.218199886E-05
148.2 0 1.109730114E-05
148.4 0 3.331083002E-05
148.6 0 2.22198521E-05
148.8 4.446499715E-06 1.111624929E-05
149 4.449031891E-06 4.449031891E-05
149.2 0 2.225783476E-05
149.4 0 -2.227052452E-05
149.6 4.45664575E-06 -2.228322875E-05
149.8 0 -6.688784247E-05
150 8.923472302E-06 -8.923472302E-05
150.2 8.928571429E-06 -3.348214286E-05
150.4 1.340051458E-05 -3.350128645E-05
150.6 2.234696796E-05 -4.469393593E-05
150.8 2.235975959E-05 -1.117987979E-05
151 2.237256586E-05 -2.940882869E-20
151.2 2.686246418E-05 -1.119269341E-05
151.4 2.687786697E-05 6.68918633E-21
151.6 2.689328744E-05 -2.063450921E-20
151.8 3.13935132E-05 -2.490550391E-20
152 2.69241815E-05 -1.866936832E-20
152.2 2.693965517E-05 -9.677462255E-22
152.4 2.695514664E-05 1.12313111E-05
152.6 2.697065593E-05 2.742410975E-20
152.8 2.698618307E-05 -3.373272884E-05
153 3.150201613E-05 -2.250144009E-05
153.2 2.701729107E-05 9.512478079E-21
153.4 2.703287197E-05 -2.252739331E-05
153.6 2.704847086E-05 -1.416333613E-21
153.8 2.706408776E-05 -1.668918697E-20
154 2.70797227E-05 -1.101659467E-20
154.2 2.709537572E-05 3.386921965E-05
154.4 2.711104685E-05 -2.259253904E-05
154.6 2.712673611E-05 -3.390842014E-05
154.8 2.261870295E-05 3.28556699E-20
155 2.263180765E-05 1.131590382E-05
155.2 1.811594203E-05 1.132246377E-05
155.4 1.359483759E-05 -1.132903132E-05
155.6 9.0684852E-06 -2.2671213E-05
155.8 4.536875726E-06 -2.232390153E-20
156 0 -1.134877978E-05
156.2 0 -4.542151163E-05
156.4 0 -1.136198371E-05
156.6 0 1.036208239E-20
156.8 0 -1.13752184E-05
157 0 -1.138184732E-05
157.2 0 -2.277696793E-05
157.4 0 -1.139512835E-05
157.6 0 -2.2803561E-05
157.8 0 -1.140844042E-05
158 0 2.283021625E-05
158.2 0 -1.142178363E-05
158.4 0 -2.285693388E-05
158.6 0 -2.287031616E-05
158.8 0 2.486743962E-20
159 0 -1.144856389E-05
159.2 0 -1.145527859E-05
159.4 0 -1.146200117E-05
159.6 0 -1.146873165E-05
159.8 0 -1.147547004E-05
160 0 -2.296443269E-05
160.2 0 -2.297794118E-05
160.4 0 -2.299146557E-05
160.6 0 -1.150250294E-05
160.8 0 -1.150928108E-05
161 0 -8.280499598E-21
161.2 0 -1.152286136E-05
161.4 0 -4.611865407E-05
161.6 0 -4.614589486E-05
161.8 0 -2.308658392E-05
162 0 -1.155011827E-05
162.2 0 -2.311390533E-05
162.4 0 -2.312759029E-05
162.6 0 -2.314129147E-05
162.8 0 -3.473251334E-05
163 0 -1.158437129E-05
163.2 0 -1.159124629E-05
163.4 0 -2.469111224E-20
163.6 0 1.16050208E-05
163.8 0 -3.332398239E-21
164 0 1.155880414E-20
164.2 0 1.162574405E-05
164.4 0 6.616937826E-21
164.6 0 -1.163960072E-05
164.8 0 8.623486713E-21
165 0 -2.330698091E-05
165.2 0 -2.332089552E-05
165.4 0 1.166741338E-05
165.6 0 1.167438733E-05
165.8 0 1.168136962E-05
166 0 2.337672053E-05
166.2 0 1.169535928E-05
166.4 0 2.340473337E-05
166.6 0 3.512814748E-05
166.8 0 3.514922016E-05
167 0 4.68937575E-05
167.2 0 5.86524024E-05
167.4 0 5.868765024E-05
167.6 0 4.697835238E-05
167.8 0 -1.175165463E-05
168 0 -2.351745936E-05
168.2 0 1.176581325E-05
168.4 0 1.177290536E-05
168.6 0 1.178000603E-05
168.8 0 -1.93696484E-20
169 0 3.095649642E-20
169.2 0 -1.180135952E-05
169.4 0 -2.361698912E-05
169.6 0 1.962524628E-20
169.8 0 1.182279056E-05
170 0 -3.640811754E-21
170.2 0 2.257217697E-21
170.4 0 1.184429958E-05
170.6 0 2.027041036E-20
170.8 0 1.185868245E-05
171 0 1.1865887E-05
171.2 0 2.986460953E-20
171.4 0 1.188032238E-05
171.6 0 1.188755326E-05
171.8 0 2.459118341E-20
172 0 -2.380408288E-05
172.2 0 -1.190929878E-05
172.4 0 1.191656498E-05
172.6 0 -1.192384005E-05
172.8 0 -3.579337202E-05
173 0 -2.387683374E-05
173.2 0 -1.194571865E-05
173.4 0 9.737586342E-21
173.6 0 1.196034905E-05
173.8 0 2.393535539E-05
174 0 1.197501533E-05
174.2 0 -2.396472393E-05
174.4 0 -3.596915285E-05
174.6 0 -1.199708231E-05
174.8 0 -1.200445605E-05
175 0 -3.603551661E-05
175.2 0 -4.807692308E-05
175.4 0 -2.405326355E-05
175.6 0 -1.20340419E-05
175.8 0 -3.612438348E-05
176 0 -3.614666872E-05
176.2 0 -2.411265432E-05
176.4 0 -2.412754787E-05
176.6 0 -1.207122991E-05
176.8 0 1.207869511E-05
177 0 4.834467822E-05
177.2 0 3.628095975E-05
177.4 0 1.210114622E-05
177.6 0 1.210864848E-05
177.8 0 1.211616005E-05
178 0 1.212368094E-05
178.2 0 3.639363354E-05
178.4 0 6.069375388E-05
178.6 0 4.8585199E-05
178.8 0 2.430771624E-05
179 0 1.21614259E-05
179.2 0 1.475950078E-20
179.4 0 1.217658978E-05
179.6 0 8.528930131E-05
179.8 0 7.315074906E-05
180 0 4.084878782E-22
180.2 0 -1.220703125E-05
180.4 0 3.808087279E-21
180.6 0 -1.222230914E-05
180.8 0 1.29054078E-20
181 0 1.223762531E-05
181.2 0 -3.673589342E-05
181.4 0 -4.90119197E-05
181.6 0 2.452134338E-05
181.8 0 4.907349246E-05
182 0 1.896202345E-20
182.2 0 4.913522013E-05
182.4 0 6.145767778E-05
182.6 0 1.089786021E-20
182.8 0 3.69210775E-05
183 0 3.694435687E-05
183.2 0 3.696766562E-05
183.4 0 7.398200758E-05
183.6 0 3.701437145E-05
183.8 0 2.469184576E-05
184 0 6.176865908E-05
184.2 0 3.70846519E-05
184.4 0 -4.947751742E-05
184.6 0 -4.950887199E-05
184.8 0 1.238506658E-05
185 0 -3.717877538E-05
185.2 0 -7.44047619E-05
185.4 4.963468869E-06 -3.722601652E-05
185.6 0 -2.483312142E-05
185.8 4.969783715E-06 -3.727337786E-05
186 4.972947167E-06 -2.486473584E-05
186.2 4.97611465E-06 -2.488057325E-05
186.4 4.97928617E-06 -8.713750797E-05
186.6 4.982461735E-06 -8.719308036E-05
186.8 4.985641353E-06 -1.246410338E-05
187 4.988825032E-06 -1.247206258E-05
187.2 9.984025559E-06 -4.99201278E-05
187.4 1.498561381E-05 -3.746403453E-05
187.6 1.999360205E-05 -2.499200256E-05
187.8 2.500800256E-05 -3.751200384E-05
188 3.002882767E-05 -3.753603459E-05
188.2 3.004807692E-05 -3.756009615E-05
188.4 3.006735087E-05 -1.252806286E-05
188.6 3.008664955E-05 -7.478330141E-21
188.8 3.010597303E-05 -2.508831085E-05
189 3.012532134E-05 -1.255221722E-05
189.2 3.014469453E-05 2.512057878E-05
189.4 3.016409266E-05 2.513674389E-05
189.6 3.018351578E-05 2.515292981E-05
189.8 3.020296392E-05 6.292284149E-05
190 3.022243714E-05 3.777804642E-05
190.2 2.52016129E-05 -1.260080645E-05
190.4 3.026145901E-05 -2.616380512E-20
190.6 2.523417313E-05 1.261708656E-05
190.8 2.525048481E-05 3.34355428E-20
191 2.526681759E-05 3.104167541E-20
191.2 2.528317152E-05 1.264158576E-05
191.4 2.529954663E-05 -5.50758737E-21
191.6 3.037913156E-05 -1.265797148E-05
191.8 3.039883268E-05 -5.971187841E-20
192 3.041855938E-05 -1.466939713E-20
192.2 3.043831169E-05 1.268262987E-05
192.4 3.045808967E-05 2.538174139E-05
192.6 3.047789337E-05 3.809736671E-05
192.8 3.049772284E-05 5.082953806E-05
193 3.051757812E-05 3.814697266E-05
193.2 3.053745928E-05 2.544788274E-05
193.4 3.055736636E-05 1.273223598E-05
193.6 2.548108284E-05 3.822162427E-05
193.8 2.54977154E-05 5.099543081E-05
194 2.041149575E-05 1.991089321E-22
194.2 1.531862745E-05 -1.276552288E-05
194.4 1.021909745E-05 -3.832161543E-05
194.6 5.11289267E-06 -5.11289267E-05
194.8 0 -1.279060249E-05
195 0 1.786284067E-20
195.2 0 -8.112206541E-21
195.4 0 -1.052394419E-20
195.6 5.129678267E-06 -1.282419567E-05
195.8 1.026609724E-05 -1.283262155E-05
196 1.027284681E-05 -1.284105851E-05
196.2 1.541940789E-05 -2.569901316E-05
196.4 2.057274523E-05 -2.571593153E-05
196.6 2.57328722E-05 -2.57328722E-05
196.8 3.089980224E-05 -1.28749176E-05
197 3.607354881E-05 -2.576682058E-05
197.2 4.641089109E-05 -2.578382838E-05
197.4 4.644154557E-05 -1.991839857E-20
197.6 5.163582287E-05 1.290895572E-05
197.8 6.200396825E-05 1.291749339E-05
198 6.204500331E-05 -1.292604236E-05
198.2 6.725993377E-05 -1.293460265E-05
198.4 7.765904573E-05 -3.882952286E-05
198.6 7.252984085E-05 -3.885527188E-05
198.8 7.257796948E-05 -1.296035169E-05
199 7.781374502E-05 1.521537332E-20
199.2 7.26744186E-05 3.893272425E-05
199.4 7.272273936E-05 2.597240691E-05
199.6 7.796906188E-05 1.299484365E-05
199.8 7.802097204E-05 1.300349534E-05
200 7.807295137E-05 -1.301215856E-05
200.2 7.8125E-05 -1.302083333E-05
200.4 7.817711808E-05 1.359035515E-20
200.6 7.822930574E-05 1.303821762E-05
200.8 7.828156313E-05 3.914078156E-05
201 7.833389037E-05 3.916694519E-05
201.2 7.316053512E-05 3.919314381E-05
201.4 6.798025435E-05 2.614625167E-05
201.6 6.279303416E-05 2.616376423E-05
201.8 5.759886059E-05 -1.87510737E-20
202 5.239771965E-05 -5.239771965E-05
202.2 4.718959732E-05 -3.932466443E-05
202.4 3.672766958E-05 -5.24680994E-05
202.6 3.150201613E-05 -5.250336022E-05
202.8 2.626933423E-05 -2.094624466E-20
203 2.102960969E-05 -2.628701211E-05
203.2 2.104377104E-05 -6.576178451E-05
203.4 2.105795148E-05 -1.316121968E-05
203.6 1.053607552E-05 2.634018881E-05
203.8 5.271592443E-06 -2.449372413E-20
204 5.275151924E-06 -1.318787981E-05
204.2 5.278716216E-06 -1.319679054E-05
204.4 5.282285328E-06 -1.320571332E-05
204.6 5.285859269E-06 2.642929635E-05
204.8 0 5.28943805E-05
205 0 3.96976626E-05
205.2 0 1.324152542E-05
205.4 0 -1.325050882E-05
205.6 0 -3.977851324E-05
205.8 5.307404891E-06 -2.653702446E-05
206 1.062202583E-05 1.327753229E-05
206.2 1.594387755E-05 2.657312925E-05
206.4 2.127297481E-05 2.659121852E-05
206.6 2.128746594E-05 2.660933243E-05
206.8 2.130197682E-05 1.331373551E-05
207 2.13165075E-05 -1.332281719E-05
207.2 2.133105802E-05 1.749080199E-20
207.4 2.134562842E-05 4.002305328E-05
207.6 2.136021873E-05 4.005041012E-05
207.8 2.1374829E-05 2.671853625E-05
208 2.138945927E-05 1.336841205E-05
208.2 2.140410959E-05 2.183890335E-20
208.4 1.606408499E-05 -1.338673749E-05
208.6 1.607510288E-05 -2.679183813E-05
208.8 1.07240906E-05 1.340511325E-05
209 5.365728022E-06 5.241819116E-21
209.2 1.073883162E-05 -5.369415808E-05
209.4 5.373108666E-06 -2.686554333E-05
209.6 5.376806607E-06 -2.688403304E-05
209.8 5.380509642E-06 -4.035382231E-05
210 5.384217781E-06 -2.69210889E-05
210.2 5.387931034E-06 -1.346982759E-05
210.4 5.391649413E-06 2.695824707E-05
210.6 5.395372928E-06 2.697686464E-05
210.8 5.399101589E-06 -1.349775397E-05
211 5.402835408E-06 -1.350708852E-05
211.2 5.406574394E-06 -2.703287197E-05
211.4 5.41031856E-06 1.35257964E-05
211.6 5.414067914E-06 4.060550936E-05
211.8 5.417822469E-06 -1.961813922E-20
212 5.421582235E-06 1.355395559E-05
212.2 5.425347222E-06 1.356336806E-05
212.4 5.429117443E-06 1.357279361E-05
212.6 5.432892907E-06 4.07466968E-05
212.8 5.436673626E-06 1.362798368E-20
213 5.44045961E-06 1.360114903E-05
213.2 5.444250871E-06 4.083188153E-05
213.4 5.44804742E-06 -1.362011855E-05
213.6 5.451849267E-06 -1.362962317E-05
213.8 0 -1.363914106E-05
214 0 -1.364867226E-05
214.2 0 2.731643357E-05
214.4 0 2.733554934E-05
214.6 0 8.66491745E-21
214.8 0 -3.466174858E-21
215 0 -2.73930575E-05
215.2 0 -2.74122807E-05
215.4 0 -1.372658437E-20
215.6 5.49016163E-06 1.372540408E-05
215.8 5.494022504E-06 -1.373505626E-05
216 5.497888811E-06 -2.748944405E-05
216.2 5.501760563E-06 2.750880282E-05
216.4 5.505637773E-06 5.505637773E-05
216.6 5.509520451E-06 4.132140339E-05
216.8 5.51340861E-06 4.135056457E-05
217 0 1.379325565E-05
217.2 0 -2.760600707E-05
217.4 0 -5.374851771E-21
217.6 0 -1.931120047E-20
217.8 0 -2.736130245E-20
218 0 -6.661936061E-21
218.2 5.540780142E-06 -1.849051468E-20
218.4 5.544712562E-06 1.386178141E-05
218.6 5.548650568E-06 -1.387162642E-05
218.8 5.552594172E-06 -1.388148543E-05
219 5.556543385E-06 -1.389135846E-05
219.2 5.560498221E-06 -4.170373665E-05
219.4 5.564458689E-06 -2.782229345E-05
219.6 5.568424804E-06 -2.784212402E-05
219.8 5.572396576E-06 -4.179297432E-05
220 5.576374019E-06 -1.394093505E-05
220.2 5.580357143E-06 -5.580357143E-05
220.4 1.116869192E-05 -5.584345961E-05
220.6 1.117668097E-05 1.397085122E-05
220.8 1.118468146E-05 1.398085183E-05
221 5.596346705E-06 -2.027378342E-20
221.2 5.600358423E-06 -1.400089606E-05
221.4 0 -1.401093974E-05
221.6 0 -1.402099785E-05
221.8 0 -1.40310704E-05
222 0 1.404115744E-05
222.2 0 1.405125899E-05
222.4 0 1.835486022E-20
222.6 0 -1.89503482E-20
222.8 0 -1.408165105E-05
223 0 -1.409181097E-05
223.2 0 -1.410198556E-05
223.4 0 -1.411217486E-05
223.6 0 -1.480363288E-20
223.8 0 2.826519537E-05
224 0 2.828566256E-05
224.2 0 -6.696982237E-20
224.4 0 -3.902966716E-20
224.6 0 -1.417362119E-05
224.8 0 -4.255174292E-05
225 0 -4.258266715E-05
225.2 0 -2.840909091E-05
225.4 0 -1.421488355E-05
225.6 0 1.152111615E-20
225.8 0 -4.18388308E-22
226 0 -9.360499143E-21
226.2 0 1.425638686E-05
226.4 0 1.426680058E-05
226.6 0 1.427722953E-05
226.8 0 1.428767374E-05
227 0 1.429813324E-05
227.2 0 -1.872573237E-20
227.4 0 1.431909824E-05
227.6 0 7.164801908E-05
227.8 0 5.736049927E-05
228 0 2.870132256E-05
228.2 0 2.872242647E-05
228.4 0 -1.370496522E-20
228.6 0 -1.438236377E-05
228.8 0 1.439296242E-05
229 0 1.44035767E-05
229.2 0 1.441420664E-05
229.4 0 2.884970458E-05
229.6 5.774205469E-06 4.330654102E-05
229.8 5.778476331E-06 4.333857249E-05
230 5.782753516E-06 2.891376758E-05
230.2 5.787037037E-06 2.893518519E-05
230.4 5.791326909E-06 4.343495182E-05
230.6 5.795623145E-06 5.795623145E-05
230.8 5.799925761E-06 4.349944321E-05
231 5.80423477E-06 1.451058692E-05
231.2 5.808550186E-06 1.847502952E-20
231.4 5.812872024E-06 1.453218006E-05
231.6 1.16344006E-05 2.908600149E-05
231.8 1.164307004E-05 -1.34430421E-21
232 1.165175242E-05 -2.912938106E-05
232.2 1.166044776E-05 -1.314369966E-20
232.4 1.166915609E-05 1.458644511E-05
232.6 1.167787743E-05 -2.919469357E-05
232.8 1.168661182E-05 -2.921652954E-05
233 1.754303892E-05 2.92383982E-05
233.2 2.34082397E-05 2.926029963E-05
233.4 2.928223388E-05 -1.464111694E-05
233.6 3.516504126E-05 -1.465210053E-05
233.8 3.519144144E-05 -2.93262012E-05
234 3.521788129E-05 -5.869646882E-05
234.2 4.69924812E-05 -4.405545113E-05
234.4 5.290632054E-05 -2.93924003E-05
234.6 5.294615964E-05 -1.470726657E-05
234.8 5.887339864E-05 2.695771113E-20
235 6.480957768E-05 -2.945889894E-05
235.2 6.485849057E-05 -3.836816803E-20
235.4 6.490747734E-05 1.47516994E-05
235.6 7.0861678E-05 -2.952569917E-05
235.8 7.682488654E-05 -4.432204992E-05
236 7.688304315E-05 -5.914080242E-05
236.2 7.694128788E-05 -2.959280303E-05
236.4 7.107657316E-05 -1.480761941E-05
236.6 7.113050076E-05 -1.481885432E-05
236.8 7.118451025E-05 -4.449031891E-05
237 7.123860182E-05 -5.936550152E-05
237.2 7.129277567E-05 -4.455798479E-05
237.4 7.134703196E-05 -4.459189498E-05
237.6 7.140137091E-05 -1.487528561E-05
237.8 7.145579268E-05 2.323699275E-21
238 7.151029748E-05 1.98289356E-20
238.2 7.15648855E-05 -1.478149099E-21
238.4 7.161955691E-05 -1.492074102E-05
238.6 7.764717125E-05 -1.493214832E-05
238.8 7.770657995E-05 1.494357307E-05
239 7.178407351E-05 2.991003063E-05
239.2 7.183908046E-05 1.49664751E-05
239.4 7.788535276E-05 2.995590491E-05
239.6 7.794512663E-05 5.995778972E-05
239.8 7.200460829E-05 1.500096006E-05
240 6.605495772E-05 -3.002498078E-05
240.2 6.009615385E-05 -3.004807692E-05
240.4 5.412817552E-05 -3.007120862E-05
240.6 4.815100154E-05 -1.504718798E-05
240.8 4.216461064E-05 1.334521812E-20
241 3.616898148E-05 5.209213462E-20
241.2 3.016409266E-05 5.437934097E-20
241.4 2.414992272E-05 -1.286990911E-20
241.6 1.812645012E-05 -3.688686868E-20
241.8 1.209365325E-05 -1.511706656E-05
242 1.210302091E-05 -2.847984082E-20
242.2 1.21124031E-05 1.514050388E-05
242.4 6.060899922E-06 -1.257025451E-20
242.6 0 -1.516401398E-05
242.8 0 -1.517579643E-05
243 0 -1.033530841E-20
243.2 0 -9.55991841E-22
243.4 0 3.042250779E-05
243.6 0 4.56693297E-05
243.8 0 1.52349844E-05
244 0 -5.402260086E-21
244.2 0 3.051757812E-05
244.4 0 6.108287725E-05
244.6 0 3.056533646E-05
244.8 0 1.302964818E-20
245 0 1.530662226E-05
245.2 0 3.06372549E-05
245.4 0 3.066130298E-05
245.6 0 3.068538885E-05
245.8 0 1.535475629E-05
246 0 1.536683714E-05
246.2 0 4.613681102E-05
246.4 0 4.617316785E-05
246.6 0 4.620958202E-05
246.8 0 3.083070245E-05
247 0 1.542752765E-05
247.2 0 1.543972332E-05
247.4 0 -8.044640552E-22
247.6 0 -8.113028041E-21
247.8 0 1.547642631E-05
248 0 1.548869944E-05
248.2 0 1.550099206E-05
248.4 0 3.102660842E-05
248.6 0 1.552563593E-05
248.8 0 -1.553798727E-05
249 0 -1.555035828E-05
249.2 0 -1.5562749E-05
249.4 0 -3.115031898E-05
249.6 0 -3.117517957E-05
249.8 0 -3.120007987E-05
250 0 -1.561250999E-05
250.2 0 3.125E-05
250.4 0 3.127502002E-05
250.6 0 -1.341010628E-20
250.8 0 3.132518043E-05
251 0 4.702548154E-05
251.2 0 3.137550201E-05
251.4 0 4.710108521E-05
251.6 0 4.713897828E-05
251.8 0 3.145128824E-05
252 0 1.573831587E-05
252.2 0 1.575100806E-05
252.4 0 1.576372074E-05
252.6 0 1.577645396E-05
252.8 0 3.157841552E-05
253 0 1.58019822E-05
253.2 0 -1.581477733E-05
253.4 0 -3.165518639E-05
253.6 0 1.584042985E-05
253.8 0 4.755986201E-05
254 0 -1.581010656E-20
254.2 0 -3.175813008E-05
254.4 0 -1.589198535E-05
254.6 0 -1.590492671E-05
254.8 0 -3.183577832E-05
255 0 -4.779261827E-05
255.2 0 -3.18877551E-05
255.4 0 7.103549434E-21
255.6 0 1.596995094E-05
255.8 0 3.196603928E-05
256 0 -9.335587183E-21
256.2 0 2.337957853E-20
256.4 0 1.602235439E-05
256.6 0 -3.207101806E-05
256.8 0 -8.024342646E-05
257 0 -1.606188322E-05
257.2 0 3.215020576E-05
257.4 0 -1.608834432E-05
257.6 0 -1.610160758E-05
257.8 0 -1.611489274E-05
258 0 -4.83845995E-05
258.2 0 -6.45661157E-05
258.4 0 -4.84646402E-05
258.6 0 -6.467301325E-05
258.8 0 -6.472659486E-05
259 0 -3.239013267E-05
259.2 0 -3.964132158E-20
259.4 0 3.244393688E-05
259.6 0 6.494181214E-05
259.8 0 6.499584027E-05
260 0 3.252497918E-05
260.2 0 -2.312964635E-20
260.4 0 -1.628961635E-05
260.6 0 -3.260642738E-05
260.8 0 -4.895050125E-05
261 0 1.633047659E-05
261.2 0 6.537656904E-05
261.4 0 8.17891541E-05
261.6 0 3.274308466E-05
261.8 0 3.277055369E-05
262 0 9.839420655E-05
262.2 0 8.206407563E-05
262.4 0 4.927985702E-05
262.6 0 3.288089226E-05
262.8 0 1.645429655E-05
263 0 1.646817032E-05
263.2 0 6.592827004E-05
263.4 0 8.247994088E-05
263.6 0 4.332817575E-21
263.8 0 4.100902351E-21
264 0 4.961367485E-05
264.2 0 1.655190678E-05
264.4 6.626378287E-06 1.656594572E-05
264.6 6.632003396E-06 6.632003396E-05
264.8 6.637638063E-06 4.978228547E-05
265 1.328656463E-05 1.660820578E-05
265.2 1.329787234E-05 6.64893617E-05
265.4 1.330919932E-05 4.990949744E-05
265.6 1.332054561E-05 3.330136402E-05
265.8 6.665955631E-06 8.332444539E-05
266 0 5.003736123E-05
266.2 0 1.669337607E-05
266.4 0 1.670765612E-05
266.6 0 1.672196062E-05
266.8 0 0.0001004177378
267 0 0.0001340051458
267.2 0 0.0001005901288
267.4 0 8.389712199E-05
267.6 0 6.717540843E-05
267.8 0 8.404152324E-05
268 0 5.046834625E-05
268.2 0 -1.234937264E-23
268.4 0 1.685181191E-05
268.6 0 1.686636442E-05
268.8 0 -6.752376837E-05
269 0 -5.068663495E-05
269.2 0 -5.073051948E-05
269.4 0 -0.0001184737868
269.6 0 -3.387901127E-05
269.8 0 -3.390842014E-05
270 0 -8.484470026E-05
270.2 0 -5.095108696E-05
270.4 0 -3.399695387E-05
270.6 0 -3.402656794E-05
270.8 0 -3.405623365E-05
271 0 -3.408595113E-05
271.2 0 -6.823144105E-05
271.4 0 -3.414554196E-05
271.6 0 6.070773319E-21
271.8 0 -3.420534151E-05
272 0 -3.423531989E-05
272.2 0 -5.139802632E-05
272.4 0 -6.859086918E-05
272.6 0 -6.865114236E-05
272.8 0 -6.871152155E-05
273 0 -6.877200704E-05
273.2 0 -6.883259912E-05
273.4 0 -5.166997354E-05
273.6 0 -5.171557811E-05
273.8 0 -3.450750883E-05
274 0 1.726900973E-05
274.2 0 3.456858407E-05
274.4 0 1.536513265E-20
274.6 0 -1.731493794E-05
274.8 0 1.733030169E-05
275 0 -3.081213989E-20
275.2 0 -1.736111111E-05
275.4 0 1.737655694E-05
275.6 0 7.514797551E-21
275.8 0 -3.391239088E-20
276 0 3.484611954E-05
276.2 0 1.743861607E-05
276.4 0 -1.745420018E-05
276.6 0 -1.746981216E-05
276.8 0 -5.245635631E-05
277 0 -1.750112007E-05
277.2 0 1.751681614E-05
277.4 0 -1.753254039E-05
277.6 0 1.447982309E-20
277.8 0 -1.756407374E-05
278 0 -3.515976598E-05
278.2 0 -1.759572072E-05
278.4 0 1.325887109E-20
278.6 0 -1.762748195E-05
278.8 0 1.25270023E-20
279 0 3.531871609E-05
279.2 0 3.535067873E-05
279.4 0 1.769134964E-05
279.6 0 1.770738894E-05
279.8 0 1.772345735E-05
280 0 -1.773955495E-05
280.2 0 1.558509864E-20
280.4 0 1.777183803E-05
280.6 0 1.778802368E-05
280.8 0 5.34127165E-05
281 0 3.564096715E-05
281.2 0 -1.783675799E-05
281.4 0 1.785306216E-05
281.6 0 7.147758463E-05
281.8 0 5.365728022E-05
282 0 3.580430797E-05
282.2 0 1.791857798E-05
282.4 0 1.793503214E-05
282.6 0 5.385454963E-05
282.8 0 5.390409384E-05
283 0 7.193830571E-05
283.2 0 0.0001260080645
283.4 0 0.0001081065498
283.6 0 7.213758079E-05
283.8 0 5.415318854E-05
284 0 -2.246635399E-20
284.2 0 1.808449074E-05
284.4 0 7.240500463E-05
284.6 0 5.435412801E-05
284.8 0 3.626973073E-05
285 0 -2.027717255E-20
285.2 0 3.63372093E-05
285.4 0 3.637104283E-05
285.6 0 1.820246971E-05
285.8 0 3.643889925E-05
286 0 1.823646125E-05
286.2 0 9.126752336E-05
286.4 0 7.308231993E-05
286.6 0 3.657537453E-05
286.8 0 5.491447985E-05
287 0 3.664399625E-05
287.2 0 -2.181761095E-20
287.4 0 -1.835643797E-05
287.6 0 -1.187558823E-20
287.8 0 -5.51730226E-05
288 0 -9.204170594E-05
288.2 0 -3.685141509E-05
288.4 0 -7.377242682E-05
288.6 0 -7.384215501E-05
288.8 0 -1.847800378E-05
289 0 -1.849550189E-05
289.2 0 -1.851303318E-05
289.4 0 1.853059772E-05
289.6 0 1.854819563E-05
289.8 0 -1.8565827E-05
290 0 -1.858349191E-05
290.2 0 -3.720238095E-05
290.4 0 -5.406948487E-20
290.6 0 -3.727337786E-05
290.8 0 -5.596346705E-05
291 0 -3.734464627E-05
291.2 0 -3.738038278E-05
291.4 0 -3.98787006E-20
291.6 0 -5.617809204E-05
291.8 0 -5.623200576E-05
292 0 -3.752401537E-05
292.2 0 -5.634014423E-05
292.4 0 -7.519249278E-05
292.6 0 -0.0001505298651
292.8 0 -9.417189007E-05
293 0 3.348887019E-21
293.2 0 -1.887077295E-05
293.4 0 -7.555609284E-05
293.6 0 -7.562923524E-05
293.8 0 -3.785125969E-05
294 0 -3.788797284E-05
294.2 0 3.792475728E-05
294.4 0 7.592322643E-05
294.6 0 7.599708171E-05
294.8 0 3.803554041E-05
295 0 -3.19285266E-20
295.2 0 -6.769652589E-21
295.4 0 -3.814697266E-05
295.6 0 -3.818426197E-05
295.8 0 -1.104586379E-20
296 0 5.738858962E-05
296.2 0 1.914828431E-05
296.4 0 1.916707556E-05
296.6 0 1.918590373E-05
296.8 0 -3.840953786E-05
297 0 1.922367126E-05
297.2 0 5.538472064E-20
297.4 0 -3.852317554E-05
297.6 0 1.928060217E-05
297.8 0 -1.929965415E-05
298 0 -7.727497527E-05
298.2 0 -5.801361386E-05
298.4 0 -1.935703667E-05
298.6 0 -5.812872024E-05
298.8 0 -9.697740814E-05
299 0 -3.882952286E-05
299.2 0 -3.88681592E-05
299.4 0 -3.890687251E-05
299.6 0 -1.947283151E-05
299.8 0 -5.847679641E-05
300 0 -3.902347652E-05
300.2 0 1.953125E-05
300.4 0 -1.096570902E-20
300.6 0 -1.957039078E-05
300.8 0 -1.959002006E-05
301 0 1.960968876E-05
301.2 0 5.888819095E-05
301.4 0 1.964914487E-05
301.6 0 -1.966893253E-05
301.8 0 -1.968876008E-05
302 0 2.840625474E-20
302.2 0 -3.945707071E-05
302.4 0 -3.949696663E-05
302.6 0 5.155657698E-21
302.8 0 3.258548191E-20
303 0 5.942570994E-05
303.2 0 0.0001189720812
303.4 0 3.96976626E-05
303.6 0 1.98690234E-05
303.8 0 7.955702648E-05
304 0 7.963812436E-05
304.2 0 3.985969388E-05
304.4 0 3.990040858E-05
304.6 0 6.310582368E-21
304.8 0 -1.999104401E-05
305 0 4.002305328E-05
305.2 0 6.009615385E-05
305.4 0 6.015785421E-05
305.6 0 4.014645427E-05
305.8 0 2.00938786E-05
306 0 -4.575214132E-20
306.2 0 -4.027061856E-05
306.4 0 -1.633216896E-20
306.6 0 6.053073347E-05
306.8 0 6.059332989E-05
307 0 6.06560559E-05
307.2 0 2.023963731E-05
307.4 0 2.026063278E-05
307.6 0 2.028167186E-05
307.8 0 -2.030275468E-05
308 0 -4.064776275E-05
308.2 0 2.034505208E-05
308.4 0 0.0001018313347
308.6 0 2.03875261E-05
308.8 0 -2.040882968E-05
309 0 4.086035565E-05
309.2 0 2.045157068E-05
309.4 0 2.047300839E-05
309.6 0 6.148347324E-05
309.8 0 6.154805672E-05
310 0 4.107518402E-05
310.2 0 6.167763158E-05
310.4 0 6.174262381E-05
310.6 8.241033755E-06 2.060258439E-05
310.8 1.649947202E-05 2.062434002E-05
311 1.651691332E-05 0.0001238768499
311.2 1.653439153E-05 0.0001446759259
311.4 1.655190678E-05 6.206965042E-05
311.6 1.656945917E-05 4.142364793E-05
311.8 2.488057325E-05 1.599597363E-20
312 2.490701382E-05 -3.502572838E-20
312.2 1.662234043E-05 6.23337766E-05
312.4 1.66400426E-05 4.16001065E-05
312.6 1.665778252E-05 -4.164445629E-05
312.8 8.337780149E-06 -1.982375295E-20
313 0 2.086672009E-05
313.2 8.355614973E-06 -0.0001044451872
313.4 1.672912206E-05 -6.273420771E-05
313.6 8.373526259E-06 4.18676313E-05
313.8 0 4.191255365E-05
314 0 4.19575725E-05
314.2 0 2.100134409E-05
314.4 0 -2.102395048E-05
314.6 0 2.10466056E-05
314.8 0 4.21386192E-05
315 0 2.109206263E-05
315.2 0 4.222972973E-05
315.4 0 2.113771645E-05
315.6 0 -2.116061755E-05
315.8 0 -2.118356833E-05
316 0 2.120656895E-05
316.2 0 2.122961957E-05
316.4 0 1.644694948E-20
316.6 0 2.127587146E-05
316.8 0 4.259814613E-05
317 0 4.539503839E-20
317.2 0 -4.269125683E-05
317.4 0 2.136898249E-05
317.6 0 6.41771632E-05
317.8 0 6.424753289E-05
318 0 2.143935236E-05
318.2 0 -2.146291209E-05
318.4 0 2.148652365E-05
318.6 0 4.302037445E-05
318.8 0 6.460170893E-05
319 0 2.155767108E-05
319.2 0 -3.459899136E-20
319.4 0 2.160536504E-05
319.6 0 -2.162929125E-05
319.8 0 -2.165327051E-05
320 0 6.952209388E-21
320.2 0 2.170138889E-05
320.4 0 4.345105673E-05
320.6 0 4.349944321E-05
320.8 0 4.354793757E-05
321 0 4.359654018E-05
321.2 0 2.18226257E-05
321.4 0 2.184703579E-05
321.6 0 -2.187150056E-05
321.8 0 -4.379204036E-05
322 0 -4.384118967E-05
322.2 0 -6.583567416E-05
322.4 0 -6.590973003E-05
322.6 0 -6.59839527E-05
322.8 0 -6.605834273E-05
323 0 -8.81772009E-05
323.2 0 -0.0001103460452
323.4 0 -6.628252262E-05
323.6 0 -2.211919592E-05
323.8 0 -4.428854875E-05
324 0 -2.216940976E-05
324.2 0 -1.417805909E-20
324.4 0 -2.22198521E-05
324.6 0 -2.224515945E-05
324.8 0 2.227052452E-05
325 0 -2.229594749E-05
325.2 0 -4.464285714E-05
325.4 0 4.469393593E-05
325.6 0 4.474513173E-05
325.8 0 -2.239822248E-05
326 0 -2.2423938E-05
326.2 8.979885057E-06 4.489942529E-05
326.4 8.990218642E-06 4.495109321E-05
326.6 9.000576037E-06 -2.250144009E-05
326.8 9.010957324E-06 -4.505478662E-05
327 9.021362587E-06 -1.279628108E-20
327.2 9.031791908E-06 6.773843931E-05
327.4 9.04224537E-06 6.781684028E-05
327.6 9.052723059E-06 -2.263180765E-05
327.8 9.063225058E-06 2.265806265E-05
328 9.073751452E-06 6.805313589E-05
328.2 9.084302326E-06 -2.271075581E-05
328.4 9.094877765E-06 -2.273719441E-05
328.6 9.105477855E-06 2.276369464E-05
328.8 0 9.116102684E-05
329 0 9.126752336E-05
329.2 0 0.0001142178363
329.4 0 4.574063232E-05
329.6 9.158851114E-06 -2.289712778E-05
329.8 0 -4.584800469E-05
330 9.180376028E-06 -0.0001147547004
330.2 0 -2.297794118E-05
330.4 0 2.300500589E-05
330.6 0 -2.303213443E-05
330.8 0 -9.223730815E-05
331 0 -0.0001154329196
331.2 0 -9.24556213E-05
331.4 0 -2.314129147E-05
331.6 0 -2.316874259E-05
331.8 9.278503563E-06 -4.639251781E-05
332 9.289536266E-06 -2.322384067E-05
332.2 9.300595238E-06 -2.32514881E-05
332.4 9.311680572E-06 -1.556844378E-20
332.6 9.322792363E-06 -2.330698091E-05
332.8 9.333930705E-06 -1.152958294E-20
333 9.345095694E-06 2.336273923E-05
333.2 9.356287425E-06 -2.339071856E-05
333.4 9.367505995E-06 -4.683752998E-05
333.6 0 -2.344687875E-05
333.8 0 6.737983299E-20
334 0 2.350330927E-05
334.2 0 4.706325301E-05
334.4 0 2.356001206E-05
334.6 0 4.717693237E-05
334.8 0 -2.455589644E-20
335 0 -4.729116223E-05
335.2 0 4.734848485E-05
335.4 0 4.74059466E-05
335.6 0 2.3731774E-05
335.8 0 2.376064477E-05
336 0 4.757917174E-05
336.2 0 4.763719512E-05
336.4 0 -2.38476801E-05
336.6 0 -2.387683374E-05
336.8 0 -2.390605875E-05
337 0 -2.333780249E-20
337.2 0 7.189417178E-05
337.4 0 4.798832924E-05
337.6 0 -2.402367774E-05
337.8 0 -9.621305419E-05
338 0 -2.408292232E-05
338.2 0 4.822530864E-05
338.4 0 4.828491965E-05
338.6 0 -2.417233911E-05
338.8 0 -9.680916976E-05
339 9.69292804E-06 -7.26969603E-05
339.2 9.704968944E-06 -9.704968944E-05
339.4 1.94340796E-05 -2.42925995E-05
339.6 2.918742217E-05 -9.729140722E-05
339.8 3.896508728E-05 -0.0001461190773
340 4.876716604E-05 -9.753433208E-05
340.2 5.859375E-05 -9.765625E-05
340.4 6.844493116E-05 -7.333385482E-05
340.6 7.832080201E-05 -2.447525063E-05
340.8 8.822145546E-05 1.753020515E-20
341 8.833228643E-05 -2.088144327E-20
341.2 9.827044025E-05 4.913522013E-05
341.4 0.0001082336272 4.919710327E-05
341.6 0.0001083701135 4.92591425E-05
341.8 0.0001183712121 2.466066919E-05
342 0.0001185208597 8.248793303E-21
342.2 0.0001186708861 -2.472310127E-05
342.4 0.0001188212928 -4.950887199E-05
342.6 0.0001189720812 -7.435755076E-05
342.8 0.0001191232529 -4.963468869E-05
343 0.0001192748092 -2.484891858E-05
343.2 0.0001094745223 -4.97611465E-05
343.4 9.964923469E-05 -4.982461735E-05
343.6 9.977650064E-05 -4.988825032E-05
343.8 8.991368286E-05 3.73056913E-20
344 8.002560819E-05 2.500800256E-05
344.2 7.011217949E-05 2.50400641E-05
344.4 6.01732991E-05 2.50474262E-21
344.6 6.025064267E-05 1.373874696E-20
344.8 5.027348777E-05 5.027348777E-05
345 5.03382732E-05 -2.51691366E-05
345.2 5.040322581E-05 -7.560483871E-05
345.4 5.046834625E-05 -7.570251938E-05
345.6 5.053363519E-05 -7.580045278E-05
345.8 6.071891192E-05 -5.059909326E-05
346 7.09306096E-05 -5.066472114E-05
346.2 8.116883117E-05 -7.609577922E-05
346.4 8.127438231E-05 -2.539824447E-05
346.6 8.138020833E-05 -4.628366459E-21
346.8 8.14863103E-05 -2.546447197E-05
347 8.15926893E-05 5.099543081E-05
347.2 8.169934641E-05 5.10620915E-05
347.4 8.180628272E-05 2.556446335E-05
347.6 8.191349934E-05 7.111077318E-20
347.8 8.202099738E-05 -5.126312336E-05
348 8.212877792E-05 -7.69957293E-05
348.2 8.223684211E-05 -0.0001027960526
348.4 9.263833992E-05 -0.0001029314888
348.6 9.276055409E-05 -5.153364116E-05
348.8 8.256274769E-05 9.001130216E-21
349 7.233796296E-05 -2.583498677E-05
349.2 6.208609272E-05 3.568155167E-20
349.4 5.180702918E-05 2.590351459E-05
349.6 4.150066401E-05 3.697026225E-20
349.8 3.11668883E-05 3.361711439E-20
350 2.080559254E-05 -6.80730219E-21
350.2 1.041666667E-05 -5.208333333E-05
350.4 0 -0.000104305741
350.6 0 -0.0001566677807
350.8 0 -0.0001307312584
351 0 -5.236260054E-05
351.2 0 -7.864932886E-05
351.4 0 -7.875504032E-05
351.6 0 -2.628701211E-05
351.8 0 -5.264487871E-05
352 0 -0.0001317898111
352.2 0 -2.639358108E-05
352.4 0 7.928788904E-05
352.6 0 2.64651084E-05
352.8 0 -1.585774151E-20
353 0 -2.653702446E-05
353.2 0 -5.31462585E-05
353.4 0 -7.982799728E-05
353.6 0 -7.993690314E-05
353.8 0 -5.336407104E-05
354 0 -5.34370725E-05
354.2 0 -8.026541096E-05
354.4 0 -2.679183813E-05
354.6 0 2.682864011E-05
354.8 0 -2.686554333E-05
355 0 -8.070764463E-05
355.2 0 -5.387931034E-05
355.4 0 -5.888692688E-21
355.6 0 -4.254661629E-22
355.8 0 -3.30856877E-20
356 0 -2.358014365E-20
356.2 0 2.712673611E-05
356.4 0 2.716446453E-05
356.6 0 2.720229805E-05
356.8 0 2.72402371E-05
357 0 2.727828212E-05
357.2 0 -2.731643357E-05
357.4 0 -5.470938375E-05
357.6 0 -8.534957352E-21
357.8 0 -2.74315309E-05
358 0 -2.747011252E-05
358.2 0 -2.750880282E-05
358.4 0 -5.509520451E-05
358.6 0 -4.696433614E-20
358.8 0 -3.787179199E-20
359 0 -8.299398017E-05
359.2 0 -2.770390071E-05
359.4 0 2.774325284E-05
359.6 0 -1.706101615E-20
359.8 0 -1.757935571E-20
360 0 -2.786198288E-05
360.2 0 -2.790178571E-05
360.4 0 3.279372575E-20
360.6 0 -2.798173352E-05
360.8 0 -2.802187948E-05
361 1.122485632E-05 -2.449396321E-20
361.2 2.248201439E-05 -4.585427604E-20
361.4 3.377161383E-05 -2.814301153E-05
361.6 4.509379509E-05 -2.818362193E-05
361.8 4.515895954E-05 -2.920032544E-20
362 5.653039074E-05 -2.826519537E-05
362.2 5.661231884E-05 -2.830615942E-05
362.4 5.669448476E-05 -3.242902075E-20
362.6 5.677688953E-05 -3.095319055E-20
362.8 5.685953421E-05 1.110844235E-20
363 6.833090379E-05 -1.226506411E-21
363.2 6.843065693E-05 3.721939334E-20
363.4 6.853070175E-05 2.855445906E-05
363.6 6.863103953E-05 2.859626647E-05
363.8 6.873167155E-05 4.190601071E-20
364 6.883259912E-05 1.797955756E-20
364.2 6.893382353E-05 -2.872242647E-05
364.4 6.90353461E-05 -2.876472754E-05
364.6 6.913716814E-05 -2.880715339E-05
364.8 6.923929099E-05 -5.769940916E-05
365 6.934171598E-05 -2.889238166E-05
365.2 6.944444444E-05 4.168206876E-20
365.4 6.954747774E-05 -2.897811573E-05
365.6 6.965081724E-05 -2.902117385E-05
365.8 6.975446429E-05 1.545782367E-20
366 6.985842027E-05 -2.910767511E-05
366.2 6.996268657E-05 1.939502547E-20
366.4 7.006726457E-05 5.838938714E-05
366.6 7.017215569E-05 5.847679641E-05
366.8 7.027736132E-05 2.928223388E-05
367 7.038288288E-05 -5.86524024E-05
367.2 7.04887218E-05 -5.87406015E-05
367.4 7.059487952E-05 -2.956128827E-21
367.6 7.070135747E-05 2.945889894E-05
367.8 7.08081571E-05 2.950339879E-05
368 7.091527988E-05 -3.561632701E-20
368.2 7.102272727E-05 6.363093512E-20
368.4 7.113050076E-05 2.796292723E-20
368.6 7.123860182E-05 4.45298461E-20
368.8 5.945585997E-05 -2.497706199E-21
369 4.763719512E-05 -4.427016645E-20
369.2 3.578244275E-05 -4.759572812E-20
369.4 2.389143731E-05 -4.894570202E-21
369.6 1.196401225E-05 -3.788114759E-20
369.8 0 7.032001432E-21
370 0 -9.271350302E-21
370.2 0 1.280666603E-20
370.4 0 1.161669521E-20
370.6 0 -3.763684837E-20
370.8 0 -2.367858173E-20
371 0 -6.847259913E-20
371.2 0 -1.007223313E-20
371.4 0 1.584056058E-21
371.6 0 -6.155494848E-21
371.8 0 -3.042250779E-05
372 0 -6.09399376E-05
372.2 0 -3.051757812E-05
372.4 0 9.499907945E-21
372.6 0 -2.55709522E-20
372.8 0 -5.303348351E-20
373 0 -4.023133825E-21
373.2 0 4.714672055E-20
373.4 0 -3.939037112E-21
373.6 0 -4.47687998E-20
373.8 0 2.723522807E-20
374 0 -3.095285261E-05
374.2 0 -6.200396825E-05
374.4 0 -6.210254372E-05
374.6 0 -3.110071656E-05
374.8 0 -1.147522128E-21
375 0 3.120007987E-05
375.2 0 3.125E-05
375.4 1.252003205E-05 -7.084697642E-20
375.6 2.508025682E-05 -5.359091396E-20
375.8 3.768086817E-05 -4.668800606E-20
376 5.032206119E-05 -7.022123502E-20
376.2 6.300403226E-05 -3.150201613E-05
376.4 7.5726979E-05 -3.155290792E-05
376.6 7.584951456E-05 3.959465667E-20
376.8 7.597244733E-05 -1.695092816E-20
377 7.609577922E-05 -5.404884183E-20
377.2 7.62195122E-05 -7.729373046E-21
377.4 7.634364821E-05 4.235104492E-20
377.6 7.646818923E-05 5.578441187E-20
377.8 7.659313725E-05 -5.061827505E-21
378 7.671849427E-05 7.596995037E-20
378.2 7.68442623E-05 8.773226136E-20
378.4 7.697044335E-05 1.823903612E-20
378.6 7.709703947E-05 -1.741239017E-20
378.8 7.722405272E-05 4.176241067E-20
379 7.735148515E-05 9.567038739E-20
379.2 7.747933884E-05 -1.952704667E-21
379.4 7.760761589E-05 6.94350086E-23
379.6 7.773631841E-05 1.076681038E-20
379.8 7.78654485E-05 6.928779476E-22
380 7.799500832E-05 -1.45642513E-20
380.2 7.8125E-05 8.812757644E-21
380.4 7.825542571E-05 -1.518394279E-20
380.6 7.838628763E-05 3.537639511E-21
380.8 7.851758794E-05 -1.493475557E-20
381 7.864932886E-05 1.261653873E-20
381.2 7.878151261E-05 3.282563025E-05
381.4 7.891414141E-05 1.462607534E-20
381.6 7.904721754E-05 -1.559737259E-20
381.8 7.918074324E-05 6.59839527E-05
382 7.931472081E-05 3.304780034E-05
382.2 7.944915254E-05 -7.266494985E-20
382.4 7.958404075E-05 6.632003396E-05
382.6 7.971938776E-05 3.321641156E-05
382.8 7.985519591E-05 -5.966743923E-20
383 7.999146758E-05 -3.632891168E-20
383.2 8.012820513E-05 -3.338675214E-05
383.4 8.026541096E-05 5.801643265E-20
383.6 8.040308748E-05 -3.350128645E-05
383.8 8.054123711E-05 -6.711769759E-05
384 8.067986231E-05 -3.361660929E-05
384.2 8.081896552E-05 -3.367456897E-05
384.4 8.095854922E-05 -3.373272884E-05
384.6 8.109861592E-05 1.859121615E-20
384.8 8.123916811E-05 3.628797976E-20
385 8.138020833E-05 -5.316549354E-20
385.2 8.152173913E-05 1.900544422E-20
385.4 8.166376307E-05 5.022378092E-20
385.6 8.180628272E-05 6.508380982E-20
385.8 8.19493007E-05 -1.381630023E-20
386 8.209281961E-05 -1.960918194E-20
386.2 8.223684211E-05 -4.478197923E-22
386.4 8.238137083E-05 -3.742218622E-20
386.6 8.252640845E-05 8.183970749E-21
386.8 8.267195767E-05 4.31624578E-20
387 8.28180212E-05 9.115430039E-21
387.2 8.296460177E-05 -3.738838234E-20
387.4 8.311170213E-05 -3.750412202E-20
387.6 8.325932504E-05 1.438591359E-20
387.8 8.340747331E-05 1.298888883E-19
388 8.355614973E-05 3.711908269E-20
388.2 8.370535714E-05 -5.737558526E-20
388.4 8.385509839E-05 -3.407334108E-20
388.6 8.400537634E-05 6.767445195E-20
388.8 8.41561939E-05 7.307309869E-20
389 8.430755396E-05 9.416063282E-22
389.2 8.445945946E-05 5.946819667E-20
389.4 8.461191336E-05 3.52549639E-05
389.6 7.063743219E-05 3.531871609E-05
389.8 7.076539855E-05 5.694261098E-20
390 7.08938294E-05 2.228706861E-21
390.2 7.102272727E-05 3.669529541E-20
390.4 7.115209472E-05 2.882586337E-20
390.6 7.128193431E-05 -3.564096715E-05
390.8 8.569469835E-05 -3.570612431E-05
391 8.585164835E-05 3.466664716E-20
391.2 8.600917431E-05 -1.154030538E-20
391.4 8.616727941E-05 1.630291452E-20
391.6 8.632596685E-05 2.930037447E-20
391.8 8.648523985E-05 5.666998086E-20
392 8.664510166E-05 4.662357411E-20
392.2 8.680555556E-05 5.245197408E-20
392.4 8.696660482E-05 6.142030769E-20
392.6 8.712825279E-05 2.231560658E-20
392.8 8.729050279E-05 3.637104283E-05
393 8.745335821E-05 3.643889925E-05
393.2 8.761682243E-05 4.122265176E-20
393.4 8.778089888E-05 5.945418299E-20
393.6 8.794559099E-05 -1.89596306E-20
393.8 8.811090226E-05 1.32270067E-20
394 8.827683616E-05 1.094285986E-20
394.2 8.844339623E-05 8.600580859E-20
394.4 8.861058601E-05 -2.431076298E-21
394.6 8.877840909E-05 -3.574213639E-20
394.8 8.894686907E-05 -1.639884185E-20
395 8.911596958E-05 8.035591562E-20
395.2 8.928571429E-05 4.28365559E-20
395.4 8.945610687E-05 1.175744256E-20
395.6 8.962715105E-05 4.885411939E-20
395.8 8.979885057E-05 4.812355254E-20
396 8.997120921E-05 5.223992224E-21
396.2 9.014423077E-05 -1.16482238E-20
396.4 7.526493256E-05 -4.455287682E-20
396.6 6.032818533E-05 -1.475404444E-20
396.8 6.044487427E-05 6.141055072E-20
397 6.05620155E-05 1.46146644E-19
397.2 6.067961165E-05 7.95544481E-20
397.4 6.079766537E-05 5.817098342E-20
397.6 7.614522417E-05 3.770868214E-20
397.8 9.155273438E-05 1.009055615E-19
398 9.173189824E-05 -1.261800527E-21
398.2 9.191176471E-05 7.616769911E-20
398.4 9.209233792E-05 2.113893024E-20
398.6 9.227362205E-05 -3.844734252E-05
398.8 9.24556213E-05 5.320586996E-20
399 9.263833992E-05 3.85993083E-05
399.2 9.282178218E-05 5.708684197E-20
399.4 9.300595238E-05 4.564679095E-20
399.6 9.319085487E-05 3.882952286E-05
399.8 7.781374502E-05 3.890687251E-05
400 7.796906188E-05 2.001930597E-20
400.2 7.8125E-05 5.007365718E-20
400.4 7.828156313E-05 -1.019235604E-20
400.6 7.843875502E-05 2.721985762E-21
400.8 7.859657948E-05 -5.39830149E-20
401 9.450604839E-05 3.937752016E-05
401.2 9.46969697E-05 3.945707071E-05
401.4 9.488866397E-05 3.953694332E-05
401.6 9.50811359E-05 7.923427992E-05
401.8 9.527439024E-05 7.93953252E-05
402 9.546843177E-05 7.955702648E-05
402.2 9.566326531E-05 0.0001195790816
402.4 7.988241309E-05 0.0001198236196
402.6 8.004610656E-05 4.002305328E-05
402.8 8.021047228E-05 4.010523614E-05
403 8.03755144E-05 0.0001205632716
403.2 6.443298969E-05 0.0001208118557
403.4 4.842458678E-05 4.035382231E-05
403.6 4.852484472E-05 2.581616099E-20
403.8 3.241701245E-05 5.230970574E-20
404 1.624220374E-05 4.060550936E-05
404.2 0 4.069010417E-05
404.4 0 9.074918581E-20
404.6 0 1.056021799E-19
404.8 0 4.210283825E-20
405 0 4.103203782E-05
405.2 0 4.111842105E-05
405.4 0 -4.120516878E-05
405.6 0 -8.25845666E-05
405.8 0 -8.27595339E-05
406 0 -4.146762208E-05
406.2 0 5.864898217E-20
406.4 0 9.259723088E-20
406.6 0 4.173344017E-05
406.8 0 1.933191703E-20
407 0 -4.191255365E-05
407.2 0 4.200268817E-05
407.4 0 4.209321121E-05
407.6 0 -1.413018696E-20
407.8 0 -4.22754329E-05
408 0 -4.236713666E-05
408.2 0 1.446070652E-19
408.4 0 -1.901767881E-20
408.6 0 -8.532753164E-20
408.8 0 -4.273796499E-05
409 0 -4.28316886E-05
409.2 0 -4.772350649E-20
409.4 0 -6.911351719E-20
409.6 0 -4.311534216E-05
409.8 0 -8.642146018E-05
410 0 -8.661308204E-05
410.2 0 -8.680555556E-05
410.4 0 -8.699888641E-05
410.6 0 -4.359654018E-05
410.8 0 -4.369407159E-05
411 0 -0.0001313761211
411.2 1.755617978E-05 -0.0001316713483
411.4 1.759572072E-05 -8.79786036E-05
411.6 1.763544018E-05 -4.408860045E-05
411.8 1.767533937E-05 -4.418834842E-05
412 1.77154195E-05 -8.857709751E-05
412.2 1.775568182E-05 7.951862987E-22
412.4 0 8.898063781E-05
412.6 0 8.918378995E-05
412.8 0 8.938787185E-05
413 0 8.959288991E-05
413.2 0 8.979885057E-05
413.4 0 9.000576037E-05
413.6 0 4.510681293E-05
413.8 0 -3.674879958E-20
414 0 4.087999551E-21
414.2 0 2.389873734E-20
414.4 0 -4.552738928E-05
414.6 0 -9.126752336E-05
414.8 0 -4.574063232E-05
415 0 -4.584800469E-05
415.2 0 -9.191176471E-05
415.4 0 -9.212853774E-05
415.6 0 -9.23463357E-05
415.8 0 -4.628258294E-05
416 0 -1.119175085E-20
416.2 0 -4.650297619E-05
416.4 0 -4.661396181E-05
416.6 0 7.309596233E-21
416.8 0 4.755568176E-20
417 0 -2.374758101E-20
417.2 0 -1.978011721E-20
417.4 0 -4.474743546E-21
417.6 0 -1.525100408E-20
417.8 0 -4.01399048E-20
418 0 -1.452153341E-20
418.2 0 -7.056641196E-20
418.4 0 -5.064134862E-20
418.6 0 4.936062087E-20
418.8 0 -1.610454728E-20
419 0 8.239198456E-20
419.2 0 3.90957221E-20
419.4 0 -1.969059127E-20
419.6 0 -7.193171885E-21
419.8 0 2.245459257E-21
420 0 -1.322778606E-21
420.2 0 2.152818375E-20
420.4 0 3.186855113E-20
420.6 0 1.318380545E-19
420.8 0 1.144765413E-19
421 0 7.914621816E-20
421.2 0 8.666947189E-20
421.4 0 1.20507301E-19
421.6 0 2.119572928E-21
421.8 0 -4.782796977E-20
422 0 4.995204604E-05
422.2 0 5.008012821E-05
422.4 0 8.796747254E-20
422.6 0 -5.03382732E-05
422.8 0 -4.239330507E-20
423 0 5.059909326E-05
423.2 0 3.144121708E-20
423.4 0 -5.086263021E-05
423.6 0 -5.099543081E-05
423.8 0 8.301508289E-20
424 0 -2.736116986E-21
424.2 0 2.099073349E-20
424.4 0 1.107949886E-19
424.6 0 5.249022726E-20
424.8 0 3.840516213E-20
425 0 -3.832494995E-20
425.2 0 7.576133978E-20
425.4 0 8.33463638E-20
425.6 0 -2.904956625E-20
425.8 0 7.592866969E-20
426 0 6.424900412E-20
426.2 0 -3.774759379E-20
426.4 0 -5.54351225E-20
426.6 0 -5.849754614E-20
426.8 0 6.212682713E-20
427 0 3.796045425E-20
427.2 0 8.683951365E-20
427.4 0 4.197033094E-20
427.6 0 9.455393111E-20
427.8 0 8.197703043E-21
428 0 2.999765699E-20
428.2 0 -6.345226743E-20
428.4 0 5.217476415E-20
428.6 0 1.080990956E-19
428.8 0 -2.72764909E-20
429 0 -4.597958261E-20
429.2 0 -2.634902618E-20
429.4 0 -4.193020788E-20
429.6 0 -2.847473682E-20
429.8 0 -1.164084562E-20
430 0 -1.821117588E-20
430.2 0 4.16556512E-20
430.4 0 1.030022633E-19
430.6 0 1.137404574E-19
430.8 0 6.348507823E-20
431 0 5.644869942E-05
431.2 0 5.661231884E-05
431.4 0 -5.677688953E-05
431.6 2.277696793E-05 -5.694241983E-05
431.8 2.284356725E-05 -3.231108328E-20
432 2.291055718E-05 5.727639296E-05
432.2 2.297794118E-05 0.0001148897059
432.4 0 5.761430678E-05
432.6 0 -5.778476331E-05
432.8 2.318249258E-05 8.133539193E-20
433 0 5.812872024E-05
433.2 0 -5.830223881E-05
433.4 2.339071856E-05 -5.847679641E-05
433.6 0 9.938955616E-21
433.8 0 1.121438145E-20
434 0 1.173973447E-19
434.2 0 3.331745495E-20
434.4 0 -4.252803746E-21
434.6 0 -2.440368602E-20
434.8 0 5.349553619E-20
435 0 1.618061951E-19
435.2 0 6.009615385E-05
435.4 2.411265432E-05 6.02816358E-05
435.6 0 5.332368147E-20
435.8 2.426242236E-05 -6.337926651E-20
436 2.433800623E-05 9.193031563E-20
436.2 2.44140625E-05 7.569720924E-20
436.4 2.449059561E-05 -4.737296192E-20
436.6 2.456761006E-05 8.126531508E-20
436.8 2.464511041E-05 3.264307537E-20
437 2.472310127E-05 -1.968471354E-20
437.2 0 3.88172208E-20
437.4 0 -7.742430748E-20
437.6 0 -5.888845075E-20
437.8 0 -6.260016026E-05
438 0 4.198710361E-20
438.2 0 6.300403226E-05
438.4 0 -8.517532696E-20
438.6 0 6.548031783E-21
438.8 0 1.377648946E-19
439 0 3.030197383E-20
439.2 0 -1.784256158E-20
439.4 0 9.795821756E-20
439.6 0 -4.029655015E-20
439.8 0 -5.929123612E-20
440 0 -9.993409066E-20
440.2 0 -2.807441497E-20
440.4 0 6.532190635E-05
440.6 0 -6.183990349E-20
440.8 0 -6.576178451E-05
441 0 -6.59839527E-05
441.2 0 -3.562864422E-20
441.4 2.657312925E-05 6.643282313E-05
441.6 5.332764505E-05 -4.925570796E-20
441.8 8.026541096E-05 -1.865465887E-19
442 0.0001073883162 5.466225131E-20
442.2 0.0001346982759 -6.851966238E-20
442.4 0.0001621972318 -2.171329486E-20
442.6 0.0001898871528 -1.112858453E-19
442.8 0.0002177700348 6.805313589E-05
443 0.0002185314685 0.0001365821678
443.2 0.0002192982456 0.0001370614035
443.4 0.0002200704225 0.0001375440141
443.6 0.0002208480565 0.0001380300353
443.8 0.0002216312057 0.0002077792553
444 0.0002224199288 0.000278024911
444.2 0.0002232142857 6.975446429E-05
444.4 0.0002240143369 -0.0001400089606
444.6 0.0002248201439 -7.025629496E-05
444.8 0.000225631769 -1.098029274E-19
445 0.0002264492754 -2.038771254E-20
445.2 0.0002272727273 7.102272727E-05
445.4 0.0002281021898 0.0001425638686
445.6 0.0002289377289 0.0001430860806
445.8 0.0002297794118 7.180606618E-05
446 0.0002306273063 7.207103321E-05
446.2 0.0002314814815 7.233796296E-05
446.4 0.0002323420074 7.260687732E-05
446.6 0.0002332089552 7.287779851E-05
446.8 0.000234082397 -1.246533432E-19
447 0.000234962406 -1.262890585E-19
447.2 0.0002063679245 7.370283019E-05
447.4 0.0002071496212 7.398200758E-05
447.6 0.0002079372624 7.426330798E-05
447.8 0.000208730916 0.0001490935115
448 0.0002095306513 0.0002244971264
448.2 0.0002103365385 0.0001502403846
448.4 0.0002111486486 -7.541023166E-05
448.6 0.0002119670543 -0.0001514050388
448.8 0.0002431906615 -0.0001519941634
449 0.000244140625 -7.629394531E-05
449.2 0.0002450980392 -8.968142984E-23
449.4 0.0002460629921 7.689468504E-05
449.6 0.0002470355731 0.0001543972332
449.8 0.000248015873 7.750496032E-05
450 0.0002490039841 7.781374502E-05
450.2 0.00025 7.8125E-05
450.4 0.0002510040161 7.843875502E-05
450.6 0.000252016129 0.0001575100806
450.8 0.0002530364372 7.907388664E-05
451 0.0002540650407 -7.93953252E-05
451.2 0.0002551020408 -7.971938776E-05
451.4 0.000256147541 8.004610656E-05
451.6 0.0002572016461 0.0002411265432
451.8 0.0002582644628 0.0001614152893
452 0.0002593360996 7.994339133E-20
452.2 0.0002604166667 -8.138020833E-05
452.4 0.0002615062762 8.17207113E-05
452.6 0.000262605042 0.0002461922269
452.8 0.0002637130802 0.0001648206751
453 0.0002648305085 -8.27595339E-05
453.2 0.0002659574468 -0.0001662234043
453.4 0.0002670940171 -0.0001669337607
453.6 0.0002682403433 -0.0002514753219
453.8 0.0002693965517 -0.0001683728448
454 0.0002705627706 -8.45508658E-05
454.2 0.0002717391304 -8.491847826E-05
454.4 0.0002729257642 -0.0001705786026
454.6 0.000274122807 -8.566337719E-05
454.8 0.0002753303965 -2.132865107E-20
455 0.0002765486726 2.091913937E-19
455.2 0.0002777777778 -8.680555556E-05
455.4 0.0002790178571 -8.719308036E-05
455.6 0.0002802690583 8.758408072E-05
455.8 0.0002815315315 8.79786036E-05
456 0.0002828054299 -1.876856987E-19
456.2 0.0002840909091 -5.520600661E-22
456.4 0.0002853881279 -3.650840914E-20
456.6 0.0002866972477 -9.141984394E-20
456.8 0.0002880184332 2.711129735E-20
457 0.0002893518519 -3.122226057E-20
457.2 0.0002906976744 4.810614794E-21
457.4 0.0002920560748 3.849261726E-20
457.6 0.00029342723 5.64261168E-20
457.8 0.0002948113208 4.371720119E-20
458 0.0002962085308 3.603869382E-19
458.2 0.0002604166667 2.584077167E-19
458.4 0.0002242822967 -5.718789383E-20
458.6 0.0001878004808 -1.859691482E-19
458.8 0.0001509661836 -2.151404825E-20
459 0.0001137742718 -6.201194684E-20
459.2 7.62195122E-05 -7.371417274E-20
459.4 3.829656863E-05 -7.99143923E-20
459.6 0 -9.621305419E-05
459.8 0 -0.0001933787129
460 0 -0.000194340796
460.2 0 -0.0001953125
460.4 0 -0.0001962939698
460.6 0 -0.0001972853535
460.8 0 -0.000198286802
461 0 -9.964923469E-05
461.2 0 3.740559148E-20
461.4 0 6.918383998E-20
461.6 0 -1.296679128E-19
461.8 0 -9.165368132E-20
462 0 -0.0001022578534
462.2 0 -0.0002055921053
462.4 0 -0.0002066798942
462.6 0 -0.0001038896277
462.8 0 -0.0001044451872
463 0 -0.0001050067204
463.2 0 -0.0001055743243
463.4 0 -0.0001061480978
463.6 0 9.829943172E-20
463.8 0 -9.477912467E-20
464 0 -0.0001079074586
464.2 0 -0.0001085069444
464.4 0 -0.0001091131285
464.6 0 -0.0002194522472
464.8 0 -0.0002206920904
465 0 -0.0001109730114
465.2 0 -5.167182411E-20
465.4 0 -6.044085411E-20
465.6 0 1.780998944E-19
465.8 0 -5.412277161E-20
466 0 2.786735054E-19
466.2 0 -0.0001148897059
466.4 0 -0.0002311390533
466.6 0 -0.0001162574405
466.8 0 1.341277237E-19
467 0 7.418924145E-20
467.2 0 1.664153405E-19
467.4 0 8.802169283E-20
467.6 0 2.785927361E-19
467.8 0 1.383987182E-19
468 0 -7.980630495E-21
468.2 0 8.815329196E-20
468.4 0 1.772341946E-19
468.6 0 -9.552377279E-20
468.8 0 1.696150746E-19
469 0 3.927024362E-19
469.2 0 1.170240852E-19
469.4 0 -9.440252669E-21
469.6 0 8.878508896E-20
469.8 0 3.273544049E-19
470 0 -2.910464125E-20
470.2 0 -1.501764294E-19
470.4 0 2.605981106E-20
470.6 0 9.858922224E-20
470.8 0 1.319709441E-19
471 0 2.79964765E-20
471.2 0 1.179266632E-19
471.4 0 -4.572036199E-20
471.6 0 -2.290711755E-19
471.8 0 -2.376594427E-19
472 0 -5.635810085E-20
472.2 0 2.006044923E-19
472.4 0 2.595038784E-19
472.6 0 -4.186220358E-20
472.8 0 6.967643377E-21
473 0 7.157647377E-20
473.2 0 -1.329846385E-19
473.4 0 -2.958217361E-19
473.6 0 1.31708071E-20
473.8 0 1.980057141E-20
474 0 2.750443544E-19
474.2 0 2.222745628E-19
474.4 0 -9.545734337E-20
474.6 0 8.333323585E-20
474.8 0 9.980698759E-20
475 0 7.917747511E-20
475.2 0 -7.075902911E-20
475.4 0 2.92967786E-19
475.6 0 2.769745485E-20
475.8 0 -3.668667853E-19
476 0 -1.79542481E-19
476.2 0 -2.608587582E-20
476.4 0 -9.386397019E-20
476.6 0 -8.940750341E-20
476.8 0 -3.043511895E-19
477 0 -4.947363926E-19
477.2 0 -3.285114767E-19
477.4 0 -3.457649323E-19
477.6 0 -2.347439306E-19
477.8 0 1.431339318E-19
478 0 -1.23688006E-19
478.2 0 -5.32469223E-20
478.4 0 -2.618538715E-19
478.6 0 3.213716398E-19
478.8 0 -1.679851822E-19
479 0 -2.079913612E-19
479.2 0 1.38010814E-19
479.4 0 -9.079862801E-20
479.6 0 -2.17935362E-19
479.8 0 2.705489323E-19
480 0 6.869774631E-20
480.2 0 5.268944698E-20
480.4 0 2.723496724E-19
480.6 0 -2.857523842E-20
480.8 0 -2.392134486E-19
481 0 -3.874713129E-19
481.2 0 -3.931163372E-20
481.4 0 1.09994429E-20
481.6 0 1.584358871E-19
481.8 0 4.865506078E-19
482 0 2.356153505E-19
482.2 0 -7.016631793E-20
482.4 0 -2.872376344E-20
482.6 0 -9.797521421E-20
482.8 0 2.335304395E-20
483 0 -2.93929795E-19
483.2 0 -2.630697325E-19
483.4 0 -3.200844039E-20
483.6 0 5.175069393E-20
483.8 0 1.838733754E-19
484 0 2.884772893E-19
484.2 0 1.29547507E-19
484.4 0 -1.813118464E-19
484.6 0 0.000250400641
484.8 0 0.0002536525974
485 0 -5.139443358E-20
485.2 0 -1.446856313E-19
485.4 0 -5.014856288E-20
485.6 0 -1.098256477E-19
485.8 0 -4.113378537E-19
486 0 -4.78837836E-20
486.2 0 -0.0002790178571
486.4 0 -0.0002830615942
486.6 0 2.502565502E-20
486.8 0 -2.277589485E-19
487 0 5.004599817E-20
487.2 0 -5.330391836E-20
487.4 0 -8.777062207E-20
487.6 0 1.449204691E-19
487.8 0 2.512772431E-19
488 0 -4.241413294E-19
488.2 0 -1.106022701E-19
488.4 0 3.983140998E-19
488.6 0 -2.412764726E-19
488.8 0 -9.096643644E-20
489 0 -9.121323725E-19
489.2 0 -8.463968463E-19
489.4 0 -3.002613929E-19
489.6 0 -4.475552861E-19
489.8 0 -2.624009921E-19
490 0 2.215059219E-19
490.2 0 1.091477825E-19
490.4 0 -1.941653247E-19
490.6 0 -1.32521766E-18
490.8 0 -7.715729605E-19
491 0 -1.123920434E-18
491.2 0 3.434906336E-20
491.4 0 1.402313996E-18
491.6 0 -2.024455942E-19
491.8 0 -1.130737042E-18
492 0 -4.275107275E-19
492.2 0 7.480419833E-20
492.4 0 1.476862124E-20
492.6 0 1.063111934E-18
492.8 0 5.549062298E-20
493 0 8.378069911E-19
493.2 0 -6.566963413E-20
493.4 0 -1.738302885E-19
493.6 0 6.219102145E-19
493.8 0 5.495075359E-19
494 0 7.226165357E-19
494.2 0 -5.785857834E-19
494.4 0 -8.943781067E-19
494.6 0 0.0006975446429
494.8 0 0.0007233796296
495 0 -0.0007512019231
495.2 0 -0.00078125
495.4 0 1.557604547E-19
495.6 0 1.999113303E-19
495.8 0 -1.479314742E-18
496 0 0.0009300595238
496.2 0 0.001953125
496.4 0 0.001027960526
496.6 0 -1.737906234E-18
496.8 0 -3.391048434E-19
497 0 -1.261790129E-18
497.2 0 -3.574163401E-19
497.4 0 -1.207244291E-18
497.6 0 2.878943629E-18
497.8 0 1.168700747E-18
498 0 -1.127674759E-18
498.2 0 1.969768369E-18
498.4 0 7.310661629E-19
498.6 0 5.589655469E-19
498.8 0 -5.1853837E-18
499 0 -3.965347585E-18
499.2 0 5.263317067E-18
499.4 0 -4.622413859E-18
499.6 0 -1.110457575E-17
499.8 0 -1.831282409E-17
500 0 3.935300069E-17
