0 0.007259596162 4.68562575E-05
0.2 0.0062875 0.001671875
0.4 0.005905487195 0.00050020008
0.6 0.005604483587 0.0005238565853
0.8 0.005368942731 0.0003206973368
1 0.005145733173 0.0002660506811
1.2 0.004944263527 0.0002896417836
1.4 0.004736367281 0.0002975892141
1.6 0.004543973125 0.0003212118933
1.8 0.004351424559 0.0002351274077
2 0.004164993978 0.0001646552589
2.2 0.004003514056 0.0001804091365
2.4 0.003857598433 0.0001569405384
2.6 0.003727265876 0.0001648537982
2.8 0.003577980499 0.0002356001206
3 0.003438002816 0.0001806994167
3.2 0.003294768612 0.0001178948692
3.4 0.003154564211 7.862822061E-05
3.6 0.00302053967 3.932994362E-05
3.8 0.002892702458 8.656073731E-05
4 0.002764762193 9.446795647E-05
4.2 0.002668220766 3.937752016E-05
4.4 0.002593661759 7.87868092E-05
4.6 0.002487515133 0.0001024641848
4.8 0.002397052887 3.154016956E-05
5 0.002315983441 1.577645396E-05
5.2 0.002234848485 3.945707071E-05
5.4 0.002147332255 -1.578920776E-05
5.6 0.002075540841 1.57955924E-05
5.8 0.001987889361 0.0001422178398
6 0.001893843586 0.0001501795832
6.2 0.001818699393 3.953694332E-05
6.4 0.001737165857 -9.753713106E-21
6.6 0.00167455936 1.127959242E-21
6.8 0.001599234901 -6.333603567E-05
7 0.001533353609 -3.168085969E-05
7.2 0.001464249493 1.584685598E-05
7.4 0.001407771916 -4.755986201E-05
7.6 0.001354420422 -2.378958587E-05
7.8 0.001307372055 1.586616572E-05
8 0.001272983543 3.96815319E-05
8.2 0.001238567073 5.557672764E-05
8.4 0.001204122611 -3.971380643E-05
8.6 0.001179185313 -5.562194874E-05
8.8 0.001144688645 -2.38476801E-05
9 0.001106982899 -6.361970684E-05
9.2 0.00108197556 -0.0001750254582
9.4 0.001069682152 -0.0001591788916
9.6 0.00105737872 -5.573532409E-05
9.8 0.001032320555 -6.372349103E-05
10 0.001013616891 -8.765554876E-05
10.2 0.0009917091837 -6.37755102E-05
10.4 0.0009729736627 -3.190077583E-05
10.6 0.0009606055964 -6.382761438E-05
10.8 0.0009418420515 -0.0001037622599
11 0.0009326451349 -0.0001117896566
11.2 0.0009394171779 -0.0001278118609
11.4 0.0009366049509 -7.192358838E-05
11.6 0.0009241966844 -0.0001039321531
11.8 0.0009149774775 -0.0001199708231
12 0.0008929485866 -1.600266284E-05
12.2 0.0008741034836 4.002305328E-05
12.4 0.0008520397704 -7.207103321E-05
12.6 0.0008235490156 -7.210059475E-05
12.8 0.0008014464506 -8.014464506E-05
13 0.0007953612479 -0.0001282840722
13.2 0.0007796457906 -1.604209446E-05
13.4 0.0007478687346 -5.617039852E-05
13.6 0.0007353318948 -9.633168927E-05
13.8 0.0007163599918 -0.000104402241
14 0.0007005861785 -7.23082065E-05
14.2 0.0006815843621 -5.626286008E-05
14.4 0.0006722159325 -9.649032524E-05
14.6 0.000659622117 -7.239754942E-05
14.8 0.0006437989287 -6.437989287E-05
15 0.0006376236603 -2.415241138E-05
15.2 0.0006153350515 3.221649485E-05
15.4 0.0005865820957 1.611489274E-05
15.6 0.0005674783326 -3.224308708E-05
15.8 0.0005483587944 -4.83845995E-05
16 0.000535677406 -7.260687732E-05
16.2 0.0005197572314 -0.000104919938
16.4 0.0005199720959 -9.688921042E-05
16.6 0.0005169561621 -3.230976013E-05
16.8 0.0005074731072 -2.424234588E-05
17 0.0005012158526 -3.233650662E-05
17.2 0.0004949534161 -1.617494824E-05
17.4 0.000491922121 8.090824358E-06
17.6 0.0004824129714 4.047088686E-05
17.8 0.0004793739635 2.42925995E-05
18 0.000473092078 2.430267524E-05
18.2 0.0004732883817 -1.620850622E-05
18.4 0.0004605126609 -4.864570361E-05
18.6 0.0004542151163 -4.866590532E-05
18.8 0.000447912339 -2.43430619E-05
19 0.0004351101413 -2.435317955E-05
19.2 0.000425545738 -8.121101871E-06
19.4 0.0004192231697 2.43734401E-05
19.6 0.0004063930504 8.127861007E-06
19.8 0.0004098147377 -4.878746878E-05
20 0.0004132392753 -1.626926281E-05
20.2 0.00041015625 1.627604167E-05
20.4 0.0004103272197 -5.698989162E-05
20.6 0.0004137562552 1.628961635E-05
20.8 0.0004074103045 2.444461827E-05
21 0.0004010590568 -8.151606845E-06
21.2 0.000391440501 7.339509395E-05
21.4 0.0003752871763 8.158416876E-05
21.6 0.0003721792729 2.448547848E-05
21.8 0.0003690687709 -3.266095318E-05
22 0.0003659556671 -4.084326642E-05
22.2 0.0003563023013 -8.17207113E-06
22.4 0.0003499110506 1.635098368E-05
22.6 0.0003402428811 2.453674623E-05
22.8 0.0003436583578 -1.434285467E-20
23 0.0003405280805 -2.45573135E-05
23.2 0.0003406708595 -2.456761006E-05
23.4 0.0003342596477 -3.277055369E-05
23.6 0.0003245646244 8.196076374E-06
23.8 0.0003115816541 -1.639903442E-05
24 0.0003149937001 -9.843553129E-05
24.2 0.0003085609244 -0.0001148897059
24.4 0.0003054066835 -8.209857083E-05
24.6 0.0003022497897 -5.749316653E-05
24.8 0.0003023769457 -6.573411864E-05
25 0.0002992161195 -4.110111532E-05
25.2 0.0002927631579 -4.934210526E-05
25.4 0.0002928864785 -7.404433446E-05
25.6 0.0002798409187 -8.230615255E-06
25.8 0.0002733716273 1.646817032E-05
26 0.0002636018558 -3.295023197E-05
26.2 0.0002571202532 -8.241033755E-06
26.4 0.0002539309835 -2.473353736E-05
26.6 0.0002540382179 -4.123997044E-05
26.8 0.0002574461343 -3.300591466E-05
27 0.0002608569315 -4.127483094E-05
27.2 0.0002576638478 -1.651691332E-05
27.4 0.0002544680626 -4.957170051E-05
27.6 0.0002512695726 -6.612357173E-05
27.8 0.0002513759526 -4.134472904E-05
28 0.0002514824227 -4.963468869E-05
28.2 0.0002548993644 -5.793167373E-05
28.4 0.0002550074184 -7.451515473E-05
28.6 0.0002518023749 -7.454675573E-05
28.8 0.0002519092066 -2.485946118E-05
29 0.0002553321307 -1.418095562E-20
29.2 0.0002521231423 -4.146762208E-05
29.4 0.0002555490654 -4.978228547E-05
29.6 0.0002556576711 -2.490172121E-05
29.8 0.0002590880102 -4.152051446E-05
30 0.0002625212675 -4.984581029E-05
30.2 0.0002692819149 -8.311170213E-06
30.4 0.0002760483184 -4.988825032E-05
30.6 0.0002794931857 -3.32729983E-05
30.8 0.000272954836 -1.664358756E-05
31 0.0002697410486 -8.325341006E-05
31.2 0.0002665245203 -6.663113006E-05
31.4 0.0002666382253 6.116524508E-22
31.6 0.0002600832266 3.334400341E-05
31.8 0.0002468509821 3.335824082E-05
32 0.0002402819308 5.005873558E-05
32.2 0.000233707265 7.512019231E-05
32.4 0.0002237868747 7.515230868E-05
32.6 0.0002205410607 4.176914029E-05
32.8 0.000217292469 3.342961061E-05
33 0.0002106967038 8.360980308E-06
33.2 0.0002040952891 -4.182280514E-05
33.4 0.0002008354756 -5.020886889E-05
33.6 0.0001942241749 -2.511519503E-05
33.8 0.0001909573328 -1.675064322E-05
34 0.0001876876877 -5.027348777E-05
34.2 0.0001810622318 -7.544259657E-05
34.4 0.0001777855303 -5.870276943E-05
34.6 0.0001778618986 -5.03382732E-05
34.8 0.0001745810056 -1.678663515E-05
35 0.0001712972915 5.851561731E-21
35.2 0.0001680107527 -2.52016129E-05
35.4 0.0001647213855 -5.042491394E-05
35.6 0.0001647922944 -5.044662075E-05
35.8 0.000161498708 -2.523417313E-05
36 0.0001582022835 -5.049009048E-05
36.2 0.0001582704741 -7.576778017E-05
36.4 0.0001549698146 -5.053363519E-05
36.6 0.0001482959448 -3.370362381E-05
36.8 0.0001483599482 -8.429542512E-06
37 0.0001484240069 -1.686636442E-05
37.2 0.000148488121 -5.062095032E-05
37.4 0.0001553046672 -2.532141314E-05
37.6 0.0001655047557 -3.377648076E-05
37.8 0.0001621972318 -7.602995242E-05
38 0.0001622674167 -7.606285158E-05
38.2 0.0001691017316 -8.45508658E-05
38.4 0.0001793254656 -7.612873538E-05
38.6 0.0001794031629 -4.231206672E-05
38.8 0.0001794809276 -6.772865193E-05
39 0.000186334562 -7.622777537E-05
39.2 0.0001898047722 -2.5420282E-05
39.4 0.0001932779948 -3.390842014E-05
39.6 0.0001899696049 -2.544235779E-05
39.8 0.0001934459166 -8.484470026E-06
40 0.000193529987 -3.395262929E-05
40.2 0.0001970108696 -8.491847826E-06
40.4 0.0001970965637 8.49554154E-06
40.6 0.0001971823325 -8.499238468E-06
40.8 0.0001972681759 -1.700587723E-05
41 0.0001973540941 -8.506641986E-06
41.2 0.0001974400871 8.510348584E-06
41.4 0.0001975261552 8.514058413E-06
41.6 0.0001976122983 -1.703554296E-05
41.8 0.0001976985166 -5.11289267E-05
42 0.0001977848101 -3.410082933E-05
42.2 0.0002012827511 -5.117358079E-05
42.4 0.0001945445609 -7.679390564E-05
42.6 0.000191215035 -4.268192745E-05
42.8 0.0001878825973 -5.124070835E-05
43 0.0001845472441 -4.271926947E-05
43.2 0.0001812089716 -1.7095186E-05
43.4 0.00018128831 -8.551335377E-06
43.6 0.0001779456855 -8.555081034E-06
43.8 0.0001711765995 -2.567648992E-05
44 0.000171251644 1.71251644E-05
44.2 0.0001679002193 6.853070175E-05
44.4 0.0001679738921 5.999067573E-05
44.6 0.000164618086 1.71477173E-05
44.8 0.0001612593325 8.577624067E-06
45 0.0001613301845 -3.432557118E-05
45.2 0.0001648351648 -1.717032967E-05
45.4 0.0001580364996 6.871152155E-05
45.6 0.0001546689397 7.733446986E-05
45.8 0.0001444212148 6.017550616E-05
46 0.0001444848085 6.880228974E-05
46.2 0.0001342235683 7.743667401E-05
46.4 0.0001273964301 5.164720141E-05
46.6 0.0001240079365 8.611662257E-05
46.8 0.0001171702691 0.0001033855315
47 0.0001172219771 7.757336717E-05
47.2 0.0001138245033 6.036147903E-05
47.4 0.00011732553 5.176126325E-05
47.6 0.0001139250994 4.315344675E-05
47.8 0.0001139754642 -8.129043778E-21
48 0.0001209365325 1.72766475E-05
48.2 0.0001209900442 -8.642146018E-06
48.4 0.0001210436034 -4.322985834E-05
48.6 0.0001210972099 -3.459920283E-05
48.8 0.0001176894107 -2.596089942E-05
49 0.0001142785904 1.731493794E-05
49.2 0.000110864745 2.598392461E-05
49.4 0.0001074478705 3.466060337E-05
49.6 0.0001109631602 3.467598757E-05
49.8 0.0001110124334 5.203707815E-05
50 0.0001110617503 1.735339849E-05
50.2 0.0001076388889 -2.604166667E-05
50.4 0.0001111605158 6.260376032E-21
50.6 0.0001112099644 -8.68827847E-06
50.8 0.0001112594571 -1.738429016E-05
51 0.0001078305877 -8.696015138E-06
51.2 0.0001078786192 -3.479955457E-05
51.4 0.0001044451872 8.703765597E-06
51.6 0.0001010086937 5.224587606E-05
51.8 9.408452275E-05 2.613458965E-05
52 9.064033913E-05 1.822859209E-20
52.2 9.068080357E-05 8.719308036E-06
52.4 9.072130415E-05 2.616960697E-05
52.6 9.076184093E-05 2.618130027E-05
52.8 9.080241395E-05 1.746200268E-05
53 9.433698569E-05 -3.493962433E-05
53.2 9.787472036E-05 9.62466651E-21
53.4 9.791853178E-05 1.74854521E-05
53.6 9.446372593E-05 8.74664129E-06
53.8 9.450604839E-05 1.750112007E-05
54 9.80502017E-05 -8.754482295E-06
54.2 9.459080717E-05 -1.751681614E-05
54.4 0.0001016431135 -2.628701211E-05
54.6 0.0001016887343 -4.383135099E-05
54.8 9.822631343E-05 -1.754041311E-05
55 9.827044025E-05 -2.632243935E-05
55.2 9.831460674E-05 -3.511235955E-05
55.4 9.835881295E-05 2.634611061E-05
55.6 0.0001019174539 5.271592443E-05
55.8 0.0001019633213 2.636982448E-05
56 0.0001020092301 -1.758779829E-05
56.2 0.0001090934685 -2.639358108E-05
56.4 0.0001091426318 -2.640547544E-05
56.6 0.0001091918395 -5.283476105E-05
56.8 0.0001092410916 -3.52390618E-05
57 0.0001128158845 -1.762748195E-05
57.2 0.0001058126411 -2.645316027E-05
57.4 0.0001093891147 -8.8217028E-06
57.6 0.000109438545 -2.647706733E-05
57.8 0.0001059561483 -5.297807414E-05
58 0.0001024706015 -8.833672546E-06
58.2 0.0001025169683 -1.767533937E-05
58.4 9.549004074E-05 -3.536668176E-05
58.6 9.553328804E-05 -2.653702446E-05
58.8 9.557657454E-05 -4.424841414E-05
59 9.207842248E-05 -8.85369447E-06
59.2 8.503401361E-05 1.77154195E-05
59.4 8.507259528E-05 1.772345735E-05
59.6 8.156491148E-05 4.432875624E-05
59.8 7.805404178E-05 1.773955495E-05
60 7.808950477E-05 1.774761472E-05
60.2 7.8125E-05 2.663352273E-05
60.4 7.460777626E-05 -1.776375625E-05
60.6 7.108735214E-05 -1.777183803E-05
60.8 6.756372326E-05 -8.889963587E-06
61 6.403688525E-05 8.89401184E-06
61.2 6.050683371E-05 -8.898063781E-06
61.4 5.697356427E-05 -3.560847767E-05
61.6 5.34370725E-05 -8.906178751E-06
61.8 4.989735401E-05 8.910241788E-06
62 4.635440438E-05 5.348585121E-05
62.2 4.280821918E-05 1.783675799E-05
62.4 4.282777524E-05 -8.922453175E-06
62.6 3.570612431E-05 2.677959324E-05
62.8 2.857796068E-05 2.679183813E-05
63 2.501715462E-05 1.786939616E-05
63.2 2.145308924E-05 1.787757437E-05
63.4 2.146291209E-05 4.471440018E-05
63.6 1.789395328E-05 7.307165331E-21
63.8 1.790215399E-05 2.015739689E-21
64 1.432828978E-05 5.373108666E-05
64.2 1.791857798E-05 3.583715596E-05
64.4 2.151216154E-05 3.585360257E-05
64.6 2.5109045E-05 5.380509642E-05
64.8 2.870923289E-05 4.485817639E-05
65 2.872242647E-05 2.692727482E-05
65.2 2.873563218E-05 2.693965517E-05
65.4 2.874885005E-05 5.390409384E-05
65.6 2.876208007E-05 5.392890014E-05
65.8 3.237223757E-05 1.798457643E-05
66 3.238714878E-05 5.39785813E-05
66.2 3.240207373E-05 6.300403226E-05
66.4 3.241701245E-05 -6.135510983E-21
66.6 3.243196494E-05 4.504439576E-05
66.8 3.244693124E-05 5.407821874E-05
67 3.246191136E-05 4.5085988E-05
67.2 3.247690531E-05 4.510681293E-05
67.4 3.249191312E-05 -1.54772647E-20
67.6 3.250693481E-05 1.805940823E-05
67.8 3.25219704E-05 9.033880666E-06
68 3.25370199E-05 4.519030541E-05
68.2 3.255208333E-05 4.521122685E-05
68.4 3.256716072E-05 -9.046433534E-06
68.6 3.258225209E-05 1.810125116E-05
68.8 3.259735744E-05 8.127810684E-21
69 3.261247681E-05 1.657375262E-20
69.2 3.262761021E-05 2.718967517E-05
69.4 3.626973073E-05 1.813486537E-05
69.6 3.991523456E-05 1.803003608E-21
69.8 4.356412639E-05 -6.353101766E-05
70 4.358437936E-05 -7.264063226E-05
70.2 4.723837209E-05 -3.63372093E-05
70.4 5.089576547E-05 -5.453117729E-05
70.6 5.455656425E-05 -9.092760708E-06
70.8 5.822077317E-05 -4.630534385E-21
71 6.188839702E-05 -1.820246971E-05
71.2 6.555944056E-05 -9.105477855E-06
71.4 6.923390858E-05 -4.554862407E-05
71.6 7.291180588E-05 -5.468385441E-05
71.8 7.659313725E-05 -3.64729225E-05
72 7.662891172E-05 -1.824497898E-05
72.2 7.666471963E-05 9.126752336E-06
72.4 7.670056101E-05 -1.701117491E-20
72.6 8.039055192E-05 -2.740586997E-05
72.8 8.042817033E-05 -1.827912962E-05
73 8.046582397E-05 -4.571921816E-05
73.2 8.050351288E-05 -9.148126464E-05
73.4 8.420220244E-05 -9.152413308E-05
73.6 8.057899672E-05 -8.241033755E-05
73.8 8.428119137E-05 -6.412699343E-05
74 8.065462224E-05 -8.248768184E-05
74.2 8.069248826E-05 -8.252640845E-05
74.4 8.439995303E-05 -5.504344763E-05
74.6 9.178218985E-05 -3.671287594E-05
74.8 9.182534086E-05 -3.673013634E-05
75 9.554327375E-05 -3.674741298E-05
75.2 9.926470588E-05 -3.676470588E-05
75.4 0.0001029896422 -7.356403013E-05
75.6 0.0001030381536 -7.359868111E-05
75.8 0.0001030867107 -2.761251178E-05
76 0.0001068187176 -4.604255068E-05
76.2 0.0001142393868 -0.0001013413915
76.4 0.0001142932987 -9.21720151E-05
76.6 0.0001217245042 -6.455087347E-05
76.8 0.0001217820028 -2.767772792E-05
77 0.0001255316635 -1.846053875E-05
77.2 0.00012928487 8.23632439E-21
77.4 0.000136737228 9.239001892E-06
77.6 0.0001331045906 -4.621687175E-05
77.8 0.000136866714 -2.774325284E-05
78 0.0001332306964 4.626065846E-05
78.2 0.0001332938389 9.256516588E-06
78.4 0.0001370614035 1.139648947E-20
78.6 0.0001408325427 2.779589658E-05
78.8 0.0001446072615 9.269696251E-06
79 0.0001446759259 -9.274097816E-06
79.2 0.0001447446556 2.623556364E-21
79.4 0.0001411002852 1.8565827E-05
79.6 0.0001411673799 9.287327627E-06
79.8 0.0001449512369 1.858349191E-05
80 0.0001487386959 -7.226249761E-21
80.2 0.0001525297619 -2.790178571E-05
80.4 0.0001637684612 9.305026203E-06
80.6 0.0001563989514 2.792838418E-05
80.8 0.0001639246543 1.862780162E-05
81 0.0001677302004 3.727337786E-05
81.2 0.0001715393795 1.864558473E-05
81.4 0.0001753521968 -4.663622254E-05
81.6 0.0001866340182 -4.665850454E-05
81.8 0.0001867232314 9.456051767E-21
82 0.0001905487805 9.340626495E-06
82.2 0.0001869019139 4.672547847E-05
82.4 0.0001869913834 5.609741503E-05
82.6 0.0001908225575 9.354046935E-06
82.8 0.0001909139914 1.871705798E-05
83 0.0001910055129 4.68150767E-05
83.2 0.0001873501199 6.557254197E-05
83.4 0.0001836912188 3.748800384E-05
83.6 0.0001875300048 2.812950072E-05
83.8 0.0001913724784 3.752401537E-05
84 0.0001989728496 6.569858241E-05
84.2 0.0002028245192 0.0001032902644
84.4 0.0002066798942 6.576178451E-05
84.6 0.0002067793551 4.041868385E-21
84.8 0.0002068789119 -1.595432077E-20
85 0.0002069785645 3.763246628E-05
85.2 0.0002146084337 3.765060241E-05
85.4 0.0002222456606 2.825156702E-05
85.6 0.000226121563 9.42173179E-06
85.8 0.0002300012066 1.885255792E-05
86 0.0002338845968 3.772332207E-05
86.2 0.0002339975845 4.720418232E-21
86.4 0.0002341106815 1.887989367E-05
86.6 0.0002342238878 2.833353482E-05
86.8 0.000238116836 -9.449080793E-06
87 0.0002457950145 -2.199643595E-21
87.2 0.0002459140436 -1.891646489E-05
87.4 0.000246033188 -2.838844477E-05
87.6 0.0002499394086 1.820715851E-20
87.8 0.000253849418 6.826943529E-21
88 0.0002577632217 -1.895317807E-05
88.2 0.0002578883495 -9.48118932E-06
88.4 0.0002618079165 -9.485794075E-06
88.6 0.0002581389699 -3.796161322E-05
88.8 0.0002582644628 -3.798006806E-05
89 0.0002469905156 -1.899927043E-05
89.2 0.0002395072993 -1.900851582E-05
89.4 0.0002358203505 -1.90177702E-05
89.6 0.0002245189966 -9.513516805E-06
89.8 0.0002132066277 -1.114970667E-20
90 0.0002018832277 -9.522793759E-06
90.2 0.0001981707317 9.996096924E-21
90.4 0.0001906417765 3.81283553E-05
90.6 0.0001792907715 1.907348633E-05
90.8 0.0001641121153 9.541402052E-06
91 0.0001641923265 9.546065494E-06
91.2 0.0001489914425 -1.910146699E-05
91.4 0.0001567086595 -9.555406067E-06
91.6 0.0001529613314 -9.560083211E-06
91.8 0.0001415585211 -9.564764936E-06
92 0.0001339723175 -1.91389025E-05
92.2 0.0001225490196 -2.872242647E-05
92.4 0.000114946052 -9.578837666E-06
92.6 0.0001111690383 4.621482119E-21
92.8 0.0001073883162 -9.588242514E-06
93 9.592951866E-05 8.616540596E-21
93.2 9.213759214E-05 -4.798832924E-05
93.4 8.450098328E-05 -3.840953786E-05
93.6 7.685686178E-05 2.882132317E-05
93.8 7.304995079E-05 3.844734252E-05
94 5.769940916E-05 -9.616568193E-06
94.2 6.157635468E-05 -2.886391626E-05
94.4 5.390586496E-05 2.887814194E-05
94.6 4.622781065E-05 -9.630793886E-06
94.8 4.239639862E-05 -2.890663542E-05
95 3.856120434E-05 -9.640301086E-06
95.2 3.472222222E-05 -2.893518519E-05
95.4 3.087944664E-05 -1.929965415E-05
95.6 2.317103312E-05 -3.803814223E-20
95.8 1.931874382E-05 -1.931874382E-05
96 1.932830282E-05 -2.899245423E-05
96.2 1.547029703E-05 1.933787129E-05
96.4 1.160846954E-05 -1.934744923E-05
96.6 7.742814668E-06 -4.839259167E-05
96.8 3.873326723E-06 -1.936663361E-05
97 3.875248016E-06 -2.906436012E-05
97.2 3.877171216E-06 -2.907878412E-05
97.4 3.879096326E-06 -3.879096326E-05
97.6 3.881023348E-06 -1.940511674E-05
97.8 3.882952286E-06 -1.941476143E-05
98 3.884883143E-06 -1.942441571E-05
98.2 3.88681592E-06 1.119851518E-20
98.4 7.777501244E-06 1.944375311E-05
98.6 1.167206175E-05 -2.918015438E-05
98.8 1.557050324E-05 -6.812095167E-05
99 1.947283151E-05 -1.947283151E-05
99.2 2.337905237E-05 2.922381546E-05
99.4 2.728917166E-05 1.949226547E-05
99.6 3.120319521E-05 4.828361815E-21
99.8 3.121878122E-05 3.455761777E-21
100 3.123438281E-05 -2.380371642E-20
100.2 3.125E-05 9.765625E-06
100.4 3.126563282E-05 9.770510255E-06
100.6 3.128128128E-05 -1.95508008E-05
100.8 3.129694542E-05 -2.934088633E-05
101 3.131262525E-05 -1.989563841E-20
101.2 2.74122807E-05 -2.937030075E-05
101.4 3.13440321E-05 -3.918004012E-05
101.6 3.135975916E-05 -3.919969895E-05
101.8 3.137550201E-05 -4.902422189E-05
102 3.531516826E-05 9.80976896E-06
102.2 3.925879397E-05 2.944409548E-05
102.4 4.320638512E-05 1.963926596E-05
102.6 5.108777666E-05 1.964914487E-05
102.8 5.897710116E-05 9.82951686E-06
103 5.900679758E-05 9.834466264E-06
103.2 5.903652393E-05 -8.672587068E-21
103.4 5.512852823E-05 1.968876008E-05
103.6 5.121659102E-05 2.954803328E-05
103.8 4.335898083E-05 1.970862765E-05
104 3.943715295E-05 -9.859288238E-06
104.2 3.551136364E-05 -9.864267677E-06
104.4 3.552930773E-05 -1.97385043E-05
104.6 3.159757331E-05 -3.949696663E-05
104.8 3.161355589E-05 9.879236216E-06
105 2.767586032E-05 -9.88423583E-06
105.2 2.768987342E-05 -2.966772152E-05
105.4 2.374620061E-05 -9.894250253E-06
105.6 1.979853016E-05 -7.359475839E-21
105.8 1.980856998E-05 -2.971285497E-05
106 2.378234399E-05 -4.954654997E-05
106.2 1.98286802E-05 -6.940038071E-05
106.4 2.380650076E-05 -8.927437786E-05
106.6 1.98488313E-05 -3.96976626E-05
106.8 2.383070666E-05 -2.978838332E-05
107 2.384282808E-05 -1.095767602E-20
107.2 2.385496183E-05 -2.065234296E-20
107.4 2.784495927E-05 -9.94462831E-05
107.6 2.785914417E-05 -4.974847173E-05
107.8 1.592762487E-05 1.990953109E-05
108 1.991968383E-05 9.959841917E-06
108.2 1.992984694E-05 9.964923469E-06
108.4 1.595201633E-05 -2.991003063E-05
108.6 1.995020429E-05 4.987551073E-05
108.8 1.596831886E-05 1.996039857E-05
109 1.997060327E-05 -3.994120654E-05
109.2 1.598465473E-05 -2.454899447E-21
109.4 7.996417605E-06 -3.359034021E-20
109.6 8.000512033E-06 3.000192012E-05
109.8 8.004610656E-06 7.641080214E-21
110 4.00435674E-06 -1.797507221E-21
110.2 4.006410256E-06 -3.004807692E-05
110.4 8.01693176E-06 -2.00423294E-05
110.6 8.021047228E-06 1.002630903E-05
110.8 1.605033385E-05 -6.018875193E-05
111 2.408787256E-05 -1.003661357E-05
111.2 2.811696658E-05 9.037596401E-05
111.4 3.215020576E-05 0.000100469393
111.6 3.61875965E-05 4.020844056E-05
111.8 4.022914521E-05 -1.00572863E-05
112 4.427485832E-05 3.01874034E-05
112.2 4.429768041E-05 4.027061856E-05
112.4 4.432052604E-05 -1.007284683E-05
112.6 4.434339525E-05 -1.007804438E-05
112.8 3.629969024E-05 -1.008324729E-05
113 3.228305785E-05 -2.446827763E-20
113.2 3.22997416E-05 -2.01873385E-05
113.4 3.231644261E-05 -4.039555326E-05
113.6 3.233316089E-05 -4.041645111E-05
113.8 3.234989648E-05 -3.032802795E-05
114 3.23666494E-05 3.738767478E-20
114.2 3.238341969E-05 -2.023963731E-05
114.4 3.240020736E-05 -2.02501296E-05
114.6 3.6469139E-05 -1.013031639E-05
114.8 3.648806435E-05 -2.027114686E-05
115 3.245067497E-05 -2.072293101E-20
115.2 2.840909091E-05 2.029220779E-05
115.4 2.436330561E-05 1.015137734E-05
115.6 2.031331253E-05 -1.015665627E-05
115.8 1.62591051E-05 -2.032388137E-05
116 1.220067673E-05 -1.016723061E-05
116.2 8.138020833E-06 -3.051757812E-05
116.4 8.142261595E-06 -8.142261595E-05
116.6 1.629301356E-05 -8.146506778E-05
116.8 2.037689098E-05 -3.056533646E-05
117 2.03875261E-05 -1.819100791E-20
117.2 2.039817232E-05 -2.039817232E-05
117.4 2.040882968E-05 -4.081765935E-05
117.6 1.633559854E-05 -2.041949817E-05
117.8 1.225810669E-05 -2.043017782E-05
118 1.226452119E-05 -6.132260597E-05
118.2 1.227094241E-05 -5.11289267E-05
118.4 8.184913567E-06 -3.069342588E-05
118.6 4.094601677E-06 -1.023650419E-05
118.8 4.09674882E-06 1.131534689E-20
119 8.197796432E-06 1.024724554E-05
119.2 1.230314961E-05 3.075787402E-05
119.4 1.230961134E-05 -1.539037103E-20
119.6 1.231607987E-05 -1.026339989E-05
119.8 1.232255521E-05 1.0268796E-05
120 1.232903735E-05 -1.027419779E-05
120.2 1.644736842E-05 8.877545385E-21
120.4 1.645602949E-05 6.171011058E-05
120.6 8.232349842E-06 7.203306112E-05
120.8 0 3.088758566E-05
121 0 -2.060258439E-05
121.2 0 -2.061345646E-05
121.4 0 -1.031217001E-05
121.6 0 1.031761754E-05
121.8 0 1.487912289E-20
122 0 -1.032852988E-05
122.2 0 3.100198413E-05
122.4 0 4.13578613E-05
122.6 0 4.137976695E-05
122.8 0 1.389044061E-20
123 0 -2.071182397E-05
123.2 0 1.036140584E-05
123.4 0 1.036690552E-05
123.6 0 -1.037241105E-05
123.8 0 -3.113376727E-05
124 0 -1.038343966E-05
124.2 0 1.038896277E-05
124.4 0 -1.039449175E-05
124.6 0 -4.16001065E-05
124.8 0 -6.243340437E-05
125 0 -5.205557036E-05
125.2 0 -1.007858157E-21
125.4 0 3.126667556E-05
125.6 0 1.042778964E-05
125.8 0 2.086672009E-05
126 0 2.08778728E-05
126.2 0 -3.133355615E-05
126.4 0 -1.045010701E-05
126.6 4.182280514E-06 -1.045570128E-05
126.8 4.184520621E-06 -3.138390466E-05
127 8.373526259E-06 -1.046690782E-05
127.2 1.256702413E-05 -2.094504021E-05
127.4 1.676502146E-05 -2.095627682E-05
127.6 2.09675255E-05 -4.193505099E-05
127.8 2.51745435E-05 -2.097878625E-05
128 2.518807093E-05 -1.049502955E-05
128.2 2.940188172E-05 -2.100134409E-05
128.4 2.521516945E-05 3.151896181E-05
128.6 2.102395048E-05 4.204790097E-05
128.8 1.682821756E-05 3.155290792E-05
129 1.262796336E-05 3.156990841E-05
129.2 8.423180593E-06 2.105795148E-05
129.4 4.21386192E-06 1.05346548E-05
129.6 0 5.270169995E-05
129.8 0 7.382221922E-05
130 0 3.165518639E-05
130.2 0 5.278716216E-05
130.4 0 6.337885343E-05
130.6 0 2.113771645E-05
130.8 0 -1.891746799E-20
131 0 1.058030878E-05
131.2 0 -1.227951941E-20
131.4 0 4.236713666E-05
131.6 0 5.2987656E-05
131.8 0 1.060328447E-05
132 0 2.1218088E-05
132.2 0 5.307404891E-05
132.4 0 4.248232735E-05
132.6 0 2.125272035E-05
132.8 0 4.252857921E-05
133 0 3.191380719E-05
133.2 0 5.321866485E-05
133.4 0 7.454675573E-05
133.6 0 5.327673213E-05
133.8 0 2.132232533E-05
134 0 -8.125167951E-22
134.2 0 3.201844262E-05
134.4 0 6.407189721E-05
134.6 4.273796499E-06 5.342245624E-05
134.8 8.552271483E-06 2.138067871E-05
135 1.283543264E-05 2.139238773E-05
135.2 1.712328767E-05 2.140410959E-05
135.4 2.14158443E-05 1.070792215E-05
135.6 1.714207351E-05 2.142759188E-05
135.8 1.715148189E-05 2.143935236E-05
136 1.287067545E-05 2.145112576E-05
136.2 1.287774725E-05 1.073145604E-05
136.4 1.288482683E-05 2.147471138E-05
136.6 1.718921892E-05 2.148652365E-05
136.8 1.719867914E-05 -2.149834893E-05
137 2.151018722E-05 7.261409618E-21
137.2 2.152203857E-05 1.076101928E-05
137.4 1.722712238E-05 -2.153390298E-05
137.6 1.723662438E-05 -2.154578047E-05
137.8 1.724613687E-05 -3.233650662E-05
138 1.725565986E-05 -2.156957482E-05
138.2 1.726519337E-05 -2.158149171E-05
138.4 2.159342178E-05 -3.239013267E-05
138.6 2.160536504E-05 -4.321073009E-05
138.8 2.161732153E-05 -2.161732153E-05
139 2.162929125E-05 1.081464563E-05
139.2 2.164127424E-05 1.142109815E-20
139.4 2.165327051E-05 1.082663525E-05
139.6 1.733222407E-05 4.333056018E-05
139.8 1.73418424E-05 2.1677303E-05
140 1.301360355E-05 -1.084466963E-05
140.2 8.680555556E-06 4.228234977E-20
140.4 4.342690384E-06 2.171345192E-05
140.6 0 2.172552836E-05
140.8 4.347523651E-06 2.406794207E-21
141 4.349944321E-06 1.08748608E-05
141.2 4.352367688E-06 3.264275766E-05
141.4 4.354793757E-06 6.532190635E-05
141.6 4.357222532E-06 7.625139431E-05
141.8 0 5.449567522E-05
142 4.362088219E-06 3.271566164E-05
142.2 4.36452514E-06 4.36452514E-05
142.4 4.366964785E-06 3.275223589E-05
142.6 4.369407159E-06 2.184703579E-05
142.8 4.371852266E-06 3.2788892E-05
143 4.374300112E-06 2.187150056E-05
143.2 4.3767507E-06 4.3767507E-05
143.4 0 4.379204036E-05
143.6 4.381660123E-06 3.286245093E-05
143.8 4.384118967E-06 3.288089226E-05
144 4.386580573E-06 3.455370285E-21
144.2 8.778089888E-06 1.887678749E-20
144.4 8.783024171E-06 1.097878021E-05
144.6 8.787964004E-06 2.196991001E-05
144.8 8.792909398E-06 1.099113675E-05
145 8.79786036E-06 -1.099732545E-05
145.2 1.320422535E-05 3.301056338E-05
145.4 8.80777903E-06 5.504861894E-05
145.6 8.812746757E-06 4.406373378E-05
145.8 8.81772009E-06 1.102215011E-05
146 8.82269904E-06 1.10283738E-05
146.2 8.827683616E-06 2.206920904E-05
146.4 8.832673827E-06 -1.104084228E-05
146.6 8.837669683E-06 -2.209417421E-05
146.8 1.326400679E-05 2.275542082E-20
147 8.847678369E-06 -1.105959796E-05
147.2 8.852691218E-06 -1.106586402E-05
147.4 8.857709751E-06 1.107213719E-05
147.6 8.862733976E-06 2.629585336E-20
147.8 8.867763905E-06 -4.433881952E-05
148 8.872799546E-06 -2.218199886E-05
148.2 4.438920455E-06 -2.219460227E-05
148.4 8.882888005E-06 -5.551805003E-05
148.6 8.887940842E-06 -2.22198521E-05
148.8 1.333949915E-05 -1.111624929E-05
149 1.334709567E-05 -3.336773918E-05
149.2 8.903133903E-06 -3.338675214E-05
149.4 8.908209806E-06 -1.113526226E-05
149.6 8.9132915E-06 -4.45664575E-05
149.8 8.918378995E-06 -6.688784247E-05
150 8.923472302E-06 -5.577170188E-05
150.2 8.928571429E-06 -3.348214286E-05
150.4 8.933676387E-06 -4.466838193E-05
150.6 8.938787185E-06 -5.586741991E-05
150.8 8.943903835E-06 -3.353963938E-05
151 4.474513173E-06 -5.593141466E-05
151.2 4.477077364E-06 -4.477077364E-05
151.4 4.479644495E-06 -2.239822248E-05
151.6 4.482214573E-06 -4.482214573E-05
151.8 4.4847876E-06 -3.3635907E-05
152 4.487363584E-06 -2.243681792E-05
152.2 4.489942529E-06 -3.367456897E-05
152.4 4.492524439E-06 4.849249591E-21
152.6 4.495109321E-06 2.247554661E-05
152.8 4.497697179E-06 -2.24884859E-05
153 4.500288018E-06 -3.375216014E-05
153.2 4.502881844E-06 -4.502881844E-05
153.4 4.505478662E-06 -4.505478662E-05
153.6 4.508078477E-06 -4.508078477E-05
153.8 4.510681293E-06 -7.893692263E-05
154 4.513287117E-06 -9.026574235E-05
154.2 4.515895954E-06 -6.773843931E-05
154.4 9.037015616E-06 -4.518507808E-05
154.6 1.356336806E-05 -2.260561343E-05
154.8 1.357122177E-05 1.130935148E-05
155 1.357908459E-05 1.131590382E-05
155.2 1.358695652E-05 2.264492754E-05
155.4 1.812645012E-05 2.265806265E-05
155.6 2.2671213E-05 -1.13356065E-05
155.8 1.81475029E-05 -3.402656794E-05
156 1.815804765E-05 -5.67438989E-05
156.2 2.271075581E-05 -4.542151163E-05
156.4 3.181355439E-05 3.002093741E-20
156.6 3.183207218E-05 2.273719441E-05
156.8 3.185061153E-05 1.13752184E-05
157 3.642191142E-05 -2.276369464E-05
157.2 4.099854227E-05 1.138848397E-05
157.4 5.013856476E-05 2.279025671E-05
157.6 5.472854641E-05 -2.2803561E-05
157.8 5.476051402E-05 2.281688084E-05
158 5.935856224E-05 5.707554062E-05
158.2 5.939327485E-05 -1.142178363E-05
158.4 6.857080164E-05 -1.142846694E-05
158.6 7.318501171E-05 1.143515808E-05
158.8 7.322788518E-05 4.552979722E-22
159 6.41119578E-05 -1.144856389E-05
159.2 5.498533724E-05 -1.145527859E-05
159.4 5.501760563E-05 1.146200117E-05
159.6 5.963740458E-05 -1.791999547E-20
159.8 5.508225617E-05 3.442641011E-05
160 5.052175191E-05 4.592886537E-05
160.2 5.055147059E-05 2.297794118E-05
160.4 5.058122425E-05 -9.406041259E-21
160.6 4.601001178E-05 -7.987480115E-21
160.8 3.682969947E-05 1.150928108E-05
161 2.763856132E-05 1.151606722E-05
161.2 2.304572271E-05 3.456858407E-05
161.4 2.305932704E-05 3.458899055E-05
161.6 2.768753692E-05 2.307294743E-05
161.8 2.308658392E-05 1.926750564E-20
162 1.848018924E-05 -2.310023655E-05
162.2 1.38683432E-05 1.047271168E-20
162.4 1.387655417E-05 -2.312759029E-05
162.6 1.388477488E-05 -1.157064573E-05
162.8 1.389300533E-05 1.157750445E-05
163 1.390124555E-05 -4.633748517E-05
163.2 1.390949555E-05 -6.954747774E-05
163.4 1.391775534E-05 -5.799064727E-05
163.6 1.392602496E-05 -1.16050208E-05
163.8 1.39343044E-05 4.644768133E-05
164 1.394259369E-05 1.161882808E-05
164.2 9.300595238E-06 -2.32514881E-05
164.4 4.653067302E-06 1.163266825E-05
164.6 4.655840286E-06 2.327920143E-05
164.8 4.658616577E-06 4.658616577E-05
165 1.398418854E-05 2.330698091E-05
165.2 1.865671642E-05 -3.498134328E-05
165.4 2.800179211E-05 -4.666965352E-05
165.6 4.202779438E-05 -1.167438733E-05
165.8 4.205293062E-05 4.672547847E-05
166 3.272740874E-05 3.506508079E-05
166.2 3.274700599E-05 3.508607784E-05
166.4 3.276662672E-05 -1.170236669E-05
166.6 4.215377698E-05 -4.683752998E-05
166.8 4.686562687E-05 -2.343281344E-05
167 4.68937575E-05 -5.861719688E-05
167.2 4.692192192E-05 -4.692192192E-05
167.4 4.695012019E-05 -5.868765024E-05
167.6 4.697835238E-05 -8.221211666E-05
167.8 4.700661853E-05 -2.350330927E-05
168 4.233142685E-05 1.592876954E-21
168.2 4.706325301E-05 1.479586931E-21
168.4 5.18007836E-05 -2.354581073E-05
168.6 5.183202654E-05 -5.890003016E-05
168.8 5.186330718E-05 -2.357423054E-05
169 5.18946256E-05 2.358846618E-05
169.2 5.192598187E-05 2.360271903E-05
169.4 5.195737606E-05 1.480089683E-20
169.6 5.198880823E-05 -8.46498213E-21
169.8 4.729116223E-05 -1.472101496E-21
170 4.731980618E-05 -1.182995154E-05
170.2 5.208333333E-05 1.183712121E-05
170.4 5.211491813E-05 1.184429958E-05
170.6 5.214654126E-05 -1.185148665E-05
170.8 5.217820279E-05 2.88917616E-20
171 5.220990279E-05 1.642558553E-20
171.2 5.224164134E-05 1.18731003E-05
171.4 5.227341849E-05 2.376064477E-05
171.6 5.230523433E-05 7.132531954E-05
171.8 4.757917174E-05 8.326355055E-05
172 4.760816575E-05 8.940900571E-22
172.2 4.287347561E-05 -3.572789634E-05
172.4 3.813300793E-05 3.574969494E-05
172.6 3.338675214E-05 3.577152015E-05
172.8 3.817959682E-05 -1.193112401E-05
173 3.342756724E-05 -1.193841687E-05
173.2 2.866972477E-05 -4.778287462E-05
173.4 2.390605875E-05 -5.976514688E-05
173.6 1.435241886E-05 -3.588104715E-05
173.8 9.574142157E-06 2.393535539E-05
174 9.580012262E-06 7.185009197E-05
174.2 4.792944785E-06 3.594708589E-05
174.4 9.591774095E-06 -5.994858809E-05
174.6 9.597665848E-06 -5.998541155E-05
174.8 4.801782422E-06 -1.200445605E-05
175 0 -4.804735547E-05
175.2 4.807692308E-06 -6.009615385E-05
175.4 4.810652709E-06 -3.311834711E-21
175.6 4.813616759E-06 -3.610212569E-05
175.8 4.816584464E-06 -6.02073058E-05
176 4.81955583E-06 -1.204888957E-05
176.2 9.645061728E-06 -4.822530864E-05
176.4 9.651019148E-06 -3.61913218E-05
176.6 9.656983931E-06 -2.414245983E-05
176.8 1.449443414E-05 -2.415739023E-05
177 1.933787129E-05 2.261798747E-20
177.2 2.41873065E-05 1.209365325E-05
177.4 2.420229244E-05 1.210114622E-05
177.6 1.453037818E-05 -2.421729696E-05
177.8 2.42323201E-05 7.350179853E-21
178 2.424736189E-05 2.424736189E-05
178.2 3.39673913E-05 1.213121118E-05
178.4 2.427750155E-05 -4.855500311E-05
178.6 2.42925995E-05 -4.8585199E-05
178.8 2.430771624E-05 -2.430771624E-05
179 1.945828144E-05 -3.648427771E-05
179.2 2.433800623E-05 -3.650700935E-05
179.4 1.948254364E-05 -4.87063591E-05
179.6 1.949469744E-05 2.43859115E-21
179.8 1.950686642E-05 2.418794635E-20
180 1.951905059E-05 -3.659821986E-05
180.2 1.953125E-05 -1.220703125E-05
180.4 1.954346467E-05 2.442933083E-05
180.6 1.466677096E-05 2.444461827E-05
180.8 9.783969944E-06 3.668988729E-05
181 4.895050125E-06 4.895050125E-05
181.2 0 4.721120722E-21
181.4 0 -1.225297992E-05
181.6 0 -1.226067169E-05
181.8 0 -1.226837312E-05
182 0 1.227608422E-05
182.2 0 4.913522013E-05
182.4 0 1.229153556E-05
182.6 4.919710327E-06 -4.919710327E-05
182.8 9.845620668E-06 -1.230702583E-05
183 1.477774275E-05 1.857296927E-20
183.2 1.971608833E-05 1.232255521E-05
183.4 1.972853535E-05 1.23303346E-05
183.6 2.467624763E-05 2.467624763E-05
183.8 1.975347661E-05 2.469184576E-05
184 1.97659709E-05 -2.1944636E-20
184.2 1.977848101E-05 -1.86395255E-20
184.4 1.979100697E-05 -2.473875871E-05
184.6 1.98035488E-05 -1.2377218E-05
184.8 1.48620799E-05 2.477013316E-05
185 9.914340102E-06 3.717877538E-05
185.2 4.96031746E-06 2.48015873E-05
185.4 0 1.240867217E-05
185.6 0 1.241656071E-05
185.8 0 1.242445929E-05
186 0 3.729710376E-05
186.2 0 1.244028662E-05
186.4 4.97928617E-06 -3.734464627E-05
186.6 4.982461735E-06 -1.245615434E-05
186.8 4.985641353E-06 3.739231015E-05
187 4.988825032E-06 1.247206258E-05
187.2 4.99201278E-06 -2.49600639E-05
187.4 4.995204604E-06 -3.746403453E-05
187.6 4.998400512E-06 -3.748800384E-05
187.8 5.001600512E-06 -2.500800256E-05
188 5.004804612E-06 1.251201153E-05
188.2 5.008012821E-06 -6.757214662E-21
188.4 5.011225144E-06 -5.011225144E-05
188.6 1.002888318E-05 -2.507220796E-05
188.8 1.505298651E-05 2.451118592E-20
189 1.506266067E-05 2.510443445E-05
189.2 1.507234727E-05 3.768086817E-05
189.4 2.010939511E-05 1.256837194E-05
189.6 2.515292981E-05 1.257646491E-05
189.8 3.020296392E-05 -2.51691366E-05
190 4.029658285E-05 -3.777804642E-05
190.2 4.032258065E-05 -3.780241935E-05
190.4 5.043576501E-05 -2.52178825E-05
190.6 5.046834625E-05 4.016923484E-20
190.8 5.555106658E-05 -2.525048481E-05
191 5.558699871E-05 -2.526681759E-05
191.2 6.067961165E-05 -2.528317152E-05
191.4 5.565900259E-05 1.264977332E-05
191.6 6.075826312E-05 2.531594297E-05
191.8 6.586413748E-05 -1.266618029E-05
192 7.604639844E-05 -2.534879948E-05
192.2 8.116883117E-05 4.647150068E-20
192.4 8.122157245E-05 2.538174139E-05
192.6 7.619473342E-05 1.269912224E-05
192.8 7.624430709E-05 1.270738452E-05
193 7.120768229E-05 2.54313151E-05
193.2 7.125407166E-05 3.81718241E-05
193.4 7.130052151E-05 5.092894394E-05
193.6 7.134703196E-05 3.822162427E-05
193.8 7.139360313E-05 1.27488577E-05
194 6.63373612E-05 -1.275718485E-05
194.2 6.638071895E-05 -5.10620915E-05
194.4 6.642413342E-05 -6.386935906E-05
194.6 6.646760471E-05 1.278223168E-05
194.8 6.651113294E-05 6.395301244E-05
195 6.655471822E-05 6.399492136E-05
195.2 6.659836066E-05 5.12295082E-05
195.4 6.664206037E-05 1.281578084E-05
195.6 7.181549573E-05 1.282419567E-05
195.8 6.672963206E-05 1.161160831E-20
196 7.190992768E-05 1.77607133E-20
196.2 7.195723684E-05 2.569901316E-05
196.4 7.200460829E-05 -2.571593153E-05
196.6 6.690546772E-05 -3.85993083E-05
196.8 5.664963744E-05 2.57498352E-05
197 5.153364116E-05 2.576682058E-05
197.2 4.125412541E-05 -1.289191419E-05
197.4 4.644154557E-05 2.974686335E-20
197.6 4.130865829E-05 1.290895572E-05
197.8 3.616898148E-05 -2.583498677E-05
198 3.61929186E-05 -1.292604236E-05
198.2 3.104304636E-05 1.293460265E-05
198.4 2.588634858E-05 4.491645488E-20
198.6 2.072281167E-05 6.989270254E-20
198.8 2.073656271E-05 3.888105508E-05
199 1.5562749E-05 1.29689575E-05
199.2 1.55730897E-05 -1.297757475E-05
199.4 1.038896277E-05 -1.298620346E-05
199.6 1.039587492E-05 -5.197937458E-05
199.8 1.040279627E-05 -5.201398136E-05
200 1.040972685E-05 -5.204863424E-05
200.2 1.041666667E-05 -6.510416667E-05
200.4 1.042361574E-05 -3.908855904E-05
200.6 5.215287049E-06 -5.922348403E-21
200.8 5.218770875E-06 2.609385438E-05
201 5.222259358E-06 -1.30556484E-05
201.2 5.225752508E-06 -3.919314381E-05
201.4 5.229250335E-06 1.307312584E-05
201.6 5.232752847E-06 -1.308188212E-05
201.8 5.236260054E-06 -1.309065013E-05
202 5.239771965E-06 1.573583898E-20
202.2 5.243288591E-06 2.621644295E-05
202.4 5.24680994E-06 2.62340497E-05
202.6 5.250336022E-06 1.968311436E-20
202.8 5.253866846E-06 3.940400134E-05
203 5.257402423E-06 5.257402423E-05
203.2 5.260942761E-06 3.945707071E-05
203.4 5.264487871E-06 -2.194970276E-20
203.6 5.268037761E-06 -2.634018881E-05
203.8 5.271592443E-06 1.317898111E-05
204 5.275151924E-06 -4.202978159E-20
204.2 1.055743243E-05 -2.639358108E-05
204.4 1.056457066E-05 2.641142664E-05
204.6 5.285859269E-06 1.321464817E-05
204.8 5.28943805E-06 -2.528607976E-21
205 5.29302168E-06 3.96976626E-05
205.2 5.296610169E-06 -1.324152542E-05
205.4 5.300203528E-06 4.045283452E-20
205.6 5.303801765E-06 -3.977851324E-05
205.8 5.307404891E-06 -2.653702446E-05
206 5.311012916E-06 5.311012916E-05
206.2 0 2.657312925E-05
206.4 5.318243703E-06 5.318243703E-05
206.6 5.321866485E-06 1.330466621E-05
206.8 1.065098841E-05 -1.331373551E-05
207 1.065825375E-05 2.664563438E-05
207.2 1.599829352E-05 1.333191126E-05
207.4 1.600922131E-05 -2.668203552E-05
207.6 2.670027341E-05 1.335013671E-05
207.8 3.20622435E-05 4.007780438E-05
208 3.208418891E-05 2.673682409E-05
208.2 2.675513699E-05 4.013270548E-05
208.4 2.677347498E-05 5.354694997E-05
208.6 2.679183813E-05 6.697959534E-05
208.8 2.681022649E-05 4.021533974E-05
209 2.682864011E-05 4.024296016E-05
209.2 2.684707904E-05 6.711769759E-05
209.4 2.686554333E-05 2.686554333E-05
209.6 2.688403304E-05 -5.376806607E-05
209.8 2.690254821E-05 -4.035382231E-05
210 2.69210889E-05 1.346054445E-05
210.2 2.693965517E-05 1.346982759E-05
210.4 2.695824707E-05 -1.347912353E-05
210.6 2.158149171E-05 -1.348843232E-05
210.8 2.699550795E-05 1.349775397E-05
211 1.620850622E-05 1.350708852E-05
211.2 2.162629758E-05 -1.351643599E-05
211.4 1.623095568E-05 1.35257964E-05
211.6 1.082813583E-05 4.060550936E-05
211.8 2.167128988E-05 1.354455617E-05
212 1.62647467E-05 5.421582235E-05
212.2 2.170138889E-05 8.138020833E-05
212.4 2.171646977E-05 9.500955525E-05
212.6 1.629867872E-05 -2.687187763E-20
212.8 2.17466945E-05 -8.155010438E-05
213 2.720229805E-05 -1.022930887E-20
213.2 2.722125436E-05 4.083188153E-05
213.4 3.268828452E-05 1.528045073E-20
213.6 3.816294487E-05 1.633718642E-20
213.8 3.818959497E-05 4.091742318E-05
214 3.821628232E-05 2.729734451E-05
214.2 3.824300699E-05 6.829108392E-05
214.4 3.826976907E-05 1.366777467E-05
214.6 3.829656863E-05 -2.735469188E-05
214.8 3.832340575E-05 1.368693062E-05
215 3.2871669E-05 2.73930575E-05
215.2 3.289473684E-05 2.74122807E-05
215.4 2.74315309E-05 6.857882725E-05
215.6 2.196064652E-05 4.117621223E-05
215.8 1.648206751E-05 6.935970737E-21
216 1.099577762E-05 2.748944405E-05
216.2 5.501760563E-06 2.750880282E-05
216.4 5.505637773E-06 5.505637773E-05
216.6 5.509520451E-06 -1.377380113E-05
216.8 5.51340861E-06 -5.51340861E-05
217 5.51730226E-06 2.75865113E-05
217.2 1.104240283E-05 6.901501767E-05
217.4 2.210042433E-05 4.143829562E-05
217.6 2.764508139E-05 2.764508139E-05
217.8 2.766466006E-05 2.766466006E-05
218 2.214741318E-05 6.921066619E-05
218.2 2.770390071E-05 8.311170213E-05
218.4 3.326827537E-05 1.386178141E-05
218.6 4.438920455E-05 3.220075253E-20
218.8 4.442075338E-05 5.552594172E-05
219 3.333926031E-05 6.945679232E-05
219.2 2.78024911E-05 4.170373665E-05
219.4 2.782229345E-05 5.564458689E-05
219.6 1.670527441E-05 5.568424804E-05
219.8 1.671718973E-05 2.786198288E-05
220 1.672912206E-05 4.182280514E-05
220.2 1.116071429E-05 -3.646970079E-21
220.4 5.584345961E-06 1.556185536E-21
220.6 5.588340486E-06 6.985425608E-05
220.8 5.59234073E-06 4.194255548E-05
221 5.596346705E-06 1.399086676E-05
221.2 5.600358423E-06 1.400089606E-05
221.4 5.604375897E-06 1.401093974E-05
221.6 5.608399139E-06 4.206299354E-05
221.8 5.612428161E-06 5.612428161E-05
222 5.616462976E-06 7.02057872E-05
222.2 0 7.025629496E-05
222.4 5.624550036E-06 2.812275018E-05
222.6 5.628602305E-06 4.221451729E-05
222.8 5.632660418E-06 7.040825523E-05
223 5.636724387E-06 5.636724387E-05
223.2 5.640794224E-06 4.230595668E-05
223.4 5.644869942E-06 -1.633419275E-22
223.6 5.648951555E-06 3.375636148E-20
223.8 0 2.826519537E-05
224 5.657132513E-06 2.828566256E-05
224.2 5.661231884E-06 5.661231884E-05
224.4 5.665337201E-06 5.665337201E-05
224.6 5.669448476E-06 2.834724238E-05
224.8 5.673565723E-06 2.836782861E-05
225 5.677688953E-06 4.003786363E-20
225.2 5.681818182E-06 2.840909091E-05
225.4 5.685953421E-06 8.528930131E-05
225.6 5.690094683E-06 5.690094683E-05
225.8 5.694241983E-06 2.847120991E-05
226 5.698395332E-06 2.849197666E-05
226.2 5.702554745E-06 4.276916058E-05
226.4 5.706720234E-06 3.488918432E-20
226.6 5.710891813E-06 2.470976307E-20
226.8 5.715069495E-06 2.857534748E-05
227 5.719253294E-06 1.256311379E-20
227.2 5.723443223E-06 1.430860806E-05
227.4 5.727639296E-06 4.270792719E-20
227.6 5.731841526E-06 -4.298881145E-05
227.8 5.736049927E-06 -1.434012482E-05
228 5.740264511E-06 2.870132256E-05
228.2 5.744485294E-06 1.436121324E-05
228.4 5.748712288E-06 2.811054259E-20
228.6 5.752945508E-06 2.876472754E-05
228.8 5.757184967E-06 -5.911753271E-21
229 5.761430678E-06 -4.321073009E-05
229.2 5.765682657E-06 -1.441420664E-05
229.4 5.769940916E-06 6.857006877E-22
229.6 5.774205469E-06 -1.443551367E-05
229.8 5.778476331E-06 -2.889238166E-05
230 5.782753516E-06 -1.445688379E-05
230.2 5.787037037E-06 -4.340277778E-05
230.4 5.791326909E-06 -1.447831727E-05
230.6 5.795623145E-06 1.448905786E-05
230.8 5.799925761E-06 -2.89996288E-05
231 5.80423477E-06 -2.902117385E-05
231.2 5.808550186E-06 -2.904275093E-05
231.4 5.812872024E-06 -4.359654018E-05
231.6 5.817200298E-06 -2.908600149E-05
231.8 5.821535022E-06 -1.455383756E-05
232 5.825876212E-06 -2.912938106E-05
232.2 0 1.533821185E-20
232.4 5.834578043E-06 -5.300141226E-20
232.6 5.838938714E-06 -1.459734679E-05
232.8 5.843305909E-06 -2.921652954E-05
233 5.847679641E-06 -4.385759731E-05
233.2 5.852059925E-06 -1.463014981E-05
233.4 5.856446777E-06 1.464111694E-05
233.6 5.86084021E-06 1.465210053E-05
233.8 5.86524024E-06 -1.46631006E-05
234 5.869646882E-06 -2.934823441E-05
234.2 5.87406015E-06 -1.468515038E-05
234.4 5.87848006E-06 -1.929806423E-20
234.6 5.882906627E-06 -1.611833353E-20
234.8 5.887339864E-06 -2.852122714E-20
235 5.891779789E-06 -4.418834842E-05
235.2 5.896226415E-06 -2.948113208E-05
235.4 5.900679758E-06 -3.539925881E-20
235.6 5.905139834E-06 2.952569917E-05
235.8 5.909606657E-06 2.954803328E-05
236 5.914080242E-06 -1.478520061E-05
236.2 5.918560606E-06 4.41526436E-21
236.4 5.923047763E-06 -1.371667874E-20
236.6 0 -4.445656297E-05
236.8 0 -1.48301063E-05
237 0 7.42068769E-05
237.2 0 4.455798479E-05
237.4 0 -7.432983348E-21
237.6 0 1.732536856E-20
237.8 0 -2.977324695E-05
238 0 -2.979595728E-05
238.2 0 -1.490935115E-05
238.4 0 -1.103937491E-20
238.6 0 2.986429664E-05
238.8 0 1.494357307E-05
239 5.982006126E-06 -1.495501531E-05
239.2 5.986590038E-06 -2.993295019E-05
239.4 0 -2.995590491E-05
239.6 0 -2.58069495E-20
239.8 0 4.500288018E-05
240 0 -8.30653965E-21
240.2 0 2.79403773E-21
240.4 0 6.014241724E-05
240.6 0 3.009437596E-05
240.8 6.023515806E-06 -1.505878951E-05
241 1.205632716E-05 -1.656207663E-20
241.2 1.206563707E-05 1.508204633E-05
241.4 1.207496136E-05 1.50937017E-05
241.6 1.208430008E-05 4.531612529E-05
241.8 1.209365325E-05 3.023413313E-05
242 1.210302091E-05 1.512877614E-05
242.2 1.816860465E-05 1.514050388E-05
242.4 1.818269977E-05 -2.442149512E-20
242.6 1.819681677E-05 -3.210236448E-20
242.8 1.821095571E-05 -2.92282816E-20
243 1.822511664E-05 3.03751944E-05
243.2 1.823929961E-05 4.559824903E-05
243.4 1.216900312E-05 4.563376168E-05
243.6 1.217848792E-05 -2.454804341E-21
243.8 2.437597504E-05 -3.04699688E-05
244 3.049375488E-05 1.524687744E-05
244.2 3.051757812E-05 4.577636719E-05
244.4 2.44331509E-05 7.635359656E-05
244.6 2.445226917E-05 4.584800469E-05
244.8 2.447141738E-05 -1.778614543E-20
245 2.449059561E-05 4.591986677E-05
245.2 2.450980392E-05 7.659313725E-05
245.4 2.452904239E-05 3.066130298E-05
245.6 3.068538885E-05 1.755048602E-20
245.8 2.456761006E-05 -1.535475629E-05
246 2.458693942E-05 6.337454889E-21
246.2 2.460629921E-05 1.537893701E-05
246.4 2.462568952E-05 -1.539105595E-05
246.6 2.464511041E-05 -1.540319401E-05
246.8 3.083070245E-05 1.541535122E-05
247 3.702606635E-05 1.542752765E-05
247.2 4.32312253E-05 3.087944664E-05
247.4 4.944620253E-05 9.526067273E-21
247.6 5.567102138E-05 1.54641726E-05
247.8 4.952456418E-05 9.285855784E-05
248 4.956383822E-05 1.548869944E-05
248.2 6.200396825E-05 -1.550099206E-05
248.4 6.825853852E-05 3.102660842E-05
248.6 7.452305246E-05 4.657690779E-05
248.8 8.079753381E-05 6.215194909E-05
249 8.708200637E-05 1.555035828E-05
249.2 9.960159363E-05 -1.5562749E-05
249.4 0.0001059110845 3.648778827E-20
249.6 0.0001122306464 3.117517957E-05
249.8 0.0001060802716 3.120007987E-05
250 0.0001061650679 1.561250999E-05
250.2 0.00011875 -3.125E-05
250.4 0.0001251000801 -1.563751001E-05
250.6 0.0001252003205 -2.373016704E-20
250.8 0.0001378307939 -6.265036087E-05
251 0.0001442114767 1.567516051E-05
251.2 0.0001443273092 4.706325301E-05
251.4 0.0001570036174 1.570036174E-05
251.6 0.0001634151247 4.713897828E-05
251.8 0.0001698369565 1.572564412E-05
252 0.0001762691378 -1.573831587E-05
252.2 0.0001764112903 -6.300403226E-05
252.4 0.0001828591606 -4.729116223E-05
252.6 0.0001956280291 4.732936187E-05
252.8 0.0001957861762 3.157841552E-05
253 0.0001959445793 -1.58019822E-05
253.2 0.0002024291498 2.801840504E-21
253.4 0.0002089242301 1.582759319E-05
253.6 0.000202757502 3.168085969E-05
253.8 0.0002029220779 1.585328734E-05
254 0.0002030869212 -3.173233144E-05
254.2 0.0002032520325 -1.587906504E-05
254.4 0.0002034174125 -4.06260368E-21
254.6 0.0002099450326 1.334707993E-20
254.8 0.0002101161369 -4.775366748E-05
255 0.0002039151713 -3.186174551E-05
255.2 0.0001977040816 4.783163265E-05
255.4 0.0001978656046 1.595690359E-05
255.6 0.0001980273917 -6.387980376E-05
255.8 0.0001917962357 -3.196603928E-05
256 0.0001855548731 1.599610975E-05
256.2 0.0001857069672 3.044674604E-20
256.4 0.0001730414274 9.02830273E-22
256.6 0.0001603550903 -3.207101806E-05
256.8 0.0001540673788 -6.419474117E-05
257 0.0001541940789 -3.212376645E-05
257.2 0.0001543209877 1.607510288E-05
257.4 0.0001544481054 1.608834432E-05
257.6 0.0001481347898 1.765540734E-20
257.8 0.0001418110561 -3.222978548E-05
258 0.0001354768786 -4.83845995E-05
258.2 0.000135588843 3.681983554E-20
258.4 0.0001163151365 3.230976013E-05
258.6 0.0001034768212 -3.233650662E-05
258.8 0.0001100352113 -0.000113271541
259 0.0001101264511 -6.478026534E-05
259.2 0.0001037344398 3.241701245E-05
259.4 9.733181063E-05 6.488787375E-05
259.6 9.091853699E-05 6.494181214E-05
259.8 8.449459235E-05 1.624896007E-05
260 7.805995004E-05 -1.626248959E-05
260.2 7.161458333E-05 -3.255208333E-05
260.4 7.167431193E-05 -8.786891865E-21
260.6 6.521285476E-05 6.521285476E-05
260.8 5.87406015E-05 3.26336675E-05
261 5.225752508E-05 3.266095318E-05
261.2 3.922594142E-05 4.903242678E-05
261.4 3.271566164E-05 6.543132328E-05
261.6 3.274308466E-05 4.911462699E-05
261.8 2.621644295E-05 3.277055369E-05
262 2.623845508E-05 1.639903442E-05
262.2 1.969537815E-05 -4.965886032E-20
262.4 1.314129521E-05 -1.642661901E-05
262.6 1.31523569E-05 5.758123275E-20
262.8 1.316343724E-05 6.581718618E-05
263 1.976180438E-05 8.23408516E-05
263.2 2.637130802E-05 8.241033755E-05
263.4 2.639358108E-05 1.649598818E-05
263.6 2.64158918E-05 -6.237562175E-21
263.8 3.304780034E-05 3.304780034E-05
264 3.969093988E-05 3.307578323E-05
264.2 4.634533898E-05 1.655190678E-05
264.4 4.638464801E-05 -1.656594572E-05
264.6 5.968803056E-05 1.658000849E-05
264.8 6.637638063E-05 -4.478404536E-20
265 6.643282313E-05 1.660820578E-05
265.2 5.984042553E-05 3.324468085E-05
265.4 5.323679727E-05 1.663649915E-05
265.6 3.330136402E-05 4.995204604E-05
265.8 2.666382253E-05 1.311128369E-20
266 2.001494449E-05 -1.05709974E-20
266.2 2.003205128E-05 1.669337607E-05
266.4 2.004918734E-05 5.012296835E-05
266.6 1.337756849E-05 1.672196062E-05
266.8 6.694515853E-06 1.673628963E-05
267 0 1.675064322E-05
267.2 0 -3.909404761E-20
267.4 0 -5.03382732E-05
267.6 0 -8.396926053E-05
267.8 0 0.0001008498279
268 0 0.0001009366925
268.2 0 3.367456897E-05
268.4 0 5.055543572E-05
268.6 0 -1.686636442E-05
268.8 0 -3.376188418E-05
269 0 -4.871978174E-21
269.2 0 3.382034632E-05
269.4 0 5.077448007E-05
269.6 0 6.775802255E-05
269.8 0 5.086263021E-05
270 0 -5.090682016E-05
270.2 0 -0.0001019021739
270.4 0 -5.099543081E-05
270.6 0 -5.103985192E-05
270.8 0 -0.0001362249346
271 0 -3.408595113E-05
271.2 6.823144105E-06 5.117358079E-05
271.4 6.829108392E-06 1.418276102E-21
271.6 1.367016623E-05 -2.01819973E-20
271.8 2.05232049E-05 -5.130801226E-05
272 2.738825592E-05 -6.847063979E-05
272.2 3.426535088E-05 -3.426535088E-05
272.4 3.429543459E-05 6.859086918E-05
272.6 4.119068541E-05 8.581392794E-05
272.8 4.809806508E-05 1.717788039E-05
273 6.877200704E-05 3.438600352E-05
273.2 6.883259912E-05 1.720814978E-05
273.4 8.267195767E-05 -5.8228028E-20
273.6 7.584951456E-05 1.723852604E-05
273.8 6.901501767E-05 3.450750883E-05
274 6.216843501E-05 2.813321788E-20
274.2 6.913716814E-05 -3.456858407E-05
274.4 6.919840567E-05 -1.023325128E-20
274.6 6.925975177E-05 5.194481383E-05
274.8 7.625332742E-05 2.191123834E-20
275 8.325932504E-05 4.587945027E-21
275.2 9.027777778E-05 0.0001041666667
275.4 9.035809609E-05 5.212967082E-05
275.6 0.0001043521817 -6.95681211E-05
275.8 0.0001044451872 -6.963012478E-05
276 0.0001045383586 -1.742305977E-05
276.2 0.0001046316964 -1.692635263E-20
276.4 0.0001047252011 -3.490840036E-05
276.6 0.0001118067979 -3.493962433E-05
276.8 0.0001119068935 -5.245635631E-05
277 0.0001190076165 4.65381374E-20
277.2 0.0001191143498 8.758408072E-05
277.4 0.0001122082585 3.506508079E-05
277.6 0.0001123090746 7.019317161E-05
277.8 0.0001194357014 0.0001229485162
278 0.0001265751575 0.0001054792979
278.2 0.0001337274775 1.759572072E-05
278.4 0.0001408926961 -1.761158702E-05
278.6 0.0001410198556 5.288244585E-05
278.8 0.0001340898826 0.0001235038392
279 0.0001271473779 0.0001412748644
279.2 0.0001201923077 8.837669683E-05
279.4 0.0001203011775 1.769134964E-05
279.6 0.0001204102448 -1.770738894E-05
279.8 0.00012051951 1.360886899E-20
280 0.0001206289737 2.843842409E-20
280.2 0.0001207386364 -1.775568182E-05
280.4 0.0001208484986 1.777183803E-05
280.6 0.000120958561 -1.778802368E-05
280.8 0.0001281905196 -1.899372034E-20
281 0.0001211792883 5.346145073E-05
281.2 0.0001212899543 1.783675799E-05
281.4 0.0001142595978 4.530631808E-20
281.6 0.0001286596523 -3.573879231E-05
281.8 0.0001359317766 -3.577152015E-05
282 0.0001432172319 2.735035967E-21
282.2 0.0001290137615 -3.583715596E-05
282.4 0.00015065427 -7.174012856E-05
282.6 0.0001651539522 -3.590303309E-05
282.8 0.0001724931003 1.796803128E-05
283 0.0001798457643 1.798457643E-05
283.2 0.0001872119816 -1.800115207E-05
283.4 0.0001945917897 -5.405327491E-05
283.6 0.0002019852262 -7.213758079E-05
283.8 0.0001949514787 -1.805106285E-05
284 0.0001879047179 -3.613552266E-05
284.2 0.0001808449074 -2.221750617E-20
284.4 0.0001810125116 5.430375348E-05
284.6 0.0001739332096 5.435412801E-05
284.8 0.0001595868152 -5.44045961E-05
285 0.0001597351301 -0.0001270620353
285.2 0.0001671511628 -5.450581395E-05
285.4 0.000167306797 1.41914519E-21
285.6 0.0001529007456 1.820246971E-05
285.8 0.0001530433769 1.821944963E-05
286 0.00014589169 -5.470938375E-05
286.2 0.0001460280374 -0.000109521028
286.4 0.0001388564079 -0.0001278940599
286.6 0.0001389864232 -0.0001097261236
286.8 0.0001391166823 -9.152413308E-05
287 0.0001392471857 -0.0001099319887
287.2 0.0001393779343 -9.169600939E-05
287.4 0.0001468515038 -7.342575188E-05
287.6 0.0001396401693 -1.837370649E-05
287.8 0.0001397716573 -1.839100753E-05
288 0.000139903393 -9.204170594E-05
288.2 0.0001400353774 -9.212853774E-05
288.4 0.000140167611 -0.0001291017469
288.6 0.0001403000945 -0.0001292237713
288.8 0.0001330416272 -7.391201514E-05
289 0.0001331676136 -0.0001109730114
289.2 0.0001332938389 -5.553909953E-05
289.4 0.0001334203036 -5.559179317E-05
289.6 0.0001409662868 -0.0001298373694
289.8 0.0001411002852 -7.426330798E-05
290 0.0001412345385 -1.858349191E-05
290.2 0.0001339285714 -1.860119048E-05
290.4 0.0001266086749 -3.723784557E-05
290.6 0.0001192748092 -5.591006679E-05
290.8 0.0001193887297 1.865448902E-05
291 0.0001045650096 3.734464627E-05
291.2 9.718899522E-05 -1.793597272E-20
291.4 8.979885057E-05 1.870809387E-05
291.6 8.2394535E-05 1.872603068E-05
291.8 7.497600768E-05 -3.177753288E-20
292 6.754322767E-05 -3.752401537E-05
292.2 6.760817308E-05 -5.634014423E-05
292.4 6.015399423E-05 -1.87981232E-05
292.6 5.268545279E-05 -5.644869942E-05
292.8 4.520250723E-05 -7.533751205E-05
293 4.5246139E-05 3.770511583E-05
293.2 3.774154589E-05 3.774154589E-05
293.4 3.022243714E-05 -3.777804642E-05
293.6 2.268877057E-05 -5.667717452E-20
293.8 1.514050388E-05 1.892562984E-05
294 7.577594568E-06 3.788797284E-05
294.2 0 5.688713592E-05
294.4 0 -1.898080661E-05
294.6 0 -1.899927043E-05
294.8 0 1.90177702E-05
295 0 7.383917119E-20
295.2 0 -1.905487805E-05
295.4 0 2.657052938E-20
295.6 0 3.818426197E-05
295.8 0 3.822162427E-05
296 0 -5.738858962E-05
296.2 0 -9.574142157E-05
296.4 0 -1.916707556E-05
296.6 0 -1.011309413E-20
296.8 0 2.655175309E-20
297 0 1.922367126E-05
297.2 0 5.772783251E-05
297.4 0 5.778476331E-05
297.6 7.712240869E-06 3.856120434E-05
297.8 7.71986166E-06 -1.929965415E-05
298 7.727497527E-06 -3.863748764E-05
298.2 0 -1.933787129E-05
298.4 7.742814668E-06 -4.935338563E-20
298.6 0 1.937624008E-05
298.8 0 -1.939548163E-05
299 0 -1.941476143E-05
299.2 0 -1.94340796E-05
299.4 0 -3.890687251E-05
299.6 0 -5.841849452E-05
299.8 0 -3.898453094E-05
300 0 1.951173826E-05
300.2 0 3.90625E-05
300.4 0 3.91016016E-05
300.6 0 1.957039078E-05
300.8 0 1.959002006E-05
301 0 -3.921937751E-05
301.2 0 -3.925879397E-05
301.4 0 -1.964914487E-05
301.6 0 -5.900679758E-05
301.8 0 -1.968876008E-05
302 0 1.970862765E-05
302.2 0 -3.945707071E-05
302.4 7.899393327E-06 1.974848332E-05
302.6 1.581477733E-05 3.953694332E-05
302.8 2.374620061E-05 3.957700101E-05
303 2.377028398E-05 1.980856998E-05
303.2 3.965736041E-05 -3.965736041E-05
303.4 4.763719512E-05 -1.98488313E-05
303.6 7.947609359E-05 -5.960707019E-05
303.8 8.751272912E-05 -1.988925662E-05
304 9.556574924E-05 7.963812436E-05
304.2 7.971938776E-05 1.992984694E-05
304.4 8.778089888E-05 -3.990040858E-05
304.6 7.988241309E-05 -1.997060327E-05
304.8 8.796059365E-05 -0.0001199462641
305 0.0001120645492 -2.001152664E-05
305.2 0.0001041666667 -2.398214767E-20
305.4 0.0001122946612 -3.579999643E-20
305.6 8.832219938E-05 6.02196814E-05
305.8 9.645061728E-05 -4.01877572E-05
306 9.654994851E-05 -3.969193083E-21
306.2 8.859536082E-05 4.027061856E-05
306.4 9.674922601E-05 -3.960274672E-20
306.6 8.877840909E-05 2.017691116E-05
306.8 8.887021717E-05 4.039555326E-05
307 8.08747412E-05 4.04373706E-05
307.2 7.28626943E-05 -2.023963731E-05
307.4 7.293827801E-05 -6.078189834E-05
307.6 7.301401869E-05 -2.028167186E-05
307.8 7.308991684E-05 -6.090826403E-05
308 7.316597294E-05 -4.064776275E-05
308.2 7.32421875E-05 2.034505208E-05
308.4 7.3318561E-05 -4.073253389E-05
308.6 7.339509395E-05 -4.077505219E-05
308.8 7.347178683E-05 7.250672836E-21
309 7.354864017E-05 -1.631347148E-20
309.2 7.362565445E-05 -4.090314136E-05
309.4 7.370283019E-05 2.047300839E-05
309.6 7.378016789E-05 4.098898216E-05
309.8 6.56512605E-05 7.288754101E-20
310 5.750525762E-05 4.107518402E-05
310.2 4.934210526E-05 6.167763158E-05
310.4 4.116174921E-05 0.0001234852476
310.6 3.296413502E-05 5.299008914E-21
310.8 3.299894403E-05 -4.124868004E-05
311 2.477536998E-05 4.12922833E-05
311.2 1.653439153E-05 -3.304235192E-20
311.4 8.27595339E-06 -4.003198762E-20
311.6 0 4.142364793E-05
311.8 0 2.073381104E-05
312 0 -7.37395739E-21
312.2 0 -4.155585106E-05
312.4 0 -0.0001040002662
312.6 0 -1.849385369E-20
312.8 0 8.337780149E-05
313 0 6.260016026E-05
313.2 0 -2.088903743E-05
313.4 0 -4.182280514E-05
313.6 0 4.18676313E-05
313.8 0 2.095627682E-05
314 0 -4.19575725E-05
314.2 0 -2.100134409E-05
314.4 0 -2.102395048E-05
314.6 0 -2.10466056E-05
314.8 0 2.10693096E-05
315 0 -8.301602359E-21
315.2 0 2.111486486E-05
315.4 0 4.22754329E-05
315.6 0 -4.23212351E-05
315.8 0 -7.151445329E-21
316 0 6.361970684E-05
316.2 8.491847826E-06 2.122961957E-05
316.4 1.700217628E-05 2.125272035E-05
316.6 2.553104575E-05 4.255174292E-05
316.8 3.40785169E-05 8.519629226E-05
317 4.264465066E-05 8.528930131E-05
317.2 5.12295082E-05 4.269125683E-05
317.4 5.983315098E-05 6.410694748E-05
317.6 6.845564074E-05 2.139238773E-05
317.8 7.709703947E-05 -2.14158443E-05
318 8.575740944E-05 -2.143935236E-05
318.2 8.585164835E-05 -4.292582418E-05
318.4 8.594609461E-05 6.445957096E-05
318.6 8.60407489E-05 0.0001075509361
318.8 8.613561191E-05 2.153390298E-05
319 8.623068433E-05 1.056787979E-20
319.2 8.632596685E-05 4.316298343E-05
319.4 8.642146018E-05 2.160536504E-05
319.6 8.651716501E-05 -4.32585825E-05
319.8 8.661308204E-05 -2.041945283E-20
320 8.670921199E-05 2.1677303E-05
320.2 9.548611111E-05 -2.170138889E-05
320.4 9.559232481E-05 6.963931622E-21
320.6 9.569877506E-05 -2.270745915E-20
320.8 0.0001045150502 -4.354793757E-05
321 0.0001133510045 2.179827009E-05
321.2 9.601955307E-05 2.18226257E-05
321.4 8.738814318E-05 -4.369407159E-05
321.6 7.873740202E-05 -2.187150056E-05
321.8 7.006726457E-05 -2.189602018E-05
322 5.260942761E-05 -6.576178451E-05
322.2 4.389044944E-05 -8.778089888E-05
322.4 3.515185602E-05 -6.590973003E-05
322.6 2.639358108E-05 -6.59839527E-05
322.8 1.761555806E-05 -4.403889515E-05
323 8.81772009E-06 -2.204430023E-05
323.2 1.765536723E-05 -2.206920904E-05
323.4 2.651300905E-05 -6.628252262E-05
323.6 2.654303511E-05 -4.423839185E-05
323.8 2.657312925E-05 4.428854875E-05
324 1.773552781E-05 -6.650822928E-05
324.2 1.775568182E-05 -0.0001109730114
324.4 1.777588168E-05 2.22198521E-05
324.6 8.898063781E-06 2.224515945E-05
324.8 8.908209806E-06 -2.107022054E-20
325 8.918378995E-06 0.0001114797374
325.2 0 2.232142857E-05
325.4 0 -4.469393593E-05
325.6 0 2.237256586E-05
325.8 0 5.215731149E-20
326 0 2.446379859E-20
326.2 0 2.37727575E-20
326.4 0 2.247554661E-05
326.6 0 4.500288018E-05
326.8 0 2.252739331E-05
327 0 9.356335128E-21
327.2 0 -2.257947977E-05
327.4 0 -6.781684028E-05
327.6 0 -6.789542294E-05
327.8 0 -5.942145375E-20
328 0 4.536875726E-05
328.2 0 6.813226744E-05
328.4 0 4.547438882E-05
328.6 0 -3.998401575E-20
328.8 0 2.279025671E-05
329 0 4.563376168E-05
329.2 0 1.086202527E-20
329.4 0 -2.287031616E-05
329.6 0 2.289712778E-05
329.8 0 4.584800469E-05
330 0 2.295094007E-05
330.2 0 2.297794118E-05
330.4 0 4.601001178E-05
330.6 0 2.303213443E-05
330.8 0 -2.305932704E-05
331 0 -1.355505033E-20
331.2 0 2.311390533E-05
331.4 0 2.314129147E-05
331.6 0 4.633748517E-05
331.8 0 4.639251781E-05
332 0 4.644768133E-05
332.2 0 4.650297619E-05
332.4 0 2.327920143E-05
332.6 0 2.330698091E-05
332.8 0 2.333482676E-05
333 0 5.984037044E-20
333.2 9.356287425E-06 -1.259670909E-20
333.4 1.873501199E-05 4.683752998E-05
333.6 1.8757503E-05 7.034063625E-05
333.8 2.817007212E-05 2.34750601E-05
334 4.700661853E-05 9.401323706E-05
334.2 4.706325301E-05 0.0001176581325
334.4 5.654402895E-05 7.068003619E-05
334.6 6.604770531E-05 9.435386473E-05
334.8 7.557436518E-05 9.446795647E-05
335 8.512409201E-05 9.458232446E-05
335.2 9.46969697E-05 9.46969697E-05
335.4 9.48118932E-05 9.48118932E-05
335.6 9.492709599E-05 4.7463548E-05
335.8 9.504257908E-05 -2.376064477E-05
336 9.515834348E-05 -2.378958587E-05
336.2 0.0001048018293 7.145579268E-05
336.4 9.539072039E-05 2.38476801E-05
336.6 0.0001050580685 -4.775366748E-05
336.8 0.0001051866585 -2.390605875E-05
337 0.0001053155637 -4.787071078E-05
337.2 9.585889571E-05 -4.792944785E-05
337.4 9.597665848E-05 -2.399416462E-05
337.6 9.609471095E-05 -4.804735547E-05
337.8 9.621305419E-05 -4.810652709E-05
338 9.633168927E-05 -3.108107296E-20
338.2 9.645061728E-05 -2.411265432E-05
338.4 9.656983931E-05 -2.414245983E-05
338.6 9.668935644E-05 -1.812441375E-20
338.8 9.680916976E-05 -6.01523243E-21
339 9.69292804E-05 -2.42323201E-05
339.2 9.704968944E-05 -2.426242236E-05
339.4 9.717039801E-05 4.863634873E-20
339.6 9.729140722E-05 -8.431907338E-21
339.8 9.74127182E-05 -1.55317468E-20
340 9.753433208E-05 8.495439306E-21
340.2 9.765625E-05 2.250837213E-20
340.4 9.777847309E-05 2.444461827E-05
340.6 9.790100251E-05 4.895050125E-05
340.8 9.80238394E-05 4.928422773E-20
341 9.814698492E-05 2.324730798E-20
341.2 9.827044025E-05 2.456761006E-05
341.4 9.839420655E-05 2.459855164E-05
341.6 9.851828499E-05 2.462957125E-05
341.8 9.864267677E-05 1.940366857E-20
342 8.889064475E-05 2.469184576E-05
342.2 6.922468354E-05 9.341932131E-21
342.4 5.941064639E-05 -4.950887199E-05
342.6 4.957170051E-05 -4.54230087E-20
342.8 3.970775095E-05 2.481734435E-05
343 2.981870229E-05 -7.809411811E-21
343.2 1.99044586E-05 7.464171975E-05
343.4 9.964923469E-06 9.964923469E-05
343.6 0 -4.179672979E-20
343.8 0 2.497602302E-05
344 0 7.502400768E-05
344.2 0 1.030031612E-20
344.4 0 -3.350503853E-21
344.6 0 -5.123716421E-20
344.8 0 -2.412900596E-20
345 0 2.51691366E-05
345.2 0 2.52016129E-05
345.4 0 2.523417313E-05
345.6 0 -2.526681759E-05
345.8 0 -2.529954663E-05
346 0 8.019737242E-20
346.2 0 -4.564418376E-20
346.4 0 2.539824447E-05
346.6 0 1.77427925E-20
346.8 0 -2.546447197E-05
347 0 1.005486238E-20
347.2 0 -2.553104575E-05
347.4 0 3.602828083E-20
347.6 0 5.119593709E-05
347.8 0 5.126312336E-05
348 0 5.13304862E-05
348.2 0 5.139802632E-05
348.4 0 5.14657444E-05
348.6 0 7.730046174E-05
348.8 0 2.580085865E-05
349 0 -7.750496032E-05
349.2 1.034768212E-05 -5.17384106E-05
349.4 0 2.590351459E-05
349.6 0 -1.801087938E-20
349.8 0 -5.194481383E-05
350 0 2.600699068E-05
350.2 0 2.604166667E-05
350.4 0 2.607643525E-05
350.6 0 2.611129679E-05
350.8 0 2.614625167E-05
351 0 5.236260054E-05
351.2 0 2.621644295E-05
351.4 0 2.625168011E-05
351.6 0 2.628701211E-05
351.8 0 5.264487871E-05
352 0 2.635796221E-05
352.2 0 1.497246096E-20
352.4 0 -1.870729537E-20
352.6 0 -6.200650061E-21
352.8 0 -3.22359261E-20
353 0 -5.307404891E-05
353.2 0 -2.919723755E-20
353.4 0 5.321866485E-05
353.6 0 -2.291249548E-20
353.8 0 -2.668203552E-05
354 0 -8.015560876E-05
354.2 0 -5.351027397E-05
354.4 1.071673525E-05 2.679183813E-05
354.6 0 2.771767262E-20
354.8 1.074621733E-05 -8.059662999E-05
355 1.076101928E-05 -0.000134512741
355.2 1.077586207E-05 -8.081896552E-05
355.4 1.079074586E-05 -8.093059392E-05
355.6 1.080567082E-05 -5.402835408E-05
355.8 1.082063712E-05 2.70515928E-05
356 1.083564494E-05 2.708911234E-05
356.2 1.085069444E-05 -2.040524171E-20
356.4 1.086578581E-05 -2.716446453E-05
356.6 1.088091922E-05 -5.44045961E-05
356.8 1.089609484E-05 -2.72402371E-05
357 1.091131285E-05 2.727828212E-05
357.2 1.092657343E-05 -3.143091237E-20
357.4 1.094187675E-05 -2.735469188E-05
357.6 0 -2.73930575E-05
357.8 0 5.017513641E-20
358 0 -2.747011252E-05
358.2 0 -5.501760563E-05
358.4 1.10190409E-05 -2.754760226E-05
358.6 2.206920904E-05 -5.51730226E-05
358.8 3.315063649E-05 -8.287659123E-05
359 4.426345609E-05 -5.532932011E-05
359.2 5.540780142E-05 -5.540780142E-05
359.4 6.658380682E-05 -5.548650568E-05
359.6 7.77916074E-05 -5.556543385E-05
359.8 8.903133903E-05 -5.564458689E-05
360 0.0001003031384 -8.358594864E-05
360.2 0.0001116071429 -8.370535714E-05
360.4 0.0001117668097 -5.588340486E-05
360.6 0.0001119269341 -8.394520057E-05
360.8 0.0001120875179 -0.0001401093974
361 0.0001122485632 -0.0001122485632
361.2 0.0001124100719 -2.810251799E-05
361.4 0.0001125720461 2.814301153E-05
361.6 0.0001127344877 5.302776689E-21
361.8 0.0001128973988 -8.467304913E-05
362 0.0001130607815 -0.0001130607815
362.2 0.0001132246377 -8.491847826E-05
362.4 0.0001133889695 -5.669448476E-05
362.6 0.0001135537791 -5.677688953E-05
362.8 0.0001137190684 -5.685953421E-05
363 0.0001138848397 2.847120991E-05
363.2 0.0001140510949 2.851277372E-05
363.4 0.0001256396199 -2.855445906E-05
363.6 0.0001258235725 -2.859626647E-05
363.8 0.0001260080645 -1.162503327E-20
364 0.0001261930984 5.736049927E-05
364.2 0.0001378676471 -6.615072006E-20
364.4 0.0001380706922 -2.876472754E-05
364.6 0.0001382743363 -2.880715339E-05
364.8 0.000138478582 -2.884970458E-05
365 0.000138683432 -9.677773429E-21
365.2 0.0001388888889 -2.083265586E-20
365.4 0.0001390949555 -4.662944436E-21
365.6 0.0001393016345 2.902117385E-05
365.8 0.0001395089286 2.906436012E-05
366 0.0001397168405 -7.117445394E-20
366.2 0.0001399253731 2.91511194E-05
366.4 0.0001401345291 5.838938714E-05
366.6 0.0001403443114 2.92383982E-05
366.8 0.0001405547226 -1.749009617E-21
367 0.0001407657658 -2.940896463E-20
367.2 0.0001409774436 8.811090226E-05
367.4 0.000141189759 0.0001764871988
367.6 0.0001414027149 8.837669683E-05
367.8 0.0001416163142 -1.116153405E-19
368 0.0001418305598 -2.954803328E-05
368.2 0.0001420454545 -2.959280303E-05
368.4 0.0001422610015 2.963770865E-05
368.6 0.0001424772036 5.936550152E-05
368.8 0.0001426940639 2.972792998E-05
369 0.0001429115854 -2.977324695E-05
369.2 0.000143129771 -2.981870229E-05
369.4 0.0001433486239 2.986429664E-05
369.6 0.000143568147 -1.952551615E-20
369.8 0.0001437883436 -2.995590491E-05
370 0.0001440092166 -6.465860467E-20
370.2 0.0001442307692 -3.004807692E-05
370.4 0.0001444530046 -6.018875193E-05
370.6 0.0001446759259 -6.02816358E-05
370.8 0.0001448995363 -3.01874034E-05
371 0.0001330301858 -3.023413313E-05
371.2 0.0001332364341 -6.05620155E-05
371.4 0.0001455745342 -6.06560559E-05
371.6 0.0001458009331 3.03751944E-05
371.8 0.0001460280374 9.126752336E-05
372 0.0001462558502 3.572458848E-20
372.2 0.000146484375 -6.103515625E-05
372.4 0.000146713615 -3.056533646E-05
372.6 0.0001346982759 -3.061324451E-05
372.8 0.0001349097331 -3.066130298E-05
373 0.0001474056604 1.717513923E-20
373.2 0.0001353346457 3.075787402E-05
373.4 0.0001232255521 -7.83765567E-21
373.6 0.0001234202212 -9.256516588E-05
373.8 0.0001236155063 -6.180775316E-05
374 0.0001238114105 -3.095285261E-05
374.2 0.0001240079365 -6.200396825E-05
374.4 0.0001242050874 -6.210254372E-05
374.6 0.0001244028662 -6.220143312E-05
374.8 0.0001246012759 -3.115031898E-05
375 0.0001248003195 4.711468484E-20
375.2 0.000125 -3.030424457E-21
375.4 0.0001252003205 3.130008013E-05
375.6 0.0001254012841 -2.471107232E-20
375.8 0.0001256028939 -6.280144695E-05
376 0.000125805153 -6.290257649E-05
376.2 0.0001260080645 5.701640973E-21
376.4 0.0001262116317 6.310581583E-05
376.6 0.0001264158576 6.32079288E-05
376.8 0.0001266207455 3.165518639E-05
377 0.0001268262987 3.170657468E-05
377.2 0.0001270325203 6.351626016E-05
377.4 0.0001272394137 6.361970684E-05
377.6 0.0001274469821 -2.346151711E-20
377.8 0.0001276552288 -6.382761438E-05
378 0.0001278641571 3.196603928E-05
378.2 0.0001152663934 6.403688525E-05
378.4 0.000115455665 -6.414203612E-05
378.6 0.0001156455592 -9.637129934E-05
378.8 0.0001158360791 -2.495983286E-20
379 0.0001160272277 -7.831307178E-20
379.2 0.0001162190083 -4.951094341E-20
379.4 0.0001034768212 3.233650662E-05
379.6 0.0001036484245 7.473166676E-21
379.8 0.000103820598 -8.745830483E-20
380 0.0001039933444 -7.410207834E-20
380.2 0.0001041666667 3.255208333E-05
380.4 9.129799666E-05 7.683756663E-21
380.6 7.838628763E-05 3.266095318E-05
380.8 6.543132328E-05 9.814698492E-05
381 5.243288591E-05 -5.505751848E-20
381.2 3.93907563E-05 1.014236848E-19
381.4 3.945707071E-05 0.000131523569
381.6 2.634907251E-05 3.293634064E-05
381.8 1.319679054E-05 -3.299197635E-05
382 0 9.914340102E-05
382.2 0 3.310381356E-05
382.4 0 -3.316001698E-05
382.6 0 6.643282313E-05
382.8 0 6.654599659E-05
383 0 -3.241910679E-20
383.2 0 3.653333562E-20
383.4 0 3.344392123E-05
383.6 0 -3.488615685E-20
383.8 0 -0.0001006765464
384 0 -0.0001008498279
384.2 0 -0.0001346982759
384.4 0 -3.373272884E-05
384.6 0 6.758217993E-05
384.8 0 -3.384965338E-05
385 0 -0.0001017252604
385.2 0 -6.793478261E-05
385.4 0 4.72397937E-21
385.6 0 -3.408595113E-05
385.8 0 -6.829108392E-05
386 0 3.936157072E-21
386.2 0 0.0001027960526
386.4 0 -6.870612257E-20
386.6 0 -6.877200704E-05
386.8 0 5.45570274E-20
387 0 -3.450750883E-05
387.2 0 -3.456858407E-05
387.4 0 -2.546452186E-20
387.6 0 -3.469138544E-05
387.8 0 1.678902425E-20
388 0 3.481506239E-05
388.2 0 -6.975446429E-05
388.4 0 -1.211733319E-19
388.6 0 7.000448029E-05
388.8 0 -7.401192454E-20
389 0 -8.753873915E-20
389.2 0 3.519144144E-05
389.4 0 3.52549639E-05
389.6 0 3.531871609E-05
389.8 0 3.538269928E-05
390 0 -7.08938294E-05
390.2 0 -7.102272727E-05
390.4 0 -3.557604736E-05
390.6 0 -3.564096715E-05
390.8 0 -7.141224863E-05
391 0 -0.0001073145604
391.2 0 -0.0001075114679
391.4 0 -1.536460749E-19
391.6 0 0.0001079074586
391.8 0 3.603551661E-05
392 0 -3.610212569E-05
392.2 0 -1.005082E-19
392.4 0 3.623608534E-05
392.6 0 -7.033701279E-20
392.8 0 3.995713499E-21
393 0 -3.643889925E-05
393.2 0 -3.650700935E-05
393.4 0 3.657537453E-05
393.6 0 7.32879925E-05
393.8 0 -7.700460071E-20
394 0 -7.356403013E-05
394.2 0 -7.370283019E-05
394.4 0 -3.69210775E-05
394.6 0 3.532875901E-20
394.8 0 3.706119545E-05
395 0 3.713165399E-05
395.2 1.488095238E-05 5.049352278E-20
395.4 1.490935115E-05 1.949786899E-20
395.6 1.493785851E-05 7.468929254E-05
395.8 1.49664751E-05 0.000149664751
396 1.499520154E-05 3.748800384E-05
396.2 1.502403846E-05 -3.756009615E-05
396.4 1.505298651E-05 -7.526493256E-05
396.6 1.508204633E-05 -0.0001131153475
396.8 1.511121857E-05 -2.239969288E-20
397 0 3.785125969E-05
397.2 0 7.584951456E-05
397.4 0 3.799854086E-05
397.6 1.522904483E-05 -7.614522417E-05
397.8 1.525878906E-05 -3.814697266E-05
398 1.528864971E-05 5.847309427E-20
398.2 1.531862745E-05 3.829656863E-05
398.4 1.534872299E-05 3.837180747E-05
398.6 1.537893701E-05 -3.844734252E-05
398.8 1.540927022E-05 4.912460162E-21
399 1.543972332E-05 3.85993083E-05
399.2 1.547029703E-05 -6.930675017E-21
399.4 1.550099206E-05 -2.144364302E-21
399.6 1.553180915E-05 -8.087020911E-20
399.8 1.5562749E-05 -3.19748575E-20
400 1.559381238E-05 9.520594279E-22
400.2 1.5625E-05 -3.753805373E-20
400.4 1.565631263E-05 7.828156313E-05
400.6 1.5687751E-05 0.00015687751
400.8 1.57193159E-05 0.0001178948692
401 1.575100806E-05 3.937752016E-05
401.2 1.578282828E-05 -3.431166754E-20
401.4 1.581477733E-05 -3.953694332E-05
401.6 1.584685598E-05 -3.961713996E-05
401.8 1.587906504E-05 -3.96976626E-05
402 1.59114053E-05 -7.955702648E-05
402.2 1.594387755E-05 -7.971938776E-05
402.4 1.597648262E-05 -3.994120654E-05
402.6 0 4.002305328E-05
402.8 0 8.021047228E-05
403 0 8.03755144E-05
403.2 0 4.027061856E-05
403.4 0 -4.035382231E-05
403.6 0 -4.04373706E-05
403.8 0 -4.529362328E-21
404 0 4.060550936E-05
404.2 0 4.069010417E-05
404.4 0 -1.141377684E-19
404.6 0 2.261209045E-20
404.8 0 -7.907827868E-20
405 0 5.079433868E-20
405.2 0 1.91566902E-21
405.4 0 -4.120516878E-05
405.6 0 -8.25845666E-05
405.8 0 -8.27595339E-05
406 0 -3.579065577E-20
406.2 0 -1.506785807E-20
406.4 0 -4.164445629E-05
406.6 0 4.173344017E-05
406.8 0 4.182280514E-05
407 0 -4.191255365E-05
407.2 0 -8.400537634E-05
407.4 0 -0.0001262796336
407.6 0 -0.0001265523758
407.8 0 -8.45508658E-05
408 0 -8.473427332E-05
408.2 0 -4.245923913E-05
408.4 0 4.255174292E-05
408.6 0 4.264465066E-05
408.8 0 -1.167445117E-19
409 0 -4.28316886E-05
409.2 0 4.588104248E-20
409.4 0 4.302037445E-05
409.6 0 3.478833618E-20
409.8 0 4.321073009E-05
410 0 4.330654102E-05
410.2 0 -4.340277778E-05
410.4 0 -4.349944321E-05
410.6 0 -3.369142212E-20
410.8 0 4.369407159E-05
411 0 1.672772742E-19
411.2 0 -4.389044944E-05
411.4 0 -1.816978526E-20
411.6 0 -4.693556449E-20
411.8 0 -1.96780184E-20
412 0 -1.204419243E-19
412.2 0 4.438920455E-05
412.4 0 4.449031891E-05
412.6 0 4.459189498E-05
412.8 0 4.469393593E-05
413 0 1.012071463E-19
413.2 0 -8.979885057E-05
413.4 0 -4.500288018E-05
413.6 0 4.510681293E-05
413.8 0 1.805718969E-20
414 0 -4.531612529E-05
414.2 0 -9.084302326E-05
414.4 0 -9.105477855E-05
414.6 0 7.261768614E-20
414.8 0 4.574063232E-05
415 0 6.383079487E-20
415.2 0 -4.595588235E-05
415.4 0 -4.606426887E-05
415.6 0 7.14686984E-20
415.8 0 -4.628258294E-05
416 0 -4.639251781E-05
416.2 0 1.263232754E-19
416.4 0 5.831555968E-20
416.6 0 -4.672547847E-05
416.8 0 -4.683752998E-05
417 0 -1.02499172E-19
417.2 0 -4.706325301E-05
417.4 0 -4.717693237E-05
417.6 0 -2.111392085E-20
417.8 0 1.793358639E-20
418 0 1.182696674E-19
418.2 0 -9.311262339E-20
418.4 0 -5.412229519E-20
418.6 0 5.241342181E-20
418.8 0 -4.489429609E-20
419 0 -8.93940782E-22
419.2 0 -1.210160082E-20
419.4 0 -4.834467822E-05
419.6 0 -4.84646402E-05
419.8 0 4.966905717E-21
420 0 1.716475019E-20
420.2 0 4.8828125E-05
420.4 0 9.790100251E-05
420.6 0 0.0001472204774
420.8 0 0.0001475913098
421 0 9.864267677E-05
421.2 0 4.944620253E-05
421.4 0 4.957170051E-05
421.6 0 9.93956743E-05
421.8 0 9.964923469E-05
422 0 9.990409207E-05
422.2 0 0.0001001602564
422.4 0 5.020886889E-05
422.6 0 5.03382732E-05
422.8 0 0.0001009366925
423 0 0.0001011981865
423.2 0 0.0002536525974
423.4 0 0.000254313151
423.6 0 5.099543081E-05
423.8 0 -5.11289267E-05
424 0 -5.126312336E-05
424.2 0 5.139802632E-05
424.4 0 5.153364116E-05
424.6 0 -4.203498464E-20
424.8 0 -0.0001036140584
425 0 -0.0002077792553
425.2 0 -0.00015625
425.4 0 -1.080344639E-19
425.6 0 5.236260054E-05
425.8 0 6.866952352E-20
426 0 -0
426.2 0 4.688441827E-20
426.4 0 -5.29302168E-05
426.6 0 -0.0001061480978
426.8 0 -5.321866485E-05
427 0 -2.063697729E-19
427.2 0 2.302252122E-20
427.4 0 7.841372254E-20
427.6 0 5.380509642E-05
427.8 0 -9.082279713E-20
428 0 5.41031856E-05
428.2 0 0.0001085069444
428.4 0 -5.44045961E-05
428.6 0 -2.907357781E-20
428.8 0 0.0001094187675
429 0 -4.453186538E-20
429.2 0 5.501760563E-05
429.4 0 0.0001103460452
429.6 0 0.0001106586402
429.8 0 0.0001109730114
430 0 0.0001112891738
430.2 0 0.0001116071429
430.4 0 5.596346705E-05
430.6 0 6.677989192E-20
430.8 0 -5.32828326E-20
431 0 5.644869942E-05
431.2 0 0.0001132246377
431.4 0 0.0001135537791
431.6 0 0.0001138848397
431.8 0 0.0001142178363
432 0 0.0001145527859
432.2 0 0.0001148897059
432.4 0 0.0001152286136
432.6 0 0.0001155695266
432.8 0 5.795623145E-05
433 0 5.993574079E-20
433.2 0 5.830223881E-05
433.4 0 0.0001754303892
433.6 0 0.0002346096096
433.8 0 0.0001764871988
434 0 0.0001180135952
434.2 0 -4.473923193E-20
434.4 0 -0.000118731003
434.6 0 -5.95464939E-05
434.8 0 -5.972859327E-05
435 0 -0.0001198236196
435.2 0 -0.0001201923077
435.4 0 -0.0001205632716
435.6 0 -0.0001209365325
435.8 0 -6.06560559E-05
436 0 0.0001825350467
436.2 0 0.0001831054688
436.4 2.449059561E-05 4.634857385E-20
436.6 2.456761006E-05 6.141902516E-05
436.8 2.464511041E-05 6.161277603E-05
437 2.472310127E-05 8.185677925E-20
437.2 2.48015873E-05 -0.0001240079365
437.4 4.97611465E-05 -0.0001244028662
437.6 4.99201278E-05 6.240015974E-05
437.8 2.50400641E-05 -9.550818061E-20
438 2.512057878E-05 -0.0001256028939
438.2 5.040322581E-05 -0.0001260080645
438.4 5.056634304E-05 -8.870704984E-20
438.6 2.536525974E-05 6.341314935E-05
438.8 0 -6.361970684E-05
439 0 -0.0001276552288
439.2 0 0.0001280737705
439.4 0 0.0001927425987
439.6 0 -6.445957096E-05
439.8 0 -0.0001293460265
440 0 -6.488787375E-05
440.2 0 8.655269753E-20
440.4 0 -6.532190635E-05
440.6 0 -0.0001310822148
440.8 0 -0.0001972853535
441 0 -0.0002639358108
441.2 0 -0.0001324152542
441.4 0 -0.0001328656463
441.6 0 -0.0001999786689
441.8 0 -0.0001337756849
442 0 -0.0001342353952
442.2 0 -0.0002020474138
442.4 0 -0.0002027465398
442.6 0 -0.0001356336806
442.8 0 -0.0001361062718
443 0 -6.829108392E-05
443.2 0 7.263781333E-20
443.4 0 -6.877200704E-05
443.6 0 -0.000207045053
443.8 0 -6.925975177E-05
444 0 -1.043952685E-19
444.2 0 -0.0002790178571
444.4 0 -0.0002800179211
444.6 0 -7.025629496E-05
444.8 0 -0.0001410198556
445 0 -0.0002830615942
445.2 0 -0.0002130681818
445.4 0 -7.128193431E-05
445.6 0 -3.00776653E-20
445.8 0 -7.180606618E-05
446 0 1.174593382E-19
446.2 0 7.233796296E-05
446.4 0 0.0001452137546
446.6 0 0.0002186333955
446.8 0 7.315074906E-05
447 0 7.342575188E-05
447.2 0 7.370283019E-05
447.4 0 0.0001479640152
447.6 0 0.0002970532319
447.8 0 0.0003727337786
448 0 0.0002993295019
448.2 0 0.0001502403846
448.4 0 0.0001508204633
448.6 0 0.0002271075581
448.8 0 0.0001519941634
449 0 7.629394531E-05
449.2 0 0.0002297794118
449.4 0 0.0001537893701
449.6 0 1.584074079E-19
449.8 0 -7.750496032E-05
450 0 -7.781374502E-05
450.2 0 0.00015625
450.4 0 0.0003137550201
450.6 3.150201613E-05 7.875504032E-05
450.8 6.325910931E-05 -0.0001581477733
451 6.351626016E-05 1.361015402E-19
451.2 6.37755102E-05 0.000318877551
451.4 6.403688525E-05 0.0002401383197
451.6 6.430041152E-05 7.204770902E-20
451.8 6.45661157E-05 0.0001614152893
452 6.48340249E-05 0.0001620850622
452.2 6.510416667E-05 0.0001627604167
452.4 6.537656904E-05 8.17207113E-05
452.6 6.56512605E-05 -8.206407563E-05
452.8 3.296413502E-05 0.0001648206751
453 0 0.0001655190678
453.2 6.64893617E-05 -0.0001662234043
453.4 0.0001335470085 -0.000250400641
453.6 0.0001676502146 -8.38251073E-05
453.8 0.0002020474138 -9.37395988E-20
454 0.0002367424242 2.013880084E-19
454.2 0.0002717391304 -8.491847826E-05
454.4 0.0003070414847 -8.528930131E-05
454.6 0.0003426535088 8.566337719E-05
454.8 0.0003441629956 8.60407489E-05
455 0.0003456858407 8.642146018E-05
455.2 0.0003125 0.0001736111111
455.4 0.000244140625 0.0001743861607
455.6 0.0002102017937 -8.758408072E-05
455.8 0.0002111486486 -0.0003519144144
456 0.0002121040724 -0.0002651300905
456.2 0.0002130681818 -0.0002663352273
456.4 0.0002140410959 -0.0001783675799
456.6 0.0002150229358 -8.959288991E-05
456.8 0.0002160138249 -0.0001800115207
457 0.0002531828704 -9.04224537E-05
457.2 0.0002906976744 5.205329048E-20
457.4 0.0002920560748 9.126752336E-05
457.6 0.00029342723 0.0002750880282
457.8 0.0002579599057 0.0002763856132
458 0.0002221563981 0.0001851303318
458.2 0.0001860119048 0.0001860119048
458.4 0.0001495215311 0.0001869019139
458.6 0.0001126802885 9.390024038E-05
458.8 7.548309179E-05 -9.840361374E-20
459 3.792475728E-05 0.0001896237864
459.2 0 0.0002858231707
459.4 0 0.0002872242647
459.6 0 0.0001924261084
459.8 3.867574257E-05 9.668935644E-05
460 3.88681592E-05 9.673572281E-20
460.2 7.8125E-05 -9.765625E-05
460.4 7.851758794E-05 -9.814698492E-05
460.6 0.0001183712121 -0.0001972853535
460.8 0.0001586294416 -0.000198286802
461 0.0001992984694 -0.0001992984694
461.2 0.0002003205128 -0.0003004807692
461.4 0.0002416237113 -0.0004027061856
461.6 0.0002833549223 -0.0004047927461
461.8 0.0003255208333 -0.0003051757813
462 0.0003272251309 -0.0003067735602
462.2 0.0003289473684 -0.0004111842105
462.4 0.0003306878307 -0.0002066798942
462.6 0.0002908909574 -0.0001038896277
462.8 0.0002924465241 -0.0001044451872
463 0.000252016129 -0.0001050067204
463.2 0.0002533783784 -0.0001055743243
463.4 0.0002122961957 -1.259401219E-19
463.6 0.0001707650273 -2.190362857E-20
463.8 0.0001287774725 -0.0001073145604
464 0.0001294889503 -0.0001079074586
464.2 8.680555556E-05 2.078549379E-19
464.4 4.36452514E-05 -2.79651317E-20
464.6 0 2.467810071E-19
464.8 0 0.0001103460452
465 0 0.0002219460227
465.2 0 0.0001116071429
465.4 0 1.347533405E-19
465.6 0 1.58443906E-19
465.8 0 1.768407121E-21
466 0 1.564748028E-19
466.2 0 3.312326331E-19
466.4 0 5.111047119E-20
466.6 0 -1.286585548E-19
466.8 0 -1.519073801E-19
467 0 -8.553370977E-20
467.2 0 3.904655174E-20
467.4 0 -1.151393997E-21
467.6 0 -0.0001198236196
467.8 0 -0.0001205632716
468 0 -5.058874865E-20
468.2 0 -0.0001220703125
468.4 0 -0.0002456761006
468.6 0 -0.0002472310127
468.8 0 -0.0002488057325
469 0 -0.000250400641
469.2 0 -0.000252016129
469.4 0 -0.0002536525974
469.6 0 -0.0002553104575
469.8 0 -0.0001284950658
470 0 -0.0001293460265
470.2 0 -0.0002604166667
470.4 0 -0.0001310822148
470.6 0 -0.0001319679054
470.8 0 -0.0002657312925
471 0 -0.0001337756849
471.2 0 1.376690419E-19
471.4 0 1.637522124E-19
471.6 0 1.420130031E-19
471.8 0 -8.161522311E-20
472 0 -1.943323637E-19
472.2 0 7.621088571E-20
472.4 0 -2.568959102E-19
472.6 0 -0.0001415307971
472.8 0 7.550547977E-20
473 0 0.0001436121324
473.2 0 0.0001446759259
473.4 0 0.000145755597
473.6 0 0.0001468515038
473.8 0 0.0002959280303
474 0 0.0002981870229
474.2 0 0.0001502403846
474.4 0 7.935052778E-20
474.6 0 0.0001525878906
474.8 0 0.0001537893701
475 0 7.13542396E-20
475.2 0 -2.585748887E-19
475.4 0 -2.960765902E-20
475.6 0 3.144171617E-19
475.8 0 1.253229332E-19
476 0 -0.0001614152893
476.2 0 -0.0001627604167
476.4 0 -0.0001641281513
476.6 0 -0.0003310381356
476.8 0 -0.0003338675214
477 0 -0.0001683728448
477.2 0 0.0001698369565
477.4 0 -1.754222982E-19
477.6 0 -0.0001728429204
477.8 0 -1.270736604E-19
478 0 -2.515728901E-19
478.2 0 0.0001775568182
478.4 0 0.0001791857798
478.6 0 0.0001808449074
478.8 0 0.0003650700935
479 0 0.0001842570755
479.2 0 -1.737534713E-19
479.4 0 5.744294054E-20
479.6 0 -8.375663149E-20
479.8 0 0.0001914828431
480 0 4.311492422E-19
480.2 0 -3.7226185E-19
480.4 0 0.0001972853535
480.6 0 2.263631531E-19
480.8 0 0.0002013530928
481 0 0.0002034505208
481.2 0 -3.598825995E-19
481.4 0 1.896726767E-19
481.6 0 2.948988338E-20
481.8 0 0.0002122961957
482 0 0.0004292582418
482.2 0 0.0004340277778
482.4 0 0.0004389044944
482.6 0 0.0002219460227
482.8 0 0.0002244971264
483 0 0.0002271075581
483.2 0 0.0002297794118
483.4 0 0.0004650297619
483.6 0 0.0002353162651
483.8 0 -3.671733189E-19
484 0 -1.35858888E-19
484.2 0 -2.211628291E-19
484.4 0 1.696235006E-19
484.6 0 -9.899196535E-20
484.8 0 -4.612392311E-19
485 0 1.362256921E-19
485.2 0 7.280303742E-19
485.4 0 2.763791193E-19
485.6 0 -0.0002675513699
485.8 0 -0.0005425347222
486 0 -0.0005501760563
486.2 0 -0.0005580357143
486.4 0 -0.0005661231884
486.6 0 -0.0005744485294
486.8 0 -0.0005830223881
487 0 -0.0005918560606
487.2 0 -0.0006009615385
487.4 0 -0.0006103515625
487.6 0 -0.0006200396825
487.8 0 -0.0006300403226
488 0 -0.0006403688525
488.2 0 -0.0006510416667
488.4 0 -0.0003310381356
488.6 0 7.345665055E-19
488.8 0 1.207328316E-19
489 0 1.443767398E-19
489.2 0 1.66016719E-19
489.4 0 5.210217051E-19
489.6 0 -5.169257861E-20
489.8 0 -5.78395553E-19
490 0 2.561259221E-19
490.2 0 -5.781219219E-20
490.4 0 -2.225089654E-19
490.6 0 -3.597678716E-19
490.8 0 -9.727950085E-19
491 0 -1.410328445E-20
491.2 0 -3.710965453E-19
491.4 0 4.361083353E-19
491.6 0 -3.460792498E-19
491.8 0 9.474345542E-20
492 0 -4.335494375E-20
492.2 0 2.784310156E-19
492.4 0 -5.22343019E-19
492.6 0 1.564627865E-19
492.8 0 -7.738955016E-19
493 0 -1.121486768E-18
493.2 0 1.120098947E-19
493.4 0 5.779122618E-19
493.6 0 -2.61589625E-19
493.8 0 -4.093305892E-19
494 0 -1.427790156E-19
494.2 0 0.0006510416667
494.4 0 0.0006734913793
494.6 0 7.6021218E-19
494.8 0 -4.829604536E-19
495 0 2.140277543E-19
495.2 0 1.346479337E-18
495.4 0 -1.491665158E-18
495.6 0 -1.782402563E-18
495.8 0 -2.186290628E-18
496 0 3.259010558E-19
496.2 0 -3.973769222E-18
496.4 0 -1.586254494E-18
496.6 0 -0.001085069444
496.8 0 -1.019327532E-18
497 0 0.001220703125
497.2 0 -0.001302083333
497.4 0 -1.824746925E-18
497.6 0 0.003004807692
497.8 0 0.001627604167
498 0 0.001775568182
498.2 0 4.381948696E-18
498.4 0 6.703036964E-19
498.6 0 -2.744540046E-18
498.8 0 9.0935956E-19
499 0 2.752828176E-18
499.2 0 -8.13621196E-20
499.4 0 5.990858432E-18
499.6 0 1.476283395E-17
499.8 0 1.535324502E-17
500 0 5.627524072E-17
