0 0.007293957417 -0.0001015218912
0.2 0.0064625 0.00134375
0.4 0.006105567227 0.000343887555
0.6 0.005848428743 0.0004300315252
0.8 0.005584826792 0.0003598067681
1 0.005358573718 0.000250400641
1.2 0.005129008016 0.000250501002
1.4 0.004924318364 0.000219276263
1.6 0.004741400923 0.0001410198556
1.8 0.004580281902 0.0001881019262
2 0.004400215777 0.0002273810719
2.2 0.004241967871 0.00015687751
2.4 0.004099286862 6.277621535E-05
2.6 0.003978471664 7.065162781E-05
2.8 0.003866983313 7.068003619E-05
3 0.003767975664 3.142598552E-05
3.2 0.003653169014 1.57193159E-05
3.4 0.003566576087 7.862822061E-06
3.6 0.003467327829 0.0001022578534
3.8 0.003361704271 9.442989525E-05
4 0.003268591294 8.659562676E-05
4.2 0.003165952621 4.725302419E-05
4.4 0.003072685559 3.93934046E-05
4.6 0.002969884988 -1.680119589E-20
4.8 0.002885925515 -7.096538151E-05
5 0.002808208805 7.888226979E-06
5.2 0.002705176768 2.367424242E-05
5.4 0.002636797696 -2.368381164E-05
5.6 0.002562045087 -3.15911848E-05
5.8 0.002506194377 -1.58019822E-05
6 0.002443975111 2.371256576E-05
6.2 0.002381705466 9.488866397E-05
6.4 0.002313056906 0.000142390644
6.6 0.002244352715 9.496555916E-05
6.8 0.002178759627 -1.583400892E-05
7 0.002109945255 -3.168085969E-05
7.2 0.002047413793 3.961713996E-05
7.4 0.001984831575 8.719308036E-05
7.6 0.001925370483 3.964930978E-05
7.8 0.001865861089 8.726391145E-05
8 0.001812652377 0.0001745987403
8.2 0.001759400407 0.0001032139228
8.4 0.001718813542 7.942761285E-06
8.6 0.001678193653 -7.945992677E-06
8.8 0.001624821937 3.17969068E-05
9 0.001590492671 -1.590492671E-05
9.2 0.001559317719 -4.773421589E-05
9.4 0.001518566626 7.163050122E-05
9.6 0.001480967183 0.0001194328373
9.8 0.001446523246 1.593087276E-05
10 0.001412051204 -1.59373725E-05
10.2 0.001374362245 -1.594387755E-05
10.4 0.001349402817 -7.975193957E-06
10.6 0.001318040237 -5.584916258E-05
10.8 0.001302615447 -7.981712301E-06
11 0.001264820114 3.193990188E-05
11.2 0.001236579755 -4.792944785E-05
11.4 0.001214709493 -3.99575491E-05
11.6 0.001196019239 -4.796868604E-05
11.8 0.001180512899 -5.598638411E-05
12 0.001148991192 -2.400399426E-05
12.2 0.001120645492 -1.600922131E-05
12.4 0.001108292333 -7.207103321E-05
12.6 0.001092724569 -8.011177194E-05
12.8 0.001073938244 -6.411571604E-05
13 0.001051929392 1.765063825E-20
13.2 0.001023485626 -2.406314168E-05
13.4 0.001011067173 3.209737058E-05
13.6 0.000976161118 0.0001123869708
13.8 0.0009508634868 2.409282484E-05
14 0.0009287587413 -1.606849033E-05
14.2 0.0009066358025 -8.03755144E-06
14.4 0.0008941436805 -3.142356235E-20
14.6 0.0008784235997 -8.044172158E-06
14.8 0.0008562525752 8.047486609E-06
15 0.0008308429514 -2.415241138E-05
15.2 0.0008118556701 -6.443298969E-05
15.4 0.0008025216584 -4.834467822E-05
15.6 0.0007931799422 -4.030385885E-05
15.8 0.000777379232 -2.419229975E-05
16 0.0007647924411 -8.067430814E-06
16.2 0.0007457386364 -8.070764463E-06
16.4 0.0007298987185 8.074100868E-05
16.6 0.0007108147229 5.654208023E-05
16.8 0.0006949472487 -8.080781961E-06
17 0.0006920012417 -4.042063328E-05
17.2 0.000689052795 -2.426242236E-05
17.4 0.0006861019056 9.708989229E-05
17.6 0.0006863862412 1.618835475E-05
17.8 0.0006834317993 -7.287779851E-05
18 0.0006869556201 -4.860535048E-05
18.2 0.0006872406639 -6.48340249E-05
18.4 0.0006907689913 -2.432285181E-05
18.6 0.0006845670681 -6.488787375E-05
18.8 0.0006783599917 -0.0001054866016
19 0.0006721477556 -2.435317955E-05
19.2 0.0006691787942 -3.248440748E-05
19.4 0.0006662073627 -4.87468802E-05
19.6 0.0006469777362 -8.127861007E-06
19.8 0.000637489592 8.131244796E-06
20 0.0006247396918 8.134631404E-06
20.2 0.00060546875 -1.627604167E-05
20.4 0.0006057211338 -8.141413089E-05
20.6 0.0006059737281 -4.072404087E-05
20.8 0.0005931894034 8.148206091E-06
21 0.0005869156928 -4.075803422E-05
21.2 0.000577374739 -6.524008351E-05
21.4 0.0005645624478 -5.710891813E-05
21.6 0.0005550041789 -4.08091308E-05
21.8 0.0005454379181 -2.449571488E-05
22 0.0005162588875 -2.450595985E-05
22.2 0.0005001307531 -4.086035565E-05
22.4 0.0004839891168 -4.087745919E-05
22.6 0.0004645623953 -2.453674623E-05
22.8 0.0004451193967 -2.454702556E-05
23 0.000435483026 -5.730039816E-05
23.2 0.0004291142558 -4.094601677E-05
23.4 0.0004227401426 1.210631788E-20
23.6 0.0004229175409 -2.458822912E-05
23.8 0.0004165354744 -7.379565491E-05
24 0.0004167104158 -8.202960941E-05
24.2 0.0004201680672 -5.744485294E-05
24.4 0.0004104928541 -3.283942833E-05
24.6 0.0004073801514 -3.285323802E-05
24.8 0.0004009781237 -5.751735381E-05
25 0.0003912826178 -6.576178451E-05
25.2 0.0003881578947 -4.111842105E-05
25.4 0.0003817396799 -3.290859309E-05
25.6 0.0003786083017 -4.938369153E-05
25.8 0.0003721806492 -3.293634064E-05
26 0.0003657475749 -4.118778996E-05
26.2 0.0003626054852 -4.120516878E-05
26.4 0.000352865133 -4.122256226E-05
26.6 0.0003497149493 -6.59839527E-05
26.8 0.0003465621039 -4.950887199E-05
27 0.0003401046069 -5.778476331E-05
27.2 0.0003369450317 -3.303382664E-05
27.4 0.0003304780034 -1.652390017E-05
27.6 0.0003306178587 -4.132723233E-05
27.8 0.0003241426757 -3.307578323E-05
28 0.0003242799661 -2.481734435E-05
28.2 0.0003177966102 -5.880418563E-21
28.4 0.0003113077575 -1.655892327E-05
28.6 0.0003048134012 -1.656594572E-05
28.8 0.000301628129 8.28648706E-06
29 0.0002951241511 8.290004244E-06
29.2 0.0002919320594 8.293524416E-06
29.4 0.0002787807986 1.031696205E-20
29.6 0.000268938589 8.300573736E-06
29.8 0.0002624096514 -8.304102891E-06
30 0.0002558751595 -4.984581029E-05
30.2 0.0002559840426 -1.662234043E-05
30.4 0.0002461153682 8.314708387E-06
30.6 0.0002295836882 -8.318249574E-06
30.8 0.0002163666383 2.808670306E-20
31 0.0002064684569 1.665068201E-05
31.2 0.0001898987207 1.665778252E-05
31.4 0.0001733148464 -4.16622227E-05
31.6 0.0001633856167 -5.835200598E-05
31.8 0.0001534479078 -3.335824082E-05
32 0.0001435017087 -5.840185818E-05
32.2 0.0001368856838 -4.173344017E-05
32.4 0.0001302640017 8.35025652E-06
32.6 0.0001269781865 -2.506148417E-05
32.8 0.0001203465982 -6.685922122E-05
33 0.0001170537243 -0.0001003317637
33.2 0.0001171038544 -0.0001087392934
33.4 0.0001238485433 -3.347257926E-05
33.6 0.0001239016288 8.371731676E-06
33.8 0.0001206046312 3.124287564E-21
34 0.0001240079365 1.675782926E-05
34.2 0.0001240611588 -1.676502146E-05
34.4 0.0001241144268 -4.193054959E-05
34.6 0.0001174559708 2.51691366E-05
34.8 0.000114149119 -2.517995273E-05
35 0.0001175569647 -7.557233448E-05
35.2 0.0001176075269 -3.360215054E-05
35.4 0.0001176581325 -5.821762877E-20
35.6 0.0001109825656 1.681554025E-05
35.8 0.0001076658053 -1.682278208E-05
36 0.000100980181 2.524504524E-05
36.2 9.092133621E-05 3.367456897E-05
36.4 9.096054334E-05 -8.422272531E-06
36.6 8.425905953E-05 -1.685181191E-05
36.8 7.755179111E-05 -1.685908502E-05
37 7.758527634E-05 -4.216591105E-05
37.2 7.086933045E-05 -5.905777538E-05
37.4 7.42761452E-05 -7.596423941E-05
37.6 7.09306096E-05 -0.0001013294423
37.8 7.096128893E-05 -0.0001013732699
38 7.099199481E-05 -0.0001014171354
38.2 6.425865801E-05 -0.0001099161255
38.4 6.428648766E-05 -0.0001268812256
38.6 5.754441075E-05 -9.308654679E-05
38.8 6.095578674E-05 -9.31268964E-05
39 5.759431917E-05 -0.0001355160451
39.2 6.100867679E-05 -0.000101681128
39.4 6.103515625E-05 -8.477105035E-05
39.6 6.106165871E-05 -0.0001017694312
39.8 5.769439618E-05 -8.484470026E-05
40 6.111473272E-05 -7.639341591E-05
40.2 6.114130435E-05 -6.793478261E-05
40.4 6.116789909E-05 -7.645987386E-05
40.6 5.43951262E-05 -5.949466928E-05
40.8 5.101763169E-05 -2.550881585E-05
41 4.763719512E-05 -5.95464939E-05
41.2 4.765795207E-05 -5.957244009E-05
41.4 4.427310375E-05 -3.405623365E-05
41.6 4.769952028E-05 -5.110662887E-05
41.8 5.11289267E-05 -8.521487784E-05
42 5.1151244E-05 -6.820165866E-05
42.2 5.458515284E-05 -4.264465066E-05
42.4 5.802206204E-05 -5.119593709E-05
42.6 5.463286713E-05 8.53638549E-06
42.8 5.80728028E-05 8.540118059E-06
43 5.809820647E-05 -4.271926947E-05
43.2 5.812363239E-05 -2.564277899E-05
43.4 5.472854641E-05 -2.565400613E-05
43.6 5.817455103E-05 -8.555081034E-06
43.8 5.135297984E-05 -8.558829974E-06
44 5.480052609E-05 -2.56877466E-05
44.2 5.48245614E-05 -2.569901316E-05
44.4 5.484861781E-05 -1.714019307E-05
44.6 5.144315189E-05 1.71477173E-05
44.8 4.803469477E-05 8.577624067E-06
45 4.462324253E-05 -2.698119993E-20
45.2 3.777472527E-05 1.717032967E-05
45.4 3.435576077E-05 8.588940193E-06
45.6 3.093378795E-05 -8.592718874E-06
45.8 2.750880282E-05 -1.719300176E-05
46 2.75209159E-05 -5.160171731E-05
46.2 2.753303965E-05 -6.883259912E-05
46.4 2.754517409E-05 -6.025506831E-05
46.6 2.755731922E-05 -4.305831129E-05
46.8 2.412329069E-05 -3.446184385E-05
47 2.068623124E-05 -2.088297621E-23
47.2 2.069536424E-05 1.724613687E-05
47.4 1.725375442E-05 8.626877208E-06
47.6 6.90455148E-06 -2.589206805E-05
47.8 1.381520778E-05 -8.634504863E-06
48 1.03659885E-05 8.638323751E-06
48.2 1.382743363E-05 -8.642146018E-06
48.4 1.383355467E-05 8.645971669E-06
48.6 1.037976085E-05 -7.682566324E-21
48.8 1.730726628E-05 -2.320850487E-21
49 1.385195035E-05 -3.462987589E-05
49.2 1.385809313E-05 -6.929046563E-05
49.4 1.039818101E-05 -1.733030169E-05
49.6 1.387039503E-05 -1.733799379E-05
49.8 1.040741563E-05 -5.203707815E-05
50 1.041203909E-05 -1.735339849E-05
50.2 1.041666667E-05 -1.736111111E-05
50.4 1.042129835E-05 -1.736883059E-05
50.6 1.042593416E-05 8.68827847E-06
50.8 6.953716066E-06 -1.738429016E-05
51 6.95681211E-06 -3.478406055E-05
51.2 6.959910913E-06 8.795414679E-21
51.4 6.963012478E-06 1.740753119E-05
51.6 6.966116808E-06 1.741529202E-05
51.8 6.969223907E-06 1.742305977E-05
52 6.97233378E-06 1.743083445E-05
52.2 6.975446429E-06 1.975960521E-20
52.4 3.489280929E-06 -8.723202322E-06
52.6 6.981680071E-06 8.727100089E-06
52.8 6.984801073E-06 2.619300402E-05
53 6.987924866E-06 2.620471825E-05
53.2 6.991051454E-06 -1.552325258E-21
53.4 6.994180842E-06 1.74854521E-05
53.6 3.498656516E-06 6.122648903E-05
53.8 3.500224014E-06 3.500224014E-05
54 3.501792918E-06 8.754482295E-06
54.2 3.503363229E-06 8.758408072E-06
54.4 3.504934948E-06 2.628701211E-05
54.6 3.506508079E-06 4.383135099E-05
54.8 3.508082622E-06 2.631061967E-05
55 3.50965858E-06 8.774146451E-06
55.2 3.511235955E-06 -4.389044944E-05
55.4 3.512814748E-06 -3.512814748E-05
55.6 3.514394962E-06 8.785987404E-06
55.8 3.515976598E-06 -2.636982448E-05
56 3.517559658E-06 -8.793899145E-06
56.2 3.519144144E-06 2.639358108E-05
56.4 3.520730059E-06 -8.801825146E-06
56.6 3.522317403E-06 -1.761158702E-05
56.8 3.52390618E-06 -1.76195309E-05
57 3.52549639E-06 -2.644122292E-05
57.2 3.527088036E-06 -1.763544018E-05
57.4 3.52868112E-06 8.8217028E-06
57.6 3.530275644E-06 2.647706733E-05
57.8 3.531871609E-06 2.648903707E-05
58 3.533469019E-06 2.650101764E-05
58.2 3.535067873E-06 1.767533937E-05
58.4 3.536668176E-06 8.841670439E-06
58.6 3.538269928E-06 2.653702446E-05
58.8 3.539873131E-06 4.424841414E-05
59 3.541477788E-06 4.426847235E-05
59.2 3.5430839E-06 1.77154195E-05
59.4 3.54469147E-06 1.772345735E-05
59.6 3.546300499E-06 6.206025874E-05
59.8 3.54791099E-06 6.208844233E-05
60 3.549522944E-06 4.43690368E-05
60.2 3.551136364E-06 7.755190729E-21
60.4 3.552751251E-06 -7.161399743E-21
60.6 3.554367607E-06 2.665775705E-05
60.8 3.555985435E-06 8.889963587E-06
61 3.557604736E-06 -8.89401184E-06
61.2 3.559225513E-06 8.898063781E-06
61.4 3.560847767E-06 1.780423883E-05
61.6 3.5624715E-06 2.671853625E-05
61.8 3.564096715E-06 -1.766776301E-21
62 3.565723414E-06 -8.914308535E-06
62.2 3.567351598E-06 8.918378995E-06
62.4 3.56898127E-06 -1.784490635E-05
62.6 3.570612431E-06 8.926531079E-06
62.8 0 1.786122542E-05
63 3.573879231E-06 8.934698079E-06
63.2 3.575514874E-06 1.787757437E-05
63.4 0 2.896189088E-21
63.6 3.578790655E-06 -1.789395328E-05
63.8 3.580430797E-06 -8.951076994E-06
64 3.582072444E-06 -8.95518111E-06
64.2 3.583715596E-06 8.959288991E-06
64.4 3.585360257E-06 3.585360257E-05
64.6 3.587006428E-06 -1.59295085E-20
64.8 3.588654111E-06 -2.691490583E-05
65 3.590303309E-06 -2.692727482E-05
65.2 3.591954023E-06 -4.489942529E-05
65.4 3.593606256E-06 -4.49200782E-05
65.6 3.595260009E-06 -3.595260009E-05
65.8 3.596915285E-06 -1.798457643E-05
66 3.598572087E-06 -1.598087035E-20
66.2 7.200460829E-06 -2.700172811E-05
66.4 7.203780544E-06 -3.601890272E-05
66.6 3.603551661E-06 -4.504439576E-05
66.8 1.081564375E-05 -5.407821874E-05
67 1.80343952E-05 -1.80343952E-05
67.2 1.804272517E-05 -1.804272517E-05
67.4 1.444085028E-05 -5.415318854E-05
67.6 1.805940823E-05 -9.029704115E-06
67.8 1.445420907E-05 1.806776133E-05
68 1.446089773E-05 -4.519030541E-05
68.2 1.446759259E-05 -9.04224537E-05
68.4 1.447429365E-05 -6.332503474E-05
68.6 1.448100093E-05 -1.810125116E-05
68.8 1.448771442E-05 -4.527410756E-05
69 1.811804267E-05 -6.341314935E-05
69.2 2.175174014E-05 -8.156902552E-05
69.4 2.901578459E-05 -7.253946147E-05
69.6 2.540060381E-05 -5.44298653E-05
69.8 2.541240706E-05 -4.537929833E-05
70 2.542422129E-05 -4.540039517E-05
70.2 2.906976744E-05 -9.084302326E-05
70.4 2.908329456E-05 -4.544264774E-05
70.6 2.909683426E-05 -1.818552142E-05
70.8 2.547158826E-05 -4.548497904E-05
71 2.54834576E-05 9.101234856E-06
71.2 2.5495338E-05 4.552738928E-05
71.4 2.550722948E-05 1.821944963E-05
71.6 2.187354176E-05 9.113975735E-06
71.8 1.823646125E-05 1.823646125E-05
72 1.824497898E-05 -3.481792775E-20
72.2 2.190420561E-05 7.255552159E-21
72.4 2.1914446E-05 9.131019168E-06
72.6 1.827057998E-05 4.567644995E-05
72.8 1.46233037E-05 2.741869443E-05
73 1.463014981E-05 -9.143843633E-06
73.2 1.463700234E-05 -9.148126464E-06
73.4 1.464386129E-05 -5.491447985E-05
73.6 1.465072668E-05 -2.747011252E-05
73.8 1.46575985E-05 2.748299719E-05
74 1.466447677E-05 1.833059596E-05
74.2 1.46713615E-05 -2.750880282E-05
74.4 1.46782527E-05 -2.752172381E-05
74.6 1.468515038E-05 -2.753465695E-05
74.8 1.469205454E-05 -1.836506817E-05
75 1.469896519E-05 -3.824909129E-20
75.2 1.470588235E-05 -9.191176471E-06
75.4 1.471280603E-05 1.984349406E-21
75.6 1.103980217E-05 9.199835139E-06
75.8 7.363336475E-06 2.761251178E-05
76 7.366808109E-06 4.604255068E-05
76.2 3.685141509E-06 4.606426887E-05
76.4 3.686880604E-06 2.765160453E-05
76.6 3.688621341E-06 4.610776676E-05
76.8 3.690363722E-06 3.690363722E-05
77 3.69210775E-06 -9.230269376E-06
77.2 3.693853428E-06 9.23463357E-06
77.4 0 -1.488914247E-20
77.6 3.69734974E-06 -2.773012305E-05
77.8 0 -2.203585238E-20
78 0 -7.283235264E-21
78.2 0 -2.776954976E-05
78.4 0 -2.778271693E-05
78.6 0 1.853059772E-05
78.8 0 1.85393925E-05
79 3.709639126E-06 -2.782229345E-05
79.2 7.42280285E-06 -2.783551069E-05
79.4 7.426330798E-06 -9.282913498E-06
79.6 1.114479315E-05 1.857465525E-05
79.8 1.486679353E-05 -2.787523787E-05
80 1.859233698E-05 -3.718467396E-05
80.2 1.860119048E-05 9.300595238E-06
80.4 2.233206289E-05 -9.305026203E-06
80.6 2.60664919E-05 1.861892278E-05
80.8 2.235336195E-05 -1.862780162E-05
81 2.236402672E-05 -3.727337786E-05
81.2 2.237470167E-05 -9.322792363E-06
81.4 2.238538682E-05 -2.798173352E-05
81.6 2.612876254E-05 -4.665850454E-05
81.8 2.614125239E-05 -3.734464627E-05
82 2.241750359E-05 -2.802187948E-05
82.2 1.869019139E-05 -1.869019139E-05
82.4 1.495931067E-05 2.804870752E-05
82.6 1.870809387E-05 1.870809387E-05
82.8 1.871705798E-05 1.871705798E-05
83 2.247123682E-05 5.617809204E-05
83.2 1.873501199E-05 1.873501199E-05
83.4 2.624160269E-05 -9.37200096E-06
83.6 3.000480077E-05 9.37650024E-06
83.8 3.00192123E-05 5.8839044E-21
84 3.378784238E-05 1.877102355E-05
84.2 3.380408654E-05 2.683308196E-21
84.4 3.006253006E-05 -1.878908129E-05
84.6 3.383662175E-05 -1.87981232E-05
84.8 3.385291286E-05 -1.880717381E-05
85 3.386921965E-05 2.168502885E-21
85.2 3.388554217E-05 -1.428286715E-20
85.4 3.390188042E-05 9.417189007E-06
85.6 3.768692716E-05 -1.884346358E-05
85.8 3.770511583E-05 -4.713139479E-05
86 3.772332207E-05 -2.829249155E-05
86.2 3.39673913E-05 9.435386473E-06
86.4 3.775978734E-05 2.83198405E-05
86.6 3.777804642E-05 9.444511605E-06
86.8 3.401669086E-05 1.889816159E-05
87 3.403315586E-05 3.781461762E-05
87.2 3.40496368E-05 2.837469734E-05
87.4 3.406613372E-05 9.462814922E-06
87.6 3.408264663E-05 1.158730467E-20
87.8 3.031037827E-05 -9.47199321E-06
88 3.032508491E-05 -1.895317807E-05
88.2 2.65473301E-05 -1.896237864E-05
88.4 2.276590578E-05 1.897158815E-05
88.6 1.898080661E-05 4.745201652E-05
88.8 1.139402042E-05 2.848505105E-05
89 1.139956226E-05 1.899927043E-05
89.2 1.140510949E-05 4.752128954E-05
89.4 1.141066212E-05 2.852665531E-05
89.6 1.141622017E-05 -1.902703361E-05
89.8 1.142178363E-05 -3.08520522E-21
90 7.618235007E-06 2.856838128E-05
90.2 7.62195122E-06 2.858231707E-05
90.4 3.81283553E-06 3.81283553E-05
90.6 3.814697266E-06 3.814697266E-05
90.8 3.816560821E-06 -1.90828041E-05
91 3.818426197E-06 -9.546065494E-06
91.2 3.820293399E-06 2.865220049E-05
91.4 3.822162427E-06 3.822162427E-05
91.6 3.824033284E-06 3.824033284E-05
91.8 3.825905975E-06 -9.564764936E-06
92 3.8277805E-06 -2.870835375E-05
92.2 3.829656863E-06 -2.872242647E-05
92.4 3.831535066E-06 -4.789418833E-05
92.6 7.666830226E-06 -2.875061335E-05
92.8 1.150589102E-05 1.917648503E-05
93 1.534872299E-05 -9.592951866E-06
93.2 1.535626536E-05 -9.597665848E-06
93.4 1.536381514E-05 6.721669125E-05
93.6 1.921421545E-05 6.724975406E-05
93.8 2.306840551E-05 4.588908579E-21
94 2.692639094E-05 -2.884970458E-05
94.2 3.463669951E-05 -3.848522167E-05
94.4 3.465377033E-05 -4.813023657E-05
94.6 3.852317554E-05 -2.889238166E-05
94.8 3.854218056E-05 -9.635545141E-06
95 3.856120434E-05 1.928060217E-05
95.2 3.858024691E-05 -2.893518519E-05
95.4 3.85993083E-05 -6.754878953E-05
95.6 3.861838853E-05 -3.861838853E-05
95.8 3.863748764E-05 -1.391754159E-20
96 3.865660564E-05 9.66415141E-06
96.2 4.254331683E-05 9.668935644E-06
96.4 4.256438831E-05 7.276114006E-21
96.6 4.645688801E-05 -2.9035555E-05
96.8 5.03532474E-05 2.915439911E-21
97 5.425347222E-05 -2.906436012E-05
97.2 5.815756824E-05 3.518746189E-21
97.4 6.206554121E-05 5.818644489E-05
97.6 6.597739692E-05 1.940511674E-05
97.8 6.212723658E-05 9.707380716E-06
98 6.992789657E-05 5.827324714E-05
98.2 6.607587065E-05 4.8585199E-05
98.4 6.610876058E-05 -9.721876556E-06
98.6 6.614168327E-05 9.726718127E-06
98.8 7.006726457E-05 9.731564524E-06
99 7.399675972E-05 -3.894566301E-05
99.2 7.403366584E-05 -4.87063591E-05
99.4 7.407060878E-05 -1.949226547E-05
99.6 6.630678982E-05 -3.940987493E-21
99.8 6.633991009E-05 -9.755869131E-06
100 7.027736132E-05 -4.880372314E-05
100.2 7.421875E-05 -4.8828125E-05
100.4 7.816408204E-05 1.576239914E-22
100.6 7.82032032E-05 2.93262012E-05
100.8 7.824236355E-05 2.934088633E-05
101 8.219564128E-05 2.935558617E-05
101.2 8.223684211E-05 -9.790100251E-06
101.4 9.011409228E-05 -1.959002006E-05
101.6 9.015930758E-05 6.755699022E-21
101.8 9.804844378E-05 -9.804844378E-06
102 0.0001098694124 1.961953792E-05
102.2 0.0001177763819 2.944409548E-05
102.4 0.000121763449 -9.490053266E-21
102.6 0.0001296843561 -9.824572435E-06
102.8 0.000137613236 2.948855058E-05
103 0.0001455501007 4.917233132E-05
103.2 0.0001534949622 9.839420655E-06
103.4 0.0001575100806 9.84438004E-06
103.6 0.0001615292486 2.954803328E-05
103.8 0.0001655524723 9.854313824E-06
104 0.0001656360424 9.859288238E-06
104.2 0.000165719697 3.945707071E-05
104.4 0.0001618557352 2.960775644E-05
104.6 0.0001579878665 9.874241658E-06
104.8 0.0001501643905 1.975847243E-05
105 0.000142332996 9.88423583E-06
105.2 0.0001384493671 -5.933544304E-05
105.4 0.0001345618034 -5.936550152E-05
105.6 0.000126710593 -1.979853016E-05
105.8 0.0001228131339 -3.961713996E-05
106 0.0001149479959 9.909309995E-06
106.2 0.0001070748731 4.957170051E-05
106.4 9.919375317E-05 3.967750127E-05
106.6 9.527439024E-05 2.977324695E-05
106.8 9.13510422E-05 2.978838332E-05
107 8.344989827E-05 1.98690234E-05
107.2 7.554071247E-05 -1.713036729E-20
107.4 6.762347251E-05 -1.988925662E-05
107.6 6.765792155E-05 -2.984908304E-05
107.8 5.574668705E-05 1.990953109E-05
108 5.577511474E-05 4.979920959E-05
108.2 4.783163265E-05 3.985969388E-05
108.4 3.190403267E-05 3.988004084E-05
108.6 2.394024515E-05 1.995020429E-05
108.8 1.996039857E-05 9.980199285E-06
109 1.597648262E-05 9.985301636E-06
109.2 1.198849105E-05 4.995204604E-05
109.4 3.998208802E-06 2.998656602E-05
109.6 4.000256016E-06 -1.000064004E-05
109.8 8.004610656E-06 1.04659647E-20
110 8.00871348E-06 -1.001089185E-05
110.2 8.012820513E-06 -1.001602564E-05
110.4 8.01693176E-06 -1.00211647E-05
110.6 8.021047228E-06 -1.002630903E-05
110.8 8.025166923E-06 -2.006291731E-05
111 8.029290853E-06 1.003661357E-05
111.2 1.205012853E-05 1.004177378E-05
111.4 1.205632716E-05 1.00469393E-05
111.6 1.206253217E-05 2.010422028E-05
111.8 1.206874356E-05 9.707085049E-21
112 1.207496136E-05 -2.01249356E-05
112.2 1.208118557E-05 -2.013530928E-05
112.4 8.058277463E-06 2.761168776E-20
112.6 8.062435501E-06 2.896469576E-20
112.8 8.066597832E-06 4.033298916E-05
113 8.070764463E-06 1.008845558E-05
113.2 8.074935401E-06 -3.028100775E-05
113.4 4.039555326E-06 1.009888831E-05
113.6 4.041645111E-06 2.020822556E-05
113.8 4.04373706E-06 1.010934265E-05
114 4.045831176E-06 4.045831176E-05
114.2 4.047927461E-06 4.047927461E-05
114.4 4.05002592E-06 4.05002592E-05
114.6 4.052126556E-06 2.026063278E-05
114.8 4.054229372E-06 -2.027114686E-05
115 4.056334372E-06 -1.014083593E-05
115.2 4.058441558E-06 -1.01461039E-05
115.4 4.060550936E-06 -1.015137734E-05
115.6 4.062662507E-06 -2.031331253E-05
115.8 4.064776275E-06 -3.048582206E-05
116 4.066892244E-06 -4.066892244E-05
116.2 4.069010417E-06 -3.051757812E-05
116.4 4.071130797E-06 -4.071130797E-05
116.6 4.073253389E-06 -6.109880083E-05
116.8 4.075378195E-06 -5.094222744E-05
117 4.077505219E-06 -6.116257829E-05
117.2 0 -5.099543081E-05
117.4 4.081765935E-06 -3.061324451E-05
117.6 4.083899634E-06 -5.104874543E-05
117.8 4.086035565E-06 -4.086035565E-05
118 4.088173731E-06 -5.110217164E-05
118.2 4.090314136E-06 -3.067735602E-05
118.4 4.092456784E-06 2.390290869E-20
118.6 4.094601677E-06 -2.047300839E-05
118.8 8.19349764E-06 1.024187205E-05
119 1.229669465E-05 3.074173662E-05
119.2 1.640419948E-05 4.101049869E-05
119.4 2.051601891E-05 3.077402836E-05
119.6 2.463215975E-05 2.052679979E-05
119.8 2.464511041E-05 3.080638801E-05
120 2.46580747E-05 3.082259337E-05
120.2 2.878289474E-05 3.083881579E-05
120.4 3.291205898E-05 -6.955351682E-21
120.6 3.704557429E-05 2.05808746E-05
120.8 3.706510279E-05 3.088758566E-05
121 4.120516878E-05 -1.030129219E-05
121.2 4.534960422E-05 1.267292176E-21
121.4 4.949841605E-05 2.062434002E-05
121.6 5.36516112E-05 -1.052161787E-20
121.8 5.367996829E-05 -1.032307082E-05
122 5.783976732E-05 -1.032852988E-05
122.2 5.787037037E-05 -2.066798942E-05
122.4 6.617257808E-05 -1.033946533E-05
122.6 7.034560381E-05 2.068988347E-05
122.8 7.452305246E-05 2.070084791E-05
123 8.284729586E-05 1.158468781E-20
123.2 8.703580902E-05 1.036140584E-05
123.4 7.878848195E-05 2.073381104E-05
123.6 7.883032395E-05 4.148964418E-05
123.8 7.472104145E-05 1.037792242E-05
124 6.645401382E-05 -2.076687932E-05
124.2 6.64893617E-05 -1.038896277E-05
124.4 7.484034061E-05 -3.118347525E-05
124.6 8.736022364E-05 4.190271173E-20
124.8 8.324453916E-05 -1.040556739E-05
125 8.328891258E-05 -2.082222814E-05
125.2 8.333333333E-05 3.125E-05
125.4 8.337780149E-05 1.042222519E-05
125.6 8.7593433E-05 -2.085557928E-05
125.8 8.764022436E-05 -2.086672009E-05
126 8.768706574E-05 -1.071043146E-20
126.2 9.191176471E-05 1.044451872E-05
126.4 9.614098448E-05 -1.045010701E-05
126.6 0.0001003747323 -2.091140257E-05
126.8 9.624397429E-05 -3.138390466E-05
127 9.210878885E-05 -6.280144695E-05
127.2 0.000100536193 -2.094504021E-05
127.4 0.0001005901288 4.191255365E-05
127.6 0.0001006441224 2.09675255E-05
127.8 0.000100698174 2.144844785E-20
128 0.0001049502955 1.049502955E-05
128.2 0.0001092069892 7.760279501E-21
128.4 0.0001092657343 -2.10126412E-05
128.6 0.0001135293326 -2.102395048E-05
128.8 0.0001135904685 -9.984663607E-21
129 0.0001178609914 2.10466056E-05
129.2 0.0001179245283 1.052897574E-05
129.4 0.0001222019957 -1.81834721E-20
129.6 0.0001264840799 -1.218833351E-22
129.8 0.0001307707883 -3.163809395E-05
130 0.0001308414371 -1.05517288E-05
130.2 0.0001266891892 1.055743243E-05
130.4 0.00012253245 -3.168942672E-05
130.6 0.0001225987554 -7.398200758E-05
130.8 0.000131124797 -3.17237412E-05
131 0.0001269637053 -2.116061755E-05
131.2 0.0001270325203 -5.29302168E-05
131.4 0.0001228646963 -4.236713666E-05
131.6 0.0001229313619 -2.11950624E-05
131.8 0.0001229980999 3.180985342E-05
132 0.0001188212928 2.1218088E-05
132.2 0.0001146399457 3.882737274E-21
132.4 0.0001104540511 1.062058184E-05
132.6 0.0001062636017 4.25054407E-05
132.8 0.0001020685901 5.316072401E-05
133 9.361383442E-05 3.191380719E-05
133.2 8.940735695E-05 6.386239782E-05
133.4 8.519629226E-05 6.389721919E-05
133.6 8.098063284E-05 1.065534643E-05
133.8 8.102483624E-05 -2.132232533E-05
134 7.253549973E-05 -1.066698525E-05
134.2 6.403688525E-05 -2.134562842E-05
134.4 5.552897758E-05 -5.339324768E-05
134.6 5.983315098E-05 -1.068449125E-05
134.8 5.558976464E-05 2.947948826E-20
135 5.989868565E-05 -3.20885816E-05
135.2 6.421232877E-05 -4.280821918E-05
135.4 7.281387061E-05 -4.28316886E-05
135.6 7.28538124E-05 1.071379594E-05
135.8 6.431805708E-05 3.215902854E-05
136 5.577292696E-05 1.072556288E-05
136.2 5.151098901E-05 -1.073145604E-05
136.4 4.724436504E-05 1.073735569E-05
136.6 4.29730473E-05 1.074326183E-05
136.8 5.159603742E-05 1.074917446E-05
137 4.732241189E-05 2.151018722E-05
137.2 5.165289256E-05 -1.076101928E-05
137.4 6.029492834E-05 1.076695149E-05
137.6 6.463734142E-05 2.154578047E-05
137.8 6.467301325E-05 1.698753529E-20
138 6.470872446E-05 5.501924376E-21
138.2 6.474447514E-05 -4.334370272E-21
138.4 6.90989497E-05 -5.398355445E-05
138.6 6.913716814E-05 -5.401341261E-05
138.8 7.349889319E-05 -2.161732153E-05
139 8.219130676E-05 -1.081464563E-05
139.2 8.656509695E-05 -1.082063712E-05
139.4 9.527439024E-05 -2.165327051E-05
139.6 0.0001039933444 -3.249792013E-05
139.8 9.971559378E-05 -3.25159545E-05
140 0.0001041088284 -2.168933926E-05
140.2 0.0001128472222 -1.085069444E-05
140.4 0.00011290995 4.199155748E-21
140.6 0.0001129727475 1.086276418E-05
140.8 0.0001086880913 1.086880913E-05
141 0.000108748608 -1.783068906E-20
141.2 0.0001044568245 -2.020004438E-20
141.4 0.0001045150502 -3.197997473E-20
141.6 0.0001045733408 1.089305633E-05
141.8 0.0001089913504 2.179827009E-05
142 0.0001046901173 -1.332789778E-21
142.2 0.0001047486034 -3.273393855E-05
142.4 0.0001091741196 -4.366964785E-05
142.6 0.000109235179 -2.184703579E-05
142.8 0.0001049244544 -2.185926133E-05
143 0.0001049832027 -3.280725084E-05
143.2 0.0001050420168 1.361233093E-20
143.4 0.0001051008969 3.284403027E-05
143.6 0.000105159843 2.190830062E-05
143.8 0.0001052188552 2.192059484E-05
144 0.0001052779337 2.193290286E-05
144.2 0.0001053370787 1.097261236E-05
144.4 0.0001053962901 2.195756043E-05
144.6 0.0001054555681 1.098495501E-05
144.8 0.0001055149128 1.099113675E-05
145 0.0001055743243 1.991011975E-21
145.2 0.0001056338028 -2.200704225E-05
145.4 0.0001100972379 -7.282947228E-21
145.6 0.0001101593345 1.101593345E-05
145.8 0.0001102215011 -3.213790137E-20
146 0.000110283738 -1.10283738E-05
146.2 0.0001103460452 -2.206920904E-05
146.4 0.0001148247598 -1.104084228E-05
146.6 0.0001148897059 1.10470871E-05
146.8 0.0001149547255 2.210667799E-05
147 0.0001150198188 2.211919592E-05
147.2 0.0001150849858 2.213172805E-05
147.4 0.0001151502268 1.107213719E-05
147.6 0.0001196469087 -1.40005416E-20
147.8 0.0001241486947 -1.108470488E-05
148 0.0001286555934 -2.382416365E-21
148.2 0.0001331676136 2.219460227E-05
148.4 0.0001332433201 6.050930011E-22
148.6 0.0001333191126 -2.22198521E-05
148.8 0.0001333949915 -1.111624929E-05
149 0.0001334709567 2.224515945E-05
149.2 0.0001335470085 1.112891738E-05
149.4 0.000138077252 -1.113526226E-05
149.6 0.0001381560183 2.228322875E-05
149.8 0.0001382348744 1.114797374E-05
150 0.0001516990291 -3.346302113E-05
150.2 0.00015625 -2.232142857E-05
150.4 0.000160806175 -1.116709548E-05
150.6 0.0001608981693 -2.234696796E-05
150.8 0.000160990269 -2.235975959E-05
151 0.0001655569874 -2.237256586E-05
151.2 0.0001746060172 -1.119269341E-05
151.4 0.0001702264908 2.239822248E-05
151.6 0.0001658419392 1.773897797E-20
151.8 0.0001704219288 -1.1211969E-05
152 0.0001660324526 3.365522688E-05
152.2 0.000161637931 2.244971264E-05
152.4 0.0001572383554 -2.24626222E-05
152.6 0.0001618239356 -1.12377733E-05
152.8 0.0001574194013 2.24884859E-05
153 0.0001530097926 -2.250144009E-05
153.2 0.0001530979827 -1.125720461E-05
153.4 0.0001531862745 2.252739331E-05
153.6 0.0001487665897 -5.981597764E-21
153.8 0.0001443418014 -1.557659014E-20
154 0.0001444251878 1.128321779E-05
154.2 0.0001445086705 2.257947977E-05
154.4 0.0001445922499 1.129626952E-05
154.6 0.0001446759259 1.202796485E-20
154.8 0.0001447596989 1.130935148E-05
155 0.0001448435689 4.470636764E-21
155.2 0.0001449275362 5.344313503E-21
155.4 0.0001404799884 1.132903132E-05
155.6 0.000136027278 8.182458219E-21
155.8 0.0001361062718 1.134218931E-05
156 0.0001316458454 2.269755956E-05
156.2 0.0001271802326 2.271075581E-05
156.4 0.0001227094241 1.136198371E-05
156.6 0.0001182334109 2.273719441E-05
156.8 0.0001183022714 4.550087362E-05
157 0.0001092657343 2.276369464E-05
157.2 0.0001093294461 4.555393586E-05
157.4 0.0001093932322 9.116102684E-05
157.6 0.000114017805 4.560712201E-05
157.8 0.0001140844042 1.140844042E-05
158 0.0001141510812 1.141510812E-05
158.2 0.0001142178363 6.276137239E-21
158.4 0.0001142846694 -2.724934587E-21
158.6 0.0001143515808 2.287031616E-05
158.8 0.0001189953134 -8.710477708E-21
159 0.0001190650645 -2.289712778E-05
159.2 0.0001191348974 2.291055718E-05
159.4 0.0001192048122 3.438600352E-05
159.6 0.0001238623018 -1.380670954E-21
159.8 0.0001285252644 -1.147547004E-05
160 0.0001331937096 -1.148221634E-05
160.2 0.0001424632353 2.297794118E-05
160.4 0.0001471453796 4.598293114E-05
160.6 0.0001518330389 3.450750883E-05
160.8 0.0001519225103 2.301856217E-05
161 0.0001520120873 -1.151606722E-05
161.2 0.0001521017699 -8.574746504E-21
161.4 0.0001521915584 3.458899055E-05
161.6 0.0001476668636 3.460942115E-05
161.8 0.0001477541371 -1.154329196E-05
162 0.0001478415139 1.155011827E-05
162.2 0.000143306213 2.311390533E-05
162.4 0.0001341400237 1.156379515E-05
162.6 0.0001295912322 1.157064573E-05
162.8 0.0001296680498 3.473251334E-05
163 0.00012511121 3.475311388E-05
163.2 0.0001205489614 -1.159124629E-05
163.4 0.0001159812945 -4.398842236E-20
163.6 0.000116050208 2.321004159E-05
163.8 0.0001161192033 -7.21183839E-21
164 0.0001161882808 -2.323765616E-05
164.2 0.0001162574405 8.804184294E-21
164.4 0.0001209797499 1.163266825E-05
164.6 0.0001163960072 2.327920143E-05
164.8 0.0001164654144 3.493962433E-05
165 0.0001165349045 -2.193263364E-20
165.2 0.0001166044776 2.332089552E-05
165.4 0.0001120071685 5.833706691E-05
165.6 0.0001074043634 1.167438733E-05
165.8 0.0001027960526 1.168136962E-05
166 9.818222621E-05 1.168836026E-05
166.2 9.356287425E-05 2.339071856E-05
166.4 8.893798682E-05 1.170236669E-05
166.6 8.430755396E-05 -3.822862232E-21
166.8 7.967156569E-05 1.704358571E-21
167 7.5030012E-05 -2.344687875E-05
167.2 7.038288288E-05 -1.173048048E-05
167.4 6.573016827E-05 -2.294219948E-20
167.6 6.107185809E-05 2.348917619E-05
167.8 5.640794224E-05 1.175165463E-05
168 5.17384106E-05 -2.351745936E-05
168.2 4.706325301E-05 -1.176581325E-05
168.4 4.238245931E-05 -2.354581073E-05
168.6 3.76960193E-05 -1.178000603E-05
168.8 3.300392275E-05 2.357423054E-05
169 2.830615942E-05 1.179423309E-05
169.2 2.360271903E-05 -1.523219194E-20
169.4 1.889359129E-05 2.361698912E-05
169.6 1.890502117E-05 5.907819117E-05
169.8 1.891646489E-05 2.364558111E-05
170 1.892792247E-05 -2.860427413E-20
170.2 1.893939394E-05 3.551136364E-05
170.4 2.368859915E-05 2.368859915E-05
170.6 2.844356796E-05 -1.782406232E-20
170.8 3.320431087E-05 -1.185868245E-05
171 3.79708384E-05 -1.1865887E-05
171.2 4.274316109E-05 -1.18731003E-05
171.4 4.752128954E-05 -3.564096715E-05
171.6 5.230523433E-05 -5.943776628E-05
171.8 5.709500609E-05 -4.757917174E-05
172 5.236898233E-05 -3.570612431E-05
172.2 4.763719512E-05 -4.763719512E-05
172.4 4.766625991E-05 -4.766625991E-05
172.6 4.76953602E-05 -2.38476801E-05
172.8 4.772449603E-05 -1.193112401E-05
173 4.775366748E-05 -2.387683374E-05
173.2 4.778287462E-05 -2.389143731E-05
173.4 4.78121175E-05 8.560652372E-21
173.6 5.262553582E-05 -1.196034905E-05
173.8 5.265778186E-05 -1.19676777E-05
174 5.269006744E-05 1.197501533E-05
174.2 5.751533742E-05 -2.396472393E-05
174.4 6.234653161E-05 1.588004398E-20
174.6 6.238482801E-05 3.48927901E-20
174.8 6.242317148E-05 -4.801782422E-05
175 6.246156212E-05 -4.804735547E-05
175.2 6.25E-05 1.908158396E-20
175.4 6.253848522E-05 3.607989532E-05
175.6 6.257701787E-05 1.20340419E-05
175.8 6.743218249E-05 -1.204146116E-05
176 6.265422579E-05 -3.614666872E-05
176.2 5.787037037E-05 -3.616898148E-05
176.4 5.308060531E-05 -2.412754787E-05
176.6 4.828491965E-05 -3.621368974E-05
176.8 4.831478046E-05 -3.623608534E-05
177 3.867574257E-05 -2.417233911E-05
177.2 3.38622291E-05 9.777309298E-21
177.4 2.420229244E-05 -3.523430818E-21
177.6 2.421729696E-05 -3.632594544E-05
177.8 1.938585608E-05 -2.42323201E-05
178 1.454841713E-05 -2.424736189E-05
178.2 1.455745342E-05 -1.213121118E-05
178.4 1.456650093E-05 5.326402908E-21
178.6 1.45755597E-05 -2.42925995E-05
178.8 1.458462974E-05 -2.430771624E-05
179 1.459371108E-05 -3.648427771E-05
179.2 1.460280374E-05 -2.433800623E-05
179.4 1.461190773E-05 -2.435317955E-05
179.6 1.462102308E-05 -3.65525577E-05
179.8 1.463014981E-05 -4.876716604E-05
180 1.463928795E-05 -2.439881324E-05
180.2 1.46484375E-05 1.220703125E-05
180.4 9.771732333E-06 -2.442933083E-05
180.6 9.777847309E-06 -3.666692741E-05
180.8 4.891984972E-06 7.663822097E-22
181 0 1.223762531E-05
181.2 0 -1.896239649E-20
181.4 0 -1.225297992E-05
181.6 0 -1.226067169E-05
181.8 0 -1.226837312E-05
182 4.91043369E-06 -2.455216845E-05
182.2 4.913522013E-06 6.882206373E-22
182.4 4.916614223E-06 1.229153556E-05
182.6 4.919710327E-06 2.459855164E-05
182.8 4.922810334E-06 3.69210775E-05
183 4.92591425E-06 2.462957125E-05
183.2 4.929022082E-06 2.464511041E-05
183.4 4.932133838E-06 -2.126237342E-21
183.6 4.935249526E-06 -1.233812382E-05
183.8 4.938369153E-06 -1.234592288E-05
184 4.941492726E-06 1.174645627E-20
184.2 0 -2.472310127E-05
184.4 4.947751742E-06 -4.947751742E-05
184.6 4.950887199E-06 -4.950887199E-05
184.8 4.954026633E-06 -3.715519975E-05
185 4.957170051E-06 3.717877538E-05
185.2 4.96031746E-06 3.720238095E-05
185.4 4.963468869E-06 1.240867217E-05
185.6 4.966624285E-06 1.241656071E-05
185.8 4.969783715E-06 3.727337786E-05
186 4.972947167E-06 4.972947167E-05
186.2 4.97611465E-06 2.488057325E-05
186.4 4.97928617E-06 2.489643085E-05
186.6 4.982461735E-06 -7.529463851E-21
186.8 4.985641353E-06 -1.246410338E-05
187 4.988825032E-06 1.247206258E-05
187.2 4.99201278E-06 7.253015011E-21
187.4 4.995204604E-06 -1.248801151E-05
187.6 4.998400512E-06 1.401352574E-21
187.8 5.001600512E-06 -3.876249441E-21
188 5.004804612E-06 6.797587476E-22
188.2 5.008012821E-06 -1.198491223E-21
188.4 5.011225144E-06 1.252806286E-05
188.6 5.014441592E-06 1.253610398E-05
188.8 5.017662171E-06 1.254415543E-05
189 5.020886889E-06 1.255221722E-05
189.2 5.024115756E-06 -2.512057878E-05
189.4 5.027348777E-06 -2.513674389E-05
189.6 5.030585963E-06 -1.257646491E-05
189.8 5.03382732E-06 -1.25845683E-05
190 5.037072856E-06 1.259268214E-05
190.2 5.040322581E-06 -1.260080645E-05
190.4 5.043576501E-06 -1.260894125E-05
190.6 5.046834625E-06 -9.181304966E-21
190.8 5.050096962E-06 -8.50714271E-21
191 5.053363519E-06 2.526681759E-05
191.2 5.056634304E-06 2.528317152E-05
191.4 5.059909326E-06 6.324886658E-05
191.6 5.063188594E-06 5.063188594E-05
191.8 5.066472114E-06 -2.009559059E-20
192 5.069759896E-06 2.534879948E-05
192.2 5.073051948E-06 3.804788961E-05
192.4 1.015269656E-05 3.807261209E-05
192.6 5.079648895E-06 2.539824447E-05
192.8 5.082953806E-06 -1.270738452E-05
193 5.086263021E-06 -1.271565755E-05
193.2 5.089576547E-06 1.349264153E-20
193.4 1.018578879E-05 -2.546447197E-05
193.6 5.096216569E-06 -7.644324853E-05
193.8 5.099543081E-06 2.253857731E-20
194 1.020574788E-05 2.551436969E-05
194.2 1.02124183E-05 2.311895012E-20
194.4 1.021909745E-05 6.386935906E-05
194.6 5.11289267E-06 3.834669503E-05
194.8 5.116240995E-06 6.624804048E-21
195 5.119593709E-06 4.861520453E-21
195.2 1.024590164E-05 1.280737705E-05
195.4 5.126312336E-06 2.563156168E-05
195.6 5.129678267E-06 3.8472587E-05
195.8 5.13304862E-06 3.849786465E-05
196 5.136423406E-06 5.136423406E-05
196.2 5.139802632E-06 2.569901316E-05
196.4 5.143186307E-06 -2.571593153E-05
196.6 5.14657444E-06 -9.142152706E-21
196.8 5.14996704E-06 3.86247528E-05
197 5.153364116E-06 6.441705145E-05
197.2 5.156765677E-06 2.578382838E-05
197.4 5.160171731E-06 -1.290042933E-05
197.6 5.163582287E-06 -1.290895572E-05
197.8 5.166997354E-06 1.291749339E-05
198 5.170416942E-06 3.877812707E-05
198.2 5.17384106E-06 2.58692053E-05
198.4 5.177269715E-06 5.177269715E-05
198.6 5.180702918E-06 6.475878647E-05
198.8 5.184140677E-06 5.184140677E-05
199 5.187583001E-06 1.29689575E-05
199.2 5.1910299E-06 -1.297757475E-05
199.4 5.194481383E-06 2.597240691E-05
199.6 0 -1.299484365E-05
199.8 0 -7.802097204E-05
200 5.204863424E-06 -7.807295137E-05
200.2 5.208333333E-06 -7.8125E-05
200.4 5.211807872E-06 -3.908855904E-05
200.6 5.215287049E-06 -2.607643525E-05
200.8 5.218770875E-06 -7.828156313E-05
201 1.044451872E-05 -3.916694519E-05
201.2 1.045150502E-05 3.919314381E-05
201.4 1.5687751E-05 -2.614625167E-05
201.6 2.093101139E-05 -3.924564635E-05
201.8 2.618130027E-05 1.309065013E-05
202 3.143863179E-05 -2.619885983E-05
202.2 3.670302013E-05 -6.554110738E-05
202.4 4.197447952E-05 -5.155110551E-20
202.6 3.150201613E-05 2.625168011E-05
202.8 3.152320108E-05 -2.626933423E-05
203 3.154441454E-05 1.314350606E-05
203.2 2.104377104E-05 2.63047138E-05
203.4 2.105795148E-05 -4.601069755E-20
203.6 1.580411328E-05 -1.31700944E-05
203.8 1.581477733E-05 -3.953694332E-05
204 1.055030385E-05 -2.637575962E-05
204.2 1.055743243E-05 1.319679054E-05
204.4 1.056457066E-05 1.320571332E-05
204.6 5.285859269E-06 -5.286821622E-20
204.8 5.28943805E-06 4.271565134E-21
205 5.29302168E-06 -5.29302168E-05
205.2 5.296610169E-06 -2.648305085E-05
205.4 5.300203528E-06 2.650101764E-05
205.6 5.303801765E-06 -1.325950441E-05
205.8 5.307404891E-06 -2.653702446E-05
206 5.311012916E-06 1.327753229E-05
206.2 5.31462585E-06 1.328656463E-05
206.4 5.318243703E-06 -1.329560926E-05
206.6 5.321866485E-06 -3.991399864E-05
206.8 5.325494206E-06 -6.656867757E-05
207 5.329126876E-06 -3.996845157E-05
207.2 5.332764505E-06 1.333191126E-05
207.4 5.336407104E-06 1.334101776E-05
207.6 0 1.719400918E-20
207.8 0 -2.671853625E-05
208 0 -6.684206023E-05
208.2 0 -1.337756849E-05
208.4 0 3.518737316E-20
208.6 0 -1.339591907E-05
208.8 0 -2.681022649E-05
209 0 -2.682864011E-05
209.2 0 -4.027061856E-05
209.4 0 -5.373108666E-05
209.6 0 -4.032604955E-05
209.8 0 -1.34512741E-05
210 0 -1.346054445E-05
210.2 0 -1.346982759E-05
210.4 0 5.791747287E-21
210.6 0 -4.046529696E-05
210.8 0 1.622300999E-22
211 0 2.39968595E-20
211.2 0 -2.703287197E-05
211.4 0 -1.35257964E-05
211.6 0 -1.353516979E-05
211.8 0 2.708911234E-05
212 0 4.430603741E-20
212.2 0 3.078452758E-20
212.4 0 4.071838082E-05
212.6 0 9.560798606E-21
212.8 0 4.201000485E-20
213 0 3.081392844E-20
213.2 0 1.361062718E-05
213.4 0 1.362011855E-05
213.6 0 1.362962317E-05
213.8 0 6.819570531E-05
214 5.459468903E-06 1.364867226E-05
214.2 5.463286713E-06 2.062258678E-20
214.4 5.467109867E-06 2.733554934E-05
214.6 5.470938375E-06 1.367734594E-05
214.8 1.09495445E-05 1.368693062E-05
215 1.64358345E-05 1.02766098E-20
215.2 1.096491228E-05 5.736313397E-21
215.4 5.48630618E-06 1.74754923E-20
215.6 0 -2.745080815E-05
215.8 0 -5.494022504E-05
216 0 -1.374472203E-05
216.2 0 -1.375440141E-05
216.4 0 -1.376409443E-05
216.6 0 2.754760226E-05
216.8 0 2.666322011E-20
217 0 -1.379325565E-05
217.2 0 -1.380300353E-05
217.4 0 6.43141539E-20
217.6 0 2.872756128E-20
217.8 0 1.383233003E-05
218 0 1.384213324E-05
218.2 0 -2.770390071E-05
218.4 0 2.865421146E-20
218.6 0 2.774325284E-05
218.8 0 2.776297086E-05
219 0 4.167407539E-05
219.2 0 4.170373665E-05
219.4 0 1.391114672E-05
219.6 0 1.392106201E-05
219.8 0 4.179297432E-05
220 0 4.182280514E-05
220.2 0 2.790178571E-05
220.4 0 1.39608649E-05
220.6 0 2.794170243E-05
220.8 0 5.59234073E-05
221 0 5.596346705E-05
221.2 0 2.800179211E-05
221.4 0 3.937581275E-20
221.6 0 4.206299354E-05
221.8 0 -1.40310704E-05
222 5.616462976E-06 -4.212347232E-05
222.2 1.124100719E-05 -1.405125899E-05
222.4 1.687365011E-05 -4.218412527E-05
222.6 1.688580692E-05 1.407150576E-05
222.8 1.689798125E-05 -3.597166895E-20
223 1.691017316E-05 -4.22754329E-05
223.2 1.692238267E-05 -1.410198556E-05
223.4 1.128973988E-05 1.411217486E-05
223.6 1.129790311E-05 1.412237889E-05
223.8 1.695911722E-05 2.91840366E-20
224 2.262853005E-05 -2.828566256E-05
224.2 3.39673913E-05 -4.245923913E-05
224.4 4.532269761E-05 -4.249002901E-05
224.6 5.669448476E-05 -2.834724238E-05
224.8 6.808278867E-05 -4.255174292E-05
225 8.51653343E-05 -2.838844477E-05
225.2 8.522727273E-05 2.840909091E-05
225.4 9.097525473E-05 5.685953421E-05
225.6 9.673160961E-05 2.845047342E-05
225.8 0.0001024963557 -4.270681487E-05
226 0.0001139679066 -2.849197666E-05
226.2 0.0001197536496 2.851277372E-05
226.4 0.0001312545654 2.853360117E-05
226.6 0.0001427722953 1.427722953E-05
226.8 0.0001600219459 -1.428767374E-05
227 0.0001715775988 1.002414884E-20
227.2 0.0001659798535 -2.667311981E-21
227.4 0.0001718291789 -1.51144786E-20
227.6 0.0001719552458 4.298881145E-05
227.8 0.0001778175477 -1.892178797E-20
228 0.0001722079353 -2.454640711E-20
228.2 0.0001551011029 1.436121324E-05
228.4 0.0001494665195 -2.874356144E-05
228.6 0.0001438236377 -4.314709131E-05
228.8 0.0001381724392 -1.439296242E-05
229 0.0001382743363 1.44035767E-05
229.2 0.0001268450185 2.882841328E-05
229.4 0.0001211687592 1.442485229E-05
229.6 0.0001212583149 4.330654102E-05
229.8 0.0001097910503 2.889238166E-05
230 0.0001156550703 1.445688379E-05
230.2 0.0001099537037 1.446759259E-05
230.4 0.0001042438844 2.895663454E-05
230.6 9.852559347E-05 2.897811573E-05
230.8 9.859873794E-05 1.44998144E-05
231 0.0001044762259 4.353176077E-05
231.2 0.0001045539033 1.452137546E-05
231.4 9.88188244E-05 1.453218006E-05
231.6 9.889240506E-05 -1.454300074E-05
231.8 9.896609538E-05 -2.910767511E-05
232 0.0001048657718 2.912938106E-05
232.2 0.0001049440299 1.312164484E-20
232.4 0.0001050224048 -4.375933532E-05
232.6 0.0001109398356 -5.838938714E-05
232.8 0.0001110228123 -5.843305909E-05
233 0.0001111059132 -4.385759731E-05
233.2 0.0001111891386 -2.926029963E-05
233.4 0.0001112724888 7.320558471E-05
233.6 0.000111355964 1.465210053E-05
233.8 0.0001114395646 -8.79786036E-05
234 0.0001115232908 -2.934823441E-05
234.2 0.0001116071429 2.315440069E-21
234.4 0.0001116911211 1.469620015E-05
234.6 0.0001117752259 -1.167237692E-20
234.8 0.0001118594574 -4.415504898E-05
235 0.000111943816 -5.891779789E-05
235.2 0.0001120283019 4.422169811E-05
235.4 0.0001062122356 7.375849698E-05
235.6 0.0001003873772 6.818263095E-21
235.8 9.455370651E-05 -1.477401664E-05
236 8.871120363E-05 2.957040121E-05
236.2 8.285984848E-05 2.959280303E-05
236.4 7.699962092E-05 -5.923047763E-05
236.6 7.705804249E-05 -7.685213106E-21
236.8 7.118451025E-05 2.96602126E-05
237 7.123860182E-05 -2.968275076E-05
237.2 7.129277567E-05 -2.970532319E-05
237.4 7.134703196E-05 -1.486396499E-05
237.6 6.545125666E-05 -1.487528561E-05
237.8 6.550114329E-05 -3.626977475E-21
238 5.959191457E-05 2.979595728E-05
238.2 5.367366412E-05 1.490935115E-05
238.4 4.774637128E-05 -1.492074102E-05
238.6 4.181001529E-05 2.986429664E-05
238.8 3.586457536E-05 4.48307192E-05
239 2.991003063E-05 1.495501531E-05
239.2 2.993295019E-05 2.993295019E-05
239.4 2.995590491E-05 9.35038205E-21
239.6 2.997889486E-05 3.316862083E-21
239.8 2.40015361E-05 3.000192012E-05
240 2.401998463E-05 1.501249039E-05
240.2 1.802884615E-05 1.502403846E-05
240.4 1.804272517E-05 1.503560431E-05
240.6 1.805662558E-05 -1.504718798E-05
240.8 2.409406322E-05 -1.505878951E-05
241 2.411265432E-05 -5.460039849E-21
241.2 3.016409266E-05 -1.508204633E-05
241.4 3.01874034E-05 -1.380606605E-20
241.6 3.021075019E-05 1.51053751E-05
241.8 3.023413313E-05 -3.023413313E-05
242 3.025755229E-05 -3.025755229E-05
242.2 3.028100775E-05 -2.573705068E-20
242.4 3.636539953E-05 4.164750986E-22
242.6 3.032802795E-05 4.549204193E-05
242.8 2.428127428E-05 3.035159285E-05
243 3.03751944E-05 -1.465594694E-21
243.2 3.039883268E-05 6.079766537E-05
243.4 3.650700935E-05 2.526698989E-20
243.6 4.262470772E-05 4.56693297E-05
243.8 3.656396256E-05 6.09399376E-05
244 4.879000781E-05 -3.049375488E-05
244.2 5.493164063E-05 2.820890806E-20
244.4 5.497458952E-05 1.527071931E-05
244.6 5.501760563E-05 1.536139374E-20
244.8 4.894283477E-05 -3.058927173E-05
245 5.510384013E-05 -2.590420911E-21
245.2 5.514705882E-05 -1.952892364E-20
245.4 5.519034537E-05 3.310840906E-24
245.6 5.523369992E-05 1.534269442E-05
245.8 4.913522013E-05 3.070951258E-05
246 4.917387884E-05 3.073367427E-05
246.2 4.921259843E-05 3.075787402E-05
246.4 4.309495666E-05 -1.539105595E-05
246.6 4.312894322E-05 -1.540319401E-05
246.8 3.699684294E-05 1.541535122E-05
247 3.702606635E-05 -7.187709791E-21
247.2 4.32312253E-05 -3.087944664E-05
247.4 4.944620253E-05 -3.090387658E-05
247.6 4.948535234E-05 -3.092834521E-05
247.8 4.333399366E-05 -4.642927892E-05
248 3.717287867E-05 1.548869944E-05
248.2 3.720238095E-05 1.756208119E-21
248.4 3.72319301E-05 -1.551330421E-05
248.6 3.726152623E-05 1.552563593E-05
248.8 3.729116945E-05 6.388378126E-21
249 3.110071656E-05 -1.555035828E-05
249.2 3.735059761E-05 -3.112549801E-05
249.4 3.738038278E-05 -3.115031898E-05
249.6 3.741021548E-05 -3.117517957E-05
249.8 3.744009585E-05 -1.560003994E-05
250 3.747002398E-05 4.683752998E-05
250.2 3.75E-05 3.125E-05
250.4 3.127502002E-05 -1.563751001E-05
250.6 3.130008013E-05 -1.565004006E-05
250.8 3.759021652E-05 1.566259022E-05
251 3.135032103E-05 -4.445419976E-20
251.2 3.137550201E-05 -1.372806539E-20
251.4 3.140072347E-05 3.140072347E-05
251.6 2.514078842E-05 -4.568200821E-20
251.8 2.51610306E-05 -1.572564412E-05
252 3.147663175E-05 3.147663175E-05
252.2 3.150201613E-05 1.575100806E-05
252.4 3.152744149E-05 -1.576372074E-05
252.6 3.78634895E-05 3.155290792E-05
252.8 3.789409863E-05 6.315683104E-05
253 3.792475728E-05 4.547333384E-20
253.2 3.795546559E-05 -1.581477733E-05
253.4 3.165518639E-05 3.165518639E-05
253.6 3.801703163E-05 1.584042985E-05
253.8 3.170657468E-05 1.585328734E-05
254 3.173233144E-05 3.173233144E-05
254.2 3.175813008E-05 3.175813008E-05
254.4 3.178397071E-05 3.178397071E-05
254.6 3.180985342E-05 3.180985342E-05
254.8 3.183577832E-05 1.591788916E-05
255 3.186174551E-05 1.593087276E-05
255.2 3.18877551E-05 -3.70378873E-20
255.4 3.191380719E-05 -2.735807497E-20
255.6 3.193990188E-05 4.790985282E-05
255.8 3.196603928E-05 1.598301964E-05
256 3.199221949E-05 3.199221949E-05
256.2 3.201844262E-05 6.403688525E-05
256.4 3.204470878E-05 1.602235439E-05
256.6 3.207101806E-05 -3.207101806E-05
256.8 3.209737058E-05 -4.814605588E-05
257 3.212376645E-05 -3.212376645E-05
257.2 3.215020576E-05 6.430041152E-05
257.4 3.217668863E-05 6.435337727E-05
257.6 3.220321517E-05 -4.830482275E-05
257.8 3.222978548E-05 -1.611489274E-05
258 3.87076796E-05 -6.451279934E-05
258.2 3.873966942E-05 -1.614152893E-05
258.4 3.877171216E-05 1.615488007E-05
258.6 3.880380795E-05 -8.084126656E-05
258.8 3.883595692E-05 -8.829595353E-21
259 3.239013267E-05 3.239013267E-05
259.2 3.890041494E-05 -4.862551867E-05
259.4 3.893272425E-05 -8.110984219E-05
259.6 3.247090607E-05 -3.247090607E-05
259.8 3.249792013E-05 1.624896007E-05
260 3.902997502E-05 1.626248959E-05
260.2 3.90625E-05 -3.255208333E-05
260.4 3.909507923E-05 -4.295435783E-21
260.6 3.912771285E-05 -1.557836823E-20
260.8 3.9160401E-05 -6.5267335E-05
261 3.919314381E-05 -3.266095318E-05
261.2 3.922594142E-05 1.634414226E-05
261.4 3.925879397E-05 3.271566164E-05
261.6 3.929170159E-05 4.911462699E-05
261.8 4.587877517E-05 4.915583054E-05
262 4.591729639E-05 6.55961377E-05
262.2 4.595588235E-05 9.847689076E-05
262.4 4.599453322E-05 8.213309504E-05
262.6 5.260942761E-05 4.932133838E-05
262.8 5.923546757E-05 4.936288964E-05
263 6.587268128E-05 1.646817032E-05
263.2 7.252109705E-05 1.648206751E-05
263.4 7.918074324E-05 8.247994088E-05
263.6 7.92476754E-05 4.952979713E-05
263.8 7.931472081E-05 3.304780034E-05
264 8.599703641E-05 4.961367485E-05
264.2 9.269067797E-05 6.620762712E-05
264.4 9.276929601E-05 3.313189143E-05
264.6 8.621604414E-05 -1.658000849E-05
264.8 8.628929482E-05 1.659409516E-05
265 7.971938776E-05 4.982461735E-05
265.2 7.978723404E-05 3.324468085E-05
265.4 7.985519591E-05 3.32729983E-05
265.6 7.326300085E-05 4.995204604E-05
265.8 6.665955631E-05 3.332977816E-05
266 6.671648164E-05 3.335824082E-05
266.2 6.009615385E-05 5.008012821E-05
266.4 5.346449957E-05 -3.341531223E-05
266.6 5.351027397E-05 -3.344392123E-05
266.8 4.686161097E-05 6.694515853E-05
267 4.020154374E-05 1.675064322E-05
267.2 3.353004292E-05 -1.48450057E-20
267.4 3.35588488E-05 3.35588488E-05
267.6 3.358770421E-05 3.358770421E-05
267.8 3.361660929E-05 6.723321859E-05
268 3.364556417E-05 6.729112834E-05
268.2 3.367456897E-05 5.051185345E-05
268.4 3.370362381E-05 5.055543572E-05
268.6 3.373272884E-05 4.391112426E-21
268.8 3.376188418E-05 1.688094209E-05
269 4.054930796E-05 5.068663495E-05
269.2 3.382034632E-05 3.382034632E-05
269.4 3.384965338E-05 8.462413345E-05
269.6 2.710320902E-05 8.469752819E-05
269.8 1.356336806E-05 1.695421007E-05
270 6.787576021E-06 3.39378801E-05
270.2 0 8.491847826E-05
270.4 0 0.0001189893386
270.6 0 0.0001190929878
270.8 0 3.405623365E-05
271 6.817190227E-06 -3.408595113E-05
271.2 0 -5.226571138E-20
271.4 0 -2.464095847E-20
271.6 0 -3.417541557E-05
271.8 6.841068301E-06 -8.516018815E-21
272 6.847063979E-06 -1.711765995E-05
272.2 6.853070175E-06 -3.426535088E-05
272.4 6.859086918E-06 -5.144315189E-05
272.6 6.865114236E-06 -5.148835677E-05
272.8 6.871152155E-06 -1.717788039E-05
273 6.877200704E-06 -3.889193532E-20
273.2 6.883259912E-06 3.441629956E-05
273.4 6.889329806E-06 3.444664903E-05
273.6 6.895410415E-06 1.723852604E-05
273.8 0 -2.072626768E-20
274 6.90760389E-06 1.726900973E-05
274.2 6.913716814E-06 3.456858407E-05
274.4 6.919840567E-06 3.459920283E-05
274.6 0 5.194481383E-05
274.8 0 8.665150843E-05
275 0 8.672846359E-05
275.2 0 3.472222222E-05
275.4 0 3.475311388E-05
275.6 0 3.478406055E-05
275.8 0 3.481506239E-05
276 0 -1.548973694E-20
276.2 0 -5.231584821E-05
276.4 0 -3.490840036E-05
276.6 0 -3.493962433E-05
276.8 0 -1.74854521E-05
277 0 1.750112007E-05
277.2 0 -4.09080448E-20
277.4 0 -3.506508079E-05
277.6 0 1.75482929E-05
277.8 0 8.782036871E-05
278 0 8.789941494E-05
278.2 0 5.278716216E-05
278.4 7.044634806E-06 7.044634806E-05
278.6 0 8.813740975E-05
278.8 0 5.29302168E-05
279 0 8.829679024E-05
279.2 0 0.0001414027149
279.4 0 8.845674819E-05
279.6 0 7.082955576E-05
279.8 0 8.861728675E-05
280 0 -1.773955495E-05
280.2 0 3.060469746E-20
280.4 0 8.885919017E-05
280.6 0 3.557604736E-05
280.8 7.121695533E-06 1.780423883E-05
281 7.128193431E-06 3.120547344E-20
281.2 7.134703196E-06 -1.783675799E-05
281.4 1.428244973E-05 -7.141224863E-05
281.6 2.144327539E-05 -7.147758463E-05
281.8 2.146291209E-05 5.365728022E-05
282 2.864344638E-05 1.696569559E-20
282.2 3.583715596E-05 -8.959288991E-05
282.4 4.304407713E-05 -3.587006428E-05
282.6 5.026424632E-05 -1.795151654E-05
282.8 5.749770009E-05 -1.796803128E-05
283 5.0356814E-05 1.798457643E-05
283.2 5.040322581E-05 -1.320220646E-21
283.4 5.765682657E-05 1.80177583E-05
283.6 5.771006464E-05 5.41031856E-05
283.8 5.054297597E-05 5.415318854E-05
284 5.781683626E-05 3.613552266E-05
284.2 5.063657407E-05 1.808449074E-05
284.4 4.344300278E-05 7.240500463E-05
284.6 3.623608534E-05 5.435412801E-05
284.8 2.901578459E-05 -1.813486537E-05
285 3.630343866E-05 1.815171933E-05
285.2 3.63372093E-05 7.26744186E-05
285.4 2.909683426E-05 5.455656425E-05
285.6 3.640493942E-05 5.460740913E-05
285.8 4.37266791E-05 7.287779851E-05
286 5.10620915E-05 3.64729225E-05
286.2 5.110981308E-05 5.476051402E-05
286.4 5.846585594E-05 0.0001096234799
286.6 5.852059925E-05 7.315074906E-05
286.8 5.857544517E-05 5.491447985E-05
287 6.595919325E-05 5.496599437E-05
287.2 6.602112676E-05 3.667840376E-05
287.4 6.608317669E-05 5.506931391E-05
287.6 6.614534337E-05 5.512111947E-05
287.8 6.620762712E-05 3.678201507E-05
288 6.627002828E-05 3.681668238E-05
288.2 6.633254717E-05 3.685141509E-05
288.4 6.639518414E-05 3.688621341E-05
288.6 6.645793951E-05 3.69210775E-05
288.8 6.652081362E-05 3.695600757E-05
289 6.658380682E-05 1.849550189E-05
289.2 6.664691943E-05 4.062532555E-21
289.4 6.67101518E-05 1.853059772E-05
289.6 6.677350427E-05 1.854819563E-05
289.8 6.683697719E-05 3.713165399E-05
290 6.690057088E-05 9.291745956E-05
290.2 5.952380952E-05 9.300595238E-05
290.4 5.213298379E-05 3.723784557E-05
290.6 4.472805344E-05 2.335551961E-20
290.8 3.730897803E-05 3.730897803E-05
291 2.987571702E-05 7.468929254E-05
291.2 2.242822967E-05 3.738038278E-05
291.4 1.49664751E-05 3.741618774E-05
291.6 7.490412272E-06 5.617809204E-05
291.8 7.497600768E-06 3.748800384E-05
292 7.504803074E-06 7.504803074E-05
292.2 0 9.390024038E-05
292.4 0 9.399061598E-05
292.6 0 9.40811657E-05
292.8 0 0.0001130062681
293 0 9.426278958E-05
293.2 0 1.887077295E-05
293.4 0 3.777804642E-05
293.6 0 3.781461762E-05
293.8 0 -1.111793982E-21
294 0 -1.894398642E-05
294.2 0 -5.688713592E-05
294.4 7.592322643E-06 -5.694241983E-05
294.6 1.519941634E-05 -1.899927043E-05
294.8 7.607108082E-06 4.596575968E-20
295 0 -3.807261209E-05
295.2 0 -3.81097561E-05
295.4 0 -1.907348633E-05
295.6 0 -1.909213099E-05
295.8 0 -3.822162427E-05
296 0 -9.564764936E-05
296.2 7.659313725E-06 -0.0001148897059
296.4 1.533366045E-05 -9.583537782E-05
296.6 1.534872299E-05 -7.674361493E-05
296.8 1.536381514E-05 -5.761430678E-05
297 1.537893701E-05 -7.689468504E-05
297.2 1.539408867E-05 -9.621305419E-05
297.4 1.540927022E-05 -9.630793886E-05
297.6 1.542448174E-05 -0.000115683613
297.8 1.543972332E-05 -9.649827075E-05
298 1.545499505E-05 -0.0001159124629
298.2 1.547029703E-05 -0.0001160272277
298.4 2.3228444E-05 -0.00011614222
298.6 3.100198413E-05 -9.68812004E-05
298.8 3.103277061E-05 -3.879096326E-05
299 3.882952286E-05 -7.765904573E-05
299.2 4.664179104E-05 -7.773631841E-05
299.4 5.446962151E-05 -2.306395789E-20
299.6 5.452392822E-05 -1.410142389E-21
299.8 5.457834331E-05 2.296423911E-20
300 5.463286713E-05 -1.951173826E-05
300.2 5.46875E-05 -5.859375E-05
300.4 7.038288288E-05 1.95508008E-05
300.6 6.26252505E-05 -2.451432813E-20
300.8 5.485205617E-05 -5.877006018E-05
301 6.275100402E-05 1.960968876E-05
301.2 6.281407035E-05 5.888819095E-05
301.4 6.287726358E-05 1.964914487E-05
301.6 5.507301108E-05 -1.966893253E-05
301.8 5.512852823E-05 -1.968876008E-05
302 4.730070636E-05 1.970862765E-05
302.2 4.734848485E-05 -3.945707071E-05
302.4 3.949696663E-05 -5.924544995E-05
302.6 2.372216599E-05 1.232116447E-21
302.8 2.374620061E-05 7.624152247E-21
303 7.923427992E-06 -5.942570994E-05
303.2 1.586294416E-05 -9.914340102E-05
303.4 1.587906504E-05 -5.95464939E-05
303.6 0 -5.960707019E-05
303.8 0 -3.977851324E-05
304 0 -3.981906218E-05
304.2 0 -5.978954082E-05
304.4 0 -3.990040858E-05
304.6 0 -3.994120654E-05
304.8 0 -3.998208802E-05
305 8.004610656E-06 -0.0001000576332
305.2 8.012820513E-06 -8.012820513E-05
305.4 8.021047228E-06 -4.010523614E-05
305.6 8.029290853E-06 -6.02196814E-05
305.8 8.03755144E-06 -4.576783603E-20
306 8.045829042E-06 2.011457261E-05
306.2 8.054123711E-06 -4.027061856E-05
306.4 8.062435501E-06 -6.046826625E-05
306.6 8.070764463E-06 -4.035382231E-05
306.8 8.079110651E-06 -2.019777663E-05
307 8.08747412E-06 -6.06560559E-05
307.2 8.095854922E-06 -0.0001011981865
307.4 8.104253112E-06 -4.052126556E-05
307.6 8.112668744E-06 -2.028167186E-05
307.8 8.121101871E-06 -4.060550936E-05
308 8.129552549E-06 -2.032388137E-05
308.2 8.138020833E-06 2.902899451E-20
308.4 8.146506778E-06 5.831416603E-20
308.6 8.155010438E-06 -2.03875261E-05
308.8 8.16353187E-06 -4.081765935E-05
309 8.17207113E-06 -4.086035565E-05
309.2 8.180628272E-06 -8.180628272E-05
309.4 8.189203354E-06 -8.189203354E-05
309.6 8.197796432E-06 1.370917481E-20
309.8 8.206407563E-06 2.051601891E-05
310 8.215036803E-06 -4.107518402E-05
310.2 8.223684211E-06 -6.167763158E-05
310.4 8.232349842E-06 -2.05808746E-05
310.6 8.241033755E-06 -4.120516878E-05
310.8 8.249736008E-06 -6.187302006E-05
311 8.25845666E-06 -4.12922833E-05
311.2 8.267195767E-06 -4.133597884E-05
311.4 8.27595339E-06 -2.068988347E-05
311.6 8.284729586E-06 -2.071182397E-05
311.8 8.293524416E-06 -4.146762208E-05
312 8.302337938E-06 -6.226753454E-05
312.2 8.311170213E-06 -6.23337766E-05
312.4 0 -2.080005325E-05
312.6 8.328891258E-06 4.164445629E-05
312.8 8.337780149E-06 -4.168890075E-05
313 8.346688034E-06 -6.260016026E-05
313.2 8.355614973E-06 2.088903743E-05
313.4 8.364561028E-06 -2.091140257E-05
313.6 8.373526259E-06 -2.093381565E-05
313.8 8.38251073E-06 4.191255365E-05
314 8.391514501E-06 6.293635875E-05
314.2 8.400537634E-06 -2.100134409E-05
314.4 8.409580194E-06 -6.307185145E-05
314.6 8.418642241E-06 1.826360538E-20
314.8 8.42772384E-06 7.231854752E-21
315 8.436825054E-06 -6.32761879E-05
315.2 8.445945946E-06 -4.222972973E-05
315.4 8.45508658E-06 2.113771645E-05
315.6 8.464247021E-06 -3.180204454E-20
315.8 8.473427332E-06 -2.118356833E-05
316 8.482627579E-06 6.361970684E-05
316.2 8.491847826E-06 4.245923913E-05
316.4 8.501088139E-06 2.887553622E-20
316.6 1.702069717E-05 4.255174292E-05
316.8 2.555888768E-05 -8.519629226E-05
317 3.411572052E-05 -8.528930131E-05
317.2 4.269125683E-05 -2.134562842E-05
317.4 3.419037199E-05 -2.136898249E-05
317.6 3.422782037E-05 2.139238773E-05
317.8 2.569901316E-05 -6.424753289E-05
318 1.715148189E-05 4.287870472E-05
318.2 8.585164835E-06 2.146291209E-05
318.4 8.594609461E-06 -0.0001289191419
318.6 0 -4.302037445E-05
318.8 0 -4.306780595E-05
319 0 -2.155767108E-05
319.2 0 -2.158149171E-05
319.4 0 -0.0001080268252
319.6 0 -0.0001081464563
319.8 0 -4.330654102E-05
320 0 -2.1677303E-05
320.2 0 -6.510416667E-05
320.4 0 4.104503705E-22
320.6 0 0.000108748608
320.8 0 2.177396878E-05
321 0 -2.179827009E-05
321.2 0 4.36452514E-05
321.4 0 6.554110738E-05
321.6 0 1.945550199E-20
321.8 0 -2.189602018E-05
322 0 9.59237895E-21
322.2 0 -8.778089888E-05
322.4 0 -2.196991001E-05
322.6 0 4.39893018E-05
322.8 0 -6.605834273E-05
323 0 -0.0001102215011
323.2 0 -8.827683616E-05
323.4 0 -8.837669683E-05
323.6 0 -6.635758777E-05
323.8 0 -4.428854875E-05
324 0 -6.650822928E-05
324.2 0 -8.877840909E-05
324.4 0 -0.0001110992605
324.6 0 -0.0001334709567
324.8 0 -0.0001113526226
325 0 -8.918378995E-05
325.2 0 -8.928571429E-05
325.4 0 -6.704090389E-05
325.6 0 -6.711769759E-05
325.8 0 6.182289345E-20
326 0 2.2423938E-05
326.2 0 -8.979885057E-05
326.4 0 -4.495109321E-05
326.6 0 2.250144009E-05
326.8 0 1.003377535E-20
327 0 6.76602194E-05
327.2 0 0.0001580563584
327.4 0 6.781684028E-05
327.6 0 -0.0001131590382
327.8 0 -4.531612529E-05
328 0 6.805313589E-05
328.2 0 -2.271075581E-05
328.4 0 -2.273719441E-05
328.6 0 2.276369464E-05
328.8 0 -1.993368918E-20
329 0 -2.281688084E-05
329.2 0 -2.284356725E-05
329.4 0 -4.574063232E-05
329.6 0 -0.0001144856389
329.8 0 -6.877200704E-05
330 0 -6.885282021E-05
330.2 0 -0.0001378676471
330.4 0 -0.0001150250294
330.6 0 -4.606426887E-05
330.8 0 2.113880823E-20
331 0 -2.308658392E-05
331.2 0 -4.622781065E-05
331.4 0 -1.939228752E-20
331.6 0 1.678709615E-20
331.8 0 -2.319625891E-05
332 0 2.322384067E-05
332.2 0 2.32514881E-05
332.4 0 -1.708976715E-21
332.6 0 2.330698091E-05
332.8 0 2.333482676E-05
333 0 2.336273923E-05
333.2 0 2.339071856E-05
333.4 0 4.683752998E-05
333.6 0 2.344687875E-05
333.8 0 2.207647183E-20
334 0 2.272219998E-20
334.2 0 -4.706325301E-05
334.4 0 -2.356001206E-05
334.6 0 -2.358846618E-05
334.8 0 -7.085096735E-05
335 0 -4.729116223E-05
335.2 0 -3.570160907E-20
335.4 0 -2.37029733E-05
335.6 0 6.141874944E-20
335.8 0 2.376064477E-05
336 0 4.757917174E-05
336.2 0 7.145579268E-05
336.4 0 7.154304029E-05
336.6 0 2.387683374E-05
336.8 0 -0.0001195302938
337 0 -4.787071078E-05
337.2 0 2.396472393E-05
337.4 0 2.399416462E-05
337.6 0 2.402367774E-05
337.8 0 -4.810652709E-05
338 0 -4.816584464E-05
338.2 0 -7.233796296E-05
338.4 0 -4.828491965E-05
338.6 0 -4.834467822E-05
338.8 0 -2.420229244E-05
339 0 4.84646402E-05
339.2 0 7.278726708E-05
339.4 0 7.287779851E-05
339.6 0 2.432285181E-05
339.8 0 2.435317955E-05
340 0 2.438358302E-05
340.2 0 7.32421875E-05
340.4 0 0.0001222230914
340.6 0 9.790100251E-05
340.8 0 9.80238394E-05
341 0 9.814698492E-05
341.2 0 0.0001228380503
341.4 0 0.0001475913098
341.6 0 7.388871375E-05
341.8 0 2.466066919E-05
342 0 2.469184576E-05
342.2 0 -3.541344738E-20
342.4 0 -4.950887199E-05
342.6 0 -9.914340102E-05
342.8 0 -0.0001240867217
343 0 -9.93956743E-05
343.2 0 -7.464171975E-05
343.4 0 -4.982461735E-05
343.6 0 -4.988825032E-05
343.8 0 -9.990409207E-05
344 0 -0.0001250400128
344.2 0 -0.0001001602564
344.4 0 -2.507220796E-05
344.6 0 -2.510443445E-05
344.8 0 -9.993375981E-21
345 0 -3.994879286E-21
345.2 0 -2.52016129E-05
345.4 0 -3.105933232E-21
345.6 0 5.053363519E-05
345.8 0 5.059909326E-05
346 0 2.651025606E-20
346.2 0 5.073051948E-05
346.4 0 5.079648895E-05
346.6 0 5.086263021E-05
346.8 0 0.0001018578879
347 0 0.0001019908616
347.2 0 0.0001276552288
347.4 0 0.0001022578534
347.6 0 6.390955627E-20
347.8 0 2.563156168E-05
348 0 7.69957293E-05
348.2 0 2.569901316E-05
348.4 0 7.311892643E-21
348.6 0 -1.42313265E-20
348.8 0 3.000045549E-21
349 0 2.583498677E-05
349.2 0 5.17384106E-05
349.4 0 5.180702918E-05
349.6 0 -5.187583001E-05
349.8 0 -0.0001298620346
350 0 -0.0001300349534
350.2 0 -0.0001822916667
350.4 0 -0.0001303821762
350.6 0 -2.737002878E-20
350.8 0 2.614625167E-05
351 0 -1.794054214E-20
351.2 0 -2.621644295E-05
351.4 0 -5.250336022E-05
351.6 0 -5.257402423E-05
351.8 0 -7.896731806E-05
352 0 -0.0001054318489
352.2 0 -0.0001583614865
352.4 0 -0.0001850050744
352.6 0 -0.0001058604336
352.8 0 -5.300203528E-05
353 0 -5.307404891E-05
353.2 0 -5.31462585E-05
353.4 0 -7.982799728E-05
353.6 0 -7.993690314E-05
353.8 0 -2.668203552E-05
354 0 -2.671853625E-05
354.2 0 -0.0001070205479
354.4 0 -0.0001071673525
354.6 0 -5.365728022E-05
354.8 0 -2.686554333E-05
355 0 2.615447621E-22
355.2 0 -1.86617612E-21
355.4 0 1.53741404E-20
355.6 0 -1.727595591E-20
355.8 0 3.193686613E-20
356 0 -2.708911234E-05
356.2 0 -2.712673611E-05
356.4 0 4.847783367E-20
356.6 0 -2.720229805E-05
356.8 0 -2.72402371E-05
357 0 -5.455656425E-05
357.2 0 -2.731643357E-05
357.4 0 0.0001094187675
357.6 0 0.00010957223
357.8 0 5.48630618E-05
358 0 5.494022504E-05
358.2 0 2.750880282E-05
358.4 0 3.259791984E-20
358.6 0 -8.621406217E-20
358.8 0 2.762553041E-05
359 0 5.532932011E-05
359.2 0 2.770390071E-05
359.4 0 2.774325284E-05
359.6 0 5.556543385E-05
359.8 0 6.916162338E-21
360 0 -3.426018823E-20
360.2 0 2.790178571E-05
360.4 0 5.27394053E-21
360.6 0 -2.798173352E-05
360.8 0 -5.604375897E-05
361 0 -5.612428161E-05
361.2 0 -2.810251799E-05
361.4 0 -8.442903458E-05
361.6 0 -0.0001409181097
361.8 0 -0.0001128973988
362 0 -5.653039074E-05
362.2 0 -1.578684194E-20
362.4 0 9.839451395E-20
362.6 0 8.271916004E-20
362.8 0 5.140237169E-20
363 0 3.920842287E-20
363.2 0 6.608136113E-20
363.4 0 3.5522875E-20
363.6 0 6.733702298E-20
363.8 0 2.863819648E-05
364 0 5.736049927E-05
364.2 0 2.872242647E-05
364.4 0 2.876472754E-05
364.6 0 2.880715339E-05
364.8 0 1.099029908E-20
365 0 -2.889238166E-05
365.2 0 -2.893518519E-05
365.4 0 -2.897811573E-05
365.6 0 -2.902117385E-05
365.8 0 -2.906436012E-05
366 0 2.108666558E-20
366.2 0 2.91511194E-05
366.4 0 2.919469357E-05
366.6 0 2.92383982E-05
366.8 0 9.303814078E-20
367 0 -2.93262012E-05
367.2 0 -2.937030075E-05
367.4 0 -2.941453313E-05
367.6 0 -2.945889894E-05
367.8 0 -2.950339879E-05
368 0 -5.909606657E-05
368.2 0 -5.918560606E-05
368.4 0 2.704241142E-20
368.6 0 5.713132009E-21
368.8 0 4.533181807E-20
369 0 2.977324695E-05
369.2 0 2.981870229E-05
369.4 0 2.986429664E-05
369.6 0 1.384578697E-20
369.8 0 1.219630128E-20
370 0 1.835123217E-20
370.2 0 3.004807692E-05
370.4 0 -5.996385937E-21
370.6 0 3.01408179E-05
370.8 0 3.01874034E-05
371 0 -3.023413313E-05
371.2 0 3.028100775E-05
371.4 0 6.06560559E-05
371.6 0 -3.03751944E-05
371.8 0 -6.059669468E-20
372 0 3.04699688E-05
372.2 0 -1.856862301E-20
372.4 0 3.056533646E-05
372.6 0 2.949194043E-20
372.8 1.226452119E-05 -8.969501483E-22
373 2.456761006E-05 3.070951258E-05
373.2 2.460629921E-05 3.075787402E-05
373.4 2.464511041E-05 6.161277603E-05
373.6 1.234202212E-05 9.256516588E-05
373.8 1.236155063E-05 2.90460095E-21
374 0 3.095285261E-05
374.2 0 6.200396825E-05
374.4 0 -4.834064117E-20
374.6 0 3.110071656E-05
374.8 0 9.345095694E-05
375 0 6.240015974E-05
375.2 0 9.375E-05
375.4 0 9.390024038E-05
375.6 0 6.270064205E-05
375.8 0 0.0001256028939
376 0 9.435386473E-05
376.2 0 -3.150201613E-05
376.4 0 3.155290792E-05
376.6 0 3.16039644E-05
376.8 0 -2.01561489E-20
377 0 0.0001585328734
377.2 0 0.0001270325203
377.4 0 6.361970684E-05
377.6 0 0.0001274469821
377.8 0 9.574142157E-05
378 0 6.393207856E-05
378.2 0 9.605532787E-05
378.4 0 9.621305419E-05
378.6 0 0.0001284950658
378.8 0 0.0001287067545
379 0 6.445957096E-05
379.2 0 6.45661157E-05
379.4 0 3.233650662E-05
379.6 0 9.64419224E-20
379.8 0 3.244393688E-05
380 0 -6.780637847E-20
380.2 0 -3.255208333E-05
380.4 0 -6.521285476E-05
380.6 0 -6.532190635E-05
380.8 0 -6.34052628E-20
381 0 3.277055369E-05
381.2 0 9.802634635E-21
381.4 0 -3.288089226E-05
381.6 0 3.091727723E-21
381.8 0 6.59839527E-05
382 0 6.609560068E-05
382.2 0 6.620762712E-05
382.4 0 6.632003396E-05
382.6 0 6.643282313E-05
382.8 0 6.654599659E-05
383 0 0.0001333191126
383.2 0 0.0001335470085
383.4 0 3.344392123E-05
383.6 0 3.350128645E-05
383.8 0 3.35588488E-05
384 0 -3.361660929E-05
384.2 0 -1.168501837E-19
384.4 0 3.373272884E-05
384.6 0 -3.379108997E-05
384.8 0 3.384965338E-05
385 0 6.781684028E-05
385.2 0 3.39673913E-05
385.4 0 6.805313589E-05
385.6 0 -5.302508264E-20
385.8 0 -3.414554196E-05
386 0 3.420534151E-05
386.2 0 6.853070175E-05
386.4 0 -3.432557118E-05
386.6 0 3.438600352E-05
386.8 0 0.0001033399471
387 0 -3.450750883E-05
387.2 0 -6.397377142E-20
387.4 0 -9.389643591E-21
387.6 0 3.469138544E-05
387.8 0 6.950622776E-05
388 0 -4.737538249E-20
388.2 0 -3.487723214E-05
388.4 0 -0.000104818873
388.6 0 -0.0001050067204
388.8 0 -0.0001051952424
389 0 -0.0001053844424
389.2 0 -7.038288288E-05
389.4 0 -7.05099278E-05
389.6 0 -7.063743219E-05
389.8 0 -7.076539855E-05
390 0 -7.08938294E-05
390.2 0 -7.102272727E-05
390.4 0 -3.557604736E-05
390.6 0 -3.564096715E-05
390.8 0 -7.141224863E-05
391 0 -7.154304029E-05
391.2 0 -7.167431193E-05
391.4 0 -3.590303309E-05
391.6 0 3.596915285E-05
391.8 0 7.207103321E-05
392 0 3.610212569E-05
392.2 0 -7.633917306E-21
392.4 0 9.636355703E-21
392.6 0 -3.630343866E-05
392.8 0 -7.274208566E-05
393 0 -7.287779851E-05
393.2 0 -7.301401869E-05
393.4 0 -7.315074906E-05
393.6 0 -7.32879925E-05
393.8 0 -7.342575188E-05
394 0 -7.356403013E-05
394.2 0 -7.370283019E-05
394.4 0 -7.384215501E-05
394.6 0 -7.398200758E-05
394.8 0 -7.412239089E-05
395 0 -7.426330798E-05
395.2 0 -7.44047619E-05
395.4 0 -7.454675573E-05
395.6 0 -7.468929254E-05
395.8 0 -3.741618774E-05
396 0 -3.748800384E-05
396.2 0 -7.512019231E-05
396.4 0 -3.763246628E-05
396.6 0 -7.303128308E-20
396.8 0 -3.777804642E-05
397 0 -3.785125969E-05
397.2 0 -3.792475728E-05
397.4 0 -7.599708171E-05
397.6 0 -7.614522417E-05
397.8 0 -7.629394531E-05
398 0 -0.0001528864971
398.2 0 -7.659313725E-05
398.4 0 -3.837180747E-05
398.6 0 -0.0001153420276
398.8 0 -2.883706064E-20
399 0 -3.85993083E-05
399.2 0 -0.0001160272277
399.4 0 -3.875248016E-05
399.6 0 -7.964476739E-21
399.8 0 -7.781374502E-05
400 0 -7.796906188E-05
400.2 0 -3.90625E-05
400.4 0 -3.30183417E-20
400.6 0 3.921937751E-05
400.8 0 -3.929828974E-05
401 0 -5.354729754E-20
401.2 0 -3.945707071E-05
401.4 0 -0.00011861083
401.6 0 -1.256495415E-19
401.8 0 -7.140724792E-20
402 0 -7.955702648E-05
402.2 0 -3.985969388E-05
402.4 0 3.994120654E-05
402.6 0 8.004610656E-05
402.8 0 4.010523614E-05
403 0 -4.01877572E-05
403.2 0 -4.027061856E-05
403.4 0 -4.035382231E-05
403.6 0 -4.04373706E-05
403.8 0 4.920478131E-20
404 0 3.897582009E-20
404.2 0 -4.069010417E-05
404.4 0 -4.077505219E-05
404.6 0 5.033862596E-20
404.8 0 -1.584768095E-20
405 0 -5.277614571E-20
405.2 0 8.136097115E-21
405.4 0 6.05162938E-20
405.6 0 4.627925663E-20
405.8 0 -4.137976695E-05
406 0 -4.146762208E-05
406.2 0 2.402818484E-20
406.4 0 9.702616111E-20
406.6 0 5.206529388E-20
406.8 0 -2.36978802E-20
407 0 7.218812809E-20
407.2 0 -5.542961127E-20
407.4 0 3.062727344E-21
407.6 0 6.765162236E-21
407.8 0 -1.022952165E-20
408 0 -4.236713666E-05
408.2 0 -4.245923913E-05
408.4 0 -1.201466177E-19
408.6 0 -1.229265447E-19
408.8 0 -1.932136736E-20
409 0 -5.741310117E-20
409.2 0 -4.292582418E-05
409.4 0 -8.60407489E-05
409.6 0 -4.311534216E-05
409.8 0 1.142961852E-19
410 0 -5.575079182E-20
410.2 0 -8.286732717E-21
410.4 0 1.168457545E-21
410.6 0 4.359654018E-05
410.8 0 8.738814318E-05
411 0 4.379204036E-05
411.2 0 1.172797975E-20
411.4 0 1.869262108E-20
411.6 0 4.507361752E-21
411.8 0 -4.403389269E-20
412 0 2.439627628E-20
412.2 0 4.060809943E-20
412.4 0 -5.920291931E-20
412.6 0 -5.698242763E-20
412.8 0 -6.192974197E-20
413 0 5.129699613E-21
413.2 0 4.489942529E-05
413.4 0 4.500288018E-05
413.6 0 4.510681293E-05
413.8 0 9.04224537E-05
414 0 9.063225058E-05
414.2 0 9.084302326E-05
414.4 0 9.105477855E-05
414.6 0 9.126752336E-05
414.8 0 4.574063232E-05
415 0 -1.206797598E-19
415.2 0 4.595588235E-05
415.4 0 4.606426887E-05
415.6 0 9.23463357E-05
415.8 0 0.0001388477488
416 0 9.278503563E-05
416.2 0 4.650297619E-05
416.4 0 -6.03500692E-21
416.6 0 4.672547847E-05
416.8 0 4.683752998E-05
417 0 4.695012019E-05
417.2 0 4.706325301E-05
417.4 0 4.717693237E-05
417.6 0 9.458232446E-05
417.8 0 9.48118932E-05
418 0 0.0001425638686
418.2 0 0.0001429115854
418.4 0 9.550733496E-05
418.6 0 0.0001436121324
418.8 0 0.0001439649877
419 0 9.621305419E-05
419.2 0 9.645061728E-05
419.4 0 9.668935644E-05
419.6 0 9.69292804E-05
419.8 0 9.717039801E-05
420 0 9.74127182E-05
420.2 0 9.765625E-05
420.4 0 9.790100251E-05
420.6 0 9.814698492E-05
420.8 0 9.839420655E-05
421 0 9.864267677E-05
421.2 0 4.944620253E-05
421.4 0 1.097241886E-20
421.6 0 4.969783715E-05
421.8 0 9.964923469E-05
422 0 9.990409207E-05
422.2 0 0.0001001602564
422.4 0 5.020886889E-05
422.6 0 5.03382732E-05
422.8 0 0.0001514050388
423 0 0.0001011981865
423.2 0 0.000101461039
423.4 0 0.0001525878906
423.6 0 5.099543081E-05
423.8 0 5.11289267E-05
424 0 0.0001025262467
424.2 0 0.0001027960526
424.4 0 0.0001030672823
424.6 0 0.0001550099206
424.8 0 0.0001036140584
425 0 5.194481383E-05
425.2 0 0.0001041666667
425.4 0 5.222259358E-05
425.6 0 0.0001047252011
425.8 0 0.0001050067204
426 0 3.501931903E-20
426.2 0 -5.278716216E-05
426.4 0 -5.29302168E-05
426.6 0 -8.877212027E-20
426.8 0 4.578119985E-20
427 0 1.782254795E-19
427.2 0 2.882529655E-20
427.4 0 -1.612472869E-20
427.6 0 3.402572863E-20
427.8 0 7.185794473E-20
428 0 1.024777623E-19
428.2 0 3.930208174E-20
428.4 0 1.32788328E-19
428.6 0 1.093430898E-19
428.8 0 1.16299013E-19
429 0 -1.496670281E-19
429.2 0 -1.97216626E-20
429.4 0 -1.749299915E-20
429.6 0 -1.066867251E-20
429.8 0 1.913175318E-20
430 0 1.109861866E-19
430.2 0 2.869904726E-19
430.4 0 2.733614796E-20
430.6 0 1.395777663E-19
430.8 0 8.812233511E-20
431 0 7.302048338E-20
431.2 0 1.533360334E-20
431.4 0 1.913568586E-20
431.6 0 -6.427029114E-20
431.8 0 -4.90909276E-20
432 0 3.58735588E-20
432.2 0 -6.669852041E-20
432.4 0 8.22831342E-20
432.6 0 -1.116157408E-19
432.8 0 2.332469006E-20
433 0 -6.207471177E-20
433.2 0 -5.830723669E-20
433.4 0 -9.811865248E-20
433.6 0 2.687396743E-20
433.8 0 1.355859679E-19
434 0 6.886984441E-20
434.2 0 -5.918560606E-05
434.4 0 -0.000118731003
434.6 0 8.404627417E-20
434.8 0 5.972859327E-05
435 0 1.807188177E-19
435.2 0 1.281620682E-19
435.4 0 1.142729469E-19
435.6 0 1.03856381E-19
435.8 0 5.066782761E-20
436 0 9.251233832E-20
436.2 0 -6.103515625E-05
436.4 0 -6.122648903E-05
436.6 0 -6.141902516E-05
436.8 0 -0.0001848383281
437 0 -0.0001854232595
437.2 0 -0.0001240079365
437.4 0 -6.220143312E-05
437.6 0 -5.223994682E-20
437.8 0 -6.260016026E-05
438 0 -0.0001884043408
438.2 0 -0.000252016129
438.4 0 -0.0001264158576
438.6 0 -6.341314935E-05
438.8 0 -0.0001272394137
439 0 -0.0001276552288
439.2 0 -0.0001280737705
439.4 0 -6.424753289E-05
439.6 0 1.157212904E-19
439.8 0 6.467301325E-05
440 2.59551495E-05 6.488787375E-05
440.2 2.604166667E-05 -6.510416667E-05
440.4 2.612876254E-05 5.801750756E-21
440.6 2.621644295E-05 6.554110738E-05
440.8 2.63047138E-05 -9.578944446E-20
441 2.639358108E-05 -6.59839527E-05
441.2 2.648305085E-05 3.860782558E-20
441.4 2.657312925E-05 1.13554084E-19
441.6 5.332764505E-05 -0.0001333191126
441.8 8.026541096E-05 -6.688784247E-05
442 0.0001073883162 -0.0001342353952
442.2 0.0001346982759 -0.0002693965517
442.4 0.0001621972318 -0.0002027465398
442.6 0.0001898871528 -0.0002034505208
442.8 0.0002449912892 -0.0002722125436
443 0.0002731643357 -0.0001365821678
443.2 0.0002467105263 -6.853070175E-05
443.4 0.0002750880282 -0.0001375440141
443.6 0.0003036660777 -0.0001380300353
443.8 0.0002770390071 -0.0002077792553
444 0.0003058274021 -0.0002085186833
444.2 0.0003069196429 -0.0001395089286
444.4 0.0003080197133 -7.000448029E-05
444.6 0.0002810251799 -0.0002107688849
444.8 0.0002820397112 -0.0002820397112
445 0.0002830615942 -0.0002830615942
445.2 0.0002840909091 -0.0002130681818
445.4 0.0002566149635 -0.0001425638686
445.6 0.0002575549451 -0.0002146291209
445.8 0.0002585018382 -0.0002154181985
446 0.0002594557196 -0.0001441420664
446.2 0.0002314814815 -6.771567309E-20
446.4 0.0002032992565 7.260687732E-05
446.6 0.0001749067164 0.000145755597
446.8 0.0001463014981 -7.315074906E-05
447 0.0001468515038 -0.0001468515038
447.2 8.844339623E-05 -0.0001474056604
447.4 5.918560606E-05 -0.0002959280303
447.6 5.941064639E-05 -0.0003713165399
447.8 5.963740458E-05 -0.0003727337786
448 2.993295019E-05 -0.000149664751
448.2 0 -7.512019231E-05
448.4 3.016409266E-05 -7.541023166E-05
448.6 6.05620155E-05 2.446026758E-19
448.8 9.119649805E-05 1.337712909E-19
449 0.0001220703125 2.006935662E-19
449.2 0.0001531862745 -1.148106538E-19
449.4 0.0001845472441 9.272646764E-20
449.6 0.0001852766798 7.832903214E-20
449.8 0.0001860119048 2.360199719E-20
450 0.000186752988 8.908359108E-20
450.2 0.0001875 7.8125E-05
450.4 0.000188253012 7.843875502E-05
450.6 0.0001890120968 -1.628991772E-20
450.8 0.0001897773279 7.907388664E-05
451 0.0001905487805 0.0001587906504
451.2 0.0001913265306 7.971938776E-05
451.4 0.0001921106557 0.0001600922131
451.6 0.0001929012346 0.0002411265432
451.8 0.0001936983471 -8.070764463E-05
452 0.0001945020747 8.104253112E-05
452.2 0.0001627604167 0.0003255208333
452.4 0.0001634414226 0.0001634414226
452.6 0.0001641281513 9.787484754E-20
452.8 0.0001648206751 -8.241033755E-05
453 0.0001324152542 1.780775493E-19
453.2 0.0001329787234 3.694670964E-19
453.4 0.0001335470085 1.446367555E-19
453.6 0.0001005901288 2.547764166E-20
453.8 6.734913793E-05 -7.129701761E-20
454 3.382034632E-05 8.45508658E-05
454.2 0 8.491847826E-05
454.4 3.411572052E-05 -8.277135504E-20
454.6 3.426535088E-05 8.566337719E-05
454.8 0 0.0001720814978
455 0 8.642146018E-05
455.2 3.472222222E-05 9.028003292E-20
455.4 3.487723214E-05 4.41076912E-21
455.6 3.503363229E-05 1.053336044E-20
455.8 3.519144144E-05 -8.79786036E-05
456 3.535067873E-05 -8.837669683E-05
456.2 3.551136364E-05 -2.325626281E-20
456.4 3.567351598E-05 -8.918378995E-05
456.6 3.583715596E-05 -0.0001791857798
456.8 3.600230415E-05 -0.0001800115207
457 3.616898148E-05 -0.0001808449074
457.2 3.63372093E-05 -0.0001816860465
457.4 3.650700935E-05 -0.0001825350467
457.6 3.667840376E-05 -0.0001833920188
457.8 3.685141509E-05 -0.0001842570755
458 3.702606635E-05 -0.0001851303318
458.2 3.720238095E-05 -0.0001860119048
458.4 3.738038278E-05 -0.0001869019139
458.6 3.756009615E-05 -9.390024038E-05
458.8 0 1.50266614E-19
459 0 8.310185713E-20
459.2 0 1.72468416E-19
459.4 0 1.986862536E-19
459.6 0 2.163410984E-19
459.8 0 1.008546386E-19
460 0 1.47929542E-19
460.2 0 2.405628963E-19
460.4 0 3.623409385E-19
460.6 0 -2.484993171E-20
460.8 0 1.219331501E-19
461 0 -8.447776228E-20
461.2 0 1.132734009E-19
461.4 0 3.486642176E-20
461.6 0 1.186162912E-19
461.8 0 -1.460012916E-20
462 0 -4.639785442E-20
462.2 0 1.181628113E-19
462.4 0 -1.022161412E-20
462.6 0 -5.203922691E-20
462.8 0 -3.515674941E-19
463 0 -2.065181562E-20
463.2 0 -1.212413219E-19
463.4 0 -1.025031783E-19
463.6 0 4.46532702E-20
463.8 0 1.367814392E-19
464 0 -9.831817179E-21
464.2 0 -1.070581671E-19
464.4 0 -1.170568517E-19
464.6 0 -8.55903424E-20
464.8 0 6.509857934E-20
465 0 -1.171368392E-19
465.2 0 -1.032369008E-19
465.4 0 6.540660099E-20
465.6 0 8.990641194E-20
465.8 0 -2.159675404E-19
466 0 -2.546564008E-20
466.2 0 1.762787532E-20
466.4 0 -1.472972505E-19
466.6 0 -3.266020396E-19
466.8 0 -6.280798543E-20
467 0 8.18202706E-20
467.2 0 1.00036304E-19
467.4 0 -1.098383018E-19
467.6 0 -3.848391358E-19
467.8 0 -2.30083766E-19
468 0 -2.03644517E-19
468.2 0 -2.871359188E-19
468.4 0 -3.295368388E-19
468.6 0 -1.31821537E-19
468.8 0 1.860583298E-19
469 0 -1.67422072E-19
469.2 0 -2.040462945E-19
469.4 0 -1.487792122E-19
469.6 0 -1.57742736E-20
469.8 0 -2.657027945E-20
470 0 1.028383109E-19
470.2 0 2.450385792E-19
470.4 0 -7.033212707E-20
470.6 0 1.210727347E-19
470.8 0 -3.952510116E-20
471 0 1.275980547E-19
471.2 0 -1.368421724E-19
471.4 0 -9.353778038E-20
471.6 0 4.837076949E-20
471.8 0 -8.281447338E-20
472 0 -2.125942622E-19
472.2 0 2.154319589E-20
472.4 0 -1.366796635E-19
472.6 0 -9.343557925E-20
472.8 0 -1.765598202E-19
473 0 -1.824235329E-19
473.2 0 1.0051663E-19
473.4 0 1.714977201E-19
473.6 0 -1.320908129E-19
473.8 0 -1.251898736E-19
474 0 8.143963762E-20
474.2 0 1.939725718E-19
474.4 0 1.882412202E-19
474.6 0 2.029381076E-19
474.8 0 1.735911499E-19
475 0 2.084494418E-19
475.2 0 3.649060273E-20
475.4 0 3.538810195E-19
475.6 0 3.024877563E-19
475.8 0 -1.427684355E-20
476 0 4.14229708E-20
476.2 0 7.231170219E-20
476.4 0 8.529631922E-20
476.6 0 -8.452843935E-21
476.8 0 -7.540201098E-20
477 0 -1.2619737E-19
477.2 0 1.504381334E-19
477.4 0 2.066712485E-19
477.6 0 2.687839182E-19
477.8 0 7.185101613E-20
478 0 -2.043608165E-20
478.2 0 -1.172182168E-19
478.4 0 2.736327457E-19
478.6 0 3.161762934E-19
478.8 0 -9.843621567E-20
479 0 5.08071729E-19
479.2 0 2.719694713E-19
479.4 0 2.265542638E-19
479.6 0 7.635329386E-20
479.8 0 1.278053315E-19
480 0 -9.806850556E-20
480.2 0 7.904092327E-20
480.4 0 -3.873939374E-19
480.6 0 -1.283143269E-19
480.8 0 -1.194638404E-19
481 0 2.281666477E-20
481.2 0 -3.319963392E-19
481.4 0 7.176160187E-20
481.6 0 -1.194186493E-19
481.8 0 1.778918322E-19
482 0 -3.964627994E-20
482.2 0 -1.208233566E-19
482.4 0 -1.137021427E-19
482.6 0 -1.395605617E-19
482.8 0 -4.445460742E-19
483 0 -4.255172771E-20
483.2 0 2.873198138E-19
483.4 0 -2.625214233E-19
483.6 0 -6.029246344E-20
483.8 0 -1.024120037E-19
484 0 5.488346272E-20
484.2 0 -5.116031334E-19
484.4 0 -2.659189874E-21
484.6 0 1.414595201E-21
484.8 0 -1.52476186E-19
485 0 -4.012525843E-19
485.2 0 -5.287412376E-19
485.4 0 -5.794929275E-20
485.6 0 -4.324166967E-19
485.8 0 -2.938171589E-19
486 0 -4.866531694E-19
486.2 0 -9.206744988E-19
486.4 0 -4.837687936E-19
486.6 0 -1.238368695E-19
486.8 0 -3.766792511E-19
487 0 -3.736478728E-19
487.2 0 -4.662233705E-19
487.4 0 -2.49827728E-20
487.6 0 -2.564748367E-19
487.8 0 -7.070967456E-19
488 0 -3.365470991E-19
488.2 0 5.33373566E-19
488.4 0 9.302269691E-20
488.6 0 2.281664271E-19
488.8 0 7.93186677E-19
489 0 1.33098208E-20
489.2 0 -7.750331871E-20
489.4 0 -3.699367538E-19
489.6 0 1.067017214E-19
489.8 0 9.304274501E-19
490 0 -5.410051856E-19
490.2 0 -8.453607149E-21
490.4 0 1.217537879E-19
490.6 0 6.892293925E-19
490.8 0 2.065797022E-19
491 0 -6.070520207E-19
491.2 0 1.254399762E-19
491.4 0 8.140555139E-19
491.6 0 -8.727198705E-19
491.8 0 -1.837477034E-19
492 0 3.365629801E-20
492.2 0 -2.076129969E-19
492.4 0 -1.684420201E-19
492.6 0 -7.583953417E-19
492.8 0 -2.167199196E-19
493 0 -6.961884632E-19
493.2 0 -9.746963133E-19
493.4 0 -3.298827102E-19
493.6 0 -2.689389563E-20
493.8 0 2.174862009E-19
494 0 -3.767962318E-19
494.2 0 3.169028835E-20
494.4 0 1.545964956E-19
494.6 0 6.564493722E-19
494.8 0 9.339843617E-20
495 0 3.036633016E-19
495.2 0 -5.331488356E-19
495.4 0 1.066443818E-18
495.6 0 5.800345265E-19
495.8 0 1.346662785E-18
496 0 5.370699695E-19
496.2 0 -2.301280245E-18
496.4 0 -1.652135146E-18
496.6 0 -1.632868731E-18
496.8 0 -2.426503311E-18
497 0 2.565124105E-18
497.2 0 1.604206217E-18
497.4 0 -8.155635643E-19
497.6 0 1.611724207E-18
497.8 0 2.14113781E-18
498 0 -1.811076063E-18
498.2 0 5.727855276E-19
498.4 0 2.084983805E-19
498.6 0 1.550123634E-18
498.8 0 3.597764257E-18
499 0 -2.876888945E-18
499.2 0 -5.550136075E-18
499.4 0 2.355012473E-18
499.6 0 -4.390265607E-18
499.8 0 -1.882618917E-17
500 0 -4.008024214E-17
