0 0.007306452419 -5.548895565E-21
0.2 0.006465625 0.00153125
0.4 0.006089935974 0.00031262505
0.6 0.005785878703 0.0002658376701
0.8 0.005500350421 0.0001955471566
1 0.005249023438 0.0001878004808
1.2 0.00499749499 0.0001487349699
1.4 0.004799017642 2.782234925E-21
1.6 0.004625451264 0.000148854292
1.8 0.004414125201 0.0001332388644
2 0.004230856082 -1.568145323E-05
2.2 0.00405998996 9.412650602E-05
2.4 0.003879570108 0.0001333994576
2.6 0.003708425442 0.0002041047026
2.8 0.003559132489 0.0001727734218
3 0.003425432422 -1.571299276E-05
3.2 0.003297912475 -1.57193159E-05
3.4 0.003173434984 0.0001022166868
3.6 0.00305515002 0.0001022578534
3.8 0.002949360395 7.869157937E-06
4 0.002840336558 5.510630794E-05
4.2 0.002721774194 3.937752016E-05
4.4 0.002631479427 0.0001260588947
4.6 0.002522195319 0.0002443376715
4.8 0.002425439039 0.0001340457206
5 0.002322294023 7.888226979E-06
5.2 0.002250631313 -6.313131313E-05
5.4 0.002182068513 2.368381164E-05
5.6 0.002113450263 2.36933886E-05
5.8 0.002057418083 1.58019822E-05
6 0.001979208822 0.0001422753946
6.2 0.00190409919 0.0001107034413
6.4 0.001857406845 -2.3731774E-05
6.6 0.00181384218 7.913796596E-06
6.8 0.001760741792 0.0001108380624
7 0.001710766423 8.712236415E-05
7.2 0.001660750507 -3.961713996E-05
7.4 0.001629717938 -3.963321834E-05
7.6 0.001582800447 -7.929861957E-06
7.8 0.001539018075 4.759849716E-05
8 0.001488851077 3.96815319E-05
8.2 0.00143546748 -0.0001032139228
8.4 0.001397925986 -3.177104514E-05
8.6 0.001369889138 4.767595606E-05
8.8 0.001313212251 -8.744149369E-05
9 0.001281937093 -7.952463355E-05
9.2 0.001237907332 -2.386710794E-05
9.4 0.001209759576 -2.387683374E-05
9.6 0.001175219119 -7.962189156E-06
9.8 0.001147022838 -1.605840353E-20
10 0.001115616075 -2.390605875E-05
10.2 0.00109375 -3.18877551E-05
10.4 0.00105591568 3.987596978E-05
10.6 0.00102124183 8.776296977E-05
10.8 0.0009833469555 0.0001037622599
11 0.0009486150859 1.596995094E-05
11.2 0.0009170501022 -4.792944785E-05
11.4 0.000888655892 -4.794905892E-05
11.6 0.0008634363488 -1.598956201E-05
11.8 0.0008381961507 -3.199221949E-05
12 0.0008097347399 -5.600931995E-05
12.2 0.00078125 -9.605532787E-05
12.4 0.0007527419024 -7.207103321E-05
12.6 0.0007210059475 5.607824036E-05
12.8 0.0006924497333 6.411571604E-05
13 0.0006734913793 8.017754516E-06
13.2 0.0006577258727 8.021047228E-06
13.4 0.0006451571487 3.209737058E-05
13.6 0.0006293670366 2.408292232E-05
13.8 0.0006135639391 2.409282484E-05
14 0.0006009615385 2.41027355E-05
14.2 0.0005851337449 8.03755144E-06
14.4 0.0005725092631 -5.628602305E-05
14.6 0.0005695273888 1.608834432E-05
14.8 0.0005504480841 4.023743304E-05
15 0.0005377936933 -4.830482275E-05
15.2 0.0005315721649 -1.610824742E-05
15.4 0.0005124535891 -3.222978548E-05
15.6 0.0004997678498 -4.030385885E-05
15.8 0.000487071635 -1.612819983E-05
16 0.0004711379595 -3.226972325E-05
16.2 0.0004519628099 -1.640960184E-20
16.4 0.0004392310872 -8.074100868E-06
16.6 0.0004232578577 -4.038720017E-05
16.8 0.0004137360364 -8.080781961E-06
17 0.0004042063328 -1.271828611E-20
17.2 0.0003881987578 -1.617494824E-05
17.4 0.0003721779205 -1.618164872E-05
17.6 0.0003496684625 -2.428253212E-05
17.8 0.0003368573798 -2.42925995E-05
18 0.0003272760265 4.050445873E-05
18.2 0.0003112033195 4.052126556E-05
18.4 0.0003016033624 3.243046907E-05
18.6 0.0002919954319 -1.151735135E-21
18.8 0.0002888710012 -1.572003364E-20
19 0.0002824968828 7.305953865E-05
19.2 0.0002793659044 5.68477131E-05
19.4 0.0002762323211 4.062240017E-05
19.6 0.000266593841 4.876716604E-05
19.8 0.0002601998335 6.504995837E-05
20 0.0002538004998 8.134631404E-06
20.2 0.000244140625 -4.069010417E-05
20.4 0.0002409858274 1.640844049E-20
20.6 0.0002345704754 4.886884904E-05
20.8 0.000231409053 8.148206091E-06
21 0.0002249843489 -2.445482053E-05
21.2 0.0002152922756 2.446503132E-05
21.4 0.000208855472 8.158416876E-06
21.6 0.0002056780192 -3.264730464E-05
21.8 0.0002024979097 -3.266095318E-05
22 0.0001960476788 -8.985518611E-05
22.2 0.0001928608787 -0.0001307531381
22.4 0.0001864012139 -8.993041021E-05
22.6 0.0001832077052 -2.453674623E-05
22.8 0.0001800115207 -1.63646837E-05
23 0.0001800869656 -4.092885583E-05
23.2 0.0001801624738 3.275681342E-05
23.4 0.0001736839346 7.394768173E-21
23.6 0.0001704783886 -4.098038187E-05
23.8 0.000170549958 -4.690471615E-21
24 0.0001640592188 1.448942173E-20
24.2 0.0001608455882 -8.206407563E-06
24.4 0.000157629256 -8.209857083E-06
24.6 0.0001511248949 1.969618749E-21
24.8 0.0001479017669 -5.751735381E-05
25 0.0001446759259 -9.04224537E-05
25.2 0.0001447368421 -7.401315789E-05
25.4 0.0001415069503 -4.113574136E-05
25.6 0.0001382743363 -1.646123051E-05
25.8 0.0001350389966 -8.23408516E-05
26 0.0001350959511 -0.0001235633699
26.2 0.0001318565401 -4.944620253E-05
26.4 0.0001253165893 2.201201882E-20
26.6 0.0001253695101 -6.59839527E-05
26.8 0.0001188212928 -9.901774398E-05
27 0.0001155695266 -8.254966188E-05
27.2 0.0001156183932 -7.432610994E-05
27.4 0.0001090577411 -8.261950085E-05
27.6 0.0001091038934 -4.95926788E-05
27.8 0.0001058425064 -1.653789162E-05
28 0.0001058873359 -4.963468869E-05
28.2 0.000102621822 -3.310381356E-05
28.4 9.604175498E-05 -4.967676982E-05
28.6 9.276929601E-05 -9.111270144E-05
28.8 8.617946542E-05 -9.115135766E-05
29 8.290004244E-05 -9.948005093E-05
29.2 7.961783439E-05 -8.293524416E-05
29.4 7.301401869E-05 -4.148523789E-05
29.6 7.304504887E-05 -3.320229494E-05
29.8 6.975446429E-05 -2.491230867E-05
30 5.981497235E-05 -4.984581029E-05
30.2 6.316489362E-05 -4.155585106E-05
30.4 5.986590038E-05 -1.662941677E-05
30.6 5.989139693E-05 -6.654599659E-05
30.8 5.991691521E-05 -7.489614401E-05
31 5.994245524E-05 -4.162670503E-05
31.2 5.996801706E-05 -4.164445629E-05
31.4 5.666062287E-05 -4.999466724E-05
31.6 5.66848058E-05 -2.500800256E-05
31.8 5.670900939E-05 -4.169780102E-05
32 6.340773174E-05 -8.343122597E-05
32.2 7.011217949E-05 -7.512019231E-05
32.4 7.682235998E-05 -1.670051304E-05
32.6 8.019674936E-05 -4.176914029E-05
32.8 9.025994865E-05 -7.521662388E-05
33 9.029858733E-05 -1.672196062E-05
33.2 9.368308351E-05 1.672912206E-05
33.4 9.707047986E-05 -4.184072408E-05
33.6 9.711208744E-05 -3.34869267E-05
33.8 0.0001005038593 8.375321612E-06
34 0.0001072501073 -5.86524024E-05
34.2 0.0001140021459 -6.706008584E-05
34.4 0.0001207599828 -1.677221984E-05
34.6 0.0001275236254 8.389712199E-06
34.8 0.0001342930812 5.035990546E-05
35 0.0001343508169 3.358770421E-05
35.2 0.0001344086022 -8.400537634E-06
35.4 0.0001378280981 -5.042491394E-05
35.6 0.0001446136461 -6.7262161E-05
35.8 0.0001514050388 -2.523417313E-05
36 0.0001582022835 -1.683003016E-05
36.2 0.0001582704741 -2.525592672E-05
36.4 0.0001583387236 -4.211136266E-05
36.6 0.0001584070319 -3.370362381E-05
36.8 0.0001551035822 -7.586588261E-05
37 0.0001484240069 -9.276500432E-05
37.2 0.0001451133909 -5.062095032E-05
37.4 0.0001417999136 -3.376188418E-05
37.6 0.0001384835711 -8.44412019E-06
37.8 0.0001385434689 -3.379108997E-05
38 0.0001318422761 -3.380571181E-05
38.2 0.0001251352814 -2.536525974E-05
38.4 0.0001218059766 -4.229374188E-05
38.6 0.0001150888215 -3.384965338E-05
38.8 0.0001083658431 8.466081491E-06
39 0.0001016370338 -1.693950564E-05
39.2 9.829175705E-05 -8.473427332E-05
39.4 9.494357639E-05 -3.390842014E-05
39.6 9.159248806E-05 -4.240392966E-05
39.8 9.163227628E-05 -6.787576021E-05
40 9.506736202E-05 -5.092894394E-05
40.2 9.510869565E-05 -5.095108696E-05
40.4 9.175184863E-05 -2.548662462E-05
40.6 8.839208007E-05 -4.249619234E-05
40.8 8.502938616E-05 -2.550881585E-05
41 7.826110627E-05 -3.028027721E-20
41.2 7.14869281E-05 -3.404139434E-05
41.4 6.470684394E-05 -5.108435048E-05
41.6 5.792084605E-05 -4.258885739E-05
41.8 5.11289267E-05 -1.704297557E-05
42 4.433107813E-05 2.5575622E-05
42.2 4.093886463E-05 -8.528930131E-06
42.4 3.75436872E-05 -4.266328091E-05
42.6 4.097465035E-05 -5.975469843E-05
42.8 4.099256668E-05 -4.270059029E-05
43 4.442804024E-05 -4.856466443E-21
43.2 4.786652079E-05 -8.547592998E-06
43.4 5.130801226E-05 8.551335377E-06
43.6 5.475251862E-05 8.555081034E-06
43.8 5.820004382E-05 -1.711765995E-05
44 5.822555897E-05 -8.562582201E-06
44.2 6.167763158E-05 1.713267544E-05
44.4 6.170469504E-05 -8.570096534E-06
44.6 6.173178227E-05 -6.859086918E-05
44.8 6.518994291E-05 -2.57328722E-05
45 6.865114236E-05 -8.581392794E-06
45.2 6.524725275E-05 -6.868131868E-05
45.4 6.871152155E-05 -6.871152155E-05
45.6 6.874175099E-05 -7.733446986E-05
45.8 6.877200704E-05 -0.0001289475132
46 6.880228974E-05 -0.000120404007
46.2 6.539096916E-05 -0.0001032488987
46.4 6.197664169E-05 -0.0001119022697
46.6 5.855930335E-05 -7.750496032E-05
46.8 5.513895015E-05 -4.307730481E-05
47 5.171557811E-05 -8.619263019E-06
47.2 4.828918322E-05 -1.734039707E-20
47.4 4.485976148E-05 -3.257494835E-20
47.6 4.142730888E-05 -1.72613787E-05
47.8 3.453801945E-05 -2.590351459E-05
48 3.10979655E-05 -4.319161875E-05
48.2 2.765486726E-05 -2.592643805E-05
48.4 2.420872067E-05 1.729194334E-05
48.6 2.07595217E-05 8.649800709E-06
48.8 1.730726628E-05 -7.788269827E-05
49 1.385195035E-05 -4.328734486E-05
49.2 1.039356984E-05 2.598392461E-05
49.4 6.932120674E-06 -2.599545253E-05
49.6 3.467598757E-06 -2.600699068E-05
49.8 0 -4.336423179E-05
50 0 -2.603009773E-05
50.2 0 -1.736111111E-05
50.4 0 -3.473766118E-05
50.6 0 -3.475311388E-05
50.8 3.476858033E-06 -4.346072541E-05
51 3.478406055E-06 -1.739203028E-05
51.2 3.479955457E-06 -2.609966592E-05
51.4 0 -8.703765597E-06
51.6 3.483058404E-06 3.483058404E-05
51.8 3.484611954E-06 8.711529884E-06
52 3.48616689E-06 -1.743083445E-05
52.2 3.487723214E-06 -1.743861607E-05
52.4 3.489280929E-06 4.181163812E-21
52.6 3.490840036E-06 -1.748788032E-20
52.8 3.492400536E-06 3.738482628E-21
53 3.493962433E-06 1.746981216E-05
53.2 0 1.897200685E-20
53.4 0 -8.742726052E-06
53.6 0 8.74664129E-06
53.8 0 6.363555845E-21
54 0 9.363983251E-21
54.2 0 1.881275361E-20
54.4 0 -8.762337371E-06
54.6 0 -8.766270197E-06
54.8 3.508082622E-06 -2.631061967E-05
55 3.50965858E-06 -1.75482929E-05
55.2 3.511235955E-06 -1.085016946E-20
55.4 3.512814748E-06 -8.782036871E-06
55.6 3.514394962E-06 -2.965236571E-21
55.8 3.515976598E-06 8.789941494E-06
56 7.035119316E-06 1.741526983E-20
56.2 1.055743243E-05 2.639358108E-05
56.4 1.408292023E-05 -6.060016175E-21
56.6 1.761158702E-05 -5.283476105E-05
56.8 2.114343708E-05 -1.76195309E-05
57 2.820397112E-05 6.890221626E-21
57.2 3.527088036E-05 8.81772009E-06
57.4 3.881549232E-05 1.76434056E-05
57.6 4.589358337E-05 1.041539969E-20
57.8 5.297807414E-05 -1.765935805E-05
58 6.360244233E-05 -2.650101764E-05
58.2 7.070135747E-05 -8.837669683E-06
58.4 7.780669986E-05 -1.768334088E-05
58.6 8.491847826E-05 -8.845674819E-06
58.8 8.849682827E-05 1.769936565E-05
59 9.207842248E-05 3.541477788E-05
59.2 9.566326531E-05 8.857709751E-06
59.4 9.570666969E-05 -3.54469147E-05
59.6 9.575011348E-05 2.107113292E-20
59.8 9.579359673E-05 8.869777475E-06
60 9.228759655E-05 -1.774761472E-05
60.2 8.877840909E-05 8.877840909E-06
60.4 8.171327876E-05 3.552751251E-05
60.6 7.819608735E-05 3.554367607E-05
60.8 7.823167956E-05 -8.889963587E-06
61 7.826730419E-05 -2.668203552E-05
61.2 8.186218679E-05 -8.898063781E-06
61.4 8.54603464E-05 -3.560847767E-05
61.6 8.549931601E-05 -1.78123575E-05
61.8 8.553832117E-05 2.673072536E-05
62 8.557736194E-05 1.782861707E-05
62.2 8.918378995E-05 -1.783675799E-05
62.4 8.922453175E-05 -3.56898127E-05
62.6 8.212408592E-05 1.216507559E-20
62.8 8.573388203E-05 2.679183813E-05
63 8.577310156E-05 2.680409424E-05
63.2 7.866132723E-05 1.787757437E-05
63.4 7.512019231E-05 -8.942880037E-06
63.6 7.515460376E-05 8.946976638E-06
63.8 6.802818515E-05 -8.610098946E-21
64 6.447730399E-05 -2.686554333E-05
64.2 6.092316514E-05 -2.687786697E-05
64.4 5.736576411E-05 -8.963400642E-06
64.6 5.380509642E-05 1.793503214E-05
64.8 5.382981167E-05 1.794327056E-05
65 5.385454963E-05 -8.975758272E-06
65.2 5.747126437E-05 -2.693965517E-05
65.4 5.749770009E-05 1.511253261E-20
65.6 5.752416015E-05 2.696445007E-05
65.8 5.755064457E-05 8.992288214E-06
66 5.39785813E-05 2.119579444E-20
66.2 5.040322581E-05 -9.000576037E-06
66.4 5.042646381E-05 2.268101185E-20
66.6 4.684617159E-05 9.008879151E-06
66.8 4.686778957E-05 -2.703910937E-05
67 4.688942752E-05 9.017197599E-06
67.2 4.330254042E-05 9.021362587E-05
67.4 3.971233826E-05 5.415318854E-05
67.6 3.611881646E-05 9.029704115E-06
67.8 3.613552266E-05 2.7101642E-05
68 3.615224433E-05 4.519030541E-05
68.2 3.616898148E-05 2.712673611E-05
68.4 3.618573414E-05 -1.863381025E-20
68.6 3.620250232E-05 6.335437905E-05
68.8 3.259735744E-05 5.432892907E-05
69 3.261247681E-05 1.811804267E-05
69.2 2.900232019E-05 1.812645012E-05
69.4 2.538881151E-05 2.720229805E-05
69.6 2.177194612E-05 3.628657687E-05
69.8 1.815171933E-05 3.630343866E-05
70 1.452812645E-05 1.816015807E-05
70.2 1.453488372E-05 -9.084302326E-06
70.4 1.454164728E-05 -9.088529549E-06
70.6 1.091131285E-05 9.092760708E-06
70.8 1.091639497E-05 2.729098742E-05
71 1.092148183E-05 -9.101234856E-06
71.2 1.092657343E-05 9.105477855E-06
71.4 1.093166978E-05 3.643889925E-05
71.6 1.093677088E-05 -9.113975735E-06
71.8 1.094187675E-05 -2.735469188E-05
72 1.094698739E-05 -1.824497898E-05
72.2 1.09521028E-05 -9.126752336E-06
72.4 1.0957223E-05 -2.73930575E-05
72.6 1.096234799E-05 -2.740586997E-05
72.8 1.096747777E-05 -9.13956481E-06
73 1.097261236E-05 -2.74315309E-05
73.2 1.097775176E-05 -2.744437939E-05
73.4 1.098289597E-05 -9.152413308E-06
73.6 1.098804501E-05 -2.747011252E-05
73.8 1.099319887E-05 -3.664399625E-05
74 1.466447677E-05 -9.165297982E-06
74.2 1.46713615E-05 -1.833920188E-05
74.4 1.46782527E-05 -1.834781588E-05
74.6 1.101386278E-05 -1.835643797E-05
74.8 1.469205454E-05 -1.836506817E-05
75 1.469896519E-05 1.837370649E-05
75.2 1.470588235E-05 1.838235294E-05
75.4 1.839100753E-05 -1.839100753E-05
75.6 1.839967028E-05 4.459140145E-21
75.8 1.840834119E-05 1.840834119E-05
76 1.841702027E-05 9.208510137E-06
76.2 1.474056604E-05 9.212853774E-06
76.4 1.474752242E-05 -3.686880604E-05
76.6 1.475448536E-05 1.135849377E-20
76.8 1.476145489E-05 4.612954653E-05
77 1.4768431E-05 1.846053875E-05
77.2 1.477541371E-05 1.846926714E-05
77.4 1.478240303E-05 1.393531736E-20
77.6 1.478939896E-05 5.713522779E-21
77.8 1.109730114E-05 2.774325284E-05
78 1.110255803E-05 2.775639507E-05
78.2 1.110781991E-05 2.776954976E-05
78.4 1.481744903E-05 9.260905642E-06
78.6 1.482447818E-05 1.604673677E-21
78.8 1.4831514E-05 2.780908875E-05
79 1.483855651E-05 4.637048908E-05
79.2 1.48456057E-05 2.783551069E-05
79.4 1.8565827E-05 -9.282913498E-06
79.6 1.857465525E-05 -1.857465525E-05
79.8 1.858349191E-05 -1.858349191E-05
80 1.859233698E-05 -1.859233698E-05
80.2 1.488095238E-05 -1.860119048E-05
80.4 1.116603144E-05 -9.305026203E-06
80.6 1.117135367E-05 -3.723784557E-05
80.8 1.117668097E-05 -3.725560324E-05
81 1.863668893E-05 1.863668893E-05
81.2 1.118735084E-05 1.864558473E-05
81.4 1.492359121E-05 1.865448902E-05
81.6 1.493072145E-05 2.799510272E-05
81.8 1.493785851E-05 -9.336161568E-06
82 1.494500239E-05 -9.340626495E-06
82.2 1.495215311E-05 9.345095694E-06
82.4 1.495931067E-05 -5.599837936E-22
82.6 1.49664751E-05 -3.741618774E-05
82.8 1.497364638E-05 -3.743411596E-05
83 1.498082454E-05 1.800510806E-20
83.2 1.498800959E-05 9.367505995E-06
83.4 1.124640115E-05 -9.37200096E-06
83.6 1.125180029E-05 -2.812950072E-05
83.8 1.125720461E-05 -2.814301153E-05
84 1.501681884E-05 4.847423897E-21
84.2 1.502403846E-05 -8.539590251E-21
84.4 1.127344877E-05 -9.394540645E-06
84.6 3.759624639E-06 -1.87981232E-05
84.8 0 -5.642152143E-05
85 7.526493256E-06 -1.881623314E-05
85.2 3.765060241E-06 9.412650602E-06
85.4 7.533751205E-06 -1.992462267E-20
85.6 1.130607815E-05 4.921055015E-21
85.8 1.508204633E-05 -1.885255792E-05
86 1.886166103E-05 -1.886166103E-05
86.2 2.264492754E-05 9.435386473E-06
86.4 2.643185114E-05 -1.440257661E-20
86.6 3.022243714E-05 1.888902321E-05
86.8 3.401669086E-05 1.889816159E-05
87 3.781461762E-05 -9.453654405E-06
87.2 4.161622276E-05 6.292683758E-21
87.4 4.542151163E-05 -9.267179051E-21
87.6 5.301745032E-05 -1.262290114E-21
87.8 5.304316198E-05 2.841597963E-05
88 5.685953421E-05 6.633612324E-05
88.2 5.688713592E-05 4.74059466E-05
88.4 5.691476445E-05 1.897158815E-05
88.6 5.31462585E-05 -1.580886605E-20
88.8 4.937408848E-05 -9.495017015E-06
89 4.939810311E-05 9.499635214E-06
89.2 4.562043796E-05 -1.900851582E-05
89.4 4.183909445E-05 2.852665531E-05
89.6 3.805406722E-05 5.708110083E-05
89.8 3.426535088E-05 1.903630604E-05
90 3.047294003E-05 -9.522793759E-06
90.2 2.667682927E-05 -9.527439024E-06
90.4 2.287701318E-05 4.766044412E-05
90.6 1.907348633E-05 2.861022949E-05
90.8 1.526624328E-05 3.901802298E-21
91 7.636852395E-06 1.909213099E-05
91.2 7.640586797E-06 9.550733496E-06
91.4 7.644324853E-06 1.911081213E-05
91.6 7.648066569E-06 9.560083211E-06
91.8 1.147771792E-05 -3.825905975E-05
92 1.14833415E-05 -9.569451249E-06
92.2 1.531862745E-05 9.574142157E-06
92.4 1.915767533E-05 1.915767533E-05
92.6 2.300049068E-05 -9.583537782E-06
92.8 2.684707904E-05 -2.876472754E-05
93 3.069744597E-05 3.837180747E-05
93.2 3.455159705E-05 7.678132678E-05
93.4 3.840953786E-05 9.602384464E-06
93.6 4.227127398E-05 8.489652845E-21
93.8 4.613681102E-05 9.61183563E-05
94 5.00061546E-05 8.654911374E-05
94.2 5.387931034E-05 1.924261084E-05
94.4 5.390586496E-05 -8.033370329E-21
94.6 5.393244576E-05 3.744015726E-21
94.8 5.395905279E-05 -9.635545141E-06
95 5.012956565E-05 9.640301086E-06
95.2 4.62962963E-05 9.645061728E-06
95.4 4.245923913E-05 1.929965415E-05
95.6 3.861838853E-05 3.861838853E-05
95.8 3.863748764E-05 3.863748764E-05
96 3.479094508E-05 6.764905987E-05
96.2 3.094059406E-05 6.76825495E-05
96.4 2.708642893E-05 6.771607231E-05
96.6 2.3228444E-05 5.807111001E-05
96.8 1.936663361E-05 5.809990084E-05
97 1.550099206E-05 8.719308036E-05
97.2 1.163151365E-05 6.785049628E-05
97.4 7.758192651E-06 7.758192651E-05
97.6 3.881023348E-06 0.0001067281421
97.8 3.882952286E-06 5.824428429E-05
98 3.884883143E-06 3.884883143E-05
98.2 3.88681592E-06 1.94340796E-05
98.4 3.888750622E-06 4.610389125E-21
98.6 3.890687251E-06 4.863359064E-05
98.8 3.89262581E-06 5.838938714E-05
99 3.894566301E-06 1.947283151E-05
99.2 3.896508728E-06 -1.81669816E-20
99.4 3.898453094E-06 -1.949226547E-05
99.6 7.800798802E-06 -8.751535973E-21
99.8 7.804695305E-06 -1.555188704E-20
100 7.808595702E-06 -1.801374154E-20
100.2 7.8125E-06 1.953125E-05
100.4 7.816408204E-06 9.770510255E-06
100.6 3.91016016E-06 2.93262012E-05
100.8 7.824236355E-06 1.956059089E-05
101 1.174223447E-05 -2.46343508E-20
101.2 1.56641604E-05 -4.895050125E-05
101.4 1.959002006E-05 -8.815509027E-05
101.6 2.351981937E-05 -4.899962368E-05
101.8 2.745356426E-05 -9.804844378E-06
102 2.35434455E-05 -9.80976896E-06
102.2 1.962939698E-05 -4.907349246E-05
102.4 1.963926596E-05 -3.927853193E-05
102.6 1.57193159E-05 2.94737173E-05
102.8 1.179542023E-05 -9.343453324E-21
103 7.867573011E-06 -9.834466264E-06
103.2 7.871536524E-06 4.919710327E-05
103.4 7.875504032E-06 2.953314012E-05
103.6 7.879475542E-06 -7.078129008E-23
103.8 7.88345106E-06 -9.854313824E-06
104 7.887430591E-06 -9.859288238E-06
104.2 7.891414141E-06 -9.864267677E-06
104.4 7.895401718E-06 9.869252148E-06
104.6 7.899393327E-06 1.974848332E-05
104.8 7.903388973E-06 -1.83848209E-20
105 3.953694332E-06 9.88423583E-06
105.2 3.955696203E-06 -9.889240506E-06
105.4 3.957700101E-06 -9.894250253E-06
105.6 3.959706031E-06 2.969779524E-05
105.8 3.961713996E-06 3.961713996E-05
106 3.963723998E-06 4.954654997E-05
106.2 3.965736041E-06 4.957170051E-05
106.4 3.967750127E-06 9.919375317E-06
106.6 3.96976626E-06 -1.68863624E-20
106.8 3.971784443E-06 9.929461108E-06
107 0 -7.320255318E-21
107.2 3.975826972E-06 -9.93956743E-06
107.4 3.977851324E-06 -6.961239817E-05
107.6 3.979877738E-06 -5.969816607E-05
107.8 3.981906218E-06 -5.972859327E-05
108 3.983936767E-06 -7.967873534E-05
108.2 3.985969388E-06 -3.985969388E-05
108.4 3.988004084E-06 -4.985005105E-05
108.6 3.990040858E-06 -3.990040858E-05
108.8 3.992079714E-06 -1.996039857E-05
109 0 -1.997060327E-05
109.2 0 -9.990409207E-06
109.4 0 9.995522006E-06
109.6 0 2.000128008E-05
109.8 0 -1.000576332E-05
110 0 -7.283587845E-21
110.2 0 -4.006410256E-05
110.4 0 -7.01481529E-05
110.6 0 -1.002630903E-05
110.8 0 -3.009437596E-05
111 0 -3.01098407E-05
111.2 0 -2.008354756E-05
111.4 0 -5.02346965E-05
111.6 4.020844056E-06 -2.010422028E-05
111.8 8.045829042E-06 1.00572863E-05
112 1.207496136E-05 1.00624678E-05
112.2 1.610824742E-05 -2.013530928E-05
112.4 2.014569366E-05 -3.021854048E-05
112.6 2.015608875E-05 3.494528236E-21
112.8 2.41997935E-05 2.108055719E-21
113 2.824767562E-05 -2.017691116E-05
113.2 3.22997416E-05 -2.01873385E-05
113.4 4.039555326E-05 -3.029666494E-05
113.6 4.849974133E-05 -4.041645111E-05
113.8 5.661231884E-05 -1.010934265E-05
114 6.473329881E-05 -2.086106141E-20
114.2 7.28626943E-05 2.023963731E-05
114.4 8.10005184E-05 4.05002592E-05
114.6 8.914678423E-05 1.013031639E-05
114.8 9.730150493E-05 5.067786715E-05
115 0.0001054646937 5.070417965E-05
115.2 0.0001136363636 -4.058441558E-05
115.4 0.0001218165281 -5.075688669E-05
115.6 0.0001300052002 -3.04699688E-05
115.8 0.0001382023933 -1.016194069E-05
116 0.0001423412285 1.016723061E-05
116.2 0.000146484375 -1.017252604E-05
116.4 0.0001506318395 -5.088913497E-05
116.6 0.0001507103754 -6.109880083E-05
116.8 0.0001507889932 -4.075378195E-05
117 0.0001508676931 -3.058128914E-05
117.2 0.0001509464752 -5.099543081E-05
117.4 0.0001551071055 -2.040882968E-05
117.6 0.0001511042865 3.062924726E-05
117.8 0.0001511833159 -2.043017782E-05
118 0.000151262428 -8.176347462E-05
118.2 0.000151341623 -3.067735602E-05
118.4 0.0001473284442 6.138685175E-05
118.6 0.0001351218553 3.070951258E-05
118.8 0.0001351927111 2.04837441E-05
119 0.0001270658447 6.148347324E-05
119.2 0.0001189304462 -4.616820002E-21
119.4 0.0001148897059 -3.077402836E-05
119.6 0.0001067393589 -1.026339989E-05
119.8 9.858044164E-05 3.080638801E-05
120 9.041294056E-05 4.109679116E-05
120.2 8.223684211E-05 -1.027960526E-05
120.4 6.993812533E-05 -1.028501843E-05
120.6 6.585879874E-05 -2.05808746E-05
120.8 6.177517132E-05 -1.029586189E-05
121 5.768723629E-05 -2.747072171E-20
121.2 5.359498681E-05 1.422977992E-21
121.4 4.537354805E-05 1.031217001E-05
121.6 4.127047015E-05 -3.095285261E-05
121.8 4.12922833E-05 -2.064614165E-05
122 3.718270756E-05 8.571941614E-21
122.2 3.306878307E-05 -3.100198413E-05
122.4 3.308628904E-05 -5.169732663E-05
122.6 3.310381356E-05 -3.661777167E-20
122.8 3.312135665E-05 3.105127186E-05
123 3.313891835E-05 3.106773595E-05
123.2 2.901193634E-05 3.108421751E-05
123.4 2.902733546E-05 -2.073381104E-05
123.6 2.904275093E-05 -2.074482209E-05
123.8 3.320935175E-05 -1.037792242E-05
124 3.738038278E-05 -1.038343966E-05
124.2 4.155585106E-05 -1.038896277E-05
124.4 4.57357637E-05 -1.300984842E-20
124.6 5.824014909E-05 -1.040002662E-05
124.8 6.243340437E-05 -2.081113479E-05
125 6.663113006E-05 2.082222814E-05
125.2 6.666666667E-05 1.041666667E-05
125.4 6.67022412E-05 -2.868900108E-20
125.6 6.673785371E-05 1.042778964E-05
125.8 6.260016026E-05 -1.043336004E-05
126 5.845804383E-05 -3.131680919E-05
126.2 5.431149733E-05 -4.177807487E-05
126.4 5.852059925E-05 -7.315074906E-05
126.6 6.273420771E-05 -4.182280514E-05
126.8 6.276780932E-05 -1.046130155E-05
127 6.280144695E-05 2.093381565E-05
127.2 6.283512064E-05 -2.094504021E-05
127.4 6.286883047E-05 -1.047813841E-05
127.6 5.870907139E-05 -2.252046268E-20
127.8 5.454484425E-05 -5.244696563E-05
128 5.037614186E-05 -6.297017732E-05
128.2 5.040322581E-05 -7.35047043E-05
128.4 5.463286713E-05 -3.151896181E-05
128.6 5.466227126E-05 -4.204790097E-05
128.8 5.469170705E-05 -1.051763597E-05
129 5.472117457E-05 -1.174468304E-20
129.2 5.896226415E-05 1.30607302E-20
129.4 5.899406688E-05 3.16039644E-05
129.6 5.480976794E-05 5.270169995E-05
129.8 5.905777538E-05 2.109206263E-05
130 5.908968125E-05 -2.110345759E-05
130.2 5.912162162E-05 -2.111486486E-05
130.4 5.492833964E-05 -6.337885343E-05
130.6 5.495806277E-05 -5.284429113E-05
130.8 4.22983216E-05 -2.11491608E-05
131 4.655335861E-05 1.058030878E-05
131.2 4.234417344E-05 4.234417344E-05
131.4 5.084056399E-05 5.295892082E-05
131.6 5.086814976E-05 1.05975312E-05
131.8 5.089576547E-05 -5.301642237E-05
132 5.516702879E-05 -2.1218088E-05
132.2 5.519701087E-05 2.122961957E-05
132.4 5.097879282E-05 -1.613717461E-20
132.6 4.675598477E-05 -1.062636017E-05
132.8 5.103429505E-05 2.12642896E-05
133 5.10620915E-05 1.063793573E-05
133.2 4.683242507E-05 -3.193119891E-05
133.4 4.685796074E-05 -8.47975991E-21
133.6 4.262138571E-05 4.262138571E-05
133.8 3.411572052E-05 1.066116266E-05
134 3.413435281E-05 -2.133397051E-05
134.2 2.988387978E-05 1.067281421E-05
134.4 2.562875888E-05 -2.135729907E-05
134.6 2.136898249E-05 -3.205347374E-05
134.8 2.138067871E-05 1.069033935E-05
135 2.139238773E-05 2.139238773E-05
135.2 1.712328767E-05 4.280821918E-05
135.4 2.14158443E-05 2.14158443E-05
135.6 2.142759188E-05 -1.071379594E-05
135.8 2.143935236E-05 -2.143935236E-05
136 1.71609006E-05 -3.975112176E-22
136.2 2.146291209E-05 2.146291209E-05
136.4 2.147471138E-05 1.073735569E-05
136.6 2.148652365E-05 2.148652365E-05
136.8 2.149834893E-05 3.224752339E-05
137 2.151018722E-05 1.075509361E-05
137.2 2.152203857E-05 1.076101928E-05
137.4 2.153390298E-05 5.383475744E-05
137.6 2.154578047E-05 4.309156095E-05
137.8 2.155767108E-05 -8.695045627E-21
138 2.156957482E-05 -1.078478741E-05
138.2 2.158149171E-05 -1.079074586E-05
138.4 2.159342178E-05 -1.079671089E-05
138.6 2.160536504E-05 -4.321073009E-05
138.8 2.161732153E-05 -4.323464305E-05
139 2.162929125E-05 -3.244393688E-05
139.2 1.298476454E-05 -2.164127424E-05
139.4 1.732261641E-05 4.330654102E-05
139.6 8.666112035E-06 1.083264004E-05
139.8 1.30063818E-05 -2.1677303E-05
140 1.301360355E-05 3.253400888E-05
140.2 1.302083333E-05 5.425347222E-05
140.4 8.685380767E-06 2.171345192E-05
140.6 8.690211346E-06 -1.086276418E-05
140.8 4.347523651E-06 2.173761825E-05
141 4.349944321E-06 1.08748608E-05
141.2 0 -3.264275766E-05
141.4 0 -3.266095318E-05
141.6 0 -2.178611266E-05
141.8 0 -1.089913504E-05
142 0 1.090522055E-05
142.2 0 3.273393855E-05
142.4 0 4.366964785E-05
142.6 0 1.09235179E-05
142.8 0 -3.2788892E-05
143 0 1.093575028E-05
143.2 0 3.282563025E-05
143.4 0 -3.281835358E-21
143.6 0 -1.095415031E-05
143.8 0 1.096029742E-05
144 0 6.579870859E-05
144.2 0 3.291783708E-05
144.4 0 2.195756043E-05
144.6 0 4.393982002E-05
144.8 0 4.396454699E-05
145 0 3.299197635E-05
145.2 0 -6.900755169E-22
145.4 0 6.605834273E-05
145.6 0 8.812746757E-05
145.8 0 -6.93432555E-21
146 4.41134952E-06 5.5141869E-05
146.2 0 6.620762712E-05
146.4 4.416336914E-06 -5.520421142E-05
146.6 8.837669683E-06 -5.523543552E-05
146.8 1.326400679E-05 1.799326597E-20
147 2.211919592E-05 -2.211919592E-05
147.2 2.655807365E-05 -4.426345609E-05
147.4 3.100198413E-05 -2.214427438E-05
147.6 3.988230289E-05 -2.409839469E-20
147.8 4.433881952E-05 1.108470488E-05
148 4.88003975E-05 -1.109099943E-05
148.2 4.438920455E-05 -2.219460227E-05
148.4 3.997299602E-05 -2.220722001E-05
148.6 3.555176337E-05 -2.22198521E-05
148.8 2.667899829E-05 -1.111624929E-05
149 2.224515945E-05 -1.112257973E-05
149.2 2.225783476E-05 -4.451566952E-05
149.4 2.672462942E-05 -3.340578677E-05
149.6 2.67398745E-05 3.342484313E-05
149.8 2.675513699E-05 1.114797374E-05
150 3.123215306E-05 -3.346302113E-05
150.2 3.125E-05 -1.230259162E-20
150.4 3.573470555E-05 3.350128645E-05
150.6 4.022454233E-05 2.234696796E-05
150.8 4.919147109E-05 3.353963938E-05
151 4.474513173E-05 4.474513173E-05
151.2 4.9247851E-05 2.238538682E-05
151.4 5.375573394E-05 1.119911124E-05
151.6 5.826878944E-05 2.241107286E-05
151.8 5.381745121E-05 4.4847876E-05
152 5.384836301E-05 1.121840896E-05
152.2 5.387931034E-05 -1.122485632E-05
152.4 5.391029327E-05 3.369393329E-05
152.6 5.843642117E-05 5.618886651E-05
152.8 5.847006333E-05 4.497697179E-05
153 5.850374424E-05 5.625360023E-05
153.2 5.403458213E-05 0.0001013148415
153.4 4.956026528E-05 9.010957324E-05
153.6 4.958886324E-05 3.381058857E-05
153.8 4.961749423E-05 3.38301097E-05
154 4.964615829E-05 1.128321779E-05
154.2 4.967485549E-05 -1.128973988E-05
154.4 4.970358589E-05 4.518507808E-05
154.6 4.973234954E-05 2.260561343E-05
154.8 4.97611465E-05 -4.523740591E-05
155 4.978997683E-05 -5.657951912E-05
155.2 4.981884058E-05 -3.39673913E-05
155.4 4.984773782E-05 3.398709397E-05
155.6 4.98766686E-05 5.66780325E-05
155.8 4.536875726E-05 2.268437863E-05
156 4.085560721E-05 2.269755956E-05
156.2 3.63372093E-05 4.542151163E-05
156.4 3.635834788E-05 3.408595113E-05
156.6 3.183207218E-05 1.070708275E-20
156.8 2.730052417E-05 1.13752184E-05
157 2.276369464E-05 5.69092366E-05
157.2 1.822157434E-05 3.41654519E-05
157.4 1.367415403E-05 -1.163290104E-20
157.6 1.36821366E-05 -1.14017805E-05
157.8 1.36901285E-05 -4.563376168E-05
158 1.369812975E-05 -5.707554062E-05
158.2 9.137426901E-06 -1.142178363E-05
158.4 9.142773552E-06 -2.285693388E-05
158.6 4.574063232E-06 -2.287031616E-05
158.8 9.153485647E-06 -2.288371412E-05
159 9.158851114E-06 -2.289712778E-05
159.2 1.374633431E-05 -4.582111437E-05
159.4 1.375440141E-05 -3.438600352E-05
159.6 1.376247798E-05 4.58749266E-05
159.8 1.377056404E-05 1.147547004E-05
160 1.377865961E-05 -1.148221634E-05
160.2 1.378676471E-05 3.446691176E-05
160.4 1.379487934E-05 5.747866392E-05
160.6 1.380300353E-05 4.601001178E-05
160.8 1.38111373E-05 -1.150928108E-05
161 1.381928066E-05 1.151606722E-05
161.2 1.382743363E-05 2.304572271E-05
161.4 1.383559622E-05 -2.305932704E-05
161.6 1.384376846E-05 -1.153647372E-05
161.8 1.385195035E-05 -1.154329196E-05
162 1.386014193E-05 -1.155011827E-05
162.2 1.38683432E-05 -5.778476331E-05
162.4 1.387655417E-05 -4.625518058E-05
162.6 9.256516588E-06 1.157064573E-05
162.8 9.262003557E-06 -2.315500889E-05
163 9.267497034E-06 -2.316874259E-05
163.2 1.390949555E-05 1.072983204E-21
163.4 1.391775534E-05 2.319625891E-05
163.6 1.392602496E-05 -1.16050208E-05
163.8 1.39343044E-05 -3.4835761E-05
164 9.295062463E-06 3.485648424E-05
164.2 9.300595238E-06 -2.32514881E-05
164.4 9.306134604E-06 -2.326533651E-05
164.6 1.396752086E-05 -2.18670015E-20
164.8 1.397584973E-05 -1.164654144E-05
165 1.864558473E-05 -1.165349045E-05
165.2 1.865671642E-05 -2.332089552E-05
165.4 1.866786141E-05 -1.166741338E-05
165.6 1.867901973E-05 1.167438733E-05
165.8 1.869019139E-05 3.504410885E-05
166 1.870137642E-05 -1.873733169E-20
166.2 1.871257485E-05 3.508607784E-05
166.4 1.87237867E-05 2.340473337E-05
166.6 1.873501199E-05 -1.896167105E-20
166.8 1.874625075E-05 -3.268613634E-20
167 1.8757503E-05 -3.517031813E-05
167.2 1.876876877E-05 4.692192192E-05
167.4 1.408503606E-05 5.868765024E-05
167.6 1.879134095E-05 -1.174458809E-05
167.8 1.880264741E-05 3.52549639E-05
168 1.881396749E-05 2.351745936E-05
168.2 1.88253012E-05 -5.882906627E-05
168.4 1.883664858E-05 -2.516132511E-20
168.6 1.884800965E-05 2.356001206E-05
168.8 1.885938443E-05 -3.573535053E-23
169 1.887077295E-05 4.717693237E-05
169.2 1.888217523E-05 3.540407855E-05
169.4 1.889359129E-05 5.904247279E-05
169.6 1.890502117E-05 5.907819117E-05
169.8 1.891646489E-05 -1.182279056E-05
170 1.419594185E-05 -4.731980618E-05
170.2 1.893939394E-05 -3.551136364E-05
170.4 1.421315949E-05 1.184429958E-05
170.6 1.422178398E-05 -4.74059466E-05
170.8 1.897389192E-05 -2.371736491E-05
171 1.42390644E-05 4.7463548E-05
171.2 1.424772036E-05 -2.374620061E-05
171.4 1.425638686E-05 -3.564096715E-05
171.6 1.426506391E-05 -2.377510651E-05
171.8 1.427375152E-05 -2.378958587E-05
172 1.428244973E-05 1.190204144E-05
172.2 1.429115854E-05 -5.95464939E-05
172.4 1.429987797E-05 -0.0001310822148
172.6 1.430860806E-05 -4.76953602E-05
172.8 1.431734881E-05 -1.193112401E-05
173 1.432610024E-05 -4.775366748E-05
173.2 1.433486239E-05 -7.167431193E-05
173.4 9.562423501E-06 -1.195302938E-05
173.6 9.568279241E-06 3.588104715E-05
173.8 0 -3.861103602E-21
174 0 -1.197501533E-05
174.2 0 3.594708589E-05
174.4 0 3.596915285E-05
174.6 0 -3.599124693E-05
174.8 4.801782422E-06 -2.38775639E-20
175 9.609471095E-06 -2.030279382E-20
175.2 1.442307692E-05 -4.807692308E-05
175.4 1.443195813E-05 -2.405326355E-05
175.6 1.444085028E-05 -1.20340419E-05
175.8 1.444975339E-05 -3.612438348E-05
176 1.445866749E-05 -2.409777915E-05
176.2 1.446759259E-05 -3.616898148E-05
176.4 1.447652872E-05 -4.825509574E-05
176.6 1.44854759E-05 -2.414245983E-05
176.8 1.449443414E-05 -1.207869511E-05
177 1.450340347E-05 -1.517730279E-20
177.2 1.45123839E-05 4.8374613E-05
177.4 9.680916976E-06 4.840458488E-05
177.6 9.686918785E-06 2.421729696E-05
177.8 9.69292804E-06 1.084800911E-20
178 1.454841713E-05 -3.637104283E-05
178.2 1.455745342E-05 -2.426242236E-05
178.4 1.456650093E-05 -3.641625233E-05
178.6 1.45755597E-05 -2.42925995E-05
178.8 1.458462974E-05 1.215385812E-05
179 9.729140722E-06 1.21614259E-05
179.2 4.867601246E-06 1.216900312E-05
179.4 0 -1.217658978E-05
179.6 0 -2.43683718E-05
179.8 0 1.219179151E-05
180 0 1.001301347E-21
180.2 0 -4.8828125E-05
180.4 0 -4.885866166E-05
180.6 0 -1.222230914E-05
180.8 0 -1.222996243E-05
181 0 -1.223762531E-05
181.2 0 3.673589342E-05
181.4 0 6.126489962E-05
181.6 0 1.226067169E-05
181.8 0 -2.453674623E-05
182 0 1.227608422E-05
182.2 0 1.228380503E-05
182.4 0 -1.229153556E-05
182.6 0 -3.689782746E-05
182.8 0 -3.69210775E-05
183 0 -1.231478562E-05
183.2 0 -2.464511041E-05
183.4 0 -1.253065297E-20
183.6 0 -9.023293483E-21
183.8 0 -2.469184576E-05
184 0 -2.470746363E-05
184.2 0 5.916391698E-21
184.4 0 -1.236937935E-05
184.6 0 -1.2377218E-05
184.8 0 1.043162201E-20
185 0 -1.239292513E-05
185.2 0 -1.240079365E-05
185.4 4.963468869E-06 1.240867217E-05
185.6 9.93324857E-06 3.724968214E-05
185.8 1.490935115E-05 -1.242445929E-05
186 1.989178867E-05 -4.972947167E-05
186.2 1.99044586E-05 -3.732085987E-05
186.4 1.991714468E-05 -3.734464627E-05
186.6 1.992984694E-05 -4.982461735E-05
186.8 1.994256541E-05 -3.739231015E-05
187 1.49664751E-05 -1.247206258E-05
187.2 9.984025559E-06 -4.183128382E-20
187.4 4.995204604E-06 -1.248801151E-05
187.6 4.998400512E-06 -4.998400512E-05
187.8 1.000320102E-05 -6.25200064E-05
188 1.501441384E-05 -1.251201153E-05
188.2 2.003205128E-05 -2.756656336E-20
188.4 2.004490058E-05 -2.505612572E-05
188.6 2.005776637E-05 -2.507220796E-05
188.8 1.505298651E-05 1.254415543E-05
189 1.004177378E-05 -3.765665167E-05
189.2 5.024115756E-06 -1.256028939E-05
189.4 0 0.0001005469755
189.6 0 5.030585963E-05
189.8 0 -2.51691366E-05
190 5.037072856E-06 -2.518536428E-05
190.2 1.008064516E-05 -1.260080645E-05
190.4 1.0087153E-05 -2.52178825E-05
190.6 1.009366925E-05 -3.785125969E-05
190.8 5.050096962E-06 -3.787572721E-05
191 0 -1.26334088E-05
191.2 0 -3.792475728E-05
191.4 5.059909326E-06 -1.090614628E-20
191.6 1.012637719E-05 7.59478289E-05
191.8 1.519941634E-05 1.266618029E-05
192 2.027903958E-05 -7.604639844E-05
192.2 2.029220779E-05 -7.609577922E-05
192.4 2.030539311E-05 -1.26908707E-05
192.6 1.523894668E-05 6.349561118E-05
192.8 1.016590761E-05 5.082953806E-05
193 5.086263021E-06 1.271565755E-05
193.2 0 5.089576547E-05
193.4 0 2.204874742E-21
193.6 0 -5.096216569E-05
193.8 5.099543081E-06 -1.27488577E-05
194 0 -3.827155454E-05
194.2 0 -1.276552288E-05
194.4 0 2.554774362E-05
194.6 0 -5.11289267E-05
194.8 0 -8.953421742E-05
195 5.119593709E-06 -2.217407504E-20
195.2 5.12295082E-06 2.56147541E-05
195.4 5.126312336E-06 -1.281578084E-05
195.6 5.129678267E-06 7.976379956E-21
195.8 5.13304862E-06 -1.283262155E-05
196 5.136423406E-06 -1.284105851E-05
196.2 5.139802632E-06 -1.632549722E-20
196.4 0 -1.285796577E-05
196.6 1.029314888E-05 2.57328722E-05
196.8 5.14996704E-06 1.28749176E-05
197 5.153364116E-06 -6.4932685E-21
197.2 5.156765677E-06 5.156765677E-05
197.4 1.032034346E-05 5.160171731E-05
197.6 5.163582287E-06 1.290895572E-05
197.8 1.033399471E-05 -5.166997354E-05
198 1.034083388E-05 -1.292604236E-05
198.2 5.17384106E-06 5.17384106E-05
198.4 5.177269715E-06 2.588634858E-05
198.6 5.180702918E-06 -1.295175729E-05
198.8 1.036828135E-05 -2.592070338E-05
199 5.187583001E-06 2.593791501E-05
199.2 5.1910299E-06 3.893272425E-05
199.4 5.194481383E-06 3.895861037E-05
199.6 5.197937458E-06 5.197937458E-05
199.8 5.201398136E-06 3.901048602E-05
200 5.204863424E-06 1.301215856E-05
200.2 0 -2.604166667E-05
200.4 5.211807872E-06 3.908855904E-05
200.6 5.215287049E-06 0.0001173439586
200.8 1.043754175E-05 9.132849031E-05
201 1.566677807E-05 3.916694519E-05
201.2 2.090301003E-05 3.919314381E-05
201.4 2.614625167E-05 3.921937751E-05
201.6 2.616376423E-05 9.157317482E-05
201.8 2.618130027E-05 7.85439008E-05
202 2.619885983E-05 2.619885983E-05
202.2 2.621644295E-05 7.864932886E-05
202.4 2.62340497E-05 6.558512424E-05
202.6 2.625168011E-05 2.625168011E-05
202.8 2.626933423E-05 -1.313466711E-05
203 2.628701211E-05 -2.628701211E-05
203.2 2.63047138E-05 2.63047138E-05
203.4 2.632243935E-05 -1.316121968E-05
203.6 2.634018881E-05 -2.247095341E-20
203.8 2.635796221E-05 2.635796221E-05
204 2.637575962E-05 -1.318787981E-05
204.2 2.639358108E-05 -1.319679054E-05
204.4 2.641142664E-05 -1.813277489E-20
204.6 2.642929635E-05 1.321464817E-05
204.8 2.644719025E-05 1.322359513E-05
205 2.64651084E-05 1.32325542E-05
205.2 2.648305085E-05 2.648305085E-05
205.4 2.650101764E-05 3.975152646E-05
205.6 2.651900883E-05 2.651900883E-05
205.8 2.653702446E-05 1.326851223E-05
206 2.655506458E-05 -2.655506458E-05
206.2 2.657312925E-05 -1.328656463E-05
206.4 2.659121852E-05 2.659121852E-05
206.6 2.128746594E-05 1.330466621E-05
206.8 2.130197682E-05 -1.331373551E-05
207 2.13165075E-05 1.332281719E-05
207.2 2.133105802E-05 2.666382253E-05
207.4 2.134562842E-05 -1.334101776E-05
207.6 2.136021873E-05 -5.917643062E-21
207.8 2.1374829E-05 2.671853625E-05
208 2.138945927E-05 4.010523614E-05
208.2 2.140410959E-05 4.013270548E-05
208.4 2.141877999E-05 1.338673749E-05
208.6 2.143347051E-05 1.339591907E-05
208.8 2.144818119E-05 1.340511325E-05
209 2.146291209E-05 4.024296016E-05
209.2 2.147766323E-05 1.228393488E-20
209.4 2.149243466E-05 -4.029831499E-05
209.6 2.150722643E-05 -4.010310848E-20
209.8 2.152203857E-05 -1.34512741E-05
210 2.153687112E-05 -2.69210889E-05
210.2 2.155172414E-05 -4.040948276E-05
210.4 2.156659765E-05 -4.04373706E-05
210.6 2.158149171E-05 -2.697686464E-05
210.8 2.159640636E-05 -2.699550795E-05
211 2.161134163E-05 -1.350708852E-05
211.2 2.162629758E-05 -1.886021947E-20
211.4 2.164127424E-05 -2.105508792E-20
211.6 2.165627166E-05 -2.707033957E-05
211.8 2.167128988E-05 -1.354455617E-05
212 2.168632894E-05 1.355395559E-05
212.2 2.170138889E-05 -2.065199231E-20
212.4 2.171646977E-05 2.714558721E-05
212.6 2.173157163E-05 7.675698093E-21
212.8 2.17466945E-05 -1.359168406E-05
213 2.176183844E-05 1.360114903E-05
213.2 2.177700348E-05 -1.361062718E-05
213.4 2.179218968E-05 -1.362011855E-05
213.6 1.63555478E-05 -1.340557239E-21
213.8 1.091131285E-05 -1.21959412E-20
214 5.459468903E-06 1.364867226E-05
214.2 0 -5.64068981E-21
214.4 5.467109867E-06 -1.366777467E-05
214.6 1.094187675E-05 1.367734594E-05
214.8 1.642431675E-05 -1.368693062E-05
215 2.1914446E-05 -8.708228027E-21
215.2 1.644736842E-05 2.74122807E-05
215.4 1.645891854E-05 3.179446351E-20
215.6 1.647048489E-05 2.745080815E-05
215.8 1.648206751E-05 -1.373505626E-05
216 2.199155524E-05 -1.374472203E-05
216.2 2.200704225E-05 -1.375440141E-05
216.4 2.202255109E-05 -2.752818887E-05
216.6 2.203808181E-05 -1.377380113E-05
216.8 2.205363444E-05 -1.378352152E-05
217 2.206920904E-05 1.379325565E-05
217.2 2.208480565E-05 1.380300353E-05
217.4 2.210042433E-05 8.840667325E-21
217.6 2.211606511E-05 -4.146762208E-05
217.8 2.213172805E-05 -8.299398017E-05
218 2.214741318E-05 -4.152639972E-05
218.2 2.216312057E-05 1.385195035E-05
218.4 2.217885025E-05 1.386178141E-05
218.6 2.219460227E-05 1.387162642E-05
218.8 2.221037669E-05 2.776297086E-05
219 2.222617354E-05 4.167407539E-05
219.2 2.224199288E-05 -1.390124555E-05
219.4 2.225783476E-05 -2.782229345E-05
219.6 2.227369922E-05 3.992792367E-21
219.8 2.228958631E-05 -6.936481911E-21
220 1.672912206E-05 -1.904839822E-20
220.2 1.674107143E-05 -3.261629685E-20
220.4 1.675303788E-05 1.39608649E-05
220.6 1.676502146E-05 -1.397085122E-05
220.8 2.236936292E-05 1.398085183E-05
221 2.238538682E-05 2.798173352E-05
221.2 2.240143369E-05 -2.800179211E-05
221.4 2.241750359E-05 2.802187948E-05
221.6 1.682519742E-05 4.206299354E-05
221.8 1.683728448E-05 1.40310704E-05
222 1.684938893E-05 2.808231488E-05
222.2 1.686151079E-05 -1.405125899E-05
222.4 2.249820014E-05 -1.406137509E-05
222.6 2.251440922E-05 2.814301153E-05
222.8 2.253064167E-05 -2.687464028E-20
223 2.254689755E-05 9.471728475E-21
223.2 2.25631769E-05 4.230595668E-05
223.4 2.257947977E-05 5.644869942E-05
223.6 2.259580622E-05 4.236713666E-05
223.8 2.26121563E-05 4.239779305E-05
224 2.262853005E-05 2.828566256E-05
224.2 2.264492754E-05 4.245923913E-05
224.4 2.26613488E-05 5.665337201E-05
224.6 2.26777939E-05 2.834724238E-05
224.8 2.269426289E-05 2.836782861E-05
225 2.271075581E-05 2.838844477E-05
225.2 2.272727273E-05 2.840909091E-05
225.4 2.274381368E-05 2.84297671E-05
225.6 2.276037873E-05 4.267571012E-05
225.8 2.277696793E-05 4.270681487E-05
226 2.279358133E-05 2.849197666E-05
226.2 2.281021898E-05 5.702554745E-05
226.4 2.282688093E-05 5.706720234E-05
226.6 2.284356725E-05 2.855445906E-05
226.8 2.286027798E-05 5.715069495E-05
227 2.287701318E-05 4.289439971E-05
227.2 2.289377289E-05 2.861721612E-05
227.4 2.291055718E-05 4.295729472E-05
227.6 2.29273661E-05 4.298881145E-05
227.8 2.294419971E-05 5.736049927E-05
228 2.296105805E-05 4.305198384E-05
228.2 2.297794118E-05 2.872242647E-05
228.4 2.299484915E-05 4.311534216E-05
228.6 2.301178203E-05 2.876472754E-05
228.8 2.878592483E-05 -1.439296242E-05
229 2.880715339E-05 -1.44035767E-05
229.2 2.882841328E-05 -1.05102494E-20
229.4 2.884970458E-05 2.884970458E-05
229.6 2.887102735E-05 1.443551367E-05
229.8 2.889238166E-05 -1.176361137E-20
230 2.891376758E-05 1.445688379E-05
230.2 2.893518519E-05 -7.320019721E-21
230.4 2.895663454E-05 1.447831727E-05
230.6 2.897811573E-05 1.448905786E-05
230.8 2.89996288E-05 1.44998144E-05
231 2.321693908E-05 2.902117385E-05
231.2 1.742565056E-05 2.904275093E-05
231.4 1.162574405E-05 2.906436012E-05
231.6 5.817200298E-06 1.454300074E-05
231.8 5.821535022E-06 1.455383756E-05
232 5.825876212E-06 2.912938106E-05
232.2 5.830223881E-06 4.37266791E-05
232.4 5.834578043E-06 1.458644511E-05
232.6 5.838938714E-06 4.379204036E-05
232.8 5.843305909E-06 5.843305909E-05
233 0 2.92383982E-05
233.2 5.852059925E-06 4.389044944E-05
233.4 5.856446777E-06 2.928223388E-05
233.6 5.86084021E-06 2.930420105E-05
233.8 0 2.93262012E-05
234 0 4.402235162E-05
234.2 0 4.405545113E-05
234.4 0 2.93924003E-05
234.6 0 2.941453313E-05
234.8 0 4.221152311E-21
235 0 -1.079217399E-21
235.2 0 2.948113208E-05
235.4 0 2.950339879E-05
235.6 0 1.476284958E-05
235.8 0 1.477401664E-05
236 0 4.435560182E-05
236.2 0 2.959280303E-05
236.4 0 2.961523882E-05
236.6 0 4.445656297E-05
236.8 0 4.449031891E-05
237 0 5.936550152E-05
237.2 0 5.941064639E-05
237.4 0 5.945585997E-05
237.6 0 5.950114242E-05
237.8 0 2.977324695E-05
238 0 3.639550618E-20
238.2 0 -2.981870229E-05
238.4 5.968296409E-06 -1.492074102E-05
238.6 0 -1.493214832E-05
238.8 5.977429227E-06 -1.671268912E-21
239 5.982006126E-06 5.982006126E-05
239.2 5.986590038E-06 2.993295019E-05
239.4 5.991180982E-06 1.497795245E-05
239.6 5.995778972E-06 2.997889486E-05
239.8 6.000384025E-06 3.000192012E-05
240 6.004996157E-06 7.506245196E-05
240.2 0 3.004807692E-05
240.4 6.014241724E-06 -1.503560431E-05
240.6 6.018875193E-06 -1.504718798E-05
240.8 6.023515806E-06 -9.34747042E-21
241 6.02816358E-06 4.521122685E-05
241.2 6.032818533E-06 4.5246139E-05
241.4 6.03748068E-06 4.52811051E-05
241.6 6.042150039E-06 4.531612529E-05
241.8 6.046826625E-06 4.535119969E-05
242 6.051510457E-06 -1.512877614E-05
242.2 6.05620155E-06 3.028100775E-05
242.4 0 4.545674942E-05
242.6 6.06560559E-06 1.129957672E-20
242.8 6.07031857E-06 1.517579643E-05
243 6.07503888E-06 3.03751944E-05
243.2 6.079766537E-06 3.039883268E-05
243.4 1.216900312E-05 5.626673424E-20
243.6 6.089243959E-06 -1.52231099E-05
243.8 6.09399376E-06 -1.52349844E-05
244 6.098750976E-06 1.524687744E-05
244.2 6.103515625E-06 -9.892548595E-21
244.4 6.108287725E-06 -1.527071931E-05
244.6 0 -1.528266823E-05
244.8 0 1.250954971E-20
245 0 1.530662226E-05
245.2 0 1.531862745E-05
245.4 0 7.665325746E-05
245.6 0 7.671347211E-05
245.8 0 4.606426887E-05
246 0 -1.645107073E-20
246.2 0 -3.075787402E-05
246.4 0 1.539105595E-05
246.6 0 3.080638801E-05
246.8 0 1.541535122E-05
247 0 1.542752765E-05
247.2 0 3.087944664E-05
247.4 0 3.090387658E-05
247.6 0 2.47504395E-20
247.8 0 3.095285261E-05
248 0 6.195479778E-05
248.2 0 6.200396825E-05
248.4 0 4.653991263E-05
248.6 0 3.105127186E-05
248.8 0 4.661396181E-05
249 0 1.555035828E-05
249.2 0 3.112549801E-05
249.4 0 3.115031898E-05
249.6 0 3.117517957E-05
249.8 0 7.800019968E-05
250 0 9.367505995E-05
250.2 0 3.125E-05
250.4 0 -3.52690737E-20
250.6 0 -3.385991471E-20
250.8 0 -2.503687492E-20
251 0 -4.702548154E-05
251.2 0 -6.275100402E-05
251.4 0 -6.164326997E-21
251.6 0 1.49340763E-20
251.8 0 -1.572564412E-05
252 0 -3.147663175E-05
252.2 0 -1.575100806E-05
252.4 0 -3.2210029E-20
252.6 0 1.577645396E-05
252.8 0 1.578920776E-05
253 0 -3.16039644E-05
253.2 0 4.367562517E-20
253.4 0 4.748277958E-05
253.6 0 -1.665461539E-20
253.8 0 -5.585315608E-21
254 0 4.759849716E-05
254.2 0 1.587906504E-05
254.4 0 -8.139417445E-22
254.6 0 3.180985342E-05
254.8 0 -3.183577832E-05
255 0 -4.779261827E-05
255.2 0 -3.18877551E-05
255.4 0 -2.035556095E-20
255.6 0 3.193990188E-05
255.8 0 -3.196603928E-05
256 0 -3.199221949E-05
256.2 0 -1.600922131E-05
256.4 0 -3.204470878E-05
256.6 0 1.603550903E-05
256.8 0 -1.604868529E-05
257 0 -6.424753289E-05
257.2 0 -4.822530864E-05
257.4 0 -1.608834432E-05
257.6 0 -3.220321517E-05
257.8 0 -6.445957096E-05
258 0 -1.612819983E-05
258.2 0 -1.614152893E-05
258.4 0 -4.84646402E-05
258.6 0 -6.467301325E-05
258.8 0 -6.472659486E-05
259 0 -6.478026534E-05
259.2 0 -4.862551867E-05
259.4 0 -8.110984219E-05
259.6 0 -8.117726517E-05
259.8 0 1.624896007E-05
260 0 1.626248959E-05
260.2 0 -1.627604167E-05
260.4 0 1.628961635E-05
260.6 0 3.260642738E-05
260.8 0 -1.827338729E-20
261 0 -1.312513591E-21
261.2 0 1.634414226E-05
261.4 0 3.271566164E-05
261.6 0 3.274308466E-05
261.8 0 -6.973592479E-21
262 0 -1.268847321E-20
262.2 0 1.641281513E-05
262.4 0 1.642661901E-05
262.6 0 1.973061292E-20
262.8 0 -4.934593822E-21
263 0 1.646817032E-05
263.2 0 3.296413502E-05
263.4 0 3.299197635E-05
263.6 0 -2.037704281E-21
263.8 0 2.346478353E-20
264 0 3.080633369E-20
264.2 0 -9.287400833E-21
264.4 0 -8.011337557E-21
264.6 0 5.650931204E-21
264.8 0 1.504720573E-20
265 0 -1.660820578E-05
265.2 0 2.611808307E-21
265.4 0 1.663649915E-05
265.6 0 -1.665068201E-05
265.8 0 -3.332977816E-05
266 0 3.335824082E-05
266.2 0 5.008012821E-05
266.4 0 3.341531223E-05
266.6 0 1.672196062E-05
266.8 0 1.397405456E-20
267 0 1.721683541E-20
267.2 0 1.676502146E-05
267.4 0 2.25591614E-20
267.6 0 -3.358770421E-05
267.8 0 4.035502435E-20
268 0 1.682278208E-05
268.2 0 -1.683728448E-05
268.4 0 -1.685181191E-05
268.6 0 8.148645678E-20
268.8 0 3.043097591E-21
269 0 -2.697009082E-20
269.2 0 1.258876439E-20
269.4 0 2.797151291E-20
269.6 0 -1.518248342E-20
269.8 0 1.744874654E-21
270 0 -4.565257187E-21
270.2 0 -3.993207772E-20
270.4 0 -2.640655856E-20
270.6 0 4.046265325E-20
270.8 0 1.961861136E-20
271 0 1.534774829E-20
271.2 0 1.244678171E-20
271.4 0 2.472026089E-20
271.6 0 1.708770779E-05
271.8 0 3.420534151E-05
272 0 3.423531989E-05
272.2 0 1.713267544E-05
272.4 0 1.71477173E-05
272.6 0 1.716278559E-05
272.8 0 1.717788039E-05
273 0 1.719300176E-05
273.2 0 1.720814978E-05
273.4 0 3.444664903E-05
273.6 0 3.447705207E-05
273.8 0 1.777043395E-20
274 0 -1.726900973E-05
274.2 0 -1.728429204E-05
274.4 0 -3.459920283E-05
274.6 0 -1.731493794E-05
274.8 0 -1.733030169E-05
275 0 -4.30181157E-21
275.2 0 3.037981938E-20
275.4 0 -3.475311388E-05
275.6 0 -1.739203028E-05
275.8 0 -1.740753119E-05
276 0 -1.742305977E-05
276.2 0 1.743861607E-05
276.4 0 1.745420018E-05
276.6 0 -1.746981216E-05
276.8 0 -3.497090421E-05
277 0 -3.500224014E-05
277.2 0 -3.503363229E-05
277.4 0 -8.766270197E-05
277.6 0 -0.0001228380503
277.8 0 -8.782036871E-05
278 0 -3.515976598E-05
278.2 0 -2.218479487E-20
278.4 0 1.761158702E-05
278.6 0 -3.195667349E-20
278.8 0 -1.76434056E-05
279 0 -1.765935805E-05
279.2 0 -7.070135747E-05
279.4 0 -5.307404891E-05
279.6 0 -3.786977572E-20
279.8 0 1.772345735E-05
280 0 5.321866485E-05
280.2 0 5.326704545E-05
280.4 0 5.33155141E-05
280.6 0 1.778802368E-05
280.8 0 -5.34127165E-05
281 0 -1.782048358E-05
281.2 0 1.783675799E-05
281.4 0 -7.141224863E-05
281.6 0 -8.934698079E-05
281.8 0 1.788576007E-05
282 0 5.370646196E-05
282.2 0 3.583715596E-05
282.4 0 1.793503214E-05
282.6 0 -7.742446011E-20
282.8 0 1.796803128E-05
283 0 1.798457643E-05
283.2 0 -1.800115207E-05
283.4 0 -3.603551661E-05
283.6 0 1.864893765E-20
283.8 0 1.805106285E-05
284 0 -3.181737058E-21
284.2 7.233796296E-06 -1.032794511E-20
284.4 1.448100093E-05 -1.639001072E-20
284.6 2.174165121E-05 -1.146332419E-20
284.8 2.901578459E-05 -2.801496406E-20
285 3.630343866E-05 -1.815171933E-05
285.2 4.360465116E-05 -5.450581395E-05
285.4 5.091945996E-05 -3.637104283E-05
285.6 5.824790308E-05 3.657135962E-21
285.8 6.559001866E-05 3.643889925E-05
286 7.2945845E-05 5.470938375E-05
286.2 8.031542056E-05 1.825350467E-05
286.4 8.769878391E-05 -1.827057998E-05
286.6 9.509597378E-05 -3.657537453E-05
286.8 9.518509841E-05 -1.830482662E-05
287 9.527439024E-05 -3.664399625E-05
287.2 9.536384977E-05 -5.501760563E-05
287.4 9.545347744E-05 -3.671287594E-05
287.6 9.554327375E-05 -1.387321808E-20
287.8 9.563323917E-05 1.839100753E-05
288 9.572337418E-05 -2.463655747E-20
288.2 9.581367925E-05 3.685141509E-05
288.4 9.590415486E-05 3.688621341E-05
288.6 9.599480151E-05 -3.69210775E-05
288.8 9.608561968E-05 -5.543401135E-05
289 9.617660985E-05 -5.091696805E-20
289.2 9.626777251E-05 1.851303318E-05
289.4 9.635910816E-05 1.784003194E-20
289.6 9.645061728E-05 1.854819563E-05
289.8 9.654230038E-05 1.8565827E-05
290 9.663415794E-05 -3.835715123E-20
290.2 9.672619048E-05 -1.860119048E-05
290.4 9.681839847E-05 -1.861892278E-05
290.6 9.691078244E-05 -3.417515594E-21
290.8 9.700334288E-05 -1.865448902E-05
291 9.709608031E-05 -1.867232314E-05
291.2 9.718899522E-05 -1.233578418E-20
291.4 9.728208812E-05 -6.941295871E-21
291.6 9.737535954E-05 3.814508585E-20
291.8 9.746880998E-05 1.549721807E-20
292 9.756243996E-05 -4.255143256E-21
292.2 9.765625E-05 -7.963516237E-21
292.4 9.775024062E-05 -2.724767567E-20
292.6 9.784441233E-05 -1.432390957E-20
292.8 9.793876567E-05 4.242323155E-20
293 9.803330116E-05 1.885255792E-05
293.2 9.812801932E-05 5.661231884E-05
293.4 9.066731141E-05 3.777804642E-05
293.6 8.319215876E-05 -1.890730881E-05
293.8 7.570251938E-05 -3.785125969E-05
294 6.819835112E-05 -1.894398642E-05
294.2 6.067961165E-05 -3.198141557E-20
294.4 5.31462585E-05 1.898080661E-05
294.6 4.559824903E-05 3.799854086E-05
294.8 3.803554041E-05 1.90177702E-05
295 3.045808967E-05 -1.903630604E-05
295.2 2.286585366E-05 -3.81097561E-05
295.4 1.525878906E-05 2.314290402E-20
295.6 7.636852395E-06 1.909213099E-05
295.8 0 -1.911081213E-05
296 0 -1.912952987E-05
296.2 0 -5.445271994E-21
296.4 0 -7.778898845E-21
296.6 0 1.902850243E-20
296.8 0 2.309011701E-20
297 0 -1.922367126E-05
297.2 0 -1.924261084E-05
297.4 0 -1.944999847E-20
297.6 0 3.856120434E-05
297.8 7.71986166E-06 5.789896245E-05
298 7.727497527E-06 3.863748764E-05
298.2 7.735148515E-06 5.801361386E-05
298.4 0 3.871407334E-05
298.6 0 7.722440772E-21
298.8 0 -1.939548163E-05
299 0 -1.941476143E-05
299.2 0 3.88681592E-05
299.4 0 3.890687251E-05
299.6 0 1.947283151E-05
299.8 0 4.140638083E-20
300 0 -1.951173826E-05
300.2 0 -1.953125E-05
300.4 0 -1.95508008E-05
300.6 0 1.991362587E-20
300.8 0 -1.188777284E-20
301 0 -1.452345351E-20
301.2 0 3.920801055E-21
301.4 0 1.964914487E-05
301.6 0 1.966893253E-05
301.8 0 -1.968876008E-05
302 0 2.755611282E-20
302.2 0 1.972853535E-05
302.4 0 -2.949382359E-20
302.6 0 -1.976847166E-05
302.8 0 -1.978850051E-05
303 0 -1.424005719E-20
303.2 0 2.221520278E-20
303.4 0 1.98488313E-05
303.6 0 5.960707019E-05
303.8 0 3.977851324E-05
304 0 2.423651987E-20
304.2 0 1.992984694E-05
304.4 0 8.221779516E-21
304.6 0 1.595335787E-20
304.8 0 1.999104401E-05
305 0 -2.057680829E-20
305.2 0 -2.003205128E-05
305.4 0 -2.005261807E-05
305.6 0 4.014645427E-05
305.8 0 4.01877572E-05
306 0 2.011457261E-05
306.2 0 4.027061856E-05
306.4 0 4.03121775E-05
306.6 0 4.035382231E-05
306.8 0 4.039555326E-05
307 0 6.06560559E-05
307.2 0 4.047927461E-05
307.4 0 -2.026063278E-05
307.6 0 -6.084501558E-05
307.8 0 6.353882282E-20
308 0 4.064776275E-05
308.2 0 -2.034505208E-05
308.4 0 -4.073253389E-05
308.6 0 -4.077505219E-05
308.8 0 -6.122648903E-05
309 0 -8.17207113E-05
309.2 0 -6.135471204E-05
309.4 0 2.047300839E-05
309.6 0 6.148347324E-05
309.8 0 2.051601891E-05
310 0 -2.053759201E-05
310.2 0 -2.055921053E-05
310.4 0 1.904999869E-20
310.6 0 2.060258439E-05
310.8 0 2.062434002E-05
311 0 2.064614165E-05
311.2 0 2.066798942E-05
311.4 0 5.565931904E-20
311.6 0 1.397355433E-20
311.8 0 -2.073381104E-05
312 0 3.924310685E-20
312.2 0 4.155585106E-05
312.4 0 4.16001065E-05
312.6 0 2.082222814E-05
312.8 0 2.084445037E-05
313 0 3.808332279E-20
313.2 0 -4.177807487E-05
313.4 0 1.929292537E-20
313.6 0 4.18676313E-05
313.8 0 2.095627682E-05
314 0 2.097878625E-05
314.2 0 2.100134409E-05
314.4 0 4.204790097E-05
314.6 0 8.418642241E-05
314.8 0 4.21386192E-05
315 0 2.109206263E-05
315.2 0 6.334459459E-05
315.4 0 6.341314935E-05
315.6 0 6.348185265E-05
315.8 0 0.00012710141
316 0 0.0001060328447
316.2 0 -3.065176037E-20
316.4 0 -8.501088139E-05
316.6 0 -2.127587146E-05
316.8 0 0.0001064953653
317 0 4.264465066E-05
317.2 0 -4.269125683E-05
317.4 0 -2.136898249E-05
317.6 0 2.139238773E-05
317.8 0 -2.14158443E-05
318 0 -2.143935236E-05
318.2 0 8.585164835E-05
318.4 0 6.445957096E-05
318.6 0 -4.302037445E-05
318.8 0 -6.460170893E-05
319 0 -2.155767108E-05
319.2 0 5.197706688E-20
319.4 0 6.481609513E-05
319.6 0 8.651716501E-05
319.8 0 2.165327051E-05
320 0 2.1677303E-05
320.2 0 -4.340277778E-05
320.4 0 -8.690211346E-05
320.6 0 -8.699888641E-05
320.8 0 -8.709587514E-05
321 0 -6.539481027E-05
321.2 0 -0.0001091131285
321.4 0 -3.443910253E-20
321.6 0 8.748600224E-05
321.8 0 4.379204036E-05
322 0 4.384118967E-05
322.2 0 4.389044944E-05
322.4 0 1.197466353E-20
322.6 0 -4.39893018E-05
322.8 0 -4.403889515E-05
323 0 -6.613290068E-05
323.2 0 2.206920904E-05
323.4 0 2.209417421E-05
323.6 0 -4.423839185E-05
323.8 0 2.214427438E-05
324 0 -4.433881952E-05
324.2 0 -4.438920455E-05
324.4 0 2.22198521E-05
324.6 0 -1.202755871E-20
324.8 0 -9.453457439E-21
325 0 -2.229594749E-05
325.2 0 -2.232142857E-05
325.4 0 6.196483099E-20
325.6 0 2.237256586E-05
325.8 0 2.239822248E-05
326 0 -2.198787381E-20
326.2 0 -2.244971264E-05
326.4 0 -4.495109321E-05
326.6 0 -4.500288018E-05
326.8 0 -4.505478662E-05
327 0 -1.127309016E-20
327.2 0 3.091237745E-21
327.4 0 -9.04224537E-05
327.6 0 -9.052723059E-05
327.8 0 -4.531612529E-05
328 0 -2.268437863E-05
328.2 0 -2.271075581E-05
328.4 0 -4.547438882E-05
328.6 0 2.684634401E-21
328.8 0 -2.279025671E-05
329 0 -4.563376168E-05
329.2 0 -4.56871345E-05
329.4 0 -2.287031616E-05
329.6 0 2.289712778E-05
329.8 0 2.739340442E-20
330 0 4.590188014E-05
330.2 0 -2.594247038E-20
330.4 0 1.180163253E-20
330.6 0 -1.991631594E-21
330.8 0 -2.387479587E-20
331 0 -1.157973918E-20
331.2 0 -2.311390533E-05
331.4 0 2.314129147E-05
331.6 0 4.633748517E-05
331.8 0 2.319625891E-05
332 0 -6.9671522E-05
332.2 0 -6.975446429E-05
332.4 0 -2.327920143E-05
332.6 0 -2.082322421E-20
332.8 0 4.666965352E-05
333 0 0.0001401764354
333.2 0 7.017215569E-05
333.4 0 -2.486350433E-20
333.6 0 2.196825284E-20
333.8 0 4.695012019E-05
334 0 0.0001175165463
334.2 0 7.059487952E-05
334.4 0 7.068003619E-05
334.6 0 0.0001179423309
334.8 0 7.085096735E-05
335 0 4.729116223E-05
335.2 0 9.46969697E-05
335.4 0 9.48118932E-05
335.6 0 7.119532199E-05
335.8 0 4.752128954E-05
336 0 7.136875761E-05
336.2 0 9.527439024E-05
336.4 0 2.38476801E-05
336.6 0 -2.387683374E-05
336.8 0 2.390605875E-05
337 0 4.787071078E-05
337.2 0 2.396472393E-05
337.4 0 -1.912963992E-20
337.6 0 2.402367774E-05
337.8 0 1.27822362E-20
338 0 -4.816584464E-05
338.2 0 -2.411265432E-05
338.4 0 2.414245983E-05
338.6 0 4.834467822E-05
338.8 0 4.840458488E-05
339 0 2.42323201E-05
339.2 0 6.129341532E-21
339.4 0 -1.256509984E-20
339.6 0 2.432285181E-05
339.8 0 2.435317955E-05
340 0 3.810255304E-20
340.2 0 5.401603999E-20
340.4 0 9.324587843E-21
340.6 0 -2.447525063E-05
340.8 0 -4.974328002E-20
341 0 1.149820337E-20
341.2 0 -2.456761006E-05
341.4 0 9.364191924E-20
341.6 0 2.389754436E-21
341.8 0 -4.932133838E-05
342 0 -9.876738306E-05
342.2 0 -7.41693038E-05
342.4 0 -2.475443599E-05
342.6 0 2.558002302E-21
342.8 0 -4.963468869E-05
343 0 -4.969783715E-05
343.2 0 2.804036341E-20
343.4 0 -4.982461735E-05
343.6 0 -4.988825032E-05
343.8 0 -5.024035521E-21
344 0 -3.189170617E-20
344.2 0 -2.50400641E-05
344.4 0 -7.521662388E-05
344.6 0 -2.510443445E-05
344.8 0 -2.513674389E-05
345 0 -0.0001006765464
345.2 0 -2.52016129E-05
345.4 0 2.563339727E-21
345.6 0 -5.053363519E-05
345.8 0 -5.059909326E-05
346 0 -5.066472114E-05
346.2 0 -4.236910901E-20
346.4 0 5.079648895E-05
346.6 0 2.54313151E-05
346.8 0 -5.092894394E-05
347 1.019908616E-05 -5.099543081E-05
347.2 1.02124183E-05 2.553104575E-05
347.4 1.022578534E-05 5.23185651E-20
347.6 1.023918742E-05 -2.559796855E-05
347.8 1.025262467E-05 2.563156168E-05
348 1.026609724E-05 -3.937395114E-20
348.2 1.027960526E-05 -5.139802632E-05
348.4 1.029314888E-05 -0.0001029314888
348.6 1.030672823E-05 -0.0001030672823
348.8 1.032034346E-05 -2.580085865E-05
349 1.033399471E-05 -2.583498677E-05
349.2 1.034768212E-05 -7.760761589E-05
349.4 1.036140584E-05 -0.0001036140584
349.6 1.0375166E-05 -5.187583001E-05
349.8 1.038896277E-05 6.415861817E-20
350 1.040279627E-05 -2.600699068E-05
350.2 1.041666667E-05 2.604166667E-05
350.4 0 5.215287049E-05
350.6 1.044451872E-05 -9.03015511E-21
350.8 1.045850067E-05 2.614625167E-05
351 1.047252011E-05 5.236260054E-05
351.2 1.048657718E-05 7.864932886E-05
351.4 1.050067204E-05 2.625168011E-05
351.6 1.051480485E-05 -5.257402423E-05
351.8 1.052897574E-05 -2.632243935E-05
352 1.054318489E-05 -0.0001054318489
352.2 1.055743243E-05 -0.0001319679054
352.4 0 2.642929635E-05
352.6 0 7.93953252E-05
352.8 0 -7.206510168E-21
353 0 -7.961107337E-05
353.2 0 -5.31462585E-05
353.4 0 2.660933243E-05
353.6 0 2.664563438E-05
353.8 0 2.668203552E-05
354 0 -2.671853625E-05
354.2 0 -5.351027397E-05
354.4 0 -2.679183813E-05
354.6 0 -5.365728022E-05
354.8 0 -2.686554333E-05
355 0 -1.706107579E-20
355.2 0 2.693965517E-05
355.4 0 2.697686464E-05
355.6 0 -2.701417704E-05
355.8 0 -2.70515928E-05
356 1.083564494E-05 2.708911234E-05
356.2 2.170138889E-05 2.712673611E-05
356.4 3.259735744E-05 -2.716446453E-05
356.6 4.352367688E-05 -2.720229805E-05
356.8 5.44804742E-05 6.368612474E-20
357 6.546787709E-05 2.727828212E-05
357.2 6.555944056E-05 -3.581863506E-20
357.4 7.659313725E-05 -8.206407563E-05
357.6 8.765778401E-05 5.014925887E-20
357.8 7.680828652E-05 5.48630618E-05
358 7.691631505E-05 3.313701526E-20
358.2 7.702464789E-05 9.379727399E-20
358.4 7.713328632E-05 -3.374524757E-20
358.6 7.724223164E-05 -6.996947661E-20
358.8 7.735148515E-05 -2.762553041E-05
359 8.852691218E-05 1.314139533E-20
359.2 6.64893617E-05 -1.966320636E-20
359.4 6.658380682E-05 -5.548650568E-05
359.6 7.77916074E-05 -2.778271693E-05
359.8 8.903133903E-05 1.761444821E-20
360 8.915834522E-05 -3.790158886E-20
360.2 8.928571429E-05 2.790178571E-05
360.4 8.941344778E-05 -2.794170243E-05
360.6 0.0001007342407 -2.798173352E-05
360.8 0.0001008787661 -2.802187948E-05
361 0.0001234734195 8.789382401E-21
361.2 0.0001124100719 8.430755396E-05
361.4 0.0001125720461 5.628602305E-05
361.6 0.000101461039 -2.033134927E-20
361.8 0.0001128973988 -2.822434971E-05
362 0.0001130607815 -1.413229421E-20
362.2 0.0001019021739 -4.859421754E-20
362.4 9.071117562E-05 -2.834724238E-05
362.6 9.084302326E-05 -5.677688953E-05
362.8 6.823144105E-05 -5.762226619E-20
363 5.694241983E-05 2.847120991E-05
363.2 4.562043796E-05 -5.702554745E-05
363.4 5.710891813E-05 -5.710891813E-05
363.6 3.431551977E-05 2.859626647E-05
363.8 2.291055718E-05 5.727639296E-05
364 2.294419971E-05 2.868024963E-05
364.2 2.297794118E-05 -5.744485294E-05
364.4 1.150589102E-05 -5.752945508E-05
364.6 0 2.880715339E-05
364.8 0 2.884970458E-05
365 0 -2.889238166E-05
365.2 0 -2.893518519E-05
365.4 0 -2.897811573E-05
365.6 0 1.511700774E-20
365.8 0 2.906436012E-05
366 0 5.748320972E-20
366.2 0 -9.16938574E-22
366.4 0 -5.738232676E-20
366.6 0 -1.21420653E-20
366.8 0 4.996812743E-21
367 0 -4.171722985E-21
367.2 0 -2.756996901E-20
367.4 0 2.941453313E-05
367.6 0 2.945889894E-05
367.8 0 -2.778772729E-20
368 0 4.602638256E-21
368.2 0 3.968616292E-20
368.4 0 5.2570194E-20
368.6 0 -2.968275076E-05
368.8 0 -1.706027995E-20
369 0 2.977324695E-05
369.2 0 -2.981870229E-05
369.4 0 -2.986429664E-05
369.6 0 5.247523199E-21
369.8 0 1.081168549E-20
370 0 -4.421870602E-20
370.2 0 -4.2293602E-20
370.4 0 -2.727223745E-20
370.6 0 -2.989565537E-21
370.8 0 3.611112404E-20
371 0 -8.153615297E-20
371.2 0 3.028100775E-05
371.4 0 3.032802795E-05
371.6 0 -3.066852689E-20
371.8 0 2.9912775E-20
372 0 -3.04699688E-05
372.2 0 -3.051757812E-05
372.4 0 3.056533646E-05
372.6 0 3.061324451E-05
372.8 0 -3.066130298E-05
373 0 -9.212853774E-05
373.2 0 -6.151574803E-05
373.4 0 3.716608996E-20
373.6 0 -6.171011058E-05
373.8 0 -9.271162975E-05
374 0 -3.095285261E-05
374.2 0 9.066800257E-21
374.4 0 -5.86487495E-21
374.6 0 1.784016415E-20
374.8 0 -3.115031898E-05
375 0 -3.120007987E-05
375.2 0 1.13152655E-20
375.4 0 -1.140922499E-20
375.6 0 3.135032103E-05
375.8 0 6.280144695E-05
376 0 3.145128824E-05
376.2 0 -3.150201613E-05
376.4 0 -3.155290792E-05
376.6 0 1.752831605E-20
376.8 0 -3.165518639E-05
377 0 -3.170657468E-05
377.2 0 4.945189393E-20
377.4 0 3.180985342E-05
377.6 0 3.186174551E-05
377.8 0 -3.191380719E-05
378 0 -3.196603928E-05
378.2 0 3.201844262E-05
378.4 0 3.207101806E-05
378.6 0 -2.815262502E-20
378.8 0 3.217668863E-05
379 0 -3.307807229E-20
379.2 0 -3.228305785E-05
379.4 0 -8.373261407E-20
379.6 0 -1.974521741E-20
379.8 0 3.244393688E-05
380 0 3.249792013E-05
380.2 1.302083333E-05 -3.255208333E-05
380.4 2.60851419E-05 -3.260642738E-05
380.6 2.612876254E-05 -9.754712714E-20
380.8 2.617252931E-05 -3.271566164E-05
381 2.621644295E-05 -3.277055369E-05
381.2 2.62605042E-05 -2.203636181E-20
381.4 2.63047138E-05 3.288089226E-05
381.6 2.634907251E-05 3.293634064E-05
381.8 2.639358108E-05 3.182658259E-20
382 2.643824027E-05 1.777980128E-20
382.2 2.648305085E-05 -6.630620865E-21
382.4 2.652801358E-05 -6.725991157E-20
382.6 2.657312925E-05 -3.321641156E-05
382.8 2.661839864E-05 -3.32729983E-05
383 2.666382253E-05 4.66609241E-20
383.2 2.670940171E-05 2.128416482E-20
383.4 2.675513699E-05 2.300693147E-20
383.6 2.680102916E-05 5.442246799E-20
383.8 2.684707904E-05 6.711769759E-05
384 2.689328744E-05 6.723321859E-05
384.2 2.693965517E-05 -3.367456897E-05
384.4 2.698618307E-05 -6.746545769E-05
384.6 4.054930796E-05 -3.379108997E-05
384.8 4.061958406E-05 3.384965338E-05
385 2.712673611E-05 3.390842014E-05
385.2 2.717391304E-05 1.541113815E-20
385.4 4.083188153E-05 -6.458770656E-20
385.6 4.090314136E-05 -2.170039754E-20
385.8 4.097465035E-05 -3.153827515E-20
386 4.104640981E-05 3.420534151E-05
386.2 4.111842105E-05 6.853070175E-05
386.4 4.119068541E-05 5.711411042E-20
386.6 4.126320423E-05 -6.877200704E-05
386.8 4.133597884E-05 -3.444664903E-05
387 4.14090106E-05 3.669817963E-20
387.2 4.148230088E-05 -3.456858407E-05
387.4 4.155585106E-05 -3.462987589E-05
387.6 4.162966252E-05 3.935650977E-20
387.8 4.170373665E-05 3.475311388E-05
388 4.177807487E-05 3.481506239E-05
388.2 4.185267857E-05 -3.487723214E-05
388.4 2.795169946E-05 -3.493962433E-05
388.6 1.400089606E-05 7.000448029E-05
388.8 1.402603232E-05 0.0001051952424
389 1.405125899E-05 3.512814748E-05
389.2 1.407657658E-05 3.519144144E-05
389.4 1.410198556E-05 3.228875561E-20
389.6 1.412748644E-05 -7.063743219E-05
389.8 1.415307971E-05 -3.538269928E-05
390 1.417876588E-05 8.56310357E-20
390.2 1.420454545E-05 3.551136364E-05
390.4 1.423041894E-05 3.557604736E-05
390.6 2.851277372E-05 -7.128193431E-05
390.8 5.71297989E-05 -0.0001071183729
391 7.154304029E-05 -3.577152015E-05
391.2 7.167431193E-05 -5.693319241E-20
391.4 7.180606618E-05 5.304203362E-20
391.6 7.193830571E-05 6.227452754E-20
391.8 7.207103321E-05 -5.221583255E-20
392 7.220425139E-05 -1.091920793E-20
392.2 7.233796296E-05 1.410918821E-20
392.4 7.247217069E-05 -6.207889997E-20
392.6 7.260687732E-05 3.630343866E-05
392.8 5.819366853E-05 3.637104283E-05
393 4.37266791E-05 -3.643889925E-05
393.2 4.380841121E-05 -3.650700935E-05
393.4 4.389044944E-05 2.461915322E-20
393.6 4.39727955E-05 1.001577691E-20
393.8 4.405545113E-05 3.892026262E-20
394 4.413841808E-05 1.551161647E-20
394.2 4.422169811E-05 -2.536179992E-20
394.4 4.430529301E-05 3.69210775E-05
394.6 2.959280303E-05 6.069822048E-21
394.8 2.964895636E-05 3.706119545E-05
395 2.970532319E-05 8.065471648E-20
395.2 2.976190476E-05 -3.720238095E-05
395.4 1.490935115E-05 7.454675573E-05
395.6 1.493785851E-05 -3.734464627E-05
395.8 2.993295019E-05 -7.483237548E-05
396 2.999040307E-05 3.748800384E-05
396.2 3.004807692E-05 3.756009615E-05
396.4 3.010597303E-05 3.763246628E-05
396.6 3.016409266E-05 3.770511583E-05
396.8 3.022243714E-05 -7.555609284E-05
397 4.542151163E-05 -7.570251938E-05
397.2 4.550970874E-05 3.792475728E-05
397.4 4.559824903E-05 1.404227125E-20
397.6 4.56871345E-05 -3.807261209E-05
397.8 4.577636719E-05 5.426568909E-20
398 4.586594912E-05 7.490651385E-20
398.2 4.595588235E-05 8.458741195E-21
398.4 4.604616896E-05 2.563553267E-20
398.6 4.613681102E-05 -2.525410961E-21
398.8 3.081854043E-05 3.852317554E-05
399 1.543972332E-05 3.85993083E-05
399.2 1.547029703E-05 3.867574257E-05
399.4 1.550099206E-05 3.875248016E-05
399.6 1.553180915E-05 4.908114874E-20
399.8 1.5562749E-05 -2.167258912E-21
400 1.559381238E-05 8.410059813E-20
400.2 1.5625E-05 2.665716642E-20
400.4 1.565631263E-05 -1.927316618E-20
400.6 1.5687751E-05 9.523839495E-21
400.8 1.57193159E-05 -1.817077641E-20
401 1.575100806E-05 -3.937752016E-05
401.2 3.156565657E-05 -7.891414141E-05
401.4 4.744433198E-05 -3.953694332E-05
401.6 4.754056795E-05 4.430798891E-20
401.8 4.763719512E-05 5.605309946E-20
402 4.773421589E-05 6.142917398E-21
402.2 4.783163265E-05 -3.143518644E-20
402.4 4.792944785E-05 3.994120654E-05
402.6 4.802766393E-05 4.002305328E-05
402.8 4.812628337E-05 4.010523614E-05
403 4.822530864E-05 0.0001205632716
403.2 3.221649485E-05 8.054123711E-05
403.4 1.614152893E-05 -4.035382231E-05
403.6 1.617494824E-05 -4.04373706E-05
403.8 1.620850622E-05 -4.311756254E-20
404 1.624220374E-05 -4.060550936E-05
404.2 1.627604167E-05 -4.069010417E-05
404.4 1.631002088E-05 -7.43579094E-20
404.6 1.634414226E-05 6.299011271E-20
404.8 1.637840671E-05 -4.094601677E-05
405 1.641281513E-05 -1.186125016E-19
405.2 1.644736842E-05 8.223684211E-05
405.4 1.648206751E-05 4.120516878E-05
405.6 1.651691332E-05 8.25845666E-05
405.8 1.655190678E-05 4.137976695E-05
406 1.658704883E-05 -8.293524416E-05
406.2 1.662234043E-05 -0.0001246675532
406.4 1.665778252E-05 -0.0001249333689
406.6 1.669337607E-05 -4.173344017E-05
406.8 1.672912206E-05 4.182280514E-05
407 0 4.191255365E-05
407.2 0 4.200268817E-05
407.4 0 4.209321121E-05
407.6 0 4.218412527E-05
407.8 0 -3.460184877E-20
408 0 -8.473427332E-05
408.2 0 -4.245923913E-05
408.4 0 8.510348584E-05
408.6 0 4.264465066E-05
408.8 0 4.273796499E-05
409 0 8.566337719E-05
409.2 0 -4.292582418E-05
409.4 0 -4.302037445E-05
409.6 0 4.311534216E-05
409.8 0 1.148964646E-19
410 0 -8.661308204E-05
410.2 0 -8.680555556E-05
410.4 0 -4.349944321E-05
410.6 0 1.251494477E-19
410.8 0 -4.369407159E-05
411 0 -4.379204036E-05
411.2 0 8.778089888E-05
411.4 0 8.79786036E-05
411.6 0 4.408860045E-05
411.8 0 5.708166275E-20
412 0 3.437053065E-20
412.2 0 4.438920455E-05
412.4 0 -4.449031891E-05
412.6 0 -4.459189498E-05
412.8 1.787757437E-05 7.684730755E-20
413 1.791857798E-05 4.659017945E-20
413.2 1.795977011E-05 1.698656123E-20
413.4 1.800115207E-05 4.500288018E-05
413.6 1.804272517E-05 4.510681293E-05
413.8 1.808449074E-05 -1.779133775E-20
414 1.812645012E-05 2.442761469E-20
414.2 3.63372093E-05 -4.542151163E-05
414.4 3.642191142E-05 -9.105477855E-05
414.6 3.650700935E-05 -9.126752336E-05
414.8 3.659250585E-05 -4.574063232E-05
415 3.667840376E-05 -1.06782792E-20
415.2 3.676470588E-05 4.595588235E-05
415.4 3.685141509E-05 9.212853774E-05
415.6 3.693853428E-05 4.617316785E-05
415.8 5.553909953E-05 -5.738731914E-20
416 5.567102138E-05 3.890767954E-20
416.2 3.720238095E-05 -1.553902248E-20
416.4 1.864558473E-05 1.377296401E-20
416.6 1.869019139E-05 2.482625655E-20
416.8 1.873501199E-05 -4.588392772E-20
417 1.878004808E-05 4.695012019E-05
417.2 1.88253012E-05 4.706325301E-05
417.4 1.887077295E-05 -4.717693237E-05
417.6 1.891646489E-05 -4.729116223E-05
417.8 0 4.74059466E-05
418 0 0.0001425638686
418.2 0 4.763719512E-05
418.4 0 -4.775366748E-05
418.6 0 4.787071078E-05
418.8 0 -7.651703434E-20
419 0 -4.810652709E-05
419.2 0 4.822530864E-05
419.4 0 9.668935644E-05
419.6 0 9.69292804E-05
419.8 0 9.717039801E-05
420 0 9.74127182E-05
420.2 0 9.765625E-05
420.4 0 4.895050125E-05
420.6 0 1.273916031E-19
420.8 0 4.919710327E-05
421 0 9.864267677E-05
421.2 0 0.0001483386076
421.4 0 0.000198286802
421.6 0 0.0001490935115
421.8 0 0.000149473852
422 0 9.990409207E-05
422.2 2.003205128E-05 1.138446033E-19
422.4 4.016709512E-05 7.605279474E-20
422.6 6.040592784E-05 -5.03382732E-05
422.8 8.074935401E-05 -0.000201873385
423 0.0001011981865 -0.0001517972798
423.2 0.0001217532468 -3.486455912E-20
423.4 0.0001220703125 -5.257271339E-20
423.6 0.0001223890339 -6.344684966E-20
423.8 0.0001227094241 5.11289267E-05
424 0.0001025262467 5.126312336E-05
424.2 0.0001027960526 -0.0001027960526
424.4 0.0001030672823 -0.0001546009235
424.6 0.0001033399471 -0.0001550099206
424.8 0.0001036140584 -0.0002072281167
425 0.0001038896277 -0.0002077792553
425.2 0.0001458333333 -0.0001041666667
425.4 0.000146223262 -5.222259358E-05
425.6 0.0001466152815 6.650226238E-21
425.8 0.0001260080645 0.0001050067204
426 0.0001052897574 5.264487871E-05
426.2 8.445945946E-05 6.369279525E-20
426.4 6.351626016E-05 5.648287868E-20
426.6 4.245923913E-05 -8.675960511E-20
426.8 2.128746594E-05 -5.321866485E-05
427 2.134562842E-05 -5.336407104E-05
427.2 2.140410959E-05 5.351027397E-05
427.4 2.146291209E-05 5.365728022E-05
427.6 2.152203857E-05 5.380509642E-05
427.8 2.158149171E-05 -1.526189918E-20
428 2.164127424E-05 -5.41031856E-05
428.2 2.170138889E-05 5.425347222E-05
428.4 2.176183844E-05 5.44045961E-05
428.6 2.18226257E-05 -4.731378802E-20
428.8 0 5.470938375E-05
429 0 -5.923809337E-20
429.2 0 -0.0002200704225
429.4 0 -0.0003310381356
429.6 0 -0.0001106586402
429.8 0 5.548650568E-05
430 0 -6.94819447E-20
430.2 0 -7.250378404E-20
430.4 0 2.11327283E-20
430.6 0 -5.612428161E-05
430.8 0 -0.0001125720461
431 0 -5.644869942E-05
431.2 0 -5.661231884E-05
431.4 0 -5.677688953E-05
431.6 0 5.694241983E-05
431.8 0 0.0001142178363
432 0 -5.727639296E-05
432.2 0 -0.0001723345588
432.4 0 -5.761430678E-05
432.6 0 -1.040891396E-19
432.8 0 5.795623145E-05
433 0 5.812872024E-05
433.2 0 -5.830223881E-05
433.4 0 -5.847679641E-05
433.6 0 -7.93062221E-20
433.8 0 -9.328626271E-20
434 0 -1.440279267E-19
434.2 0 -9.427618238E-20
434.4 0 -4.217141827E-21
434.6 0 -7.189639505E-22
434.8 0 -2.352525567E-20
435 0 -8.916071299E-20
435.2 0 -1.887310239E-19
435.4 0 4.39039199E-20
435.6 0 -6.417278847E-20
435.8 0 -1.363479528E-19
436 0 -1.257774838E-19
436.2 0 1.495792849E-20
436.4 0 1.434793298E-19
436.6 0 1.831972109E-19
436.8 0 -2.816205206E-20
437 0 -1.478388974E-20
437.2 0 -1.483972553E-20
437.4 0 4.878992995E-20
437.6 0 5.481501116E-20
437.8 0 -2.611414543E-20
438 0 -1.436470698E-21
438.2 0 6.300403226E-05
438.4 0 6.32079288E-05
438.6 0 6.341314935E-05
438.8 0 6.361970684E-05
439 0 -6.382761438E-05
439.2 0 4.355003523E-20
439.4 0 -2.435682289E-20
439.6 0 -0.0001289191419
439.8 0 -8.53381786E-20
440 0 -1.181851378E-19
440.2 0 -4.164533067E-20
440.4 0 -5.991212049E-21
440.6 0 -6.554110738E-05
440.8 0 -5.144347995E-20
441 0 -2.512202189E-20
441.2 0 -6.864897762E-20
441.4 0 -4.083609083E-20
441.6 0 -3.910862796E-20
441.8 0 -1.45501975E-19
442 0 -1.592270665E-19
442.2 0 -1.893600228E-19
442.4 0 -1.280010068E-19
442.6 0 -7.797733472E-20
442.8 0 -1.171322714E-19
443 0 -2.417142537E-19
443.2 0 -1.824938488E-19
443.4 0 5.382004775E-21
443.6 0 1.603123916E-20
443.8 0 -6.684544731E-20
444 0 -5.485160441E-20
444.2 0 -1.703291995E-20
444.4 0 -3.909490469E-20
444.6 0 -1.723412751E-19
444.8 0 -1.78138039E-20
445 0 2.190829639E-19
445.2 0 -1.311404037E-20
445.4 0 9.130556766E-20
445.6 0 -8.413114005E-20
445.8 0 -3.314271698E-20
446 0 -2.312923002E-20
446.2 0 -2.848316772E-19
446.4 0 -2.717855061E-19
446.6 0 2.307862906E-20
446.8 0 -2.188376495E-19
447 0 -1.061357247E-19
447.2 0 -9.51629981E-20
447.4 0 -1.816730231E-19
447.6 0 -8.713807072E-20
447.8 0 -9.567045702E-20
448 0 -6.579590726E-20
448.2 0 -7.51200879E-20
448.4 0 6.77907494E-21
448.6 0 6.167896024E-20
448.8 0 -3.001124222E-20
449 0 2.449731827E-19
449.2 0 1.386973935E-19
449.4 0 5.209026984E-21
449.6 0 -2.545715255E-20
449.8 0 -5.353344366E-20
450 0 -2.026281728E-19
450.2 0 -3.367117789E-20
450.4 0 4.909403332E-21
450.6 0 2.234409557E-20
450.8 0 -6.841785937E-20
451 0 -1.28390017E-19
451.2 0 -1.246667535E-19
451.4 0 -4.464027621E-20
451.6 0 5.461054808E-20
451.8 0 1.571181959E-20
452 0 2.992844979E-21
452.2 0 5.451842027E-20
452.4 0 -4.080013467E-20
452.6 0 -1.429567208E-20
452.8 0 8.241033755E-05
453 0 8.27595339E-05
453.2 0 4.042041716E-20
453.4 0 -8.346688034E-05
453.6 0 -8.38251073E-05
453.8 0 4.437418963E-20
454 0 -1.263124376E-20
454.2 0 -1.184419403E-19
454.4 0 2.595827885E-20
454.6 0 8.566337719E-05
454.8 0 8.60407489E-05
455 0 8.914184475E-20
455.2 0 1.517452746E-19
455.4 0 -8.719308036E-05
455.6 0 -8.758408072E-05
455.8 0 5.015609757E-20
456 0 2.986061706E-19
456.2 0 6.221058204E-20
456.4 0 1.046081451E-19
456.6 0 0.0001791857798
456.8 0 0.0001800115207
457 0 9.04224537E-05
457.2 0 9.999578858E-21
457.4 0 -9.126752336E-05
457.6 0 -9.169600939E-05
457.8 0 3.591696496E-20
458 0 0.0001851303318
458.2 0 0.0001860119048
458.4 0 0.0002803528708
458.6 0 0.0001878004808
458.8 0 9.435386473E-05
459 0 9.48118932E-05
459.2 0 -9.527439024E-05
459.4 0 -9.574142157E-05
459.6 0 1.221606746E-19
459.8 0 9.668935644E-05
460 0 0.000194340796
460.2 0 0.0001953125
460.4 0 9.814698492E-05
460.6 0 -9.864267677E-05
460.8 0 -9.914340102E-05
461 0 4.646623267E-19
461.2 0 3.24456829E-19
461.4 0 -0.0001006765464
461.6 0 -0.0001011981865
461.8 0 1.812177134E-19
462 0 8.947456131E-20
462.2 0 0.0001027960526
462.4 0 0.0001033399471
462.6 0 0.0001038896277
462.8 0 0.0001044451872
463 0 -9.329380515E-20
463.2 0 -9.399188337E-20
463.4 0 0.0001061480978
463.6 0 0.0002134562842
463.8 0 0.0001073145604
464 0 4.320604544E-20
464.2 0 -3.27189717E-20
464.4 0 0.0001091131285
464.6 0 0.0003291783708
464.8 0 0.0002206920904
465 0 2.720384326E-19
465.2 0 3.535834093E-19
465.4 0 0.0001122485632
465.6 0 2.576531806E-19
465.8 0 -0.0002271075581
466 0 -0.0002284356725
466.2 0 -0.0001148897059
466.4 0 0.0001155695266
466.6 0 0.0001162574405
466.8 0 -1.986744804E-19
467 0 -0.0001176581325
467.2 0 -0.0002367424242
467.4 0 -0.0001190929878
467.6 0 1.351161731E-19
467.8 0 -6.527239447E-20
468 0 5.586176474E-20
468.2 0 -8.820738909E-20
468.4 0 2.893823966E-20
468.6 0 -7.471955413E-20
468.8 0 4.93811474E-20
469 0 1.715630831E-19
469.2 0 6.481248725E-20
469.4 0 -0.0001268262987
469.6 0 -0.0002553104575
469.8 0 -0.0002569901316
470 0 -0.0001293460265
470.2 0 -2.158252742E-19
470.4 0 -0.0001310822148
470.6 0 -0.0002639358108
470.8 0 -0.0002657312925
471 0 -0.0002675513699
471.2 0 -0.0002693965517
471.4 0 -0.0002712673611
471.6 0 -0.0001365821678
471.8 0 -3.836648253E-19
472 0 1.345173528E-21
472.2 0 -0.0001395089286
472.4 0 -0.0002810251799
472.6 0 -0.0001415307971
472.8 0 -2.934473635E-19
473 0 -1.501169935E-19
473.2 0 4.331719804E-20
473.4 0 -3.581022986E-19
473.6 0 -1.899263385E-19
473.8 0 2.331642562E-19
474 0 1.45117832E-19
474.2 0 -6.924462575E-22
474.4 0 1.3823148E-20
474.6 0 1.961573542E-19
474.8 0 1.186693303E-19
475 0 3.127413146E-21
475.2 0 9.589771553E-20
475.4 0 0.0001575100806
475.6 0 0.0001587906504
475.8 0 -9.472226661E-20
476 0 6.848081316E-20
476.2 0 2.032743431E-20
476.4 0 1.202893644E-20
476.6 0 -2.638616213E-19
476.8 0 0.0001669337607
477 0 0.0003367456897
477.2 0 0.000339673913
477.4 0 0.0003426535088
477.6 0 0.0003456858407
477.8 0 0.0003487723214
478 0 0.0003519144144
478.2 0 0.0003551136364
478.4 0 0.0003583715596
478.6 0 0.0003616898148
478.8 0 0.0003650700935
479 0 0.0003685141509
479.2 0 0.0003720238095
479.4 0 0.0003756009615
479.6 0 0.0003792475728
479.8 0 0.0003829656863
480 0 0.0003867574257
480.2 0 0.0001953125
480.4 0 0.0001972853535
480.6 0 0.0003985969388
480.8 0 0.0004027061856
481 0 0.0004069010417
481.2 0 0.0004111842105
481.4 0 0.0004155585106
481.6 0 0.0002100134409
481.8 0 -1.073122136E-19
482 0 -3.199477768E-20
482.2 0 -4.337920079E-19
482.4 0 3.028006503E-19
482.6 0 -5.736881155E-21
482.8 0 -5.597705498E-19
483 0 -3.062803821E-19
483.2 0 -1.241215576E-19
483.4 0 -1.249517847E-19
483.6 0 2.738603604E-19
483.8 0 -9.830891217E-20
484 0 -2.398095665E-20
484.2 0 -3.460288755E-19
484.4 0 1.597973667E-19
484.6 0 -4.368786521E-19
484.8 0 -3.365929129E-19
485 0 -1.295097641E-19
485.2 0 -3.669000456E-19
485.4 0 -3.048832703E-19
485.6 0 2.985807858E-19
485.8 0 1.441006204E-19
486 0 5.008831697E-20
486.2 0 -4.861707064E-19
486.4 0 -4.171734085E-19
486.6 0 -5.66545541E-20
486.8 0 -8.50907094E-20
487 0 -7.59835331E-19
487.2 0 -1.563921981E-19
487.4 0 -1.198944267E-19
487.6 0 -1.656389705E-19
487.8 0 -7.886725255E-19
488 0 2.906412903E-19
488.2 0 -7.53318595E-19
488.4 0 -9.541424617E-19
488.6 0 -6.581338848E-19
488.8 0 -2.89248432E-19
489 0 -2.823075401E-19
489.2 0 -2.360735634E-19
489.4 0 -1.41452885E-19
489.6 0 -6.100772041E-20
489.8 0 3.186047418E-19
490 0 4.035199395E-19
490.2 0 -3.10262113E-19
490.4 0 -3.756466431E-19
490.6 0 -7.249802057E-20
490.8 0 -2.721293294E-19
491 0 8.493350891E-20
491.2 0 5.825556362E-19
491.4 0 -0.0004438920455
491.6 0 -0.0004542151163
491.8 0 -0.0004650297619
492 0 -0.0004763719512
492.2 0 -0.00048828125
492.4 0 -0.001001602564
492.6 0 -0.001027960526
492.8 0.0002111486486 -0.001055743243
493 0.0004340277778 -0.001085069444
493.2 0.0006696428571 -0.001116071429
493.4 0.0006893382353 -0.001148897059
493.6 0.0007102272727 -0.001183712121
493.8 0.000732421875 -0.0006103515625
494 0.0007560483871 -0.0006300403226
494.2 0.00078125 -0.0006510416667
494.4 0.0008081896552 7.157851343E-19
494.6 0.0008370535714 -1.64989743E-18
494.8 0.0008680555556 -0.0007233796296
495 0.0009014423077 -0.001502403846
495.2 0.0009375 -0.0015625
495.4 0.0009765625 -0.00244140625
495.6 0.001019021739 -0.002547554348
495.8 0.001065340909 -0.001775568182
496 0.001116071429 -0.001860119048
496.2 0.001171875 -0.0009765625
496.4 0.001233552632 -2.881788839E-18
496.6 0.001302083333 -1.886669673E-18
496.8 0.001378676471 -0.001148897059
497 0.00146484375 -1.367480013E-18
497.2 0.0015625 0.001302083333
497.4 0.001674107143 2.426272816E-18
497.6 0.001201923077 4.237456283E-19
497.8 0.0006510416667 -1.190890298E-18
498 0 -0.001775568182
498.2 0 -0.00390625
498.4 0 -0.004340277778
498.6 0 -0.0048828125
498.8 0 -0.005580357143
499 0 -0.003255208333
499.2 0 -5.411551224E-18
499.4 0 -3.644503528E-18
499.6 0 -1.771167697E-18
499.8 0 -4.259966353E-18
500 0 5.528602677E-19
