0 0.007293957417 5.466563375E-05
0.2 0.00639375 0.001625
0.4 0.005993022209 0.0003673344338
0.6 0.005673288631 0.0002736564251
0.8 0.005365813977 0.0001720814978
1 0.005133213141 0.0002034505208
1.2 0.004881638277 0.0002818136273
1.4 0.004664319366 0.0001801197875
1.6 0.004475030084 0.0001331854192
1.8 0.004288723917 0.0001097261236
2 0.0041242222 4.704435969E-05
2.2 0.003953313253 5.490712851E-05
2.4 0.003794822218 7.847026918E-06
2.6 0.003664464429 -2.35505426E-05
2.8 0.00352143647 -3.926668677E-05
3 0.003387721239 -0.0001099909493
3.2 0.003279049296 -3.929828974E-05
3.4 0.003170289855 5.503975443E-05
3.6 0.003064589207 0.0001022578534
3.8 0.002965098711 7.082242143E-05
4 0.002868676945 6.297863765E-05
4.2 0.002759576613 1.575100806E-05
4.4 0.00267560004 -7.87868092E-06
4.6 0.002575791969 -1.576372074E-05
4.8 0.002485365361 -9.462050868E-05
5 0.002413797456 1.577645396E-05
5.2 0.002320075758 2.367424242E-05
5.4 0.002251541027 3.157841552E-05
5.6 0.002167155277 -1.57955924E-05
5.8 0.002092182443 -3.95049555E-05
6 0.002023472278 6.32335087E-05
6.2 0.001961032389 3.953694332E-05
6.4 0.00189854192 5.537413933E-05
6.6 0.00183600081 0.0001266207455
6.8 0.001773408999 0.0001979251115
7 0.001729774939 0.0001425638686
7.2 0.001689274848 7.131085193E-05
7.4 0.001645571226 3.963321834E-05
7.6 0.001598660171 -3.171944783E-05
7.8 0.001548537774 -0.0001031300772
8 0.001498374644 -0.0001031719829
8.2 0.001470401423 -7.93953252E-06
8.4 0.001429697031 -9.531313542E-05
8.6 0.001395316314 -6.356794142E-05
8.8 0.001341829467 6.359381359E-05
9 0.001310565961 -0.0001272394137
9.2 0.001288823829 -7.955702648E-05
9.4 0.001267063977 7.95894458E-05
9.6 0.001235731757 7.165970241E-05
9.8 0.001201187806 6.372349103E-05
10 0.001176178091 -3.1874745E-05
10.2 0.00115752551 -3.18877551E-05
10.4 0.001132477542 -7.975193957E-06
10.6 0.001107409109 1.595690359E-05
10.8 0.001088705558 -7.981712301E-06
11 0.001060404742 1.596995094E-05
11.2 0.00103847137 0.000103847137
11.4 0.001013323445 -1.598301964E-05
11.6 0.0009913528449 -3.197912403E-05
11.8 0.0009533681409 -4.798832924E-05
12 0.0009281544449 -1.600266284E-05
12.2 0.000902920082 0.0001040599385
12.4 0.0008872744977 3.203157032E-05
12.6 0.0008587981952 -1.602235439E-05
12.8 0.0008206811654 1.602892901E-05
13 0.0007761186371 6.414203612E-05
13.2 0.0007507700205 2.406314168E-05
13.4 0.000712561627 -6.419474117E-05
13.6 0.0006935881628 -2.408292232E-05
13.8 0.0006617495888 7.227847451E-05
14 0.000626671123 8.034245167E-06
14.2 0.000591563786 -2.411265432E-05
14.4 0.0005660765747 2.856687486E-21
14.6 0.0005470037068 -6.435337727E-05
14.8 0.0005246961269 -4.828491965E-05
15 0.0005120311212 -2.415241138E-05
15.2 0.0004929123711 1.610824742E-05
15.4 0.0004737778465 -1.611489274E-05
15.6 0.0004675247627 -2.418231531E-05
15.8 0.0004677177952 8.064099917E-05
16 0.0004646840149 6.453944651E-05
16.2 0.0004584194215 -8.070764463E-06
16.4 0.0004392310872 -9.688921042E-05
16.6 0.0004329507858 -0.0001050067204
16.8 0.0004266652875 -0.0001050501655
17 0.0004139072848 -5.658888659E-05
17.2 0.000404373706 -8.08747412E-06
17.4 0.0003883595692 -3.236329743E-05
17.6 0.000378807501 -1.618835475E-05
17.8 0.000375725539 8.097533167E-06
18 0.0003629199502 -1.620178349E-05
18.2 0.0003663122407 -0.0001215637967
18.4 0.0003697073474 -6.486093815E-05
18.6 0.0003666164867 8.110984219E-06
18.8 0.0003472943498 -6.927723063E-21
19 0.0003279561513 8.117726517E-05
19.2 0.0003086018711 4.872661123E-05
19.4 0.0002957310732 -1.624896007E-05
19.6 0.0002991052851 1.625572201E-05
19.8 0.0002894723147 -8.131244796E-06
20 0.0002863390254 -4.067315702E-05
20.2 0.0002799479167 -3.255208333E-05
20.4 0.0002702949145 -6.513130471E-05
20.6 0.0002671497081 -8.959288991E-05
20.8 0.0002640018773 -0.0001222230914
21 0.0002706333472 -0.0001874869574
21.2 0.0002740083507 -0.0001631002088
21.4 0.0002839129073 -4.895050125E-05
21.6 0.0002840315504 -7.345643544E-05
21.8 0.0002939485786 -0.0001224785744
22 0.0003038739021 -8.168653283E-05
22.2 0.0003170763598 -9.806485356E-05
22.4 0.00032047928 -4.905295103E-05
22.6 0.0003206134841 -5.725240787E-05
22.8 0.0003272936741 -3.272936741E-05
23 0.0003241565381 4.911462699E-05
23.2 0.0003308438155 6.551362683E-05
23.4 0.0003309825923 4.096319211E-05
23.6 0.0003409567772 -1.639215275E-05
23.8 0.0003542191436 -4.099758606E-05
24 0.0003642114658 -6.562368753E-05
24.2 0.0003676470588 -0.0001066832983
24.4 0.0003809373686 -7.388871375E-05
24.6 0.0003942388562 3.285323802E-05
24.8 0.0003976914178 5.751735381E-05
25 0.0004011468855 4.110111532E-05
25.2 0.0004013157895 -1.379033015E-20
25.4 0.0003916122578 -8.227148273E-06
25.6 0.0003851927939 -9.116301574E-22
25.8 0.0003853551855 -6.587268128E-05
26 0.0003986978068 -3.295023197E-05
26.2 0.0004021624473 -4.944620253E-05
26.4 0.0004089278176 -7.420061207E-05
26.6 0.0004091005068 8.247994088E-06
26.8 0.0004026721589 1.650295733E-05
27 0.0003995403635 -2.476489856E-05
27.2 0.0003997093023 -2.477536998E-05
27.4 0.0003965736041 6.51046705E-21
27.6 0.0003868228946 3.306178587E-05
27.8 0.0003770639289 8.268945809E-06
28 0.0003706056756 -7.445203304E-05
28.2 0.0003707627119 -4.965572034E-05
28.4 0.000354360958 8.279461636E-06
28.6 0.0003478848601 1.656594572E-05
28.8 0.0003414032669 4.971892236E-05
29 0.0003316001698 4.145002122E-05
29.2 0.0003251061571 -1.658704883E-05
29.4 0.000321925446 1.659409516E-05
29.6 0.0003121015725 4.980344241E-05
29.8 0.0003089126276 -4.152051446E-05
30 0.0003190131859 -2.492290515E-05
30.2 0.0003158244681 7.480053191E-05
30.4 0.0002993295019 6.651766709E-05
30.6 0.000292802385 5.822774702E-05
30.8 0.000286269706 2.496538134E-05
31 0.0002863917306 1.665068201E-05
31.2 0.0002865138593 3.331556503E-05
31.4 0.00028996907 -1.666488908E-05
31.6 0.0002800896287 8.336000854E-06
31.8 0.0002735375747 -8.339560205E-06
32 0.0002769916702 -6.674498078E-05
32.2 0.0002804487179 2.453726796E-20
32.4 0.0002772285165 -2.505076956E-05
32.6 0.0002773470915 -6.683062447E-05
32.8 0.0002841516902 -3.342961061E-05
33 0.0002842733305 -5.016588185E-05
33.2 0.0002843950749 -2.509368308E-05
33.4 0.0002778224079 -2.298094887E-20
33.6 0.0002812901843 -5.023039006E-05
33.8 0.0002780606775 -3.350128645E-05
34 0.0002748283998 -5.027348777E-05
34.2 0.0002749463519 -0.0001089726395
34.4 0.0002817732933 -4.193054959E-05
34.6 0.000278538445 -4.1948561E-05
34.8 0.0002820154706 -8.393317576E-05
35 0.0002854954858 -3.358770421E-05
35.2 0.0002755376344 -5.880376344E-05
35.4 0.0002655712134 -7.563737091E-05
35.6 0.0002589593198 -8.407770125E-05
35.8 0.0002624354005 -7.570251938E-05
36 0.0002524504524 -3.366006032E-05
36.2 0.0002458243534 -3.367456897E-05
36.4 0.0002459303579 -8.422272531E-06
36.6 0.0002392957291 2.527771786E-05
36.8 0.0002393990073 2.528862754E-05
37 0.000232755829 -2.529954663E-05
37.2 0.0002294816415 -5.905777538E-05
37.4 0.0002295808124 -1.688094209E-05
37.6 0.000222924773 -8.44412019E-06
37.8 0.0002230211938 -2.534331747E-05
38 0.0002129759844 -3.330487109E-20
38.2 0.0002096861472 -5.918560606E-05
38.4 0.0002199274578 -0.0001015049805
38.6 0.0002234077123 -9.308654679E-05
38.8 0.0002235045514 -0.0001100590594
39 0.0002202135733 -7.622777537E-05
39.2 0.0002135303688 -3.389370933E-05
39.4 0.0002068413628 -1.695421007E-05
39.6 0.000200146548 5.088471559E-05
39.8 0.0002002334926 -1.696894005E-05
40 0.000193529987 -9.336973055E-05
40.2 0.0001868206522 -8.491847826E-06
40.4 0.0001801054806 2.548662462E-05
40.6 0.0001767841601 2.54977154E-05
40.8 0.0001666575969 3.401175446E-05
41 0.0001633275261 5.103985192E-05
41.2 0.0001531862745 5.957244009E-05
41.4 0.0001430361813 -8.514058413E-06
41.6 0.0001396914522 -8.517771478E-06
41.8 0.0001397523997 5.11289267E-05
42 0.0001364033173 -1.705041467E-05
42.2 0.00013305131 -4.264465066E-05
42.4 0.000129696374 1.706531236E-05
42.6 0.0001297530594 -2.560915647E-05
42.8 0.0001332258417 -2.562035418E-05
43 0.0001332841207 8.543853893E-06
43.2 0.0001333424508 8.547592998E-06
43.4 0.0001299802977 -1.710267075E-05
43.6 0.0001300372317 -8.555081034E-06
43.8 0.0001369412796 5.135297984E-05
44 0.0001335762823 -8.562582201E-06
44.2 0.0001336348684 -9.422971491E-05
44.4 0.0001302654673 -0.000128551448
44.6 0.000126893108 -6.001701054E-05
44.8 0.0001269488362 -8.577624067E-06
45 0.0001270046134 -2.574417838E-05
45.2 0.0001270604396 -5.151098901E-05
45.4 0.0001271163149 -0.0001116562225
45.6 0.0001271722393 -4.296359437E-05
45.8 0.000127228213 1.719300176E-05
46 0.000127284236 3.440114487E-05
46.2 0.0001307819383 3.441629956E-05
46.4 0.0001342827237 -1.72157338E-05
46.6 0.0001343419312 2.583498677E-05
46.8 0.0001378473754 8.615460962E-06
47 0.0001379082083 -8.619263019E-06
47.2 0.0001379690949 1.724613687E-05
47.4 0.0001414807862 1.725375442E-05
47.6 0.0001415433053 1.72613787E-05
47.8 0.0001416058798 1.726900973E-05
48 0.0001416685095 2.591497125E-05
48.2 0.0001451880531 -1.728429204E-05
48.4 0.0001487107127 -6.052180168E-05
48.6 0.0001522364925 -6.054860496E-05
48.8 0.0001557653965 -8.653633141E-06
49 0.0001592974291 6.06022828E-05
49.2 0.000159368071 8.661308204E-05
49.4 0.0001663708962 1.733030169E-05
49.6 0.0001699123391 -8.668996893E-06
49.8 0.0001699877886 1.734569272E-05
50 0.0001735339849 1.735339849E-05
50.2 0.0001770833333 1.736111111E-05
50.4 0.0001841096043 3.473766118E-05
50.6 0.0001841915036 0.0001042593416
50.8 0.0001877503338 4.346072541E-05
51 0.000191312333 2.608804541E-05
51.2 0.0001913975501 9.569877506E-05
51.4 0.0001880013369 5.222259358E-05
51.6 0.0001915682122 -7.836881409E-05
51.8 0.0001916536574 -5.22691793E-05
52 0.0001917391789 6.97233378E-05
52.2 0.0001883370536 8.719308036E-06
52.4 0.0001884211702 -3.489280929E-05
52.6 0.0001885053619 -2.618130027E-05
52.8 0.000188589629 -4.365500671E-05
53 0.0001886739714 -5.240943649E-05
53.2 0.0001887583893 -1.747762864E-05
53.4 0.0001853457923 3.497090421E-05
53.6 0.0001819301388 4.373320645E-05
53.8 0.0001820116487 1.750112007E-05
54 0.0001855950247 -2.626344688E-05
54.2 0.0001891816143 8.758408072E-06
54.4 0.0001927714222 1.752467474E-05
54.6 0.0001963644524 1.616578042E-21
54.8 0.0001999607095 2.631061967E-05
55 0.0002070698562 5.420420021E-21
55.2 0.0002106741573 8.778089888E-06
55.4 0.0002142816996 3.512814748E-05
55.6 0.0002108636977 3.514394962E-05
55.8 0.0002074426193 2.636982448E-05
56 0.0002075360198 3.756798359E-21
56.2 0.0001970720721 -3.941081413E-21
56.4 0.0001901194232 5.281095088E-05
56.6 0.0001796381876 5.283476105E-05
56.8 0.0001726714028 1.76195309E-05
57 0.0001727493231 -1.762748195E-05
57.2 0.0001693002257 -8.81772009E-06
57.4 0.0001658480126 1.76434056E-05
57.6 0.0001659229553 3.530275644E-05
57.8 0.000162466094 6.07316847E-22
58 0.0001590061058 -4.416836273E-05
58.2 0.0001555429864 -1.767533937E-05
58.4 0.0001520767316 -2.652501132E-05
58.6 0.000148607337 -1.161094079E-21
58.8 0.0001380550521 6.194777979E-05
59 0.0001310346782 2.656108341E-05
59.2 0.0001240079365 -1.77154195E-05
59.4 0.0001169748185 -2.086300374E-21
59.6 0.0001170279165 -1.77315025E-05
59.8 0.0001170810627 2.660933243E-05
60 0.0001135847342 3.549522944E-05
60.2 0.0001100852273 -6.214488636E-05
60.4 0.0001065825375 -6.217314688E-05
60.6 0.0001030766606 8.885919017E-06
60.8 9.956759217E-05 3.555985435E-05
61 9.605532787E-05 8.89401184E-06
61.2 9.253986333E-05 -1.849762696E-20
61.4 8.54603464E-05 8.902119417E-06
61.6 7.837437301E-05 1.042197855E-20
61.8 7.484603102E-05 -8.019217609E-05
62 8.557736194E-05 -0.0001069717024
62.2 8.561643836E-05 -2.675513699E-05
62.4 8.208656921E-05 2.676735952E-05
62.6 8.212408592E-05 3.570612431E-05
62.8 8.573388203E-05 -5.903077498E-21
63 8.577310156E-05 -8.934698079E-06
63.2 8.581235698E-05 -4.469393593E-05
63.4 8.585164835E-05 -1.788576007E-05
63.6 8.231218507E-05 5.368185983E-05
63.8 8.234990834E-05 3.580430797E-05
64 7.522352132E-05 -1.791036222E-05
64.2 7.884174312E-05 -3.583715596E-05
64.4 7.887792565E-05 8.963400642E-06
64.6 7.891414141E-05 2.690254821E-05
64.8 7.536173633E-05 -8.971635278E-06
65 7.898667279E-05 -8.975758272E-06
65.2 7.902298851E-05 1.49758515E-20
65.4 7.546573137E-05 -2.695204692E-05
65.6 7.550046019E-05 -1.088735025E-20
65.8 7.553522099E-05 4.496144107E-05
66 7.916858591E-05 6.297501152E-05
66.2 7.920506912E-05 9.000576037E-06
66.4 7.924158598E-05 -2.701417704E-05
66.6 9.008879151E-05 -9.008879151E-06
66.8 9.734079372E-05 2.703910937E-05
67 0.0001045994922 9.017197599E-05
67.2 0.0001118648961 8.119226328E-05
67.4 0.0001155268022 1.805106285E-05
67.6 0.000122803976 -2.708911234E-05
67.8 0.0001264743293 -5.4203284E-05
68 0.0001301480796 -1.807612217E-05
68.2 0.0001302083333 2.712673611E-05
68.4 0.0001302686429 -1.809286707E-05
68.6 0.0001339492586 -5.430375348E-05
68.8 0.0001340113584 -9.054821511E-06
69 0.0001340735158 9.059021336E-06
69.2 0.0001341357309 1.812645012E-05
69.4 0.0001378249768 1.813486537E-05
69.6 0.0001378889921 9.071644217E-06
69.8 0.0001452137546 1.815171933E-05
70 0.0001489132961 1.816015807E-05
70.2 0.0001526162791 1.816860465E-05
70.4 0.0001563227082 1.606293811E-20
70.6 0.0001600325885 9.092760708E-06
70.8 0.0001637459245 4.548497904E-05
71 0.0001674627213 3.640493942E-05
71.2 0.0001711829837 1.821095571E-05
71.4 0.0001749067164 1.935156952E-20
71.6 0.0001786339244 1.031846215E-20
71.8 0.0001823646125 1.823646125E-05
72 0.0001860987856 -7.341252453E-21
72.2 0.0001898364486 1.825350467E-05
72.4 0.0001935776064 2.73930575E-05
72.6 0.0001973222638 -1.827057998E-05
72.8 0.0002010704258 -9.13956481E-06
73 0.0002048220974 2.74315309E-05
73.2 0.0002085772834 9.148126464E-06
73.4 0.0002123359888 -9.152413308E-06
73.6 0.0002160982185 2.747011252E-05
73.8 0.0002198639775 6.412699343E-05
74 0.0002236332708 9.165297982E-06
74.2 0.0002274061033 1.985632527E-20
74.4 0.00023118248 4.586953969E-05
74.6 0.000234962406 2.753465695E-05
74.8 0.0002387458862 1.023848782E-21
75 0.0002388581844 -4.593426623E-05
75.2 0.0002463235294 -3.676470588E-05
75.4 0.0002501177024 -3.678201507E-05
75.6 0.0002539154498 -5.519901083E-05
75.8 0.0002577167766 -3.681668238E-05
76 0.0002578382838 -1.841702027E-05
76.2 0.0002579599057 -1.842570755E-05
76.4 0.0002580816423 -4.608600755E-05
76.6 0.0002582034939 2.766466006E-05
76.8 0.0002583254606 1.157643507E-20
77 0.0002621396503 -2.769080813E-05
77.2 0.00025856974 -3.693853428E-05
77.4 0.0002549964522 -9.239001892E-06
77.6 0.000255117132 6.470362044E-05
77.8 0.0002552379261 1.015156267E-20
78 0.00026276054 -5.551279015E-05
78.2 0.0002628850711 -3.702606635E-05
78.4 0.0002630097202 -1.424503902E-20
78.6 0.0002631344877 -1.238721579E-20
78.8 0.0002632593735 -2.780908875E-05
79 0.000263384378 -3.709639126E-05
79.2 0.0002635095012 1.915993279E-20
79.4 0.0002636347433 -1.8565827E-05
79.6 0.0002674750357 -1.857465525E-05
79.8 0.0002638855852 -1.858349191E-05
80 0.0002677296525 -2.788850547E-05
80.2 0.0002641369048 -9.300595238E-06
80.4 0.0002642627442 -3.722010481E-05
80.6 0.0002643887035 -3.723784557E-05
80.8 0.000264514783 -1.862780162E-05
81 0.0002646409828 -9.318344466E-06
81.2 0.0002647673031 -9.322792363E-06
81.4 0.0002611628462 9.327244508E-06
81.6 0.0002612876254 1.866340182E-05
81.8 0.0002614125239 1.482057705E-20
82 0.0002615375418 1.868125299E-05
82.2 0.0002616626794 1.869019139E-05
82.4 0.0002617879368 1.869913834E-05
82.6 0.0002619133142 9.354046935E-06
82.8 0.0002657822233 4.679264494E-05
83 0.0002621644295 4.68150767E-05
83.2 0.0002622901679 -2.15688834E-20
83.4 0.0002661648273 2.16424234E-20
83.6 0.0002625420067 -5.85725563E-22
83.8 0.0002551633045 3.752401537E-05
84 0.0002515317155 2.815653532E-05
84.2 0.0002478966346 4.695012019E-05
84.4 0.0002442580568 5.636724387E-05
84.6 0.0002443756015 3.759624639E-05
84.8 0.0002444932595 1.880717381E-05
85 0.0002446110308 -1.881623314E-05
85.2 0.0002409638554 -1.88253012E-05
85.4 0.0002335462874 -9.417189007E-06
85.6 0.000226121563 1.884346358E-05
85.8 0.0002186896718 1.885255792E-05
86 0.000218795268 -1.886166103E-05
86.2 0.0002151268116 -3.774154589E-05
86.4 0.0002114548091 -2.83198405E-05
86.6 0.0002077792553 -3.777804642E-05
86.8 0.0002041001451 -1.889816159E-05
87 0.0002004174734 -9.453654405E-06
87.2 0.0001967312349 -1.891646489E-05
87.4 0.0001930414244 -1.892562984E-05
87.6 0.0001893480368 -5.680441105E-05
87.8 0.0001856510669 -4.735996605E-05
88 0.0001819505095 -1.895317807E-05
88.2 0.0001782463592 -2.15892283E-20
88.4 0.000174538611 -2.845738222E-05
88.6 0.0001708272595 -1.898080661E-05
88.8 0.0001671122995 1.899003403E-05
89 0.0001633937257 1.468426547E-20
89.2 0.000163473236 9.504257908E-06
89.4 0.0001635528238 -1.90177702E-05
89.6 0.000163632489 -9.513516805E-06
89.8 0.0001599049708 2.855445906E-05
90 0.0001599829352 -9.522793759E-06
90.2 0.0001600609756 1.542970647E-20
90.4 0.0001601390922 9.532088824E-06
90.6 0.0001602172852 3.814697266E-05
90.8 0.0001602955545 7.633121641E-05
91 0.0001603739003 8.591458944E-05
91.2 0.0001604523227 6.685513447E-05
91.4 0.0001605308219 1.911081213E-05
91.6 0.0001644334312 3.824033284E-05
91.8 0.0001606880509 4.782382468E-05
92 0.000160766781 2.870835375E-05
92.2 0.0001570159314 2.872242647E-05
92.4 0.0001609244728 9.578837666E-06
92.6 0.0001571700196 3.833415113E-05
92.8 0.0001572471772 6.711769759E-05
93 0.0001534872299 2.87788556E-05
93.2 0.0001535626536 4.798832924E-05
93.4 0.0001536381514 5.761430678E-05
93.6 0.0001498708805 3.842843089E-05
93.8 0.0001460999016 2.883550689E-05
94 0.0001500184638 7.693254554E-05
94.2 0.0001423953202 8.659174877E-05
94.4 0.0001386150813 4.813023657E-05
94.6 0.0001348311144 3.852317554E-05
94.8 0.00013875185 -1.927109028E-05
95 0.0001426764561 3.856120434E-05
95.2 0.0001427469136 4.822530864E-05
95.4 0.0001428174407 1.353529533E-20
95.6 0.0001428880376 2.89637914E-05
95.8 0.0001352312067 2.897811573E-05
96 0.0001275667986 2.899245423E-05
96.2 0.000119894802 3.867574257E-05
96.4 0.0001122152055 3.869489846E-05
96.6 0.0001083994054 1.935703667E-05
96.8 0.0001007064948 4.841658404E-05
97 9.300595238E-05 4.84406002E-05
97.2 8.529776675E-05 -2.907878412E-05
97.4 7.758192651E-05 -1.939548163E-05
97.6 6.985842027E-05 1.940511674E-05
97.8 6.212723658E-05 9.707380716E-06
98 5.827324714E-05 3.884883143E-05
98.2 5.441542289E-05 2.91511194E-05
98.4 5.444250871E-05 2.916562967E-05
98.6 5.446962151E-05 4.863359064E-05
98.8 5.838938714E-05 9.731564524E-06
99 6.231306082E-05 -2.920924726E-05
99.2 6.234413965E-05 -2.922381546E-05
99.4 6.23752495E-05 -2.92383982E-05
99.6 6.630678982E-05 -3.900399401E-05
99.8 6.633991009E-05 -1.951173826E-05
100 6.637306347E-05 -5.856446777E-05
100.2 6.640625E-05 -8.7890625E-05
100.4 6.253126563E-05 -2.746261022E-21
100.6 5.474224224E-05 9.7754004E-06
100.8 5.868177266E-05 -9.780295443E-06
101 5.871117234E-05 -1.28598275E-20
101.2 5.48245614E-05 9.790100251E-06
101.4 5.877006018E-05 9.79501003E-06
101.6 6.271951831E-05 -1.959984947E-05
101.8 6.667294177E-05 9.804844378E-06
102 7.063033651E-05 -3.923907584E-05
102.2 7.459170854E-05 -4.907349246E-05
102.4 7.855706385E-05 -2.151846448E-20
102.6 8.252640845E-05 -4.912286217E-05
102.8 9.043155511E-05 -3.931806744E-05
103 9.441087613E-05 9.834466264E-06
103.2 9.445843829E-05 -1.967884131E-05
103.4 9.84438004E-05 -9.84438004E-06
103.6 9.455370651E-05 9.849344428E-06
103.8 9.854313824E-05 9.854313824E-06
104 0.0001025365977 3.943715295E-05
104.2 0.0001025883838 5.918560606E-05
104.4 0.0001105356241 5.921551289E-05
104.6 0.0001105915066 6.911969161E-05
104.8 0.0001066957511 5.92754173E-05
105 0.000106749747 1.60659697E-20
105.2 0.0001068037975 1.977848101E-05
105.4 0.0001029002026 1.978850051E-05
105.6 0.0001069120628 -1.919485083E-20
105.8 0.0001030045639 -3.211367484E-20
106 0.0001070205479 -2.972792998E-05
106.2 0.0001150063452 -1.98286802E-05
106.4 0.0001150647537 -1.830612709E-20
106.6 0.0001190929878 2.979644719E-21
106.8 0.0001151817489 4.08381859E-20
107 0.000111266531 2.745724301E-20
107.2 0.0001073473282 9.93956743E-06
107.4 0.0001074019857 9.94462831E-06
107.6 9.949694345E-05 1.063288178E-20
107.8 9.954765545E-05 5.972859327E-05
108 8.764660887E-05 -9.959841917E-06
108.2 9.167729592E-05 -8.968431122E-05
108.4 9.172409393E-05 -2.991003063E-05
108.6 8.778089888E-05 -9.975102145E-06
108.8 9.181783342E-05 9.980199285E-06
109 8.78706544E-05 2.995590491E-05
109.2 8.391943734E-05 6.993286445E-05
109.4 7.996417605E-05 -9.995522006E-06
109.6 7.600486431E-05 -5.00032002E-05
109.8 7.20414959E-05 1.000576332E-05
110 6.807406458E-05 -2.579710226E-20
110.2 6.41025641E-05 1.001602564E-05
110.4 5.611852232E-05 -1.00211647E-05
110.6 5.213680698E-05 -2.005261807E-05
110.8 3.611325116E-05 -6.018875193E-05
111 4.014645427E-05 -9.03295221E-05
111.2 4.820051414E-05 -7.029241645E-05
111.4 5.224408436E-05 -6.02816358E-05
111.6 6.835434894E-05 -8.041688111E-05
111.8 7.241246138E-05 -8.045829042E-05
112 8.04997424E-05 -1.00624678E-05
112.2 8.859536082E-05 4.027061856E-05
112.4 9.669932955E-05 1.007284683E-05
112.6 9.674922601E-05 -4.03121775E-05
112.8 0.0001008324729 -6.932047425E-21
113 9.281379132E-05 5.044227789E-05
113.2 9.689922481E-05 4.0374677E-05
113.4 9.290977249E-05 -5.049444157E-05
113.6 9.295783756E-05 -9.0937015E-05
113.8 9.300595238E-05 -8.08747412E-05
114 8.900828586E-05 -8.091662351E-05
114.2 9.310233161E-05 -2.023963731E-05
114.4 9.315059616E-05 -2.02501296E-05
114.6 8.914678423E-05 -2.339357385E-20
114.8 8.513881681E-05 1.013557343E-05
115 8.112668744E-05 -1.014083593E-05
115.2 8.522727273E-05 1.01461039E-05
115.4 8.933212058E-05 -1.015137734E-05
115.6 9.344123765E-05 -6.09399376E-05
115.8 0.0001097489594 -4.064776275E-05
116 0.0001138729828 2.033446122E-05
116.2 0.0001220703125 4.069010417E-05
116.4 0.0001221339239 7.124478895E-05
116.6 0.0001303441084 4.073253389E-05
116.8 0.0001385628586 1.018844549E-05
117 0.0001427126827 4.077505219E-05
117.2 0.0001468668407 1.019908616E-05
117.4 0.0001510253396 -3.061324451E-05
117.6 0.0001470203868 2.041949817E-05
117.8 0.0001552693515 5.107544456E-05
118 0.0001471742543 2.044086866E-05
118.2 0.0001431609948 -3.067735602E-05
118.4 0.0001432359874 -2.046228392E-05
118.6 0.0001433110587 3.070951258E-05
118.8 0.0001310959622 3.072561615E-05
119 0.0001270658447 2.049449108E-05
119.2 0.0001271325459 1.025262467E-05
119.4 0.0001271993172 1.025800945E-05
119.6 0.0001231607987 -1.211635428E-22
119.8 0.0001191180336 1.0268796E-05
120 0.0001191806944 1.027419779E-05
120.2 0.0001192434211 -1.027960526E-05
120.4 0.0001193062138 -3.085505529E-05
120.6 0.0001276014226 -1.02904373E-05
120.8 0.0001235503426 4.118344755E-05
121 0.0001277360232 -1.030129219E-05
121.2 0.0001319261214 -3.09201847E-05
121.4 0.0001361206441 1.031217001E-05
121.6 0.0001444466455 1.031761754E-05
121.8 0.0001486522199 -2.064614165E-05
122 0.0001445994183 -3.098558964E-05
122.2 0.0001446759259 -6.200396825E-05
122.4 0.0001406167284 -7.237625728E-05
122.6 0.0001324152542 -7.241459216E-05
122.8 0.0001366255962 -9.315381558E-05
123 0.0001366980382 -6.21354719E-05
123.2 0.0001326259947 -1.036140584E-05
123.4 0.0001326963907 -4.146762208E-05
123.6 0.000128617897 -5.186205523E-05
123.8 0.0001245350691 -7.264545696E-05
124 0.0001329080276 -5.19171983E-05
124.2 0.0001288231383 -5.194481383E-05
124.4 0.0001372072911 -9.355042576E-05
124.6 0.0001372803514 -2.080005325E-05
124.8 0.0001331912627 2.081113479E-05
125 0.0001290978145 -1.041111407E-05
125.2 0.0001208333333 -1.041666667E-05
125.4 0.000112560032 -1.042222519E-05
125.6 0.0001084490123 -5.213894821E-05
125.8 0.0001085069444 -4.173344017E-05
126 0.0001085649385 2.08778728E-05
126.2 0.0001128008021 6.26671123E-05
126.4 0.0001170411985 4.180042804E-05
126.6 0.0001129215739 2.091140257E-05
126.8 0.0001171665774 1.046130155E-05
127 0.0001172293676 2.093381565E-05
127.2 0.0001089142091 2.094504021E-05
127.4 0.0001005901288 3.143441524E-05
127.6 9.225711218E-05 2.09675255E-05
127.8 9.230665951E-05 1.298806803E-20
128 9.65542719E-05 1.049502955E-05
128.2 0.0001008064516 -5.250336022E-05
128.4 0.0001092657343 -6.303792361E-05
128.6 0.0001135293326 -4.204790097E-05
128.8 0.0001220045773 -1.051763597E-05
129 0.0001220703125 4.209321121E-05
129.2 0.0001179245283 -1.052897574E-05
129.4 0.0001179881338 -4.714525823E-20
129.6 0.0001138356719 2.108067998E-05
129.8 0.0001181155508 -1.054603132E-05
130 0.0001181793625 -4.220691518E-05
130.2 0.0001224662162 -7.390202703E-05
130.4 0.00012253245 -0.0001161945646
130.6 0.0001395089286 -5.284429113E-05
130.8 0.0001395844613 -1.05745804E-05
131 0.0001438921993 -1.058030878E-05
131.2 0.0001397357724 1.058604336E-05
131.4 0.000139811551 1.059178416E-05
131.6 0.0001398874118 3.17925936E-05
131.8 0.0001357220413 1.060328447E-05
132 0.0001357957632 -1.0609044E-05
132.2 0.000144361413 -2.465986959E-20
132.4 0.0001359434475 6.372349103E-05
132.6 0.0001317668662 1.062636017E-05
132.8 0.0001190800218 -7.442501361E-05
133 0.0001106345316 -1.063793573E-05
133.2 0.0001021798365 -5.321866485E-05
133.4 0.0001022355507 -9.584582879E-05
133.6 9.376704855E-05 -3.196603928E-05
133.8 9.808269651E-05 -5.330581332E-05
134 9.813626434E-05 -7.466889678E-05
134.2 9.818989071E-05 -4.269125683E-05
134.4 9.824357572E-05 2.135729907E-05
134.6 0.000102571116 3.205347374E-05
134.8 8.979885057E-05 2.72315735E-20
135 8.984802848E-05 -1.069619387E-05
135.2 7.705479452E-05 -3.210616438E-05
135.4 6.424753289E-05 -4.28316886E-05
135.6 5.999725727E-05 -5.35689797E-05
135.8 6.003018661E-05 -7.503773326E-05
136 5.577292696E-05 -3.217668863E-05
136.2 5.151098901E-05 -1.073145604E-05
136.4 6.012919186E-05 -2.147471138E-05
136.6 5.58649615E-05 2.660714796E-20
136.8 5.159603742E-05 -5.374587232E-05
137 5.162444934E-05 -6.453056167E-05
137.2 5.165289256E-05 -2.152203857E-05
137.4 5.168136714E-05 -3.230085447E-05
137.6 6.032818533E-05 -4.309156095E-05
137.8 6.467301325E-05 -3.233650662E-05
138 7.333655439E-05 -3.235436223E-05
138.2 8.632596685E-05 2.158149171E-05
138.4 8.637368712E-05 1.079671089E-05
138.6 8.642146018E-05 -4.321073009E-05
138.8 8.646928611E-05 -1.080866076E-05
139 8.219130676E-05 1.081464563E-05
139.2 8.223684211E-05 3.246191136E-05
139.4 8.228242794E-05 1.082663525E-05
139.6 8.232806434E-05 -1.083264004E-05
139.8 7.803829079E-05 -1.08386515E-05
140 7.808162132E-05 -1.084466963E-05
140.2 6.944444444E-05 -4.340277778E-05
140.4 7.382573652E-05 -4.342690384E-05
140.6 7.821190211E-05 -2.172552836E-05
140.8 7.390790206E-05 -1.086880913E-05
141 6.959910913E-05 2.17497216E-05
141.2 6.528551532E-05 -2.176183844E-05
141.4 6.09671126E-05 -4.354793757E-05
141.6 6.535833798E-05 2.178611266E-05
141.8 6.103515625E-05 4.359654018E-05
142 5.670714685E-05 -1.51538654E-20
142.2 6.110335196E-05 2.18226257E-05
142.4 5.240357742E-05 2.183482392E-05
142.6 5.243288591E-05 1.09235179E-05
142.8 4.371852266E-05 -2.185926133E-05
143 3.936870101E-05 -4.374300112E-05
143.2 3.50140056E-05 2.18837535E-05
143.4 3.065442825E-05 -3.284403027E-05
143.6 2.628996074E-05 -6.572490185E-05
143.8 2.63047138E-05 -8.002040904E-22
144 2.193290286E-05 -2.193290286E-05
144.2 2.633426966E-05 -1.097261236E-05
144.4 2.195756043E-05 -1.097878021E-05
144.6 2.636389201E-05 -4.393982002E-05
144.8 2.198227349E-05 -4.396454699E-05
145 2.639358108E-05 1.099732545E-05
145.2 2.64084507E-05 6.602112676E-05
145.4 2.642333709E-05 -2.201944758E-05
145.6 2.643824027E-05 -2.203186689E-05
145.8 2.645316027E-05 -1.102215011E-05
146 2.646809712E-05 -6.61702428E-05
146.2 3.089689266E-05 -5.51730226E-05
146.4 3.533069531E-05 -6.62450537E-05
146.6 3.976951357E-05 -1.198613036E-20
146.8 3.979202037E-05 3.316001698E-05
147 3.096687429E-05 -1.105959796E-05
147.2 2.655807365E-05 4.426345609E-05
147.4 2.657312925E-05 5.536068594E-05
147.6 2.658820193E-05 5.539208735E-05
147.8 3.103717367E-05 5.54235244E-05
148 3.992759796E-05 3.32729983E-05
148.2 4.8828125E-05 4.438920455E-05
148.4 5.329732803E-05 6.662166003E-05
148.6 4.888367463E-05 4.443970421E-05
148.8 4.891149687E-05 2.961870363E-20
149 4.89393508E-05 2.224515945E-05
149.2 4.896723647E-05 7.790242165E-05
149.4 4.454104903E-05 0.0001113526226
149.6 4.010981175E-05 0.0001114161438
149.8 3.567351598E-05 0.0001226277112
150 3.123215306E-05 8.923472302E-05
150.2 4.017857143E-05 8.928571429E-05
150.4 4.466838193E-05 3.350128645E-05
150.6 4.916332952E-05 -4.469393593E-05
150.8 4.919147109E-05 -3.353963938E-05
151 4.92196449E-05 -2.237256586E-05
151.2 4.9247851E-05 -1.119269341E-05
151.4 4.927608945E-05 1.119911124E-05
151.6 4.93043603E-05 4.482214573E-05
151.8 4.933266361E-05 3.3635907E-05
152 4.936099943E-05 1.121840896E-05
152.2 4.938936782E-05 -1.122485632E-05
152.4 4.941776883E-05 1.12313111E-05
152.6 4.944620253E-05 4.495109321E-05
152.8 4.947466897E-05 2.24884859E-05
153 4.95031682E-05 -1.125072005E-05
153.2 4.953170029E-05 -2.251440922E-05
153.4 4.505478662E-05 2.252739331E-05
153.6 4.057270629E-05 1.127019619E-05
153.8 3.608545035E-05 -5.638351617E-05
154 3.610629694E-05 -9.026574235E-05
154.2 4.064306358E-05 -6.773843931E-05
154.4 4.518507808E-05 1.898035469E-20
154.6 4.521122685E-05 3.390842014E-05
154.8 4.97611465E-05 -2.261870295E-05
155 4.978997683E-05 -6.789542294E-05
155.2 4.981884058E-05 -5.661231884E-05
155.4 4.984773782E-05 -4.531612529E-05
155.6 4.98766686E-05 -1.13356065E-05
155.8 4.536875726E-05 -1.134218931E-05
156 4.539511912E-05 3.776367985E-20
156.2 4.087936047E-05 2.271075581E-05
156.4 4.090314136E-05 -4.544793485E-05
156.6 5.002182771E-05 3.410579162E-05
156.8 4.550087362E-05 9.100174723E-05
157 4.097465035E-05 1.138184732E-05
157.2 3.644314869E-05 1.138848397E-05
157.4 3.646441074E-05 -2.279025671E-05
157.6 3.648569761E-05 -2.2803561E-05
157.8 3.194363318E-05 -2.281688084E-05
158 2.73962595E-05 -5.707554062E-05
158.2 2.74122807E-05 -4.56871345E-05
158.4 2.742832066E-05 -2.285693388E-05
158.6 2.744437939E-05 -2.029644896E-21
158.8 2.746045694E-05 -1.144185706E-05
159 2.747655334E-05 2.289712778E-05
159.2 2.749266862E-05 6.873167155E-05
159.4 2.750880282E-05 5.731000587E-05
159.6 2.752495596E-05 1.146873165E-05
159.8 2.754112808E-05 2.295094007E-05
160 2.755731922E-05 8.03755144E-05
160.2 2.757352941E-05 5.744485294E-05
160.4 2.758975868E-05 4.598293114E-05
160.6 2.300500589E-05 4.601001178E-05
160.8 1.841484973E-05 4.603712434E-05
161 1.842570755E-05 1.151606722E-05
161.2 1.843657817E-05 -1.152286136E-05
161.4 1.844746163E-05 -2.305932704E-05
161.6 1.384376846E-05 1.880549109E-20
161.8 9.23463357E-06 -2.308658392E-05
162 9.240094619E-06 -4.620047309E-05
162.2 4.622781065E-06 1.155695266E-05
162.4 0 2.312759029E-05
162.6 0 2.314129147E-05
162.8 0 -2.315500889E-05
163 4.633748517E-06 -4.633748517E-05
163.2 4.636498516E-06 -5.795623145E-05
163.4 9.278503563E-06 -0.0001043831651
163.6 1.392602496E-05 -1.16050208E-05
163.8 1.857907253E-05 1.161192033E-05
164 2.323765616E-05 -9.295062463E-05
164.2 2.32514881E-05 -0.0001046316964
164.4 2.326533651E-05 -9.306134604E-05
164.6 2.327920143E-05 -5.819800358E-05
164.8 2.329308289E-05 -4.658616577E-05
165 2.330698091E-05 -6.992094272E-05
165.2 2.332089552E-05 -4.664179104E-05
165.4 2.333482676E-05 -3.500224014E-05
165.6 2.334877466E-05 -5.837193664E-05
165.8 2.336273923E-05 -4.672547847E-05
166 2.337672053E-05 -5.844180132E-05
166.2 2.339071856E-05 -9.356287425E-05
166.4 2.340473337E-05 -5.851183343E-05
166.6 2.341876499E-05 -3.512814748E-05
166.8 2.343281344E-05 -3.514922016E-05
167 2.344687875E-05 -1.172343938E-05
167.2 1.876876877E-05 -3.519144144E-05
167.4 2.34750601E-05 -5.868765024E-05
167.6 1.879134095E-05 -2.348917619E-05
167.8 1.880264741E-05 -1.175165463E-05
168 1.881396749E-05 -1.175872968E-05
168.2 1.88253012E-05 -2.353162651E-05
168.4 2.354581073E-05 -5.886452682E-05
168.6 2.356001206E-05 -5.890003016E-05
168.8 2.357423054E-05 -2.357423054E-05
169 2.358846618E-05 -3.538269928E-05
169.2 2.832326284E-05 -3.540407855E-05
169.4 2.834038694E-05 -1.180849456E-05
169.6 2.835753176E-05 -2.363127647E-05
169.8 2.837469734E-05 -3.546837167E-05
170 2.839188371E-05 -3.548985463E-05
170.2 2.367424242E-05 -2.367424242E-05
170.4 2.368859915E-05 -3.553289873E-05
170.6 2.37029733E-05 -2.37029733E-05
170.8 2.371736491E-05 1.006098932E-20
171 2.3731774E-05 1.040289517E-21
171.2 2.374620061E-05 3.561930091E-05
171.4 2.376064477E-05 2.376064477E-05
171.6 2.377510651E-05 -1.188755326E-05
171.8 2.378958587E-05 2.295085625E-20
172 2.380408288E-05 -2.380408288E-05
172.2 2.381859756E-05 -4.763719512E-05
172.4 2.383312996E-05 -3.574969494E-05
172.6 2.38476801E-05 -1.192384005E-05
172.8 2.386224801E-05 -1.193112401E-05
173 2.387683374E-05 1.193841687E-05
173.2 2.389143731E-05 2.389143731E-05
173.4 2.390605875E-05 -1.195302938E-05
173.6 2.870483772E-05 -3.588104715E-05
173.8 3.350949755E-05 -2.393535539E-05
174 3.353004292E-05 -4.790006131E-05
174.2 3.35506135E-05 -4.792944785E-05
174.4 3.357120933E-05 -1.198971762E-05
174.6 3.359183047E-05 -3.599124693E-05
174.8 3.841425937E-05 -2.400891211E-05
175 4.324261993E-05 1.201183887E-05
175.2 4.326923077E-05 -1.201923077E-05
175.4 4.810652709E-05 -2.405326355E-05
175.6 4.813616759E-05 -2.40680838E-05
175.8 4.816584464E-05 -3.612438348E-05
176 4.81955583E-05 -1.028836937E-21
176.2 4.822530864E-05 1.205632716E-05
176.4 4.825509574E-05 -1.206377393E-05
176.6 4.345642769E-05 -4.828491965E-05
176.8 4.348330241E-05 -4.831478046E-05
177 4.834467822E-05 -1.208616955E-05
177.2 3.86996904E-05 3.628095975E-05
177.4 3.388320942E-05 2.420229244E-05
177.6 2.906075635E-05 -1.355649431E-20
177.8 1.938585608E-05 4.84646402E-05
178 1.454841713E-05 7.274208566E-05
178.2 1.455745342E-05 6.06560559E-05
178.4 4.855500311E-06 9.918732054E-21
178.6 4.8585199E-06 3.643889925E-05
178.8 4.861543248E-06 7.292314872E-05
179 0 2.432285181E-05
179.2 0 -1.216900312E-05
179.4 0 1.217658978E-05
179.6 0 3.65525577E-05
179.8 0 -3.657537453E-05
180 0 1.035671109E-20
180.2 0 6.103515625E-05
180.4 0 3.664399625E-05
180.6 0 1.222230914E-05
180.8 0 1.793925987E-20
181 0 1.223762531E-05
181.2 0 2.449059561E-05
181.4 0 -2.553121754E-20
181.6 0 -2.452134338E-05
181.8 0 -2.453674623E-05
182 0 -1.227608422E-05
182.2 0 -2.037832716E-20
182.4 0 -2.458307111E-05
182.6 0 -3.689782746E-05
182.8 0 2.461405167E-05
183 0 -9.074301242E-21
183.2 0 -3.696766562E-05
183.4 4.932133838E-06 -1.23303346E-05
183.6 4.935249526E-06 1.233812382E-05
183.8 0 6.739178394E-21
184 0 1.270847511E-20
184.2 0 4.944620253E-05
184.4 0 2.473875871E-05
184.6 4.950887199E-06 -1.2377218E-05
184.8 4.954026633E-06 -3.715519975E-05
185 0 -4.957170051E-05
185.2 4.96031746E-06 -1.240079365E-05
185.4 0 2.481734435E-05
185.6 0 3.724968214E-05
185.8 0 1.242445929E-05
186 0 1.80125082E-20
186.2 0 -4.97611465E-05
186.4 0 -9.958572339E-05
186.6 0 -1.245615434E-05
186.8 0 2.492820676E-05
187 0 -4.262754714E-22
187.2 4.99201278E-06 8.736022364E-05
187.4 9.990409207E-06 4.995204604E-05
187.6 9.996801024E-06 -8.747200896E-05
187.8 1.000320102E-05 -6.25200064E-05
188 1.000960922E-05 1.251201153E-05
188.2 1.001602564E-05 2.50400641E-05
188.4 1.503367543E-05 5.011225144E-05
188.6 1.002888318E-05 3.760831194E-05
188.8 5.017662171E-06 -1.254415543E-05
189 5.020886889E-06 1.255221722E-05
189.2 5.024115756E-06 6.280144695E-05
189.4 5.027348777E-06 -6.182443004E-21
189.6 1.006117193E-05 -2.515292981E-05
189.8 1.006765464E-05 2.51691366E-05
190 1.007414571E-05 1.986926093E-20
190.2 1.008064516E-05 -7.719930398E-21
190.4 1.51307295E-05 -2.52178825E-05
190.6 1.514050388E-05 -8.831960594E-05
190.8 1.010019392E-05 -5.050096962E-05
191 5.053363519E-06 -5.053363519E-05
191.2 5.056634304E-06 -2.528317152E-05
191.4 0 -5.059909326E-05
191.6 0 -5.063188594E-05
191.8 0 2.533236057E-05
192 5.069759896E-06 -6.394187495E-21
192.2 5.073051948E-06 3.804788961E-05
192.4 5.076348278E-06 -1.26908707E-05
192.6 1.015929779E-05 -1.269912224E-05
192.8 0 -5.959424701E-21
193 5.086263021E-06 -7.629394531E-05
193.2 1.017915309E-05 -6.361970684E-05
193.4 1.018578879E-05 -2.546447197E-05
193.6 1.019243314E-05 -1.274054142E-05
193.8 1.019908616E-05 3.824657311E-05
194 1.020574788E-05 1.275718485E-05
194.2 1.531862745E-05 1.276552288E-05
194.4 1.021909745E-05 -3.36862224E-20
194.6 1.533867801E-05 -3.834669503E-05
194.8 1.023248199E-05 3.837180747E-05
195 1.023918742E-05 3.839695282E-05
195.2 1.536885246E-05 -8.834379618E-22
195.4 1.537893701E-05 -1.060339231E-20
195.6 1.025935653E-05 -1.282419567E-05
195.8 1.026609724E-05 -3.849786465E-05
196 1.027284681E-05 -2.568211703E-05
196.2 5.139802632E-06 1.284950658E-05
196.4 5.143186307E-06 5.143186307E-05
196.6 5.14657444E-06 6.43321805E-05
196.8 5.14996704E-06 2.57498352E-05
197 5.153364116E-06 -2.576682058E-05
197.2 5.156765677E-06 1.289191419E-05
197.4 5.160171731E-06 1.942484627E-20
197.6 5.163582287E-06 1.290895572E-05
197.8 0 3.875248016E-05
198 5.170416942E-06 -1.292604236E-05
198.2 0 -5.17384106E-05
198.4 0 -1.294317429E-05
198.6 0 5.180702918E-05
198.8 0 1.296035169E-05
199 0 -1.29689575E-05
199.2 5.1910299E-06 2.521029027E-20
199.4 0 3.895861037E-05
199.6 0 1.299484365E-05
199.8 5.201398136E-06 1.300349534E-05
200 5.204863424E-06 3.903647568E-05
200.2 0 -1.64996784E-21
200.4 5.211807872E-06 -2.605903936E-05
200.6 5.215287049E-06 -1.303821762E-05
200.8 5.218770875E-06 1.364548683E-20
201 5.222259358E-06 3.916694519E-05
201.2 5.225752508E-06 3.919314381E-05
201.4 5.229250335E-06 2.875394241E-22
201.6 5.232752847E-06 -2.616376423E-05
201.8 5.236260054E-06 -6.545325067E-05
202 5.239771965E-06 -6.549714956E-05
202.2 0 -2.621644295E-05
202.4 0 -2.62340497E-05
202.6 0 -3.937752016E-05
202.8 0 -2.626933423E-05
203 0 1.314350606E-05
203.2 0 6.576178451E-05
203.4 0 2.038875206E-20
203.6 5.268037761E-06 -2.634018881E-05
203.8 1.054318489E-05 -5.271592443E-05
204 1.582545577E-05 -5.275151924E-05
204.2 2.111486486E-05 3.959037162E-05
204.4 1.584685598E-05 1.320571332E-05
204.6 1.585757781E-05 -9.057046135E-20
204.8 1.05788761E-05 2.644719025E-05
205 1.058604336E-05 -1.32325542E-05
205.2 1.588983051E-05 -2.648305085E-05
205.4 1.590061058E-05 5.300203528E-05
205.6 2.121520706E-05 2.651900883E-05
205.8 1.592221467E-05 1.326851223E-05
206 1.593303875E-05 2.655506458E-05
206.2 1.06292517E-05 3.985969388E-05
206.4 5.318243703E-06 2.659121852E-05
206.6 5.321866485E-06 -6.652333106E-05
206.8 0 3.31185972E-20
207 0 1.332281719E-05
207.2 0 -5.332764505E-05
207.4 0 -2.668203552E-05
207.6 0 -2.83462692E-20
207.8 0 1.335926813E-05
208 0 -2.673682409E-05
208.2 0 -5.351027397E-05
208.4 0 -1.338673749E-05
208.6 0 -1.339591907E-05
208.8 0 -1.340511325E-05
209 0 4.024296016E-05
209.2 0 2.684707904E-05
209.4 0 2.497965172E-20
209.6 0 -1.344201652E-05
209.8 0 -2.690254821E-05
210 0 -1.346054445E-05
210.2 0 4.603096639E-21
210.4 0 1.347912353E-05
210.6 0 2.697651559E-20
210.8 0 -1.349775397E-05
211 0 -4.052126556E-05
211.2 0 -2.703287197E-05
211.4 0 1.35257964E-05
211.6 0 2.707033957E-05
211.8 0 -1.354455617E-05
212 0 -1.355395559E-05
212.2 0 -9.833632256E-21
212.4 0 -4.071838082E-05
212.6 0 -1.358223227E-05
212.8 0 -1.867179186E-20
213 0 -4.514615197E-21
213.2 0 -1.361062718E-05
213.4 0 5.416383556E-21
213.6 0 4.08888695E-05
213.8 0 -1.363914106E-05
214 0 -2.729734451E-05
214.2 0 1.365821678E-05
214.4 0 2.733554934E-05
214.6 0 1.227100847E-20
214.8 0 2.737386125E-05
215 0 5.478611501E-05
215.2 0 -8.791681313E-21
215.4 0 -5.551228844E-21
215.6 0 1.372540408E-05
215.8 0 -1.373505626E-05
216 0 1.374472203E-05
216.2 0 1.375440141E-05
216.4 0 2.171107473E-20
216.6 0 1.377380113E-05
216.8 0 -1.378352152E-05
217 0 -1.379325565E-05
217.2 0 -2.760600707E-05
217.4 0 1.381276521E-05
217.6 0 4.146762208E-05
217.8 0 -1.717118607E-20
218 0 2.768426648E-05
218.2 0 1.385195035E-05
218.4 0 -1.386178141E-05
218.6 0 2.704484933E-21
218.8 0 -6.852277686E-21
219 0 -4.167407539E-05
219.2 0 -5.560498221E-05
219.4 5.564458689E-06 -1.391114672E-05
219.6 1.113684961E-05 -6.369698792E-21
219.8 1.114479315E-05 1.393099144E-05
220 1.115274804E-05 -4.489951612E-21
220.2 1.116071429E-05 -2.790178571E-05
220.4 1.116869192E-05 -1.39608649E-05
220.6 1.117668097E-05 -1.397085122E-05
220.8 1.118468146E-05 -1.398085183E-05
221 1.119269341E-05 -2.715270438E-20
221.2 1.120071685E-05 1.255225269E-20
221.4 1.120875179E-05 1.401093974E-05
221.6 1.121679828E-05 1.402099785E-05
221.8 1.122485632E-05 2.80621408E-05
222 5.616462976E-06 2.808231488E-05
222.2 0 1.405125899E-05
222.4 0 -1.406137509E-05
222.6 0 -4.221451729E-05
222.8 0 -1.408165105E-05
223 0 5.636724387E-05
223.2 0 5.640794224E-05
223.4 0 1.232453258E-20
223.6 0 -2.824475777E-05
223.8 0 1.459040472E-20
224 0 2.828566256E-05
224.2 0 -2.830615942E-05
224.4 0 -5.665337201E-05
224.6 0 -1.417362119E-05
224.8 0 1.418391431E-05
225 0 1.26845518E-20
225.2 0 -1.420454545E-05
225.4 0 -1.421488355E-05
225.6 0 -1.422523671E-05
225.8 0 2.617519188E-20
226 0 5.698395332E-05
226.2 0 8.553832117E-05
226.4 5.706720234E-06 7.133400292E-05
226.6 5.710891813E-06 5.710891813E-05
226.8 5.715069495E-06 2.857534748E-05
227 1.143850659E-05 -2.887600246E-20
227.2 1.717032967E-05 2.224843761E-20
227.4 1.718291789E-05 5.727639296E-05
227.6 1.146368305E-05 5.731841526E-05
227.8 5.736049927E-06 2.868024963E-05
228 5.740264511E-06 5.740264511E-05
228.2 5.744485294E-06 1.436121324E-05
228.4 5.748712288E-06 -1.437178072E-05
228.6 5.752945508E-06 -1.438236377E-05
228.8 5.757184967E-06 1.439296242E-05
229 5.761430678E-06 1.44035767E-05
229.2 5.765682657E-06 -2.882841328E-05
229.4 5.769940916E-06 1.074769791E-20
229.6 5.774205469E-06 -1.443551367E-05
229.8 5.778476331E-06 1.444619083E-05
230 5.782753516E-06 4.337065137E-05
230.2 5.787037037E-06 -5.787037037E-05
230.4 5.791326909E-06 -7.239158636E-05
230.6 5.795623145E-06 4.346717359E-05
230.8 5.799925761E-06 7.249907201E-05
231 5.80423477E-06 2.902117385E-05
231.2 5.808550186E-06 -2.904275093E-05
231.4 5.812872024E-06 -7.26609003E-05
231.6 5.817200298E-06 -4.362900223E-05
231.8 5.821535022E-06 -4.366151267E-05
232 5.825876212E-06 -2.912938106E-05
232.2 5.830223881E-06 -1.45755597E-05
232.4 1.166915609E-05 -1.458644511E-05
232.6 5.838938714E-06 1.520463256E-20
232.8 1.168661182E-05 -2.921652954E-05
233 1.169535928E-05 -7.309599551E-05
233.2 5.852059925E-06 -7.315074906E-05
233.4 1.171289355E-05 -4.392335082E-05
233.6 1.758252063E-05 -1.465210053E-05
233.8 2.346096096E-05 -1.46631006E-05
234 2.934823441E-05 -1.467411721E-05
234.2 3.52443609E-05 6.086205398E-21
234.4 3.527088036E-05 -1.469620015E-05
234.6 3.529743976E-05 -1.470726657E-05
234.8 3.532403919E-05 -9.419688886E-21
235 3.535067873E-05 -1.472944947E-05
235.2 3.537735849E-05 -4.422169811E-05
235.4 3.540407855E-05 -2.950339879E-05
235.6 3.5430839E-05 -1.476284958E-05
235.8 3.545763994E-05 -1.477401664E-05
236 3.548448145E-05 -7.5615667E-22
236.2 3.551136364E-05 2.959280303E-05
236.4 3.553828658E-05 4.442285823E-05
236.6 3.556525038E-05 2.963770865E-05
236.8 3.559225513E-05 5.932042521E-05
237 3.561930091E-05 2.968275076E-05
237.2 3.564638783E-05 -4.455798479E-05
237.4 3.567351598E-05 -4.459189498E-05
237.6 3.570068545E-05 -1.487528561E-05
237.8 3.572789634E-05 -2.977324695E-05
238 3.575514874E-05 -2.979595728E-05
238.2 3.578244275E-05 1.490935115E-05
238.4 3.580977846E-05 4.476222307E-05
238.6 3.583715596E-05 4.479644495E-05
238.8 3.586457536E-05 4.48307192E-05
239 3.589203675E-05 7.477507657E-05
239.2 3.591954023E-05 7.483237548E-05
239.4 2.995590491E-05 4.493385736E-05
239.6 2.398311589E-05 -1.771761036E-20
239.8 1.800115207E-05 -3.000192012E-05
240 1.200999231E-05 -3.002498078E-05
240.2 6.009615385E-06 -1.502403846E-05
240.4 6.014241724E-06 -1.443004333E-20
240.6 6.018875193E-06 1.504718798E-05
240.8 6.023515806E-06 6.023515806E-05
241 6.02816358E-06 4.521122685E-05
241.2 6.032818533E-06 1.508204633E-05
241.4 6.03748068E-06 -5.449663568E-21
241.6 6.042150039E-06 -1.51053751E-05
241.8 6.046826625E-06 3.023413313E-05
242 6.051510457E-06 6.051510457E-05
242.2 6.05620155E-06 7.570251938E-05
242.4 6.060899922E-06 1.515224981E-05
242.6 1.213121118E-05 -4.549204193E-05
242.8 1.214063714E-05 -3.035159285E-05
243 1.215007776E-05 -1.51875972E-05
243.2 1.215953307E-05 3.039883268E-05
243.4 1.216900312E-05 6.084501558E-05
243.6 1.217848792E-05 -3.602085298E-20
243.8 1.218798752E-05 -3.04699688E-05
244 1.219750195E-05 1.335808271E-20
244.2 1.220703125E-05 1.525878906E-05
244.4 1.221657545E-05 1.527071931E-05
244.6 1.222613459E-05 -1.528266823E-05
244.8 1.223570869E-05 1.529463587E-05
245 6.122648903E-06 3.061324451E-05
245.2 1.225490196E-05 -4.595588235E-05
245.4 1.226452119E-05 -7.665325746E-05
245.6 1.227415554E-05 -6.137077769E-05
245.8 1.228380503E-05 -1.535475629E-05
246 1.229346971E-05 1.536683714E-05
246.2 6.151574803E-06 -3.075787402E-05
246.4 1.231284476E-05 -4.617316785E-05
246.6 6.161277603E-06 -1.540319401E-05
246.8 6.166140489E-06 5.630755505E-21
247 6.171011058E-06 3.085505529E-05
247.2 0 5.075113785E-21
247.4 6.180775316E-06 -4.635581487E-05
247.6 1.237133808E-05 -1.54641726E-05
247.8 1.238114105E-05 1.547642631E-05
248 1.858643933E-05 4.020819937E-20
248.2 2.48015873E-05 -2.34279229E-20
248.4 1.861596505E-05 1.551330421E-05
248.6 1.863076312E-05 3.105127186E-05
248.8 1.864558473E-05 7.768993636E-05
249 2.488057325E-05 7.77517914E-05
249.2 3.112549801E-05 6.225099602E-05
249.4 3.738038278E-05 6.230063796E-05
249.6 3.741021548E-05 4.676276935E-05
249.8 3.744009585E-05 4.680011981E-05
250 3.747002398E-05 1.203263854E-20
250.2 5E-05 1.5625E-05
250.4 4.378502802E-05 6.255004003E-05
250.6 4.382011218E-05 1.293081222E-20
250.8 5.012028869E-05 -3.132518043E-05
251 5.016051364E-05 -3.135032103E-05
251.2 5.020080321E-05 -1.411251095E-20
251.4 4.396101286E-05 1.570036174E-05
251.6 3.771118262E-05 7.85649638E-05
251.8 3.774154589E-05 6.290257649E-05
252 3.77719581E-05 1.675176191E-20
252.2 3.150201613E-05 1.575100806E-05
252.4 2.522195319E-05 1.576372074E-05
252.6 2.524232633E-05 4.732936187E-05
252.8 3.157841552E-05 9.473524656E-05
253 2.528317152E-05 0.0001106138754
253.2 1.897773279E-05 4.744433198E-05
253.4 1.266207455E-05 2.404157582E-21
253.6 1.267234388E-05 7.277302488E-21
253.8 1.268262987E-05 1.585328734E-05
254 6.346466288E-06 1.586616572E-05
254.2 0 1.587906504E-05
254.4 0 2.575826925E-20
254.6 0 1.590492671E-05
254.8 0 4.775366748E-05
255 0 3.186174551E-05
255.2 0 3.18877551E-05
255.4 0 1.595690359E-05
255.6 0 1.596995094E-05
255.8 0 3.196603928E-05
256 0 4.798832924E-05
256.2 0 3.201844262E-05
256.4 0 -3.972448782E-20
256.6 0 1.603550903E-05
256.8 0 4.814605588E-05
257 0 6.424753289E-05
257.2 0 1.607510288E-05
257.4 0 -1.608834432E-05
257.6 0 -4.830482275E-05
257.8 0 -4.834467822E-05
258 0 1.612819983E-05
258.2 0 4.842458678E-05
258.4 6.461952026E-06 8.077440033E-05
258.6 1.293460265E-05 8.084126656E-05
258.8 1.941797846E-05 8.090824358E-05
259 1.94340796E-05 9.717039801E-05
259.2 1.945020747E-05 8.104253112E-05
259.4 1.946636213E-05 6.488787375E-05
259.6 1.948254364E-05 4.87063591E-05
259.8 1.949875208E-05 1.624896007E-05
260 1.951498751E-05 3.252497918E-05
260.2 1.953125E-05 -2.190057847E-20
260.4 1.954753962E-05 -1.628961635E-05
260.6 1.956385643E-05 8.151606845E-05
260.8 1.3053467E-05 6.5267335E-05
261 1.306438127E-05 3.266095318E-05
261.2 1.307531381E-05 3.268828452E-05
261.4 1.962939698E-05 1.635783082E-05
261.6 1.96458508E-05 1.637154233E-05
261.8 1.966233221E-05 2.71838461E-20
262 1.967884131E-05 3.279806885E-05
262.2 1.969537815E-05 6.56512605E-05
262.4 1.314129521E-05 9.855971405E-05
262.6 6.576178451E-06 3.288089226E-05
262.8 0 -4.936288964E-05
263 0 -4.386250391E-21
263.2 0 3.296413502E-05
263.4 0 3.299197635E-05
263.6 0 2.88970882E-20
263.8 0 -4.957170051E-05
264 0 -6.615156647E-05
264.2 0 4.654992828E-20
264.4 0 -3.313189143E-05
264.6 0 -6.632003396E-05
264.8 0 -4.978228547E-05
265 0 -4.982461735E-05
265.2 0 -4.986702128E-05
265.4 0 -3.32729983E-05
265.6 0 8.325341006E-05
265.8 0 -3.332977816E-05
266 0 -0.0001667912041
266.2 0 -0.0001335470085
266.4 0 -0.0001169535928
266.6 0 -0.0001003317637
266.8 0 -0.0001004177378
267 0 -0.0001005038593
267.2 0 -0.0001173551502
267.4 0 -0.0001174559708
267.6 0 -6.717540843E-05
267.8 0 -5.042491394E-05
268 0 -6.729112834E-05
268.2 0 -6.734913793E-05
268.4 0 -6.740724763E-05
268.6 0 -3.373272884E-05
268.8 0 3.662965816E-20
269 0 -3.379108997E-05
269.2 0 -5.073051948E-05
269.4 0 -3.384965338E-05
269.6 0 -1.693950564E-05
269.8 0 -8.046812999E-21
270 0 -2.97780377E-21
270.2 0 -3.39673913E-05
270.4 0 -3.399695387E-05
270.6 0 -5.103985192E-05
270.8 0 -3.405623365E-05
271 0 3.408595113E-05
271.2 0 6.823144105E-05
271.4 6.829108392E-06 3.414554196E-05
271.6 6.835083115E-06 -1.708770779E-05
271.8 6.841068301E-06 -1.710267075E-05
272 0 -1.711765995E-05
272.2 0 -1.713267544E-05
272.4 0 -5.144315189E-05
272.6 6.865114236E-06 -5.148835677E-05
272.8 6.871152155E-06 -1.717788039E-05
273 0 -3.438600352E-05
273.2 0 -1.720814978E-05
273.4 6.889329806E-06 -1.282603254E-20
273.6 1.379082083E-05 -1.723852604E-05
273.8 2.07045053E-05 -1.725375442E-05
274 2.763041556E-05 1.726900973E-05
274.2 2.765486726E-05 5.185287611E-05
274.4 3.459920283E-05 1.729960142E-05
274.6 3.462987589E-05 1.731493794E-05
274.8 3.466060337E-05 3.466060337E-05
275 3.469138544E-05 -1.719763939E-20
275.2 2.777777778E-05 3.472222222E-05
275.4 2.085186833E-05 8.68827847E-05
275.6 2.087043633E-05 6.95681211E-05
275.8 1.392602496E-05 -1.740753119E-05
276 1.393844781E-05 -0.0001045383586
276.2 6.975446429E-06 -5.231584821E-05
276.4 0 1.232162357E-20
276.6 6.987924866E-06 1.746981216E-05
276.8 0 1.74854521E-05
277 0 1.750112007E-05
277.2 0 3.503363229E-05
277.4 0 -1.753254039E-05
277.6 0 -1.75482929E-05
277.8 0 1.756407374E-05
278 0 1.757988299E-05
278.2 0 3.519144144E-05
278.4 0 -1.761158702E-05
278.6 0 -5.288244585E-05
278.8 0 -4.463701296E-20
279 0 7.063743219E-05
279.2 7.070135747E-06 3.535067873E-05
279.4 1.415307971E-05 6.032027253E-20
279.6 2.83318223E-05 5.312216682E-05
279.8 2.835753176E-05 8.861728675E-05
280 2.838328792E-05 3.54791099E-05
280.2 3.551136364E-05 -1.775568182E-05
280.4 4.265241128E-05 -1.777183803E-05
280.6 4.98064663E-05 -1.778802368E-05
280.8 5.697356427E-05 1.516361153E-20
281 6.415374088E-05 1.782048358E-05
281.2 7.134703196E-05 3.567351598E-05
281.4 7.141224863E-05 3.570612431E-05
281.6 7.147758463E-05 -1.786939616E-05
281.8 8.585164835E-05 -1.788576007E-05
282 7.876947754E-05 5.370646196E-05
282.2 7.884174312E-05 -1.917087335E-20
282.4 8.608815427E-05 -5.380509642E-05
282.6 8.616727941E-05 -5.385454963E-05
282.8 7.905933763E-05 -5.390409384E-05
283 6.474447514E-05 -3.596915285E-05
283.2 6.480414747E-05 -3.600230415E-05
283.4 5.765682657E-05 -1.80177583E-05
283.6 5.049630656E-05 -1.80343952E-05
283.8 5.054297597E-05 -3.610212569E-05
284 5.781683626E-05 -3.613552266E-05
284.2 5.787037037E-05 -3.616898148E-05
284.4 5.792400371E-05 -5.430375348E-05
284.6 6.522495362E-05 -5.435412801E-05
284.8 7.253946147E-05 -3.626973073E-05
285 7.986756506E-05 -5.445515799E-05
285.2 8.720930233E-05 -3.63372093E-05
285.4 9.456471136E-05 -1.818552142E-05
285.6 0.0001019338304 -5.460740913E-05
285.8 0.0001020289179 -5.465834888E-05
286 0.000102124183 -3.64729225E-05
286.2 0.0001022196262 -3.650700935E-05
286.4 0.0001023152479 -1.827057998E-05
286.6 0.0001024110487 -3.839275034E-20
286.8 0.0001025070291 -1.830482662E-05
287 9.527439024E-05 -1.832199812E-05
287.2 9.536384977E-05 -1.833920188E-05
287.4 0.0001027960526 -3.671287594E-05
287.6 0.0001028927563 -5.512111947E-05
287.8 0.0001029896422 -3.678201507E-05
288 9.572337418E-05 -1.840834119E-05
288.2 8.844339623E-05 -1.842570755E-05
288.4 8.11496695E-05 -1.84431067E-05
288.6 8.122637051E-05 -1.846053875E-05
288.8 8.130321665E-05 3.695600757E-05
289 5.918560606E-05 5.548650568E-05
289.2 4.443127962E-05 3.702606635E-05
289.4 3.706119545E-05 3.706119545E-05
289.6 2.967711301E-05 5.551110098E-20
289.8 2.22789924E-05 1.141818504E-20
290 1.486679353E-05 5.575047574E-05
290.2 1.488095238E-05 3.720238095E-05
290.4 1.489513823E-05 1.861892278E-05
290.6 1.490935115E-05 1.863668893E-05
290.8 7.461795606E-06 8.172384804E-21
291 0 -1.278637939E-20
291.2 0 -3.965548196E-20
291.4 0 -1.870809387E-05
291.6 0 -4.810832385E-20
291.8 0 3.748800384E-05
292 0 1.876200768E-05
292.2 0 -1.878004808E-05
292.4 0 -5.639436959E-05
292.6 0 -3.763246628E-05
292.8 0 1.883437801E-05
293 0 -3.770511583E-05
293.2 0 -7.548309179E-05
293.4 0 -4.812340321E-20
293.6 0 -7.923002867E-22
293.8 0 -3.785125969E-05
294 0 -1.894398642E-05
294.2 0 -3.290458166E-20
294.4 0 -6.083912276E-20
294.6 0 1.925151629E-20
294.8 0 1.90177702E-05
295 0 6.253248347E-20
295.2 0 -1.905487805E-05
295.4 0 1.907348633E-05
295.6 0 -1.909213099E-05
295.8 7.644324853E-06 -1.911081213E-05
296 7.651811949E-06 3.825905975E-05
296.2 7.659313725E-06 1.914828431E-05
296.4 1.533366045E-05 -1.916707556E-05
296.6 2.302308448E-05 4.481581141E-20
296.8 2.304572271E-05 -3.329775892E-21
297 3.075787402E-05 -1.922367126E-05
297.2 3.848522167E-05 1.924261084E-05
297.4 4.622781065E-05 1.926158777E-05
297.6 5.398568608E-05 -1.190224812E-20
297.8 6.175889328E-05 -4.850968532E-20
298 6.954747774E-05 1.283754497E-20
298.2 7.735148515E-05 -1.933787129E-05
298.4 8.517096135E-05 -3.871407334E-05
298.6 9.300595238E-05 1.875612677E-20
298.8 9.309831182E-05 7.758192651E-05
299 9.319085487E-05 3.882952286E-05
299.2 9.328358209E-05 3.88681592E-05
299.4 9.337649402E-05 1.945343625E-05
299.6 9.346959123E-05 -3.296905011E-20
299.8 9.356287425E-05 3.898453094E-05
300 9.365634366E-05 1.951173826E-05
300.2 9.375E-05 5.859375E-05
300.4 9.384384384E-05 1.95508008E-05
300.6 9.393787575E-05 5.871117234E-05
300.8 9.403209629E-05 5.877006018E-05
301 9.412650602E-05 3.921937751E-05
301.2 9.422110553E-05 5.888819095E-05
301.4 9.431589537E-05 -1.964914487E-05
301.6 9.441087613E-05 3.933786506E-05
301.8 9.450604839E-05 1.968876008E-05
302 9.460141271E-05 1.970862765E-05
302.2 9.46969697E-05 9.864267677E-05
302.4 8.689332659E-05 9.874241658E-05
302.6 8.69812753E-05 9.88423583E-05
302.8 8.706940223E-05 1.978850051E-05
303 7.923427992E-05 5.942570994E-05
303.2 7.138324873E-05 7.931472081E-05
303.4 7.145579268E-05 5.95464939E-05
303.6 6.358087487E-05 0.0001192141404
303.8 5.568991853E-05 9.94462831E-05
304 4.778287462E-05 5.972859327E-05
304.2 3.985969388E-05 5.978954082E-05
304.4 3.192032686E-05 7.980081716E-05
304.6 2.396472393E-05 5.991180982E-05
304.8 1.599283521E-05 3.998208802E-05
305 8.004610656E-06 2.001152664E-05
305.2 0 2.003205128E-05
305.4 0 2.005261807E-05
305.6 0 4.014645427E-05
305.8 0 8.03755144E-05
306 0 -2.011457261E-05
306.2 0 -4.027061856E-05
306.4 0 8.062435501E-05
306.6 0 8.070764463E-05
306.8 0 2.019777663E-05
307 1.617494824E-05 -8.856077902E-20
307.2 1.619170984E-05 2.023963731E-05
307.4 2.431275934E-05 2.026063278E-05
307.6 2.433800623E-05 2.028167186E-05
307.8 1.624220374E-05 8.121101871E-05
308 8.129552549E-06 0.0001016194069
308.2 0 0.0001220703125
308.4 0 4.073253389E-05
308.6 0 -2.03875261E-05
308.8 0 5.441564672E-20
309 0 -4.086035565E-05
309.2 0 -2.045157068E-05
309.4 0 2.047300839E-05
309.6 0 4.098898216E-05
309.8 8.206407563E-06 6.154805672E-05
310 8.215036803E-06 4.107518402E-05
310.2 8.223684211E-06 4.111842105E-05
310.4 8.232349842E-06 8.232349842E-05
310.6 8.241033755E-06 6.180775316E-05
310.8 8.249736008E-06 4.124868004E-05
311 8.25845666E-06 6.193842495E-05
311.2 8.267195767E-06 4.133597884E-05
311.4 8.27595339E-06 4.137976695E-05
311.6 8.284729586E-06 8.284729586E-05
311.8 8.293524416E-06 8.293524416E-05
312 8.302337938E-06 8.302337938E-05
312.2 0 2.077792553E-05
312.4 8.320021299E-06 -2.080005325E-05
312.6 8.328891258E-06 2.082222814E-05
312.8 8.337780149E-06 4.168890075E-05
313 8.346688034E-06 8.346688034E-05
313.2 8.355614973E-06 8.355614973E-05
313.4 8.364561028E-06 4.182280514E-05
313.6 8.373526259E-06 6.280144695E-05
313.8 8.38251073E-06 4.191255365E-05
314 8.391514501E-06 8.391514501E-05
314.2 8.400537634E-06 0.0001050067204
314.4 8.409580194E-06 6.307185145E-05
314.6 8.418642241E-06 2.10466056E-05
314.8 8.42772384E-06 -6.32079288E-05
315 8.436825054E-06 -2.109206263E-05
315.2 8.445945946E-06 1.77353489E-20
315.4 8.45508658E-06 4.22754329E-05
315.6 8.464247021E-06 8.464247021E-05
315.8 8.473427332E-06 4.236713666E-05
316 8.482627579E-06 8.482627579E-05
316.2 8.491847826E-06 6.36888587E-05
316.4 8.501088139E-06 2.125272035E-05
316.6 8.510348584E-06 4.255174292E-05
316.8 8.519629226E-06 4.259814613E-05
317 8.528930131E-06 2.132232533E-05
317.2 8.538251366E-06 -2.134562842E-05
317.4 8.547592998E-06 2.136898249E-05
317.6 8.556955093E-06 4.278477547E-05
317.8 8.566337719E-06 6.424753289E-05
318 8.575740944E-06 6.431805708E-05
318.2 8.585164835E-06 2.146291209E-05
318.4 8.594609461E-06 2.148652365E-05
318.6 8.60407489E-06 -4.93570381E-20
318.8 8.613561191E-06 6.460170893E-05
319 8.623068433E-06 8.623068433E-05
319.2 8.632596685E-06 6.474447514E-05
319.4 8.642146018E-06 0.0001080268252
319.6 8.651716501E-06 8.651716501E-05
319.8 8.661308204E-06 6.495981153E-05
320 8.670921199E-06 4.335460599E-05
320.2 8.680555556E-06 2.170138889E-05
320.4 8.690211346E-06 4.345105673E-05
320.6 8.699888641E-06 4.349944321E-05
320.8 8.709587514E-06 -2.177396878E-05
321 8.719308036E-06 -6.539481027E-05
321.2 8.729050279E-06 -2.18226257E-05
321.4 8.738814318E-06 -2.184703579E-05
321.6 8.748600224E-06 2.420136303E-20
321.8 8.758408072E-06 2.189602018E-05
322 8.768237935E-06 4.384118967E-05
322.2 8.778089888E-06 6.583567416E-05
322.4 8.787964004E-06 4.393982002E-05
322.6 8.79786036E-06 6.59839527E-05
322.8 8.80777903E-06 8.80777903E-05
323 8.81772009E-06 0.0001102215011
323.2 8.827683616E-06 8.827683616E-05
323.4 1.767533937E-05 8.837669683E-05
323.6 1.769535674E-05 0.0001105959796
323.8 1.77154195E-05 6.643282313E-05
324 2.660329171E-05 8.867763905E-05
324.2 1.775568182E-05 4.438920455E-05
324.4 2.666382253E-05 2.030639082E-20
324.6 2.669419134E-05 2.224515945E-05
324.8 2.672462942E-05 1.498547041E-20
325 4.459189498E-05 4.459189498E-05
325.2 4.464285714E-05 4.464285714E-05
325.4 3.575514874E-05 2.234696796E-05
325.6 2.684707904E-05 4.474513173E-05
325.8 1.791857798E-05 2.239822248E-05
326 1.79391504E-05 2.2423938E-05
326.2 8.979885057E-06 4.571307565E-20
326.4 0 4.495109321E-05
326.6 0 4.500288018E-05
326.8 0 4.505478662E-05
327 0 6.76602194E-05
327.2 0 3.413792368E-20
327.4 0 0.0001130280671
327.6 0 6.789542294E-05
327.8 0 3.546630638E-20
328 0 -3.771191862E-20
328.2 0 -2.271075581E-05
328.4 0 6.821158324E-05
328.6 0 6.829108392E-05
328.8 0 -2.279025671E-05
329 0 -6.845064252E-05
329.2 0 -2.284356725E-05
329.4 0 -4.574063232E-05
329.6 0 -9.158851114E-05
329.8 0 -9.169600939E-05
330 0 -0.0001147547004
330.2 0 -0.0001148897059
330.4 0 -0.0001380300353
330.6 0 -9.212853774E-05
330.8 0 -6.917798111E-05
331 0 -9.23463357E-05
331.2 0 -4.622781065E-05
331.4 0 -6.942387441E-05
331.6 0 -2.316874259E-05
331.8 0 2.319625891E-05
332 0 -1.110896167E-20
332.2 0 -8.543292877E-21
332.4 0 -5.600294294E-20
332.6 0 4.661396181E-05
332.8 0 4.666965352E-05
333 0 2.336273923E-05
333.2 0 2.339071856E-05
333.4 0 1.769176279E-20
333.6 0 -2.344687875E-05
333.8 0 -4.695012019E-05
334 0 2.350330927E-05
334.2 0 9.412650602E-05
334.4 0 7.068003619E-05
334.6 0 7.076539855E-05
334.8 0 2.361698912E-05
335 0 7.093674334E-05
335.2 0 0.0001420454545
335.4 0 9.48118932E-05
335.6 0 4.7463548E-05
335.8 0 -8.822252257E-21
336 0 4.757917174E-05
336.2 0 7.145579268E-05
336.4 0 4.76953602E-05
336.6 0 9.550733496E-05
336.8 0 0.0001195302938
337 0 2.393535539E-05
337.2 0 -1.987809149E-20
337.4 0 4.798832924E-05
337.6 0 2.402367774E-05
337.8 0 4.810652709E-05
338 0 7.224876695E-05
338.2 0 7.233796296E-05
338.4 0 9.656983931E-05
338.6 0 9.668935644E-05
338.8 0 4.840458488E-05
339 0 4.84646402E-05
339.2 0 9.704968944E-05
339.4 0 9.717039801E-05
339.6 0 9.729140722E-05
339.8 0 0.0001704722569
340 0 0.0002438358302
340.2 0 0.000146484375
340.4 0 4.888923655E-05
340.6 0 0.0001223762531
340.8 0 0.0001470357591
341 0 0.0001226837312
341.2 0 0.0001228380503
341.4 0 2.459855164E-05
341.6 0 -2.462957125E-05
341.8 0 9.864267677E-05
342 0 0.0001234592288
342.2 0 -1.045496898E-20
342.4 0 -4.27443147E-20
342.6 0 7.435755076E-05
342.8 0 7.445203304E-05
343 0 -2.484891858E-05
343.2 9.952229299E-06 -2.226150325E-20
343.4 1.992984694E-05 2.491230867E-05
343.6 2.993295019E-05 7.483237548E-05
343.8 2.997122762E-05 7.492806905E-05
344 2.000640205E-05 6.617382171E-21
344.2 1.001602564E-05 5.008012821E-05
344.4 1.002888318E-05 2.507220796E-05
344.6 1.004177378E-05 7.537864046E-20
344.8 1.005469755E-05 7.541023166E-05
345 1.006765464E-05 5.03382732E-05
345.2 1.008064516E-05 9.032574843E-21
345.4 1.009366925E-05 5.046834625E-05
345.6 1.010672704E-05 5.053363519E-05
345.8 1.011981865E-05 2.529954663E-05
346 1.013294423E-05 9.982923749E-21
346.2 1.01461039E-05 1.082632884E-20
346.4 1.015929779E-05 -0.0001015929779
346.6 1.017252604E-05 -0.0001017252604
346.8 1.018578879E-05 0.0001018578879
347 0 7.649314621E-05
347.2 0 -2.095963753E-20
347.4 0 -0.0001022578534
347.6 0 -0.0001279898427
347.8 0 -5.126312336E-05
348 0 -7.69957293E-05
348.2 0 -7.709703947E-05
348.4 0 -7.71986166E-05
348.6 0 -0.0001030672823
348.8 0 -0.0001548051519
349 0 -7.750496032E-05
349.2 0 -2.58692053E-05
349.4 0 -5.180702918E-05
349.6 0 -7.781374502E-05
349.8 0 -7.791722074E-05
350 0 -2.600699068E-05
350.2 0 -2.604166667E-05
350.4 0 -2.607643525E-05
350.6 0 7.661321262E-21
350.8 0 -2.614625167E-05
351 0 2.618130027E-05
351.2 0 7.864932886E-05
351.4 0 5.250336022E-05
351.6 0 5.257402423E-05
351.8 0 0.0001316121968
352 0 0.0001054318489
352.2 0 0.0001055743243
352.4 0 0.0001057171854
352.6 0 0.0001058604336
352.8 0 0.0001060040706
353 0 5.307404891E-05
353.2 0 0.0001328656463
353.4 0 0.0001064373297
353.6 0 0.0001065825375
353.8 0 0.0001067281421
354 0 0.0001335926813
354.2 0 8.026541096E-05
354.4 0 -2.679183813E-05
354.6 0 2.682864011E-05
354.8 0 -2.792360198E-20
355 0 -5.380509642E-05
355.2 0 2.081221598E-20
355.4 0 9.392487547E-21
355.6 0 -0.0001350708852
355.8 0 -5.41031856E-05
356 0 2.708911234E-05
356.2 0 2.712673611E-05
356.4 0 2.716446453E-05
356.6 0 -5.44045961E-05
356.8 0 3.864058819E-21
357 0 -5.455656425E-05
357.2 0 -5.463286713E-05
357.4 0 0.0001094187675
357.6 0 5.478611501E-05
357.8 0 -0.0001371576545
358 0 -8.241033755E-05
358.2 0 -8.252640845E-05
358.4 0 -0.0002203808181
358.6 0 -0.0001379325565
358.8 0 -2.762553041E-05
359 0 -2.766466006E-05
359.2 0 -4.20945537E-20
359.4 0 2.774325284E-05
359.6 0 -2.778271693E-05
359.8 0 -2.782229345E-05
360 0 -5.572396576E-05
360.2 0 -0.0001116071429
360.4 0 -2.500208878E-20
360.6 0 2.798173352E-05
360.8 0 -2.802187948E-05
361 1.122485632E-05 2.80621408E-05
361.2 0 2.810251799E-05
361.4 1.125720461E-05 -2.814301153E-05
361.6 1.127344877E-05 -5.636724387E-05
361.8 1.128973988E-05 -8.467304913E-05
362 1.130607815E-05 -5.653039074E-05
362.2 1.132246377E-05 4.044138544E-20
362.4 1.133889695E-05 -2.834724238E-05
362.6 1.135537791E-05 -5.677688953E-05
362.8 1.137190684E-05 -2.84297671E-05
363 1.138848397E-05 8.541362974E-05
363.2 1.140510949E-05 0.0001425638686
363.4 0 5.710891813E-05
363.6 1.143850659E-05 -1.882185317E-20
363.8 1.145527859E-05 -2.863819648E-05
364 1.147209985E-05 -8.60407489E-05
364.2 1.148897059E-05 -5.744485294E-05
364.4 0 2.876472754E-05
364.6 0 2.880715339E-05
364.8 0 -2.884970458E-05
365 0 -2.889238166E-05
365.2 0 -8.680555556E-05
365.4 0 -5.795623145E-05
365.6 0 -2.902117385E-05
365.8 0 -5.812872024E-05
366 0 5.821535022E-05
366.2 0 8.745335821E-05
366.4 0 5.838938714E-05
366.6 0 -2.92383982E-05
366.8 0 -5.856446777E-05
367 0 -3.403496344E-20
367.2 0 -5.866714787E-20
367.4 0 2.941453313E-05
367.6 0 8.837669683E-05
367.8 0 5.900679758E-05
368 0 5.909606657E-05
368.2 0 2.959280303E-05
368.4 0 -2.963770865E-05
368.6 0 5.936550152E-05
368.8 0 5.945585997E-05
369 0 5.95464939E-05
369.2 0 8.945610687E-05
369.4 0 2.986429664E-05
369.6 0 2.991003063E-05
369.8 0 8.986771472E-05
370 0 0.0001200076805
370.2 0 6.009615385E-05
370.4 0 3.009437596E-05
370.6 0 3.01408179E-05
370.8 0 3.01874034E-05
371 0 -8.295367902E-20
371.2 0 -5.231011886E-20
371.4 0 9.098408385E-05
371.6 0 3.03751944E-05
371.8 0 -3.042250779E-05
372 0 6.09399376E-05
372.2 0 9.155273437E-05
372.4 0 0.0001222613459
372.6 0 0.0001224529781
372.8 0 3.066130298E-05
373 0 3.070951258E-05
373.2 0 9.227362205E-05
373.4 0 9.241916404E-05
373.6 0 3.085505529E-05
373.8 0 -4.874386165E-21
374 0 -3.095285261E-05
374.2 0 -3.100198413E-05
374.4 0 3.105127186E-05
374.6 0 3.110071656E-05
374.8 0 -6.230063796E-05
375 0 -6.240015974E-05
375.2 0 -2.695830599E-20
375.4 0 6.260016026E-05
375.6 0 6.270064205E-05
375.8 0 -4.831862053E-20
376 0 6.290257649E-05
376.2 0 -1.636249762E-20
376.4 0 -3.155290792E-05
376.6 0 -3.431151849E-20
376.8 0 -3.165518639E-05
377 0 3.170657468E-05
377.2 0 6.351626016E-05
377.4 0 3.229945357E-20
377.6 0 -1.828287045E-20
377.8 0 6.382761438E-05
378 0 3.196603928E-05
378.2 1.280737705E-05 -3.201844262E-05
378.4 2.565681445E-05 -3.207101806E-05
378.6 3.854851974E-05 -3.212376645E-05
378.8 5.148270181E-05 -9.65300659E-05
379 6.445957096E-05 -6.445957096E-05
379.2 7.747933884E-05 7.780813076E-20
379.4 9.054221854E-05 -3.188469673E-20
379.6 0.0001036484245 -8.037769924E-20
379.8 0.0001167981728 -4.018440919E-20
380 0.0001429908486 -1.414582582E-20
380.2 0.0001692708333 -1.00730754E-19
380.4 0.0001956385643 6.521285476E-05
380.6 0.0002220944816 9.798285953E-05
380.8 0.0002355527638 6.543132328E-05
381 0.0002621644295 -2.450744299E-20
381.2 0.0002757352941 9.847689076E-05
381.4 0.0002498947811 0.000263047138
381.6 0.0002503161889 0.0001646817032
381.8 0.0002507390203 9.897592905E-05
382 0.0002511632826 3.304780034E-05
382.2 0.0002648305085 -6.620762712E-05
382.4 0.0002652801358 2.343686832E-20
382.6 0.0002790178571 -3.321641156E-05
382.8 0.0003061115843 -0.0001330919932
383 0.0003332977816 -0.0001333191126
383.2 0.0003605769231 -0.0001669337607
383.4 0.0003745719178 -0.0001003317637
383.6 0.0003886149228 -3.350128645E-05
383.8 0.0004027061856 -0.0001006765464
384 0.0004168459552 -0.0001008498279
384.2 0.0004310344828 -6.734913793E-05
384.4 0.0004317789292 -6.746545769E-05
384.6 0.0004460423875 -3.379108997E-05
384.8 0.0004468154246 -6.769930676E-05
385 0.0004475911458 -6.781684028E-05
385.2 0.0004483695652 -6.793478261E-05
385.4 0.0004491506969 -3.402656794E-05
385.6 0.000449934555 0.0001022578534
385.8 0.0004370629371 -9.26199986E-20
386 0.0004378283713 -0.000136821366
386.2 0.0004385964912 -6.853070175E-05
386.4 0.0004393673111 -6.865114236E-05
386.6 0.0004401408451 -6.877200704E-05
386.8 0.0004409171076 3.811026556E-20
387 0.0004416961131 5.478474209E-20
387.2 0.0004424778761 3.456858407E-05
387.4 0.0004432624113 -3.462987589E-05
387.6 0.0004718028419 -3.469138544E-05
387.8 0.0004726423488 0.0001042593416
388 0.0004874108734 0.0001044451872
388.2 0.0005022321429 6.975446429E-05
388.4 0.0005310822898 3.493962433E-05
388.6 0.0005320340502 -2.077497814E-20
388.8 0.0005189631957 -7.013016158E-05
389 0.0005058453237 3.512814748E-05
389.2 0.0004926801802 0.0001407657658
389.4 0.000479467509 -0.0001057648917
389.6 0.0004944620253 -0.0001059561483
389.8 0.0004812047101 3.538269928E-05
390 0.0004820780399 -3.54469147E-05
390.2 0.0004829545455 -3.551136364E-05
390.4 0.0004696038251 3.557604736E-05
390.6 0.0004562043796 -3.496615971E-20
390.8 0.0004570383912 -3.570612431E-05
391 0.0004435668498 7.154304029E-05
391.2 0.0004300458716 3.583715596E-05
391.4 0.0004451976103 -9.018320075E-20
391.6 0.0004460174954 -2.436103752E-20
391.8 0.0004756688192 3.603551661E-05
392 0.0004765480591 0.0002166127542
392.2 0.000462962963 0.0001808449074
392.4 0.0004638218924 1.452447351E-20
392.6 0.0004501626394 -7.260687732E-05
392.8 0.000436452514 7.274208566E-05
393 0.0004226912313 0.000145755597
393.2 0.0004088785047 0.0002190420561
393.4 0.0003950140449 0.0001463014981
393.6 0.000381097561 -0.000146575985
393.8 0.000352443609 -0.0002202772556
394 0.0003383945386 -0.0001103460452
394.2 0.0003242924528 0.0001105542453
394.4 0.00029536862 0.00014768431
394.6 0.0002811316288 -1.286457653E-19
394.8 0.0002371916509 -0.0001482447818
395 0.000222789924 -0.000222789924
395.2 0.0002083333333 -0.0001488095238
395.4 0.0001938215649 3.727337786E-05
395.6 0.0001792543021 7.468929254E-05
395.8 0.0001646312261 3.741618774E-05
396 0.0001499520154 -3.494467602E-20
396.2 0.0001352163462 7.512019231E-05
396.4 0.0001053709056 3.763246628E-05
396.6 9.049227799E-05 -7.541023166E-05
396.8 7.555609284E-05 0.0001133341393
397 6.05620155E-05 7.570251938E-05
397.2 6.067961165E-05 -3.792475728E-05
397.4 6.079766537E-05 0.0001139956226
397.6 6.091617934E-05 7.614522417E-05
397.8 6.103515625E-05 7.629394531E-05
398 6.115459883E-05 0.0001146648728
398.2 6.12745098E-05 3.829656863E-05
398.4 4.604616896E-05 3.837180747E-05
398.6 3.075787402E-05 -2.507833718E-20
398.8 1.540927022E-05 7.704635108E-05
399 0 -3.85993083E-05
399.2 1.547029703E-05 -7.735148515E-05
399.4 0 -3.875248016E-05
399.6 0 -8.284409729E-21
399.8 1.5562749E-05 -6.003492006E-20
400 1.559381238E-05 -0.0001169535928
400.2 1.5625E-05 -3.90625E-05
400.4 1.565631263E-05 3.914078156E-05
400.6 1.5687751E-05 2.254774381E-21
400.8 1.57193159E-05 3.929828974E-05
401 1.575100806E-05 0.0001575100806
401.2 1.578282828E-05 0.0001578282828
401.4 1.581477733E-05 -8.603485177E-20
401.6 1.584685598E-05 -0.0001980856998
401.8 1.587906504E-05 -3.96976626E-05
402 1.59114053E-05 0.000159114053
402.2 0 -3.985969388E-05
402.4 1.597648262E-05 -0.0001597648262
402.6 1.600922131E-05 -8.004610656E-05
402.8 0 -0.0001203157084
403 0 -0.0001205632716
403.2 0 -8.054123711E-05
403.4 1.614152893E-05 -0.0002824767562
403.6 1.617494824E-05 -0.000202186853
403.8 1.620850622E-05 0.0001215637967
404 1.624220374E-05 1.119677751E-19
404.2 1.627604167E-05 -0.000244140625
404.4 1.631002088E-05 -0.0001631002088
404.6 1.634414226E-05 -0.0001225810669
404.8 1.637840671E-05 -8.189203354E-05
405 1.641281513E-05 -4.103203782E-05
405.2 1.644736842E-05 -0.0001233552632
405.4 1.648206751E-05 0.0001236155063
405.6 1.651691332E-05 0.0002064614165
405.8 1.655190678E-05 0.0001241393008
406 1.658704883E-05 0.0001658704883
406.2 1.662234043E-05 0.0001662234043
406.4 1.665778252E-05 0.0001665778252
406.6 1.669337607E-05 8.346688034E-05
406.8 1.672912206E-05 -4.182280514E-05
407 3.353004292E-05 4.814754545E-20
407.2 5.040322581E-05 -4.200268817E-05
407.4 6.734913793E-05 -0.0001683728448
407.6 8.436825054E-05 -0.0001687365011
407.8 0.000101461039 -8.45508658E-05
408 0.0001186279826 -0.00012710141
408.2 0.0001358695652 -0.0001698369565
408.4 0.0001531862745 -8.510348584E-05
408.6 0.0001705786026 -0.0002132232533
408.8 0.000188047046 -0.000128213895
409 0.0001884594298 4.28316886E-05
409.2 0.0001888736264 4.026261603E-20
409.4 0.0001720814978 -9.079334536E-20
409.6 0.0001724613687 1.821624269E-21
409.8 0.0001728429204 7.096611204E-20
410 0.0001732261641 -5.650781514E-20
410.2 0.00015625 -4.340277778E-05
410.4 0.0001391982183 -4.349944321E-05
410.6 0.0001220703125 3.414229339E-20
410.8 0.0001048657718 4.244082208E-20
411 8.758408072E-05 -4.379204036E-05
411.2 7.02247191E-05 1.338294174E-19
411.4 7.038288288E-05 0.0001759572072
411.6 7.054176072E-05 0.0001322658014
411.8 7.070135747E-05 2.287356577E-21
412 7.0861678E-05 -4.428854875E-05
412.2 7.102272727E-05 -8.877840909E-05
412.4 7.118451025E-05 4.449031891E-05
412.6 7.134703196E-05 -4.459189498E-05
412.8 7.151029748E-05 -0.0001787757437
413 7.167431193E-05 -4.479644495E-05
413.2 7.183908046E-05 -4.489942529E-05
413.4 5.400345622E-05 -9.000576037E-05
413.6 3.608545035E-05 8.45437156E-20
413.8 1.808449074E-05 6.812772001E-20
414 0 -4.531612529E-05
414.2 0 -9.084302326E-05
414.4 0 -9.105477855E-05
414.6 0 -0.000136901285
414.8 0 -0.000137221897
415 0 4.584800469E-05
415.2 0 4.595588235E-05
415.4 0 4.606426887E-05
415.6 0 9.23463357E-05
415.8 0 4.628258294E-05
416 1.855700713E-05 4.639251781E-05
416.2 3.720238095E-05 9.300595238E-05
416.4 5.593675418E-05 4.661396181E-05
416.6 7.476076555E-05 1.917043999E-19
416.8 9.367505995E-05 1.319437442E-19
417 0.0001126802885 9.621166453E-20
417.2 0.0001317771084 5.004717083E-20
417.4 0.0001509661836 -4.717693237E-05
417.6 0.000170248184 -0.0001418734867
417.8 0.0001706614078 -0.0001422178398
418 0.0001710766423 -4.752128954E-05
418.2 0.0001714939024 -1.267072437E-20
418.4 0.0001719132029 2.785180705E-20
418.6 0.0001723345588 7.255558051E-20
418.8 0.0001727579853 3.607953477E-20
419 0.0001731834975 1.051840517E-19
419.2 0.0001736111111 8.357479499E-20
419.4 0.0001740408416 7.511304051E-20
419.6 0.0001744727047 -2.788647228E-20
419.8 0.0001749067164 4.8585199E-05
420 0.0001753428928 4.87063591E-05
420.2 0.00017578125 -3.151649741E-20
420.4 0.0001762218045 -4.895050125E-05
420.6 0.0001766645729 6.426045331E-21
420.8 0.0001771095718 4.919710327E-05
421 0.0001578282828 -6.972881204E-20
421.2 0.0001582278481 4.056521051E-20
421.4 0.0001586294416 1.604141115E-19
421.6 0.0001590330789 2.698684808E-20
421.8 0.0001594387755 -9.619123723E-20
422 0.0001598465473 4.995204604E-05
422.2 0.0001602564103 5.122860393E-21
422.4 0.0001606683805 -0.0001004177378
422.6 0.0001610824742 4.49145522E-21
422.8 0.0001816860465 5.046834625E-05
423 0.0001619170984 -2.200598388E-20
423.2 0.0001420454545 -5.073051948E-05
423.4 0.0001220703125 -5.086263021E-05
423.6 0.0001019908616 5.099543081E-05
423.8 8.180628272E-05 0.0001022578534
424 6.151574803E-05 5.126312336E-05
424.2 4.111842105E-05 -1.679790172E-20
424.4 2.061345646E-05 3.382566602E-20
424.6 0 5.166997354E-05
424.8 0 5.180702918E-05
425 0 0.0001558344415
425.2 0 5.208333333E-05
425.4 0 -5.222259358E-05
425.6 0 5.236260054E-05
425.8 0 -5.250336022E-05
426 0 -0.0001052897574
426.2 0 5.278716216E-05
426.4 0 0.0001587906504
426.6 0 0.0001061480978
426.8 0 0.0001596559946
427 0 1.79999055E-20
427.2 0 1.980694456E-20
427.4 0 0.0001609718407
427.6 0 5.380509642E-05
427.8 0 5.395372928E-05
428 0 0.0001082063712
428.2 0 1.716517069E-19
428.4 0 -4.185360509E-21
428.6 0 5.455656425E-05
428.8 0 5.470938375E-05
429 0 0.0001097261236
429.2 0 0.0001100352113
429.4 2.206920904E-05 -5.778067617E-20
429.6 4.426345609E-05 -8.756308044E-20
429.8 6.658380682E-05 5.548650568E-05
430 0.0001112891738 -5.564458689E-05
430.2 0.0001339285714 5.789780969E-21
430.4 0.0001566977077 5.596346705E-05
430.6 0.0001795977011 -5.545171866E-20
430.8 0.000202629683 3.361103081E-23
431 0.0002257947977 -0.0001128973988
431.2 0.0002490942029 -0.0001698369565
431.4 0.0002725290698 -5.677688953E-05
431.6 0.0002961005831 4.104853503E-20
431.8 0.0003198099415 -0.0001142178363
432 0.0003436583578 -0.0001145527859
432.2 0.0003676470588 -5.744485294E-05
432.4 0.0003917772861 -5.761430678E-05
432.6 0.0003698224852 -5.778476331E-05
432.8 0.0003941023739 -0.0001738686944
433 0.0004185267857 -0.0001743861607
433.2 0.0004430970149 -0.0001166044776
433.4 0.0004678143713 -0.0001169535928
433.6 0.0004926801802 -0.0001173048048
433.8 0.0005176957831 -0.0001764871988
434 0.0005428625378 -0.0001770203927
434.2 0.0005681818182 4.905093387E-20
434.4 0.0005936550152 5.936550152E-05
434.6 0.0006192835366 -1.832780748E-19
434.8 0.0006450688073 -5.972859327E-05
435 0.0006710122699 -5.991180982E-05
435.2 0.0006971153846 -6.009615385E-05
435.4 0.0007233796296 -6.02816358E-05
435.6 0.000725619195 -7.805799267E-20
435.8 0.0007278726708 1.221748789E-20
436 0.0007301401869 -5.33515611E-21
436.2 0.000732421875 -6.103515625E-05
436.4 0.0007347178683 -6.122648903E-05
436.6 0.0007370283019 -1.09209463E-19
436.8 0.0007393533123 -6.161277603E-05
437 0.000741693038 -1.264867593E-19
437.2 0.000744047619 0.0001240079365
437.4 0.0007464171975 0.0001244028662
437.6 0.000723841853 0.0001872004792
437.8 0.0007011217949 0.0001878004808
438 0.0007033762058 6.280144695E-05
438.2 0.0007056451613 7.868194107E-20
438.4 0.0007079288026 -8.37245399E-21
438.6 0.0007102272727 -6.341314935E-05
438.8 0.0007125407166 -6.361970684E-05
439 0.000714869281 1.096514602E-19
439.2 0.0007172131148 0.0001280737705
439.4 0.0007195723684 0.0001284950658
439.6 0.0007219471947 -2.555923382E-20
439.8 0.0007243377483 6.467301325E-05
440 0.0007007890365 6.488787375E-05
440.2 0.000703125 6.510416667E-05
440.4 0.0007054765886 0.0001306438127
440.6 0.0007078439597 -2.727122798E-20
440.8 0.0007365319865 1.91586824E-19
441 0.0007390202703 0.0001319679054
441.2 0.0007150423729 0.0001324152542
441.4 0.0007174744898 0.0001328656463
441.6 0.0007199232082 0.0001333191126
441.8 0.0007223886986 0.0001337756849
442 0.000724871134 0.0001342353952
442.2 0.0007273706897 0.0001346982759
442.4 0.0007298875433 0.0001351643599
442.6 0.000732421875 6.781684028E-05
442.8 0.0007349738676 6.805313589E-05
443 0.0007375437063 6.829108392E-05
443.2 0.0007675438596 0.0001370614035
443.4 0.0007427376761 0.0001375440141
443.6 0.0007453621908 -6.901501767E-05
443.8 0.0007757092199 -6.925975177E-05
444 0.000806272242 0.0001390124555
444.2 0.00078125 0.0002790178571
444.4 0.0007560483871 0.0002100134409
444.6 0.0007306654676 -1.573964179E-19
444.8 0.000705099278 4.522774651E-20
445 0.0006793478261 0.0001415307971
445.2 0.0006534090909 7.102272727E-05
445.4 0.0006272810219 1.370273484E-19
445.6 0.0006009615385 7.154304029E-05
445.8 0.0005744485294 7.180606618E-05
446 0.0005477398524 -1.008807534E-20
446.2 0.0005497685185 0.0001446759259
446.4 0.0005227695167 0.0002904275093
446.6 0.0004955690299 0.000145755597
446.8 0.000468164794 7.315074906E-05
447 0.0004405545113 0.0001468515038
447.2 0.0004127358491 7.370283019E-05
447.4 0.0004142992424 7.398200758E-05
447.6 0.0003861692015 0.000222789924
447.8 0.0003578244275 0.0002236402672
448 0.0003292624521 0.000149664751
448.2 0.0003004807692 0.0001502403846
448.4 0.000271476834 0.0001508204633
448.6 0.000242248062 0.0001514050388
448.8 0.0002127918288 0.0001519941634
449 0.0001831054688 7.629394531E-05
449.2 0.0001531862745 -1.44361492E-19
449.4 0.0001230314961 -1.137544205E-19
449.6 9.263833992E-05 7.71986166E-05
449.8 6.200396825E-05 0.0001550099206
450 3.112549801E-05 0.00015562749
450.2 0 -6.239532868E-20
450.4 0 -0.0003137550201
450.6 0 -0.0003150201613
450.8 0 -7.907388664E-05
451 0 -9.076307972E-20
451.2 0 7.971938776E-05
451.4 0 0.0002401383197
451.6 0 0.0001607510288
451.8 0 -8.070764463E-05
452 0 -8.104253112E-05
452.2 0 -8.138020833E-05
452.4 0 -8.17207113E-05
452.6 0 -1.578522767E-19
452.8 0 -1.236781965E-19
453 0 -2.222198122E-19
453.2 0 -3.286358036E-19
453.4 0 -1.197714504E-19
453.6 0 8.38251073E-05
453.8 0 8.418642241E-05
454 0 -8.45508658E-05
454.2 0 -8.491847826E-05
454.4 0 -1.194096517E-19
454.6 0 1.274768298E-19
454.8 0 1.132900568E-19
455 0 8.642146018E-05
455.2 0 -9.305480393E-21
455.4 0 -8.719308036E-05
455.6 0 -2.539666135E-19
455.8 0 -1.81097109E-19
456 0 8.837669683E-05
456.2 0 0.0001775568182
456.4 0 0.0003567351598
456.6 0 0.0003583715596
456.8 0 9.000576037E-05
457 0 -0.0001808449074
457.2 0 -0.0001816860465
457.4 0 -9.126752336E-05
457.6 0 -9.169600939E-05
457.8 0 -3.261844821E-20
458 0 -0.0001851303318
458.2 3.720238095E-05 -0.0001860119048
458.4 7.476076555E-05 -2.173387801E-19
458.6 0.0001126802885 -0.0002817007212
458.8 0.0001509661836 -0.0001887077295
459 0.0001896237864 7.795001817E-20
459.2 0.0002286585366 0.0001905487805
459.4 0.0002680759804 0.0003829656863
459.6 0.0003078817734 0.0001924261084
459.8 0.0003480816832 -9.668935644E-05
460 0.0004275497512 -9.717039801E-05
460.2 0.000390625 0.0001953125
460.4 0.0004318467337 0.0003925879397
460.6 0.0004340277778 0.0001972853535
460.8 0.0004362309645 -8.785322845E-20
461 0.0004384566327 0.0002989477041
461.2 0.0004407051282 0.0004006410256
461.4 0.0004429768041 0.0002013530928
461.6 0.0004452720207 -1.497483282E-19
461.8 0.0004475911458 0.0002034505208
462 0.000449934555 0.0004090314136
462.2 0.0004523026316 -4.01527612E-20
462.4 0.0004546957672 -0.0002066798942
462.6 0.0004571143617 0.0002077792553
462.8 0.0004595588235 0.0001044451872
463 0.0004620295699 -3.583611114E-20
463.2 0.000464527027 0.0001055743243
463.4 0.0004670516304 -0.0001061480978
463.6 0.0004696038251 -0.0001067281421
463.8 0.0004721840659 -0.0001073145604
464 0.0004747928177 -0.0001079074586
464.2 0.0004774305556 -0.0001085069444
464.4 0.0004800977654 -0.000218226257
464.6 0.0004827949438 -0.0003291783708
464.8 0.0004855225989 -0.0002206920904
465 0.00048828125 -3.692211652E-19
465.2 0.0004910714286 -0.0001116071429
465.4 0.0004938936782 -0.0001122485632
465.6 0.0004967485549 -0.0001128973988
465.8 0.0004996366279 -0.0002271075581
466 0.0005025584795 -0.0003426535088
466.2 0.0005055147059 -0.0002297794118
466.4 0.0004160502959 0.0001155695266
466.6 0.0004185267857 -2.151718595E-19
466.8 0.0004210329341 6.05850115E-20
467 0.0004235692771 0.0002353162651
467.2 0.0004261363636 -4.029371514E-19
467.4 0.0004287347561 -0.0001190929878
467.6 0.0004313650307 0.0003594708589
467.8 0.0003858024691 0.0002411265432
468 0.0004367236025 -0.0002426242236
468.2 0.000439453125 -0.0001220703125
468.4 0.0004913522013 -0.0001228380503
468.6 0.0005439082278 -1.82191841E-19
468.8 0.000497611465 0.0002488057325
469 0.0005008012821 -0.0001252003205
469.2 0.0005040322581 -0.0005040322581
469.4 0.0005073051948 -0.0005073051948
469.6 0.000510620915 -0.0003829656863
469.8 0.0005139802632 -0.0001284950658
470 0.000517384106 0.0001293460265
470.2 0.0005208333333 -3.450923577E-19
470.4 0.0005243288591 -0.0002621644295
470.6 0.0005278716216 -0.0002639358108
470.8 0.0005846088435 -0.0002657312925
471 0.0005886130137 -0.0001337756849
471.2 0.0005926724138 0.0001346982759
471.4 0.0005967881944 0.0002712673611
471.6 0.0006009615385 0.0001365821678
471.8 0.000605193662 2.192629038E-19
472 0.0006094858156 0.0001385195035
472.2 0.0006138392857 0.0002790178571
472.4 0.0006182553957 0.0002810251799
472.6 0.0005661231884 0.0002830615942
472.8 0.0005702554745 0.0004276916058
473 0.0005170036765 0.0004308363971
473.2 0.000462962963 0.0002893518519
473.4 0.0004081156716 0.000437266791
473.6 0.000352443609 0.0002937030075
473.8 0.0002959280303 0.0002959280303
474 0.0002385496183 0.0002981870229
474.2 0.0001802884615 0.0003004807692
474.4 0.000121124031 0.000605620155
474.6 6.103515625E-05 0.0003051757812
474.8 0 5.929514806E-20
475 0 1.962203483E-19
475.2 0 -2.744345715E-19
475.4 0 0.0003150201613
475.6 0 0.0006351626016
475.8 0 0.0006403688525
476 0 0.0001614152893
476.2 0 0.0001627604167
476.4 0 0.000656512605
476.6 0 0.0004965572034
476.8 0 0.0001669337607
477 0 0.0003367456897
477.2 0 0.0006793478261
477.4 0 0.0006853070175
477.6 0 0.0005185287611
477.8 0 0.0003487723214
478 0 0.0003519144144
478.2 0 0.0003551136364
478.4 0 0.0003583715596
478.6 0 0.0003616898148
478.8 0 0.0003650700935
479 0 0.0005527712264
479.2 0 0.0005580357143
479.4 0 0.0005634014423
479.6 0 0.0003792475728
479.8 0 -0.0001914828431
480 0 -0.0001933787129
480.2 0 -2.642514913E-19
480.4 0 1.946247794E-19
480.6 0 2.394930945E-19
480.8 0 1.901640109E-19
481 0 -0.0002034505208
481.2 0 -0.0004111842105
481.4 0 -3.428645817E-19
481.6 0 0.0002100134409
481.8 0 -0.0004245923913
482 0 -0.0006438873626
482.2 0 -0.0004340277778
482.4 0 -0.0002194522472
482.6 0 -0.0002219460227
482.8 0 -0.0004489942529
483 0 -0.0004542151163
483.2 0 -0.0004595588235
483.4 0 -0.0004650297619
483.6 0 -0.0004706325301
483.8 0 -0.0004763719512
484 0 -0.0004822530864
484.2 0 -0.00048828125
484.4 0 -0.0002472310127
484.6 0 -0.000250400641
484.8 0 -0.0005073051948
485 0 -0.0005139802632
485.2 0 -0.0005208333333
485.4 0 -0.0002639358108
485.6 0 -0.0002675513699
485.8 0 -0.0005425347222
486 0 -0.0008252640845
486.2 0 -0.001116071429
486.4 0 -0.0005661231884
486.6 0 0.0002872242647
486.8 0 -0.000291511194
487 0 -0.001479640152
487.2 0 -0.0009014423077
487.4 0 -7.17584063E-19
487.6 0 -0.0006200396825
487.8 0 -0.001260080645
488 0 -0.001280737705
488.2 0 -0.0006510416667
488.4 0 -0.0003310381356
488.6 0 -0.001010237069
488.8 0 -0.001027960526
489 0 -0.0006975446429
489.2 0 -0.0003551136364
489.4 0 -0.0007233796296
489.6 0 -0.0003685141509
489.8 0 4.863338897E-19
490 0 5.76280692E-19
490.2 0 -7.679900736E-19
490.4 0 -3.039808369E-19
490.6 0 0.0004069010417
490.8 0 -3.201220538E-19
491 0 -0.0004245923913
491.2 0 -0.0004340277778
491.4 0 -0.0004438920455
491.6 0 -0.0004542151163
491.8 0 -0.0004650297619
492 0 -0.0004763719512
492.2 0 -1.647997381E-18
492.4 0 -7.689182905E-19
492.6 0 -5.476482088E-19
492.8 0 -7.679239747E-19
493 0 0.0005425347222
493.2 0 0.0005580357143
493.4 0 4.056494852E-19
493.6 0 1.163997764E-18
493.8 0 1.998505115E-18
494 0 -5.955434058E-19
494.2 0 9.275289493E-19
494.4 0 -1.446364452E-18
494.6 0 0.0006975446429
494.8 0 0.001446759259
495 0 0.0007512019231
495.2 0 -0.00078125
495.4 0 -0.001627604167
495.6 0 8.329454706E-19
495.8 0 0.001775568182
496 0 0.0009300595238
496.2 0 -0.0009765625
496.4 0 -0.002055921053
496.6 0 -0.001085069444
496.8 0 -9.286159433E-19
497 0 2.786687763E-19
497.2 0 2.681014728E-18
497.4 0 8.967842618E-19
497.6 0 -1.822446444E-18
497.8 0 -1.39031364E-18
498 0 -1.843213106E-18
498.2 0 -9.643344656E-19
498.4 0 -4.063923131E-18
498.6 0 2.933566038E-18
498.8 0 -2.658046832E-18
499 0 -1.333125553E-18
499.2 0 -7.025096254E-18
499.4 0 2.36265536E-18
499.6 0 -6.339933052E-18
499.8 0 5.564042797E-19
500 0 2.718839431E-17
