0 0.007259596162 1.56187525E-05
0.2 0.00636875 0.0016484375
0.4 0.0059367497 0.000531462585
0.6 0.005591973579 0.0003753002402
0.8 0.005337655186 0.0001720814978
1 0.005120693109 0.0002034505208
1.2 0.004887900802 0.0002739854709
1.4 0.004692512029 6.265036087E-05
1.6 0.004522036703 -2.350330927E-05
1.8 0.00433888443 5.48630618E-05
2 0.004161857688 6.272581293E-05
2.2 0.004006651606 -2.229363503E-20
2.4 0.00384504319 7.847026918E-05
2.6 0.003689585008 0.0001256028939
2.8 0.003549708484 7.853337354E-05
3 0.003403434232 7.85649638E-05
3.2 0.003266473843 7.073692153E-05
3.4 0.003132548309 -3.145128824E-05
3.6 0.003023686065 -7.865988723E-05
3.8 0.002908440774 7.869157937E-06
4 0.002805698307 2.361698912E-05
4.2 0.002734375 4.725302419E-05
4.4 0.002650388261 3.151472368E-05
4.6 0.002575791969 -1.28372597E-20
4.8 0.002497981429 -3.942521195E-05
5 0.002426418619 -3.944113489E-05
5.2 0.002364267677 3.156565657E-05
5.4 0.002295750808 7.89460388E-06
5.6 0.002230337647 -4.738677719E-05
5.8 0.002168031958 -3.16039644E-05
6 0.00210567584 -2.371256576E-05
6.2 0.002052758097 -1.581477733E-05
6.4 0.001993469016 3.164236533E-05
6.6 0.00193096637 6.331037277E-05
6.8 0.001896914268 -2.375101338E-05
7 0.001853330292 3.168085969E-05
7.2 0.00180020284 0.0001426217039
7.4 0.001743861607 -7.926643669E-06
7.6 0.001709678238 -4.757917174E-05
7.8 0.001656427701 6.346466288E-05
8 0.001599959366 4.761783828E-05
8.2 0.001537093496 -2.381859756E-05
8.4 0.00150594754 1.588552257E-05
8.6 0.001462062653 3.972996338E-05
8.8 0.001418142043 3.97461335E-05
9 0.001380547638 5.566724349E-05
9.2 0.001323828921 -3.182281059E-05
9.4 0.001298899756 -3.183577832E-05
9.6 0.001270765389 7.962189156E-05
9.8 0.001236235726 1.593087276E-05
10 0.001204865361 1.59373725E-05
10.2 0.001167091837 7.971938776E-06
10.4 0.001126097387 -3.190077583E-05
10.6 0.001085069444 -2.393535539E-05
10.8 0.001040815284 -7.981712301E-06
11 0.0009997189289 2.395492641E-05
11.2 0.0009649795501 6.390593047E-05
11.4 0.0009110321195 0.0001997877455
11.6 0.0008602384363 0.0001439060581
11.8 0.0008349969287 8.79786036E-05
12 0.0008193363376 6.401065137E-05
12.2 0.0007844518443 2.401383197E-05
12.4 0.0007559450595 8.808681837E-05
12.6 0.0007274148893 5.607824036E-05
12.8 0.0007277133771 -3.205785802E-05
13 0.000695941092 6.414203612E-05
13.2 0.000676976386 0.0001443788501
13.4 0.0006515766228 0.0001203651397
13.6 0.0006261559803 4.013820386E-05
13.8 0.0006167763158 1.606188322E-05
14 0.0006009615385 5.623971617E-05
14.2 0.0005754886831 3.215020576E-05
14.4 0.0005564275422 6.498964031E-21
14.6 0.0005373507002 -2.413251647E-05
14.8 0.0005214771323 8.047486609E-06
15 0.0005120311212 4.830482275E-05
15.2 0.0005057989691 4.832474227E-05
15.4 0.0004995616749 5.640212459E-05
15.6 0.0004965435411 1.612154354E-05
15.8 0.0004935229149 -4.83845995E-05
16 0.0004872728211 1.613486163E-05
16.2 0.0004842458678 5.649535124E-05
16.4 0.000474757131 5.651870608E-05
16.6 0.0004587985939 1.615488007E-05
16.8 0.0004460591643 -5.656547373E-05
17 0.0004397764901 -4.042063328E-05
17.2 0.0004302536232 -8.08747412E-06
17.4 0.0004207228666 2.29955059E-20
17.6 0.0004111842105 -2.428253212E-05
17.8 0.0004048766584 -2.42925995E-05
18 0.0003953235172 -2.430267524E-05
18.2 0.0003922458506 5.672977178E-05
18.4 0.000385922582 7.296855542E-05
18.6 0.0003828384551 -3.244393688E-05
18.8 0.0003765060241 -2.43430619E-05
19 0.0003701683292 -1.454615384E-20
19.2 0.0003638253638 2.436330561E-05
19.4 0.0003639767055 4.062240017E-05
19.6 0.0003576258843 -1.010658704E-21
19.8 0.0003512697752 -4.065622398E-05
20 0.000341654519 -5.694241983E-05
20.2 0.00033203125 -1.627604167E-05
20.4 0.0003191433931 3.256565236E-05
20.6 0.0003062447873 -4.886884904E-05
20.8 0.0002998539841 -6.518564873E-05
21 0.0002869365609 3.260642738E-05
21.2 0.0002772703549 -2.446503132E-05
21.4 0.000274122807 -0.0001142178363
21.6 0.0002644431676 -0.0001142655662
21.8 0.0002580215301 -0.0001143133361
22 0.0002581294437 -6.534922627E-05
22.2 0.0002549686192 1.451651444E-21
22.4 0.0002452647551 -4.905295103E-05
22.6 0.0002453674623 -0.0001308626466
22.8 0.0002421973188 -0.000163646837
23 0.0002422988265 -0.0001064150251
23.2 0.0002391247379 -2.456761006E-05
23.4 0.0002326709312 -1.638527685E-05
23.6 0.0002229332774 -1.639215275E-05
23.8 0.0002131874475 -9.019468934E-05
24 0.0002099958001 -5.742072659E-05
24.2 0.0002035189076 -2.461922269E-05
24.4 0.0001937526272 -7.388871375E-05
24.6 0.0001839781329 -9.034640454E-05
24.8 0.0001807688263 -0.0001068179428
25 0.000174268729 -8.220223064E-05
25.2 0.0001677631579 -9.868421053E-05
25.4 0.0001579612468 -0.0001069529275
25.6 0.0001514433207 -0.0001316898441
25.8 0.0001449198988 -0.0001070431071
26 0.0001383909743 -8.237557992E-06
26.2 0.0001285601266 1.648206751E-05
26.4 0.0001220187843 -3.297804981E-05
26.6 0.0001154719172 -4.123997044E-05
26.8 0.0001089195184 -2.475443599E-05
27 0.0001122675402 -6.60397295E-05
27.2 0.0001090116279 -6.606765328E-05
27.4 0.000102448181 -9.914340102E-05
27.6 9.257300042E-05 -0.0001157162505
27.8 9.261219306E-05 -4.961367485E-05
28 8.60334604E-05 -3.308979246E-05
28.2 7.282838983E-05 -4.137976695E-05
28.4 6.292390844E-05 -8.279461636E-05
28.6 5.632421544E-05 -0.00011596162
28.8 5.303351718E-05 -9.943784472E-05
29 4.642402377E-05 -0.0001077700552
29.2 3.649150743E-05 -0.0001078158174
29.4 3.318819031E-05 -3.318819031E-05
29.6 2.988206545E-05 -3.320229494E-05
29.8 2.657312925E-05 -5.812872024E-05
30 2.658443216E-05 -4.984581029E-05
30.2 2.659574468E-05 -7.480053191E-05
30.4 2.660706684E-05 -9.146179225E-05
30.6 2.661839864E-05 -7.486424617E-05
30.8 1.664358756E-05 -8.321793779E-05
31 1.332054561E-05 -9.157875107E-05
31.2 6.663113006E-06 -4.997334755E-05
31.4 6.665955631E-06 -4.16622227E-05
31.6 1.000320102E-05 -2.500800256E-05
31.8 1.334329633E-05 -4.169780102E-05
32 1.668624519E-05 -5.005873558E-05
32.2 2.003205128E-05 -2.50400641E-05
32.4 2.338071826E-05 -1.670051304E-05
32.6 2.673224979E-05 -5.847679641E-05
32.8 3.008664955E-05 -6.685922122E-05
33 2.675513699E-05 -8.360980308E-06
33.2 2.676659529E-05 -5.855192719E-05
33.4 2.677806341E-05 -7.531330334E-05
33.6 2.678954136E-05 -5.023039006E-05
33.8 2.680102916E-05 2.76724034E-20
34 2.010939511E-05 1.675782926E-05
34.2 2.011802575E-05 -1.676502146E-05
34.4 2.348110777E-05 1.677221984E-05
34.6 2.684707904E-05 2.51691366E-05
34.8 3.021594327E-05 8.393317576E-06
35 3.358770421E-05 -7.557233448E-05
35.2 3.696236559E-05 -0.0001092069892
35.4 4.370159208E-05 8.404152324E-06
35.6 4.70835127E-05 4.203885062E-05
35.8 5.383290267E-05 2.523417313E-05
36 5.722210254E-05 3.366006032E-05
36.2 6.061422414E-05 2.525592672E-05
36.4 6.400927124E-05 -4.211136266E-05
36.6 6.403688525E-05 -6.740724763E-05
36.8 6.743634009E-05 -5.057725507E-05
37 7.083873057E-05 -5.903227547E-05
37.2 6.749460043E-05 4.218412527E-05
37.4 6.414757995E-05 8.440471046E-05
37.6 6.079766537E-05 -1.101394718E-20
37.8 5.744485294E-05 -1.689554498E-05
38 5.40891389E-05 -1.690285591E-05
38.2 5.411255411E-05 -2.991244773E-21
38.4 5.413598961E-05 4.229374188E-05
38.6 4.738951473E-05 2.538724003E-05
38.8 4.741005635E-05 6.772865193E-05
39 5.081851691E-05 7.622777537E-05
39.2 5.422993492E-05 3.389370933E-05
39.4 5.764431424E-05 -2.54313151E-05
39.6 6.106165871E-05 -8.480785931E-06
39.8 6.108818419E-05 4.242235013E-05
40 6.111473272E-05 2.546447197E-05
40.2 5.774456522E-05 4.245923913E-05
40.4 6.116789909E-05 4.24777077E-05
40.6 6.799390775E-05 1.96269845E-20
40.8 7.482585982E-05 -6.802350892E-05
41 7.826110627E-05 -3.402656794E-05
41.2 8.169934641E-05 -3.404139434E-05
41.4 8.85462075E-05 -2.554217524E-05
41.6 9.199193197E-05 8.517771478E-06
41.8 9.203206806E-05 8.521487784E-06
42 9.548232213E-05 -4.801523368E-21
42.2 0.0001023471616 -4.264465066E-05
42.4 0.0001058049367 8.532656182E-06
42.6 0.0001092657343 5.121831294E-05
42.8 0.0001058974639 3.416047223E-05
43 0.0001093613298 -2.563156168E-05
43.2 0.0001128282276 -5.983315098E-05
43.4 0.000112877627 -5.130801226E-05
43.6 0.0001129270696 -1.711016207E-05
43.8 0.0001164000876 -3.423531989E-05
44 0.0001130260851 -2.56877466E-05
44.2 0.0001027960526 3.426535088E-05
44.4 9.255704256E-05 4.285048267E-05
44.6 8.573858648E-05 3.429543459E-05
44.8 8.234519104E-05 -3.431049627E-05
45 7.894881371E-05 -1.716278559E-05
45.2 7.554945055E-05 -9.59085805E-21
45.4 7.214709763E-05 -2.576682058E-05
45.6 6.874175099E-05 -3.951033319E-21
45.8 6.533340669E-05 1.887473848E-20
46 5.848194628E-05 1.677365308E-20
46.2 5.50660793E-05 -8.60407489E-06
46.4 5.509034817E-05 -2.582360071E-05
46.6 4.822530864E-05 -2.583498677E-05
46.8 4.824658139E-05 8.615460962E-06
47 4.48201677E-05 1.723852604E-05
47.2 4.483995585E-05 -1.724613687E-05
47.4 4.14090106E-05 -1.725375442E-05
47.6 3.45227574E-05 4.315344675E-05
47.8 3.108421751E-05 6.90760389E-05
48 2.41873065E-05 -9.404520381E-21
48.2 2.074115044E-05 -4.321073009E-05
48.4 1.729194334E-05 -1.729194334E-05
48.6 1.383968113E-05 8.649800709E-06
48.8 1.038435977E-05 3.461453257E-05
49 6.925975177E-06 1.731493794E-05
49.2 3.464523282E-06 -1.001945558E-20
49.4 3.466060337E-06 4.332575421E-05
49.6 3.467598757E-06 6.068297825E-05
49.8 3.469138544E-06 4.336423179E-05
50 3.470679698E-06 1.735339849E-05
50.2 3.472222222E-06 -1.736111111E-05
50.4 6.947532237E-06 1.736883059E-05
50.6 1.042593416E-05 2.606483541E-05
50.8 2.08611482E-05 -2.607643525E-05
51 2.434884239E-05 -6.087210597E-05
51.2 3.827951002E-05 -4.349944321E-05
51.4 4.874108734E-05 -8.703765597E-06
51.6 5.224587606E-05 -8.70764601E-06
51.8 5.575379126E-05 -2.613458965E-05
52 5.926483713E-05 -6.97233378E-05
52.2 6.975446429E-05 -5.231584821E-05
52.4 8.025346137E-05 -3.489280929E-05
52.6 9.7743521E-05 -3.490840036E-05
52.8 0.0001047720161 -8.731001341E-06
53 0.0001118067979 8.734906082E-06
53.2 0.000115352349 -1.266577193E-20
53.4 0.0001154039839 -8.742726052E-06
53.6 0.000115455665 -3.498656516E-05
53.8 0.0001190076165 -7.875504032E-05
54 0.000126064545 -0.0001050537875
54.2 0.0001331278027 -0.0001138593049
54.4 0.0001437023329 -0.0001051480485
54.6 0.0001472733393 -6.136389138E-05
54.8 0.0001508475528 -3.508082622E-05
55 0.0001544249775 -7.019317161E-05
55.2 0.0001615168539 -6.144662921E-05
55.4 0.0001615894784 1.274447317E-20
55.6 0.0001581477733 -8.785987404E-06
55.8 0.0001547029703 -5.273964896E-05
56 0.0001512550653 -6.155729401E-05
56.2 0.0001548423423 -3.519144144E-05
56.4 0.0001513913925 1.760365029E-05
56.6 0.0001479373309 4.402896754E-05
56.8 0.0001444801534 4.404882724E-05
57 0.0001374943592 3.52549639E-05
57.2 0.0001410835214 1.763544018E-05
57.4 0.0001411472448 8.8217028E-06
57.6 0.0001412110258 4.412844555E-05
57.8 0.0001518704792 5.297807414E-05
58 0.0001484056988 4.416836273E-05
58.2 0.0001449377828 -4.418834842E-05
58.4 0.0001520767316 -6.189169307E-05
58.6 0.0001521456069 5.307404891E-05
58.8 0.0001451347984 4.424841414E-05
59 0.0001452005893 8.85369447E-06
59.2 0.0001452664399 1.77154195E-05
59.4 0.0001488770417 -8.861728675E-06
59.6 0.0001524909215 -8.865751248E-06
59.8 0.0001596559946 2.660933243E-05
60 0.0001597285325 3.549522944E-05
60.2 0.00015625 1.775568182E-05
60.4 0.0001527683038 1.776375625E-05
60.6 0.0001457290719 3.554367607E-05
60.8 0.0001493513883 2.666989076E-05
61 0.0001529770036 1.778802368E-05
61.2 0.000153046697 -2.669419134E-05
61.4 0.0001566773017 -5.34127165E-05
61.6 0.000149623803 -2.671853625E-05
61.8 0.0001354356752 -4.455120894E-05
62 0.0001354974897 -7.131446828E-05
62.2 0.0001248573059 -4.459189498E-05
62.4 0.0001249143444 -1.784490635E-05
62.6 0.0001249714351 -1.785306216E-05
62.8 0.0001214563329 -4.465306356E-05
63 0.0001250857731 -9.828167887E-05
63.2 0.0001215675057 -0.0001072654462
63.4 0.0001144688645 -6.260016026E-05
63.6 0.0001002061383 -8.946976638E-05
63.8 0.0001002520623 -5.370646196E-05
64 9.313388354E-05 1.791036222E-05
64.2 8.600917431E-05 -5.375573394E-05
64.4 8.246328591E-05 -8.067060578E-05
64.6 7.891414141E-05 -6.277261249E-05
64.8 7.536173633E-05 -4.485817639E-05
65 6.462545956E-05 -6.28303079E-05
65.2 6.824712644E-05 -8.081896552E-05
65.4 6.46849126E-05 -5.390409384E-05
65.6 6.111942016E-05 -8.089335021E-05
65.8 6.114755985E-05 -8.992288214E-05
66 5.757715339E-05 -7.197144173E-05
66.2 5.400345622E-05 -4.500288018E-05
66.4 5.042646381E-05 -1.800945136E-05
66.6 4.684617159E-05 6.49710032E-21
66.8 4.686778957E-05 4.506518228E-05
67 4.688942752E-05 7.213758079E-05
67.2 4.691108545E-05 8.119226328E-05
67.4 4.69327634E-05 4.512765712E-05
67.6 4.69544614E-05 1.805940823E-05
67.8 4.697617946E-05 2.7101642E-05
68 4.699791763E-05 -6.421928648E-21
68.2 5.063657407E-05 -5.425347222E-05
68.4 5.066002779E-05 -3.618573414E-05
68.6 5.068350324E-05 2.715187674E-05
68.8 5.070700046E-05 2.716446453E-05
69 4.710691095E-05 4.529510668E-05
69.2 4.71287703E-05 7.250580046E-05
69.4 4.715064995E-05 5.44045961E-05
69.6 4.717254993E-05 2.721493265E-05
69.8 4.719447026E-05 9.075859665E-06
70 5.084844258E-05 -1.427544925E-20
70.2 5.087209302E-05 5.450581395E-05
70.4 5.089576547E-05 5.453117729E-05
70.6 4.728235568E-05 -2.727828212E-05
70.8 4.73043782E-05 -9.096995808E-06
71 5.096691519E-05 2.730370457E-05
71.2 5.099067599E-05 2.731643357E-05
71.4 5.101445896E-05 2.732917444E-05
71.6 4.739267382E-05 3.645590294E-05
71.8 5.10620915E-05 4.559115313E-05
72 5.108594115E-05 -9.122489491E-06
72.2 5.110981308E-05 -8.214077103E-05
72.4 5.113370734E-05 -6.391713417E-05
72.6 4.750350795E-05 9.135289991E-06
72.8 4.752573701E-05 1.827912962E-05
73 4.389044944E-05 -1.828768727E-05
73.2 4.391100703E-05 9.148126464E-06
73.4 4.393158388E-05 9.152413308E-06
73.6 4.395218003E-05 -6.892748814E-21
73.8 4.39727955E-05 1.832199812E-05
74 4.032731112E-05 -3.666119193E-05
74.2 4.401408451E-05 -1.833920188E-05
74.4 4.036519493E-05 1.834781588E-05
74.6 4.038416353E-05 -1.835643797E-05
74.8 4.040314998E-05 3.262291445E-21
75 4.042215428E-05 -1.837370649E-05
75.2 4.044117647E-05 -4.595588235E-05
75.4 3.678201507E-05 -1.839100753E-05
75.6 3.31194065E-05 -2.759950542E-05
75.8 2.94533459E-05 -9.204170594E-06
76 2.578382838E-05 1.841702027E-05
76.2 2.211084906E-05 8.182657906E-21
76.4 1.843440302E-05 -1.843440302E-05
76.6 1.475448536E-05 -4.095192342E-20
76.8 1.107109117E-05 1.845181861E-05
77 7.384215501E-06 1.846053875E-05
77.2 3.693853428E-06 2.770390071E-05
77.4 3.695600757E-06 9.239001892E-06
77.6 0 2.773012305E-05
77.8 3.699100379E-06 2.774325284E-05
78 0 -1.850426338E-05
78.2 0 -2.600674663E-20
78.4 0 -4.630452821E-05
78.6 3.706119545E-06 -6.485709203E-05
78.8 3.7078785E-06 1.401420578E-20
79 0 -6.491868471E-05
79.2 3.711401425E-06 -5.567102138E-05
79.4 3.713165399E-06 9.282913498E-06
79.6 7.429862102E-06 -1.857465525E-05
79.8 1.115009515E-05 9.291745956E-06
80 1.115540219E-05 8.825121902E-21
80.2 1.488095238E-05 -4.650297619E-05
80.4 1.861005241E-05 -3.722010481E-05
80.6 2.234270734E-05 -3.723784557E-05
80.8 2.607892227E-05 -6.519730567E-05
81 3.354604008E-05 -6.522841126E-05
81.2 3.729116945E-05 -3.729116945E-05
81.4 4.103987584E-05 -9.327244508E-06
81.6 4.105948399E-05 -1.866340182E-05
81.8 4.10791109E-05 -4.668080784E-05
82 4.109875658E-05 -1.868125299E-05
82.2 3.738038278E-05 2.803528708E-05
82.4 3.739827669E-05 3.739827669E-05
82.6 3.367456897E-05 3.741618774E-05
82.8 2.994729276E-05 4.679264494E-05
83 2.621644295E-05 4.68150767E-05
83.2 2.622901679E-05 9.367505995E-06
83.4 1.874400192E-05 9.37200096E-06
83.6 1.500240038E-05 9.37650024E-06
83.8 1.125720461E-05 -9.381003842E-06
84 7.508409419E-06 4.692755887E-05
84.2 3.756009615E-06 5.634014423E-05
84.4 0 -2.818362193E-05
84.6 0 -5.639436959E-05
84.8 0 -6.582510833E-05
85 0 -7.526493256E-05
85.2 0 -2.823795181E-05
85.4 0 9.417189007E-06
85.6 0 1.04704997E-20
85.8 0 -1.885255792E-05
86 3.772332207E-06 -2.829249155E-05
86.2 7.548309179E-06 -4.717693237E-05
86.4 7.551957467E-06 -2.83198405E-05
86.6 3.777804642E-06 1.59207253E-20
86.8 0 -2.834724238E-05
87 0 -3.781461762E-05
87.2 0 9.458232446E-06
87.4 0 4.731407461E-05
87.6 0 3.786960737E-05
87.8 0 -1.894398642E-05
88 0 -1.895317807E-05
88.2 3.792475728E-06 9.48118932E-06
88.4 3.79431763E-06 2.478068505E-21
88.6 3.796161322E-06 -9.490403304E-06
88.8 0 9.495017015E-06
89 3.799854086E-06 -3.799854086E-05
89.2 3.801703163E-06 -3.801703163E-05
89.4 7.607108082E-06 3.803554041E-05
89.6 3.805406722E-06 1.902703361E-05
89.8 7.614522417E-06 9.518153021E-06
90 0 4.76139688E-05
90.2 3.81097561E-06 4.763719512E-05
90.4 3.81283553E-06 2.859626647E-05
90.6 3.814697266E-06 5.722045898E-05
90.8 3.816560821E-06 7.633121641E-05
91 3.818426197E-06 6.682245846E-05
91.2 3.820293399E-06 9.550733496E-06
91.4 3.822162427E-06 -9.555406067E-06
91.6 3.824033284E-06 2.868024963E-05
91.8 3.825905975E-06 9.564764936E-06
92 0 9.569451249E-06
92.2 0 3.829656863E-05
92.4 0 9.578837666E-06
92.6 0 2.875061335E-05
92.8 0 2.876472754E-05
93 0 -9.592951866E-06
93.2 0 -4.798832924E-05
93.4 0 -3.840953786E-05
93.6 0 -1.921421545E-05
93.8 0 -1.922367126E-05
94 0 6.731597735E-05
94.2 0 3.848522167E-05
94.4 0 9.626047314E-06
94.6 0 4.815396943E-05
94.8 0 -9.635545141E-06
95 3.856120434E-06 -1.928060217E-05
95.2 7.716049383E-06 9.645061728E-06
95.4 7.71986166E-06 4.824913538E-05
95.6 7.723677706E-06 6.758217993E-05
95.8 7.727497527E-06 7.727497527E-05
96 7.731321128E-06 5.798490846E-05
96.2 3.867574257E-06 2.900680693E-05
96.4 0 3.869489846E-05
96.6 0 1.935703667E-05
96.8 0 6.778321765E-05
97 0 0.0001065693204
97.2 3.877171216E-06 1.938585608E-05
97.4 7.758192651E-06 -2.909322244E-05
97.6 1.164307004E-05 1.940511674E-05
97.8 7.765904573E-06 7.737341476E-21
98 7.769766285E-06 1.942441571E-05
98.2 7.773631841E-06 5.830223881E-05
98.4 7.777501244E-06 1.944375311E-05
98.6 1.167206175E-05 1.945343625E-05
98.8 1.167787743E-05 9.731564524E-06
99 1.16836989E-05 -1.947283151E-05
99.2 1.168952618E-05 2.54705204E-21
99.4 1.169535928E-05 -3.898453094E-05
99.6 1.17011982E-05 -3.900399401E-05
99.8 1.170704296E-05 -9.755869131E-06
100 1.171289355E-05 -1.952148926E-05
100.2 1.171875E-05 4.8828125E-05
100.4 7.816408204E-06 3.908204102E-05
100.6 7.82032032E-06 -3.91016016E-05
100.8 1.173635453E-05 -4.890147722E-05
101 1.174223447E-05 -3.914078156E-05
101.2 1.17481203E-05 9.790100251E-06
101.4 1.175401204E-05 -9.79501003E-06
101.6 1.175990968E-05 -2.939977421E-05
101.8 1.176581325E-05 1.311403601E-20
102 1.177172275E-05 -2.942930688E-05
102.2 1.962939698E-05 -1.962939698E-05
102.4 1.963926596E-05 9.819632981E-06
102.6 1.178948692E-05 2.94737173E-05
102.8 7.863613488E-06 1.965903372E-05
103 7.867573011E-06 9.834466264E-06
103.2 1.180730479E-05 3.495664435E-21
103.4 1.575100806E-05 9.84438004E-06
103.6 1.969868886E-05 9.849344428E-06
103.8 2.759207871E-05 -9.854313824E-06
104 2.760600707E-05 2.957786471E-05
104.2 2.761994949E-05 7.891414141E-05
104.4 2.763390601E-05 5.921551289E-05
104.6 3.159757331E-05 -2.962272497E-05
104.8 3.556525038E-05 -6.915465352E-05
105 3.953694332E-05 -9.88423583E-06
105.2 3.164556962E-05 1.977848101E-05
105.4 3.561930091E-05 -2.968275076E-05
105.6 3.959706031E-05 -1.979853016E-05
105.8 4.357885396E-05 9.90428499E-06
106 4.360096398E-05 3.520494117E-21
106.2 4.758883249E-05 2.97430203E-05
106.4 4.761300152E-05 1.983875063E-05
106.6 5.160696138E-05 2.977324695E-05
106.8 5.560498221E-05 6.950622776E-05
107 5.563326551E-05 6.954158189E-05
107.2 5.566157761E-05 6.957697201E-05
107.4 5.568991853E-05 1.988925662E-05
107.6 5.17384106E-05 9.949694345E-06
107.8 5.574668705E-05 1.990953109E-05
108 5.577511474E-05 -9.959841917E-06
108.2 5.181760204E-05 1.992984694E-05
108.4 4.7856049E-05 4.985005105E-05
108.6 4.389044944E-05 9.975102145E-06
108.8 3.992079714E-05 -1.964325576E-20
109 3.994120654E-05 2.995590491E-05
109.2 3.596547315E-05 3.996163683E-05
109.4 3.998208802E-05 1.999104401E-05
109.6 4.400281618E-05 -1.000064004E-05
109.8 4.402535861E-05 -2.001152664E-05
110 4.404792414E-05 -1.001089185E-05
110.2 4.807692308E-05 -3.472712939E-21
110.4 4.409312468E-05 -2.00423294E-05
110.6 4.010523614E-05 -1.002630903E-05
110.8 3.611325116E-05 -2.894406177E-20
111 3.211716341E-05 1.003661357E-05
111.2 2.811696658E-05 -3.012532134E-05
111.4 2.813143004E-05 -5.02346965E-05
111.6 2.412506433E-05 -4.020844056E-05
111.8 2.011457261E-05 -2.011457261E-05
112 1.609994848E-05 2.01249356E-05
112.2 8.054123711E-06 -2.013530928E-05
112.4 8.058277463E-06 -3.021854048E-05
112.6 4.03121775E-06 4.029976249E-21
112.8 4.033298916E-06 -2.016649458E-05
113 8.070764463E-06 -2.017691116E-05
113.2 8.074935401E-06 2.01873385E-05
113.4 8.079110651E-06 -1.009888831E-05
113.6 8.083290222E-06 -2.960179153E-20
113.8 4.04373706E-06 -1.010934265E-05
114 0 -5.057288969E-05
114.2 4.047927461E-06 -5.059909326E-05
114.4 8.10005184E-06 -4.05002592E-05
114.6 8.104253112E-06 -1.013031639E-05
114.8 8.108458744E-06 -1.013557343E-05
115 8.112668744E-06 -2.028167186E-05
115.2 8.116883117E-06 -8.28431587E-21
115.4 8.121101871E-06 -2.030275468E-05
115.6 8.125325013E-06 -2.031331253E-05
115.8 8.129552549E-06 -1.016194069E-05
116 8.133784487E-06 -5.083615305E-05
116.2 8.138020833E-06 -5.086263021E-05
116.4 8.142261595E-06 -2.035565399E-05
116.6 8.146506778E-06 -4.073253389E-05
116.8 8.15075639E-06 -5.094222744E-05
117 8.155010438E-06 1.019376305E-05
117.2 8.15926893E-06 -3.059725849E-05
117.4 8.16353187E-06 -7.143090387E-05
117.6 8.167799268E-06 -5.104874543E-05
117.8 8.17207113E-06 -2.043017782E-05
118 8.176347462E-06 -2.044086866E-05
118.2 8.180628272E-06 -7.158049738E-05
118.4 8.184913567E-06 -0.0001023114196
118.6 8.189203354E-06 -0.0001023650419
118.8 8.19349764E-06 -3.072561615E-05
119 8.197796432E-06 -2.049449108E-05
119.2 8.202099738E-06 -4.101049869E-05
119.4 8.206407563E-06 -2.051601891E-05
119.6 8.210719916E-06 -1.026339989E-05
119.8 8.215036803E-06 2.053759201E-05
120 8.219358233E-06 4.109679116E-05
120.2 8.223684211E-06 -1.027960526E-05
120.4 8.228014745E-06 -3.085505529E-05
120.6 8.232349842E-06 2.977132296E-21
120.8 8.23668951E-06 -3.088758566E-05
121 8.241033755E-06 -3.090387658E-05
121.2 8.245382586E-06 -1.030672823E-05
121.4 8.249736008E-06 -3.093651003E-05
121.6 8.254094031E-06 -1.031761754E-05
121.8 8.25845666E-06 1.032307082E-05
122 8.262823903E-06 -1.032852988E-05
122.2 8.267195767E-06 -2.764171869E-21
122.4 4.13578613E-06 9.901557327E-21
122.6 0 2.360145705E-21
122.8 0 3.105127186E-05
123 0 1.035591198E-05
123.2 0 -2.072281167E-05
123.4 0 -4.146762208E-05
123.6 0 -4.148964418E-05
123.8 4.151168969E-06 -3.113376727E-05
124 8.306751728E-06 -4.153375864E-05
124.2 1.246675532E-05 -6.23337766E-05
124.4 1.66311868E-05 -3.118347525E-05
124.6 2.080005325E-05 2.080005325E-05
124.8 2.497336175E-05 3.121670218E-05
125 2.082222814E-05 1.041111407E-05
125.2 2.083333333E-05 -4.605597051E-20
125.4 2.501334045E-05 -3.126667556E-05
125.6 2.085557928E-05 -5.213894821E-05
125.8 2.50400641E-05 -1.043336004E-05
126 2.922902191E-05 1.04389364E-05
126.2 3.342245989E-05 -2.088903743E-05
126.4 4.180042804E-05 -2.090021402E-05
126.6 4.182280514E-05 -3.136710385E-05
126.8 4.602972683E-05 -4.184520621E-05
127 5.442792069E-05 -3.140072347E-05
127.2 5.445710456E-05 -4.189008043E-05
127.4 5.867757511E-05 2.095627682E-05
127.6 5.870907139E-05 6.290257649E-05
127.8 5.454484425E-05 2.097878625E-05
128 5.037614186E-05 -2.099005911E-05
128.2 4.620295699E-05 -2.100134409E-05
128.4 4.202528241E-05 4.629985492E-21
128.6 4.204790097E-05 2.102395048E-05
128.8 3.78634895E-05 1.051763597E-05
129 3.788389009E-05 -1.05233028E-05
129.2 3.790431267E-05 -3.158692722E-05
129.4 3.371089536E-05 -3.16039644E-05
129.6 2.951295197E-05 3.162101997E-05
129.8 2.531047516E-05 2.109206263E-05
130 2.110345759E-05 -1.645122135E-20
130.2 1.689189189E-05 4.222972973E-05
130.4 1.267577069E-05 3.168942672E-05
130.6 8.45508658E-06 -2.113771645E-05
130.8 8.459664321E-06 -8.459664321E-05
131 8.464247021E-06 -7.406216143E-05
131.2 8.468834688E-06 -2.117208672E-05
131.4 8.473427332E-06 1.059178416E-05
131.6 8.478024959E-06 2.11950624E-05
131.8 8.482627579E-06 4.241313789E-05
132 8.487235198E-06 2.1218088E-05
132.2 8.491847826E-06 -5.307404891E-05
132.4 8.49646547E-06 -2.124116368E-05
132.6 8.501088139E-06 -7.910350241E-21
132.8 8.505715841E-06 -4.252857921E-05
133 8.510348584E-06 -1.063793573E-05
133.2 8.514986376E-06 1.064373297E-05
133.4 8.519629226E-06 -1.064953653E-05
133.6 8.524277141E-06 4.616200555E-21
133.8 8.528930131E-06 3.198348799E-05
134 8.533588203E-06 1.066698525E-05
134.2 8.538251366E-06 -1.067281421E-05
134.4 8.542919628E-06 -2.135729907E-05
134.6 8.547592998E-06 -5.342245624E-05
134.8 8.552271483E-06 -2.138067871E-05
135 8.556955093E-06 3.20885816E-05
135.2 8.561643836E-06 5.351027397E-05
135.4 8.566337719E-06 5.353961075E-05
135.6 8.571036753E-06 7.499657159E-05
135.8 8.575740944E-06 6.431805708E-05
136 8.580450302E-06 2.145112576E-05
136.2 8.585164835E-06 3.219436813E-05
136.4 8.589884552E-06 3.221206707E-05
136.6 8.594609461E-06 -2.911878716E-20
136.8 8.599339571E-06 1.074917446E-05
137 8.60407489E-06 -1.075509361E-05
137.2 8.608815427E-06 -3.228305785E-05
137.4 8.613561191E-06 1.076695149E-05
137.6 8.61831219E-06 2.154578047E-05
137.8 8.623068433E-06 4.762249327E-21
138 8.627829928E-06 1.078478741E-05
138.2 8.632596685E-06 2.158149171E-05
138.4 8.637368712E-06 1.079671089E-05
138.6 8.642146018E-06 1.080268252E-05
138.8 4.323464305E-06 -1.091324325E-20
139 4.32585825E-06 -1.756202784E-21
139.2 8.656509695E-06 2.164127424E-05
139.4 8.661308204E-06 3.247990576E-05
139.6 8.666112035E-06 3.249792013E-05
139.8 8.670921199E-06 3.25159545E-05
140 4.337867851E-06 -2.168933926E-05
140.2 0 -4.340277778E-05
140.4 0 -2.171345192E-05
140.6 0 -2.172552836E-05
140.8 0 -2.173761825E-05
141 0 -3.262458241E-05
141.2 0 -3.264275766E-05
141.4 0 -2.177396878E-05
141.6 0 -2.178611266E-05
141.8 0 -2.179827009E-05
142 0 1.090522055E-05
142.2 0 1.843587389E-20
142.4 0 -5.458705981E-05
142.6 0 -2.184703579E-05
142.8 0 -1.092963067E-05
143 0 -3.280725084E-05
143.2 0 -2.18837535E-05
143.4 0 -3.284403027E-05
143.6 0 2.190830062E-05
143.8 0 1.096029742E-05
144 0 -3.28993543E-05
144.2 0 -1.260644627E-20
144.4 0 -1.592431153E-20
144.6 0 -2.096548878E-20
144.8 0 1.099113675E-05
145 0 4.141467034E-21
145.2 0 -1.100352113E-05
145.4 0 -1.100972379E-05
145.6 0 -3.522281169E-20
145.8 0 1.102215011E-05
146 0 1.10283738E-05
146.2 0 -1.725443617E-20
146.4 0 2.208168457E-05
146.6 0 3.314126131E-05
146.8 0 2.210667799E-05
147 0 1.105959796E-05
147.2 0 -1.40949723E-20
147.4 0 1.107213719E-05
147.6 0 1.83063913E-20
147.8 0 1.108470488E-05
148 0 1.109099943E-05
148.2 0 1.109730114E-05
148.4 0 1.110361001E-05
148.6 0 5.993846713E-21
148.8 0 -1.111624929E-05
149 0 1.112257973E-05
149.2 0 2.225783476E-05
149.4 0 2.724239707E-20
149.6 0 1.114161438E-05
149.8 0 2.229594749E-05
150 0 1.115434038E-05
150.2 0 1.116071429E-05
150.4 0 2.233419097E-05
150.6 0 1.117348398E-05
150.8 0 3.353963938E-05
151 0 2.237256586E-05
151.2 0 1.119269341E-05
151.4 0 2.239822248E-05
151.6 0 4.482214573E-05
151.8 0 4.4847876E-05
152 0 -3.196890143E-20
152.2 0 2.244971264E-05
152.4 0 2.24626222E-05
152.6 0 1.12377733E-05
152.8 0 3.373272884E-05
153 0 1.125072005E-05
153.2 0 -8.093738832E-21
153.4 0 1.126369666E-05
153.6 0 2.254039238E-05
153.8 0 3.38301097E-05
154 0 2.256643559E-05
154.2 0 3.386921965E-05
154.4 0 2.259253904E-05
154.6 0 -1.130280671E-05
154.8 0 -3.392805443E-05
155 0 -1.131590382E-05
155.2 0 1.132246377E-05
155.4 0 -3.398709397E-05
155.6 4.5342426E-06 -6.8013639E-05
155.8 9.073751452E-06 -1.134218931E-05
156 9.079023823E-06 5.67438989E-05
156.2 9.084302326E-06 -1.135537791E-05
156.4 9.089586969E-06 -4.544793485E-05
156.6 9.094877765E-06 1.136859721E-05
156.8 9.100174723E-06 1.13752184E-05
157 9.105477855E-06 -3.414554196E-05
157.2 9.110787172E-06 -6.833090379E-05
157.4 9.116102684E-06 -2.279025671E-05
157.6 9.121424402E-06 1.14017805E-05
157.8 9.126752336E-06 2.394101887E-21
158 9.132086499E-06 1.141510812E-05
158.2 9.137426901E-06 3.426535088E-05
158.4 9.142773552E-06 2.285693388E-05
158.6 1.37221897E-05 -2.284179507E-20
158.8 1.830697129E-05 2.288371412E-05
159 1.831770223E-05 -2.558530958E-20
159.2 1.832844575E-05 1.145527859E-05
159.4 2.292400235E-05 -8.72509107E-21
159.6 2.752495596E-05 -4.58749266E-05
159.8 3.21313161E-05 -1.147547004E-05
160 3.215020576E-05 3.444664903E-05
160.2 2.757352941E-05 5.744485294E-05
160.4 2.758975868E-05 -1.80563483E-20
160.6 2.760600707E-05 -1.150250294E-05
160.8 2.76222746E-05 -1.150928108E-05
161 3.224498821E-05 -2.303213443E-05
161.2 3.687315634E-05 -3.456858407E-05
161.4 4.150678867E-05 -2.305932704E-05
161.6 5.076048435E-05 4.614589486E-05
161.8 5.540780142E-05 -1.230300338E-20
162 6.006061502E-05 -8.085082791E-05
162.2 6.934171598E-05 -5.778476331E-05
162.4 6.938277087E-05 -2.464971191E-20
162.6 6.479561611E-05 3.47119372E-05
162.8 6.020302312E-05 2.315500889E-05
163 6.023873072E-05 -2.316874259E-05
163.2 6.027448071E-05 -4.636498516E-05
163.4 6.494952494E-05 -4.639251781E-05
163.6 6.963012478E-05 -1.16050208E-05
163.8 6.038198573E-05 -2.06269141E-20
164 6.041790601E-05 -3.485648424E-05
164.2 5.115327381E-05 -2.32514881E-05
164.4 4.653067302E-05 2.066376982E-20
164.6 4.655840286E-05 1.306353342E-20
164.8 5.124478235E-05 1.164654144E-05
165 5.1275358E-05 -5.796212092E-20
165.2 5.130597015E-05 -3.498134328E-05
165.4 5.600358423E-05 -2.333482676E-05
165.6 6.070681411E-05 1.167438733E-05
165.8 6.541566986E-05 2.075028081E-20
166 6.545481747E-05 -3.506508079E-05
166.2 6.081586826E-05 -1.169535928E-05
166.4 5.61713601E-05 4.680946675E-05
166.6 5.152128297E-05 9.367505995E-05
166.8 4.686562687E-05 5.858203359E-05
167 4.68937575E-05 1.172343938E-05
167.2 4.692192192E-05 1.173048048E-05
167.4 4.695012019E-05 -2.317158608E-20
167.6 5.167618761E-05 1.174458809E-05
167.8 5.640794224E-05 1.175165463E-05
168 6.114539434E-05 -1.175872968E-05
168.2 6.588855422E-05 -2.221730413E-20
168.4 6.12191079E-05 2.354581073E-05
168.6 5.654402895E-05 1.178000603E-05
168.8 5.186330718E-05 1.178711527E-05
169 4.717693237E-05 -1.179423309E-05
169.2 4.248489426E-05 -2.759932135E-20
169.4 3.778718259E-05 1.180849456E-05
169.6 3.308378705E-05 -2.363127647E-05
169.8 3.783292978E-05 -2.364558111E-05
170 4.258782556E-05 -3.548985463E-05
170.2 4.734848485E-05 -3.551136364E-05
170.4 5.211491813E-05 -4.73771983E-05
170.6 5.688713592E-05 -3.555445995E-05
170.8 5.692167577E-05 -2.371736491E-05
171 5.695625759E-05 -1.1865887E-05
171.2 5.699088146E-05 1.18731003E-05
171.4 5.702554745E-05 1.188032238E-05
171.6 5.706025563E-05 -1.188755326E-05
171.8 5.709500609E-05 -2.378958587E-05
172 5.236898233E-05 -3.570612431E-05
172.2 4.763719512E-05 -5.95464939E-05
172.4 4.289963392E-05 -2.383312996E-05
172.6 3.815628816E-05 -1.192384005E-05
172.8 3.340714722E-05 1.586982584E-20
173 3.342756724E-05 8.482755384E-21
173.2 2.866972477E-05 -1.194571865E-05
173.4 2.390605875E-05 1.195302938E-05
173.6 1.913655848E-05 3.588104715E-05
173.8 1.436121324E-05 -7.257235578E-21
174 9.580012262E-06 -2.395003066E-05
174.2 4.792944785E-06 -2.396472393E-05
174.4 4.795887047E-06 -1.198971762E-05
174.6 4.798832924E-06 1.199708231E-05
174.8 4.801782422E-06 1.785206727E-20
175 4.804735547E-06 3.603551661E-05
175.2 0 1.201923077E-05
175.4 0 -1.202663177E-05
175.6 0 2.40680838E-05
175.8 0 1.204146116E-05
176 0 2.409777915E-05
176.2 0 2.411265432E-05
176.4 0 1.206377393E-05
176.6 0 1.207122991E-05
176.8 0 3.623608534E-05
177 0 3.625850866E-05
177.2 0 6.4447931E-21
177.4 0 2.420229244E-05
177.6 0 1.210864848E-05
177.8 0 -2.42323201E-05
178 0 -1.212368094E-05
178.2 0 1.213121118E-05
178.4 0 2.427750155E-05
178.6 0 3.643889925E-05
178.8 0 1.215385812E-05
179 0 1.21614259E-05
179.2 0 1.513154434E-20
179.4 0 -3.652976933E-05
179.6 0 -1.21841859E-05
179.8 0 2.438358302E-05
180 0 4.879762648E-05
180.2 0 2.44140625E-05
180.4 0 -2.442933083E-05
180.6 0 -6.111154568E-05
180.8 0 -2.445992486E-05
181 0 2.447525063E-05
181.2 0 2.449059561E-05
181.4 0 -1.225297992E-05
181.6 0 -3.678201507E-05
181.8 0 -1.30758051E-20
182 0 2.455216845E-05
182.2 0 2.456761006E-05
182.4 0 3.687460667E-05
182.6 0 2.459855164E-05
182.8 0 1.230702583E-05
183 0 2.327236203E-20
183.2 0 -2.464511041E-05
183.4 0 -2.466066919E-05
183.6 0 -1.233812382E-05
183.8 0 -8.768899578E-21
184 4.941492726E-06 2.470746363E-05
184.2 4.944620253E-06 2.472310127E-05
184.4 0 -2.046631842E-21
184.6 0 -1.2377218E-05
184.8 0 -2.477013316E-05
185 0 -1.239292513E-05
185.2 0 -1.240079365E-05
185.4 0 1.240867217E-05
185.6 0 1.241656071E-05
185.8 0 -1.965814447E-20
186 0 -2.486473584E-05
186.2 0 -2.488057325E-05
186.4 0 3.734464627E-05
186.6 0 4.982461735E-05
186.8 0 2.492820676E-05
187 0 1.247206258E-05
187.2 0 -1.248003195E-05
187.4 0 -4.995204604E-05
187.6 0 -3.748800384E-05
187.8 0 -3.751200384E-05
188 0 -5.004804612E-05
188.2 0 -3.756009615E-05
188.4 0 -1.252806286E-05
188.6 0 -1.253610398E-05
188.8 0 -3.763246628E-05
189 0 -3.765665167E-05
189.2 0 4.845731035E-21
189.4 0 1.256837194E-05
189.6 0 1.257646491E-05
189.8 0 1.25845683E-05
190 0 1.259268214E-05
190.2 0 -2.52016129E-05
190.4 0 -3.782682376E-05
190.6 0 4.918664857E-20
190.8 0 1.999047687E-20
191 0 -1.26334088E-05
191.2 0 -1.264158576E-05
191.4 0 -1.264977332E-05
191.6 0 -5.063188594E-05
191.8 0 -5.066472114E-05
192 0 -2.518236595E-20
192.2 0 -1.488117933E-20
192.4 0 2.538174139E-05
192.6 0 5.079648895E-05
192.8 0 5.178844189E-21
193 0 -2.54313151E-05
193.2 0 -1.272394137E-05
193.4 0 -1.273223598E-05
193.6 0 4.132688664E-20
193.8 0 3.824657311E-05
194 0 3.827155454E-05
194.2 0 2.553104575E-05
194.4 0 -1.277387181E-05
194.6 0 -3.834669503E-05
194.8 5.116240995E-06 -2.558120498E-05
195 1.023918742E-05 -1.279898427E-05
195.2 1.536885246E-05 -1.280737705E-05
195.4 1.537893701E-05 -1.281578084E-05
195.6 1.53890348E-05 -1.282419567E-05
195.8 1.539914586E-05 -1.283262155E-05
196 1.540927022E-05 -2.143331573E-20
196.2 1.541940789E-05 1.284950658E-05
196.4 1.028637261E-05 1.285796577E-05
196.6 5.14657444E-06 1.28664361E-05
196.8 0 4.086008293E-20
197 0 -1.288341029E-05
197.2 0 1.289191419E-05
197.4 0 -1.290042933E-05
197.6 0 -2.581791143E-05
197.8 0 2.583498677E-05
198 0 2.585208471E-05
198.2 0 -1.293460265E-05
198.4 0 -1.294317429E-05
198.6 0 3.681110824E-20
198.8 0 1.403511378E-21
199 0 1.29689575E-05
199.2 0 -4.610560733E-21
199.4 0 -2.597240691E-05
199.6 0 -1.299484365E-05
199.8 0 -9.244950648E-21
200 0 1.301215856E-05
200.2 0 1.302083333E-05
200.4 0 -1.302951968E-05
200.6 0 2.607643525E-05
200.8 0 5.218770875E-05
201 0 1.30556484E-05
201.2 0 -1.306438127E-05
201.4 0 -3.921937751E-05
201.6 0 -1.308188212E-05
201.8 0 1.627756613E-20
202 0 1.309942991E-05
202.2 0 3.932466443E-05
202.4 0 1.311702485E-05
202.6 0 -1.312584005E-05
202.8 0 -1.313466711E-05
203 0 9.339022751E-21
203.2 0 1.31523569E-05
203.4 0 1.316121968E-05
203.6 0 1.31700944E-05
203.8 0 1.872845858E-20
204 0 -5.275151924E-05
204.2 0 -5.278716216E-05
204.4 5.282285328E-06 -1.320571332E-05
204.6 1.057171854E-05 -1.948336245E-19
204.8 1.586831415E-05 2.583880601E-20
205 2.117208672E-05 1.611892456E-19
205.2 2.648305085E-05 2.82260091E-20
205.4 3.180122117E-05 2.589139516E-20
205.6 3.712661236E-05 -1.325950441E-05
205.8 4.776664402E-05 -1.326851223E-05
206 4.779911625E-05 1.327753229E-05
206.2 4.25170068E-05 3.985969388E-05
206.4 2.659121852E-05 5.318243703E-05
206.6 1.596559946E-05 2.660933243E-05
206.8 1.065098841E-05 -1.331373551E-05
207 1.065825375E-05 -3.996845157E-05
207.2 1.066552901E-05 -2.666382253E-05
207.4 1.067281421E-05 1.334101776E-05
207.6 5.340054682E-06 2.670027341E-05
207.8 0 -4.746165461E-20
208 0 -4.010523614E-05
208.2 0 -2.675513699E-05
208.4 0 -1.338673749E-05
208.6 0 1.339591907E-05
208.8 0 2.681022649E-05
209 5.365728022E-06 1.341432005E-05
209.2 1.073883162E-05 2.684707904E-05
209.4 1.074621733E-05 1.343277166E-05
209.6 5.376806607E-06 1.344201652E-05
209.8 0 -4.634416157E-21
210 0 -2.69210889E-05
210.2 0 -1.346982759E-05
210.4 0 5.671044328E-21
210.6 0 2.045197437E-20
210.8 0 -2.450518276E-20
211 0 4.180729938E-21
211.2 0 -1.351643599E-05
211.4 0 -7.374673924E-21
211.6 0 2.707033957E-05
211.8 0 1.354455617E-05
212 0 1.355395559E-05
212.2 0 1.356336806E-05
212.4 0 -1.343605025E-20
212.6 0 -1.358223227E-05
212.8 0 1.359168406E-05
213 0 2.720229805E-05
213.2 0 -1.361062718E-05
213.4 0 -2.554943183E-21
213.6 0 1.362962317E-05
213.8 0 -1.363914106E-05
214 0 -2.729734451E-05
214.2 0 -1.949778585E-20
214.4 0 1.052842071E-20
214.6 0 -1.367734594E-05
214.8 0 -2.328274078E-20
215 0 1.369652875E-05
215.2 0 1.370614035E-05
215.4 0 -1.371576545E-05
215.6 0 1.869465726E-20
215.8 0 2.747011252E-05
216 0 1.374472203E-05
216.2 0 1.375440141E-05
216.4 0 2.752818887E-05
216.6 0 4.132140339E-05
216.8 0 2.756704305E-05
217 0 2.75865113E-05
217.2 0 2.760600707E-05
217.4 0 2.762553041E-05
217.6 0 1.382254069E-05
217.8 0 -4.149699008E-05
218 0 1.384213324E-05
218.2 0 4.155585106E-05
218.4 0 -1.421970505E-20
218.6 0 1.387162642E-05
218.8 0 -7.607696644E-21
219 0 1.508484568E-20
219.2 0 1.390124555E-05
219.4 5.564458689E-06 3.962247245E-21
219.6 1.113684961E-05 1.317350217E-20
219.8 1.114479315E-05 4.73190267E-21
220 5.576374019E-06 -1.394093505E-05
220.2 5.580357143E-06 2.13113381E-20
220.4 0 -1.39608649E-05
220.6 5.588340486E-06 -2.794170243E-05
220.8 5.59234073E-06 -1.398085183E-05
221 5.596346705E-06 1.399086676E-05
221.2 0 2.800179211E-05
221.4 5.604375897E-06 1.401093974E-05
221.6 5.608399139E-06 2.804199569E-05
221.8 0 2.80621408E-05
222 0 -1.404115744E-05
222.2 5.620503597E-06 3.653362661E-20
222.4 5.624550036E-06 2.812275018E-05
222.6 5.628602305E-06 2.814301153E-05
222.8 5.632660418E-06 8.448990627E-05
223 1.127344877E-05 5.636724387E-05
223.2 2.25631769E-05 -1.410198556E-05
223.4 2.822434971E-05 -2.822434971E-05
223.6 3.389370933E-05 -2.824475777E-05
223.8 3.957127352E-05 -5.542961562E-21
224 3.959992759E-05 1.414283128E-05
224.2 3.962862319E-05 -8.307372005E-21
224.4 4.532269761E-05 -2.8326686E-05
224.6 5.102503628E-05 -1.417362119E-05
224.8 5.673565723E-05 2.836782861E-05
225 5.677688953E-05 2.838844477E-05
225.2 5.681818182E-05 -1.420454545E-05
225.4 5.685953421E-05 -1.421488355E-05
225.6 5.690094683E-05 -1.105681607E-20
225.8 5.694241983E-05 1.423560496E-05
226 5.698395332E-05 1.424598833E-05
226.2 6.272810219E-05 -2.851277372E-05
226.4 6.84806428E-05 -4.280040175E-05
226.6 6.853070175E-05 -4.28316886E-05
226.8 6.858083394E-05 -1.428767374E-05
227 6.863103953E-05 -1.429813324E-05
227.2 6.868131868E-05 -2.861721612E-05
227.4 6.873167155E-05 -1.916996672E-20
227.6 6.878209831E-05 2.865920763E-05
227.8 6.883259912E-05 2.868024963E-05
228 6.888317414E-05 1.435066128E-05
228.2 6.893382353E-05 1.436121324E-05
228.4 6.898454746E-05 1.437178072E-05
228.6 6.90353461E-05 1.438236377E-05
228.8 6.90862196E-05 4.317888725E-05
229 6.913716814E-05 4.321073009E-05
229.2 6.918819188E-05 2.882841328E-05
229.4 6.923929099E-05 5.769940916E-05
229.6 6.929046563E-05 4.330654102E-05
229.8 6.934171598E-05 -1.444619083E-05
230 6.939304219E-05 -3.173006707E-20
230.2 6.944444444E-05 4.340277778E-05
230.4 6.949592291E-05 1.447831727E-05
230.6 6.37518546E-05 2.897811573E-05
230.8 6.379918337E-05 2.89996288E-05
231 6.384658247E-05 -1.451058692E-05
231.2 6.389405204E-05 1.452137546E-05
231.4 5.812872024E-05 1.453218006E-05
231.6 6.398920328E-05 1.454300074E-05
231.8 6.403688525E-05 1.455383756E-05
232 6.408463833E-05 -2.912938106E-05
232.2 6.413246269E-05 -1.45755597E-05
232.4 5.834578043E-05 6.960056995E-22
232.6 6.422832586E-05 -4.379204036E-05
232.8 7.011967091E-05 1.460826477E-05
233 7.017215569E-05 7.309599551E-05
233.2 6.437265918E-05 1.463014981E-05
233.4 7.027736132E-05 -2.928223388E-05
233.6 7.033008252E-05 -4.395630158E-05
233.8 7.038288288E-05 -1.46631006E-05
234 7.043576258E-05 1.467411721E-05
234.2 7.04887218E-05 -1.468515038E-05
234.4 7.054176072E-05 -2.93924003E-05
234.6 7.059487952E-05 -2.941453313E-05
234.8 6.476073851E-05 -1.471834966E-05
235 6.480957768E-05 -6.952524079E-21
235.2 6.485849057E-05 1.123279159E-20
235.4 6.490747734E-05 1.48946973E-20
235.6 6.495653817E-05 -2.797878602E-20
235.8 6.500567322E-05 -1.477401664E-05
236 6.505488266E-05 -2.968220448E-20
236.2 6.510416667E-05 2.959280303E-05
236.4 6.51535254E-05 1.480761941E-05
236.6 6.520295903E-05 4.445656297E-05
236.8 6.525246773E-05 -1.099248448E-20
237 7.123860182E-05 -1.484137538E-05
237.2 7.129277567E-05 2.970532319E-05
237.4 7.134703196E-05 -1.486396499E-05
237.6 7.140137091E-05 -2.975057121E-05
237.8 7.145579268E-05 -4.465987043E-05
238 7.151029748E-05 -4.469393593E-05
238.2 7.15648855E-05 2.981870229E-05
238.4 7.161955691E-05 2.984148205E-05
238.6 7.764717125E-05 4.479644495E-05
238.8 7.770657995E-05 5.977429227E-05
239 8.374808576E-05 2.991003063E-05
239.2 8.381226054E-05 -2.993295019E-05
239.4 8.986771472E-05 -2.995590491E-05
239.6 8.993668457E-05 2.997889486E-05
239.8 9.000576037E-05 4.500288018E-05
240 9.007494235E-05 4.503747118E-05
240.2 9.014423077E-05 1.502403846E-05
240.4 8.419938414E-05 1.503560431E-05
240.6 9.028312789E-05 -3.764518562E-22
240.8 9.035273709E-05 -1.505878951E-05
241 9.04224537E-05 1.507040895E-05
241.2 9.049227799E-05 3.016409266E-05
241.4 9.05622102E-05 3.01874034E-05
241.6 8.459010054E-05 6.042150039E-05
241.8 7.860874613E-05 4.535119969E-05
242 7.261812548E-05 4.623890634E-21
242.2 7.26744186E-05 -1.514050388E-05
242.4 7.273079907E-05 -1.515224981E-05
242.6 7.278726708E-05 -1.516401398E-05
242.8 7.284382284E-05 -1.517579643E-05
243 7.897550544E-05 -1.51875972E-05
243.2 7.903696498E-05 -3.039883268E-05
243.4 8.518302181E-05 -6.084501558E-05
243.6 9.133865939E-05 -6.089243959E-05
243.8 9.750390016E-05 -4.57049532E-05
244 0.0001036787666 -6.098750976E-05
244.2 0.0001098632813 -9.155273438E-05
244.4 0.0001160574668 -7.635359656E-05
244.6 0.0001161482786 -7.641334116E-05
244.8 0.0001223570869 -9.176781519E-05
245 0.000128575627 -7.653311129E-05
245.2 0.0001348039216 -4.595588235E-05
245.4 0.0001410419937 -1.533065149E-05
245.6 0.0001472898665 -1.534269442E-05
245.8 0.0001596894654 -4.606426887E-05
246 0.0001536683714 -3.130920473E-20
246.2 0.0001476377953 -1.974400998E-20
246.4 0.0001539105595 -3.07821119E-05
246.6 0.0001540319401 1.540319401E-05
246.8 0.0001541535122 4.624605367E-05
247 0.0001481042654 4.628258294E-05
247.2 0.0001420454545 -1.543972332E-05
247.4 0.000135977057 -1.545193829E-05
247.6 0.0001237133808 6.185669042E-05
247.8 0.0001114302694 6.190570523E-05
248 9.912767645E-05 6.195479778E-05
248.2 8.680555556E-05 7.750496032E-05
248.4 7.446386021E-05 6.205321684E-05
248.6 5.589228935E-05 3.105127186E-05
248.8 4.350636436E-05 3.107597454E-05
249 3.110071656E-05 6.220143312E-05
249.2 2.490039841E-05 4.668824701E-05
249.4 1.246012759E-05 1.557515949E-05
249.6 6.235035914E-06 3.117517957E-05
249.8 6.240015974E-06 4.680011981E-05
250 6.245003997E-06 1.561250999E-05
250.2 0 -1.384561418E-20
250.4 0 -3.127502002E-05
250.6 0 -7.825020032E-05
250.8 0 -6.265036087E-05
251 0 -1.835589816E-20
251.2 0 -1.134237769E-20
251.4 0 -9.420217042E-05
251.6 6.285197104E-06 -0.0001099909493
251.8 1.25805153E-05 -3.145128824E-05
252 1.25906527E-05 -4.75461693E-21
252.2 1.890120968E-05 -1.575100806E-05
252.4 2.522195319E-05 -1.576372074E-05
252.6 3.155290792E-05 -1.577645396E-05
252.8 3.789409863E-05 -4.736762328E-05
253 4.424555016E-05 1.58019822E-05
253.2 5.060728745E-05 4.744433198E-05
253.4 5.697933549E-05 3.000793609E-20
253.6 6.336171938E-05 1.584042985E-05
253.8 6.341314935E-05 4.755986201E-05
254 6.346466288E-05 3.173233144E-05
254.2 6.351626016E-05 1.015906219E-20
254.4 5.721114727E-05 1.589198535E-05
254.6 5.089576547E-05 6.361970684E-05
254.8 4.457008965E-05 4.775366748E-05
255 3.823409462E-05 -4.516671789E-20
255.2 3.18877551E-05 -4.652520795E-20
255.4 2.553104575E-05 -1.595690359E-05
255.6 1.916394113E-05 -4.790985282E-05
255.8 1.278641571E-05 -1.598301964E-05
256 6.398443898E-06 3.199221949E-05
256.2 0 -4.439217172E-21
256.4 0 -4.806706317E-05
256.6 0 -3.207101806E-05
256.8 0 1.525754306E-21
257 0 -1.235268772E-20
257.2 0 -4.822530864E-05
257.4 0 -9.65300659E-05
257.6 0 -6.440643034E-05
257.8 0 -4.834467822E-05
258 0 -6.451279934E-05
258.2 0 -4.842458678E-05
258.4 0 -1.615488007E-05
258.6 0 1.439201701E-20
258.8 0 -1.618164872E-05
259 0 -1.619506633E-05
259.2 0 -4.417907337E-21
259.4 0 -1.164736877E-20
259.6 0 1.623545303E-05
259.8 0 3.249792013E-05
260 0 -1.626248959E-05
260.2 0 -3.255208333E-05
260.4 0 1.525171779E-20
260.6 0 -1.630321369E-05
260.8 0 -1.834026913E-20
261 0 4.899142977E-05
261.2 0 3.268828452E-05
261.4 0 9.367446201E-21
261.6 0 -1.013862841E-20
261.8 0 -3.169131347E-21
262 0 -1.957466329E-20
262.2 0 1.641281513E-05
262.4 0 1.642661901E-05
262.6 0 -1.644044613E-05
262.8 0 -1.645429655E-05
263 0 -1.646817032E-05
263.2 0 -1.475217634E-20
263.4 0 -3.119393101E-20
263.6 0 -4.952979713E-05
263.8 0 -1.652390017E-05
264 0 -1.653789162E-05
264.2 0 1.655190678E-05
264.4 0 1.656594572E-05
264.6 0 -3.316001698E-05
264.8 0 -1.659409516E-05
265 0 -3.321641156E-05
265.2 0 3.324468085E-05
265.4 0 3.32729983E-05
265.6 0 -4.995204604E-05
265.8 0 1.666488908E-05
266 0 6.671648164E-05
266.2 0 3.338675214E-05
266.4 0 1.670765612E-05
266.6 0 1.672196062E-05
266.8 0 1.673628963E-05
267 0 3.620299153E-23
267.2 0 1.676502146E-05
267.4 0 1.67794244E-05
267.6 0 -3.358770421E-05
267.8 0 -6.723321859E-05
268 0 -3.364556417E-05
268.2 0 3.367456897E-05
268.4 0 1.685181191E-05
268.6 0 -1.686636442E-05
268.8 0 1.688094209E-05
269 0 3.379108997E-05
269.2 0 -3.382034632E-05
269.4 0 -6.769930676E-05
269.6 0 -1.693950564E-05
269.8 0 -1.695421007E-05
270 0 -1.696894005E-05
270.2 0 -3.39673913E-05
270.4 0 -3.399695387E-05
270.6 0 2.417733068E-20
270.8 0 -1.702811683E-05
271 0 -5.11289267E-05
271.2 0 -1.705786026E-05
271.4 0 1.707277098E-05
271.6 0 -1.708770779E-05
271.8 0 -1.710267075E-05
272 0 -1.711765995E-05
272.2 0 1.713267544E-05
272.4 0 1.71477173E-05
272.6 0 2.096001767E-20
272.8 0 3.435576077E-05
273 0 3.438600352E-05
273.2 0 1.720814978E-05
273.4 0 1.722332451E-05
273.6 0 3.447705207E-05
273.8 0 1.725375442E-05
274 0 1.726900973E-05
274.2 0 3.456858407E-05
274.4 0 1.729960142E-05
274.6 0 1.117978037E-20
274.8 0 -3.466060337E-05
275 0 -1.734569272E-05
275.2 0 3.472222222E-05
275.4 0 3.475311388E-05
275.6 0 1.739203028E-05
275.8 0 1.925266944E-20
276 0 1.742305977E-05
276.2 0 1.743861607E-05
276.4 0 -2.265165973E-20
276.6 0 -2.071348511E-20
276.8 0 -8.64013673E-21
277 0 -3.500224014E-05
277.2 0 -8.758408072E-05
277.4 0 -7.013016158E-05
277.6 0 1.312504222E-20
277.8 0 5.269222122E-05
278 0 1.757988299E-05
278.2 0 -2.923110324E-20
278.4 0 1.761158702E-05
278.6 0 -1.762748195E-05
278.8 0 -3.52868112E-05
279 0 -1.765935805E-05
279.2 0 -3.535067873E-05
279.4 0 -3.538269928E-05
279.6 0 -3.541477788E-05
279.8 0 -1.772345735E-05
280 0 1.773955495E-05
280.2 0 1.775568182E-05
280.4 0 3.554367607E-05
280.6 0 3.557604736E-05
280.8 0 1.780423883E-05
281 0 -1.782048358E-05
281.2 0 -5.351027397E-05
281.4 0 -3.570612431E-05
281.6 0 -4.373944394E-21
281.8 0 3.577152015E-05
282 0 -3.580430797E-05
282.2 0 -7.167431193E-05
282.4 0 3.587006428E-05
282.6 0 3.590303309E-05
282.8 0 -3.076050708E-21
283 0 1.798457643E-05
283.2 0 1.800115207E-05
283.4 0 4.392246023E-22
283.6 0 -1.80343952E-05
283.8 0 -1.805106285E-05
284 0 -2.547944101E-20
284.2 0 -5.248970423E-21
284.4 0 -1.810125116E-05
284.6 0 2.030005287E-20
284.8 0 1.813486537E-05
285 0 1.815171933E-05
285.2 0 5.450581395E-05
285.4 0 1.818552142E-05
285.6 0 -1.820246971E-05
285.8 0 1.533826266E-20
286 0 3.043655607E-20
286.2 0 1.825350467E-05
286.4 0 5.481173994E-05
286.6 0 5.48630618E-05
286.8 7.321930647E-06 3.660965323E-05
287 7.32879925E-06 4.14494149E-20
287.2 0 -3.667840376E-05
287.4 1.468515038E-05 1.835643797E-05
287.6 2.204844779E-05 3.674741298E-05
287.8 3.678201507E-05 1.839100753E-05
288 5.154335533E-05 1.840834119E-05
288.2 6.633254717E-05 5.527712264E-05
288.4 8.11496695E-05 5.532932011E-05
288.6 8.122637051E-05 4.982794413E-20
288.8 8.130321665E-05 1.847800378E-05
289 8.138020833E-05 3.699100379E-05
289.2 8.145734597E-05 5.553909953E-05
289.4 8.153462998E-05 3.706119545E-05
289.6 8.903133903E-05 -3.709639126E-05
289.8 9.654230038E-05 -1.8565827E-05
290 9.663415794E-05 3.716698382E-05
290.2 9.672619048E-05 3.720238095E-05
290.4 8.937082936E-05 5.585676835E-05
290.6 9.691078244E-05 -2.301652239E-20
290.8 0.0001119269341 5.003803801E-20
291 0.0001269717973 7.468929254E-05
291.2 0.0001121411483 5.607057416E-05
291.4 0.0001047653257 8.537568888E-21
291.6 0.0001048657718 -1.872603068E-05
291.8 0.0001124640115 1.874400192E-05
292 0.0001125720461 5.628602305E-05
292.2 0.0001051682692 1.878004808E-05
292.4 0.0001127887392 -2.425305898E-20
292.6 0.0001204238921 9.40811657E-05
292.8 0.0001054725169 7.533751205E-05
293 8.295125483E-05 -3.770511583E-05
293.2 8.303140097E-05 -5.661231884E-05
293.4 9.82229207E-05 1.801563506E-20
293.6 0.0001134438529 5.672192643E-05
293.8 0.0001059835271 7.570251938E-05
294 9.850872939E-05 3.788797284E-05
294.2 0.0001061893204 1.190331179E-20
294.4 0.000106292517 -1.408958685E-20
294.6 0.0001063959144 -7.599708171E-05
294.8 0.0001141066212 -3.803554041E-05
295 0.0001218323587 5.710891813E-05
295.2 0.0001219512195 -1.905487805E-05
295.4 0.0001220703125 -5.722045898E-05
295.6 0.0001221896383 -3.818426197E-05
295.8 0.0001299535225 -3.822162427E-05
296 0.0001377326151 -2.737100728E-20
296.2 0.0001302083333 1.914828431E-05
296.4 0.0001380029441 1.916707556E-05
296.6 0.0001381385069 1.918590373E-05
296.8 0.0001382743363 -1.129459642E-20
297 0.0001384104331 1.922367126E-05
297.2 0.000138546798 5.772783251E-05
297.4 0.000138683432 1.926158777E-05
297.6 0.0001388203356 -1.928060217E-05
297.8 0.0001389575099 5.789896245E-05
298 0.0001390949555 1.931874382E-05
298.2 0.0001392326733 -7.735148515E-05
298.4 0.0001316278494 -9.678518335E-05
298.6 0.0001395089286 -5.812872024E-05
298.8 0.0001396474677 1.939548163E-05
299 0.0001397862823 -3.882952286E-05
299.2 0.0001399253731 -7.773631841E-05
299.4 0.000140064741 1.945343625E-05
299.6 0.0001324152542 1.947283151E-05
299.8 0.0001325474052 -7.796906188E-05
300 0.0001326798202 -9.755869131E-05
300.2 0.0001328125 -7.8125E-05
300.4 0.0001407657658 -1.95508008E-05
300.6 0.0001330786573 -1.957039078E-05
300.8 0.0001332121364 -7.836008024E-05
301 0.0001333458835 -7.843875502E-05
301.2 0.0001334798995 2.38754192E-20
301.4 0.0001257545272 1.964914487E-05
301.6 0.0001258811682 -3.933786506E-05
301.8 0.0001181325605 -7.875504032E-05
302 0.000126135217 -7.88345106E-05
302.2 0.0001341540404 -1.972853535E-05
302.4 0.0001184908999 5.00761662E-20
302.6 0.00011861083 -1.976847166E-05
302.8 0.000118731003 -3.957700101E-05
303 0.0001267748479 -1.980856998E-05
303.2 0.0001189720812 5.948604061E-05
303.4 0.0001111534553 5.95464939E-05
303.6 0.000111266531 3.352975182E-20
303.8 0.0001193355397 -5.47247009E-20
304 0.0001194571865 5.972859327E-05
304.2 0.0001116071429 7.971938776E-05
304.4 0.0001197012257 3.990040858E-05
304.6 0.0001198236196 3.994120654E-05
304.8 0.0001199462641 5.997313204E-05
305 0.0001200691598 6.003457992E-05
305.2 0.0001201923077 2.003205128E-05
305.4 0.0001283367556 5.799652201E-21
305.6 0.0001284686536 3.183778217E-20
305.8 0.000128600823 4.5609632E-20
306 0.0001287332647 2.011457261E-05
306.2 0.0001369201031 -9.891664785E-21
306.4 0.0001370614035 -2.015608875E-05
306.6 0.0001372029959 -2.017691116E-05
306.8 0.0001373448811 -2.019777663E-05
307 0.00013748706 -2.02186853E-05
307.2 0.0001376295337 -2.677916981E-20
307.4 0.0001377723029 8.733217432E-20
307.6 0.0001379153686 -6.084501558E-05
307.8 0.0001461798337 -4.060550936E-05
308 0.0001544614984 2.032388137E-05
308.2 0.0001627604167 4.069010417E-05
308.4 0.0001629301356 6.109880083E-05
308.6 0.0001549451983 6.116257829E-05
308.8 0.0001632706374 6.122648903E-05
309 0.0001716134937 -3.796845106E-20
309.2 0.000179973822 -3.615928798E-22
309.4 0.0001801624738 6.141902516E-05
309.6 0.0001803515215 6.148347324E-05
309.8 0.0001887473739 2.051601891E-05
310 0.0002053759201 8.215036803E-05
310.2 0.0001891447368 8.223684211E-05
310.4 0.0001975763962 4.116174921E-05
310.6 0.0002060258439 0.0001030129219
310.8 0.0002309926082 0.0001443703801
311 0.0002312367865 0.0001445229915
311.2 0.000248015873 0.0001033399471
311.4 0.0002565545551 2.068988347E-05
311.6 0.0002651113468 -2.071182397E-05
311.8 0.0002653927813 4.146762208E-05
312 0.0002573724761 0.0001037792242
312.2 0.0002493351064 4.155585106E-05
312.4 0.0002662406816 -4.16001065E-05
312.6 0.0002665245203 -2.082222814E-05
312.8 0.0002668089648 2.084445037E-05
313 0.0002670940171 2.97802028E-20
313.2 0.0002673796791 2.088903743E-05
313.4 0.0002760305139 8.364561028E-05
313.6 0.0002763263666 4.18676313E-05
313.8 0.0002850053648 2.90831776E-20
314 0.0002937030075 -4.19575725E-05
314.2 0.0002856182796 -2.100134409E-05
314.4 0.0002775161464 3.212183623E-20
314.6 0.0002693965517 2.10466056E-05
314.8 0.0002696871629 2.10693096E-05
315 0.0002784152268 -3.590892979E-20
315.2 0.0002787162162 2.111486486E-05
315.4 0.0002790178571 2.113771645E-05
315.6 0.0002793201517 -6.711773675E-20
315.8 0.000279623102 1.60634611E-20
316 0.0002629614549 2.120656895E-05
316.2 0.000246263587 4.245923913E-05
316.4 0.0002295293798 6.375816104E-05
316.6 0.0002212690632 8.510348584E-05
316.8 0.0002215103599 2.129907306E-05
317 0.0002132232533 -2.132232533E-05
317.2 0.0002049180328 2.134562842E-05
317.4 0.0002051422319 -1.20631626E-20
317.6 0.0002053669222 1.300509383E-20
317.8 0.0001970257675 2.14158443E-05
318 0.0001886663008 -1.117120891E-20
318.2 0.0001802884615 4.292582418E-05
318.4 0.0001718921892 2.148652365E-05
318.6 0.0001634774229 1.291462975E-20
318.8 0.0001550441014 6.460170893E-05
319 0.0001638383002 6.467301325E-05
319.2 0.000164019337 -2.225167744E-20
319.4 0.0001642007743 2.160536504E-05
319.6 0.0001643826135 1.593363666E-20
319.8 0.0001732261641 -4.330654102E-05
320 0.0001820893452 -4.335460599E-05
320.2 0.0001909722222 -2.170138889E-05
320.4 0.0001824944383 8.690211346E-05
320.6 0.0001739977728 6.524916481E-05
320.8 0.0001654821628 2.542066504E-20
321 0.0001656668527 -2.179827009E-05
321.2 0.000157122905 -4.36452514E-05
321.4 0.0001398210291 -4.369407159E-05
321.6 0.0001224804031 1.432423372E-20
321.8 0.0001138593049 -4.379204036E-05
322 0.000131523569 -4.384118967E-05
322.2 0.0001141151685 -4.389044944E-05
322.4 0.0001230314961 -4.393982002E-05
322.6 0.0001143721847 2.19946509E-05
322.8 0.0001233089064 -2.201944758E-05
323 0.0001146303612 -0.0001322658014
323.2 0.0001235875706 -6.620762712E-05
323.4 0.0001237273756 4.418834842E-05
323.6 0.0001238674972 -4.994469636E-20
323.8 0.0001240079365 -2.214427438E-05
324 0.0001241486947 -2.216940976E-05
324.2 0.0001331676136 -4.438920455E-05
324.4 0.0001510949943 -4.443970421E-05
324.6 0.0001601651481 -4.449031891E-05
324.8 0.0001692559863 -6.681157355E-05
325 0.0001783675799 -4.459189498E-05
325.2 0.0001964285714 -1.769242493E-20
325.4 0.0002055921053 8.938787185E-05
325.6 0.000205827606 2.237256586E-05
325.8 0.0002060636468 -6.719466743E-05
326 0.0001973306544 -3.492016153E-20
326.2 0.0001885775862 6.734913793E-05
326.4 0.0001798043728 2.247554661E-05
326.6 0.0001710109447 -2.250144009E-05
326.8 0.0001621972318 -2.252739331E-05
327 0.000153363164 3.611353713E-20
327.2 0.0001445086705 4.515895954E-05
327.4 0.0001446759259 -1.971596521E-20
327.6 0.0001448435689 -6.789542294E-05
327.8 0.0001450116009 -2.265806265E-05
328 0.0001451800232 9.073751452E-05
328.2 0.0001453488372 6.813226744E-05
328.4 0.0001455180442 4.255944601E-20
328.6 0.0001365821678 4.552738928E-05
328.8 0.0001367415403 4.558051342E-05
329 0.000136901285 -1.860123872E-20
329.2 0.0001461988304 -2.284356725E-05
329.4 0.000137221897 -2.287031616E-05
329.6 0.0001373827667 2.289712778E-05
329.8 0.0001375440141 4.584800469E-05
330 0.0001468860165 -1.991671239E-20
330.2 0.0001378676471 -2.675508368E-20
330.4 0.0001472320377 -5.299193559E-21
330.6 0.0001381928066 -2.303213443E-05
330.8 0.0001383559622 -1.615136023E-20
331 0.0001385195035 -4.617316785E-05
331.2 0.000138683432 -4.622781065E-05
331.4 0.0001388477488 -8.887256493E-21
331.6 0.0001390124555 -2.316874259E-05
331.8 0.0001391775534 -4.639251781E-05
332 0.000139343044 -2.322384067E-05
332.2 0.0001395089286 -2.32514881E-05
332.4 0.0001489868892 -4.655840286E-05
332.6 0.0001491646778 -4.661396181E-05
332.8 0.0001493428913 -7.000448029E-05
333 0.0001495215311 -4.672547847E-05
333.2 0.0001497005988 -5.616792352E-22
333.4 0.0001498800959 -9.198730787E-21
333.6 0.000150060024 -2.269201683E-20
333.8 0.0001502403846 1.154806261E-20
334 0.0001504211793 -2.350330927E-05
334.2 0.000141189759 -7.059487952E-05
334.4 0.0001319360676 -7.068003619E-05
334.6 0.0001226600242 -2.358846618E-05
334.8 0.0001228083434 2.361698912E-05
335 0.0001134987893 4.729116223E-05
335.2 0.0001041666667 4.734848485E-05
335.4 9.48118932E-05 4.74059466E-05
335.6 9.492709599E-05 2.3731774E-05
335.8 8.553832117E-05 -2.376064477E-05
336 8.564250914E-05 2.378958587E-05
336.2 7.62195122E-05 7.145579268E-05
336.4 6.677350427E-05 4.76953602E-05
336.6 5.730440098E-05 4.775366748E-05
336.8 4.78121175E-05 4.78121175E-05
337 3.829656863E-05 7.180606618E-05
337.2 2.875766871E-05 7.189417178E-05
337.4 1.91953317E-05 2.399416462E-05
337.6 9.609471095E-06 4.043496166E-20
337.8 0 -4.810652709E-05
338 0 -2.408292232E-05
338.2 0 2.411265432E-05
338.4 0 2.414245983E-05
338.6 0 2.417233911E-05
338.8 0 2.420229244E-05
339 0 -8.777463683E-21
339.2 0 2.426242236E-05
339.4 0 2.42925995E-05
339.6 0 2.653361148E-20
339.8 0 8.326129351E-20
340 0 -2.438358302E-05
340.2 0 1.061023403E-20
340.4 0 4.888923655E-05
340.6 0 9.790100251E-05
340.8 0 4.90119197E-05
341 0 -2.453674623E-05
341.2 0 -3.810139732E-20
341.4 0 7.379565491E-05
341.6 0 9.851828499E-05
341.8 0 2.466066919E-05
342 0 -4.938369153E-05
342.2 0 2.472310127E-05
342.4 0 9.901774398E-05
342.6 0 7.435755076E-05
342.8 0 2.481734435E-05
343 9.93956743E-06 4.969783715E-05
343.2 1.99044586E-05 4.97611465E-05
343.4 2.989477041E-05 -1.14842481E-20
343.6 3.991060026E-05 2.494412516E-05
343.8 4.995204604E-05 -2.497602302E-05
344 6.001920615E-05 -5.001600512E-05
344.2 7.011217949E-05 -2.50400641E-05
344.4 8.023106547E-05 -5.014441592E-05
344.6 9.037596401E-05 -5.020886889E-05
344.8 0.0001005469755 2.856053827E-20
345 0.000110744201 2.51691366E-05
345.2 0.0001209677419 4.00499235E-20
345.4 0.0001312177003 4.344196222E-20
345.6 0.0001414941785 3.084382361E-20
345.8 0.0001517972798 -5.059909326E-05
346 0.0001621271077 -5.066472114E-05
346.2 0.0001724837662 -2.536525974E-05
346.4 0.0001828673602 -2.539824447E-05
346.6 0.0001932779948 2.91726534E-20
346.8 0.0002037157757 5.092894394E-05
347 0.0002141808094 2.54977154E-05
347.2 0.0002246732026 2.330425946E-20
347.4 0.0002351930628 4.023583258E-20
347.6 0.000245740498 -2.559796855E-05
347.8 0.0002563156168 -2.563156168E-05
348 0.0002771846255 -2.56652431E-05
348.2 0.0002775493421 -2.210030729E-22
348.4 0.0002779150198 -2.57328722E-05
348.6 0.0002782816623 -5.153364116E-05
348.8 0.0002786492734 2.580085865E-05
349 0.0002790178571 2.583498677E-05
349.2 0.0002793874172 -2.58692053E-05
349.4 0.0002797579576 -2.590351459E-05
349.6 0.0002801294821 2.593791501E-05
349.8 0.0002701130319 5.194481383E-05
350 0.0002704727031 5.201398136E-05
350.2 0.0002708333333 7.8125E-05
350.4 0.0002607643525 5.215287049E-05
350.6 0.0002611129679 2.611129679E-05
350.8 0.0002614625167 5.229250335E-05
351 0.0002618130027 -4.014430172E-20
351.2 0.0002516778523 5.243288591E-05
351.4 0.000241515457 0.0001050067204
351.6 0.0002313257066 5.257402423E-05
351.8 0.0002211084906 -2.856878898E-21
352 0.0002108636977 -5.271592443E-05
352.2 0.0002005912162 5.278716216E-05
352.4 0.0001902909337 7.928788904E-05
352.6 0.0001799627371 5.29302168E-05
352.8 0.0001696065129 5.300203528E-05
353 0.0001592221467 7.961107337E-05
353.2 0.0001488095238 0.000106292517
353.4 0.0001383685286 5.321866485E-05
353.6 0.000127899045 -5.400892851E-21
353.8 0.0001174009563 -1.956987483E-20
354 0.0001175615595 4.010308347E-20
354.2 0.0001177226027 2.675513699E-05
354.4 0.0001071673525 -1.301598043E-20
354.6 0.0001073145604 -5.365728022E-05
354.8 9.671595598E-05 -6.651447507E-21
355 8.608815427E-05 -1.488328564E-20
355.2 8.620689655E-05 -2.693965517E-05
355.4 7.553522099E-05 -4.552231573E-21
355.6 7.563969571E-05 4.718620355E-20
355.8 6.492382271E-05 -1.985689417E-20
356 5.417822469E-05 1.386987325E-20
356.2 4.340277778E-05 -2.712673611E-05
356.4 4.346314325E-05 6.622425503E-20
356.6 4.352367688E-05 2.720229805E-05
356.8 4.358437936E-05 3.229368071E-20
357 4.36452514E-05 -5.064282317E-20
357.2 4.370629371E-05 -2.731643357E-05
357.4 4.3767507E-05 -1.962498745E-20
357.6 4.382889201E-05 2.73930575E-05
357.8 4.389044944E-05 -2.74315309E-05
358 4.395218003E-05 -5.494022504E-05
358.2 4.401408451E-05 9.627392977E-20
358.4 4.407616361E-05 -5.509520451E-05
358.6 4.413841808E-05 -5.51730226E-05
358.8 4.420084866E-05 -2.762553041E-05
359 4.426345609E-05 -5.532932011E-05
359.2 4.432624113E-05 -3.777871042E-20
359.4 4.438920455E-05 -2.774325284E-05
359.6 4.445234708E-05 -5.556543385E-05
359.8 4.451566952E-05 -2.782229345E-05
360 3.343437946E-05 -2.786198288E-05
360.2 2.232142857E-05 -2.790178571E-05
360.4 1.117668097E-05 -2.794170243E-05
360.6 0 -5.596346705E-05
360.8 0 -5.604375897E-05
361 0 -5.612428161E-05
361.2 0 2.810251799E-05
361.4 0 2.814301153E-05
361.6 0 -2.818362193E-05
361.8 0 -1.76456123E-20
362 0 -2.826519537E-05
362.2 0 -7.09888718E-20
362.4 0 8.504172714E-05
362.6 0 0.0001135537791
362.8 0 5.685953421E-05
363 0 8.541362974E-05
363.2 0 8.553832117E-05
363.4 0 3.211452241E-20
363.6 0 8.578879941E-05
363.8 0 0.0001145527859
364 0 5.736049927E-05
364.2 0 -2.872242647E-05
364.4 0 -8.629418262E-05
364.6 0 -2.880715339E-05
364.8 0 5.453020437E-21
365 0 2.889238166E-05
365.2 0 8.680555556E-05
365.4 0 0.0001159124629
365.6 0 8.706352155E-05
365.8 0 5.812872024E-05
366 0 -2.910767511E-05
366.2 0 -0.000145755597
366.4 0 -0.0001459734679
366.6 0 -0.0001169535928
366.8 0 -0.0001464111694
367 0 -0.0001173048048
367.2 0 2.937030075E-05
367.4 1.176581325E-05 5.882906627E-05
367.6 1.178355958E-05 2.945889894E-05
367.8 1.180135952E-05 -1.817282738E-20
368 1.181921331E-05 -8.864409985E-05
368.2 1.183712121E-05 -5.918560606E-05
368.4 1.185508346E-05 -8.891312595E-05
368.6 1.18731003E-05 -5.936550152E-05
368.8 1.189117199E-05 -2.972792998E-05
369 1.190929878E-05 2.977324695E-05
369.2 1.192748092E-05 2.981870229E-05
369.4 1.194571865E-05 -2.986429664E-05
369.6 1.196401225E-05 2.991003063E-05
369.8 1.198236196E-05 -1.413435824E-20
370 1.200076805E-05 3.000192012E-05
370.2 0 -6.009615385E-05
370.4 1.203775039E-05 -6.018875193E-05
370.6 1.205632716E-05 3.01408179E-05
370.8 1.207496136E-05 -3.89199034E-20
371 0 -4.547418484E-20
371.2 0 5.08817401E-21
371.4 0 1.811131414E-20
371.6 0 -3.03751944E-05
371.8 0 -9.126752336E-05
372 0 -0.0001218798752
372.2 0 -9.155273437E-05
372.4 0 -3.056533646E-05
372.6 0 3.061324451E-05
372.8 0 3.066130298E-05
373 0 -3.070951258E-05
373.2 0 -3.36116691E-21
373.4 0 3.080638801E-05
373.6 0 6.171011058E-05
373.8 0 6.180775316E-05
374 0 -9.285855784E-05
374.2 1.240079365E-05 -0.0001240079365
374.4 2.484101749E-05 -3.105127186E-05
374.6 3.732085987E-05 -3.110071656E-05
374.8 4.984051037E-05 9.345095694E-05
375 3.744009585E-05 0.0001248003195
375.2 5E-05 3.125E-05
375.4 5.008012821E-05 6.260016026E-05
375.6 5.016051364E-05 3.975901189E-20
375.8 6.280144695E-05 3.140072347E-05
376 5.032206119E-05 6.290257649E-05
376.2 6.300403226E-05 -3.150201613E-05
376.4 6.310581583E-05 2.823329681E-21
376.6 6.32079288E-05 9.48118932E-05
376.8 6.331037277E-05 6.331037277E-05
377 6.341314935E-05 -3.170657468E-05
377.2 7.62195122E-05 -6.351626016E-05
377.4 8.906758958E-05 -3.180985342E-05
377.6 8.921288744E-05 3.186174551E-05
377.8 0.000102124183 9.574142157E-05
378 8.950490998E-05 6.393207856E-05
378.2 0.0001024590164 3.201844262E-05
378.4 0.0001026272578 3.207101806E-05
378.6 0.0001027960526 -3.212376645E-05
378.8 0.0001029654036 -9.792085174E-21
379 0.0001031353135 3.222978548E-05
379.2 9.039256198E-05 6.45661157E-05
379.4 7.760761589E-05 9.700951987E-05
379.6 6.478026534E-05 0.0001295605307
379.8 3.893272425E-05 0.0001297757475
380 3.899750416E-05 -3.249792013E-05
380.2 2.604166667E-05 -9.765625E-05
380.4 5.217028381E-05 3.260642738E-05
380.6 3.919314381E-05 0.0001633047659
380.8 2.617252931E-05 6.543132328E-05
381 1.310822148E-05 -3.277055369E-05
381.2 1.31302521E-05 4.184994356E-20
381.4 1.31523569E-05 -3.575073733E-20
381.6 1.317453626E-05 3.293634064E-05
381.8 3.959037162E-05 6.59839527E-05
382 2.643824027E-05 -5.842639951E-20
382.2 3.972457627E-05 -3.310381356E-05
382.4 1.326400679E-05 -3.316001698E-05
382.6 2.657312925E-05 -6.643282313E-05
382.8 2.661839864E-05 -9.599723862E-20
383 1.333191126E-05 -6.665955631E-05
383.2 1.335470085E-05 -0.0001001602564
383.4 1.337756849E-05 3.344392123E-05
383.6 1.340051458E-05 3.350128645E-05
383.8 1.342353952E-05 -3.35588488E-05
384 1.344664372E-05 -6.723321859E-05
384.2 1.346982759E-05 -6.734913793E-05
384.4 0 -0.0001349309154
384.6 0 -0.0001689554498
384.8 0 -6.769930676E-05
385 0 3.390842014E-05
385.2 0 3.39673913E-05
385.4 0 -3.402656794E-05
385.6 0 -0.0001022578534
385.8 0 -6.829108392E-05
386 0 -3.420534151E-05
386.2 1.370614035E-05 -3.426535088E-05
386.4 2.746045694E-05 -6.950259856E-20
386.6 2.750880282E-05 -3.438600352E-05
386.8 4.133597884E-05 -6.889329806E-05
387 5.521201413E-05 1.004373377E-19
387.2 6.913716814E-05 -3.690637759E-20
387.4 8.311170213E-05 -0.0001038896277
387.6 9.713587922E-05 -6.938277087E-05
387.8 0.0001112099644 3.475311388E-05
388 0.0001253342246 -4.452085689E-20
388.2 0.0001395089286 -6.975446429E-05
388.4 0.000153734347 -6.987924866E-05
388.6 0.0001680107527 -3.500224014E-05
388.8 0.0001823384201 -2.177923054E-20
389 0.0001967176259 5.775591417E-21
389.2 0.0002111486486 3.687799053E-20
389.4 0.000225631769 3.854004837E-20
389.6 0.0002401672694 -7.501692504E-20
389.8 0.0002547554348 -4.523292412E-20
390 0.0002693965517 3.579316182E-20
390.2 0.0002840909091 5.028098362E-20
390.4 0.0002988387978 -9.164782862E-21
390.6 0.0003136405109 -4.375221986E-20
390.8 0.0003284963437 3.570612431E-05
391 0.0003434065934 3.577152015E-05
391.2 0.0003583715596 -1.910790701E-20
391.4 0.0003733915441 -1.025408954E-20
391.6 0.0003884668508 -3.596915285E-05
391.8 0.000403597786 -3.603551661E-05
392 0.000418784658 3.610212569E-05
392.2 0.0004195601852 7.233796296E-05
392.4 0.00042033859 3.623608534E-05
392.6 0.0004211198885 8.731110454E-21
392.8 0.0004219040968 3.637104283E-05
393 0.0004226912313 7.287779851E-05
393.2 0.0004234813084 3.650700935E-05
393.4 0.0004242743446 3.657537453E-05
393.6 0.000410412758 7.32879925E-05
393.8 0.0004111842105 3.671287594E-05
394 0.0004266713748 7.356403013E-05
394.2 0.0004127358491 0.0001105542453
394.4 0.0003987476371 7.384215501E-05
394.6 0.0003847064394 3.699100379E-05
394.8 0.0003854364326 3.706119545E-05
395 0.0003713165399 7.426330798E-05
395.2 0.0003571428571 0.0001116071429
395.4 0.0003429150763 0.0001118201336
395.6 0.0003286328872 7.468929254E-05
395.8 0.000314295977 7.483237548E-05
396 0.0002999040307 7.497600768E-05
396.2 0.0002854567308 7.512019231E-05
396.4 0.0002709537572 7.526493256E-05
396.6 0.0002563947876 7.541023166E-05
396.8 0.0002417794971 7.555609284E-05
397 0.0002271075581 7.570251938E-05
397.2 0.0002123786408 3.792475728E-05
397.4 0.0001975924125 3.799854086E-05
397.6 0.000182748538 0.0001142178363
397.8 0.0001678466797 0.000114440918
398 0.0001528864971 6.097502564E-21
398.2 0.0001378676471 3.829656863E-05
398.4 0.0001227897839 7.674361493E-05
398.6 0.0001076525591 -3.844734252E-05
398.8 9.24556213E-05 -3.852317554E-05
399 7.71986166E-05 -3.978233918E-20
399.2 6.188118812E-05 3.460734725E-21
399.4 4.650297619E-05 -3.875248016E-05
399.6 4.659542744E-05 -3.882952286E-05
399.8 3.112549801E-05 3.890687251E-05
400 1.559381238E-05 3.898453094E-05
400.2 0 -7.8125E-05
400.4 0 -0.0001174223447
400.6 0 -3.514548103E-20
400.8 0 -8.539348261E-20
401 0 -7.875504032E-05
401.2 0 -7.891414141E-05
401.4 0 -5.45973017E-20
401.6 0 3.961713996E-05
401.8 0 -7.93953252E-05
402 0 -0.000159114053
402.2 0 -0.0001195790816
402.4 0 -7.988241309E-05
402.6 0 -8.004610656E-05
402.8 0 -8.021047228E-05
403 0 -8.03755144E-05
403.2 0 -8.054123711E-05
403.4 0 -8.070764463E-05
403.6 0 -8.08747412E-05
403.8 0 -8.104253112E-05
404 0 -8.121101871E-05
404.2 0 -8.138020833E-05
404.4 0 -8.155010438E-05
404.6 0 -8.17207113E-05
404.8 0 -8.189203354E-05
405 0 -8.206407563E-05
405.2 0 -8.223684211E-05
405.4 0 -4.120516878E-05
405.6 0 -8.25845666E-05
405.8 0 -8.27595339E-05
406 0 -4.146762208E-05
406.2 0 -4.155585106E-05
406.4 0 -4.164445629E-05
406.6 0 -4.173344017E-05
406.8 0 -4.343520428E-20
407 0 -4.487735787E-20
407.2 0 -2.461966087E-20
407.4 0 -7.99790765E-20
407.6 0 -2.476535966E-20
407.8 0 -1.079643346E-19
408 0 -2.673427495E-20
408.2 0 3.670864865E-20
408.4 0 2.616792206E-20
408.6 0 -1.558572822E-20
408.8 0 1.350278804E-20
409 0 1.440105982E-19
409.2 0 6.354837212E-21
409.4 0 1.144621075E-19
409.6 0 -2.489398874E-20
409.8 0 2.481410399E-20
410 0 5.512118742E-20
410.2 0 -4.79222834E-21
410.4 0 8.189957013E-20
410.6 0 1.178909665E-19
410.8 0 4.618337672E-20
411 0 -1.730959974E-21
411.2 0 -1.712405316E-20
411.4 0 8.475581362E-20
411.6 0 9.978531155E-20
411.8 0 3.380058951E-20
412 0 -7.831586907E-20
412.2 0 4.049369896E-20
412.4 0 5.451669702E-20
412.6 0 3.352174884E-20
412.8 0 4.469393593E-05
413 0 8.959288991E-05
413.2 0 1.5954054E-20
413.4 0 -9.000576037E-05
413.6 0 -4.510681293E-05
413.8 0 5.18692908E-20
414 0 -3.462747244E-20
414.2 0 5.694705935E-20
414.4 0 4.552738928E-05
414.6 0 9.126752336E-05
414.8 0 9.148126464E-05
415 0 9.169600939E-05
415.2 0 9.191176471E-05
415.4 0 4.606426887E-05
415.6 0 -9.23463357E-05
415.8 0 -0.0001851303318
416 0 -9.278503563E-05
416.2 0 4.421148135E-20
416.4 0 1.115252583E-19
416.6 0 4.672547847E-05
416.8 0 9.367505995E-05
417 0 0.0001408503606
417.2 0 0.000141189759
417.4 0 4.717693237E-05
417.6 0 -1.030158135E-19
417.8 0 -4.74059466E-05
418 0 -9.504257908E-05
418.2 0 -9.527439024E-05
418.4 0 -4.775366748E-05
418.6 0 4.787071078E-05
418.8 0 0.0001439649877
419 0 0.0001443195813
419.2 0 0.0001446759259
419.4 0 0.0001450340347
419.6 0 0.0001453939206
419.8 0 0.000145755597
420 0 -6.211019703E-20
420.2 0 5.763607593E-20
420.4 0 4.895050125E-05
420.6 0 -3.325271473E-20
420.8 0 -1.519433953E-20
421 0 4.932133838E-05
421.2 0 2.131982218E-19
421.4 0 4.957170051E-05
421.6 0 9.93956743E-05
421.8 0 -4.344061122E-20
422 0 -4.995204604E-05
422.2 0 -0.0001001602564
422.4 0 -3.502142509E-20
422.6 0 0.0001006765464
422.8 0 -1.005303313E-19
423 0 -1.262115272E-19
423.2 0 0.000101461039
423.4 0 0.0001017252604
423.6 0 0.0001019908616
423.8 0 0.0001022578534
424 0 5.126312336E-05
424.2 0 5.139802632E-05
424.4 0 5.153364116E-05
424.6 0 -5.166997354E-05
424.8 0 -5.180702918E-05
425 0 5.988161474E-20
425.2 0 -2.226404032E-20
425.4 0 3.006535255E-20
425.6 0 -5.236260054E-05
425.8 0 -0.0001050067204
426 0 -0.0001052897574
426.2 0 -0.0001055743243
426.4 0 -0.0001058604336
426.6 0 -0.0001061480978
426.8 0 -0.0001064373297
427 0 -0.0001067281421
427.2 0 -0.0001070205479
427.4 0 -0.0001073145604
427.6 0 -5.380509642E-05
427.8 0 5.395372928E-05
428 0 0.0001082063712
428.2 0 5.425347222E-05
428.4 0 5.44045961E-05
428.6 0 5.455656425E-05
428.8 0 3.407174453E-20
429 0 0.0001097261236
429.2 0 0.0001100352113
429.4 0 5.51730226E-05
429.6 0 5.532932011E-05
429.8 0 1.092848753E-19
430 0 -5.564458689E-05
430.2 0 -0.0001116071429
430.4 0 -0.0001678904011
430.6 0 -5.612428161E-05
430.8 0 4.563209278E-20
431 0 1.70621356E-20
431.2 0 -5.661231884E-05
431.4 0 1.235669789E-19
431.6 0 5.694241983E-05
431.8 0 5.710891813E-05
432 0 0.0001718291789
432.2 0 0.0001148897059
432.4 0 0.0001152286136
432.6 0 5.778476331E-05
432.8 0 0.0001159124629
433 0 0.0001162574405
433.2 0 5.830223881E-05
433.4 0 -1.144238367E-19
433.6 0 3.660384203E-20
433.8 2.353162651E-05 2.445078608E-20
434 2.360271903E-05 -0.0001180135952
434.2 4.734848485E-05 -5.918560606E-05
434.4 7.123860182E-05 -5.936550152E-05
434.6 9.527439024E-05 -0.0001190929878
434.8 0.0001194571865 -0.0001194571865
435 0.0001437883436 -5.991180982E-05
435.2 0.0001682692308 6.009615385E-05
435.4 0.0001687885802 -6.02816358E-05
435.6 0.000193498452 -0.0001209365325
435.8 0.0001940993789 -6.06560559E-05
436 0.0001947040498 -0.0001825350467
436.2 0.0001953125 -0.0001831054687
436.4 0.0001959247649 -6.122648903E-05
436.6 0.0001965408805 6.141902516E-05
436.8 0.0001725157729 0.0001232255521
437 0.0001483386076 0.0001236155063
437.2 0.0001240079365 6.200396825E-05
437.4 9.952229299E-05 0.0001244028662
437.6 7.488019169E-05 0.0001872004792
437.8 5.008012821E-05 6.260016026E-05
438 2.512057878E-05 3.029305733E-20
438.2 0 -6.300403226E-05
438.4 0 -6.32079288E-05
438.6 0 -7.951111937E-20
438.8 0 -9.463432589E-20
439 0 -6.914000689E-20
439.2 0 -6.403688525E-05
439.4 0 -0.0001284950658
439.6 0 -1.644471302E-20
439.8 0 0.0001293460265
440 0 6.488787375E-05
440.2 0 -2.932497921E-19
440.4 0 -9.647050675E-20
440.6 0 -5.608675559E-20
440.8 0 -6.576178451E-05
441 0 -0.0001979518581
441.2 0 -0.0001324152542
441.4 0 2.114993255E-20
441.6 0 2.713274198E-20
441.8 0 -1.360895456E-19
442 0 6.711769759E-05
442.2 0 0.0001346982759
442.4 0 6.758217993E-05
442.6 0 -1.351174173E-19
442.8 0 -7.051508077E-20
443 0 -7.745948149E-21
443.2 0 -6.853070175E-05
443.4 0 -0.0001375440141
443.6 0 -6.901501767E-05
443.8 0 -1.834577585E-19
444 0 -1.299032295E-19
444.2 0 -1.431358463E-19
444.4 0 -8.804577059E-20
444.6 0 -1.201393535E-19
444.8 0 -0.0001410198556
445 0 -0.0002830615942
445.2 0 -0.0002840909091
445.4 0 -0.0002851277372
445.6 0 -0.0001430860806
445.8 0 -7.180606618E-05
446 0 1.342068142E-20
446.2 0 0.0001446759259
446.4 0 7.260687732E-05
446.6 0 7.287779851E-05
446.8 0 7.315074906E-05
447 0 -8.804862121E-20
447.2 0 -1.085105613E-19
447.4 0 -1.864993928E-19
447.6 0 9.392325995E-20
447.8 0 -1.124503317E-19
448 2.993295019E-05 2.519521398E-20
448.2 3.004807692E-05 7.512019231E-05
448.4 3.016409266E-05 7.541023166E-05
448.6 6.05620155E-05 7.570251938E-05
448.8 6.079766537E-05 6.550271633E-20
449 6.103515625E-05 3.667668978E-20
449.2 6.12745098E-05 2.314497573E-20
449.4 6.151574803E-05 -7.689468504E-05
449.6 6.175889328E-05 5.431182108E-20
449.8 6.200396825E-05 -6.260257475E-20
450 6.225099602E-05 -1.770184179E-19
450.2 6.25E-05 7.8125E-05
450.4 6.275100402E-05 9.964766986E-20
450.6 6.300403226E-05 -7.875504032E-05
450.8 6.325910931E-05 -1.293236608E-20
451 3.175813008E-05 -8.460423189E-20
451.2 0 -7.971938776E-05
451.4 0 -8.004610656E-05
451.6 0 -8.03755144E-05
451.8 0 -0.0001614152893
452 0 -0.0001620850622
452.2 0 -0.0001627604167
452.4 0 -8.17207113E-05
452.6 0 -8.206407563E-05
452.8 0 -8.241033755E-05
453 0 -1.05974833E-19
453.2 0 9.041359244E-20
453.4 0 1.15855286E-19
453.6 0 4.511689277E-20
453.8 0 2.401206795E-19
454 0 1.872154485E-19
454.2 0 1.485730795E-19
454.4 0 -5.546988927E-20
454.6 0 2.118659801E-19
454.8 0 2.664744632E-19
455 0 1.251448069E-19
455.2 0 -3.760985824E-20
455.4 0 6.045617875E-21
455.6 0 3.060990205E-19
455.8 0 2.527926486E-19
456 0 0.0001767533937
456.2 0 0.0002663352273
456.4 0 0.0001783675799
456.6 0 4.218263057E-19
456.8 0 -0.0002700172811
457 0 -0.0001808449074
457.2 0 -9.084302326E-05
457.4 0 -9.126752336E-05
457.6 0 -5.764217017E-20
457.8 0 -5.626046172E-21
458 0 1.634150598E-19
458.2 0 1.931622043E-19
458.4 0 2.717262149E-19
458.6 0 1.15337801E-19
458.8 0 7.652674756E-20
459 0 1.71959305E-20
459.2 0 -8.984560559E-20
459.4 0 1.834318629E-20
459.6 0 5.325702162E-20
459.8 0 1.143490897E-19
460 0 2.257701912E-19
460.2 0 9.765625E-05
460.4 0 0.0001962939698
460.6 0 0.0001972853535
460.8 0 0.000297430203
461 0 0.0002989477041
461.2 0 0.0002003205128
461.4 0 4.008822377E-20
461.6 0 -0.0002023963731
461.8 0 -0.0001017252604
462 0 1.230680241E-19
462.2 0 -0.0001027960526
462.4 0 -0.0002066798942
462.6 0 -0.0001038896277
462.8 0 -2.510051039E-20
463 0 0.0002100134409
463.2 0 0.0002111486486
463.4 0 3.788040434E-19
463.6 0 -0.0002134562842
463.8 0 -0.0003219436813
464 0 -0.0002158149171
464.2 0 -0.0001085069444
464.4 0 -0.0001091131285
464.6 0 -1.402764263E-19
464.8 0 0.0001103460452
465 0 0.0001109730114
465.2 0 0.0001116071429
465.4 0 1.666159143E-20
465.6 0 -0.0001128973988
465.8 0 -0.0002271075581
466 0 -0.0001142178363
466.2 0 0.0001148897059
466.4 0 0.0002311390533
466.6 0 0.000232514881
466.8 0 0.0001169535928
467 0 -1.175765016E-19
467.2 0 -9.694009511E-20
467.4 0 5.468563758E-21
467.6 0 2.241469773E-19
467.8 0 1.59623673E-19
468 0 7.455123359E-20
468.2 0 2.233851082E-19
468.4 0 2.307217896E-19
468.6 0 -1.376326215E-19
468.8 0 -1.241678832E-19
469 0 8.219791404E-20
469.2 0 5.672792407E-20
469.4 0 -1.10589697E-19
469.6 0 0.0001276552288
469.8 0 0.0001284950658
470 5.17384106E-05 -1.07521326E-20
470.2 0.0001041666667 -1.110225361E-19
470.4 0.0001572986577 -1.893325211E-20
470.6 0.0001583614865 -1.709027034E-19
470.8 0.0001594387755 -1.869090224E-20
471 0.0001605308219 3.82217498E-20
471.2 0.000161637931 -4.250395213E-19
471.4 0.0001627604167 -1.844669683E-19
471.6 0.0001638986014 -0.0001365821678
471.8 0.0001650528169 -0.0001375440141
472 0.0001108156028 2.466458218E-19
472.2 5.580357143E-05 -2.147850546E-19
472.4 0 -5.054693626E-19
472.6 0 -4.746366297E-20
472.8 0 1.182661132E-19
473 0 7.698402419E-20
473.2 0 -1.335194689E-19
473.4 0 -1.535871159E-19
473.6 0 -1.7416736E-19
473.8 0 2.556964393E-19
474 0 3.545856073E-19
474.2 0 -8.118895106E-20
474.4 0 2.468422154E-19
474.6 0 3.326057958E-19
474.8 0 -0.0001537893701
475 0 -0.0003100198413
475.2 0 -0.0003125
475.4 0 -0.0001575100806
475.6 0 -1.904629698E-19
475.8 0 -7.666804943E-20
476 0 1.032661794E-19
476.2 0 2.269669069E-19
476.4 0 1.446550536E-19
476.6 0 -2.706818858E-19
476.8 0 -2.659719019E-19
477 0 -4.157237E-19
477.2 0 -1.341324468E-19
477.4 0 -1.241574748E-19
477.6 0 -2.018795849E-19
477.8 0 -9.288633804E-20
478 0 7.670870495E-20
478.2 0 -2.615368358E-19
478.4 0 -1.179028314E-19
478.6 0 -4.227982783E-20
478.8 0 -3.82816198E-19
479 0 -3.124037194E-19
479.2 0 1.091019966E-19
479.4 0 8.065295578E-20
479.6 0 -4.420974172E-20
479.8 0 -1.311980428E-19
480 0 -3.076631113E-19
480.2 0 0.0001953125
480.4 0 0.0003945707071
480.6 0 -1.801452555E-19
480.8 0 -0.0004027061856
481 0 1.423169521E-20
481.2 0 0.0004111842105
481.4 0 0.0002077792553
481.6 0 -5.892115591E-19
481.8 0 -5.39268541E-19
482 0 -0.0002146291209
482.2 0 -0.0004340277778
482.4 0 -0.0002194522472
482.6 0 0.0002219460227
482.8 0 0.0004489942529
483 0 0.0002271075581
483.2 0 -4.617079528E-19
483.4 0 -7.540980294E-19
483.6 0 8.033105857E-20
483.8 0 2.983076987E-19
484 0 -6.52801577E-19
484.2 0 -3.083717069E-19
484.4 0 -4.005372548E-19
484.6 0 -3.824321356E-19
484.8 0 3.476236027E-19
485 0 -2.880212312E-19
485.2 0 -2.82013891E-20
485.4 0 -3.452938801E-19
485.6 0 -1.667204433E-19
485.8 0 -1.376217908E-19
486 0 -4.377682652E-19
486.2 0 -4.149674348E-19
486.4 0 -1.829008935E-19
486.6 0 8.084046799E-20
486.8 0 2.435122249E-19
487 0 8.458023371E-19
487.2 0 2.026832387E-19
487.4 0 -0.0003051757813
487.6 0 -0.0006200396825
487.8 0 -0.0003150201613
488 0 5.064670967E-19
488.2 0 3.234118762E-19
488.4 0 0.0003310381356
488.6 0 0.0006734913793
488.8 0 0.0003426535088
489 0 3.714525035E-19
489.2 0 6.575682964E-19
489.4 0 2.274705077E-19
489.6 0 -0.0003685141509
489.8 0 -0.0003756009615
490 0 0.0003829656863
490.2 0 0.000390625
490.4 0 -5.242197299E-19
490.6 0 4.596364702E-19
490.8 0 -8.175672317E-20
491 0 -6.894288496E-19
491.2 0 -3.449557954E-19
491.4 0 7.674897478E-19
491.6 0 -1.207841145E-18
491.8 0 -2.074673199E-18
492 0 -4.249025953E-19
492.2 0 1.25226631E-18
492.4 0 1.562412626E-19
492.6 0 8.00573617E-19
492.8 0 7.145745616E-20
493 0 -8.828031651E-19
493.2 0 3.396770545E-19
493.4 0 7.853542559E-19
493.6 0 1.006903173E-20
493.8 0 -8.719191545E-19
494 0 -3.621726037E-19
494.2 0 -1.216224354E-18
494.4 0 -5.858647011E-19
494.6 0 3.562476842E-19
494.8 0 1.016061566E-18
495 0 -3.767811538E-19
495.2 0 8.358434591E-19
495.4 0 1.053503437E-18
495.6 0 2.104701165E-18
495.8 0 3.15111712E-18
496 0 9.018511984E-19
496.2 0 -1.299824658E-18
496.4 0 1.592497314E-18
496.6 0 -0.001085069444
496.8 0 -0.002297794118
497 0 -0.001220703125
497.2 0 1.389182158E-18
497.4 0 7.485765436E-20
497.6 0 1.965367677E-18
497.8 0 9.050819664E-19
498 0 4.8644019E-19
498.2 0 1.963199394E-18
498.4 0 1.110016947E-18
498.6 0 1.167197745E-18
498.8 0 6.234550413E-19
499 0 -1.129456907E-18
499.2 0 8.73295642E-18
499.4 0 -4.125777674E-18
499.6 0 -1.851835127E-17
499.8 0 -2.368049728E-18
500 0 1.068628371E-17
