0 0.007318947421 -9.371251499E-05
0.2 0.00648125 0.0013671875
0.4 0.006086809724 0.0005705407163
0.6 0.005729583667 0.0004222127702
0.8 0.005415874049 0.0001251501802
1 0.005170773237 0.0002112755409
1.2 0.004919213427 0.0002896417836
1.4 0.004692512029 0.0002427701484
1.6 0.004459361211 0.0004073906939
1.8 0.004269913724 0.0003997165931
2 0.00407404155 0.0002509032517
2.2 0.003918800201 0.0002039407631
2.4 0.003760295299 0.0002040226999
2.6 0.003601662982 0.0001648537982
2.8 0.003455468436 0.000133506735
3 0.003296585881 0.0001885559131
3.2 0.003140719316 0.0001964914487
3.4 0.002975291868 0.0001965705515
3.6 0.00283175594 5.506192106E-05
3.8 0.002729023973 1.573831587E-05
4 0.002597868803 0.0001495742644
4.2 0.002482358871 0.0002205141129
4.4 0.002360452804 0.0001654522993
4.6 0.00224160109 6.305488297E-05
4.8 0.002138423496 0.0001498158054
5 0.002044628433 5.521758885E-05
5.2 0.001963383838 -4.734848485E-05
5.4 0.001885231407 8.684064268E-05
5.6 0.001794379296 7.897796199E-05
5.8 0.001703453681 2.37029733E-05
6 0.001628262849 2.371256576E-05
6.2 0.001549848178 1.581477733E-05
6.4 0.001458713042 -2.3731774E-05
6.6 0.00139599372 7.913796596E-06
6.8 0.001326889947 0.0001266720713
7 0.001251393958 0.0001108830089
7.2 0.001194852941 9.50811359E-05
7.4 0.001131924716 0.0001030463677
7.6 0.001068945392 1.585972391E-05
7.8 0.001018607839 -8.726391145E-05
8 0.0009809274685 -8.729937017E-05
8.2 0.0009559197154 5.641377158E-21
8.4 0.0009277145181 7.942761285E-06
8.6 0.000896307974 -7.945992677E-06
8.8 0.0008712352462 -1.58984534E-05
9 0.0008302371743 2.385739007E-05
9.2 0.0008019348269 -7.955702648E-06
9.4 0.0007640586797 -0.0001353020579
9.6 0.000745260905 -0.000151281594
9.8 0.0007168892741 -6.372349103E-05
10 0.000682119543 -3.1874745E-05
10.2 0.0006600765306 -0.0001036352041
10.4 0.0006316353614 -7.177674561E-05
10.6 0.0006063623366 -7.978451797E-05
10.8 0.0005938393952 -0.0001037622599
11 0.0005749182339 -0.000135744583
11.2 0.0005527862986 -0.0001118353783
11.4 0.0005210464403 -7.192358838E-05
11.6 0.000508468072 -0.0001199217151
11.8 0.0004830825143 -0.0001199708231
12 0.0004704782876 -0.0001840306227
12.2 0.000464267418 -0.0001761014344
12.4 0.0004516451415 -0.0001201183887
12.6 0.0004486259229 -8.812294914E-05
12.8 0.0004327810833 -0.0001041880386
13 0.0004233374384 -0.0001763905993
13.2 0.0004042607803 -0.0001523998973
13.4 0.000385168447 -0.0001203651397
13.6 0.0003692714755 -7.224876695E-05
13.8 0.0003565738076 -7.227847451E-05
14 0.0003470793912 -8.034245167E-05
14.2 0.0003343621399 2.411265432E-05
14.4 0.0003248507616 -1.608172087E-05
14.6 0.0003185492175 -7.239754942E-05
14.8 0.0003090234858 -6.437989287E-05
15 0.0003059305441 -8.855884171E-05
15.2 0.0002963917526 -3.221649485E-05
15.4 0.0002932910479 8.05744637E-06
15.6 0.0002837391663 -4.836463062E-05
15.8 0.0002838563171 -8.064099917E-05
16 0.000287200537 -5.64720157E-05
16.2 0.0002905475207 -4.035382231E-05
16.4 0.0002874379909 1.614820174E-05
16.6 0.0002681710091 2.42323201E-05
16.8 0.00025535271 -1.616156392E-05
17 0.000239290149 -4.042063328E-05
17.2 0.0002329192547 -8.08747412E-05
17.4 0.0002200704225 -0.0001294531897
17.6 0.0002104486117 -0.0001376010153
17.8 0.0002040578358 -0.0001133654643
18 0.0001976617586 -0.0001296142679
18.2 0.0001880186722 -0.0001134595436
18.4 0.0001816106268 -0.0001378294936
18.6 0.0001784416528 -0.0001622196844
18.8 0.0001752700457 -0.0001054866016
19 0.0001720958022 -0.0001136481712
19.2 0.0001721673597 -0.0001299376299
19.4 0.0001624896007 -8.124480033E-05
19.6 0.0001593060757 -4.876716604E-05
19.8 0.0001561199001 -0.0001544936511
20 0.0001529310704 -0.0001870965223
20.2 0.0001497395833 -0.0001383463542
20.4 0.0001465454356 -0.0001465454356
20.6 0.0001466065471 -0.0001384617389
20.8 0.0001434084272 -0.0001059266792
21 0.0001402076377 -0.0001141224958
21.2 0.0001370041754 -0.0001467901879
21.4 0.0001370614035 -0.0001223762531
21.6 0.0001371186795 -0.0001061037401
21.8 0.0001371760033 -6.532190635E-05
22 0.0001372333752 -5.718057298E-05
22.2 0.000137290795 -4.903242678E-05
22.4 0.0001373482629 -8.175491838E-06
22.6 0.0001341342127 -4.089457705E-05
22.8 0.0001341904064 -4.909405111E-05
23 0.0001309723386 3.926029661E-21
23.2 0.0001277515723 -3.275681342E-05
23.4 0.000124528104 -2.457791527E-05
23.6 0.0001213019303 -8.196076374E-06
23.8 0.0001180730479 -4.099758606E-05
24 0.0001148414532 -1.640592188E-05
24.2 0.0001116071429 -8.206407563E-06
24.4 0.0001083701135 5.833454312E-21
24.6 0.0001051303616 -1.642661901E-05
24.8 0.0001018878839 -4.108382415E-05
25 9.864267677E-05 -8.220223064E-06
25.2 9.539473684E-05 -2.467105263E-05
25.4 9.214406066E-05 -8.227148273E-06
25.6 8.889064475E-05 1.646123051E-05
25.8 8.563448567E-05 -1.646817032E-05
26 8.567060312E-05 -1.647511598E-05
26.2 8.241033755E-05 -4.120516878E-05
26.4 7.914731954E-05 -6.595609962E-05
26.6 7.588154561E-05 -2.474398226E-05
26.8 7.261301225E-05 -8.251478665E-06
27 6.934171598E-05 -1.650993238E-05
27.2 6.606765328E-05 -8.25845666E-06
27.4 6.279082064E-05 -3.304780034E-05
27.6 5.620503597E-05 -8.265446466E-06
27.8 5.292125318E-05 5.788262066E-05
28 5.294366794E-05 0.0001075418255
28.2 4.965572034E-05 4.965572034E-05
28.4 4.967676982E-05 -2.483838491E-05
28.6 4.969783715E-05 8.282972858E-06
28.8 4.971892236E-05 8.28648706E-06
29 4.974002547E-05 -8.290004244E-06
29.2 4.644373673E-05 8.293524416E-06
29.4 4.314464741E-05 -2.489114274E-05
29.6 3.984275393E-05 -2.490172121E-05
29.8 3.653805272E-05 -1.660820578E-05
30 3.32305402E-05 -2.492290515E-05
30.2 3.324468085E-05 2.493351064E-05
30.4 2.993295019E-05 -0
30.6 2.994569847E-05 8.318249574E-06
30.8 2.995845761E-05 3.328717512E-05
31 2.997122762E-05 -1.665068201E-05
31.2 2.665245203E-05 -4.164445629E-05
31.4 2.999680034E-05 -3.547426448E-21
31.6 2.667520273E-05 1.667200171E-05
31.8 2.668659266E-05 -8.339560205E-06
32 3.003524135E-05 -8.343122597E-06
32.2 3.338675214E-05 -4.173344017E-05
32.4 4.00812313E-05 -5.010153912E-05
32.6 4.009837468E-05 8.353828058E-06
32.8 4.34584938E-05 4.178701326E-05
33 4.682148973E-05 7.524882277E-05
33.2 5.018736617E-05 9.201017131E-05
33.4 5.355612682E-05 5.857701371E-05
33.6 5.69277754E-05 5.023039006E-05
33.8 5.360205832E-05 -1.675064322E-05
34 5.697661948E-05 -4.189457314E-05
34.2 5.700107296E-05 8.38251073E-06
34.4 6.037999141E-05 1.677221984E-05
34.6 5.705004296E-05 1.67794244E-05
34.8 5.707455952E-05 -5.963810833E-21
35 6.045786758E-05 8.396926053E-06
35.2 6.384408602E-05 8.400537634E-06
35.4 6.723321859E-05 -8.404152324E-06
35.6 6.389905295E-05 4.203885062E-05
35.8 6.05620155E-05 5.88797373E-05
36 6.395411461E-05 8.41501508E-06
36.2 7.408405172E-05 -8.418642241E-06
36.4 7.411599828E-05 3.368909013E-05
36.6 7.751833477E-05 -1.79608988E-21
36.8 8.766724212E-05 -4.214771256E-05
37 9.445164076E-05 -5.059909326E-05
37.2 0.0001046166307 -4.218412527E-05
37.4 0.000104661841 2.532141314E-05
37.6 0.0001047070904 5.910884133E-05
37.8 0.0001081314879 4.223886246E-05
38 0.000111558849 8.451427953E-06
38.2 0.0001149891775 -6.764069264E-05
38.4 0.0001218059766 -4.229374188E-05
38.6 0.0001286286828 2.538724003E-05
38.8 0.0001354573039 1.693216298E-05
39 0.0001422918474 2.540925846E-05
39.2 0.000152521692 8.473427332E-06
39.4 0.0001593695747 3.390842014E-05
39.6 0.0001662234043 5.088471559E-05
39.8 0.0001764769765 5.090682016E-05
40 0.0001799489352 3.395262929E-05
40.2 0.0001936141304 -8.491847826E-06
40.4 0.0001970965637 -3.398216616E-05
40.6 0.0002073814186 -4.249619234E-05
40.8 0.0002108728777 -3.401175446E-05
41 0.0002211726916 -2.551992596E-05
41.2 0.000228077342 -3.404139434E-05
41.4 0.0002315823888 -4.257029207E-05
41.6 0.0002316833842 -3.407108591E-05
41.8 0.0002351930628 -5.965041449E-05
42 0.0002352957224 -5.1151244E-05
42.2 0.0002353984716 -8.528930131E-06
42.4 0.0002355013106 1.212563373E-20
42.6 0.0002356042395 -1.707277098E-05
42.8 0.000228875164 -2.562035418E-05
43 0.0002255577428 -8.543853893E-05
43.2 0.0002222374179 -8.547592998E-05
43.4 0.0002189141856 -5.985934764E-05
43.6 0.0002190100745 -6.844064827E-05
43.8 0.0002156825153 -2.567648992E-05
44 0.0002123520386 6.084080582E-21
44.2 0.0002090186404 -2.569901316E-05
44.4 0.0002091103554 -4.285048267E-05
44.6 0.0002057726076 -6.001701054E-05
44.8 0.000202431928 -6.004336847E-05
45 0.0001990883128 8.581392794E-06
45.2 0.0001957417582 -1.220025302E-20
45.4 0.0001992634125 -3.435576077E-05
45.6 0.0001993510779 -2.577815662E-05
45.8 0.0001994388204 -2.578950264E-05
46 0.0001926464113 -1.720057244E-05
46.2 0.0001824063877 -4.302037445E-05
46.4 0.0001824867783 -6.025506831E-05
46.6 0.0001756779101 -3.444664903E-05
46.8 0.0001688630348 1.723092192E-05
47 0.0001620421447 2.585778906E-05
47.2 0.0001552152318 1.724613687E-05
47.4 0.0001552837898 2.588063163E-05
47.6 0.0001484478568 -7.665592028E-21
47.8 0.0001450596817 -1.726900973E-05
48 0.0001416685095 -4.319161875E-05
48.2 0.0001417311947 -4.321073009E-05
48.4 0.0001383355467 -4.322985834E-05
48.6 0.0001349368911 -6.054860496E-05
48.8 0.000134996677 -1.730726628E-05
49 0.0001315935284 -8.657468972E-06
49.2 0.0001281873614 -4.330654102E-05
49.4 0.0001317102928 -2.599545253E-05
49.6 0.000128301154 -2.600699068E-05
49.8 0.0001248889876 -2.601853908E-05
50 0.0001214737894 -2.603009773E-05
50.2 0.0001180555556 -5.208333333E-05
50.4 0.000118108048 -4.342207648E-05
50.6 0.0001146852758 -3.475311388E-05
50.8 0.0001147363151 -1.738429016E-05
51 0.0001113089938 -1.739203028E-05
51.2 0.0001113585746 -2.609966592E-05
51.4 0.0001148897059 3.123262583E-23
51.6 0.0001149409273 -8.70764601E-06
51.8 0.0001149921945 5.141402618E-22
52 0.0001150435074 2.614625167E-05
52.2 0.0001150948661 3.487723214E-05
52.4 0.0001151462707 1.744640464E-05
52.6 0.0001186885612 4.363550045E-05
52.8 0.0001187416182 6.111700939E-05
53 0.0001222886852 3.493962433E-05
53.2 0.0001258389262 1.747762864E-05
53.4 0.0001258952551 1.74854521E-05
53.6 0.0001224529781 1.749328258E-05
53.8 0.0001190076165 -8.750560036E-06
54 0.0001190609592 -8.754482295E-06
54.2 0.0001191143498 8.758408072E-06
54.4 0.0001226727232 -8.762337371E-06
54.6 0.0001227277828 -8.766270197E-06
54.8 0.0001192748092 8.770206556E-06
55 0.0001158187332 8.774146451E-06
55.2 0.0001123595506 -1.755617978E-05
55.4 0.0001053844424 -4.391018435E-05
55.6 9.840305893E-05 -1.427737428E-20
55.8 9.844734473E-05 2.636982448E-05
56 9.849167042E-05 8.793899145E-06
56.2 9.853603604E-05 8.79786036E-06
56.4 9.505971158E-05 2.640547544E-05
56.6 9.158025248E-05 3.522317403E-05
56.8 8.809765449E-05 2.642929635E-05
57 8.461191336E-05 2.644122292E-05
57.2 7.759593679E-05 1.763544018E-05
57.4 7.410230352E-05 1.588573683E-21
57.6 7.060551288E-05 2.647706733E-05
57.8 6.004181736E-05 1.765935805E-05
58 5.65355043E-05 -4.416836273E-05
58.2 5.656108597E-05 -7.070135747E-05
58.4 6.012335899E-05 -3.536668176E-05
58.6 6.015058877E-05 4.422837409E-05
58.8 6.017784323E-05 5.309809696E-05
59 6.374660018E-05 -8.85369447E-06
59.2 6.02324263E-05 8.857709751E-06
59.4 6.025975499E-05 8.861728675E-06
59.6 6.028710849E-05 -2.659725374E-05
59.8 6.031448683E-05 1.575588988E-21
60 6.034189005E-05 2.662142208E-05
60.2 6.036931818E-05 3.551136364E-05
60.4 6.394952251E-05 -8.881878126E-06
60.6 6.753298453E-05 -1.777183803E-05
60.8 7.111970869E-05 -1.777992717E-05
61 7.470969945E-05 1.778802368E-05
61.2 7.830296128E-05 7.118451025E-05
61.4 7.833865087E-05 -1.780423883E-05
61.6 8.549931601E-05 -3.5624715E-05
61.8 9.26665146E-05 1.782048358E-05
62 9.627453218E-05 1.782861707E-05
62.2 9.631849315E-05 -8.918378995E-06
62.4 9.993147556E-05 8.922453175E-06
62.6 9.997714808E-05 3.570612431E-05
62.8 9.645061728E-05 -1.786122542E-05
63 9.649473925E-05 -3.573879231E-05
63.2 9.65389016E-05 -3.575514874E-05
63.4 9.65831044E-05 -3.577152015E-05
63.6 9.304855703E-05 -1.789395328E-05
63.8 8.593033914E-05 -3.580430797E-05
64 8.238766621E-05 -2.686554333E-05
64.2 7.884174312E-05 -1.791857798E-05
64.4 7.887792565E-05 -4.481700321E-05
64.6 7.891414141E-05 -8.96751607E-06
64.8 7.536173633E-05 2.691490583E-05
65 7.180606618E-05 8.975758272E-06
65.2 6.106321839E-05 8.979885057E-06
65.4 5.749770009E-05 -2.695204692E-05
65.6 5.033364013E-05 -2.696445007E-05
65.8 4.675989871E-05 8.992288214E-06
66 3.958429295E-05 -8.996430216E-06
66.2 3.960253456E-05 -1.800115207E-05
66.4 3.601890272E-05 -9.00472568E-06
66.6 3.603551661E-05 1.80177583E-05
66.8 3.605214582E-05 1.802607291E-05
67 3.967566944E-05 -1.80343952E-05
67.2 4.330254042E-05 -4.510681293E-05
67.4 4.332255083E-05 -5.415318854E-05
67.6 3.97306981E-05 -4.514852057E-05
67.8 3.613552266E-05 -9.033880666E-06
68 3.615224433E-05 9.038061083E-06
68.2 3.616898148E-05 5.425347222E-05
68.4 3.618573414E-05 5.42786012E-05
68.6 3.620250232E-05 2.715187674E-05
68.8 3.259735744E-05 2.716446453E-05
69 3.261247681E-05 -9.059021336E-06
69.2 3.625290023E-05 -2.718967517E-05
69.4 3.626973073E-05 -1.813486537E-05
69.6 3.628657687E-05 9.071644217E-06
69.8 3.630343866E-05 1.815171933E-05
70 3.632031613E-05 -9.080079033E-06
70.2 3.63372093E-05 3.227392513E-21
70.4 3.635411819E-05 1.81770591E-05
70.6 4.000814711E-05 1.818552142E-05
70.8 4.002678156E-05 1.819399162E-05
71 4.004543336E-05 2.730370457E-05
71.2 4.006410256E-05 4.552738928E-05
71.4 4.008278918E-05 6.376807369E-05
71.6 4.010149323E-05 8.202578161E-05
71.8 3.64729225E-05 3.64729225E-05
72 3.648995796E-05 1.824497898E-05
72.2 3.285630841E-05 7.301401869E-05
72.4 2.921926134E-05 1.826203834E-05
72.6 2.923292797E-05 9.135289991E-06
72.8 2.559078147E-05 5.483738886E-05
73 2.560276217E-05 -1.828768727E-05
73.2 2.56147541E-05 -1.829625293E-05
73.4 2.196579194E-05 1.830482662E-05
73.6 1.831340835E-05 -1.831340835E-05
73.8 1.832199812E-05 -3.664399625E-05
74 1.833059596E-05 -9.165297982E-06
74.2 1.833920188E-05 1.559664368E-20
74.4 1.834781588E-05 -2.752172381E-05
74.6 1.835643797E-05 -5.506931391E-05
74.8 2.203808181E-05 -5.509520451E-05
75 2.204844779E-05 -3.674741298E-05
75.2 1.838235294E-05 -2.757352941E-05
75.4 1.839100753E-05 -2.75865113E-05
75.6 1.471973622E-05 -9.199835139E-06
75.8 7.363336475E-06 9.204170594E-06
76 3.683404055E-06 9.208510137E-06
76.2 0 -1.842570755E-05
76.4 0 1.1686056E-20
76.6 0 -9.221553352E-06
76.8 0 -2.767772792E-05
77 3.69210775E-06 -1.846053875E-05
77.2 7.387706856E-06 -2.770390071E-05
77.4 7.391201514E-06 -9.239001892E-06
77.6 1.109204922E-05 -2.773012305E-05
77.8 1.479640152E-05 -3.699100379E-05
78 1.850426338E-05 -1.850426338E-05
78.2 2.221563981E-05 9.256516588E-06
78.4 2.59305358E-05 9.260905642E-06
78.6 2.594283681E-05 -1.853059772E-05
78.8 2.2247271E-05 1.85393925E-05
79 2.225783476E-05 4.637048908E-05
79.2 2.597980998E-05 2.783551069E-05
79.4 2.970532319E-05 1.8565827E-05
79.6 2.971944841E-05 1.857465525E-05
79.8 2.973358706E-05 3.716698382E-05
80 2.974773917E-05 2.788850547E-05
80.2 2.976190476E-05 -2.790178571E-05
80.4 2.977608385E-05 -3.722010481E-05
80.6 2.979027645E-05 9.309461392E-06
80.8 2.980448259E-05 4.656950405E-05
81 2.981870229E-05 1.863668893E-05
81.2 2.983293556E-05 1.163473871E-20
81.4 2.984718243E-05 6.62740583E-21
81.6 2.98614429E-05 -9.331700908E-06
81.8 2.987571702E-05 -1.867232314E-05
82 2.989000478E-05 1.868125299E-05
82.2 2.990430622E-05 5.607057416E-05
82.4 2.991862135E-05 3.739827669E-05
82.6 3.367456897E-05 3.741618774E-05
82.8 3.369070436E-05 2.807558697E-05
83 2.996164909E-05 -9.36301534E-06
83.2 2.997601918E-05 1.873501199E-05
83.4 2.999040307E-05 3.748800384E-05
83.6 3.000480077E-05 -9.37650024E-06
83.8 3.00192123E-05 -9.381003842E-06
84 3.003363767E-05 -9.385511773E-06
84.2 3.004807692E-05 -9.390024038E-06
84.4 2.63047138E-05 -9.394540645E-06
84.6 2.255774783E-05 -9.399061598E-06
84.8 1.880717381E-05 2.821076071E-05
85 1.505298651E-05 4.704058285E-05
85.2 1.129518072E-05 1.88253012E-05
85.4 7.533751205E-06 -2.825156702E-05
85.6 7.537385432E-06 -2.826519537E-05
85.8 7.541023166E-06 -9.426278958E-06
86 3.772332207E-06 9.430830517E-06
86.2 0 1.887077295E-05
86.4 3.775978734E-06 9.439946834E-06
86.6 7.555609284E-06 -9.444511605E-06
86.8 1.133889695E-05 -4.724540397E-05
87 1.512584705E-05 -3.781461762E-05
87.2 1.513317191E-05 -9.458232446E-06
87.4 1.514050388E-05 -9.462814922E-06
87.6 1.514784295E-05 -9.467401842E-06
87.8 1.515518914E-05 9.47199321E-06
88 1.516254246E-05 5.685953421E-05
88.2 1.516990291E-05 2.844356796E-05
88.4 1.517727052E-05 -3.79431763E-05
88.6 1.518464529E-05 -2.847120991E-05
88.8 1.519202722E-05 -3.798006806E-05
89 1.519941634E-05 -2.849890564E-05
89.2 1.520681265E-05 4.671643745E-21
89.4 1.90177702E-05 1.90177702E-05
89.6 2.283244033E-05 1.902703361E-05
89.8 2.665082846E-05 -1.903630604E-05
90 3.047294003E-05 9.522793759E-06
90.2 3.048780488E-05 9.527439024E-06
90.4 3.81283553E-05 -4.766044412E-05
90.6 4.577636719E-05 -4.768371582E-05
90.8 4.961529067E-05 -2.862420616E-05
91 5.345796676E-05 -9.546065494E-06
91.2 5.348410758E-05 -1.910146699E-05
91.4 5.351027397E-05 -9.555406067E-06
91.6 5.736049927E-05 -9.489461529E-21
91.8 5.738858962E-05 -1.041131239E-20
92 6.1244488E-05 2.870835375E-05
92.2 6.12745098E-05 9.574142157E-06
92.4 6.130456106E-05 -9.578837666E-06
92.6 6.133464181E-05 1.916707556E-05
92.8 6.136475209E-05 9.588242514E-06
93 6.139489194E-05 1.918590373E-05
93.2 6.142506143E-05 2.144908515E-20
93.4 6.913716814E-05 -9.602384464E-06
93.6 6.91711756E-05 7.685686178E-05
93.8 6.920521654E-05 6.728284941E-05
94 6.923929099E-05 1.923313639E-05
94.2 6.927339901E-05 -9.621305419E-06
94.4 7.700837851E-05 9.626047314E-06
94.6 8.089866864E-05 4.815396943E-05
94.8 8.479279724E-05 2.890663542E-05
95 9.254689042E-05 4.820150543E-05
95.2 9.645061728E-05 5.787037037E-05
95.4 0.0001003582016 3.85993083E-05
95.6 0.000104269649 5.79275828E-05
95.8 0.0001043212166 6.761560336E-05
96 0.0001043728352 3.865660564E-05
96.2 0.0001082920792 2.900680693E-05
96.4 0.0001122152055 7.738979693E-05
96.6 0.0001122708127 5.807111001E-05
96.8 0.000112326475 1.936663361E-05
97 0.0001085069444 4.84406002E-05
97.2 0.0001124379653 5.815756824E-05
97.4 0.0001086146971 2.909322244E-05
97.6 0.0001086686538 -5.821535022E-05
97.8 0.000108722664 -0.0001067811879
98 0.0001048918449 -6.7985455E-05
98.2 9.717039801E-05 6.741889299E-21
98.4 9.721876556E-05 1.944375311E-05
98.6 9.337649402E-05 3.890687251E-05
98.8 9.342301943E-05 2.919469357E-05
99 9.736415753E-05 1.91275086E-20
99.2 9.351620948E-05 6.97044442E-23
99.4 8.966442116E-05 9.746132735E-06
99.6 8.970918622E-05 4.875499251E-05
99.8 8.585164835E-05 4.877934565E-05
100 7.808595702E-05 6.832521239E-05
100.2 7.03125E-05 4.8828125E-05
100.4 6.253126563E-05 8.8933353E-21
100.6 5.86524024E-05 9.7754004E-06
100.8 5.868177266E-05 1.956059089E-05
101 5.479709419E-05 4.892597695E-05
101.2 5.48245614E-05 4.895050125E-05
101.4 5.093405216E-05 -9.79501003E-06
101.6 5.095960863E-05 -9.799924737E-06
101.8 5.098519076E-05 3.921937751E-05
102 5.101079859E-05 -2.942930688E-05
102.2 4.711055276E-05 -2.944409548E-05
102.4 4.320638512E-05 9.819632981E-06
102.6 3.929828974E-05 -9.824572435E-06
102.8 3.538626069E-05 -2.008776855E-20
103 3.147029204E-05 -1.491046573E-21
103.2 2.755037783E-05 3.935768262E-05
103.4 2.756426411E-05 9.84438004E-06
103.6 2.75781644E-05 -2.954803328E-05
103.8 2.759207871E-05 1.970862765E-05
104 2.366229177E-05 2.957786471E-05
104.2 1.972853535E-05 9.864267677E-06
104.4 1.579080344E-05 2.960775644E-05
104.6 1.184908999E-05 9.874241658E-06
104.8 1.185508346E-05 -1.975847243E-05
105 7.907388664E-06 -1.976847166E-05
105.2 3.955696203E-06 6.610326967E-21
105.4 3.957700101E-06 2.968275076E-05
105.6 3.959706031E-06 1.979853016E-05
105.8 0 -4.318242458E-20
106 0 1.981861999E-05
106.2 0 -1.98286802E-05
106.4 3.967750127E-06 -4.959687659E-05
106.6 7.93953252E-06 -3.96976626E-05
106.8 1.191535333E-05 -5.957676665E-05
107 1.192141404E-05 -1.98690234E-05
107.2 1.192748092E-05 -1.987913486E-05
107.4 1.193355397E-05 -1.988925662E-05
107.6 1.193963321E-05 -3.979877738E-05
107.8 1.592762487E-05 -2.986429664E-05
108 1.593574707E-05 -9.959841917E-06
108.2 1.594387755E-05 -3.985969388E-05
108.4 1.595201633E-05 -1.994002042E-05
108.6 1.596016343E-05 -2.992530644E-05
108.8 1.596831886E-05 -9.980199285E-06
109 1.597648262E-05 -1.699756315E-20
109.2 1.598465473E-05 9.990409207E-06
109.4 1.599283521E-05 1.999104401E-05
109.6 1.600102407E-05 2.000128008E-05
109.8 1.600922131E-05 3.001728996E-05
110 1.201307022E-05 1.001089185E-05
110.2 8.012820513E-06 1.001602564E-05
110.4 4.00846588E-06 2.00423294E-05
110.6 4.010523614E-06 3.00789271E-05
110.8 4.012583462E-06 2.006291731E-05
111 4.014645427E-06 -6.70294489E-21
111.2 4.016709512E-06 3.012532134E-05
111.4 0 5.02346965E-05
111.6 0 5.026055069E-05
111.8 0 5.028643151E-05
112 0 4.02498712E-05
112.2 4.027061856E-06 2.013530928E-05
112.4 8.058277463E-06 -2.014569366E-05
112.6 8.062435501E-06 -4.250946563E-21
112.8 8.066597832E-06 -4.259358112E-21
113 4.035382231E-06 -2.017691116E-05
113.2 4.0374677E-06 2.01873385E-05
113.4 4.039555326E-06 5.049444157E-05
113.6 4.041645111E-06 3.031233833E-05
113.8 4.04373706E-06 -2.02186853E-05
114 0 2.448618741E-21
114.2 0 1.011981865E-05
114.4 0 -1.01250648E-05
114.6 0 2.026063278E-05
114.8 0 3.040672029E-05
115 4.056334372E-06 1.014083593E-05
115.2 8.116883117E-06 1.01461039E-05
115.4 1.218165281E-05 1.015137734E-05
115.6 1.625065003E-05 -6.058249541E-21
115.8 2.032388137E-05 3.048582206E-05
116 2.033446122E-05 6.100338365E-05
116.2 2.034505208E-05 6.103515625E-05
116.4 2.035565399E-05 5.088913497E-05
116.6 1.629301356E-05 2.036626694E-05
116.8 1.630151278E-05 -2.037689098E-05
117 1.631002088E-05 -4.077505219E-05
117.2 1.631853786E-05 -3.059725849E-05
117.4 1.632706374E-05 1.020441484E-05
117.6 2.041949817E-05 3.062924726E-05
117.8 2.043017782E-05 2.043017782E-05
118 2.044086866E-05 1.479085275E-20
118.2 2.045157068E-05 -2.133160903E-20
118.4 2.046228392E-05 2.046228392E-05
118.6 1.637840671E-05 -1.023650419E-05
118.8 1.638699528E-05 -1.024187205E-05
119 1.639559286E-05 1.171861543E-20
119.2 1.640419948E-05 2.050524934E-05
119.4 1.641281513E-05 8.206407563E-05
119.6 2.052679979E-05 9.237059905E-05
119.8 1.643007361E-05 5.134398002E-05
120 1.643871647E-05 3.082259337E-05
120.2 1.233552632E-05 6.167763158E-05
120.4 8.228014745E-06 6.171011058E-05
120.6 4.116174921E-06 1.02904373E-05
120.8 4.118344755E-06 2.633418503E-20
121 0 -3.090387658E-05
121.2 4.122691293E-06 -7.214709763E-05
121.4 8.249736008E-06 -2.062434002E-05
121.6 1.238114105E-05 -2.063523508E-05
121.8 1.651691332E-05 -3.096921247E-05
122 2.065705976E-05 -6.197117927E-05
122.2 2.48015873E-05 -5.166997354E-05
122.4 2.895050291E-05 1.033946533E-05
122.6 3.310381356E-05 2.068988347E-05
122.8 3.312135665E-05 -3.105127186E-05
123 3.728128314E-05 -7.249138388E-05
123.2 4.144562334E-05 -4.144562334E-05
123.4 4.561438429E-05 -1.036690552E-05
123.6 4.978757302E-05 5.186205523E-05
123.8 5.39651966E-05 5.188961211E-05
124 5.814726209E-05 -1.038343966E-05
124.2 6.64893617E-05 -3.11668883E-05
124.4 7.068254391E-05 1.039449175E-05
124.6 7.904020234E-05 3.120007987E-05
124.8 8.324453916E-05 2.081113479E-05
125 8.745335821E-05 1.723460012E-20
125.2 9.583333333E-05 2.17438006E-20
125.4 0.0001000533618 4.168890075E-05
125.6 0.0001084490123 6.256673785E-05
125.8 0.0001126802885 4.173344017E-05
126 0.0001169160877 -1.04389364E-05
126.2 0.0001253342246 -1.40353272E-21
126.4 0.0001295813269 3.135032103E-05
126.6 0.0001338329764 -5.227850642E-05
126.8 0.0001464582217 -6.276780932E-05
127 0.0001465367095 -3.140072347E-05
127.2 0.0001466152815 -3.141756032E-05
127.4 0.0001508851931 -1.047813841E-05
127.6 0.0001593531938 -2.09675255E-05
127.8 0.0001594387755 -2.097878625E-05
128 0.000163722461 -4.198011822E-05
128.2 0.0001638104839 -3.150201613E-05
128.4 0.0001723036579 -1.120254287E-20
128.6 0.000172396394 3.153592573E-05
128.8 0.0001682821756 2.103527194E-05
129 0.0001725821659 -3.156990841E-05
129.2 0.0001768867925 -6.317385445E-05
129.4 0.0001811960626 -6.32079288E-05
129.6 0.0001855099838 -3.162101997E-05
129.8 0.0001898285637 -1.054603132E-05
130 0.0001899311183 -2.110345759E-05
130.2 0.0001942567568 -7.390202703E-05
130.4 0.000202812331 -6.337885343E-05
130.6 0.0002113771645 -4.22754329E-05
130.8 0.000211491608 -3.17237412E-05
131 0.000215838299 -1.82142092E-20
131.2 0.0002201897019 -4.234417344E-05
131.4 0.0002245458243 -6.355070499E-05
131.6 0.0002289066739 -6.358518719E-05
131.8 0.0002332722584 -7.422299131E-05
132 0.0002291553504 -7.426330798E-05
132.2 0.0002335258152 -7.430366848E-05
132.4 0.0002379010332 -3.186174551E-05
132.6 0.000242281012 1.062636017E-05
132.8 0.0002466657594 -3.18964344E-05
133 0.0002553104575 -4.255174292E-05
133.2 0.0002554495913 -6.386239782E-05
133.4 0.0002598486914 -8.519629226E-05
133.6 0.0002642525914 -8.524277141E-05
133.8 0.0002729257642 -8.528930131E-05
134 0.0002816084107 -8.533588203E-05
134.2 0.0002860314208 -8.538251366E-05
134.4 0.0002947307272 -2.135729907E-05
134.6 0.0002906181619 -2.136898249E-05
134.8 0.0002907772304 -3.207101806E-05
135 0.0002909364732 -6.41771632E-05
135.2 0.0002910958904 -7.491438356E-05
135.4 0.0002955386513 -4.28316886E-05
135.6 0.0002999862863 -2.142759188E-05
135.8 0.0003044388035 -2.143935236E-05
136 0.0003046059857 -3.217668863E-05
136.2 0.0003004807692 -4.292582418E-05
136.4 0.0003006459593 -2.147471138E-05
136.6 0.0003008113311 3.222978548E-05
136.8 0.000300976885 3.224752339E-05
137 0.0003054446586 -1.075509361E-05
137.2 0.0003142217631 2.106959389E-21
137.4 0.0003143949835 2.153390298E-05
137.6 0.000318877551 -1.077289024E-05
137.8 0.0003147419978 9.983735E-21
138 0.0003106018774 -4.517879707E-21
138.2 0.000315089779 1.045299989E-20
138.4 0.0003109452736 4.318684356E-05
138.6 0.0003111172566 6.481609513E-05
138.8 0.00031128943 1.080866076E-05
139 0.000311461794 1.468605629E-20
139.2 0.000311634349 4.328254848E-05
139.4 0.0003118070953 3.247990576E-05
139.6 0.0003076469773 3.249792013E-05
139.8 0.0003121531632 2.1677303E-05
140 0.0003123264853 -2.168933926E-05
140.2 0.0003125 -2.170138889E-05
140.4 0.0003083310172 -2.171345192E-05
140.6 0.0003128476085 -1.086276418E-05
140.8 0.0003130217028 -1.086880913E-05
141 0.0003175459354 -1.08748608E-05
141.2 0.0003133704735 1.088091922E-05
141.4 0.0003091903567 3.266095318E-05
141.6 0.0003050055772 5.446528165E-05
141.8 0.0003008161272 1.089913504E-05
142 0.0003009840871 3.271566164E-05
142.2 0.0002967877095 4.36452514E-05
142.4 0.0002969536054 2.183482392E-05
142.6 0.0002971196868 2.184703579E-05
142.8 0.0002972859541 1.092963067E-05
143 0.0002974524076 4.374300112E-05
143.2 0.0002976190476 3.282563025E-05
143.4 0.0002977858744 2.189602018E-05
143.6 0.0002979528884 2.190830062E-05
143.8 0.0002981200898 1.096029742E-05
144 0.0002982874789 1.096645143E-05
144.2 0.0002984550562 3.291783708E-05
144.4 0.0002986228218 5.489390107E-05
144.6 0.0002987907762 6.590973003E-05
144.8 0.0002989589195 6.594682048E-05
145 0.0002947283221 2.19946509E-05
145.2 0.0002992957746 2.200704225E-05
145.4 0.000299464487 3.302917136E-05
145.6 0.0002952270164 1.101593345E-05
145.8 0.000290984763 1.102215011E-05
146 0.0002779150198 -1.10283738E-05
146.2 0.0002780720339 1.103460452E-05
146.4 0.0002738128886 4.416336914E-05
146.6 0.000278386595 2.209417421E-05
146.8 0.0002785441426 -1.105333899E-05
147 0.0002787018686 1.162571087E-20
147.2 0.0002700070822 6.639518414E-05
147.4 0.0002701601474 5.536068594E-05
147.6 0.0002658820193 3.323525241E-05
147.8 0.0002571651532 4.433881952E-05
148 0.0002573111868 5.545499716E-05
148.2 0.0002485795455 1.109730114E-05
148.4 0.0002487208641 -3.331083002E-05
148.6 0.0002444183732 -2.22198521E-05
148.8 0.0002401109846 1.111624929E-05
149 0.0002402477221 2.224515945E-05
149.2 0.0002359330484 -1.112891738E-05
149.4 0.0002360675599 4.454104903E-05
149.6 0.0002272889333 5.570807188E-05
149.8 0.0002274186644 -1.114797374E-05
150 0.0002230868075 -2.230868075E-05
150.2 0.0002232142857 2.680017516E-20
150.4 0.0002188750715 2.233419097E-05
150.6 0.000219000286 1.117348398E-05
150.8 0.000219125644 -2.235975959E-05
151 0.0002147766323 -4.474513173E-05
151.2 0.0002104226361 -2.238538682E-05
151.4 0.0002060636468 -1.119911124E-05
151.6 0.0002061818703 -1.120553643E-05
151.8 0.0002107850172 -1.1211969E-05
152 0.000215393452 -4.487363584E-05
152.2 0.0002200071839 -8.979885057E-05
152.4 0.000224626222 -8.985048879E-05
152.6 0.0002292505754 -2.247554661E-05
152.8 0.0002338802533 -3.373272884E-05
153 0.000238515265 -9.000576037E-05
153.2 0.0002431556196 -6.754322767E-05
153.4 0.0002478013264 -3.379108997E-05
153.6 0.0002524523947 -5.635098096E-05
153.8 0.0002525981524 -7.893692263E-05
154 0.0002527440786 -4.513287117E-05
154.2 0.0002483742775 -3.386921965E-05
154.4 0.0002485179294 -6.777761712E-05
154.6 0.000244140625 -4.521122685E-05
154.8 0.0002397582513 -1.130935148E-05
155 0.0002353707995 -2.263180765E-05
155.2 0.0002309782609 -2.264492754E-05
155.4 0.0002265806265 -5.664515661E-05
155.6 0.0002221778874 -4.5342426E-05
155.8 0.0002177700348 1.134218931E-05
156 0.0002133570598 3.001623819E-20
156.2 0.0002134811047 9.351492753E-23
156.4 0.0002136052938 -1.136198371E-05
156.6 0.0002137296275 -9.094877765E-05
156.8 0.0002184041934 -7.962652883E-05
157 0.0002185314685 -4.552738928E-05
157.2 0.000209548105 -7.971938776E-05
157.4 0.0002051123104 -6.837077013E-05
157.6 0.0002006713368 -5.700890251E-05
157.8 0.0001962251752 -3.422532126E-05
158 0.0001917738165 1.141510812E-05
158.2 0.0001873172515 -6.853070175E-05
158.4 0.000182855471 -0.0001142846694
158.6 0.000178388466 -4.574063232E-05
158.8 0.0001739162273 1.144185706E-05
159 0.0001694387456 1.144856389E-05
159.2 0.0001603739003 -3.436583578E-05
159.4 0.0001512984155 -1.146200117E-05
159.6 0.0001422122725 2.29374633E-05
159.8 0.0001331154524 2.295094007E-05
160 0.000128600823 2.296443269E-05
160.2 0.0001194852941 2.297794118E-05
160.4 0.0001103590347 6.346317248E-21
160.6 0.0001058230271 -2.300500589E-05
160.8 0.0001012816735 -1.150928108E-05
161 9.673496462E-05 1.151606722E-05
161.2 9.218289086E-05 -1.152286136E-05
161.4 8.762544274E-05 2.59011599E-20
161.6 7.844802126E-05 2.307294743E-05
161.8 6.925975177E-05 -4.539060149E-21
162 6.006061502E-05 -1.489306753E-20
162.2 5.085059172E-05 4.622781065E-05
162.4 4.625518058E-05 5.781897573E-05
162.6 4.628258294E-05 2.314129147E-05
162.8 4.631001778E-05 4.631001778E-05
163 4.633748517E-05 3.475311388E-05
163.2 5.100148368E-05 4.636498516E-05
163.4 5.10317696E-05 6.958877672E-05
163.6 6.034610814E-05 4.642008318E-05
163.8 6.502675386E-05 1.161192033E-05
164 6.971296847E-05 2.323765616E-05
164.2 6.975446429E-05 4.650297619E-05
164.4 6.979600953E-05 4.617438865E-21
164.6 6.983760429E-05 -3.491880215E-05
164.8 6.987924866E-05 -2.329308289E-05
165 6.525954654E-05 -1.165349045E-05
165.2 6.996268657E-05 3.941533583E-21
165.4 7.467144564E-05 1.166741338E-05
165.6 7.938583383E-05 -1.167438733E-05
165.8 8.410586124E-05 -1.168136962E-05
166 8.8831538E-05 1.077640371E-21
166.2 9.356287425E-05 -1.169535928E-05
166.4 9.829988017E-05 -2.340473337E-05
166.6 0.0001030425659 -1.170938249E-05
166.8 0.0001077909418 2.343281344E-05
167 0.000112545018 3.517031813E-05
167.2 0.0001173048048 3.392680679E-21
167.4 0.0001220703125 -1.173753005E-05
167.6 0.0001268415514 -1.174458809E-05
167.8 0.00012691787 -2.350330927E-05
168 0.0001269942806 -2.351745936E-05
168.2 0.0001223644578 1.176581325E-05
168.4 0.0001224382158 2.354581073E-05
168.6 0.0001225120627 9.668295995E-21
168.8 0.0001225859988 2.357423054E-05
169 0.0001226600242 3.538269928E-05
169.2 0.000122734139 2.360271903E-05
169.4 0.0001228083434 1.180849456E-05
169.6 0.0001228826376 1.181563823E-05
169.8 0.000127686138 -2.364558111E-05
170 0.0001277634767 -2.365990309E-05
170.2 0.0001278409091 1.183712121E-05
170.4 0.0001231807156 1.504216553E-20
170.6 0.0001185148665 1.185148665E-05
170.8 0.0001138433515 -1.185868245E-05
171 0.0001091661604 -3.5597661E-05
171.2 0.0001044832827 1.18731003E-05
171.4 9.979470803E-05 3.564096715E-05
171.6 9.510042605E-05 2.377510651E-05
171.8 9.040042631E-05 3.568437881E-05
172 8.569469835E-05 3.570612431E-05
172.2 8.574695122E-05 -1.190929878E-05
172.4 8.579926785E-05 -2.383312996E-05
172.6 8.585164835E-05 -1.192384005E-05
172.8 8.113164325E-05 -3.579337202E-05
173 7.640586797E-05 -1.193841687E-05
173.2 6.689602446E-05 2.389143731E-05
173.4 5.7374541E-05 1.795363613E-21
173.6 5.262553582E-05 -1.196034905E-05
173.8 4.787071078E-05 -2.393535539E-05
174 4.311005518E-05 -5.987507664E-05
174.2 3.834355828E-05 -4.792944785E-05
174.4 3.357120933E-05 -1.198971762E-05
174.6 2.879299754E-05 3.084676276E-21
174.8 2.400891211E-05 1.134229296E-20
175 1.921894219E-05 1.201183887E-05
175.2 1.442307692E-05 -1.201923077E-05
175.4 1.443195813E-05 -2.405326355E-05
175.6 9.627233518E-06 1.20340419E-05
175.8 9.633168927E-06 2.408292232E-05
176 1.445866749E-05 -2.409777915E-05
176.2 2.411265432E-05 4.822530864E-05
176.4 2.412754787E-05 8.444641754E-05
176.6 2.414245983E-05 3.621368974E-05
176.8 2.415739023E-05 4.831478046E-05
177 2.417233911E-05 -3.625850866E-05
177.2 2.41873065E-05 -6.046826625E-05
177.4 1.452137546E-05 2.039031927E-20
177.6 4.843459392E-06 2.150087554E-20
177.8 0 2.42323201E-05
178 0 6.061840472E-05
178.2 0 3.162979176E-20
178.4 4.855500311E-06 1.171269481E-20
178.6 9.717039801E-06 3.643889925E-05
178.8 1.458462974E-05 -1.215385812E-05
179 1.459371108E-05 -4.864570361E-05
179.2 1.460280374E-05 -7.301401869E-05
179.4 1.461190773E-05 -6.088294888E-05
179.6 1.462102308E-05 -3.65525577E-05
179.8 1.463014981E-05 -4.876716604E-05
180 1.463928795E-05 -4.879762648E-05
180.2 1.46484375E-05 -4.8828125E-05
180.4 1.46575985E-05 -4.885866166E-05
180.6 1.466677096E-05 -6.111154568E-05
180.8 1.467595492E-05 -6.114981215E-05
181 1.468515038E-05 -4.895050125E-05
181.2 1.469435737E-05 -2.449059561E-05
181.4 1.470357591E-05 1.225297992E-05
181.6 1.471280603E-05 1.226067169E-05
181.8 1.472204774E-05 1.226837312E-05
182 1.473130107E-05 -3.094262648E-20
182.2 1.474056604E-05 -3.784005709E-20
182.4 1.474984267E-05 3.687460667E-05
182.6 1.475913098E-05 4.919710327E-05
182.8 1.4768431E-05 2.461405167E-05
183 1.477774275E-05 -1.231478562E-05
183.2 1.478706625E-05 -1.232255521E-05
183.4 1.479640152E-05 -2.754437134E-20
183.6 1.480574858E-05 1.233812382E-05
183.8 1.481510746E-05 2.469184576E-05
184 1.482447818E-05 2.470746363E-05
184.2 9.889240506E-06 3.70846519E-05
184.4 9.895503483E-06 3.710813806E-05
184.6 9.901774398E-06 1.246231081E-20
184.8 1.48620799E-05 -1.238506658E-05
185 1.487151015E-05 1.239292513E-05
185.2 1.488095238E-05 2.48015873E-05
185.4 1.985387548E-05 4.963468869E-05
185.6 1.489987285E-05 2.483312142E-05
185.8 1.987913486E-05 -2.442920184E-20
186 1.49188415E-05 1.243236792E-05
186.2 9.952229299E-06 -2.065074085E-20
186.4 4.97928617E-06 -1.244821542E-05
186.6 4.982461735E-06 -3.736846301E-05
186.8 4.985641353E-06 -4.985641353E-05
187 4.988825032E-06 -4.988825032E-05
187.2 4.99201278E-06 -3.744009585E-05
187.4 4.995204604E-06 -6.303861693E-21
187.6 4.998400512E-06 -1.249600128E-05
187.8 5.001600512E-06 -2.500800256E-05
188 5.004804612E-06 -3.753603459E-05
188.2 5.008012821E-06 -5.008012821E-05
188.4 5.011225144E-06 -3.758418858E-05
188.6 5.014441592E-06 -3.760831194E-05
188.8 5.017662171E-06 -3.763246628E-05
189 5.020886889E-06 -2.510443445E-05
189.2 5.024115756E-06 1.256028939E-05
189.4 5.027348777E-06 -1.31419576E-20
189.6 1.006117193E-05 -7.39398951E-21
189.8 1.510148196E-05 3.77537049E-05
190 1.511121857E-05 2.518536428E-05
190.2 1.512096774E-05 -1.260080645E-05
190.4 1.51307295E-05 1.260894125E-05
190.6 1.514050388E-05 2.523417313E-05
190.8 1.515029089E-05 -1.26252424E-05
191 1.516009056E-05 1.441895504E-20
191.2 1.011326861E-05 1.264158576E-05
191.4 5.059909326E-06 -5.059909326E-05
191.6 5.063188594E-06 -7.59478289E-05
191.8 5.066472114E-06 -3.799854086E-05
192 5.069759896E-06 -3.802319922E-05
192.2 0 -1.268262987E-05
192.4 0 3.47374925E-20
192.6 5.079648895E-06 2.625233042E-20
192.8 5.082953806E-06 1.270738452E-05
193 5.086263021E-06 -2.54313151E-05
193.2 1.017915309E-05 -2.544788274E-05
193.4 1.018578879E-05 1.273223598E-05
193.6 1.019243314E-05 1.274054142E-05
193.8 1.019908616E-05 -2.54977154E-05
194 1.020574788E-05 -1.275718485E-05
194.2 1.02124183E-05 2.553104575E-05
194.4 1.021909745E-05 1.277387181E-05
194.6 5.11289267E-06 1.278223168E-05
194.8 5.116240995E-06 3.837180747E-05
195 5.119593709E-06 2.559796855E-05
195.2 1.024590164E-05 1.280737705E-05
195.4 1.025262467E-05 6.40789042E-05
195.6 5.129678267E-06 5.129678267E-05
195.8 5.13304862E-06 3.849786465E-05
196 5.136423406E-06 6.420529257E-05
196.2 5.139802632E-06 7.709703947E-05
196.4 5.143186307E-06 7.71477946E-05
196.6 5.14657444E-06 3.85993083E-05
196.8 0 3.86247528E-05
197 5.153364116E-06 7.730046174E-05
197.2 5.156765677E-06 3.867574257E-05
197.4 5.160171731E-06 -1.290042933E-05
197.6 5.163582287E-06 1.385708674E-20
197.8 5.166997354E-06 2.434091502E-20
198 1.034083388E-05 2.585208471E-05
198.2 1.034768212E-05 2.58692053E-05
198.4 1.035453943E-05 2.588634858E-05
198.6 1.036140584E-05 1.295175729E-05
198.8 1.555242203E-05 -1.296035169E-05
199 2.075033201E-05 2.593791501E-05
199.2 2.07641196E-05 3.893272425E-05
199.4 2.077792553E-05 3.895861037E-05
199.6 1.559381238E-05 3.898453094E-05
199.8 1.040279627E-05 2.600699068E-05
200 1.040972685E-05 7.052548719E-21
200.2 1.5625E-05 -5.390781878E-21
200.4 1.563542362E-05 3.908855904E-05
200.6 1.564586115E-05 3.911465287E-05
200.8 1.043754175E-05 5.218770875E-05
201 1.044451872E-05 7.833389037E-05
201.2 1.567725753E-05 2.612876254E-05
201.4 1.5687751E-05 -2.614625167E-05
201.6 1.569825854E-05 -3.490576067E-20
201.8 1.047252011E-05 3.92719504E-05
202 1.047954393E-05 3.929828974E-05
202.2 1.048657718E-05 3.932466443E-05
202.4 1.049361988E-05 2.62340497E-05
202.6 1.050067204E-05 2.625168011E-05
202.8 1.576160054E-05 6.567333557E-05
203 1.051480485E-05 3.943051817E-05
203.2 1.052188552E-05 5.260942761E-05
203.4 5.264487871E-06 6.580609838E-05
203.6 1.053607552E-05 1.31700944E-05
203.8 1.581477733E-05 2.635796221E-05
204 1.582545577E-05 1.318787981E-05
204.2 1.583614865E-05 1.319679054E-05
204.4 1.584685598E-05 6.60285666E-05
204.6 1.585757781E-05 5.285859269E-05
204.8 1.586831415E-05 3.967078538E-05
205 1.058604336E-05 6.6162771E-05
205.2 1.059322034E-05 7.944915254E-05
205.4 5.300203528E-06 7.950305292E-05
205.6 0 7.955702648E-05
205.8 5.307404891E-06 9.28795856E-05
206 1.062202583E-05 9.294272604E-05
206.2 1.594387755E-05 3.985969388E-05
206.4 1.595473111E-05 2.659121852E-05
206.6 1.596559946E-05 3.991399864E-05
206.8 1.597648262E-05 2.662747103E-05
207 1.598738063E-05 2.664563438E-05
207.2 1.599829352E-05 1.333191126E-05
207.4 1.600922131E-05 2.668203552E-05
207.6 1.602016405E-05 5.340054682E-05
207.8 1.603112175E-05 5.34370725E-05
208 1.604209446E-05 4.010523614E-05
208.2 1.605308219E-05 2.675513699E-05
208.4 1.606408499E-05 2.677347498E-05
208.6 1.607510288E-05 1.339591907E-05
208.8 1.60861359E-05 5.104854433E-21
209 1.609718407E-05 3.203727679E-20
209.2 1.610824742E-05 1.961889561E-20
209.4 1.6119326E-05 1.343277166E-05
209.6 1.613041982E-05 2.688403304E-05
209.8 1.614152893E-05 2.690254821E-05
210 1.615265334E-05 2.69210889E-05
210.2 1.61637931E-05 -2.19974469E-20
210.4 1.617494824E-05 -1.347912353E-05
210.6 1.618611878E-05 -2.75628662E-20
210.8 1.619730477E-05 1.349775397E-05
211 1.620850622E-05 4.052126556E-05
211.2 1.621972318E-05 2.703287197E-05
211.4 1.623095568E-05 -6.568466638E-20
211.6 1.082813583E-05 -1.921800701E-20
211.8 5.417822469E-06 2.708911234E-05
212 0 2.710791117E-05
212.2 0 1.356336806E-05
212.4 0 2.714558721E-05
212.6 0 1.358223227E-05
212.8 0 1.359168406E-05
213 0 2.720229805E-05
213.2 0 4.083188153E-05
213.4 0 2.72402371E-05
213.6 0 -1.362962317E-05
213.8 0 -2.727828212E-05
214 0 -2.729734451E-05
214.2 0 -2.841038448E-20
214.4 0 6.833887334E-05
214.6 0 6.838672969E-05
214.8 0 -6.210337455E-20
215 0 -2.73930575E-05
215.2 0 -1.370614035E-05
215.4 0 -2.810586866E-20
215.6 0 -5.49016163E-05
215.8 0 -6.867528129E-05
216 0 -5.497888811E-05
216.2 0 -2.750880282E-05
216.4 0 1.376409443E-05
216.6 0 1.377380113E-05
216.8 0 -1.378352152E-05
217 0 -5.51730226E-05
217.2 0 -4.14090106E-05
217.4 5.525106082E-06 -5.525106082E-05
217.6 5.529016277E-06 -5.529016277E-05
217.8 5.532932011E-06 -5.532932011E-05
218 5.536853296E-06 -6.921066619E-05
218.2 5.540780142E-06 -4.155585106E-05
218.4 5.544712562E-06 -2.772356281E-05
218.6 0 -4.161487926E-05
218.8 0 -5.552594172E-05
219 0 -4.167407539E-05
219.2 0 -2.78024911E-05
219.4 0 -5.564458689E-05
219.6 0 -6.960531005E-05
219.8 0 -4.179297432E-05
220 0 -4.182280514E-05
220.2 0 -5.580357143E-05
220.4 0 -6.980432452E-05
220.6 0 -5.588340486E-05
220.8 0 -4.194255548E-05
221 0 -5.596346705E-05
221.2 0 -4.200268817E-05
221.4 0 -4.203281923E-05
221.6 0 -2.804199569E-05
221.8 0 -2.80621408E-05
222 5.616462976E-06 -4.212347232E-05
222.2 5.620503597E-06 -4.215377698E-05
222.4 5.624550036E-06 -4.218412527E-05
222.6 5.628602305E-06 -4.221451729E-05
222.8 5.632660418E-06 -7.040825523E-05
223 5.636724387E-06 -5.636724387E-05
223.2 5.640794224E-06 -2.820397112E-05
223.4 0 -2.822434971E-05
223.6 5.648951555E-06 -1.412237889E-05
223.8 5.653039074E-06 -1.413259768E-05
224 1.697139754E-05 -2.828566256E-05
224.2 2.264492754E-05 -1.415307971E-05
224.4 2.8326686E-05 -1.377550635E-20
224.6 2.834724238E-05 -2.834724238E-05
224.8 2.836782861E-05 -5.673565723E-05
225 2.838844477E-05 -5.677688953E-05
225.2 2.840909091E-05 -2.840909091E-05
225.4 2.274381368E-05 -4.308357455E-20
225.6 2.276037873E-05 -1.422523671E-05
225.8 2.277696793E-05 -1.423560496E-05
226 2.849197666E-05 -1.424598833E-05
226.2 3.421532847E-05 -4.276916058E-05
226.4 3.994704164E-05 -1.426680058E-05
226.6 3.997624269E-05 2.855445906E-05
226.8 4.000548647E-05 -1.843606976E-20
227 4.003477306E-05 7.94059428E-21
227.2 4.006410256E-05 -1.430860806E-05
227.4 4.009347507E-05 -4.295729472E-05
227.6 4.012289068E-05 -4.298881145E-05
227.8 3.441629956E-05 -2.868024963E-05
228 3.444158707E-05 1.435066128E-05
228.2 3.446691176E-05 2.872242647E-05
228.4 3.449227373E-05 1.437178072E-05
228.6 3.451767305E-05 -1.438236377E-05
228.8 3.45431098E-05 8.819289566E-21
229 3.456858407E-05 1.44035767E-05
229.2 4.612546125E-05 -1.441420664E-05
229.4 5.192946824E-05 -2.884970458E-05
229.6 5.196784922E-05 -2.887102735E-05
229.8 5.200628698E-05 -5.778476331E-05
230 5.204478164E-05 -4.337065137E-05
230.2 5.208333333E-05 2.893518519E-05
230.4 5.212194218E-05 1.447831727E-05
230.6 5.795623145E-05 -2.897811573E-05
230.8 6.379918337E-05 -2.89996288E-05
231 6.965081724E-05 -1.451058692E-05
231.2 7.551115242E-05 2.04802054E-20
231.4 8.138020833E-05 -2.906436012E-05
231.6 8.725800447E-05 -4.362900223E-05
231.8 9.314456036E-05 -8.732302534E-05
232 9.321401939E-05 -8.738814318E-05
232.2 9.328358209E-05 2.776815142E-20
232.4 9.335324869E-05 -1.458644511E-05
232.6 9.342301943E-05 -4.379204036E-05
232.8 9.349289454E-05 -1.460826477E-05
233 9.356287425E-05 -2.92383982E-05
233.2 9.36329588E-05 1.463014981E-05
233.4 8.199025487E-05 4.392335082E-05
233.6 8.205176294E-05 7.029674721E-21
233.8 8.211336336E-05 -1.502812503E-20
234 7.630540947E-05 2.934823441E-05
234.2 7.04887218E-05 1.468515038E-05
234.4 6.466328066E-05 -1.469620015E-05
234.6 5.882906627E-05 -1.470726657E-05
234.8 5.887339864E-05 -1.471834966E-05
235 5.30260181E-05 -2.945889894E-05
235.2 5.306603774E-05 -5.896226415E-05
235.4 4.720543807E-05 -2.950339879E-05
235.6 4.133597884E-05 1.476284958E-05
235.8 3.545763994E-05 1.477401664E-05
236 2.957040121E-05 -1.478520061E-05
236.2 2.959280303E-05 -1.479640152E-05
236.4 2.961523882E-05 -1.461554829E-20
236.6 2.963770865E-05 2.077722692E-20
236.8 2.96602126E-05 1.48301063E-05
237 2.968275076E-05 1.484137538E-05
237.2 3.564638783E-05 -5.941064639E-05
237.4 4.161910198E-05 -7.431982496E-05
237.6 3.570068545E-05 -8.730715294E-21
237.8 3.572789634E-05 -1.488662348E-05
238 3.575514874E-05 -5.959191457E-05
238.2 2.981870229E-05 -2.981870229E-05
238.4 2.984148205E-05 1.473699336E-20
238.6 2.986429664E-05 -1.493214832E-05
238.8 2.988714614E-05 -1.494357307E-05
239 3.589203675E-05 -1.495501531E-05
239.2 3.591954023E-05 2.230463069E-20
239.4 3.594708589E-05 4.493385736E-05
239.6 4.19704528E-05 -1.498944743E-05
239.8 4.200268817E-05 -7.500480031E-05
240 3.602997694E-05 -3.002498078E-05
240.2 3.605769231E-05 5.131957332E-20
240.4 4.209969207E-05 2.523777349E-20
240.6 4.815100154E-05 4.787006741E-20
240.8 4.818812645E-05 -6.023515806E-05
241 4.822530864E-05 -4.521122685E-05
241.2 4.826254826E-05 6.032818533E-05
241.4 5.433732612E-05 7.54685085E-05
241.6 5.437935035E-05 6.042150039E-05
241.8 6.046826625E-05 7.558533282E-05
242 6.656661503E-05 6.051510457E-05
242.2 7.873062016E-05 1.436051625E-21
242.4 9.091349884E-05 -1.515224981E-05
242.6 0.000103115295 3.032802795E-05
242.8 0.0001153360528 3.035159285E-05
243 0.0001215007776 1.51875972E-05
243.2 0.0001276750973 3.039883268E-05
243.4 0.0001277745327 1.521125389E-05
243.6 0.0001278741231 1.52231099E-05
243.8 0.000127973869 3.04699688E-05
244 0.0001219750195 -3.049375488E-05
244.2 0.0001220703125 -1.525878906E-05
244.4 0.0001221657545 0.0001221657545
244.6 0.0001283744131 0.0001528266823
244.8 0.0001284749413 6.117854346E-05
245 0.000128575627 -4.591986677E-05
245.2 0.0001286764706 -1.531862745E-05
245.4 0.0001226452119 6.132260597E-05
245.6 0.0001166044776 4.602808327E-05
245.8 0.0001105542453 6.141902516E-05
246 0.0001044944925 3.073367427E-05
246.2 9.842519685E-05 1.537893701E-05
246.4 9.850275808E-05 4.617316785E-05
246.6 9.241916404E-05 4.620958202E-05
246.8 8.632596685E-05 3.083070245E-05
247 8.639415482E-05 -1.725915914E-20
247.2 8.028656126E-05 1.543972332E-05
247.4 7.41693038E-05 3.090387658E-05
247.6 6.804235946E-05 3.092834521E-05
247.8 6.190570523E-05 -1.547642631E-05
248 5.5759318E-05 1.548869944E-05
248.2 4.96031746E-05 4.650297619E-05
248.4 4.964257347E-05 1.551330421E-05
248.6 4.968203498E-05 -1.552563593E-05
248.8 4.972155927E-05 -3.107597454E-05
249 4.97611465E-05 3.110071656E-05
249.2 4.980079681E-05 6.225099602E-05
249.4 4.984051037E-05 7.787579745E-05
249.6 4.988028731E-05 9.352553871E-05
249.8 4.99201278E-05 6.240015974E-05
250 4.996003197E-05 3.122501998E-05
250.2 5E-05 4.6875E-05
250.4 5.004003203E-05 4.691253002E-05
250.6 5.008012821E-05 3.130008013E-05
250.8 5.012028869E-05 3.132518043E-05
251 5.016051364E-05 4.702548154E-05
251.2 5.020080321E-05 3.137550201E-05
251.4 5.024115756E-05 1.570036174E-05
251.6 5.028157683E-05 -1.571299276E-05
251.8 5.032206119E-05 -3.145128824E-05
252 5.03626108E-05 2.572031584E-20
252.2 5.040322581E-05 3.150201613E-05
252.4 5.044390638E-05 7.881860371E-05
252.6 5.048465267E-05 3.155290792E-05
252.8 5.052546483E-05 -1.578920776E-05
253 5.056634304E-05 -1.01051853E-20
253.2 5.060728745E-05 1.581477733E-05
253.4 4.431726094E-05 1.582759319E-05
253.6 4.435320357E-05 2.234493968E-20
253.8 3.804788961E-05 -1.585328734E-05
254 3.173233144E-05 -1.586616572E-05
254.2 2.540650407E-05 3.175813008E-05
254.4 1.907038242E-05 9.535191212E-05
254.6 1.272394137E-05 0.000111334487
254.8 1.273431133E-05 1.591788916E-05
255 1.274469821E-05 -3.186174551E-05
255.2 1.913265306E-05 -4.781373116E-20
255.4 2.553104575E-05 -1.595690359E-05
255.6 3.193990188E-05 -6.387980376E-05
255.8 3.835924714E-05 -0.0001118811375
256 3.839066339E-05 -0.000127968878
256.2 3.842213115E-05 -0.0001280737705
256.4 4.486259229E-05 -0.0001121564807
256.6 5.13136289E-05 -6.414203612E-05
256.8 5.135579293E-05 -6.419474117E-05
257 4.497327303E-05 -0.0001124331826
257.2 3.858024691E-05 -4.822530864E-05
257.4 3.217668863E-05 6.435337727E-05
257.6 3.86438582E-05 6.440643034E-05
257.8 3.222978548E-05 1.895505356E-20
258 3.225639967E-05 -3.225639967E-05
258.2 3.873966942E-05 -3.228305785E-05
258.4 4.523366419E-05 -3.230976013E-05
258.6 4.527110927E-05 -8.084126656E-05
258.8 4.53086164E-05 -6.472659486E-05
259 5.182421227E-05 1.619506633E-05
259.2 5.186721992E-05 1.620850622E-05
259.4 5.839908638E-05 4.866590532E-05
259.6 7.143599335E-05 6.494181214E-05
259.8 6.499584027E-05 -2.114543559E-20
260 5.854496253E-05 -2.066849781E-20
260.2 5.208333333E-05 3.255208333E-05
260.4 4.561092577E-05 1.628961635E-05
260.6 4.564899833E-05 6.960988713E-21
260.8 3.9160401E-05 7.053921139E-21
261 4.572533445E-05 -1.633047659E-05
261.2 4.576359833E-05 -1.634414226E-05
261.4 4.58019263E-05 4.907349246E-05
261.6 4.584031852E-05 0.0001146007963
261.8 4.587877517E-05 9.831166107E-05
262 5.247691016E-05 0.0001311922754
262.2 5.908613445E-05 0.0001148897059
262.4 6.570647603E-05 3.285323802E-05
262.6 7.233796296E-05 1.644044613E-05
262.8 7.23989048E-05 2.518236821E-20
263 7.245994941E-05 1.646817032E-05
263.2 6.592827004E-05 6.592827004E-05
263.4 7.258234797E-05 8.247994088E-05
263.6 7.92476754E-05 4.952979713E-05
263.8 7.931472081E-05 3.304780034E-05
264 7.938187976E-05 -1.653789162E-05
264.2 7.944915254E-05 1.176083713E-21
264.4 7.951653944E-05 9.93956743E-05
264.6 7.958404075E-05 6.632003396E-05
264.8 8.628929482E-05 1.061173239E-20
265 9.300595238E-05 3.321641156E-05
265.2 9.308510638E-05 1.662234043E-05
265.4 9.981899489E-05 6.654599659E-05
265.6 0.0001065643649 0.0001165547741
265.8 0.0001066552901 1.666488908E-05
266 0.0001067463706 -3.335824082E-05
266.2 0.0001068376068 -5.008012821E-05
266.4 0.0001069289991 -6.683062447E-05
266.6 0.0001070205479 -6.688784247E-05
266.8 0.0001138067695 -1.673628963E-05
267 0.0001072041166 8.505197567E-21
267.2 0.0001005901288 -2.998288048E-21
267.4 9.396477663E-05 1.251862302E-20
267.6 8.732803095E-05 -2.810295997E-20
267.8 8.740318417E-05 6.723321859E-05
268 8.074935401E-05 -2.811961E-20
268.2 9.42887931E-05 -6.734913793E-05
268.4 0.0001011108714 -1.685181191E-05
268.6 0.0001079447323 1.686636442E-05
268.8 0.0001147904062 -1.688094209E-05
269 0.0001216479239 -6.758217993E-05
269.2 0.000128517316 -3.382034632E-05
269.4 0.0001353986135 -1.692482669E-05
269.6 0.0001422918474 -3.387901127E-05
269.8 0.0001491970486 -2.7462772E-20
270 0.0001425390964 1.696894005E-05
270.2 0.0001358695652 1.698369565E-05
270.4 0.0001291884247 3.399695387E-05
270.6 0.0001293009582 -3.402656794E-05
270.8 0.0001294136879 -8.514058413E-05
271 0.0001363438045 3.408595113E-05
271.2 0.0001432860262 1.705786026E-05
271.4 0.0001434112762 -0.0001024366259
271.6 0.0001503718285 -6.835083115E-05
271.8 0.0001573445709 3.457976758E-21
272 0.0001643295355 3.423531989E-05
272.2 0.0001781798246 -1.713267544E-05
272.4 0.0001783362599 -3.429543459E-05
272.6 0.0001784929701 -5.148835677E-05
272.8 0.000178649956 -1.717788039E-05
273 0.0001719300176 0.0001031580106
273.2 0.0001651982379 3.441629956E-05
273.4 0.0001722332451 3.771160358E-20
273.6 0.0001723852604 1.723852604E-05
273.8 0.0001656360424 -5.176126325E-05
274 0.0001726900973 -1.726900973E-05
274.2 0.0001728429204 1.728429204E-05
274.4 0.0001799158547 -8.433635664E-21
274.6 0.000193927305 -1.731493794E-05
274.8 0.0002079636202 -6.932120674E-05
275 0.0002150865897 -8.672846359E-05
275.2 0.0002222222222 2.683038976E-20
275.4 0.0002224199288 4.55287745E-20
275.6 0.0002295747996 -6.95681211E-05
275.8 0.0002367424242 -1.740753119E-05
276 0.0002508920607 1.742305977E-05
276.2 0.0002580915179 -1.743861607E-05
276.4 0.0002653038427 1.745420018E-05
276.6 0.0002655411449 1.365435294E-20
276.8 0.0002727730528 -6.994180842E-05
277 0.0002800179211 -3.500224014E-05
277.2 0.0002802690583 -5.255044843E-05
277.4 0.0002735076302 -3.506508079E-05
277.6 0.0002667340521 1.75482929E-05
277.8 0.0002669739209 1.756407374E-05
278 0.0002742461746 1.757988299E-05
278.2 0.0002815315315 -1.759572072E-05
278.4 0.0002888300271 -1.761158702E-05
278.6 0.000289090704 -5.288244585E-05
278.8 0.0002964092141 -5.29302168E-05
279 0.000289613472 -3.531871609E-05
279.2 0.0002828054299 -5.30260181E-05
279.4 0.0002830615942 5.269514743E-20
279.6 0.000283318223 1.770738894E-05
279.8 0.0002764859347 1.971733421E-20
280 0.0002767370572 3.54791099E-05
280.2 0.0002769886364 5.326704545E-05
280.4 0.0002630232029 5.33155141E-05
280.6 0.0002632627505 8.89401184E-05
280.8 0.0002635027347 8.902119417E-05
281 0.0002494867701 7.128193431E-05
281.2 0.0002497146119 3.098021975E-20
281.4 0.0002499428702 -5.355918647E-05
281.6 0.0002501715462 2.431135345E-20
281.8 0.000250400641 7.154304029E-05
282 0.0002506301558 5.370646196E-05
282.2 0.0002508600917 3.403999875E-20
282.4 0.0002439164371 -3.587006428E-05
282.6 0.0002369600184 -1.795151654E-05
282.8 0.0002228035879 3.593606256E-05
283 0.0002086210866 8.992288214E-05
283.2 0.0001944124424 9.000576037E-05
283.4 0.000180177583 -3.603551661E-05
283.6 0.0001659164358 -5.41031856E-05
283.8 0.0001516289279 2.773063345E-20
284 0.0001445420907 -1.806776133E-05
284.2 0.0001374421296 -5.425347222E-05
284.4 0.0001303290083 -5.430375348E-05
284.6 0.0001232026902 -5.435412801E-05
284.8 0.0001160631383 -5.44045961E-05
285 0.000108910316 -1.815171933E-05
285.2 0.000101744186 -7.26744186E-05
285.4 9.456471136E-05 -0.0001091131285
285.6 9.46528425E-05 -1.820246971E-05
285.8 8.016557836E-05 -5.465834888E-05
286 8.024042951E-05 -0.0001276552288
286.2 7.301401869E-05 -0.0001277745327
286.4 6.577408793E-05 -0.0001096234799
286.6 5.852059925E-05 -5.48630618E-05
286.8 5.125351453E-05 1.200725479E-20
287 4.39727955E-05 3.664399625E-05
287.2 3.667840376E-05 3.667840376E-05
287.4 2.937030075E-05 -5.897830783E-20
287.6 2.939793039E-05 -7.349482596E-05
287.8 2.206920904E-05 -9.195503766E-05
288 2.209000943E-05 -7.363336475E-05
288.2 2.211084906E-05 -3.685141509E-05
288.4 2.213172805E-05 -5.532932011E-05
288.6 2.9536862E-05 -3.69210775E-05
288.8 2.217360454E-05 1.847800378E-05
289 2.959280303E-05 -1.849550189E-05
289.2 2.221563981E-05 -5.553909953E-05
289.4 2.223671727E-05 -7.412239089E-05
289.6 2.225783476E-05 -1.854819563E-05
289.8 2.22789924E-05 1.8565827E-05
290 2.230019029E-05 -5.575047574E-05
290.2 2.232142857E-05 -3.720238095E-05
290.4 1.489513823E-05 3.723784557E-05
290.6 1.490935115E-05 5.591006679E-05
290.8 1.492359121E-05 5.596346705E-05
291 2.240678776E-05 3.734464627E-05
291.2 2.242822967E-05 5.607057416E-05
291.4 1.49664751E-05 3.741618774E-05
291.6 1.498082454E-05 8.352444206E-22
291.8 7.497600768E-06 -1.874400192E-05
292 1.500960615E-05 1.876200768E-05
292.2 7.512019231E-06 5.634014423E-05
292.4 7.519249278E-06 7.519249278E-05
292.6 0 9.40811657E-05
292.8 0 5.650313404E-05
293 0 5.655767375E-05
293.2 0 1.887077295E-05
293.4 0 9.647437571E-21
293.6 0 6.115238312E-21
293.8 7.570251938E-06 -1.892562984E-05
294 7.577594568E-06 -3.788797284E-05
294.2 1.516990291E-05 -9.48118932E-05
294.4 2.277696793E-05 -0.0001328656463
294.6 3.039883268E-05 -0.0001139956226
294.8 3.803554041E-05 1.635258471E-20
295 4.56871345E-05 5.710891813E-05
295.2 4.573170732E-05 2.248545339E-22
295.4 5.340576172E-05 -3.814697266E-05
295.6 5.345796676E-05 -3.818426197E-05
295.8 5.351027397E-05 -1.911081213E-05
296 5.356268364E-05 2.871230452E-20
296.2 4.595588235E-05 1.914828431E-05
296.4 4.600098135E-05 -2.151936772E-21
296.6 5.372053045E-05 -3.837180747E-05
296.8 5.3773353E-05 2.780416558E-23
297 5.382627953E-05 1.922367126E-05
297.2 5.387931034E-05 -3.848522167E-05
297.4 5.393244576E-05 -5.778476331E-05
297.6 5.398568608E-05 -3.856120434E-05
297.8 5.403903162E-05 -3.85993083E-05
298 4.636498516E-05 -3.863748764E-05
298.2 5.41460396E-05 -3.867574257E-05
298.4 4.645688801E-05 -3.871407334E-05
298.6 4.650297619E-05 -3.875248016E-05
298.8 4.654915591E-05 -5.818644489E-05
299 4.659542744E-05 -5.824428429E-05
299.2 4.664179104E-05 -5.830223881E-05
299.4 5.446962151E-05 -3.890687251E-05
299.6 5.452392822E-05 -1.947283151E-05
299.8 4.678143713E-05 -1.032918474E-20
300 3.902347652E-05 5.853521479E-05
300.2 3.90625E-05 7.8125E-05
300.4 3.128128128E-05 5.86524024E-05
300.6 2.348446894E-05 1.957039078E-05
300.8 2.350802407E-05 1.959002006E-05
301 1.5687751E-05 3.921937751E-05
301.2 7.851758794E-06 7.851758794E-05
301.4 7.859657948E-06 7.859657948E-05
301.6 7.867573011E-06 -3.092229807E-20
301.8 7.875504032E-06 -1.968876008E-05
302 7.88345106E-06 1.970862765E-05
302.2 7.891414141E-06 5.614655436E-20
302.4 7.899393327E-06 2.868645814E-20
302.6 7.907388664E-06 3.953694332E-05
302.8 7.915400203E-06 1.978850051E-05
303 7.923427992E-06 1.980856998E-05
303.2 7.931472081E-06 1.98286802E-05
303.4 7.93953252E-06 1.98488313E-05
303.6 7.947609359E-06 1.98690234E-05
303.8 7.955702648E-06 3.977851324E-05
304 7.963812436E-06 7.963812436E-05
304.2 7.971938776E-06 9.964923469E-05
304.4 0 1.995020429E-05
304.6 7.988241309E-06 -3.994120654E-05
304.8 1.599283521E-05 -3.998208802E-05
305 1.600922131E-05 -4.914141455E-20
305.2 1.602564103E-05 2.003205128E-05
305.4 2.406314168E-05 -6.015785421E-05
305.6 2.408787256E-05 -4.014645427E-05
305.8 1.607510288E-05 -3.482947899E-20
306 8.045829042E-06 -2.756218679E-22
306.2 8.054123711E-06 -6.040592784E-05
306.4 8.062435501E-06 -4.03121775E-05
306.6 8.070764463E-06 -4.035382231E-05
306.8 8.079110651E-06 -0.0001009888831
307 8.08747412E-06 -2.02186853E-05
307.2 8.095854922E-06 4.047927461E-05
307.4 8.104253112E-06 -4.052126556E-05
307.6 8.112668744E-06 -0.000141971703
307.8 8.121101871E-06 -4.060550936E-05
308 8.129552549E-06 6.097164412E-05
308.2 8.138020833E-06 4.069010417E-05
308.4 8.146506778E-06 -6.109880083E-05
308.6 8.155010438E-06 -0.0001019376305
308.8 8.16353187E-06 -4.081765935E-05
309 0 -0.0001430112448
309.2 8.180628272E-06 -0.0001840641361
309.4 8.189203354E-06 -8.189203354E-05
309.6 8.197796432E-06 2.625860781E-20
309.8 8.206407563E-06 2.051601891E-05
310 8.215036803E-06 -4.107518402E-05
310.2 8.223684211E-06 5.486320889E-20
310.4 8.232349842E-06 1.096769321E-21
310.6 8.241033755E-06 -8.241033755E-05
310.8 8.249736008E-06 -4.124868004E-05
311 0 -5.317862664E-20
311.2 0 -4.133597884E-05
311.4 0 -6.206965042E-05
311.6 0 -2.071182397E-05
311.8 0 -2.073381104E-05
312 0 -4.151168969E-05
312.2 0 -2.077792553E-05
312.4 0 -1.892528008E-20
312.6 8.328891258E-06 4.164445629E-05
312.8 8.337780149E-06 4.168890075E-05
313 8.346688034E-06 8.737435263E-21
313.2 8.355614973E-06 2.088903743E-05
313.4 0 -5.027348913E-20
313.6 8.373526259E-06 4.18676313E-05
313.8 8.38251073E-06 4.191255365E-05
314 1.6783029E-05 -3.651979417E-20
314.2 1.680107527E-05 2.100134409E-05
314.4 1.681916039E-05 4.204790097E-05
314.6 8.418642241E-06 8.418642241E-05
314.8 8.42772384E-06 4.21386192E-05
315 8.436825054E-06 -3.185232166E-20
315.2 8.445945946E-06 8.445945946E-05
315.4 8.45508658E-06 8.45508658E-05
315.6 8.464247021E-06 0.0001058030878
315.8 8.473427332E-06 0.0001482849783
316 8.482627579E-06 6.361970684E-05
316.2 8.491847826E-06 -2.411750841E-20
316.4 8.501088139E-06 -8.501088139E-05
316.6 8.510348584E-06 -2.127587146E-05
316.8 8.519629226E-06 6.389721919E-05
317 8.528930131E-06 8.528930131E-05
317.2 1.707650273E-05 6.403688525E-05
317.4 2.564277899E-05 4.273796499E-05
317.6 2.567086528E-05 4.278477547E-05
317.8 2.569901316E-05 -6.424753289E-05
318 2.572722283E-05 -3.511831263E-21
318.2 2.575549451E-05 4.292582418E-05
318.4 2.578382838E-05 2.148652365E-05
318.6 2.581222467E-05 4.302037445E-05
318.8 4.306780595E-05 -9.819246552E-21
319 6.036147903E-05 2.148779644E-20
319.2 5.179558011E-05 4.839037785E-21
319.4 5.185287611E-05 4.321073009E-05
319.6 5.1910299E-05 4.32585825E-05
319.8 5.196784922E-05 -2.165327051E-05
320 6.936736959E-05 -4.335460599E-05
320.2 9.548611111E-05 -4.340277778E-05
320.4 9.559232481E-05 -5.113770032E-20
320.6 8.699888641E-05 6.524916481E-05
320.8 6.967670011E-05 6.532190635E-05
321 6.103515625E-05 3.180611848E-21
321.2 6.983240223E-05 -4.36452514E-05
321.4 7.864932886E-05 2.759760019E-20
321.6 8.748600224E-05 2.187150056E-05
321.8 0.0001051008969 4.819655194E-20
322 0.0001052188552 -2.192059484E-05
322.2 0.0001053370787 -6.583567416E-05
322.4 0.0001054555681 -4.393982002E-05
322.6 0.0001143721847 1.5235459E-20
322.8 0.0001321166855 4.713338385E-21
323 0.0001499012415 5.870485374E-20
323.2 0.0001677259887 4.413841808E-05
323.4 0.000167915724 2.209417421E-05
323.6 0.0001858012458 4.423839185E-05
323.8 0.0001682964853 0.0001328656463
324 0.0001596197503 2.216940976E-05
324.2 0.0001864346591 -2.013041917E-20
324.4 0.0001866467577 4.443970421E-05
324.6 0.0001868593394 -2.224515945E-05
324.8 0.0002048888255 4.454104903E-05
325 0.0001783675799 -2.229594749E-05
325.2 0.0001964285714 -6.696428571E-05
325.4 0.0001966533181 -2.234696796E-05
325.6 0.0002147766323 -8.949026346E-05
325.8 0.0002329415138 -4.479644495E-05
326 0.0002332089552 1.093400016E-20
326.2 0.0002334770115 3.223074898E-20
326.4 0.0002337456847 2.247554661E-05
326.6 0.0002250144009 2.990590099E-20
326.8 0.0002252739331 2.252739331E-05
327 0.0002345554273 2.000502847E-20
327.2 0.0002348265896 -6.773843931E-05
327.4 0.0002350983796 -2.260561343E-05
327.6 0.0002263180765 -2.263180765E-05
327.8 0.0002265806265 -4.531612529E-05
328 0.0002359175377 1.637550352E-20
328.2 0.0002361918605 -2.929048098E-20
328.4 0.0002364668219 -8.231485398E-20
328.6 0.0002367424242 6.829108392E-05
328.8 0.0002279025671 4.558051342E-05
329 0.0002281688084 2.281688084E-05
329.2 0.0002284356725 2.284356725E-05
329.4 0.0002287031616 2.253616906E-20
329.6 0.000238130129 2.289712778E-05
329.8 0.0002292400235 4.584800469E-05
330 0.0002295094007 4.590188014E-05
330.2 0.0002297794118 2.297794118E-05
330.4 0.0002300500589 -2.300500589E-05
330.6 0.0002303213443 -2.303213443E-05
330.8 0.0002398170012 -2.305932704E-05
331 0.0002401004728 2.308658392E-05
331.2 0.0002311390533 4.622781065E-05
331.4 0.0002314129147 -2.314129147E-05
331.6 0.0002224199288 -4.633748517E-05
331.8 0.0002134055819 -2.319625891E-05
332 0.0002043697979 -2.322384067E-05
332.2 0.0001953125 8.098379032E-21
332.4 0.0001769219309 3.481496765E-20
332.6 0.0001678102625 -0.0001165349045
332.8 0.0001680107527 -0.0001400089606
333 0.0001588666268 -0.0001401764354
333.2 0.0001497005988 -0.0001637350299
333.4 0.0001405125899 -7.025629496E-05
333.6 0.0001219237695 -2.344687875E-05
333.8 0.0001126802885 -7.042518029E-05
334 0.0001128158845 -4.700661853E-05
334.2 9.412650602E-05 -7.059487952E-05
334.4 0.0001130880579 -2.356001206E-05
334.6 8.491847826E-05 2.358846618E-05
334.8 7.557436518E-05 -4.723397823E-05
335 7.566585956E-05 -4.729116223E-05
335.2 7.575757576E-05 -7.102272727E-05
335.4 7.584951456E-05 -7.11089199E-05
335.6 8.543438639E-05 -2.3731774E-05
335.8 7.603406326E-05 -4.752128954E-05
336 6.661084044E-05 -9.515834348E-05
336.2 5.716463415E-05 -4.763719512E-05
336.4 5.723443223E-05 -2.38476801E-05
336.6 5.730440098E-05 7.374909473E-20
336.8 4.78121175E-05 2.390605875E-05
337 4.787071078E-05 2.393535539E-05
337.2 4.792944785E-05 4.792944785E-05
337.4 4.798832924E-05 -2.399416462E-05
337.6 4.804735547E-05 -7.207103321E-05
337.8 5.772783251E-05 -2.405326355E-05
338 5.779901356E-05 6.673299278E-20
338.2 5.787037037E-05 8.671594915E-20
338.4 5.794190358E-05 7.242737948E-05
338.6 5.801361386E-05 9.668935644E-05
338.8 5.808550186E-05 7.260687732E-05
339 5.815756824E-05 7.26969603E-05
339.2 5.822981366E-05 7.278726708E-05
339.4 5.830223881E-05 0.0001214629975
339.6 5.837484433E-05 0.000121614259
339.8 5.844763092E-05 7.305953865E-05
340 5.852059925E-05 2.438358302E-05
340.2 5.859375E-05 -3.344834201E-20
340.4 4.888923655E-05 -4.888923655E-05
340.6 4.895050125E-05 -9.790100251E-05
340.8 4.90119197E-05 -4.90119197E-05
341 3.925879397E-05 6.175724974E-20
341.2 2.948113208E-05 2.456761006E-05
341.4 1.967884131E-05 4.919710327E-05
341.6 9.851828499E-06 7.388871375E-05
341.8 0 7.398200758E-05
342 0 7.407553729E-05
342.2 0 0.0001236155063
342.4 0 9.901774398E-05
342.6 0 9.914340102E-05
342.8 0 7.445203304E-05
343 0 2.028144878E-21
343.2 0 2.488057325E-05
343.4 0 1.941714357E-21
343.6 0 -2.494412516E-05
343.8 0 4.370200552E-20
344 0 -5.001600512E-05
344.2 0 -7.512019231E-05
344.4 0 -5.014441592E-05
344.6 0 -2.510443445E-05
344.8 0 -2.513674389E-05
345 0 5.367810615E-20
345.2 0 4.651622804E-20
345.4 0 -2.523417313E-05
345.6 0 -4.968969032E-21
345.8 0 -1.12750597E-20
346 0 2.533236057E-05
346.2 0 -5.295122157E-20
346.4 0 -2.539824447E-05
346.6 0 1.032484502E-21
346.8 0 2.408068424E-21
347 0 5.157033162E-20
347.2 0 -2.553104575E-05
347.4 0 -2.556446335E-05
347.6 0 4.095497826E-20
347.8 0 2.563156168E-05
348 0 -5.13304862E-05
348.2 0 -5.139802632E-05
348.4 0 2.57328722E-05
348.6 0 7.730046174E-05
348.8 0 0.0001032034346
349 0 7.750496032E-05
349.2 0 0.0001552152318
349.4 0 0.0001554210875
349.6 0 7.781374502E-05
349.8 0 5.194481383E-05
350 0 7.802097204E-05
350.2 0 0.0001041666667
350.4 0 0.0001303821762
350.6 0 0.0001827790775
350.8 0 0.0002091700134
351 0 0.0001570878016
351.2 0 0.0001048657718
351.4 0 0.0001312584005
351.6 0 0.0001051480485
351.8 0 5.264487871E-05
352 0 5.271592443E-05
352.2 0 0.0001055743243
352.4 0 7.928788904E-05
352.6 0 5.29302168E-05
352.8 0 2.650101764E-05
353 0 2.653702446E-05
353.2 0 7.971938776E-05
353.4 0 7.982799728E-05
353.6 0 0.0001332281719
353.8 0 0.0001334101776
354 0 5.34370725E-05
354.2 0 5.351027397E-05
354.4 0 8.03755144E-05
354.6 0 -4.475592464E-20
354.8 0 -5.373108666E-05
355 0 -2.690254821E-05
355.2 0 -2.693965517E-05
355.4 0 -8.093059392E-05
355.6 0 -2.701417704E-05
355.8 0 2.70515928E-05
356 0 -6.44698519E-20
356.2 1.085069444E-05 3.621164019E-23
356.4 1.086578581E-05 -5.432892907E-05
356.6 1.088091922E-05 -8.160689415E-05
356.8 1.089609484E-05 6.827500082E-20
357 1.091131285E-05 5.455656425E-05
357.2 1.092657343E-05 8.19493007E-05
357.4 1.094187675E-05 0.0001094187675
357.6 1.0957223E-05 8.217917251E-05
357.8 1.097261236E-05 2.74315309E-05
358 1.098804501E-05 2.747011252E-05
358.2 1.100352113E-05 5.501760563E-05
358.4 1.10190409E-05 3.461349173E-20
358.6 1.103460452E-05 -5.51730226E-05
358.8 1.105021216E-05 -0.0001105021216
359 1.106586402E-05 -0.0001106586402
359.2 1.108156028E-05 -0.0001108156028
359.4 1.109730114E-05 -0.0001387162642
359.6 1.111308677E-05 -0.0001666963016
359.8 1.112891738E-05 -0.0001947560541
360 1.114479315E-05 -0.0001671718973
360.2 1.116071429E-05 -0.0001395089286
360.4 0 -0.0001676502146
360.6 1.119269341E-05 -0.0001119269341
360.8 1.120875179E-05 -8.406563845E-05
361 1.122485632E-05 -0.0001683728448
361.2 1.124100719E-05 -0.0001124100719
361.4 1.125720461E-05 -3.745587976E-20
361.6 1.127344877E-05 8.258984688E-21
361.8 1.128973988E-05 -8.467304913E-05
362 1.130607815E-05 -8.479558611E-05
362.2 1.132246377E-05 -2.830615942E-05
362.4 0 -2.834724238E-05
362.6 0 2.838844477E-05
362.8 0 8.528930131E-05
363 0 2.847120991E-05
363.2 0 -2.851277372E-05
363.4 0 -5.710891813E-05
363.6 0 -5.719253294E-05
363.8 0 -2.863819648E-05
364 0 -2.868024963E-05
364.2 0 -5.744485294E-05
364.4 0 1.541838001E-20
364.6 0 -2.880715339E-05
364.8 0 -0.0001442485229
365 0 -0.0001444619083
365.2 0 -5.787037037E-05
365.4 0 -5.795623145E-05
365.6 0 -5.80423477E-05
365.8 0 -2.906436012E-05
366 0 -5.821535022E-05
366.2 0 -5.830223881E-05
366.4 0 -8.758408072E-05
366.6 0 -5.847679641E-05
366.8 0 3.058409191E-21
367 0 -1.629835388E-20
367.2 0 -5.501328045E-22
367.4 0 -1.237982161E-20
367.6 0 -2.945889894E-05
367.8 0 -2.950339879E-05
368 0 -1.442464871E-20
368.2 0 2.959280303E-05
368.4 0 8.891312595E-05
368.6 0 8.904825228E-05
368.8 0 8.918378995E-05
369 0 0.0001190929878
369.2 0 8.945610687E-05
369.4 0 5.972859327E-05
369.6 0 2.991003063E-05
369.8 0 3.13494735E-20
370 0 3.050845213E-20
370.2 0 -3.004807692E-05
370.4 0 -1.377459682E-20
370.6 0 3.01408179E-05
370.8 0 3.01874034E-05
371 0 6.046826625E-05
371.2 0 3.028100775E-05
371.4 0 -3.032802795E-05
371.6 0 5.163912057E-20
371.8 0 9.126752336E-05
372 0 9.14099064E-05
372.2 0 6.103515625E-05
372.4 0 -3.056533646E-05
372.6 0 -6.122648903E-05
372.8 0 3.066130298E-05
373 0 7.96774007E-21
373.2 0 -3.075787402E-05
373.4 0 3.080638801E-05
373.6 0 3.085505529E-05
373.8 0 -6.180775316E-05
374 0 -3.095285261E-05
374.2 0 9.300595238E-05
374.4 0 0.0001242050874
374.6 0 9.330214968E-05
374.8 0 6.230063796E-05
375 0 9.360023962E-05
375.2 0 0.0001875
375.4 0 0.0001252003205
375.6 1.254012841E-05 3.135032103E-05
375.8 2.512057878E-05 6.280144695E-05
376 2.51610306E-05 6.290257649E-05
376.2 2.52016129E-05 6.300403226E-05
376.4 1.262116317E-05 6.310581583E-05
376.6 0 6.32079288E-05
376.8 0 3.165518639E-05
377 0 -6.341314935E-05
377.2 0 -0.0001270325203
377.4 1.272394137E-05 -9.542956026E-05
377.6 2.548939641E-05 -3.186174551E-05
377.8 2.553104575E-05 -3.191380719E-05
378 2.557283142E-05 -3.196603928E-05
378.2 2.56147541E-05 -3.201844262E-05
378.4 2.565681445E-05 -9.621305419E-05
378.6 2.569901316E-05 -0.0001606188322
378.8 2.574135091E-05 -0.0001930601318
379 2.578382838E-05 -0.0001611489274
379.2 2.582644628E-05 -0.0001936983471
379.4 2.58692053E-05 -0.0001940190397
379.6 2.591210614E-05 -9.717039801E-05
379.8 2.59551495E-05 -6.488787375E-05
380 2.599833611E-05 -3.249792013E-05
380.2 2.604166667E-05 -3.255208333E-05
380.4 2.60851419E-05 -6.521285476E-05
380.6 2.612876254E-05 -6.532190635E-05
380.8 2.617252931E-05 -6.543132328E-05
381 2.621644295E-05 -3.277055369E-05
381.2 2.62605042E-05 -3.282563025E-05
381.4 2.63047138E-05 -6.576178451E-05
381.6 2.634907251E-05 -9.880902192E-05
381.8 2.639358108E-05 -6.59839527E-05
382 1.321912014E-05 -3.304780034E-05
382.2 0 -6.620762712E-05
382.4 0 -6.632003396E-05
382.6 0 -9.964923469E-05
382.8 0 -6.654599659E-05
383 0 -6.665955631E-05
383.2 0 -6.677350427E-05
383.4 0 -1.652953678E-21
383.6 0 -3.350128645E-05
383.8 0 -6.711769759E-05
384 0 -6.723321859E-05
384.2 0 -6.734913793E-05
384.4 0 -0.0001011981865
384.6 1.351643599E-05 -0.0001351643599
384.8 2.70797227E-05 -6.769930676E-05
385 4.069010417E-05 -3.390842014E-05
385.2 5.434782609E-05 -6.793478261E-05
385.4 6.805313589E-05 -6.805313589E-05
385.6 8.180628272E-05 -3.408595113E-05
385.8 6.829108392E-05 -3.414554196E-05
386 6.841068301E-05 -6.841068301E-05
386.2 5.48245614E-05 -6.853070175E-05
386.4 4.119068541E-05 -7.107609929E-21
386.6 2.750880282E-05 3.438600352E-05
386.8 1.377865961E-05 -3.444664903E-05
387 1.380300353E-05 9.407528435E-20
387.2 0 2.167213132E-20
387.4 0 -3.462987589E-05
387.6 0 -3.469138544E-05
387.8 0 -3.475311388E-05
388 0 3.117055153E-20
388.2 0 9.595047348E-21
388.4 0 5.872683152E-20
388.6 0 3.500224014E-05
388.8 0 -6.909182015E-20
389 0 -3.512814748E-05
389.2 0 -3.519144144E-05
389.4 0 -6.319060538E-20
389.6 0 7.063743219E-05
389.8 0 3.538269928E-05
390 0 3.54469147E-05
390.2 0 9.654767499E-20
390.4 0 -3.557604736E-05
390.6 0 -3.564096715E-05
390.8 0 -3.570612431E-05
391 0 -2.888472929E-20
391.2 0 -1.470324931E-20
391.4 0 -2.433173974E-20
391.6 0 -2.111356114E-20
391.8 0 -5.32898324E-20
392 0 -1.39546347E-20
392.2 0 7.208148295E-21
392.4 0 -2.064053691E-20
392.6 0 1.236616503E-20
392.8 0 -4.729523636E-20
393 0 -5.307989476E-20
393.2 0 3.38616207E-21
393.4 0 8.800049553E-20
393.6 0 6.589672185E-20
393.8 0 -1.950603479E-20
394 0 -3.678201507E-05
394.2 0 -3.685141509E-05
394.4 0 -8.920422979E-20
394.6 0 -8.01089506E-20
394.8 0 3.706119545E-05
395 0 7.426330798E-05
395.2 0 3.720238095E-05
395.4 0 7.454675573E-05
395.6 0 7.468929254E-05
395.8 0 -2.351181442E-20
396 0 -1.288910039E-20
396.2 0 -3.756009615E-05
396.4 0 -3.763246628E-05
396.6 0 -3.770511583E-05
396.8 0 3.025155277E-20
397 0 3.785125969E-05
397.2 0 3.792475728E-05
397.4 0 0.0001139956226
397.6 0 0.0001142178363
397.8 0 4.206212413E-20
398 0 -7.644324853E-05
398.2 0 -7.659313725E-05
398.4 0 -7.674361493E-05
398.6 0 -7.689468504E-05
398.8 0 -3.852317554E-05
399 0 7.71986166E-05
399.2 0 0.0001160272277
399.4 0 3.875248016E-05
399.6 0 1.732424884E-20
399.8 0 -5.287310404E-21
400 0 7.796906188E-05
400.2 0 7.8125E-05
400.4 0 -7.138796164E-20
400.6 0 7.843875502E-05
400.8 0 0.0001178948692
401 1.575100806E-05 -9.265266122E-21
401.2 3.156565657E-05 -3.945707071E-05
401.4 3.162955466E-05 -7.907388664E-05
401.6 3.169371197E-05 -0.0001188514199
401.8 1.587906504E-05 -3.96976626E-05
402 0 -7.955702648E-05
402.2 0 -0.0001992984694
402.4 1.597648262E-05 -0.0001198236196
402.6 3.201844262E-05 8.004610656E-05
402.8 3.208418891E-05 0.0001203157084
403 3.215020576E-05 8.03755144E-05
403.2 3.221649485E-05 8.054123711E-05
403.4 3.228305785E-05 -6.781601254E-20
403.6 3.234989648E-05 -4.04373706E-05
403.8 3.241701245E-05 -4.052126556E-05
404 3.248440748E-05 -4.060550936E-05
404.2 3.255208333E-05 9.33902788E-20
404.4 3.262004175E-05 4.077505219E-05
404.6 3.268828452E-05 1.098347846E-19
404.8 3.275681342E-05 8.189203354E-05
405 1.641281513E-05 0.0001230961134
405.2 1.644736842E-05 -4.111842105E-05
405.4 3.296413502E-05 4.120516878E-05
405.6 3.303382664E-05 0.0001238768499
405.8 3.310381356E-05 4.137976695E-05
406 3.317409766E-05 4.146762208E-05
406.2 3.324468085E-05 4.155585106E-05
406.4 3.331556503E-05 4.164445629E-05
406.6 3.338675214E-05 4.173344017E-05
406.8 3.345824411E-05 4.182280514E-05
407 3.353004292E-05 4.191255365E-05
407.2 3.360215054E-05 -4.200268817E-05
407.4 3.367456897E-05 -7.230161622E-20
407.6 3.374730022E-05 4.218412527E-05
407.8 3.382034632E-05 0.0001268262987
408 3.389370933E-05 8.473427332E-05
408.2 3.39673913E-05 -4.245923913E-05
408.4 3.404139434E-05 -8.510348584E-05
408.6 3.411572052E-05 -8.528930131E-05
408.8 3.419037199E-05 8.627011947E-20
409 3.426535088E-05 4.28316886E-05
409.2 3.434065934E-05 -4.292582418E-05
409.4 3.441629956E-05 -4.302037445E-05
409.6 3.449227373E-05 -4.311534216E-05
409.8 3.456858407E-05 -0.0001728429204
410 3.464523282E-05 -8.661308204E-05
410.2 3.472222222E-05 -4.340277778E-05
410.4 3.479955457E-05 -4.349944321E-05
410.6 3.487723214E-05 8.719308036E-05
410.8 3.495525727E-05 8.738814318E-05
411 3.503363229E-05 2.028438239E-20
411.2 3.511235955E-05 4.389044944E-05
411.4 3.519144144E-05 -4.28353183E-20
411.6 3.527088036E-05 -4.408860045E-05
411.8 3.535067873E-05 8.837669683E-05
412 3.5430839E-05 0.0001328656463
412.2 3.551136364E-05 8.877840909E-05
412.4 3.559225513E-05 -8.143415083E-20
412.6 3.567351598E-05 -0.0001337756849
412.8 3.575514874E-05 -8.938787185E-05
413 1.791857798E-05 4.479644495E-05
413.2 0 -4.27323927E-20
413.4 1.800115207E-05 -4.500288018E-05
413.6 3.608545035E-05 4.510681293E-05
413.8 3.616898148E-05 4.521122685E-05
414 3.625290023E-05 -2.410354794E-20
414.2 3.63372093E-05 5.030097026E-20
414.4 3.642191142E-05 3.706239873E-20
414.6 3.650700935E-05 6.591361286E-20
414.8 1.829625293E-05 -9.148126464E-05
415 1.833920188E-05 -0.0001833920188
415.2 3.676470588E-05 7.486995171E-21
415.4 1.842570755E-05 9.212853774E-05
415.6 1.846926714E-05 -6.819161234E-20
415.8 3.702606635E-05 4.628258294E-05
416 3.711401425E-05 8.282280117E-20
416.2 3.720238095E-05 -5.413010772E-21
416.4 3.729116945E-05 2.16859118E-19
416.6 3.738038278E-05 -9.345095694E-05
416.8 3.747002398E-05 -4.683752998E-05
417 3.756009615E-05 -4.695012019E-05
417.2 1.88253012E-05 -9.412650602E-05
417.4 1.887077295E-05 -4.717693237E-05
417.6 3.783292978E-05 -4.729116223E-05
417.8 3.792475728E-05 5.269024013E-20
418 1.900851582E-05 0.0001425638686
418.2 0 4.763719512E-05
418.4 0 -4.775366748E-05
418.6 0 -2.168184909E-20
418.8 1.91953317E-05 7.41799235E-20
419 3.848522167E-05 4.810652709E-05
419.2 3.858024691E-05 4.822530864E-05
419.4 3.867574257E-05 6.133063482E-20
419.6 3.877171216E-05 -4.84646402E-05
419.8 3.88681592E-05 -9.717039801E-05
420 3.896508728E-05 -0.0001461190773
420.2 3.90625E-05 -0.0001953125
420.4 3.9160401E-05 -4.895050125E-05
420.6 3.925879397E-05 9.814698492E-05
420.8 3.935768262E-05 4.919710327E-05
421 3.945707071E-05 9.864267677E-05
421.2 3.955696203E-05 0.0001483386076
421.4 3.965736041E-05 4.957170051E-05
421.6 3.975826972E-05 9.226546476E-21
421.8 3.985969388E-05 3.77421441E-20
422 3.996163683E-05 2.697913941E-20
422.2 4.006410256E-05 1.700503887E-19
422.4 4.016709512E-05 1.665010761E-19
422.6 4.027061856E-05 -5.03382732E-05
422.8 4.0374677E-05 4.385138335E-21
423 4.047927461E-05 5.059909326E-05
423.2 4.058441558E-05 1.468150408E-19
423.4 4.069010417E-05 -5.086263021E-05
423.6 4.079634465E-05 -5.099543081E-05
423.8 4.090314136E-05 -9.872791932E-22
424 4.101049869E-05 4.693310605E-20
424.2 4.111842105E-05 5.139802632E-05
424.4 4.122691293E-05 5.153364116E-05
424.6 4.133597884E-05 2.124059492E-19
424.8 4.144562334E-05 1.203963418E-19
425 4.155585106E-05 6.193919282E-20
425.2 4.166666667E-05 -4.872723976E-20
425.4 4.177807487E-05 -5.222259358E-05
425.6 4.189008043E-05 -5.236260054E-05
425.8 4.200268817E-05 5.051911487E-20
426 4.211590296E-05 -3.597679354E-20
426.2 4.222972973E-05 1.725771818E-21
426.4 4.234417344E-05 -3.286424674E-20
426.6 4.245923913E-05 -1.16382262E-19
426.8 4.257493188E-05 8.387761739E-21
427 4.269125683E-05 7.095992922E-20
427.2 4.280821918E-05 1.47719678E-19
427.4 4.292582418E-05 1.082605746E-19
427.6 4.304407713E-05 2.599176157E-20
427.8 4.316298343E-05 -2.537813472E-20
428 4.328254848E-05 7.799421064E-20
428.2 4.340277778E-05 6.18383524E-21
428.4 4.352367688E-05 -7.086317673E-20
428.6 4.36452514E-05 5.278969622E-20
428.8 4.3767507E-05 -3.581596721E-20
429 4.389044944E-05 -1.182799727E-19
429.2 4.401408451E-05 -2.207487683E-19
429.4 4.413841808E-05 -9.96808771E-20
429.6 6.639518414E-05 -4.894511199E-20
429.8 8.877840909E-05 -1.865371458E-19
430 0.0001112891738 -2.148870054E-19
430.2 0.0001116071429 -5.642116058E-20
430.4 0.0001119269341 -1.562550422E-19
430.6 0.0001122485632 -5.612428161E-05
430.8 0.0001125720461 -5.628602305E-05
431 9.031791908E-05 9.5858221E-20
431.2 6.793478261E-05 -5.661231884E-05
431.4 6.813226744E-05 -5.677688953E-05
431.6 6.833090379E-05 -6.665677193E-20
431.8 6.853070175E-05 -2.469975124E-19
432 6.873167155E-05 -1.491238359E-19
432.2 6.893382353E-05 -2.044240136E-19
432.4 6.913716814E-05 5.761430678E-05
432.6 6.934171598E-05 -1.322390781E-19
432.8 6.954747774E-05 -0.0001159124629
433 6.975446429E-05 -0.0001162574405
433.2 6.996268657E-05 -0.0001749067164
433.4 7.017215569E-05 -0.0001754303892
433.6 7.038288288E-05 -5.86524024E-05
433.8 7.059487952E-05 6.688394883E-20
434 7.08081571E-05 -6.201470806E-20
434.2 7.102272727E-05 1.380274157E-20
434.4 7.123860182E-05 -2.984312183E-20
434.6 7.145579268E-05 -8.080816912E-20
434.8 7.167431193E-05 8.27166374E-20
435 7.189417178E-05 9.705694275E-20
435.2 7.211538462E-05 2.773201994E-20
435.4 7.233796296E-05 6.230318792E-20
435.6 7.25619195E-05 4.474785136E-20
435.8 7.278726708E-05 -3.32308834E-20
436 7.301401869E-05 4.099157764E-20
436.2 7.32421875E-05 -2.051018986E-20
436.4 7.347178683E-05 -6.122648903E-05
436.6 7.370283019E-05 -6.141902516E-05
436.8 7.393533123E-05 -2.17740241E-20
437 7.41693038E-05 1.103745608E-20
437.2 7.44047619E-05 -8.737567805E-20
437.4 7.464171975E-05 9.512511337E-20
437.6 7.488019169E-05 9.892985393E-20
437.8 7.512019231E-05 4.641130145E-20
438 7.536173633E-05 5.043705865E-20
438.2 7.560483871E-05 -2.481897213E-21
438.4 7.584951456E-05 4.17470806E-20
438.6 7.609577922E-05 3.945908094E-20
438.8 7.634364821E-05 1.622837587E-19
439 7.659313725E-05 6.990220722E-20
439.2 7.68442623E-05 6.403688525E-05
439.4 7.709703947E-05 6.424753289E-05
439.6 7.735148515E-05 7.819435863E-20
439.8 5.17384106E-05 5.043289053E-20
440 5.1910299E-05 -6.488787375E-05
440.2 5.208333333E-05 -6.510416667E-05
440.4 7.838628763E-05 -5.193515824E-20
440.6 7.864932886E-05 6.554110738E-05
440.8 5.260942761E-05 6.576178451E-05
441 5.278716216E-05 1.052597419E-19
441.2 5.296610169E-05 -6.620762712E-05
441.4 7.971938776E-05 4.30270458E-20
441.6 5.332764505E-05 6.665955631E-05
441.8 2.675513699E-05 -4.884035534E-20
442 0 -6.711769759E-05
442.2 0 6.734913793E-05
442.4 0 0.0001351643599
442.6 0 -4.290747249E-20
442.8 0 6.805313589E-05
443 0 -1.636505632E-19
443.2 0 -6.853070175E-05
443.4 0 6.877200704E-05
443.6 0 6.901501767E-05
443.8 0 -1.329641258E-19
444 0 -1.091513873E-19
444.2 0 2.701280419E-20
444.4 0 7.000448029E-05
444.6 0 -4.400243448E-20
444.8 0 -7.05099278E-05
445 0 -7.076539855E-05
445.2 0 -0.0001420454545
445.4 0 2.301336023E-21
445.6 0 7.154304029E-05
445.8 0 7.180606618E-05
446 0 0.0001441420664
446.2 0 7.233796296E-05
446.4 0 7.260687732E-05
446.6 0 -5.957323355E-20
446.8 0 -0.0001463014981
447 2.937030075E-05 -4.821023106E-20
447.2 2.948113208E-05 -1.457844554E-20
447.4 2.959280303E-05 -0.0001479640152
447.6 2.970532319E-05 -7.426330798E-05
447.8 0 2.60580078E-20
448 0 0.0002244971264
448.2 0 0.0003004807692
448.4 3.016409266E-05 0.0003016409266
448.6 3.028100775E-05 0.0003028100775
448.8 3.039883268E-05 1.004101737E-19
449 3.051757812E-05 -7.629394531E-05
449.2 3.06372549E-05 -7.659313725E-05
449.4 3.075787402E-05 -1.850686949E-19
449.6 3.087944664E-05 0.0001543972332
449.8 3.100198413E-05 0.0001550099206
450 3.112549801E-05 0.00015562749
450.2 3.125E-05 0.00015625
450.4 3.137550201E-05 7.843875502E-05
450.6 3.150201613E-05 -1.174391735E-20
450.8 3.162955466E-05 7.907388664E-05
451 0 7.93953252E-05
451.2 3.18877551E-05 7.971938776E-05
451.4 3.201844262E-05 0.0002401383197
451.6 3.215020576E-05 0.0003215020576
451.8 3.228305785E-05 0.0002421229339
452 3.241701245E-05 7.514133156E-20
452.2 3.255208333E-05 -0.0001627604167
452.4 3.268828452E-05 -8.17207113E-05
452.6 3.282563025E-05 -8.206407563E-05
452.8 3.296413502E-05 6.365787013E-20
453 3.310381356E-05 8.27595339E-05
453.2 3.324468085E-05 8.465678272E-20
453.4 3.338675214E-05 1.700728E-20
453.6 3.353004292E-05 8.795781791E-20
453.8 3.367456897E-05 3.933468824E-20
454 3.382034632E-05 1.681528963E-20
454.2 3.39673913E-05 -8.491847826E-05
454.4 3.411572052E-05 -4.104936991E-20
454.6 3.426535088E-05 0.0001713267544
454.8 3.441629956E-05 8.60407489E-05
455 3.456858407E-05 -8.642146018E-05
455.2 3.472222222E-05 8.680555556E-05
455.4 3.487723214E-05 8.719308036E-05
455.6 7.006726457E-05 1.104621347E-19
455.8 0.0001055743243 8.79786036E-05
456 0.0001414027149 -0.0001767533937
456.2 0.0001775568182 -8.877840909E-05
456.4 0.0001783675799 0.0001783675799
456.6 0.0001791857798 -5.882508613E-20
456.8 0.0001800115207 -3.506434407E-20
457 0.0002170138889 9.04224537E-05
457.2 0.0002543604651 1.3272417E-19
457.4 0.0002920560748 2.15529178E-19
457.6 0.0003301056338 1.636180486E-19
457.8 0.0003685141509 1.379186024E-19
458 0.0004072867299 -7.726544607E-21
458.2 0.0004464285714 9.300595238E-05
458.4 0.0004485645933 -9.345095694E-05
458.6 0.00048828125 -9.390024038E-05
458.8 0.0004906400966 0.0002830615942
459 0.0004550970874 0.0001896237864
459.2 0.0004954268293 -0.0001905487805
459.4 0.0005361519608 -9.574142157E-05
459.6 0.0005387931034 9.621305419E-05
459.8 0.000541460396 -9.850664269E-24
460 0.0005830223881 -3.112450225E-20
460.2 0.0005859375 -9.765625E-05
460.4 0.0005888819095 -2.770538898E-21
460.6 0.0005918560606 0.0001972853535
460.8 0.0005552030457 -9.914340102E-05
461 0.0005978954082 -9.964923469E-05
461.2 0.0006009615385 0.0003004807692
461.4 0.0005637886598 0.0001006765464
461.6 0.0006071891192 2.235925891E-19
461.8 0.0006103515625 6.853088366E-20
462 0.0006135471204 -0.0001022578534
462.2 0.0006167763158 -0.0001027960526
462.4 0.0006613756614 -0.0002066798942
462.6 0.000664893617 -0.0002077792553
462.8 0.0007102272727 -2.09217759E-20
463 0.0007140456989 0.0001050067204
463.2 0.0006756756757 -4.564327151E-22
463.4 0.0007218070652 -1.216387625E-19
463.6 0.0007257513661 -0.0001067281421
463.8 0.000729739011 -2.991981795E-19
464 0.0006906077348 -2.19113905E-19
464.2 0.0006944444444 1.759298652E-19
464.4 0.0006546787709 0.000218226257
464.6 0.0006583567416 0.0002194522472
464.8 0.0007062146893 0.0001103460452
465 0.0007102272727 1.39486409E-19
465.2 0.0007142857143 -0.0002232142857
465.4 0.0007632902299 -0.0003367456897
465.6 0.0007677023121 -0.0001128973988
465.8 0.000726744186 -0.0001135537791
466 0.0007766812865 -7.898934455E-20
466.2 0.00078125 0.0002297794118
466.4 0.0007396449704 -3.681482798E-20
466.6 0.0007905505952 -0.0001162574405
466.8 0.0007952844311 0.0001169535928
467 0.0008000753012 0.0001176581325
467.2 0.0008049242424 -0.0002367424242
467.4 0.0008098323171 -0.0001190929878
467.6 0.0007668711656 0.0002396472393
467.8 0.0007233796296 0.0003616898148
468 0.0007278726708 0.0002426242236
468.2 0.000732421875 0.0001220703125
468.4 0.0007370283019 -1.277236301E-19
468.6 0.000741693038 -0.0001236155063
468.8 0.0007464171975 0.0001244028662
469 0.0007512019231 1.950618345E-19
469.2 0.0007560483871 0.0001260080645
469.4 0.0007102272727 0.0002536525974
469.6 0.000714869281 -0.0001276552288
469.8 0.0007195723684 -1.594317196E-19
470 0.0006725993377 0.0001293460265
470.2 0.0006770833333 -0.0001302083333
470.4 0.0007340604027 -0.0001310822148
470.6 0.0007390202703 2.464408414E-19
470.8 0.000744047619 -0.0001328656463
471 0.0008026541096 -9.556671352E-20
471.2 0.0007543103448 0.0001346982759
471.4 0.0008138020833 1.747881958E-19
471.6 0.000819493007 0.0001365821678
471.8 0.0007702464789 0.0001375440141
472 0.0007757092199 -0.0001385195035
472.2 0.0008370535714 -0.0002790178571
472.4 0.0007868705036 -0.0002810251799
472.6 0.0007925724638 -0.0002830615942
472.8 0.0007983576642 -1.03637082E-19
473 0.0006893382353 0.0002872242647
473.2 0.0006365740741 0.0002893518519
473.4 0.0006413246269 -1.066133648E-21
473.6 0.0006461466165 3.03559271E-19
473.8 0.0006510416667 0.0001479640152
474 0.0006560114504 2.145610964E-20
474.2 0.0006610576923 -1.251704831E-19
474.4 0.0006661821705 -0.0001514050388
474.6 0.000732421875 0.0001525878906
474.8 0.0006766732283 0.0001537893701
475 0.000744047619 -0.0001550099206
475.2 0.00075 -0.00015625
475.4 0.0008190524194 -0.0001575100806
475.6 0.0008257113821 -0.0001587906504
475.8 0.0008965163934 -0.0003201844262
476 0.0009684917355 -7.198396331E-20
476.2 0.0009765625 -4.566518824E-19
476.4 0.001050420168 -0.0001641281513
476.6 0.001059322034 -6.935665985E-20
476.8 0.001068376068 0.0001669337607
477 0.001010237069 -1.960523123E-19
477.2 0.001019021739 -0.0001698369565
477.4 0.001027960526 4.598874241E-21
477.6 0.001037057522 2.920693657E-19
477.8 0.001046316964 1.850069602E-19
478 0.001055743243 -0.0001759572072
478.2 0.001065340909 -0.0001775568182
478.4 0.001075114679 -0.0001791857798
478.6 0.001085069444 -0.0005425347222
478.8 0.00109521028 -0.0005476051402
479 0.001105542453 -0.0003685141509
479.2 0.001116071429 -0.0003720238095
479.4 0.001126802885 -0.0003756009615
479.6 0.001137742718 -0.0003792475728
479.8 0.001148897059 -0.0003829656863
480 0.001160272277 -0.0003867574257
480.2 0.001171875 -0.000390625
480.4 0.001183712121 -0.0001972853535
480.6 0.001195790816 -0.0001992984694
480.8 0.001208118557 -0.0002013530928
481 0.001220703125 -0.0002034505208
481.2 0.001233552632 -0.0002055921053
481.4 0.001246675532 -0.0002077792553
481.6 0.001260080645 -1.92064454E-19
481.8 0.001273777174 -2.907514552E-19
482 0.001287774725 -0.0002146291209
482.2 0.001302083333 -5.220427209E-19
482.4 0.001316713483 0.0002194522472
482.6 0.001331676136 0.0002219460227
482.8 0.001346982759 -0.0002244971264
483 0.001362645349 -0.0002271075581
483.2 0.001378676471 -4.623642532E-19
483.4 0.001395089286 -7.546692201E-20
483.6 0.00141189759 2.880638898E-19
483.8 0.001429115854 -2.592017988E-19
484 0.001446759259 -4.376504002E-19
484.2 0.00146484375 3.141215665E-19
484.4 0.001483386076 2.532341126E-20
484.6 0.001502403846 -3.815148034E-19
484.8 0.001521915584 -3.439153394E-19
485 0.001541940789 -5.401639904E-19
485.2 0.0015625 -0.0002604166667
485.4 0.001583614865 -0.0002639358108
485.6 0.001498287671 -1.76874819E-19
485.8 0.001410590278 -4.550289469E-19
486 0.001320422535 -1.715714984E-19
486.2 0.001227678571 -3.534564419E-20
486.4 0.001132246377 5.717530365E-20
486.6 0.001034007353 4.538959424E-19
486.8 0.0009328358209 6.015382424E-19
487 0.0008285984848 -4.078824726E-19
487.2 0.0007211538462 -4.158008168E-19
487.4 0.0006103515625 3.39580328E-19
487.6 0.000496031746 4.334708131E-19
487.8 0.0003780241935 3.492994984E-19
488 0.000256147541 2.28523034E-19
488.2 0.0001302083333 -0.0003255208333
488.4 0.0001324152542 -0.0003310381356
488.6 0 -0.0003367456897
488.8 0 -0.0006853070175
489 0 -0.0006975446429
489.2 0 -0.0003551136364
489.4 0 4.288608698E-19
489.6 0 -5.883723197E-19
489.8 0 3.387142271E-19
490 0 -4.288118063E-19
490.2 0 -9.787792465E-19
490.4 0 -1.028326864E-19
490.6 0 1.913416364E-19
490.8 0 -5.990730328E-19
491 0 -5.256899873E-19
491.2 0 -8.117181107E-19
491.4 0 -2.673122638E-20
491.6 0 2.441677807E-19
491.8 0 -8.310564137E-19
492 0 4.301961535E-19
492.2 0 3.661352298E-19
492.4 0 3.190376243E-19
492.6 0 7.917140281E-19
492.8 0 -1.558226378E-19
493 0 2.640713276E-19
493.2 0 -2.003529876E-20
493.4 0 1.193113454E-18
493.6 0 -4.16435255E-19
493.8 0 5.858070868E-19
494 0 8.416261601E-19
494.2 0 -3.874309011E-19
494.4 0 -6.916152907E-19
494.6 0 -2.220736168E-19
494.8 0 4.53735803E-19
495 0 5.256506112E-19
495.2 0 -7.061668482E-19
495.4 0 -1.091143288E-18
495.6 0 5.032266685E-19
495.8 0 -1.937383655E-19
496 0 -7.048334098E-19
496.2 0 -1.497013112E-18
496.4 0 -7.982166477E-19
496.6 0 -2.228503739E-18
496.8 0 1.167759274E-18
497 0 1.379665172E-18
497.2 0 -2.644459307E-18
497.4 0 1.80613333E-18
497.6 0 2.932074694E-18
497.8 0 2.199293083E-18
498 0 -1.086526708E-18
498.2 0 -3.431506264E-18
498.4 0 -2.104516401E-19
498.6 0 3.488735026E-18
498.8 0 3.071470925E-18
499 0 -4.011638967E-18
499.2 0 -1.002795679E-17
499.4 0 -2.724086946E-18
499.6 0 -4.416777313E-18
499.8 0 -1.629216054E-17
500 0 -2.177000647E-17
