0 0.007350184926 -2.342812875E-05
0.2 0.00645 0.0016484375
0.4 0.006043042217 0.00050020008
0.6 0.005701436149 0.0004065752602
0.8 0.005400230276 0.0003676286544
1 0.005117563101 0.0002738757011
1.2 0.004881638277 9.393787575E-05
1.4 0.004673716921 0.0001018068364
1.6 0.004462494986 0.0001958609105
1.8 0.004257373596 0.0001332388644
2 0.00407404155 8.624799277E-05
2.2 0.0039125251 0.000109814257
2.4 0.003754017678 0.0001098583769
2.6 0.003604803055 0.0001570036174
2.8 0.003455468436 7.853337354E-06
3 0.003334297064 -2.356948914E-05
3.2 0.003219315895 -1.584711345E-20
3.4 0.003113677536 -7.862822061E-06
3.6 0.003001661297 3.932994362E-05
3.8 0.002908440774 2.360747381E-05
4 0.002824591898 9.446795647E-05
4.2 0.002728074597 0.0001023815524
4.4 0.002647236789 7.090812828E-05
4.6 0.002566333737 0.0001261097659
4.8 0.002504289463 0.0001577008478
5 0.002435884491 4.732936187E-05
5.2 0.002395833333 2.89545169E-20
5.4 0.002321013541 8.684064268E-05
5.6 0.002255610594 6.318236959E-05
5.8 0.002196475526 7.9009911E-05
6 0.00214045427 0.000134371206
6.2 0.00207173583 7.907388664E-05
6.4 0.001993469016 7.910591333E-05
6.6 0.001911973258 8.705176256E-05
6.8 0.00184624544 7.917004459E-06
7 0.001786800487 -0.000102962794
7.2 0.001730476673 -7.131085193E-05
7.4 0.00166459517 4.755986201E-05
7.6 0.001601832115 -2.378958587E-05
7.8 0.001573923639 3.06902669E-20
8 0.001523770825 -4.761783828E-05
8.2 0.001476753049 -0.0001111534553
8.4 0.001432874136 -1.588552257E-05
8.6 0.001382602726 -2.383797803E-05
8.8 0.001332290395 -3.17969068E-05
9 0.001301023005 -3.180985342E-05
9.2 0.001269730143 -1.59114053E-05
9.4 0.001241595355 1.591788916E-05
9.6 0.001216622503 7.165970241E-05
9.8 0.001198001631 7.965436378E-06
10 0.00118255304 -3.1874745E-05
10.2 0.001154336735 -2.391581633E-05
10.4 0.001138857697 7.975193957E-06
10.6 0.00111060049 -9.204555071E-21
10.8 0.001088705558 -1.59634246E-05
11 0.001069986713 4.790985282E-05
11.2 0.00104805726 -3.195296524E-05
11.4 0.001042092881 -0.0001438471768
11.6 0.001039321531 -4.796868604E-05
11.8 0.001023751024 6.398443898E-05
12 0.0009985661614 8.001331422E-06
12.2 0.0009765625 -3.554761221E-22
12.4 0.0009513376384 8.007892579E-06
12.6 0.0009292965546 2.403353158E-05
12.8 0.0008976200246 1.602892901E-05
13 0.0008787458949 -5.612428161E-05
13.2 0.0008438141684 -1.604209446E-05
13.4 0.0008313218981 -1.604868529E-05
13.6 0.0008220304151 -8.83040485E-05
13.8 0.0008159436678 -8.834035773E-05
14 0.0008098519128 -6.427396133E-05
14.2 0.0007973251029 -4.01877572E-05
14.4 0.0007912206669 4.020430218E-05
14.6 0.0007722405272 1.608834432E-05
14.8 0.0007629017305 -8.047486609E-05
15 0.0007503349134 -0.0001127112531
15.2 0.000737757732 -8.859536082E-05
15.4 0.0007348391089 -6.445957096E-05
15.6 0.0007286937681 -0.0001289723483
15.8 0.0007225433526 -0.0001854742981
16 0.0007163878563 -0.0001613486163
16.2 0.0007069989669 -0.0001129907025
16.4 0.0007040615957 -0.0001130374122
16.6 0.0006914288668 -0.0001130841605
16.8 0.0006852503103 -5.656547373E-05
17 0.0006725993377 -6.467301325E-05
17.2 0.0006599378882 -4.852484472E-05
17.4 0.0006440296189 -6.215972687E-21
17.6 0.0006313458351 -6.475341898E-05
17.8 0.0006316075871 -9.717039801E-05
18 0.0006351099129 5.306339957E-21
18.2 0.0006288900415 -4.052126556E-05
18.4 0.0006161789124 -7.296855542E-05
18.6 0.0006002128322 -1.622196844E-05
18.8 0.0005842334857 -3.245741587E-05
19 0.000561746675 -3.247090607E-05
19.2 0.0005457380457 -5.68477131E-05
19.4 0.0005329658902 -9.74937604E-05
19.6 0.0005234342489 -8.940647108E-05
19.8 0.0005106421732 -5.691871357E-05
20 0.0004913317368 -0.0001057502082
20.2 0.000478515625 -8.951822917E-05
20.4 0.0004656888287 -8.141413089E-06
20.6 0.0004495934112 8.144808173E-06
20.8 0.0004400031289 -5.703744264E-05
21 0.0004271441987 -9.781928214E-05
21.2 0.0004240605428 -3.262004175E-05
21.4 0.0004111842105 8.158416876E-06
21.6 0.0004113560384 7.345643544E-05
21.8 0.0004049958194 8.981762124E-05
22 0.0004051652028 8.168653283E-06
22.2 0.0003987970711 8.17207113E-06
22.4 0.0003891534115 -1.228066588E-20
22.6 0.000379501675 -4.089457705E-05
22.8 0.0003796606619 -1.63646837E-05
23 0.0003699968567 -4.911462699E-05
23.2 0.0003603249476 -3.275681342E-05
23.4 0.0003506449245 3.277055369E-05
23.6 0.0003475136383 1.546910359E-20
23.8 0.0003476595298 -8.199517212E-06
24 0.0003412431751 2.460888282E-05
24.2 0.0003381039916 3.425714427E-21
24.4 0.0003415300546 8.209857083E-06
24.6 0.0003383883516 8.213309504E-06
24.8 0.000335244005 -4.930058898E-05
25 0.0003288089226 8.220223064E-06
25.2 0.0003256578947 1.644736842E-05
25.4 0.0003225042123 -8.227148273E-06
25.6 0.0003127633797 -7.407553729E-05
25.8 0.0003128952361 -4.11704258E-05
26 0.0003031421341 0.0001070882539
26.2 0.0002999736287 9.065137131E-05
26.4 0.0002902068383 2.473353736E-05
26.6 0.000280431799 -4.948796453E-05
26.8 0.0002739490917 -0.0001072692226
27 0.0002773668639 -5.778476331E-05
27.2 0.0002741807611 -4.955073996E-05
27.4 0.0002709919628 -4.957170051E-05
27.6 0.0002711066441 -4.132723233E-05
27.8 0.0002778365792 -5.788262066E-05
28 0.0002746452774 -4.136224058E-05
28.2 0.0002681408898 -4.137976695E-05
28.4 0.0002616309877 8.279461636E-06
28.6 0.000255115564 5.798081001E-05
28.8 0.0002485946118 3.314594824E-05
29 0.0002487001273 6.632003396E-05
29.2 0.0002521231423 8.293524416E-05
29.4 0.0002588678845 4.148523789E-05
29.6 0.0002656183595 3.320229494E-05
29.8 0.000275696216 -8.304102891E-06
30 0.0002724904296 -4.153817524E-05
30.2 0.0002825797872 -9.973404255E-05
30.4 0.0002893518519 -9.146179225E-05
30.6 0.0002894750852 -1.663649915E-05
30.8 0.0002895984235 1.456149387E-20
31 0.0002863917306 3.018163018E-20
31.2 0.0002931769723 -3.331556503E-05
31.4 0.0002933020478 -2.499733362E-05
31.6 0.0002900928297 -1.667200171E-05
31.8 0.0002868808711 3.335824082E-05
32 0.0002803289193 4.171561299E-05
32.2 0.0002704326923 -2.50400641E-05
32.4 0.000263868106 -2.505076956E-05
32.6 0.000253956373 -3.341531223E-05
32.8 0.0002540650407 -4.178701326E-05
33 0.0002407962329 1.768515767E-20
33.2 0.0002375535332 3.345824411E-05
33.4 0.0002309607969 4.184072408E-05
33.6 0.0002176650236 2.511519503E-05
33.8 0.0002144082333 -5.862725129E-05
34 0.0002044455169 -3.351565852E-05
34.2 0.0001944742489 5.029506438E-05
34.4 0.0001844944182 4.193054959E-05
34.6 0.0001778618986 4.1948561E-05
34.8 0.0001745810056 8.393317576E-06
35 0.0001746560619 3.543653755E-20
35.2 0.0001747311828 -1.680107527E-05
35.4 0.0001781680293 -4.202076162E-05
35.6 0.0001816078347 -1.681554025E-05
35.8 0.0001816860465 -8.411391042E-06
36 0.0001817643257 8.41501508E-06
36.2 0.0001852101293 4.209321121E-05
36.4 0.0001920278137 6.737818025E-05
36.6 0.0001921106557 3.370362381E-05
36.8 0.0002056808373 -1.685908502E-05
37 0.0002057696459 -5.903227547E-05
37.2 0.0002126079914 -1.687365011E-05
37.4 0.0002160760588 2.532141314E-05
37.6 0.0002195471249 1.688824038E-05
37.8 0.0002264003028 3.379108997E-05
38 0.0002264982691 5.915999567E-05
38.2 0.000229978355 5.918560606E-05
38.4 0.0002300779558 1.691749675E-05
38.6 0.0002335626083 1.692482669E-05
38.8 0.0002302774166 0.0001523894668
39 0.0002303772767 0.0001185765395
39.2 0.0002304772234 8.473427332E-06
39.4 0.000233968099 1.695421007E-05
39.6 0.0002137158055 4.240392966E-05
39.8 0.0002273837967 4.242235013E-05
40 0.0002342731421 8.488157323E-06
40.2 0.0002445652174 5.944293478E-05
40.4 0.0002378751631 0.0001019464985
40.6 0.0002447780679 5.949466928E-05
40.8 0.0002448846321 -2.550881585E-05
41 0.0002381859756 -4.253320993E-05
41.2 0.0002416938998 -6.808278867E-05
41.4 0.0002486105057 -6.811246731E-05
41.6 0.0002589402529 1.703554296E-05
41.8 0.0002522360384 8.521487784E-06
42 0.0002523461371 7.589914689E-21
42.2 0.0002558679039 8.528930131E-06
42.4 0.000252566623 -5.972859327E-05
42.6 0.0002629206731 -6.829108392E-05
42.8 0.0002732837779 -8.540118059E-06
43 0.0002802384077 3.417541557E-05
43.2 0.0002940371991 1.7095186E-05
43.4 0.000294165937 1.710267075E-05
43.6 0.0003045608848 -8.555081034E-06
43.8 0.000311541411 -4.279414987E-05
44 0.0003082529592 -3.42503288E-05
44.2 0.0003049616228 -3.426535088E-05
44.4 0.0002982393594 2.57102896E-05
44.6 0.0002949407375 1.71477173E-05
44.8 0.0002950702679 -2.57328722E-05
45 0.000291767355 -1.487722678E-20
45.2 0.0002850274725 8.585164835E-06
45.4 0.0002817172383 -2.576682058E-05
45.6 0.0002784040915 -6.014903212E-05
45.8 0.0002819652289 -1.719300176E-05
46 0.0002786492734 -2.580085865E-05
46.2 0.0002856552863 -4.302037445E-05
46.4 0.0002823380344 -6.025506831E-05
46.6 0.000282462522 -4.305831129E-05
46.8 0.0002756947508 -1.723092192E-05
47 0.0002689210062 -6.895410415E-05
47.2 0.0002759381898 8.623068433E-06
47.4 0.0002726093198 9.489564929E-05
47.6 0.000265825232 3.45227574E-05
47.8 0.0002659427498 -8.634504863E-06
48 0.0002660603715 3.4553295E-05
48.2 0.0002558075221 4.321073009E-05
48.4 0.0002559207614 -1.729194334E-05
48.6 0.0002629539415 -0.0001124474092
48.8 0.0002665319008 -6.057543199E-05
49 0.0002701130319 8.657468972E-06
49.2 0.0002736973392 -3.464523282E-05
49.4 0.0002738187666 -3.466060337E-05
49.6 0.0002739403018 2.600699068E-05
49.8 0.0002740619449 -8.672846359E-06
50 0.0002707130164 -4.338349622E-05
50.2 0.0002743055556 3.472222222E-05
50.4 0.0002744275233 8.684415296E-06
50.6 0.0002815002224 -3.475311388E-05
50.8 0.0002816255007 -6.953716066E-05
51 0.0002887077026 -5.217609083E-05
51.2 0.0002923162584 8.699888641E-06
51.4 0.0002889650178 -1.740753119E-05
51.6 0.0002960599643 -8.70764601E-06
51.8 0.0002927074041 -4.355764942E-05
52 0.0002928380187 -5.229250335E-05
52.2 0.0002790178571 1.743861607E-05
52.4 0.0002756531934 -1.744640464E-05
52.6 0.0002653038427 -5.236260054E-05
52.8 0.0002654224408 -3.492400536E-05
53 0.0002655411449 -5.240943649E-05
53.2 0.0002586689038 -3.495525727E-05
53.4 0.000241299239 -4.371363026E-05
53.6 0.0002379086431 -7.871977161E-05
53.8 0.000241515457 -6.125392025E-05
54 0.0002416237113 -1.750896459E-05
54.2 0.000245235426 -2.627522422E-05
54.4 0.0002488503813 -6.13363616E-05
54.6 0.0002524685817 -1.753254039E-05
54.8 0.0002490738662 2.631061967E-05
55 0.0002526954178 -2.632243935E-05
55.2 0.0002598314607 -7.02247191E-05
55.4 0.0002599482914 -6.147425809E-05
55.6 0.0002565508322 -2.635796221E-05
55.8 0.0002566662916 -5.273964896E-05
56 0.0002532642954 -5.276339487E-05
56.2 0.0002463400901 1.759572072E-05
56.4 0.0002358889139 8.801825146E-06
56.6 0.0002324729486 -3.522317403E-05
56.8 0.0002255299955 -3.52390618E-05
57 0.0002185807762 8.813740975E-06
57.2 0.0002080981941 1.763544018E-05
57.4 0.0001976061427 8.8217028E-06
57.6 0.0001906348848 -8.82568911E-06
57.8 0.0001836573237 -2.648903707E-05
58 0.0001766734509 -5.300203528E-05
58.2 0.00016614819 -2.651300905E-05
58.4 0.0001556133997 -2.652501132E-05
58.6 0.0001521456069 -4.422837409E-05
58.8 0.0001451347984 -3.539873131E-05
59 0.0001452005893 -5.312216682E-05
59.2 0.0001381802721 -6.200396825E-05
59.4 0.0001346982759 -3.54469147E-05
59.6 0.000134759419 -8.865751248E-06
59.8 0.0001241768847 -9.453533929E-21
60 0.0001171342572 -1.733935324E-20
60.2 0.0001136363636 -2.663352273E-05
60.4 0.0001030297863 -1.776375625E-05
60.6 9.241355778E-05 -2.665775705E-05
60.8 9.24556213E-05 -5.333978152E-05
61 8.89401184E-05 -3.557604736E-05
61.2 8.186218679E-05 -3.559225513E-05
61.4 7.47778031E-05 -6.231483592E-05
61.6 6.76869585E-05 -2.671853625E-05
61.8 6.058964416E-05 -8.910241788E-06
62 5.348585121E-05 -1.782861707E-05
62.2 4.637557078E-05 -3.567351598E-05
62.4 4.996573778E-05 -6.245717222E-05
62.6 4.998857404E-05 -8.033877971E-05
62.8 5.001143118E-05 -7.144490169E-05
63 5.003430924E-05 -5.360818847E-05
63.2 5.005720824E-05 -5.363272311E-05
63.4 5.008012821E-05 -3.577152015E-05
63.6 5.368185983E-05 -1.254731396E-21
63.8 5.370646196E-05 1.790215399E-05
64 5.014901421E-05 9.544558327E-21
64.2 5.375573394E-05 1.791857798E-05
64.4 6.095112437E-05 -3.184439607E-21
64.6 7.174012856E-05 -1.793503214E-05
64.8 7.536173633E-05 -8.971635278E-06
65 7.898667279E-05 1.795151654E-05
65.2 7.902298851E-05 8.979885057E-06
65.4 7.905933763E-05 1.595881763E-20
65.6 7.90957202E-05 1.797630005E-05
65.8 7.913213628E-05 3.596915285E-05
66 7.557001382E-05 1.799286043E-05
66.2 7.200460829E-05 -9.000576037E-06
66.4 6.843591517E-05 -3.601890272E-05
66.6 6.486392989E-05 9.008879151E-06
66.8 5.768343332E-05 -9.013036456E-06
67 5.771006464E-05 -4.5085988E-05
67.2 5.051963048E-05 -9.021362587E-06
67.4 5.054297597E-05 -9.025531423E-06
67.6 5.056634304E-05 6.32079288E-05
67.8 5.058973173E-05 4.516940333E-05
68 5.061314206E-05 1.807612217E-05
68.2 4.701967593E-05 4.521122685E-05
68.4 4.342288096E-05 6.332503474E-05
68.6 3.982275255E-05 2.715187674E-05
68.8 3.984121465E-05 2.716446453E-05
69 4.710691095E-05 4.529510668E-05
69.2 5.075406032E-05 3.625290023E-05
69.4 5.44045961E-05 1.813486537E-05
69.6 5.44298653E-05 9.071644217E-06
69.8 5.445515799E-05 2.7227579E-05
70 5.44804742E-05 2.72402371E-05
70.2 5.087209302E-05 2.725290698E-05
70.4 4.726035365E-05 9.088529549E-06
70.6 4.728235568E-05 3.637104283E-05
70.8 4.366557988E-05 5.458197485E-05
71 4.004543336E-05 5.460740913E-05
71.2 3.642191142E-05 4.552738928E-05
71.4 3.279500933E-05 3.643889925E-05
71.6 2.551913206E-05 5.468385441E-05
71.8 1.823646125E-05 3.64729225E-05
72 1.094698739E-05 3.648995796E-05
72.2 3.650700935E-06 1.825350467E-05
72.4 3.652407667E-06 1.826203834E-05
72.6 7.308231993E-06 4.567644995E-05
72.8 1.096747777E-05 1.655291076E-21
73 1.463014981E-05 -9.703780147E-21
73.2 1.463700234E-05 -2.744437939E-05
73.4 1.464386129E-05 -5.491447985E-05
73.6 1.465072668E-05 -9.156704173E-06
73.8 1.46575985E-05 -4.580499531E-05
74 1.466447677E-05 -9.165297982E-06
74.2 1.46713615E-05 4.584800469E-05
74.4 1.46782527E-05 -1.924820632E-20
74.6 1.101386278E-05 -6.424753289E-05
74.8 1.10190409E-05 -7.346027268E-05
75 1.102422389E-05 -5.512111947E-05
75.2 1.102941176E-05 -6.433823529E-05
75.4 1.471280603E-05 -3.678201507E-05
75.6 1.471973622E-05 -2.759950542E-05
75.8 1.472667295E-05 -4.602085297E-05
76 1.473361622E-05 -2.762553041E-05
76.2 1.105542453E-05 1.455607668E-20
76.4 1.106064181E-05 -2.765160453E-05
76.6 1.106586402E-05 -4.610776676E-05
76.8 1.107109117E-05 -1.539646573E-21
77 1.107632325E-05 8.805369495E-21
77.2 7.387706856E-06 -2.770390071E-05
77.4 3.695600757E-06 -9.239001892E-06
77.6 0 1.84867487E-05
77.8 0 2.774325284E-05
78 0 1.850426338E-05
78.2 0 1.851303318E-05
78.4 0 9.260905642E-06
78.6 0 -1.853059772E-05
78.8 0 -9.269696251E-06
79 0 -1.854819563E-05
79.2 0 -2.783551069E-05
79.4 0 1.044370776E-20
79.6 0 -1.857465525E-05
79.8 0 -1.858349191E-05
80 0 -2.788850547E-05
80.2 0 -5.580357143E-05
80.4 0 1.861005241E-05
80.6 0 7.447569113E-05
80.8 0 6.566257543E-21
81 0 -9.318344466E-06
81.2 0 3.729116945E-05
81.4 0 2.798173352E-05
81.6 0 1.866340182E-05
81.8 0 1.867232314E-05
82 0 1.868125299E-05
82.2 0 3.738038278E-05
82.4 0 9.349569172E-06
82.6 0 -2.80621408E-05
82.8 0 -1.871705798E-05
83 0 -1.872603068E-05
83.2 0 -1.873501199E-05
83.4 0 2.830163061E-20
83.6 0 1.875300048E-05
83.8 0 9.381003842E-06
84 3.754204709E-06 9.385511773E-06
84.2 3.756009615E-06 9.390024038E-06
84.4 7.515632516E-06 -2.818362193E-05
84.6 1.127887392E-05 9.399061598E-06
84.8 1.128430429E-05 3.761434762E-05
85 1.128973988E-05 1.881623314E-05
85.2 1.129518072E-05 2.823795181E-05
85.4 1.130062681E-05 -2.825156702E-05
85.6 1.130607815E-05 -4.710865895E-05
85.8 1.131153475E-05 -1.885255792E-05
86 1.131699662E-05 -0
86.2 1.132246377E-05 3.774154589E-05
86.4 1.13279362E-05 1.887989367E-05
86.6 1.133341393E-05 3.355364557E-20
86.8 1.133889695E-05 4.724540397E-05
87 1.134438529E-05 4.726827202E-05
87.2 7.566585956E-06 2.837469734E-05
87.4 1.135537791E-05 3.785125969E-05
87.6 7.573921474E-06 3.786960737E-05
87.8 7.577594568E-06 -2.019076791E-20
88 1.137190684E-05 -1.895317807E-05
88.2 1.137742718E-05 4.74059466E-05
88.4 1.138295289E-05 7.58863526E-05
88.6 1.138848397E-05 4.745201652E-05
88.8 1.139402042E-05 5.697010209E-05
89 1.139956226E-05 6.64974465E-05
89.2 1.140510949E-05 2.025954424E-20
89.4 1.141066212E-05 -9.508885102E-06
89.6 1.141622017E-05 2.854055041E-05
89.8 1.142178363E-05 -1.738007016E-20
90 1.142735251E-05 9.522793759E-06
90.2 1.143292683E-05 3.81097561E-05
90.4 1.143850659E-05 9.532088824E-06
90.6 1.14440918E-05 -9.536743164E-06
90.8 1.144968246E-05 2.862420616E-05
91 7.636852395E-06 5.727639296E-05
91.2 1.14608802E-05 2.865220049E-05
91.4 7.644324853E-06 3.822162427E-05
91.6 7.648066569E-06 3.824033284E-05
91.8 1.53036239E-05 -1.912952987E-05
92 1.91389025E-05 -1.91389025E-05
92.2 1.914828431E-05 -2.872242647E-05
92.4 1.532614026E-05 -5.747302599E-05
92.6 1.150024534E-05 -2.875061335E-05
92.8 1.150589102E-05 9.588242514E-06
93 7.674361493E-06 9.592951866E-06
93.2 1.151719902E-05 -1.91953317E-05
93.4 7.681907571E-06 -3.840953786E-05
93.6 7.685686178E-06 -7.685686178E-05
93.8 1.153420276E-05 -5.767101378E-05
94 1.153988183E-05 2.884970458E-05
94.2 1.15455665E-05 9.621305419E-06
94.4 1.155125678E-05 -2.887814194E-05
94.6 1.155695266E-05 -2.889238166E-05
94.8 7.708436112E-06 -2.890663542E-05
95 7.712240869E-06 -1.112346232E-20
95.2 3.858024691E-06 1.047949952E-20
95.4 0 -2.894948123E-05
95.6 0 -2.041393498E-21
95.8 0 -1.931874382E-05
96 3.865660564E-06 -9.66415141E-05
96.2 7.735148515E-06 -7.735148515E-05
96.4 1.160846954E-05 -3.869489846E-05
96.6 1.548562934E-05 -3.871407334E-05
96.8 1.936663361E-05 -2.904995042E-05
97 1.550099206E-05 -9.68812004E-06
97.2 1.163151365E-05 -2.907878412E-05
97.4 7.758192651E-06 -2.909322244E-05
97.6 3.881023348E-06 -3.057445886E-20
97.8 0 1.941476143E-05
98 0 -1.942441571E-05
98.2 0 -4.8585199E-05
98.4 0 -4.860938278E-05
98.6 0 -3.890687251E-05
98.8 0 -9.731564524E-06
99 0 -1.947283151E-05
99.2 0 -3.896508728E-05
99.4 0 -2.92383982E-05
99.6 3.900399401E-06 -9.750998502E-06
99.8 0 -1.951173826E-05
100 3.904297851E-06 -9.760744628E-06
100.2 3.90625E-06 9.765625E-06
100.4 0 -1.954102051E-05
100.6 0 -4.8877002E-05
100.8 0 -4.890147722E-05
101 0 -9.785195391E-06
101.2 0 2.937030075E-05
101.4 0 -7.426628425E-21
101.6 0 -9.799924737E-06
101.8 3.921937751E-06 -2.941453313E-05
102 7.847815168E-06 -3.923907584E-05
102.2 1.177763819E-05 -1.962939698E-05
102.4 1.178355958E-05 -9.819632981E-06
102.6 1.178948692E-05 -1.731323512E-20
102.8 1.179542023E-05 8.477490422E-22
103 3.933786506E-06 9.834466264E-06
103.2 3.935768262E-06 -9.839420655E-06
103.4 3.937752016E-06 -3.937752016E-05
103.6 3.939737771E-06 -2.954803328E-05
103.8 0 -3.94172553E-05
104 0 -1.971857648E-05
104.2 0 -9.40448385E-22
104.4 0 9.869252148E-06
104.6 0 9.874241658E-06
104.8 0 -2.963770865E-05
105 0 -3.953694332E-05
105.2 0 -4.944620253E-05
105.4 0 -4.947125127E-05
105.6 0 -2.969779524E-05
105.8 0 -9.90428499E-06
106 0 9.909309995E-06
106.2 0 1.98286802E-05
106.4 0 1.983875063E-05
106.6 0 -9.92441565E-06
106.8 0 9.929461108E-06
107 0 3.97380468E-05
107.2 3.975826972E-06 9.93956743E-06
107.4 3.977851324E-06 -9.94462831E-06
107.6 7.959755476E-06 1.254290365E-20
107.8 7.963812436E-06 9.954765545E-06
108 1.19518103E-05 -9.959841917E-06
108.2 7.971938776E-06 9.964923469E-06
108.4 3.988004084E-06 2.112423535E-20
108.6 0 -1.995020429E-05
108.8 0 -3.293364223E-21
109 0 4.213202928E-21
109.2 0 1.597187855E-20
109.4 0 9.995522006E-06
109.6 0 1.000064004E-05
109.8 0 2.001152664E-05
110 0 1.001089185E-05
110.2 0 -2.003205128E-05
110.4 0 -2.00423294E-05
110.6 0 -2.005261807E-05
110.8 0 -3.009437596E-05
111 0 -5.018306783E-05
111.2 0 -4.016709512E-05
111.4 0 -1.00469393E-05
111.6 0 2.010422028E-05
111.8 4.022914521E-06 3.017185891E-05
112 0 4.02498712E-05
112.2 0 5.03382732E-05
112.4 0 1.007284683E-05
112.6 4.03121775E-06 -5.039022188E-05
112.8 4.033298916E-06 -7.058273103E-05
113 8.070764463E-06 -4.035382231E-05
113.2 1.21124031E-05 2.01873385E-05
113.4 1.61582213E-05 3.029666494E-05
113.6 1.616658044E-05 3.031233833E-05
113.8 1.617494824E-05 2.02186853E-05
114 1.213749353E-05 -5.057288969E-05
114.2 1.619170984E-05 -4.047927461E-05
114.4 1.215007776E-05 3.03751944E-05
114.6 1.215637967E-05 4.052126556E-05
114.8 1.216268812E-05 3.040672029E-05
115 1.622533749E-05 2.028167186E-05
115.2 1.217532468E-05 -5.073051948E-05
115.4 1.218165281E-05 -2.030275468E-05
115.6 8.125325013E-06 4.062662507E-05
115.8 8.129552549E-06 5.080970343E-05
116 0 4.066892244E-05
116.2 8.138020833E-06 1.017252604E-05
116.4 8.142261595E-06 -1.017782699E-05
116.6 1.221976017E-05 -3.054940042E-05
116.8 1.222613459E-05 -1.018844549E-05
117 1.631002088E-05 -1.019376305E-05
117.2 1.631853786E-05 -4.079634465E-05
117.4 1.632706374E-05 -2.040882968E-05
117.6 1.633559854E-05 -3.627231523E-21
117.8 1.634414226E-05 -2.043017782E-05
118 1.226452119E-05 1.815513842E-21
118.2 1.227094241E-05 1.022578534E-05
118.4 8.184913567E-06 2.008535291E-20
118.6 8.189203354E-06 2.144015559E-20
118.8 4.09674882E-06 -1.024187205E-05
119 8.197796432E-06 -1.024724554E-05
119.2 1.230314961E-05 -1.025262467E-05
119.4 1.641281513E-05 1.025800945E-05
119.6 1.642143983E-05 3.079019968E-05
119.8 1.643007361E-05 2.053759201E-05
120 1.232903735E-05 1.4793314E-20
120.2 1.644736842E-05 1.027960526E-05
120.4 1.645602949E-05 1.028501843E-05
120.6 1.646469968E-05 -2.05808746E-05
120.8 1.647337902E-05 9.664399739E-21
121 1.648206751E-05 3.090387658E-05
121.2 1.649076517E-05 2.061345646E-05
121.4 1.649947202E-05 1.031217001E-05
121.6 1.650818806E-05 3.095285261E-05
121.8 1.651691332E-05 2.347194555E-20
122 1.652564781E-05 -1.032852988E-05
122.2 1.653439153E-05 3.100198413E-05
122.4 1.654314452E-05 3.101839598E-05
122.6 2.068988347E-05 4.137976695E-05
122.8 1.656067833E-05 2.070084791E-05
123 2.485418876E-05 1.035591198E-05
123.2 2.486737401E-05 2.072281167E-05
123.4 2.902733546E-05 -2.073381104E-05
123.6 2.904275093E-05 -3.111723314E-05
123.8 3.320935175E-05 1.401051904E-20
124 3.322700691E-05 1.038343966E-05
124.2 2.908909574E-05 -6.366412115E-21
124.4 3.32623736E-05 2.07889835E-05
124.6 2.49600639E-05 4.16001065E-05
124.8 2.497336175E-05 3.121670218E-05
125 2.082222814E-05 2.082222814E-05
125.2 2.083333333E-05 3.125E-05
125.4 2.501334045E-05 -2.787300083E-20
125.6 2.9197811E-05 -4.42392993E-20
125.8 3.756009615E-05 3.130008013E-05
126 3.758017103E-05 3.131680919E-05
126.2 3.760026738E-05 5.222259358E-05
126.4 2.508025682E-05 4.180042804E-05
126.6 1.672912206E-05 -2.699743363E-20
126.8 1.255356186E-05 -3.248610121E-21
127 1.256028939E-05 -2.093381565E-05
127.2 1.675603217E-05 -1.047252011E-05
127.4 1.257376609E-05 2.095627682E-05
127.6 8.387010199E-06 3.145128824E-05
127.8 4.19575725E-06 1.048939313E-05
128 0 -4.198011822E-05
128.2 0 -3.150201613E-05
128.4 0 -2.10126412E-05
128.6 0 2.102395048E-05
128.8 0 6.310581583E-05
129 0 2.10466056E-05
129.2 0 -1.052897574E-05
129.4 0 4.21386192E-05
129.6 0 3.162101997E-05
129.8 0 5.620054458E-22
130 0 2.586621715E-20
130.2 0 -3.16722973E-05
130.4 0 -3.168942672E-05
130.6 0 -1.056885823E-05
130.8 0 -2.11491608E-05
131 0 -1.058030878E-05
131.2 0 -7.621624894E-21
131.4 0 -7.481057492E-21
131.6 0 1.05975312E-05
131.8 0 1.060328447E-05
132 0 5.304521999E-05
132.2 0 5.307404891E-05
132.4 0 4.248232735E-05
132.6 0 1.062636017E-05
132.8 4.252857921E-06 -7.442501361E-05
133 8.510348584E-06 -4.255174292E-05
133.2 1.277247956E-05 2.128746594E-05
133.4 1.703925845E-05 3.19486096E-05
133.6 2.557283142E-05 5.327673213E-05
133.8 2.558679039E-05 4.264465066E-05
134 2.560076461E-05 4.266794102E-05
134.2 2.56147541E-05 7.470969945E-05
134.4 2.562875888E-05 4.271459814E-05
134.6 2.991657549E-05 1.068449125E-05
134.8 3.420908593E-05 4.276135742E-05
135 3.850629792E-05 3.20885816E-05
135.2 3.852739726E-05 -1.070205479E-05
135.4 3.854851974E-05 4.28316886E-05
135.6 3.428414701E-05 5.35689797E-05
135.8 3.00150933E-05 3.215902854E-05
136 2.574135091E-05 5.362781439E-05
136.2 2.575549451E-05 3.219436813E-05
136.4 2.576965366E-05 3.221206707E-05
136.6 2.578382838E-05 2.148652365E-05
136.8 2.579801871E-05 1.074917446E-05
137 2.581222467E-05 2.151018722E-05
137.2 2.582644628E-05 1.929680531E-20
137.4 2.584068357E-05 2.186100916E-20
137.6 2.585493657E-05 5.386445119E-05
137.8 2.58692053E-05 5.38941777E-05
138 3.019740475E-05 2.156957482E-05
138.2 3.453038674E-05 -2.158149171E-05
138.4 3.88681592E-05 -3.239013267E-05
138.6 4.321073009E-05 -1.080268252E-05
138.8 4.755810736E-05 -1.080866076E-05
139 5.1910299E-05 1.081464563E-05
139.2 5.626731302E-05 5.399494463E-21
139.4 5.629850333E-05 -1.191628987E-20
139.6 5.632972823E-05 3.411484383E-20
139.8 5.636098779E-05 -2.1677303E-05
140 5.205441421E-05 1.084466963E-05
140.2 5.208333333E-05 1.100046541E-20
140.4 5.21122846E-05 -2.171345192E-05
140.6 4.77961624E-05 3.258829255E-05
140.8 4.347523651E-05 5.434404563E-05
141 3.914949889E-05 1.08748608E-05
141.2 3.917130919E-05 -2.176183844E-05
141.4 2.612876254E-05 -3.266095318E-05
141.6 1.742889013E-05 -2.178611266E-05
141.8 1.307896205E-05 2.179827009E-05
142 1.308626466E-05 2.181044109E-05
142.2 1.745810056E-05 6.96293286E-21
142.4 1.310089435E-05 -5.458705981E-05
142.6 1.310822148E-05 -6.554110738E-05
142.8 1.31155568E-05 -1.092963067E-05
143 1.312290034E-05 -3.280725084E-05
143.2 1.31302521E-05 -5.470938375E-05
143.4 1.313761211E-05 -1.094801009E-05
143.6 1.314498037E-05 1.083535495E-20
143.8 1.753647587E-05 -1.096029742E-05
144 1.315974172E-05 3.28993543E-05
144.2 4.389044944E-06 4.389044944E-05
144.4 0 -1.097878021E-05
144.6 0 -1.098495501E-05
144.8 0 4.396454699E-05
145 0 7.698127815E-05
145.2 0 4.401408451E-05
145.4 0 1.100972379E-05
145.6 0 3.304780034E-05
145.8 0 2.204430023E-05
146 0 1.10283738E-05
146.2 4.413841808E-06 2.206920904E-05
146.4 1.324901074E-05 4.416336914E-05
146.6 1.325650452E-05 5.523543552E-05
146.8 1.326400679E-05 1.105333899E-05
147 1.327151755E-05 -1.105959796E-05
147.2 1.327903683E-05 3.319759207E-05
147.4 1.328656463E-05 3.321641156E-05
147.6 1.329410096E-05 -2.215683494E-05
147.8 1.330164586E-05 -6.650822928E-05
148 1.330919932E-05 -8.872799546E-05
148.2 1.775568182E-05 -7.768110795E-05
148.4 1.332433201E-05 -7.772527004E-05
148.6 1.777588168E-05 -5.554963026E-05
148.8 1.778599886E-05 -1.111624929E-05
149 1.779612756E-05 -1.112257973E-05
149.2 1.335470085E-05 -4.451566952E-05
149.4 1.781641961E-05 -3.340578677E-05
149.6 1.7826583E-05 -1.114161438E-05
149.8 1.337756849E-05 1.114797374E-05
150 8.923472302E-06 5.577170188E-05
150.2 8.928571429E-06 4.464285714E-05
150.4 4.466838193E-06 2.233419097E-05
150.6 1.340818078E-05 -2.234696796E-05
150.8 2.235975959E-05 -2.235975959E-05
151 2.237256586E-05 3.35588488E-05
151.2 2.686246418E-05 4.477077364E-05
151.4 2.687786697E-05 5.599555619E-05
151.6 2.689328744E-05 6.723321859E-05
151.8 2.69087256E-05 6.727181401E-05
152 2.69241815E-05 3.365522688E-05
152.2 2.693965517E-05 -9.530743595E-21
152.4 2.24626222E-05 1.12313111E-05
152.6 2.247554661E-05 -4.523014814E-21
152.8 1.799078872E-05 -1.124424295E-05
153 1.800115207E-05 -2.250144009E-05
153.2 2.251440922E-05 3.377161383E-05
153.4 1.802191465E-05 7.884587659E-05
153.6 1.803231391E-05 2.254039238E-05
153.8 1.353204388E-05 -1.127670323E-05
154 1.353986135E-05 -4.513287117E-05
154.2 1.354768786E-05 -4.515895954E-05
154.4 1.355552342E-05 -3.388880856E-05
154.6 1.356336806E-05 -2.260561343E-05
154.8 1.357122177E-05 1.130935148E-05
155 9.052723059E-06 -2.263180765E-05
155.2 4.528985507E-06 -4.528985507E-05
155.4 4.531612529E-06 -1.132903132E-05
155.6 0 1.13356065E-05
155.8 0 1.134218931E-05
156 0 4.539511912E-05
156.2 0 5.677688953E-05
156.4 0 1.771680272E-20
156.6 0 -1.136859721E-05
156.8 0 1.13752184E-05
157 0 4.302166519E-20
157.2 0 3.41654519E-05
157.4 0 5.697564177E-05
157.6 0 2.2803561E-05
157.8 0 2.281688084E-05
158 0 4.56604325E-05
158.2 0 3.426535088E-05
158.4 0 3.428540082E-05
158.6 0 -1.143515808E-05
158.8 0 -4.576742824E-05
159 0 1.144856389E-05
159.2 0 2.291055718E-05
159.4 0 1.146200117E-05
159.6 0 -3.440619495E-05
159.8 4.590188014E-06 -3.442641011E-05
160 0 -8.87279282E-21
160.2 0 -4.595588235E-05
160.4 0 -4.598293114E-05
160.6 0 2.300500589E-05
160.8 4.603712434E-06 -1.150928108E-05
161 0 -5.758033608E-05
161.2 0 -3.456858407E-05
161.4 0 -4.611865407E-05
161.6 0 -3.460942115E-05
161.8 0 1.154329196E-05
162 0 1.917253878E-20
162.2 0 6.478736405E-21
162.4 0 -2.312759029E-05
162.6 0 -5.785322867E-05
162.8 0 -1.157750445E-05
163 0 3.475311388E-05
163.2 0 0.0001043212166
163.4 0 2.319625891E-05
163.6 0 -9.284016637E-05
163.8 0 -6.9671522E-05
164 0 -4.647531231E-05
164.2 0 2.32514881E-05
164.4 0 -1.163266825E-05
164.6 0 -5.819800358E-05
164.8 0 -5.823270722E-05
165 0 -5.826745227E-05
165.2 0 -3.498134328E-05
165.4 0 -9.333930705E-05
165.6 0 -0.0001167438733
165.8 0 -2.336273923E-05
166 0 -1.168836026E-05
166.2 0 -5.847679641E-05
166.4 0 -5.851183343E-05
166.6 0 -4.683752998E-05
166.8 0 -1.171640672E-05
167 0 -2.344687875E-05
167.2 0 -4.692192192E-05
167.4 0 -2.34750601E-05
167.6 0 -1.174458809E-05
167.8 0 -4.700661853E-05
168 0 -2.351745936E-05
168.2 0 -1.176581325E-05
168.4 0 -4.709162146E-05
168.6 0 -1.178000603E-05
168.8 0 -3.536134581E-05
169 0 -1.179423309E-05
169.2 0 1.180135952E-05
169.4 0 -2.361698912E-05
169.6 0 -2.363127647E-05
169.8 0 -2.364558111E-05
170 0 -1.394264434E-20
170.2 0 -1.183712121E-05
170.4 0 -3.553289873E-05
170.6 0 -4.74059466E-05
170.8 0 -5.929341226E-05
171 0 -5.932943499E-05
171.2 0 -4.749240122E-05
171.4 0 -3.564096715E-05
171.6 0 -1.188755326E-05
171.8 0 1.189479294E-05
172 0 -1.190204144E-05
172.2 0 -4.763719512E-05
172.4 0 -1.742390843E-21
172.6 0 4.76953602E-05
172.8 0 2.386224801E-05
173 4.775366748E-06 2.300204903E-20
173.2 9.556574924E-06 -1.194571865E-05
173.4 1.434363525E-05 -1.195302938E-05
173.6 1.913655848E-05 -4.78413962E-05
173.8 2.393535539E-05 -7.180606618E-05
174 2.395003066E-05 -1.893583573E-20
174.2 2.396472393E-05 5.991180982E-05
174.4 2.397943524E-05 4.795887047E-05
174.6 2.399416462E-05 2.399416462E-05
174.8 2.881069453E-05 1.200445605E-05
175 2.882841328E-05 -1.201183887E-05
175.2 2.884615385E-05 -1.201923077E-05
175.4 2.886391626E-05 1.202663177E-05
175.6 2.888170055E-05 -1.20340419E-05
175.8 2.889950678E-05 -2.408292232E-05
176 2.891733498E-05 1.204888957E-05
176.2 2.893518519E-05 1.205632716E-05
176.4 2.895305744E-05 -1.297727589E-20
176.6 2.414245983E-05 2.414245983E-05
176.8 2.415739023E-05 7.247217069E-05
177 1.933787129E-05 8.460318688E-05
177.2 1.45123839E-05 4.8374613E-05
177.4 9.680916976E-06 2.766342073E-20
177.6 1.453037818E-05 -1.210864848E-05
177.8 1.453939206E-05 -3.634848015E-05
178 1.939788951E-05 -2.424736189E-05
178.2 2.426242236E-05 2.426242236E-05
178.4 2.427750155E-05 9.41133757E-21
178.6 2.91511194E-05 1.214629975E-05
178.8 2.430771624E-05 4.861543248E-05
179 2.432285181E-05 2.432285181E-05
179.2 2.433800623E-05 5.757832366E-21
179.4 2.922381546E-05 3.652976933E-05
179.6 2.924204616E-05 7.310511541E-05
179.8 2.926029963E-05 6.095895755E-05
180 2.927857589E-05 2.439881324E-05
180.2 2.9296875E-05 9.62014147E-21
180.4 2.9315197E-05 1.25243739E-20
180.6 2.933354193E-05 -1.222230914E-05
180.8 3.42438948E-05 -1.222996243E-05
181 3.9160401E-05 2.447525063E-05
181.2 3.918495298E-05 4.898119122E-05
181.4 3.920953576E-05 4.90119197E-05
181.6 3.92341494E-05 2.452134338E-05
181.8 3.925879397E-05 1.226837312E-05
182 3.928346952E-05 3.682825267E-05
182.2 3.439465409E-05 3.685141509E-05
182.4 3.441629956E-05 2.458307111E-05
182.6 3.443797229E-05 -1.060418955E-20
182.8 3.445967234E-05 2.204279901E-20
183 3.448139975E-05 3.694435687E-05
183.2 3.943217666E-05 -4.356616994E-20
183.4 3.945707071E-05 -2.594385185E-20
183.6 3.454674668E-05 2.467624763E-05
183.8 2.963021492E-05 -3.739604765E-20
184 2.470746363E-05 2.470746363E-05
184.2 2.966772152E-05 4.944620253E-05
184.4 3.463426219E-05 8.546937846E-21
184.6 3.960709759E-05 1.2377218E-05
184.8 3.963221306E-05 6.192533291E-05
185 3.965736041E-05 -1.239292513E-05
185.2 3.472222222E-05 -4.96031746E-05
185.4 4.467121982E-05 -1.240867217E-05
185.6 4.966624285E-05 1.241656071E-05
185.8 5.466762087E-05 3.727337786E-05
186 5.470241884E-05 1.243236792E-05
186.2 5.473726115E-05 -3.732085987E-05
186.4 5.477214786E-05 -2.489643085E-05
186.6 5.480707908E-05 -3.736846301E-05
186.8 5.982769623E-05 -1.246410338E-05
187 5.487707535E-05 2.494412516E-05
187.2 4.99201278E-05 1.248003195E-05
187.4 4.995204604E-05 4.995204604E-05
187.6 4.998400512E-05 3.748800384E-05
187.8 5.501760563E-05 -2.500800256E-05
188 5.505285074E-05 -1.251201153E-05
188.2 5.008012821E-05 2.50400641E-05
188.4 4.51010263E-05 1.252806286E-05
188.6 4.011553273E-05 -1.930481072E-20
188.8 4.014129737E-05 -3.763246628E-05
189 3.012532134E-05 -6.276108612E-05
189.2 3.014469453E-05 -5.024115756E-05
189.4 3.016409266E-05 -5.027348777E-05
189.6 3.018351578E-05 -3.772939472E-05
189.8 3.020296392E-05 -2.51691366E-05
190 2.518536428E-05 -5.037072856E-05
190.2 2.52016129E-05 -3.780241935E-05
190.4 2.52178825E-05 -1.260894125E-05
190.6 2.523417313E-05 -3.785125969E-05
190.8 2.525048481E-05 -5.050096962E-05
191 2.021345408E-05 -2.526681759E-05
191.2 1.516990291E-05 -1.264158576E-05
191.4 1.011981865E-05 2.529954663E-05
191.6 5.063188594E-06 6.328985742E-05
191.8 0 3.799854086E-05
192 0 1.796430861E-20
192.2 0 -1.268262987E-05
192.4 0 -1.26908707E-05
192.6 0 -1.420180986E-20
192.8 0 2.541476903E-05
193 0 2.54313151E-05
193.2 0 1.272394137E-05
193.4 0 1.303664908E-20
193.6 0 1.274054142E-05
193.8 0 2.54977154E-05
194 0 6.378592423E-05
194.2 0 6.382761438E-05
194.4 0 3.832161543E-05
194.6 0 5.11289267E-05
194.8 0 5.116240995E-05
195 0 -2.559796855E-05
195.2 0 -2.56147541E-05
195.4 0 3.844734252E-05
195.6 0 1.282419567E-05
195.8 0 -2.56652431E-05
196 0 -1.284105851E-05
196.2 0 -1.284950658E-05
196.4 0 -5.143186307E-05
196.6 0 -2.57328722E-05
196.8 0 1.28749176E-05
197 0 1.951285078E-20
197.2 0 -2.578382838E-05
197.4 0 7.70114908E-21
197.6 0 1.290895572E-05
197.8 0 3.875248016E-05
198 0 5.170416942E-05
198.2 5.17384106E-06 3.880380795E-05
198.4 5.177269715E-06 2.588634858E-05
198.6 1.036140584E-05 -1.970518594E-20
198.8 2.073656271E-05 2.240852395E-20
199 3.112549801E-05 2.904991402E-20
199.2 3.63372093E-05 1.297757475E-05
199.4 3.636136968E-05 9.535167417E-21
199.6 3.638556221E-05 -2.598968729E-05
199.8 4.161118509E-05 1.300349534E-05
200 3.643404397E-05 2.602431712E-05
200.2 3.645833333E-05 -1.302083333E-05
200.4 3.127084723E-05 -2.605903936E-05
200.6 3.12917223E-05 -2.607643525E-05
200.8 3.131262525E-05 -2.609385438E-05
201 2.611129679E-05 -1.30556484E-05
201.2 2.612876254E-05 2.006932799E-20
201.4 2.614625167E-05 1.307312584E-05
201.6 2.616376423E-05 1.308188212E-05
201.8 2.618130027E-05 -1.309065013E-05
202 3.143863179E-05 5.321092981E-21
202.2 3.670302013E-05 1.310822148E-05
202.4 3.672766958E-05 2.62340497E-05
202.6 3.675235215E-05 1.312584005E-05
202.8 3.677706792E-05 -2.231103439E-20
203 3.680181696E-05 2.628701211E-05
203.2 3.156565657E-05 5.260942761E-05
203.4 3.158692722E-05 2.632243935E-05
203.6 2.634018881E-05 1.31700944E-05
203.8 2.108636977E-05 3.953694332E-05
204 1.582545577E-05 2.637575962E-05
204.2 1.055743243E-05 5.278716216E-05
204.4 5.282285328E-06 2.641142664E-05
204.6 0 1.321464817E-05
204.8 5.28943805E-06 2.644719025E-05
205 1.058604336E-05 1.586011381E-19
205.2 1.059322034E-05 2.648305085E-05
205.4 5.300203528E-06 6.980226225E-20
205.6 5.303801765E-06 -1.325950441E-05
205.8 1.061480978E-05 3.980553668E-05
206 1.062202583E-05 -1.327753229E-05
206.2 1.06292517E-05 -2.657312925E-05
206.4 1.063648741E-05 3.461634281E-20
206.6 1.064373297E-05 -9.832182732E-21
206.8 1.065098841E-05 2.662747103E-05
207 1.065825375E-05 -1.332281719E-05
207.2 1.066552901E-05 -1.333191126E-05
207.4 1.067281421E-05 2.070008516E-20
207.6 1.068010936E-05 -5.340054682E-05
207.8 5.34370725E-06 -5.34370725E-05
208 5.347364819E-06 -2.673682409E-05
208.2 1.070205479E-05 -1.337756849E-05
208.4 1.070938999E-05 -1.338673749E-05
208.6 1.071673525E-05 3.714329998E-20
208.8 1.07240906E-05 1.340511325E-05
209 1.073145604E-05 1.341432005E-05
209.2 1.073883162E-05 1.686638276E-20
209.4 1.074621733E-05 -2.686554333E-05
209.6 1.075361321E-05 -2.354029051E-20
209.8 1.076101928E-05 1.34512741E-05
210 1.076843556E-05 1.346054445E-05
210.2 1.077586207E-05 1.346982759E-05
210.4 1.078329883E-05 1.347912353E-05
210.6 1.079074586E-05 9.335415166E-21
210.8 1.079820318E-05 2.321729358E-20
211 1.080567082E-05 2.701417704E-05
211.2 1.081314879E-05 1.351643599E-05
211.4 5.41031856E-06 1.538917332E-20
211.6 0 2.671794878E-20
211.8 0 2.708911234E-05
212 0 1.355395559E-05
212.2 0 -2.314616582E-22
212.4 0 1.357279361E-05
212.6 0 -4.107214665E-21
212.8 0 -1.953963338E-21
213 0 1.360114903E-05
213.2 0 3.105444977E-20
213.4 0 -1.362011855E-05
213.6 0 -3.576387396E-21
213.8 0 -1.363914106E-05
214 0 6.715489002E-22
214.2 0 2.731643357E-05
214.4 0 -1.366777467E-05
214.6 0 4.076827555E-21
214.8 0 2.737386125E-05
215 5.478611501E-06 -1.369652875E-05
215.2 1.096491228E-05 -1.370614035E-05
215.4 1.097261236E-05 -6.201832899E-22
215.6 1.098032326E-05 -1.578561393E-20
215.8 1.098804501E-05 2.264381132E-20
216 1.099577762E-05 1.374472203E-05
216.2 5.501760563E-06 1.375440141E-05
216.4 0 3.568172415E-20
216.6 0 -1.377380113E-05
216.8 0 -1.378352152E-05
217 0 1.439601524E-20
217.2 0 4.926019514E-20
217.4 0 3.054427513E-20
217.6 0 -1.382254069E-05
217.8 0 -2.766466006E-05
218 0 -1.384213324E-05
218.2 0 1.385195035E-05
218.4 0 2.772356281E-05
218.6 0 2.774325284E-05
218.8 0 1.388148543E-05
219 0 1.389135846E-05
219.2 0 4.170373665E-05
219.4 0 4.173344017E-05
219.6 0 2.784212402E-05
219.8 0 4.179297432E-05
220 0 1.394093505E-05
220.2 0 1.395089286E-05
220.4 0 5.584345961E-05
220.6 0 5.588340486E-05
220.8 0 4.194255548E-05
221 0 5.596346705E-05
221.2 0 7.000448029E-05
221.4 0 2.802187948E-05
221.6 0 1.402099785E-05
221.8 0 4.209321121E-05
222 0 5.616462976E-05
222.2 0 7.025629496E-05
222.4 0 5.624550036E-05
222.6 0 5.628602305E-05
222.8 0 4.224495314E-05
223 0 1.409181097E-05
223.2 0 2.820397112E-05
223.4 0 4.233652457E-05
223.6 0 4.236713666E-05
223.8 0 4.239779305E-05
224 0 2.828566256E-05
224.2 0 2.830615942E-05
224.4 0 5.665337201E-05
224.6 0 4.252086357E-05
224.8 0 2.836782861E-05
225 0 4.258266715E-05
225.2 0 5.681818182E-05
225.4 0 4.264465066E-05
225.6 0 5.690094683E-05
225.8 0 2.847120991E-05
226 0 1.424598833E-05
226.2 0 2.851277372E-05
226.4 0 1.885594275E-20
226.6 0 1.427722953E-05
226.8 0 1.428767374E-05
227 0 -5.272159777E-21
227.2 0 -2.861721612E-05
227.4 0 -7.15954912E-05
227.6 0 -2.865920763E-05
227.8 0 2.868024963E-05
228 0 4.305198384E-05
228.2 0 4.308363971E-05
228.4 0 1.437178072E-05
228.6 0 2.876472754E-05
228.8 0 1.439296242E-05
229 0 -1.44035767E-05
229.2 0 1.598891699E-20
229.4 0 4.011127326E-21
229.6 0 9.372231587E-21
229.8 0 1.444619083E-05
230 0 -1.445688379E-05
230.2 0 -2.893518519E-05
230.4 0 -1.447831727E-05
230.6 0 -1.448905786E-05
230.8 0 -1.44998144E-05
231 0 -2.902117385E-05
231.2 0 -2.904275093E-05
231.4 0 -2.906436012E-05
231.6 0 -4.362900223E-05
231.8 0 -4.366151267E-05
232 0 -4.369407159E-05
232.2 0 -2.91511194E-05
232.4 0 -2.917289022E-05
232.6 0 -2.919469357E-05
232.8 0 -1.3680977E-22
233 0 4.470180633E-21
233.2 5.852059925E-06 -1.463014981E-05
233.4 1.171289355E-05 -4.392335082E-05
233.6 1.758252063E-05 -5.86084021E-05
233.8 2.346096096E-05 -2.93262012E-05
234 2.934823441E-05 -2.934823441E-05
234.2 3.52443609E-05 -2.937030075E-05
234.4 4.114936042E-05 1.353329498E-20
234.6 4.706325301E-05 1.72410616E-20
234.8 5.298605878E-05 -1.471834966E-05
235 5.891779789E-05 -1.472944947E-05
235.2 6.485849057E-05 -1.261518789E-20
235.4 7.08081571E-05 -2.324517899E-20
235.6 7.676681784E-05 1.476284958E-05
235.8 7.682488654E-05 2.954803328E-05
236 7.096896291E-05 1.478520061E-05
236.2 6.510416667E-05 1.479640152E-05
236.4 5.923047763E-05 -1.480761941E-05
236.6 5.92754173E-05 -2.963770865E-05
236.8 5.932042521E-05 -1.48301063E-05
237 5.936550152E-05 -2.968275076E-05
237.2 5.941064639E-05 -2.970532319E-05
237.4 5.945585997E-05 -2.972792998E-05
237.6 5.950114242E-05 -2.975057121E-05
237.8 5.95464939E-05 -2.977324695E-05
238 5.959191457E-05 -4.469393593E-05
238.2 5.963740458E-05 -2.981870229E-05
238.4 5.968296409E-05 -2.984148205E-05
238.6 6.57014526E-05 -5.972859327E-05
238.8 6.57517215E-05 -2.988714614E-05
239 6.580206738E-05 1.137495933E-20
239.2 5.986590038E-05 5.986590038E-05
239.4 5.392062883E-05 4.493385736E-05
239.6 4.796623177E-05 -2.997889486E-05
239.8 4.200268817E-05 -1.500096006E-05
240 3.602997694E-05 -1.501249039E-05
240.2 3.004807692E-05 1.502403846E-05
240.4 2.40569669E-05 3.007120862E-05
240.6 1.805662558E-05 1.758816989E-20
240.8 1.204703161E-05 1.505878951E-05
241 6.02816358E-06 4.53022176E-20
241.2 0 1.508204633E-05
241.4 0 1.50937017E-05
241.6 0 1.51053751E-05
241.8 0 1.158451865E-21
242 0 -3.025755229E-05
242.2 0 -1.964396962E-20
242.4 0 6.060899922E-05
242.6 0 0.0001061480978
242.8 0 3.035159285E-05
243 0 -4.55627916E-05
243.2 0 -4.559824903E-05
243.4 0 1.521125389E-05
243.6 0 4.041596474E-20
243.8 0 -1.52349844E-05
244 0 3.049375488E-05
244.2 6.103515625E-06 -3.051757812E-05
244.4 1.221657545E-05 -4.581215794E-05
244.6 1.222613459E-05 -3.056533646E-05
244.8 1.223570869E-05 -4.58839076E-05
245 1.836794671E-05 1.065982149E-20
245.2 1.838235294E-05 -1.531862745E-05
245.4 1.839678179E-05 -6.132260597E-05
245.6 1.841123331E-05 -6.137077769E-05
245.8 1.842570755E-05 -1.535475629E-05
246 1.229346971E-05 -1.506435224E-20
246.2 6.151574803E-06 -1.537893701E-05
246.4 6.15642238E-06 -4.029687614E-20
246.6 6.161277603E-06 -2.169803058E-20
246.8 6.166140489E-06 -1.541535122E-05
247 6.171011058E-06 -6.171011058E-05
247.2 6.175889328E-06 -7.71986166E-05
247.4 6.180775316E-06 1.545193829E-05
247.6 0 6.185669042E-05
247.8 0 -1.16571674E-21
248 0 -4.646609833E-05
248.2 0 -6.200396825E-05
248.4 0 -1.551330421E-05
248.6 0 4.657690779E-05
248.8 0 -4.844952279E-21
249 0 -6.220143312E-05
249.2 0 -6.225099602E-05
249.4 0 -1.557515949E-05
249.6 0 7.708343607E-21
249.8 0 -3.58777697E-20
250 0 1.561250999E-05
250.2 0 -1.5625E-05
250.4 6.255004003E-06 -1.947270597E-20
250.6 0 -1.565004006E-05
250.8 0 -3.132518043E-05
251 0 1.96312732E-20
251.2 0 -1.138759155E-20
251.4 0 1.102167204E-20
251.6 0 -2.150670615E-21
251.8 0 -9.27859959E-21
252 0 -9.975240813E-21
252.2 0 -1.179032498E-20
252.4 0 -8.155736557E-21
252.6 0 1.577645396E-05
252.8 0 3.157841552E-05
253 0 1.58019822E-05
253.2 0 -1.581477733E-05
253.4 0 -4.748277958E-05
253.6 0 -4.752128954E-05
253.8 0 -1.585328734E-05
254 0 -1.586616572E-05
254.2 0 -1.587906504E-05
254.4 0 2.014541507E-20
254.6 0 3.620670437E-20
254.8 0 1.591788916E-05
255 0 -1.593087276E-05
255.2 6.37755102E-06 -4.783163265E-05
255.4 1.914828431E-05 -3.191380719E-05
255.6 2.55519215E-05 -3.193990188E-05
255.8 3.196603928E-05 -4.374940149E-20
256 3.839066339E-05 1.599610975E-05
256.2 4.482581967E-05 -1.600922131E-05
256.4 5.127153404E-05 -4.806706317E-05
256.6 5.772783251E-05 1.570303036E-20
256.8 5.135579293E-05 3.209737058E-05
257 5.139802632E-05 -9.01050267E-21
257.2 5.144032922E-05 -3.215020576E-05
257.4 5.148270181E-05 -4.826503295E-05
257.6 4.508450124E-05 -1.610160758E-05
257.8 3.867574257E-05 3.222978548E-05
258 2.580511974E-05 8.064099917E-05
258.2 1.936983471E-05 3.228305785E-05
258.4 1.938585608E-05 -1.615488007E-05
258.6 2.58692053E-05 1.424772191E-20
258.8 3.236329743E-05 -3.236329743E-05
259 3.88681592E-05 -8.097533167E-05
259.2 3.890041494E-05 -3.241701245E-05
259.4 4.542151163E-05 6.488787375E-05
259.6 5.195344971E-05 9.74127182E-05
259.8 5.849625624E-05 8.124480033E-05
260 7.15549542E-05 3.252497918E-05
260.2 7.8125E-05 3.255208333E-05
260.4 7.819015847E-05 6.515846539E-05
260.6 7.825542571E-05 6.521285476E-05
260.8 8.484753551E-05 3.26336675E-05
261 8.491847826E-05 3.266095318E-05
261.2 7.845188285E-05 6.537656904E-05
261.4 7.851758794E-05 4.907349246E-05
261.6 7.858340319E-05 4.911462699E-05
261.8 8.52034396E-05 0.0001146969379
262 8.527497901E-05 0.0001803893787
262.2 7.878151261E-05 9.847689076E-05
262.4 7.227712363E-05 8.213309504E-05
262.6 6.576178451E-05 0.000131523569
262.8 5.923546757E-05 0.0001151800758
263 5.269814503E-05 0.0001317453626
263.2 4.614978903E-05 4.944620253E-05
263.4 3.959037162E-05 -1.649598818E-05
263.6 3.301986475E-05 1.650993238E-05
263.8 2.643824027E-05 6.609560068E-05
264 1.984546994E-05 1.653789162E-05
264.2 1.324152542E-05 -3.310381356E-05
264.4 6.626378287E-06 4.414054646E-20
264.6 0 5.301362066E-20
264.8 0 -3.318819031E-05
265 0 -3.321641156E-05
265.2 0 -2.362176648E-20
265.4 0 -3.32729983E-05
265.6 0 -4.995204604E-05
265.8 0 -4.999466724E-05
266 0 -5.003736123E-05
266.2 0 -5.008012821E-05
266.4 0 -8.353828058E-05
266.6 0 -3.344392123E-05
266.8 0 -1.673628963E-05
267 0 -8.375321612E-05
267.2 0 -6.706008584E-05
267.4 0 -0
267.6 0 -3.358770421E-05
267.8 0 -5.042491394E-05
268 0 -3.364556417E-05
268.2 0 -3.367456897E-05
268.4 0 -3.370362381E-05
268.6 0 -3.373272884E-05
268.8 0 -1.688094209E-05
269 0 -5.068663495E-05
269.2 0 -8.45508658E-05
269.4 0 -5.077448007E-05
269.6 0 -3.387901127E-05
269.8 0 -5.086263021E-05
270 0 -1.696894005E-05
270.2 0 -1.698369565E-05
270.4 0 1.699847694E-05
270.6 0 3.402656794E-05
270.8 0 -2.117360825E-20
271 0 -1.704297557E-05
271.2 0 1.705786026E-05
271.4 0 5.121831294E-05
271.6 0 -1.708770779E-05
271.8 0 -1.710267075E-05
272 0 3.423531989E-05
272.2 0 6.853070175E-05
272.4 0 5.144315189E-05
272.6 0 3.432557118E-05
272.8 0 5.153364116E-05
273 0 1.719300176E-05
273.2 0 -1.720814978E-05
273.4 0 1.722332451E-05
273.6 0 6.895410415E-05
273.8 0 1.725375442E-05
274 0 3.453801945E-05
274.2 0 0.0001037057522
274.4 0 8.649800709E-05
274.6 0 5.194481383E-05
274.8 0 3.466060337E-05
275 0 -1.734569272E-05
275.2 0 -1.736111111E-05
275.4 0 5.212967082E-05
275.6 0 1.739203028E-05
275.8 0 -1.740753119E-05
276 0 3.484611954E-05
276.2 0 3.487723214E-05
276.4 0 -1.745420018E-05
276.6 0 -5.240943649E-05
276.8 0 -8.742726052E-05
277 0 -7.000448029E-05
277.2 0 -7.006726457E-05
277.4 0 -3.506508079E-05
277.6 0 5.264487871E-05
277.8 0 -3.512814748E-05
278 0 -5.273964896E-05
278.2 0 3.519144144E-05
278.4 0 2.170296268E-21
278.6 0 -1.762748195E-05
278.8 0 -3.52868112E-05
279 0 -5.297807414E-05
279.2 0 2.825793898E-20
279.4 0 1.571307496E-20
279.6 0 -1.770738894E-05
279.8 0 -5.317037205E-05
280 0 -7.09582198E-05
280.2 0 2.838638415E-20
280.4 0 2.841221344E-20
280.6 0 1.579893876E-20
280.8 0 7.121695533E-05
281 0 5.346145073E-05
281.2 0 3.567351598E-05
281.4 0 8.926531079E-05
281.6 0 3.573879231E-05
281.8 0 -7.644713272E-20
282 0 7.160861595E-05
282.2 0 8.959288991E-05
282.4 0 5.380509642E-05
282.6 0 3.590303309E-05
282.8 0 1.796803128E-05
283 0 1.798457643E-05
283.2 0 3.600230415E-05
283.4 0 3.603551661E-05
283.6 0 3.60687904E-05
283.8 0 -1.805106285E-05
284 0 -3.613552266E-05
284.2 0 -5.13992141E-20
284.4 7.240500463E-06 3.620250232E-05
284.6 7.247217069E-06 3.623608534E-05
284.8 1.450789229E-05 -1.813486537E-05
285 2.17820632E-05 -3.630343866E-05
285.2 3.63372093E-05 1.816860465E-05
285.4 4.36452514E-05 1.818552142E-05
285.6 5.824790308E-05 -3.640493942E-05
285.8 7.287779851E-05 -1.821944963E-05
286 8.753501401E-05 -1.295778507E-20
286.2 0.0001022196262 -3.650700935E-05
286.4 0.0001169317119 -1.827057998E-05
286.6 0.0001170411985 3.657537453E-05
286.8 0.0001171508903 9.152413308E-05
287 0.0001099319887 5.496599437E-05
287.2 0.0001100352113 -1.833920188E-05
287.4 0.0001101386278 3.671287594E-05
287.6 0.0001102422389 0.0001102422389
287.8 0.0001029896422 0.0001287370527
288 9.572337418E-05 7.363336475E-05
288.2 8.844339623E-05 3.685141509E-05
288.4 8.852691218E-05 -1.84431067E-05
288.6 9.599480151E-05 -5.538161626E-05
288.8 0.0001108680227 3.622476436E-20
289 0.0001183712121 -1.314184451E-20
289.2 0.0001184834123 -5.553909953E-05
289.4 0.0001111835863 -3.706119545E-05
289.6 0.0001038698955 -1.854819563E-05
289.8 0.0001039686312 -9.282913498E-05
290 0.0001115009515 -9.291745956E-05
290.2 0.000119047619 -3.720238095E-05
290.4 0.0001266086749 -3.723784557E-05
290.6 0.0001416388359 -5.591006679E-05
290.8 0.0001492359121 -1.865448902E-05
291 0.0001493785851 -9.336161568E-05
291.2 0.0001569976077 -0.0001121411483
291.4 0.0001646312261 -7.483237548E-05
291.6 0.00016478907 -9.36301534E-05
291.8 0.0001724448177 -9.37200096E-05
292 0.0001726104707 -0.0001125720461
292.2 0.0001727764423 -1.878004808E-05
292.4 0.0001729427334 -1.87981232E-05
292.6 0.0001731093449 -5.644869942E-05
292.8 0.0001657425265 -1.883437801E-05
293 0.0001583614865 1.885255792E-05
293.2 0.0001509661836 5.661231884E-05
293.4 0.0001435565764 7.555609284E-05
293.6 0.0001361326234 3.781461762E-05
293.8 0.0001286942829 3.785125969E-05
294 0.0001212415131 3.788797284E-05
294.2 0.0001137742718 1.896237864E-05
294.4 0.000106292517 5.118557221E-20
294.6 0.0001139956226 -1.899927043E-05
294.8 0.0001064995131 3.126437111E-20
295 9.137426901E-05 -5.710891813E-05
295.2 9.146341463E-05 -9.527439024E-05
295.4 8.392333984E-05 -3.814697266E-05
295.6 8.400537634E-05 1.909213099E-05
295.8 6.879892368E-05 -1.911081213E-05
296 6.886630754E-05 -1.912952987E-05
296.2 5.361519608E-05 3.829656863E-05
296.4 4.600098135E-05 -1.916707556E-05
296.6 4.604616896E-05 -3.837180747E-05
296.8 4.609144543E-05 3.411452263E-20
297 4.613681102E-05 4.552459332E-21
297.2 4.618226601E-05 -1.924261084E-05
297.4 4.622781065E-05 -7.704635108E-05
297.6 5.398568608E-05 -7.712240869E-05
297.8 4.631916996E-05 -5.789896245E-05
298 4.636498516E-05 -5.795623145E-05
298.2 4.641089109E-05 -7.735148515E-05
298.4 5.419970268E-05 -5.807111001E-05
298.6 4.650297619E-05 -1.937624008E-05
298.8 4.654915591E-05 -1.722664822E-20
299 4.659542744E-05 1.941476143E-05
299.2 5.441542289E-05 -3.88681592E-05
299.4 5.446962151E-05 -8.989142243E-21
299.6 4.673479561E-05 7.789132602E-05
299.8 5.457834331E-05 7.796906188E-05
300 6.243756244E-05 3.902347652E-05
300.2 6.25E-05 5.859375E-05
300.4 5.474224224E-05 9.7754004E-05
300.6 6.26252505E-05 7.828156313E-05
300.8 6.268806419E-05 5.877006018E-05
301 6.275100402E-05 7.843875502E-05
301.2 5.496231156E-05 7.851758794E-05
301.4 4.715794769E-05 1.964914487E-05
301.6 3.933786506E-05 -3.933786506E-05
301.8 3.150201613E-05 -5.906628024E-05
302 2.365035318E-05 -1.970862765E-05
302.2 1.578282828E-05 3.945707071E-05
302.4 7.899393327E-06 5.924544995E-05
302.6 7.907388664E-06 -1.976847166E-05
302.8 7.915400203E-06 -5.936550152E-05
303 0 -1.980856998E-05
303.2 0 1.98286802E-05
303.4 0 -1.98488313E-05
303.6 0 -3.97380468E-05
303.8 0 -3.977851324E-05
304 0 -5.972859327E-05
304.2 0 -3.929611021E-20
304.4 0 1.995020429E-05
304.6 7.988241309E-06 -1.997060327E-05
304.8 1.599283521E-05 1.999104401E-05
305 2.401383197E-05 -3.055291081E-20
305.2 3.205128205E-05 -6.009615385E-05
305.4 3.208418891E-05 2.005261807E-05
305.6 3.211716341E-05 4.014645427E-05
305.8 3.215020576E-05 4.01877572E-05
306 3.218331617E-05 4.022914521E-05
306.2 3.221649485E-05 2.013530928E-05
306.4 3.2249742E-05 2.015608875E-05
306.6 3.228305785E-05 -3.731552741E-21
306.8 3.231644261E-05 2.019777663E-05
307 3.234989648E-05 4.04373706E-05
307.2 2.428756477E-05 2.023963731E-05
307.4 1.620850622E-05 -2.026063278E-05
307.6 8.112668744E-06 -2.028167186E-05
307.8 0 -2.030275468E-05
308 0 2.032388137E-05
308.2 0 4.069010417E-05
308.4 8.146506778E-06 -4.073253389E-05
308.6 1.631002088E-05 -4.077505219E-05
308.8 2.449059561E-05 2.040882968E-05
309 3.268828452E-05 1.29027463E-20
309.2 4.090314136E-05 -2.045157068E-05
309.4 4.913522013E-05 -2.047300839E-05
309.6 5.738457503E-05 -2.049449108E-05
309.8 6.56512605E-05 -6.154805672E-05
310 7.393533123E-05 -2.053759201E-05
310.2 8.223684211E-05 6.167763158E-05
310.4 9.055584826E-05 2.05808746E-05
310.6 9.889240506E-05 6.180775316E-05
310.8 0.0001072465681 6.187302006E-05
311 0.0001156183932 4.12922833E-05
311.2 0.0001240079365 6.200396825E-05
311.4 0.0001324152542 2.068988347E-05
311.6 0.000140840403 -2.071182397E-05
311.8 0.0001492834395 3.647436673E-20
312 0.0001494420829 4.151168969E-05
312.2 0.000157912234 -2.077792553E-05
312.4 0.0001580804047 2.080005325E-05
312.6 0.0001582489339 8.328891258E-05
312.8 0.0001584178228 2.084445037E-05
313 0.0001669337607 -4.173344017E-05
313.2 0.0001754679144 -2.088903743E-05
313.4 0.0001840203426 3.39474369E-20
313.6 0.000192591104 -3.953892911E-20
313.8 0.0002011802575 -6.286883047E-05
314 0.0002097878625 -8.391514501E-05
314.2 0.0002184139785 2.100134409E-05
314.4 0.0002270586652 2.102395048E-05
314.6 0.0002357219828 -6.313981681E-05
314.8 0.0002359762675 -8.42772384E-05
315 0.0002362311015 -4.218412527E-05
315.2 0.0002364864865 -6.334459459E-05
315.4 0.0002367424242 -6.341314935E-05
315.6 0.0002369989166 8.464247021E-05
315.8 0.0002372559653 4.236713666E-05
316 0.0002375135722 -0.0001060328447
316.2 0.0002377717391 -4.245923913E-05
316.4 0.0002380304679 -2.125272035E-05
316.6 0.0002382897603 2.127587146E-05
316.8 0.0002385496183 6.389721919E-05
317 0.0002473389738 6.396697598E-05
317.2 0.0002476092896 3.829972155E-21
317.4 0.0002478801969 -5.490644849E-20
317.6 0.0002395947426 -2.139238773E-05
317.8 0.0002398574561 -2.14158443E-05
318 0.0002401207464 2.143935236E-05
318.2 0.0002403846154 -4.292582418E-05
318.4 0.0002492436744 -6.445957096E-05
318.6 0.0002495181718 -2.151018722E-05
318.8 0.0002497932745 2.153390298E-05
319 0.000258692053 4.483311034E-20
319.2 0.0002676104972 -2.158149171E-05
319.4 0.0002679065265 -2.160536504E-05
319.6 0.0002682032115 -8.651716501E-05
319.8 0.0002685005543 -8.661308204E-05
320 0.0002774694784 -6.503190899E-05
320.2 0.0002864583333 -8.680555556E-05
320.4 0.0002954671858 4.345105673E-05
320.6 0.0002957962138 -4.636232007E-20
320.8 0.0003135451505 -0.0001088698439
321 0.0003138950893 -0.0001089913504
321.2 0.0003229748603 -6.546787709E-05
321.4 0.0003320749441 -4.369407159E-05
321.6 0.000349944009 -2.187150056E-05
321.8 0.0003503363229 4.379204036E-05
322 0.0003594977553 -4.384118967E-05
322.2 0.0003686797753 -0.0001097261236
322.4 0.0003690944882 4.393982002E-05
322.6 0.0003607122748 6.59839527E-05
322.8 0.0003611189402 -2.201944758E-05
323 0.0003527088036 -4.408860045E-05
323.2 0.0003531073446 -2.206920904E-05
323.4 0.0003446691176 4.418834842E-05
323.6 0.0003273640997 -9.120576046E-20
323.8 0.000318877551 -2.214427438E-05
324 0.0003192395006 2.216940976E-05
324.2 0.0003018465909 4.438920455E-05
324.4 0.0002844141069 4.443970421E-05
324.6 0.0002669419134 2.224515945E-05
324.8 0.0002583380844 4.454104903E-05
325 0.0002318778539 4.459189498E-05
325.2 0.0002321428571 2.232142857E-05
325.4 0.0002234696796 5.070801322E-20
325.6 0.0001968785796 -4.474513173E-05
325.8 0.0001881450688 -8.959288991E-05
326 0.0001883610792 -4.4847876E-05
326.2 0.000161637931 -2.244971264E-05
326.4 0.0001528337169 -2.247554661E-05
326.6 0.0001440092166 4.500288018E-05
326.8 0.0001351643599 2.252739331E-05
327 0.0001262990762 2.804402848E-20
327.2 0.0001174132948 2.257947977E-05
327.4 9.946469907E-05 2.056797915E-20
327.6 9.957995365E-05 2.263180765E-05
327.8 9.063225058E-05 2.265806265E-05
328 9.073751452E-05 2.268437863E-05
328.2 8.175872093E-05 2.271075581E-05
328.4 7.275902212E-05 -4.547438882E-05
328.6 6.373834499E-05 2.021822233E-20
328.8 5.46966161E-05 4.558051342E-05
329 5.476051402E-05 -6.845064252E-05
329.2 4.56871345E-05 -9.137426901E-05
329.4 3.659250585E-05 -2.287031616E-05
329.6 2.747655334E-05 2.289712778E-05
329.8 9.169600939E-06 2.292400235E-05
330 1.836075206E-05 -6.885282021E-05
330.2 1.838235294E-05 -2.297794118E-05
330.4 9.202002356E-06 6.901501767E-05
330.6 9.212853774E-06 4.606426887E-05
330.8 1.844746163E-05 1.890422703E-21
331 1.846926714E-05 4.617316785E-05
331.2 9.24556213E-06 -1.503997493E-22
331.4 1.851303318E-05 1.58084502E-20
331.6 1.853499407E-05 9.267497034E-05
331.8 1.855700713E-05 3.08730171E-20
332 1.857907253E-05 -6.9671522E-05
332.2 9.300595238E-06 -9.300595238E-05
332.4 9.311680572E-06 -0.0001163960072
332.6 9.322792363E-06 -4.661396181E-05
332.8 9.333930705E-06 -2.333482676E-05
333 9.345095694E-06 -4.672547847E-05
333.2 9.356287425E-06 -4.678143713E-05
333.4 0 -7.025629496E-05
333.6 0 -2.344687875E-05
333.8 9.390024038E-06 4.695012019E-05
334 0 2.350330927E-05
334.2 0 2.353162651E-05
334.4 0 -1.300483521E-20
334.6 0 -0
334.8 0 2.361698912E-05
335 0 4.729116223E-05
335.2 0 2.367424242E-05
335.4 0 -2.37029733E-05
335.6 0 -2.544413808E-20
335.8 0 1.360028739E-20
336 9.515834348E-06 -2.378958587E-05
336.2 9.527439024E-06 -2.381859756E-05
336.4 9.539072039E-06 -7.109489073E-20
336.6 9.550733496E-06 -3.392320718E-20
336.8 9.562423501E-06 9.216433804E-21
337 9.574142157E-06 -3.095635486E-20
337.2 9.585889571E-06 -4.792944785E-05
337.4 9.597665848E-06 -7.198249386E-05
337.6 9.609471095E-06 -2.402367774E-05
337.8 9.621305419E-06 2.405326355E-05
338 9.633168927E-06 2.408292232E-05
338.2 0 -2.411265432E-05
338.4 0 -2.414245983E-05
338.6 0 -2.417233911E-05
338.8 0 -2.420229244E-05
339 0 -2.42323201E-05
339.2 0 -8.61974398E-21
339.4 0 2.42925995E-05
339.6 0 -2.897279932E-20
339.8 0 -2.435317955E-05
340 0 -2.299376536E-20
340.2 0 -5.996391943E-20
340.4 0 2.444461827E-05
340.6 0 4.895050125E-05
340.8 0 -2.450595985E-05
341 0 -2.615161019E-20
341.2 0 4.913522013E-05
341.4 0 2.459855164E-05
341.6 9.851828499E-06 -4.375090734E-20
341.8 0 -2.466066919E-05
342 0 -2.852034864E-20
342.2 0 -6.567063628E-20
342.4 0 -8.88180032E-20
342.6 0 2.478585025E-05
342.8 0 -2.481734435E-05
343 0 -3.836655279E-20
343.2 0 -2.210178394E-20
343.4 0 2.491230867E-05
343.6 0 2.494412516E-05
343.8 0 -5.164510862E-20
344 0 -1.776925456E-20
344.2 0 -7.512019231E-05
344.4 0 2.595213868E-20
344.6 0 2.510443445E-05
344.8 0 -5.027348777E-05
345 0 2.51691366E-05
345.2 0 5.040322581E-05
345.4 0 2.523417313E-05
345.6 0 2.526681759E-05
345.8 0 5.059909326E-05
346 0 7.599708171E-05
346.2 0 -1.966445372E-20
346.4 0 3.259418453E-20
346.6 0 5.086263021E-05
346.8 0 7.639341591E-05
347 0 2.54977154E-05
347.2 1.02124183E-05 2.553104575E-05
347.4 1.022578534E-05 5.11289267E-05
347.6 1.023918742E-05 2.559796855E-05
347.8 1.025262467E-05 5.126312336E-05
348 1.026609724E-05 7.69957293E-05
348.2 1.027960526E-05 0.0001027960526
348.4 1.029314888E-05 7.71986166E-05
348.6 0 5.153364116E-05
348.8 0 -3.134621274E-21
349 1.033399471E-05 2.753529327E-20
349.2 0 5.17384106E-05
349.4 0 5.180702918E-05
349.6 0 5.187583001E-05
349.8 0 2.597240691E-05
350 0 5.201398136E-05
350.2 0 7.8125E-05
350.4 0 5.215287049E-05
350.6 0 5.222259358E-05
350.8 0 2.614625167E-05
351 0 2.618130027E-05
351.2 0 7.864932886E-05
351.4 0 7.875504032E-05
351.6 0 -4.579639211E-20
351.8 0 -2.632243935E-05
352 0 2.635796221E-05
352.2 0 2.639358108E-05
352.4 0 2.642929635E-05
352.6 0 -2.64651084E-05
352.8 0 -2.650101764E-05
353 0 2.653702446E-05
353.2 0 -3.09191018E-20
353.4 0 -7.919089634E-21
353.6 0 4.3915599E-20
353.8 0 6.515967407E-20
354 0 -4.534777898E-20
354.2 0 1.414754859E-20
354.4 0 -3.515636437E-21
354.6 0 -2.682864011E-05
354.8 0 -2.686554333E-05
355 0 -2.177090869E-20
355.2 0 2.693965517E-05
355.4 0 -2.697686464E-05
355.6 1.080567082E-05 -8.104253112E-05
355.8 2.164127424E-05 -8.115477839E-05
356 3.250693481E-05 -5.417822469E-05
356.2 3.255208333E-05 -2.712673611E-05
356.4 4.346314325E-05 -5.432892907E-05
356.6 5.44045961E-05 -5.44045961E-05
356.8 6.537656904E-05 -5.44804742E-05
357 7.637918994E-05 -5.455656425E-05
357.2 8.741258741E-05 -5.463286713E-05
357.4 9.847689076E-05 -2.735469188E-05
357.6 0.00010957223 -2.73930575E-05
357.8 0.000120698736 -2.74315309E-05
358 0.0001318565401 -1.330681345E-20
358.2 0.0001430457746 1.245001949E-19
358.4 0.0001542665726 5.509520451E-05
358.6 0.0001434498588 2.75865113E-05
358.8 0.0001436527581 -2.762553041E-05
359 0.0001438562323 -2.766466006E-05
359.2 0.000155141844 -2.770390071E-05
359.4 0.0001553622159 2.774325284E-05
359.6 0.0001555832148 2.778271693E-05
359.8 0.0001558048433 -2.782229345E-05
360 0.0001560271041 -2.786198288E-05
360.2 0.00015625 2.406851961E-21
360.4 0.0001564735336 -2.797179429E-20
360.6 0.0001566977077 -2.798173352E-05
360.8 0.0001569225251 -5.604375897E-05
361 0.0001571479885 -2.80621408E-05
361.2 0.0001573741007 8.430755396E-05
361.4 0.0001576008646 5.628602305E-05
361.6 0.0001691017316 -2.818362193E-05
361.8 0.0001693460983 -2.822434971E-05
362 0.0001695911722 -1.570144456E-19
362.2 0.0001585144928 5.661231884E-05
362.4 0.0001474056604 5.669448476E-05
362.6 0.0001362645349 8.51653343E-05
362.8 0.0001250909753 5.685953421E-05
363 0.0001138848397 8.541362974E-05
363.2 0.0001026459854 8.553832117E-05
363.4 9.137426901E-05 5.710891813E-05
363.6 8.006954612E-05 8.578879941E-05
363.8 6.873167155E-05 -2.367656564E-20
364 5.736049927E-05 -2.868024963E-05
364.2 4.595588235E-05 1.785781223E-20
364.4 3.451767305E-05 5.752945508E-05
364.6 2.304572271E-05 8.642146018E-05
364.8 2.307976366E-05 5.769940916E-05
365 2.311390533E-05 5.778476331E-05
365.2 3.472222222E-05 5.787037037E-05
365.4 4.636498516E-05 2.897811573E-05
365.6 4.643387816E-05 -2.902117385E-05
365.8 4.650297619E-05 -2.906436012E-05
366 4.657228018E-05 -8.060419991E-21
366.2 4.664179104E-05 3.607252982E-20
366.4 4.671150972E-05 -3.337426253E-20
366.6 4.678143713E-05 -6.809309137E-20
366.8 4.685157421E-05 -1.603394963E-20
367 4.692192192E-05 8.79786036E-05
367.2 3.52443609E-05 0.0001468515038
367.4 3.529743976E-05 0.0001176581325
367.6 3.535067873E-05 5.891779789E-05
367.8 3.540407855E-05 2.950339879E-05
368 4.727685325E-05 2.954803328E-05
368.2 4.734848485E-05 -5.918560606E-05
368.4 4.742033384E-05 -2.963770865E-05
368.6 4.749240122E-05 5.936550152E-05
368.8 4.756468798E-05 2.972792998E-05
369 4.763719512E-05 -2.977324695E-05
369.2 4.770992366E-05 -2.981870229E-05
369.4 4.778287462E-05 -2.207390444E-20
369.6 4.7856049E-05 -3.992000792E-20
369.8 4.792944785E-05 -2.995590491E-05
370 4.80030722E-05 -3.000192012E-05
370.2 4.807692308E-05 2.987357626E-20
370.4 4.815100154E-05 -5.042966985E-21
370.6 4.822530864E-05 3.01408179E-05
370.8 4.829984544E-05 3.01874034E-05
371 4.8374613E-05 3.023413313E-05
371.2 4.84496124E-05 6.05620155E-05
371.4 4.852484472E-05 3.032802795E-05
371.6 4.860031104E-05 8.464032491E-20
371.8 4.867601246E-05 -3.042250779E-05
372 4.875195008E-05 -6.09399376E-05
372.2 4.8828125E-05 -6.103515625E-05
372.4 3.667840376E-05 -6.113067293E-05
372.6 2.449059561E-05 4.510625087E-20
372.8 1.226452119E-05 3.066130298E-05
373 0 -5.032995161E-20
373.2 0 -1.099342425E-20
373.4 0 -2.155745826E-20
373.6 0 3.085505529E-05
373.8 0 6.180775316E-05
374 0 5.670582995E-20
374.2 0 -6.200396825E-05
374.4 0 -6.210254372E-05
374.6 0 -3.110071656E-05
374.8 0 -4.624390249E-21
375 0 -3.120007987E-05
375.2 0 -9.375E-05
375.4 0 -9.390024038E-05
375.6 0 -3.135032103E-05
375.8 0 3.140072347E-05
376 0 6.290257649E-05
376.2 0 8.613574697E-21
376.4 0 -3.155290792E-05
376.6 0 -3.16039644E-05
376.8 0 -9.496555916E-05
377 0 -9.511972403E-05
377.2 0 3.175813008E-05
377.4 0 9.542956026E-05
377.6 0 6.372349103E-05
377.8 0 6.382761438E-05
378 0 3.196603928E-05
378.2 0 -6.515999534E-20
378.4 0 -3.065814108E-20
378.6 0 -3.212376645E-05
378.8 0 -3.217668863E-05
379 0 3.222978548E-05
379.2 0 1.973905035E-21
379.4 0 -6.467301325E-05
379.6 0 -3.239013267E-05
379.8 0 -2.944512732E-20
380 0 -3.338521834E-21
380.2 0 -3.255208333E-05
380.4 0 -6.521285476E-05
380.6 0 -6.532190635E-05
380.8 1.308626466E-05 -3.271566164E-05
381 2.621644295E-05 3.277055369E-05
381.2 3.93907563E-05 3.282563025E-05
381.4 2.63047138E-05 -2.86942819E-21
381.6 1.317453626E-05 3.293634064E-05
381.8 0 3.843961716E-20
382 0 -3.304780034E-05
382.2 0 3.310381356E-05
382.4 0 6.286295268E-20
382.6 0 -6.643282313E-05
382.8 0 -3.32729983E-05
383 0 2.830322358E-20
383.2 0 -1.436511357E-20
383.4 0 -3.344392123E-05
383.6 0 -3.350128645E-05
383.8 0 3.554474089E-21
384 0 3.361660929E-05
384.2 0 -1.670699414E-19
384.4 0 -3.373272884E-05
384.6 0 -6.93820279E-20
384.8 0 -7.133562057E-20
385 0 -7.837375788E-20
385.2 0 3.39673913E-05
385.4 0 3.402656794E-05
385.6 0 -3.408595113E-05
385.8 1.365821678E-05 -3.414554196E-05
386 2.73642732E-05 -6.841068301E-05
386.2 4.111842105E-05 -0.0001027960526
386.4 4.119068541E-05 -3.432557118E-05
386.6 5.501760563E-05 -6.877200704E-05
386.8 6.889329806E-05 -0.0001033399471
387 8.28180212E-05 -6.901501767E-05
387.2 9.67920354E-05 -6.913716814E-05
387.4 0.0001108156028 -6.925975177E-05
387.6 0.0001248889876 -6.938277087E-05
387.8 0.0001390124555 -6.950622776E-05
388 0.0001531862745 -6.963012478E-05
388.2 0.0001674107143 -6.975446429E-05
388.4 0.0001816860465 -6.987924866E-05
388.6 0.0001960125448 -3.500224014E-05
388.8 0.0001823384201 -3.506508079E-05
389 0.0001967176259 -3.512814748E-05
389.2 0.0001970720721 -3.519144144E-05
389.4 0.0002115297834 -7.05099278E-05
389.6 0.0002119122966 -0.0001059561483
389.8 0.0002406023551 -3.538269928E-05
390 0.00024103902 3.54469147E-05
390.2 0.0002272727273 -3.551136364E-05
390.4 0.0002276867031 -0.0001067281421
390.6 0.0002423585766 -3.564096715E-05
390.8 0.0002428016453 3.570612431E-05
391 0.000243246337 -3.577152015E-05
391.2 0.0002436926606 -0.0001075114679
391.4 0.000244140625 -0.0001077090993
391.6 0.0002445902394 -3.596915285E-05
391.8 0.0002594557196 -3.819772812E-20
392 0.0002454944547 -7.220425139E-05
392.2 0.0002748842593 -3.616898148E-05
392.4 0.0002608998145 3.623608534E-05
392.6 0.000217820632 7.260687732E-05
392.8 0.0002036778399 3.637104283E-05
393 0.0002040578358 2.642761668E-20
393.2 0.0001898364486 7.301401869E-05
393.4 0.0001755617978 0.0001097261236
393.6 0.0001612335835 -7.392760149E-21
393.8 0.0001615366541 -7.342575188E-05
394 0.0001471280603 3.678201507E-05
394.2 0.0001326650943 7.370283019E-05
394.4 0.000103379017 7.384215501E-05
394.6 0.0001035748106 7.398200758E-05
394.8 8.894686907E-05 3.706119545E-05
395 7.426330798E-05 7.426330798E-05
395.2 5.952380952E-05 0.0001116071429
395.4 5.963740458E-05 3.727337786E-05
395.6 4.481357553E-05 3.734464627E-05
395.8 4.489942529E-05 7.483237548E-05
396 4.498560461E-05 0.0001124640115
396.2 3.004807692E-05 0.0001502403846
396.4 1.505298651E-05 3.763246628E-05
396.6 3.016409266E-05 6.059917774E-20
396.8 3.022243714E-05 7.555609284E-05
397 4.542151163E-05 7.570251938E-05
397.2 3.033980583E-05 -1.527599227E-20
397.4 1.519941634E-05 -3.799854086E-05
397.6 1.522904483E-05 3.807261209E-05
397.8 1.525878906E-05 7.629394531E-05
398 1.528864971E-05 7.644324853E-05
398.2 1.531862745E-05 7.659313725E-05
398.4 1.534872299E-05 3.837180747E-05
398.6 1.537893701E-05 3.844734252E-05
398.8 1.540927022E-05 7.704635108E-05
399 1.543972332E-05 3.85993083E-05
399.2 1.547029703E-05 -1.003076089E-19
399.4 1.550099206E-05 3.875248016E-05
399.6 1.553180915E-05 3.882952286E-05
399.8 1.5562749E-05 -1.755970019E-19
400 1.559381238E-05 -2.926829754E-20
400.2 1.5625E-05 3.90625E-05
400.4 0 7.828156313E-05
400.6 0 7.843875502E-05
400.8 0 3.929828974E-05
401 0 3.937752016E-05
401.2 0 7.891414141E-05
401.4 0 7.907388664E-05
401.6 0 7.923427992E-05
401.8 0 7.93953252E-05
402 1.59114053E-05 7.955702648E-05
402.2 3.18877551E-05 7.971938776E-05
402.4 3.195296524E-05 7.988241309E-05
402.6 3.201844262E-05 8.004610656E-05
402.8 3.208418891E-05 8.021047228E-05
403 3.215020576E-05 8.03755144E-05
403.2 3.221649485E-05 8.054123711E-05
403.4 1.614152893E-05 4.035382231E-05
403.6 1.617494824E-05 -4.04373706E-05
403.8 3.241701245E-05 -4.052126556E-05
404 3.248440748E-05 4.060550936E-05
404.2 3.255208333E-05 -2.204589659E-20
404.4 3.262004175E-05 -4.077505219E-05
404.6 1.634414226E-05 -4.086035565E-05
404.8 0 -8.189203354E-05
405 0 -8.206407563E-05
405.2 1.644736842E-05 -8.223684211E-05
405.4 1.648206751E-05 -8.241033755E-05
405.6 1.651691332E-05 -0.0001238768499
405.8 3.310381356E-05 -0.0001241393008
406 3.317409766E-05 -8.293524416E-05
406.2 3.324468085E-05 -8.311170213E-05
406.4 3.331556503E-05 -8.328891258E-05
406.6 3.338675214E-05 -4.173344017E-05
406.8 3.345824411E-05 -4.182280514E-05
407 3.353004292E-05 -8.38251073E-05
407.2 3.360215054E-05 -4.200268817E-05
407.4 1.683728448E-05 -1.103197373E-19
407.6 0 -4.218412527E-05
407.8 0 -0.0001268262987
408 1.694685466E-05 -0.0001694685466
408.2 3.39673913E-05 -0.0001273777174
408.4 3.404139434E-05 -8.510348584E-05
408.6 3.411572052E-05 -8.528930131E-05
408.8 3.419037199E-05 -8.547592998E-05
409 3.426535088E-05 -8.566337719E-05
409.2 3.434065934E-05 -4.292582418E-05
409.4 3.441629956E-05 -4.302037445E-05
409.6 3.449227373E-05 -8.623068433E-05
409.8 5.185287611E-05 -8.642146018E-05
410 6.929046563E-05 -8.661308204E-05
410.2 6.944444444E-05 -8.680555556E-05
410.4 6.959910913E-05 -0.0001304983296
410.6 5.231584821E-05 -4.359654018E-05
410.8 3.495525727E-05 4.369407159E-05
411 1.751681614E-05 -3.108211552E-20
411.2 0 -4.389044944E-05
411.4 0 -0.0001319679054
411.6 0 -8.81772009E-05
411.8 0 -4.418834842E-05
412 1.77154195E-05 -8.857709751E-05
412.2 1.775568182E-05 -8.877840909E-05
412.4 1.779612756E-05 -0.0001779612756
412.6 3.567351598E-05 -0.0002229594749
412.8 3.575514874E-05 -0.0001340818078
413 3.583715596E-05 -8.959288991E-05
413.2 3.591954023E-05 1.308359405E-20
413.4 3.600230415E-05 4.500288018E-05
413.6 1.804272517E-05 -2.798335982E-20
413.8 1.808449074E-05 4.574569245E-20
414 1.812645012E-05 4.531612529E-05
414.2 0 4.542151163E-05
414.4 0 -4.552738928E-05
414.6 0 -9.126752336E-05
414.8 1.829625293E-05 -4.574063232E-05
415 3.667840376E-05 4.584800469E-05
415.2 3.676470588E-05 4.595588235E-05
415.4 1.842570755E-05 9.212853774E-05
415.6 0 4.617316785E-05
415.8 0 -4.628258294E-05
416 0 4.639251781E-05
416.2 0 9.300595238E-05
416.4 0 4.661396181E-05
416.6 0 -4.672547847E-05
416.8 0 -6.354773778E-20
417 0 0.0001408503606
417.2 0 9.412650602E-05
417.4 0 4.717693237E-05
417.6 0 0.0001418734867
417.8 0 9.48118932E-05
418 0 -4.752128954E-05
418.2 0 -4.763719512E-05
418.4 0 9.550733496E-05
418.6 0 9.574142157E-05
418.8 0 -4.798832924E-05
419 0 -0.0001443195813
419.2 0 4.822530864E-05
419.4 0 9.668935644E-05
419.6 0 -9.69292804E-05
419.8 0 -4.8585199E-05
420 0 -8.402614098E-21
420.2 0 4.172942748E-20
420.4 0 4.895050125E-05
420.6 0 4.907349246E-05
420.8 0 4.919710327E-05
421 0 9.864267677E-05
421.2 0 0.0001483386076
421.4 0 9.914340102E-05
421.6 0 4.969783715E-05
421.8 0 -3.550594182E-20
422 0 1.442135029E-20
422.2 0 5.008012821E-05
422.4 0 -5.020886889E-05
422.6 0 -1.112289076E-19
422.8 0 2.729850921E-19
423 0 7.024042971E-20
423.2 0 -3.133049595E-20
423.4 0 -5.086263021E-05
423.6 0 5.099543081E-05
423.8 0 5.11289267E-05
424 0 -5.126312336E-05
424.2 0 -1.720238587E-19
424.4 0 0.0001030672823
424.6 0 5.166997354E-05
424.8 0 -1.403464351E-19
425 0 5.194481383E-05
425.2 0 5.208333333E-05
425.4 0 5.222259358E-05
425.6 0 5.236260054E-05
425.8 0 5.250336022E-05
426 0 0.0001052897574
426.2 0 5.278716216E-05
426.4 0 5.29302168E-05
426.6 0 -1.612117704E-21
426.8 0 -5.321866485E-05
427 0 0.0001067281421
427.2 0 0.0001070205479
427.4 0 -1.050764007E-19
427.6 0 5.380509642E-05
427.8 0 0.0001079074586
428 0 0.0001082063712
428.2 0 0.0001627604167
428.4 0 0.0001632137883
428.6 0 0.0001091131285
428.8 0 0.0001094187675
429 0 5.48630618E-05
429.2 0 5.501760563E-05
429.4 0 0.0001103460452
429.6 0 5.532932011E-05
429.8 0 -1.106698163E-19
430 0 -5.564458689E-05
430.2 0 -0.0001116071429
430.4 0 -5.596346705E-05
430.6 0 -5.612428161E-05
430.8 0 -0.0001688580692
431 0 -0.0001128973988
431.2 0 -0.0001132246377
431.4 0 -0.0001703306686
431.6 0 -5.694241983E-05
431.8 0 -2.569724429E-19
432 0 -1.019010573E-19
432.2 0 -3.031543044E-20
432.4 0 5.761430678E-05
432.6 0 0.0001155695266
432.8 0 0.0001159124629
433 0 5.812872024E-05
433.2 0 -2.594787753E-20
433.4 0 1.931215069E-20
433.6 0 -2.977202142E-21
433.8 0 1.011212425E-19
434 0 5.900679758E-05
434.2 0 -5.918560606E-05
434.4 0 -5.936550152E-05
434.6 0 -5.95464939E-05
434.8 0 -0.0001791857798
435 0 6.210866006E-20
435.2 0 6.009615385E-05
435.4 2.411265432E-05 6.02816358E-05
435.6 2.41873065E-05 -6.046826625E-05
435.8 2.426242236E-05 -0.0001213121118
436 0 -6.084501558E-05
436.2 0 -0.0001220703125
436.4 0 -0.0001224529781
436.6 0 -0.0001228380503
436.8 0 -0.0001232255521
437 0 -0.0001236155063
437.2 0 -0.0001240079365
437.4 0 -0.0001244028662
437.6 0 -0.0001248003195
437.8 0 -0.0001252003205
438 0 -0.0001256028939
438.2 0 -0.0001260080645
438.4 0 -0.0001264158576
438.6 0 -0.0001268262987
438.8 0 -0.0001272394137
439 0 -0.0001276552288
439.2 0 -0.0001280737705
439.4 0 -6.424753289E-05
439.6 0 1.003529732E-19
439.8 0 -9.781960158E-20
440 0 8.469920221E-20
440.2 0 -8.805413323E-21
440.4 0 -1.199431142E-20
440.6 0 -1.444858592E-19
440.8 0 3.884488375E-20
441 0 -1.830301269E-20
441.2 0 1.329953062E-20
441.4 0 3.796561921E-20
441.6 0 -1.042262572E-20
441.8 0 -1.629426591E-19
442 0 -1.059076616E-19
442.2 0 -2.303163469E-20
442.4 0 4.577623146E-22
442.6 0 -1.826115628E-19
442.8 0 -7.444820486E-20
443 0 -6.829108392E-05
443.2 0 -5.491117134E-20
443.4 0 3.728587899E-20
443.6 0 -6.901501767E-05
443.8 0 -9.213650523E-20
444 0 8.752418174E-21
444.2 0 -4.777711779E-22
444.4 0 -7.000448029E-05
444.6 0 -1.420554346E-19
444.8 0 2.039403347E-20
445 0 -0.0001415307971
445.2 0 -0.0001420454545
445.4 0 -0.0001425638686
445.6 0 -0.0001430860806
445.8 0 -0.0001436121324
446 0 -7.207103321E-05
446.2 0 1.265988813E-20
446.4 0 2.908982433E-20
446.6 0 -9.98735833E-20
446.8 0 1.848044791E-20
447 0 9.104018982E-20
447.2 0 6.903701003E-20
447.4 0 -6.917255216E-20
447.6 0 -1.638436443E-19
447.8 0 -1.846964535E-19
448 0 1.041744541E-19
448.2 0 1.026314775E-19
448.4 0 -6.062939072E-20
448.6 0 9.674755709E-20
448.8 0 -1.131055757E-20
449 0 1.002711464E-19
449.2 0 -6.563301897E-20
449.4 0 -1.47751265E-19
449.6 0 5.83240961E-20
449.8 0 1.601720828E-19
450 0 1.379144588E-19
450.2 0 2.63322179E-20
450.4 0 -4.247449439E-20
450.6 0 4.33183219E-20
450.8 0 1.862710595E-20
451 0 1.561496666E-21
451.2 0 -1.023356337E-19
451.4 0 -1.71060584E-19
451.6 0 -1.770029995E-19
451.8 0 4.55064088E-20
452 0 2.664885703E-20
452.2 0 -8.797253706E-20
452.4 0 -1.013711718E-20
452.6 0 2.577370139E-20
452.8 0 2.797932026E-20
453 0 1.372790644E-19
453.2 0 2.11302578E-19
453.4 0 1.753236661E-19
453.6 0 -4.726739178E-20
453.8 0 8.418642241E-05
454 0 0.0001691017316
454.2 0 0.0001698369565
454.4 0 4.086876831E-21
454.6 0 -0.0001713267544
454.8 0 -0.0001720814978
455 0 8.220406652E-20
455.2 0 0.0001736111111
455.4 0 0.0001743861607
455.6 0 8.758408072E-05
455.8 0 2.470168677E-19
456 0 1.175134232E-19
456.2 0 2.080310013E-20
456.4 0 -9.748712435E-20
456.6 0 1.115403421E-19
456.8 0 -8.859820355E-20
457 0 -3.630697545E-20
457.2 0 1.66439371E-19
457.4 0 1.872274695E-19
457.6 0 -6.263882774E-21
457.8 0 -7.529666994E-20
458 0 -5.737645919E-20
458.2 0 1.423140514E-19
458.4 0 4.062186848E-22
458.6 0 3.357613082E-20
458.8 0 -1.250589859E-19
459 0 -1.269301652E-20
459.2 0 -4.560676053E-20
459.4 0 -6.884138247E-20
459.6 0 -1.070789138E-19
459.8 0 -1.019097551E-19
460 0 -6.007310656E-20
460.2 0 -2.961027618E-20
460.4 0 -1.644241797E-19
460.6 0 -5.029334134E-20
460.8 0 -1.469404899E-19
461 0 -9.964923469E-05
461.2 0 -0.0002003205128
461.4 0 -0.0001006765464
461.6 0 0.0001011981865
461.8 0 0.0002034505208
462 0 -2.086614276E-19
462.2 0 -0.0001027960526
462.4 0 -2.525246305E-19
462.6 0 -2.773034232E-19
462.8 0 -0.0001044451872
463 0 -0.0001050067204
463.2 0 0.0001055743243
463.4 0 0.0001061480978
463.6 0 -0.0001067281421
463.8 0 -0.0002146291209
464 0 -0.0001079074586
464.2 0 -1.49749059E-19
464.4 0 -1.631244964E-19
464.6 0 -1.634627315E-19
464.8 0 3.450206378E-20
465 0 0.0001109730114
465.2 0 0.0001116071429
465.4 0 1.349033309E-19
465.6 0 -0.0001128973988
465.8 0 -2.757665573E-19
466 0 0.0002284356725
466.2 0 0.0002297794118
466.4 0 0.0001155695266
466.6 0 -0.0001162574405
466.8 0 -0.0002339071856
467 0 -0.0002353162651
467.2 0 -0.0001183712121
467.4 0 3.717604995E-20
467.6 0 -1.395064525E-20
467.8 0 -5.107855999E-19
468 0 -7.766477076E-20
468.2 0 -2.173339806E-19
468.4 0 -6.541764422E-20
468.6 0 1.12720795E-19
468.8 0 -2.124342474E-19
469 0 3.575179165E-20
469.2 0 -5.699199969E-21
469.4 0 -5.092309955E-19
469.6 0 -3.756596142E-19
469.8 0 1.250855832E-19
470 0 2.394341079E-21
470.2 0 -2.588957542E-19
470.4 0 -5.826655791E-20
470.6 0 3.242790839E-19
470.8 0 1.416423792E-19
471 0 5.798595103E-20
471.2 0 9.9524065E-20
471.4 0 -1.910118019E-19
471.6 0 -1.451479068E-19
471.8 0 0.0001375440141
472 0 0.0002770390071
472.2 0 0.0002790178571
472.4 0 0.0001405125899
472.6 0 -0.0001415307971
472.8 0 -0.0002851277372
473 0 -0.0002872242647
473.2 0 -0.0001446759259
473.4 0 1.767682331E-19
473.6 0 -9.2375639E-20
473.8 0 8.365849671E-20
474 0 1.943105737E-19
474.2 0 3.453895199E-19
474.4 0 1.168465911E-19
474.6 0 -8.763331418E-20
474.8 0 -1.16379447E-19
475 0 -1.492926277E-19
475.2 0 -1.513200919E-20
475.4 0 2.204672022E-19
475.6 0 -1.0957303E-19
475.8 0 -1.908170591E-19
476 0 -3.341582806E-19
476.2 0 -1.56365596E-19
476.4 0 -6.587170717E-20
476.6 0 2.808219359E-19
476.8 0 -1.66952816E-19
477 0 -1.818411452E-20
477.2 0 7.466943673E-20
477.4 0 1.540444715E-19
477.6 0 -3.424121135E-20
477.8 0 -2.365028739E-19
478 0 -1.95960868E-19
478.2 0 -2.275642767E-19
478.4 0 -3.806762553E-19
478.6 0 9.258454273E-21
478.8 0 -2.946552881E-19
479 0 -1.13076045E-19
479.2 0 -1.451388814E-19
479.4 0 -4.80302222E-20
479.6 0 5.079529018E-20
479.8 0 0.0001914828431
480 0 0.0001933787129
480.2 0 -5.164312929E-19
480.4 0 -3.606592072E-19
480.6 0 -2.362383039E-19
480.8 0 7.739230044E-20
481 0 -0.0002034505208
481.2 0 -3.313863566E-19
481.4 0 0.0002077792553
481.6 0 -9.728386327E-20
481.8 0 -2.857525189E-19
482 0 -7.608805476E-19
482.2 0 -0.0002170138889
482.4 0 -0.0002194522472
482.6 0 2.881890265E-21
482.8 0 -5.255463269E-19
483 0 1.559006743E-19
483.2 0 -3.696027246E-19
483.4 0 -2.823293824E-19
483.6 0 1.659819476E-19
483.8 0 7.963669347E-20
484 0 1.857958135E-19
484.2 0 -2.629428869E-19
484.4 0 -3.637671074E-19
484.6 0 -6.209688424E-19
484.8 0 -2.003740082E-19
485 0 2.463823653E-19
485.2 0 -1.269846919E-19
485.4 0 -4.808235182E-19
485.6 0 -7.073243629E-19
485.8 0 -4.744089026E-19
486 0 1.179507298E-19
486.2 0 1.399188236E-19
486.4 0 -8.686412284E-20
486.6 0 1.515615891E-19
486.8 0 -9.60594155E-20
487 0 6.713087204E-20
487.2 0 3.724079697E-19
487.4 0 -4.8913471E-19
487.6 0 -2.391899021E-19
487.8 0 1.961615231E-19
488 0 5.876391734E-19
488.2 0 7.025287429E-20
488.4 0 1.10888556E-18
488.6 0 6.69880808E-19
488.8 0 4.784641257E-19
489 0 2.546668502E-19
489.2 0 8.802916921E-19
489.4 0 3.631470795E-19
489.6 0 2.160727862E-19
489.8 0 1.913353551E-20
490 0 1.797987258E-19
490.2 0 8.712886374E-19
490.4 0 -2.522357779E-19
490.6 0 1.388702209E-19
490.8 0 -8.196303332E-19
491 0 3.090497278E-19
491.2 0 -3.744564326E-20
491.4 0 4.486517986E-19
491.6 0 2.84451192E-19
491.8 0 -2.567914513E-19
492 0 8.829093042E-20
492.2 0 8.882530261E-19
492.4 0 -1.846128552E-19
492.6 0 -3.67959619E-19
492.8 0 2.863676312E-19
493 0 -9.006311176E-19
493.2 0 -9.680502615E-19
493.4 0 2.080805487E-20
493.6 0 6.60813533E-19
493.8 0 9.35225976E-19
494 0 9.68094585E-19
494.2 0 6.975847409E-19
494.4 0 3.295918841E-20
494.6 0 9.218175129E-19
494.8 0 -5.358459974E-19
495 0 -4.220365415E-19
495.2 0 3.53030157E-19
495.4 0 3.601250949E-19
495.6 0 8.083170297E-19
495.8 0 -1.506574455E-18
496 0 1.236527967E-18
496.2 0 9.271015177E-19
496.4 0 1.539364895E-18
496.6 0 -1.141445861E-20
496.8 0 5.217339521E-19
497 0 -2.100597065E-18
497.2 0 2.614149988E-20
497.4 0 -2.458248587E-18
497.6 0 5.099410118E-19
497.8 0 -1.887777039E-18
498 0 -5.71102489E-19
498.2 0 1.491066258E-18
498.4 0 -4.292675245E-18
498.6 0 -5.079411244E-18
498.8 0 -4.965154653E-18
499 0 -7.973259722E-18
499.2 0 -8.220368402E-18
499.4 0 -9.529783888E-18
499.6 0 -5.337822358E-18
499.8 0 -2.054846196E-17
500 0 -4.258574191E-18
