0 0.007331442423 -0.0001093312675
0.2 0.0064125 0.0015078125
0.4 0.005993022209 0.0004298594438
0.6 0.005673288631 0.0002267438951
0.8 0.005400230276 0.0001799033841
1 0.005136343149 0.0002112755409
1.2 0.004900425852 0.0001565631263
1.4 0.004708174619 0.0001957823777
1.6 0.004518902928 9.401323706E-05
1.8 0.004351424559 7.053822231E-05
2 0.00417440285 0.0001803367122
2.2 0.004000376506 0.000125502008
2.4 0.003848182001 0.0001412464845
2.6 0.003699005225 0.0001727039791
2.8 0.003562273824 4.712002413E-05
3 0.003441145414 -1.571299276E-05
3.2 0.003335638833 1.57193159E-05
3.4 0.003226902174 0.0001729820853
3.6 0.00308346758 0.0002202476843
3.8 0.00298398469 0.0001416448429
4 0.002865528013 0.0002046805723
4.2 0.002737525202 0.0002205141129
4.4 0.002603116176 0.0001103015329
4.6 0.002515889831 -1.576372074E-05
4.8 0.002428593056 -2.365512717E-05
5 0.002325449313 3.155290792E-05
5.2 0.002225378788 5.523989899E-05
5.4 0.002134700889 2.368381164E-05
5.6 0.002050267893 4.738677719E-05
5.8 0.001953125 7.11089199E-05
6 0.001878035208 4.742513153E-05
6.2 0.001796558704 7.907388664E-05
6.4 0.001699195018 7.119532199E-05
6.6 0.001620745543 -6.331037277E-05
6.8 0.001551732874 -1.583400892E-05
7 0.001492168491 3.960107461E-05
7.2 0.00142938641 1.584685598E-05
7.4 0.001353870739 -7.926643669E-06
7.6 0.001290981527 -7.136875761E-05
7.8 0.001247080626 -6.346466288E-05
8 0.001193620479 7.93630638E-06
8.2 0.001143292683 8.733485772E-05
8.4 0.001105632371 6.532189526E-21
8.6 0.001067941416 -5.562194874E-05
8.8 0.00103021978 -3.17969068E-05
9 0.0009829244707 -3.180985342E-05
9.2 0.0009419551935 -2.386710794E-05
9.4 0.0009041361043 -9.550733496E-05
9.6 0.0008631013045 -0.0001273950265
9.8 0.0008538947798 -8.761980016E-05
10 0.0008351183191 -5.578080375E-05
10.2 0.0008003826531 -5.580357143E-05
10.4 0.0007592384647 -3.190077583E-05
10.6 0.0007212520425 1.405857937E-20
10.8 0.0006864272579 -3.99085615E-05
11 0.0006579619787 -9.581970564E-05
11.2 0.0006422546012 -3.195296524E-05
11.4 0.0005977649345 -1.598301964E-05
11.6 0.0005660304953 -7.994781007E-05
11.8 0.0005438677314 -7.198249386E-05
12 0.0005248873413 -4.800798853E-05
12.2 0.0005058913934 2.401383197E-05
12.4 0.0004804735547 2.402367774E-05
12.6 0.0004582393355 1.602235439E-05
12.8 0.0004423984407 2.404339352E-05
13 0.000429751642 -1.603550903E-05
13.2 0.0004106776181 -8.021047228E-06
13.4 0.0003883781841 -2.407302794E-05
13.6 0.0003660604192 -4.816584464E-05
13.8 0.0003501490543 -5.621659128E-05
14 0.0003245835047 -0.0001044451872
14.2 0.0003054269547 -0.0001446759259
14.4 0.0002862546315 -5.628602305E-05
14.6 0.0002670665157 5.630920511E-05
14.8 0.0002414245983 -8.047486609E-06
15 0.0002189818631 -8.050803792E-05
15.2 0.000199742268 -1.610824742E-05
15.4 0.0001837097772 -8.05744637E-06
15.6 0.0001644397441 -8.060771771E-05
15.8 0.0001516050784 -6.451279934E-05
16 0.00013875981 -6.453944651E-05
16.2 0.0001291322314 -9.684917355E-05
16.4 0.0001130374122 -6.459280695E-05
16.6 9.369830438E-05 -6.461952026E-05
16.8 8.727244518E-05 -5.656547373E-05
17 9.054221854E-05 -8.084126656E-06
17.2 9.381469979E-05 -2.426242236E-05
17.4 9.385356255E-05 2.623365038E-20
17.6 9.389245752E-05 4.856506424E-05
17.8 9.393138474E-05 8.097533167E-05
18 8.100891746E-05 4.050445873E-05
18.2 8.104253112E-05 -3.215732966E-21
18.4 7.459007887E-05 3.243046907E-05
18.6 6.813226744E-05 -2.310991148E-20
18.8 6.491483174E-05 -2.205166632E-20
19 5.844763092E-05 -1.623545303E-05
19.2 6.172037422E-05 -7.936504068E-22
19.4 6.824563228E-05 3.249792013E-05
19.6 7.152517686E-05 1.161917332E-20
19.8 6.830245629E-05 2.439373439E-05
20 6.833090379E-05 -2.440389421E-05
20.2 6.510416667E-05 -8.138020833E-06
20.4 6.838786995E-05 5.698989162E-05
20.6 7.167431193E-05 3.257923269E-05
20.8 6.518564873E-05 2.444461827E-05
21 6.84734975E-05 8.151606845E-06
21.2 7.176409186E-05 8.155010438E-06
21.4 8.158416876E-05 8.158416876E-06
21.6 8.488299206E-05 4.08091308E-05
21.8 8.165238294E-05 4.899142977E-05
22 8.495399414E-05 3.267461313E-05
22.2 8.82583682E-05 4.086035565E-05
22.4 9.483570532E-05 7.357942654E-05
22.6 9.814698492E-05 4.089457705E-05
22.8 0.000101461039 -8.182341852E-06
23 0.0001015035624 6.548616932E-05
23.2 0.0001015461216 4.094601677E-05
23.4 9.831166107E-05 2.48654089E-20
23.6 9.507448594E-05 3.27843055E-05
23.8 8.855478589E-05 9.562088012E-21
24 8.531079378E-05 -3.281184376E-05
24.2 8.862920168E-05 4.103203782E-05
24.4 8.866645649E-05 4.92591425E-05
24.6 8.541841884E-05 3.920280717E-20
24.8 8.545435423E-05 1.453305995E-21
25 8.877840909E-05 -1.644044613E-05
25.2 9.539473684E-05 8.223684211E-06
25.4 0.0001020166386 3.290859309E-05
25.6 0.0001053518753 6.584492204E-05
25.8 0.0001119835582 7.410676644E-05
26 0.0001153258119 4.942534795E-05
26.2 0.0001186708861 4.120516878E-05
26.4 0.0001121253694 6.595609962E-05
26.6 0.0001055743243 4.948796453E-05
26.8 9.571715251E-05 -3.300591466E-05
27 9.24556213E-05 -8.254966188E-06
27.2 8.588794926E-05 8.25845666E-06
27.4 8.261950085E-05 -3.304780034E-05
27.6 7.27359289E-05 4.937214292E-21
27.8 7.276672312E-05 8.268945809E-06
28 7.279754341E-05 -2.481734435E-05
28.2 7.613877119E-05 -5.793167373E-05
28.4 7.948283171E-05 -2.483838491E-05
28.6 7.62033503E-05 -4.141486429E-05
28.8 7.623568095E-05 -5.800540942E-05
29 7.958404075E-05 -8.290004244E-06
29.2 8.293524416E-05 8.293524416E-06
29.4 8.297047579E-05 4.148523789E-05
29.6 7.968550786E-05 6.640458989E-05
29.8 7.971938776E-05 8.304102891E-05
30 8.639940451E-05 4.153817524E-05
30.2 9.308510638E-05 -8.311170213E-06
30.4 0.000103102384 8.314708387E-06
30.6 0.0001031462947 1.663649915E-05
30.8 0.0001031902429 -1.157412051E-20
31 0.0001065643649 -1.665068201E-05
31.2 0.0001032782516 -3.331556503E-05
31.4 0.0001066552901 -8.332444539E-06
31.6 0.0001067008109 -2.317739677E-20
31.8 0.0001100821947 -3.335824082E-05
32 0.0001134664673 -3.337249039E-05
32.2 0.0001168536325 -8.346688034E-06
32.4 0.0001202436939 -5.845179564E-05
32.6 0.0001236366553 -6.683062447E-05
32.8 0.0001270325203 -3.342961061E-05
33 0.0001337756849 -8.360980308E-05
33.2 0.0001371788009 -6.691648822E-05
33.4 0.000137237575 -5.020886889E-05
33.6 0.0001372963995 -9.208904844E-05
33.8 0.0001440555317 -8.375321612E-05
34 0.0001541720292 -7.541023166E-05
34.2 0.0001575912017 -8.38251073E-05
34.4 0.0001576588665 -6.708887935E-05
34.6 0.0001543707045 2.783755277E-20
34.8 0.0001544370434 -2.517995273E-05
35 0.0001578622098 -8.396926053E-05
35.2 0.0001646505376 -1.872068547E-21
35.4 0.0001613597246 5.042491394E-05
35.6 0.0001580660783 -1.681554025E-05
35.8 0.0001648632644 -6.729112834E-05
36 0.0001683003016 -5.049009048E-05
36.2 0.0001650053879 -3.367456897E-05
36.4 0.0001617076326 -5.895590772E-05
36.6 0.0001584070319 -2.527771786E-05
36.8 0.0001517317652 -2.528862754E-05
37 0.0001517972798 -5.903227547E-05
37.2 0.000151862851 -1.687365011E-05
37.4 0.0001485522904 -4.220235523E-05
37.6 0.0001486165153 -1.688824038E-05
37.8 0.0001453016869 -3.060594214E-21
38 0.0001521257032 -8.451427953E-06
38.2 0.0001521915584 1.691017316E-05
38.4 0.0001488739714 2.537624513E-05
38.6 0.0001557084055 2.538724003E-05
38.8 0.000159162332 1.693216298E-05
39 0.0001660071552 -1.693950564E-05
39.2 0.0001728579176 -4.236713666E-05
39.4 0.0001763237847 -3.390842014E-05
39.6 0.0001797926617 -8.480785931E-06
39.8 0.0001798707646 1.696894005E-05
40 0.0001833441982 1.697631465E-05
40.2 0.0001766304348 2.547554348E-05
40.4 0.0001801054806 2.103136886E-20
40.6 0.0001767841601 8.499238468E-06
40.8 0.0001666575969 -5.6363221E-22
41 0.0001599248693 -3.573597712E-21
41.2 0.0001497821351 1.702069717E-05
41.4 0.0001430361813 -9.683486286E-21
41.6 0.0001362843437 -2.555331444E-05
41.8 0.0001295266143 -8.521487784E-06
42 0.0001261730685 1.705041467E-05
42.2 0.0001228165939 -2.249302867E-20
42.4 0.0001160441241 -1.706531236E-05
42.6 0.0001092657343 8.53638549E-06
42.8 0.0001058974639 3.416047223E-05
43 9.910870516E-05 8.543853893E-06
43.2 9.231400438E-05 8.547592998E-06
43.4 8.551335377E-05 3.420534151E-05
43.6 8.212877792E-05 1.711016207E-05
43.8 8.558829974E-05 -8.558829974E-06
44 8.220078913E-05 2.622022744E-20
44.2 8.223684211E-05 3.426535088E-05
44.4 7.54168495E-05 6.856077227E-05
44.6 7.202041264E-05 1.204053541E-20
44.8 6.862099253E-05 -4.288812033E-05
45 5.8353471E-05 -8.581392794E-06
45.2 5.494505495E-05 3.434065934E-05
45.4 5.496921724E-05 4.294470097E-05
45.6 5.843048834E-05 4.296359437E-05
45.8 5.501760563E-05 6.017550616E-05
46 5.848194628E-05 4.300143109E-05
46.2 5.850770925E-05 1.720814978E-05
46.4 5.853349493E-05 6.886293521E-05
46.6 5.511463845E-05 6.889329806E-05
46.8 5.513895015E-05 -2.223184843E-20
47 5.516328332E-05 -8.619263019E-06
47.2 4.828918322E-05 1.724613687E-05
47.4 4.831051237E-05 2.588063163E-05
47.6 5.17841361E-05 8.63068935E-06
47.8 5.180702918E-05 8.634504863E-06
48 5.5285272E-05 8.638323751E-06
48.2 5.876659292E-05 -8.642146018E-06
48.4 6.225099602E-05 -2.593791501E-05
48.6 6.919840567E-05 -8.649800709E-06
48.8 6.576761187E-05 -8.653633141E-06
49 6.579676418E-05 -8.657468972E-06
49.2 6.929046563E-05 -3.464523282E-05
49.4 7.625332742E-05 -8.665150843E-05
49.6 7.975477142E-05 -6.935197514E-05
49.8 7.632104796E-05 -6.070992451E-05
50 7.982563305E-05 -6.941359396E-05
50.2 7.986111111E-05 -3.472222222E-05
50.4 8.337038684E-05 -8.684415296E-06
50.6 8.340747331E-05 -2.474056753E-20
50.8 8.344459279E-05 -3.476858033E-05
51 8.696015138E-05 -3.478406055E-05
51.2 8.699888641E-05 8.699888641E-06
51.4 8.355614973E-05 -2.611129679E-05
51.6 8.011034329E-05 -7.836881409E-05
51.8 8.014607493E-05 -6.098070919E-05
52 7.669567158E-05 -1.743083445E-05
52.2 6.975446429E-05 -2.615792411E-05
52.4 6.978561858E-05 -2.616960697E-05
52.6 6.632596068E-05 -8.727100089E-06
52.8 6.635561019E-05 -2.619300402E-05
53 6.289132379E-05 -5.240943649E-05
53.2 5.942393736E-05 -3.495525727E-05
53.4 5.945053715E-05 1.74854521E-05
53.6 5.597850425E-05 -2.623992387E-05
53.8 5.250336022E-05 -2.625168011E-05
54 4.902510085E-05 -8.754482295E-06
54.2 4.90470852E-05 -2.627522422E-05
54.4 4.906908928E-05 -3.19715814E-22
54.6 4.909111311E-05 -4.383135099E-05
54.8 5.612932196E-05 -6.139144589E-05
55 5.264487871E-05 -2.632243935E-05
55.2 5.266853933E-05 -8.778089888E-06
55.4 5.269222122E-05 1.237090067E-20
55.6 5.271592443E-05 -1.757197481E-05
55.8 5.273964896E-05 -2.636982448E-05
56 5.276339487E-05 -4.396949572E-05
56.2 5.278716216E-05 -2.639358108E-05
56.4 5.281095088E-05 -2.204717479E-20
56.6 5.635707845E-05 -5.283476105E-05
56.8 5.990640505E-05 -3.52390618E-05
57 5.640794224E-05 8.813740975E-06
57.2 5.996049661E-05 -1.763544018E-05
57.4 6.351626016E-05 -2.64651084E-05
57.6 6.707523723E-05 -1.765137822E-05
57.8 7.063743219E-05 -8.829679024E-06
58 7.066938037E-05 -8.833672546E-06
58.2 7.777149321E-05 -3.535067873E-05
58.4 8.134336804E-05 -1.768334088E-05
58.6 8.491847826E-05 -8.845674819E-06
58.8 8.849682827E-05 -3.539873131E-05
59 9.207842248E-05 -2.656108341E-05
59.2 9.566326531E-05 -1.77154195E-05
59.4 9.925136116E-05 -2.658518603E-05
59.6 0.0001028427145 -8.865751248E-06
59.8 0.0001064373297 -8.869777475E-06
60 0.0001100352113 8.87380736E-06
60.2 0.0001100852273 5.47487097E-21
60.4 0.0001172407913 -6.217314688E-05
60.6 0.0001244028662 -2.155501731E-20
60.8 0.0001315714611 3.555985435E-05
61 0.00013518898 8.89401184E-06
61.2 0.000138809795 -3.559225513E-05
61.4 0.0001495556062 -3.560847767E-05
61.6 0.0001531862745 8.906178751E-06
61.8 0.0001568202555 4.455120894E-05
62 0.0001568918302 8.914308535E-06
62.2 0.0001605308219 -2.675513699E-05
62.4 0.0001606041571 4.461226587E-05
62.6 0.000157106947 5.355918647E-05
62.8 0.0001571787837 2.679183813E-05
63 0.000153676807 8.934698079E-06
63.2 0.0001573226545 1.827483798E-20
63.4 0.0001538175366 -1.788576007E-05
63.6 0.0001538879982 8.946976638E-06
63.8 0.0001539585243 5.370646196E-05
64 0.0001540291151 5.373108666E-05
64.2 0.0001433486239 8.959288991E-06
64.4 0.0001469997705 -2.689020193E-05
64.6 0.0001470672635 1.793503214E-05
64.8 0.0001363688562 3.588654111E-05
65 0.0001328412224 6.28303079E-05
65.2 0.0001257183908 7.183908046E-05
65.4 0.0001293698252 3.593606256E-05
65.6 0.0001294293603 8.988150023E-05
65.8 0.0001222951197 0.0001168997468
66 0.0001187528789 2.698929065E-05
66.2 0.0001188076037 2.700172811E-05
66.4 0.0001116585984 6.303307976E-05
66.6 0.0001153136531 2.702663745E-05
66.8 0.0001117616521 1.802607291E-05
67 0.0001118132502 9.017197599E-06
67.2 0.0001118648961 9.021362587E-06
67.4 0.0001119165896 -2.707659427E-05
67.6 0.000111968331 -3.611881646E-05
67.8 0.000108406568 1.806776133E-05
68 0.000108456733 4.519030541E-05
68.2 0.0001085069444 1.808449074E-05
68.4 0.0001085572024 2.71393006E-05
68.6 0.000108607507 3.620250232E-05
68.8 0.0001122797867 1.810964302E-05
69 0.0001123318646 1.811804267E-05
69.2 0.0001123839907 9.063225058E-06
69.4 0.0001124361653 5.44045961E-05
69.6 0.0001088597306 5.44298653E-05
69.8 0.000108910316 -2.7227579E-05
70 0.0001053289168 -3.632031613E-05
70.2 0.000105377907 1.816860465E-05
70.4 9.815611913E-05 -1.069835462E-20
70.6 9.820181564E-05 -9.092760708E-06
70.8 9.096995808E-05 1.024333736E-21
71 8.737185461E-05 -2.730370457E-05
71.2 8.377039627E-05 -9.105477855E-06
71.4 8.016557836E-05 9.109724813E-06
71.6 7.655739617E-05 -1.822795147E-05
71.8 7.2945845E-05 -3.64729225E-05
72 7.297991593E-05 -8.210240542E-05
72.2 7.301401869E-05 -6.388726636E-05
72.4 6.939574568E-05 -9.131019168E-06
72.6 6.577408793E-05 -9.135289991E-06
72.8 6.580486664E-05 -6.523569392E-21
73 6.583567416E-05 1.828768727E-05
73.2 6.586651054E-05 2.744437939E-05
73.4 5.857544517E-05 9.152413308E-06
73.6 5.86029067E-05 -3.662681669E-05
73.8 6.229479362E-05 -1.832199812E-05
74 5.865790709E-05 9.165297982E-06
74.2 5.868544601E-05 9.169600939E-06
74.4 5.137388445E-05 1.834781588E-05
74.6 5.506931391E-05 -1.835643797E-05
74.8 6.244123178E-05 -9.182534086E-06
75 6.247060207E-05 1.837370649E-05
75.2 5.882352941E-05 9.191176471E-06
75.4 5.885122411E-05 1.80170141E-20
75.6 5.887894489E-05 -9.199835139E-06
75.8 5.154335533E-05 9.204170594E-06
76 4.420084866E-05 5.525106082E-05
76.2 4.05365566E-05 2.763856132E-05
76.4 3.686880604E-05 -2.765160453E-05
76.6 3.688621341E-05 -2.766466006E-05
76.8 3.690363722E-05 -9.225909306E-06
77 3.69210775E-05 1.117053011E-20
77.2 3.693853428E-05 -9.23463357E-06
77.4 3.695600757E-05 -1.847800378E-05
77.6 3.69734974E-05 -2.773012305E-05
77.8 3.699100379E-05 -1.849550189E-05
78 3.700852676E-05 -4.600905645E-22
78.2 3.702606635E-05 5.215889375E-21
78.4 3.704362257E-05 -1.852181128E-05
78.6 3.706119545E-05 -3.706119545E-05
78.8 3.7078785E-05 -1.85393925E-05
79 4.080603039E-05 -2.782229345E-05
79.2 4.082541568E-05 -9.278503563E-06
79.4 4.455798479E-05 -9.282913498E-06
79.6 5.200903471E-05 -3.714931051E-05
79.8 5.203377735E-05 -1.858349191E-05
80 4.834007615E-05 -1.028457944E-20
80.2 4.836309524E-05 4.650297619E-05
80.4 4.466412577E-05 -1.861005241E-05
80.6 4.468541468E-05 -7.447569113E-05
80.8 4.470672389E-05 -6.513646538E-21
81 4.472805344E-05 -2.79550334E-05
81.2 4.847852029E-05 -5.593675418E-05
81.4 4.850167144E-05 -2.798173352E-05
81.6 4.852484472E-05 1.383429419E-21
81.8 4.854804015E-05 9.336161568E-06
82 4.857125777E-05 -4.670313247E-05
82.2 4.859449761E-05 -5.607057416E-05
82.4 4.487793202E-05 -4.674784586E-05
82.6 4.489942529E-05 -2.80621408E-05
82.8 4.117752755E-05 -2.807558697E-05
83 4.11972675E-05 9.36301534E-06
83.2 3.747002398E-05 3.747002398E-05
83.4 2.624160269E-05 -2.811600288E-05
83.6 2.250360058E-05 -5.625900144E-05
83.8 1.500960615E-05 -1.876200768E-05
84 7.508409419E-06 -9.385511773E-06
84.2 3.756009615E-06 -1.878004808E-05
84.4 3.757816258E-06 -1.878908129E-05
84.6 0 -3.759624639E-05
84.8 0 -2.821076071E-05
85 0 -1.881623314E-05
85.2 0 -1.88253012E-05
85.4 0 -2.825156702E-05
85.6 0 -4.306674449E-21
85.8 0 -5.513617851E-21
86 0 -1.886166103E-05
86.2 0 1.887077295E-05
86.4 0 -9.439946834E-06
86.6 0 -4.722255803E-05
86.8 0 -5.669448476E-05
87 0 -4.726827202E-05
87.2 0 -1.891646489E-05
87.4 0 -3.785125969E-05
87.6 0 -5.680441105E-05
87.8 0 -3.788797284E-05
88 0 -1.895317807E-05
88.2 0 -1.896237864E-05
88.4 0 -3.79431763E-05
88.6 0 -1.898080661E-05
88.8 0 9.495017015E-06
89 0 -2.849890564E-05
89.2 0 -2.851277372E-05
89.4 0 -2.530153153E-21
89.6 0 -9.513516805E-06
89.8 0 -2.855445906E-05
90 0 -3.809117504E-05
90.2 0 -1.905487805E-05
90.4 0 -2.859626647E-05
90.6 0 -3.814697266E-05
90.8 0 -9.541402052E-06
91 0 -1.57729027E-20
91.2 0 1.910146699E-05
91.4 0 2.86662182E-05
91.6 0 6.733221679E-22
91.8 0 -1.851237937E-20
92 0 1.91389025E-05
92.2 0 1.914828431E-05
92.4 0 9.800776428E-21
92.6 0 -5.207821712E-21
92.8 3.835297005E-06 1.17759353E-20
93 3.837180747E-06 1.918590373E-05
93.2 3.839066339E-06 2.879299754E-05
93.4 3.840953786E-06 9.602384464E-06
93.6 3.842843089E-06 -3.842843089E-05
93.8 3.844734252E-06 -5.767101378E-05
94 3.846627277E-06 -4.808284097E-05
94.2 3.848522167E-06 -4.810652709E-05
94.4 3.850418926E-06 -1.925209463E-05
94.6 3.852317554E-06 -9.630793886E-06
94.8 3.854218056E-06 9.635545141E-06
95 3.856120434E-06 9.640301086E-06
95.2 3.858024691E-06 1.929012346E-05
95.4 3.85993083E-06 9.649827075E-06
95.6 0 2.03418896E-20
95.8 0 1.931874382E-05
96 0 1.932830282E-05
96.2 0 9.668935644E-06
96.4 0 2.902117385E-05
96.6 0 2.9035555E-05
96.8 3.873326723E-06 9.683316807E-06
97 3.875248016E-06 2.906436012E-05
97.2 3.877171216E-06 5.815756824E-05
97.4 3.879096326E-06 6.78841857E-05
97.6 3.881023348E-06 1.940511674E-05
97.8 3.882952286E-06 -1.941476143E-05
98 3.884883143E-06 -1.942441571E-05
98.2 3.88681592E-06 -3.88681592E-05
98.4 7.777501244E-06 -3.888750622E-05
98.6 1.167206175E-05 -9.726718127E-06
98.8 1.557050324E-05 5.140890042E-21
99 1.947283151E-05 2.309963651E-20
99.2 2.337905237E-05 1.57996027E-20
99.4 2.339071856E-05 1.949226547E-05
99.6 1.9501997E-05 1.9501997E-05
99.8 2.341408591E-05 -3.902347652E-05
100 2.733008496E-05 -4.880372314E-05
100.2 3.125E-05 -9.765625E-06
100.4 3.908204102E-05 -9.770510255E-06
100.6 5.083208208E-05 9.747642259E-21
100.8 6.259389084E-05 1.956059089E-05
101 7.436748497E-05 3.914078156E-05
101.2 7.04887218E-05 2.937030075E-05
101.4 6.66060682E-05 1.959002006E-05
101.6 6.271951831E-05 9.799924737E-06
101.8 5.882906627E-05 9.804844378E-06
102 5.493470618E-05 5.885861376E-05
102.2 5.496231156E-05 9.814698492E-06
102.4 5.49899447E-05 -9.819632981E-06
102.6 5.108777666E-05 1.964914487E-05
102.8 4.718168093E-05 -9.82951686E-06
103 4.327165156E-05 1.966893253E-05
103.2 3.935768262E-05 2.951826196E-05
103.4 3.150201613E-05 9.84438004E-06
103.6 1.969868886E-05 -9.849344428E-06
103.8 1.182517659E-05 3.246198083E-20
104 7.887430591E-06 -9.859288238E-06
104.2 1.183712121E-05 -9.864267677E-06
104.4 1.184310258E-05 2.960775644E-05
104.6 1.184908999E-05 9.874241658E-06
104.8 1.185508346E-05 9.879236216E-06
105 1.1861083E-05 1.976847166E-05
105.2 7.911392405E-06 3.955696203E-05
105.4 7.915400203E-06 2.968275076E-05
105.6 7.919412063E-06 -9.899265079E-06
105.8 1.188514199E-05 -1.441135474E-20
106 1.189117199E-05 4.954654997E-05
106.2 1.189720812E-05 4.957170051E-05
106.4 1.190325038E-05 3.967750127E-05
106.6 1.190929878E-05 4.962207825E-05
106.8 7.943568887E-06 1.985892222E-05
107 3.97380468E-06 -9.934511699E-06
107.2 0 -1.600383438E-22
107.4 0 1.988925662E-05
107.6 0 9.949694345E-06
107.8 0 -3.981906218E-05
108 0 -2.987952575E-05
108.2 0 2.989477041E-05
108.4 0 2.991003063E-05
108.6 0 1.995020429E-05
108.8 0 -9.980199285E-06
109 0 -9.985301636E-06
109.2 0 9.990409207E-06
109.4 0 -8.122137332E-21
109.6 0 -1.000064004E-05
109.8 0 -1.000576332E-05
110 0 -1.001089185E-05
110.2 0 4.00971168E-21
110.4 0 1.652378779E-20
110.6 0 -1.002630903E-05
110.8 0 -5.015729327E-05
111 0 -7.025629496E-05
111.2 0 -3.012532134E-05
111.4 0 -3.01408179E-05
111.6 0 -2.010422028E-05
111.8 0 -1.00572863E-05
112 0 -2.01249356E-05
112.2 0 -2.013530928E-05
112.4 0 -1.007284683E-05
112.6 8.062435501E-06 -2.015608875E-05
112.8 1.613319566E-05 -4.033298916E-05
113 2.421229339E-05 -4.035382231E-05
113.2 3.22997416E-05 -2.01873385E-05
113.4 3.635599793E-05 -2.019777663E-05
113.6 4.849974133E-05 -3.031233833E-05
113.8 5.661231884E-05 3.032802795E-05
114 5.664163646E-05 -1.011457794E-05
114.2 5.667098446E-05 -4.047927461E-05
114.4 5.670036288E-05 -1.01250648E-05
114.6 5.672977178E-05 -2.026063278E-05
114.8 6.081344058E-05 1.013557343E-05
115 6.490134995E-05 1.014083593E-05
115.2 6.899350649E-05 1.01461039E-05
115.4 6.90293659E-05 3.045413202E-05
115.6 6.50026001E-05 6.09399376E-05
115.8 6.097164412E-05 9.145746618E-05
116 5.693649141E-05 5.083615305E-05
116.2 5.696614583E-05 5.086263021E-05
116.4 5.699583116E-05 7.124478895E-05
116.6 5.295229406E-05 3.054940042E-05
116.8 5.297991654E-05 3.056533646E-05
117 5.708507307E-05 4.077505219E-05
117.2 5.711488251E-05 5.099543081E-05
117.4 5.306295716E-05 6.122648903E-05
117.6 5.309069524E-05 6.125849451E-05
117.8 5.311846234E-05 8.17207113E-05
118 5.31462585E-05 7.154304029E-05
118.2 5.317408377E-05 3.067735602E-05
118.4 5.729439497E-05 -6.006287281E-21
118.6 6.141902516E-05 4.094601677E-05
118.8 6.554798112E-05 6.14512323E-05
119 6.968126967E-05 3.074173662E-05
119.2 7.381889764E-05 4.101049869E-05
119.4 7.796087185E-05 4.103203782E-05
119.6 8.210719916E-05 6.158039937E-05
119.8 8.215036803E-05 2.053759201E-05
120 8.630326144E-05 -1.027419779E-05
120.2 9.046052632E-05 2.055921053E-05
120.4 9.462216956E-05 1.028501843E-05
120.6 9.87881981E-05 1.02904373E-05
120.8 0.0001070769636 2.059172377E-05
121 0.0001112539557 -1.030129219E-05
121.2 0.0001154353562 -6.184036939E-05
121.4 0.0001196211721 -5.156085005E-05
121.6 0.0001238114105 -5.530965723E-21
121.8 0.0001280060782 3.096921247E-05
122 0.0001280737705 2.065705976E-05
122.2 0.0001281415344 2.066798942E-05
122.4 0.00012820937 1.37790612E-20
122.6 0.0001282772775 -1.034494174E-05
122.8 0.0001242050874 1.582743753E-20
123 0.0001325556734 -4.142364793E-05
123.2 0.000136770557 -3.108421751E-05
123.4 0.0001409899151 -2.073381104E-05
123.6 0.0001452137546 -2.074482209E-05
123.8 0.0001452909139 -3.113376727E-05
124 0.0001495215311 -5.19171983E-05
124.2 0.0001537566489 -5.194481383E-05
124.4 0.0001579962746 -5.197245875E-05
124.6 0.0001497603834 1.040002662E-05
124.8 0.0001456779435 1.040556739E-05
125 0.0001415911514 -3.123334222E-05
125.2 0.0001416666667 -2.083333333E-05
125.4 0.0001417422625 -2.084445037E-05
125.6 0.0001376468233 2.085557928E-05
125.8 0.0001335470085 3.130008013E-05
126 0.0001336183859 2.08778728E-05
126.2 0.0001295120321 1.044451872E-05
126.4 0.0001337613697 4.180042804E-05
126.6 0.0001338329764 6.273420771E-05
126.8 0.0001297201393 1.046130155E-05
127 0.0001256028939 2.609549773E-21
127.2 0.0001172922252 1.047252011E-05
127.4 0.0001089726395 1.047813841E-05
127.6 0.0001006441224 1.048376275E-05
127.8 9.650241676E-05 2.097878625E-05
128 9.235626008E-05 1.049502955E-05
128.2 8.820564516E-05 1.050067204E-05
128.4 8.405056482E-05 2.10126412E-05
128.6 7.989101184E-05 1.051197524E-05
128.8 7.5726979E-05 2.103527194E-05
129 7.155845905E-05 5.261651401E-05
129.2 6.738544474E-05 4.211590296E-05
129.4 6.32079288E-05 3.16039644E-05
129.6 5.902590394E-05 3.162101997E-05
129.8 5.483936285E-05 2.109206263E-05
130 5.064829822E-05 2.110345759E-05
130.2 4.64527027E-05 8.550888816E-21
130.4 4.225256896E-05 2.112628448E-05
130.6 3.804788961E-05 4.22754329E-05
130.8 3.383865728E-05 1.05745804E-05
131 2.962486457E-05 2.116061755E-05
131.2 2.964092141E-05 2.117208672E-05
131.4 2.965699566E-05 -3.177535249E-05
131.6 2.967308736E-05 -7.418271839E-05
131.8 2.968919653E-05 -4.241313789E-05
132 2.970532319E-05 1.0609044E-05
132.2 2.547554348E-05 1.764422303E-20
132.4 2.548939641E-05 -1.062058184E-05
132.6 2.550326442E-05 -3.187908052E-05
132.8 2.12642896E-05 -3.18964344E-05
133 1.702069717E-05 -2.127587146E-05
133.2 1.277247956E-05 -4.257493188E-05
133.4 8.519629226E-06 -2.129907306E-05
133.6 4.262138571E-06 -1.065534643E-05
133.8 4.264465066E-06 1.136541018E-20
134 0 2.133397051E-05
134.2 0 2.134562842E-05
134.4 0 2.135729907E-05
134.6 0 1.068449125E-05
134.8 0 1.069033935E-05
135 0 3.20885816E-05
135.2 0 4.280821918E-05
135.4 0 2.14158443E-05
135.6 0 2.142759188E-05
135.8 0 -1.071967618E-05
136 0 -1.072556288E-05
136.2 0 3.219436813E-05
136.4 0 2.147471138E-05
136.6 0 3.222978548E-05
136.8 0 2.149834893E-05
137 0 2.151018722E-05
137.2 0 -4.410031031E-22
137.4 0 -3.230085447E-05
137.6 0 1.126007802E-20
137.8 0 3.233650662E-05
138 0 4.313914964E-05
138.2 0 5.395372928E-05
138.4 0 4.318684356E-05
138.6 0 5.401341261E-05
138.8 0 6.485196458E-05
139 0 1.081464563E-05
139.2 0 -1.082063712E-05
139.4 0 1.082663525E-05
139.6 0 1.083264004E-05
139.8 0 1.08386515E-05
140 0 -1.084466963E-05
140.2 0 -3.255208333E-05
140.4 0 2.171345192E-05
140.6 0 4.216975536E-20
140.8 0 -4.347523651E-05
141 0 -2.263345095E-20
141.2 0 3.264275766E-05
141.4 0 1.088698439E-05
141.6 0 -1.089305633E-05
141.8 0 3.269740513E-05
142 4.362088219E-06 3.271566164E-05
142.2 8.729050279E-06 -1.192352933E-20
142.4 1.310089435E-05 1.091741196E-05
142.6 1.747762864E-05 -1.795629788E-20
142.8 2.185926133E-05 -2.185926133E-05
143 2.624580067E-05 -4.374300112E-05
143.2 3.06372549E-05 -5.470938375E-05
143.4 3.503363229E-05 -1.094801009E-05
143.6 3.943494111E-05 3.286245093E-05
143.8 4.822530864E-05 2.192059484E-05
144 5.702554745E-05 -4.386580573E-05
144.2 6.583567416E-05 -5.48630618E-05
144.4 7.026419337E-05 -4.391512085E-05
144.6 7.469769404E-05 -3.295486502E-05
144.8 7.913618458E-05 1.099113675E-05
145 8.357967342E-05 3.299197635E-05
145.2 8.362676056E-05 1.151035965E-20
145.4 8.367390079E-05 -2.201944758E-05
145.6 8.812746757E-05 3.304780034E-05
145.8 8.81772009E-05 3.306645034E-05
146 9.263833992E-05 1.920822972E-20
146.2 9.710451977E-05 1.103460452E-05
146.4 0.000101575749 -1.318911228E-20
146.6 0.000110470871 1.10470871E-05
146.8 0.0001105333899 3.316001698E-05
147 0.0001105959796 3.317879388E-05
147.2 0.0001106586402 2.607035915E-20
147.4 0.0001107213719 -1.107213719E-05
147.6 0.0001107841747 1.107841747E-05
147.8 0.0001152809308 1.108470488E-05
148 0.0001197827939 3.32729983E-05
148.2 0.0001242897727 2.219460227E-05
148.4 0.0001288018761 2.220722001E-05
148.6 0.0001333191126 3.332977816E-05
148.8 0.0001378414912 -1.111624929E-05
149 0.0001423690205 1.93165652E-21
149.2 0.0001469017094 2.225783476E-05
149.4 0.0001469854618 1.113526226E-05
149.6 0.0001515259555 -1.397785618E-20
149.8 0.0001560716324 -2.252441081E-20
150 0.0001606225014 -1.115434038E-05
150.2 0.0001607142857 -4.464285714E-05
150.4 0.000160806175 -3.011916964E-21
150.6 0.0001564287757 1.117348398E-05
150.8 0.0001565183171 1.117987979E-05
151 0.0001566079611 3.35588488E-05
151.2 0.0001611747851 1.119269341E-05
151.4 0.0001612672018 -2.239822248E-05
151.6 0.0001613597246 -2.241107286E-05
151.8 0.0001614523536 -1.1211969E-05
152 0.000161545089 -2.243681792E-05
152.2 0.000161637931 -2.244971264E-05
152.4 0.0001617308798 -3.369393329E-05
152.6 0.0001618239356 -5.618886651E-05
152.8 0.0001574194013 -4.497697179E-05
153 0.0001530097926 1.125072005E-05
153.2 0.0001485951009 5.628602305E-05
153.4 0.0001441753172 3.379108997E-05
153.6 0.0001397504328 -1.251931976E-20
153.8 0.0001353204388 -3.270251285E-20
154 0.0001353986135 -2.256643559E-05
154.2 0.0001309609827 -3.386921965E-05
154.4 0.0001265182186 -1.129626952E-05
154.6 0.0001175491898 1.028648168E-20
154.8 0.0001085697742 2.261870295E-05
155 0.0001041063152 3.394771147E-05
155.2 0.0001041666667 1.132246377E-05
155.4 0.0001042270882 2.265806265E-05
155.6 0.0001042875798 3.40068195E-05
155.8 0.0001043481417 2.268437863E-05
156 0.000104408774 1.134877978E-05
156.2 0.0001090116279 2.052054669E-21
156.4 0.0001090750436 9.260519852E-21
156.6 0.0001091385332 2.273719441E-05
156.8 0.0001092020967 2.275043681E-05
157 0.0001092657343 1.138184732E-05
157.2 0.0001093294461 2.277696793E-05
157.4 0.0001093932322 2.279025671E-05
157.6 0.0001094570928 3.420534151E-05
157.8 0.000109521028 3.422532126E-05
158 0.000109585038 1.141510812E-05
158.2 0.0001096491228 -2.284356725E-05
158.4 0.0001142846694 1.142846694E-05
158.6 0.0001097775176 3.430547424E-05
158.8 0.0001098418278 1.144185706E-05
159 0.0001053267878 1.144856389E-05
159.2 0.000105388563 -1.145527859E-05
159.4 0.0001008656103 -2.292400235E-05
159.6 0.0001009248385 -2.29374633E-05
159.8 9.63939483E-05 -2.295094007E-05
160 9.185773075E-05 -1.439121821E-20
160.2 8.272058824E-05 1.148897059E-05
160.4 7.817098293E-05 -1.149573278E-05
160.6 7.361601885E-05 -2.300500589E-05
160.8 6.905568651E-05 1.301934407E-20
161 6.90964033E-05 1.151606722E-05
161.2 6.913716814E-05 2.0660907E-20
161.4 6.917798111E-05 -2.305932704E-05
161.6 6.921884229E-05 -4.614589486E-05
161.8 6.925975177E-05 -4.617316785E-05
162 6.930070964E-05 -5.775059137E-05
162.2 6.934171598E-05 -3.467085799E-05
162.4 6.013173475E-05 -4.625518058E-05
162.6 6.479561611E-05 -6.942387441E-05
162.8 6.946502667E-05 -2.315500889E-05
163 6.950622776E-05 1.158437129E-05
163.2 6.491097923E-05 2.885724637E-20
163.4 6.031027316E-05 -3.479438836E-05
163.6 5.570409982E-05 -3.481506239E-05
163.8 5.57372176E-05 -2.322384067E-05
164 5.112284355E-05 -1.161882808E-05
164.2 4.650297619E-05 -2.32514881E-05
164.4 4.187760572E-05 -5.816334127E-05
164.6 3.724672229E-05 -3.491880215E-05
164.8 3.261031604E-05 -1.164654144E-05
165 3.262977327E-05 2.330698091E-05
165.2 2.798507463E-05 2.332089552E-05
165.4 2.333482676E-05 2.768321968E-20
165.6 1.867901973E-05 1.167438733E-05
165.8 9.345095694E-06 -2.336273923E-05
166 9.350688211E-06 -2.337672053E-05
166.2 4.678143713E-06 -1.169535928E-05
166.4 0 -3.510710006E-05
166.6 0 -2.341876499E-05
166.8 0 -1.957421904E-20
167 0 1.172343938E-05
167.2 0 -2.661615438E-20
167.4 4.695012019E-06 2.885575023E-20
167.6 9.395670475E-06 2.348917619E-05
167.8 1.410198556E-05 3.52549639E-05
168 1.881396749E-05 2.351745936E-05
168.2 2.353162651E-05 -1.909616868E-20
168.4 2.825497288E-05 1.648805806E-20
168.6 3.298401689E-05 -2.356001206E-05
168.8 3.771876886E-05 -2.357423054E-05
169 4.245923913E-05 1.179423309E-05
169.2 4.248489426E-05 -4.510252974E-21
169.4 4.723397823E-05 -2.361698912E-05
169.6 5.198880823E-05 1.181563823E-05
169.8 5.674939467E-05 5.911395278E-05
170 5.678376741E-05 2.365990309E-05
170.2 6.15530303E-05 -1.183712121E-05
170.4 6.159035779E-05 -3.553289873E-05
170.6 6.162773058E-05 -4.74059466E-05
170.8 6.640862174E-05 1.185868245E-05
171 7.119532199E-05 2.3731774E-05
171.2 7.598784195E-05 -2.374620061E-05
171.4 8.078619221E-05 -4.752128954E-05
171.6 8.559038344E-05 2.012275153E-20
171.8 9.040042631E-05 3.568437881E-05
172 9.045551493E-05 1.315541383E-20
172.2 9.051067073E-05 1.190929878E-05
172.4 8.579926785E-05 1.191656498E-05
172.6 8.585164835E-05 -1.192384005E-05
172.8 9.067654246E-05 2.386224801E-05
173 9.073196822E-05 4.775366748E-05
173.2 8.600917431E-05 -1.292338161E-21
173.4 8.128059976E-05 -4.78121175E-05
173.6 8.133037355E-05 -1.196034905E-05
173.8 8.138020833E-05 1.19676777E-05
174 8.143010423E-05 -1.197501533E-05
174.2 7.668711656E-05 -1.198236196E-05
174.4 6.714241866E-05 -1.198971762E-05
174.6 5.758599509E-05 -2.399416462E-05
174.8 4.801782422E-05 -1.006828335E-20
175 3.843788438E-05 2.402367774E-05
175.2 2.884615385E-05 2.403846154E-05
175.4 1.924261084E-05 -9.823226401E-21
175.6 1.444085028E-05 -1.20340419E-05
175.8 9.633168927E-06 -1.204146116E-05
176 4.81955583E-06 -2.409777915E-05
176.2 0 -3.616898148E-05
176.4 0 -2.412754787E-05
176.6 0 -2.414245983E-05
176.8 0 -1.207869511E-05
177 0 2.417233911E-05
177.2 0 1.209365325E-05
177.4 0 4.840458488E-05
177.6 0 3.632594544E-05
177.8 0 1.920304647E-20
178 0 3.637104283E-05
178.2 0 2.426242236E-05
178.4 0 1.213875078E-05
178.6 0 1.214629975E-05
178.8 0 2.01614333E-20
179 0 2.971272931E-20
179.2 0 7.802082009E-21
179.4 0 -1.569935155E-20
179.6 0 1.21841859E-05
179.8 0 1.219179151E-05
180 0 2.439881324E-05
180.2 0 3.662109375E-05
180.4 0 2.442933083E-05
180.6 0 1.222230914E-05
180.8 0 2.905193983E-20
181 0 2.158479086E-20
181.2 0 2.449059561E-05
181.4 0 6.126489962E-05
181.6 0 8.582470182E-05
181.8 0 6.134186558E-05
182 0 1.563234834E-20
182.2 0 -1.832755204E-20
182.4 0 -1.229153556E-05
182.6 0 1.229927582E-05
182.8 0 2.461405167E-05
183 0 -1.231478562E-05
183.2 0 8.824061379E-21
183.4 0 1.23303346E-05
183.6 0 1.233812382E-05
183.8 0 1.234592288E-05
184 0 4.941492726E-05
184.2 0 7.41693038E-05
184.4 0 1.236937935E-05
184.6 0 -3.713165399E-05
184.8 0 -1.238506658E-05
185 0 1.239292513E-05
185.2 0 1.240079365E-05
185.4 0 1.240867217E-05
185.6 0 -1.241656071E-05
185.8 0 1.142508984E-20
186 0 2.486473584E-05
186.2 0 -3.688111488E-20
186.4 0 -2.489643085E-05
186.6 0 1.245615434E-05
186.8 0 1.246410338E-05
187 0 -2.58502027E-20
187.2 0 1.248003195E-05
187.4 0 -1.248801151E-05
187.6 0 -1.249600128E-05
187.8 5.001600512E-06 -7.582054233E-21
188 5.004804612E-06 2.502402306E-05
188.2 5.008012821E-06 -2.50400641E-05
188.4 5.011225144E-06 -5.011225144E-05
188.6 5.014441592E-06 2.507220796E-05
188.8 0 1.254415543E-05
189 0 -3.765665167E-05
189.2 5.024115756E-06 -1.256028939E-05
189.4 1.005469755E-05 2.513674389E-05
189.6 1.006117193E-05 6.288232453E-05
189.8 1.006765464E-05 2.51691366E-05
190 1.511121857E-05 2.518536428E-05
190.2 1.008064516E-05 3.780241935E-05
190.4 1.51307295E-05 2.52178825E-05
190.6 1.514050388E-05 2.523417313E-05
190.8 1.515029089E-05 2.27737347E-20
191 1.516009056E-05 1.26334088E-05
191.2 1.516990291E-05 5.056634304E-05
191.4 1.517972798E-05 1.264977332E-05
191.6 1.518956578E-05 -6.328985742E-05
191.8 1.519941634E-05 -2.533236057E-05
192 1.520927969E-05 -8.622930443E-22
192.2 1.521915584E-05 2.536525974E-05
192.4 1.522904483E-05 3.807261209E-05
192.6 1.523894668E-05 -2.539824447E-05
192.8 1.524886142E-05 -3.812215355E-05
193 1.525878906E-05 -2.54313151E-05
193.2 2.035830619E-05 -2.544788274E-05
193.4 2.546447197E-05 -2.546447197E-05
193.6 2.548108284E-05 -2.548108284E-05
193.8 2.039817232E-05 -1.27488577E-05
194 1.530862182E-05 -3.827155454E-05
194.2 1.531862745E-05 -2.553104575E-05
194.4 1.532864617E-05 5.109548725E-05
194.6 1.022578534E-05 1.258957382E-20
194.8 1.534872299E-05 -2.558120498E-05
195 2.047837484E-05 3.839695282E-05
195.2 2.049180328E-05 -1.280737705E-05
195.4 2.050524934E-05 -5.126312336E-05
195.6 2.051871307E-05 -1.282419567E-05
195.8 1.026609724E-05 5.425555763E-21
196 1.540927022E-05 -3.852317554E-05
196.2 1.541940789E-05 -2.569901316E-05
196.4 1.542955892E-05 1.285796577E-05
196.6 1.543972332E-05 -5.14657444E-05
196.8 1.544990112E-05 -3.86247528E-05
197 1.546009235E-05 2.576682058E-05
197.2 2.062706271E-05 4.397583648E-20
197.4 2.064068692E-05 2.580085865E-05
197.6 1.032716457E-05 5.163582287E-05
197.8 5.166997354E-06 1.291749339E-05
198 5.170416942E-06 1.292604236E-05
198.2 5.17384106E-06 1.293460265E-05
198.4 5.177269715E-06 5.177269715E-05
198.6 5.180702918E-06 5.180702918E-05
198.8 5.184140677E-06 3.888105508E-05
199 5.187583001E-06 1.29689575E-05
199.2 5.1910299E-06 -1.297757475E-05
199.4 5.194481383E-06 2.597240691E-05
199.6 5.197937458E-06 1.299484365E-05
199.8 5.201398136E-06 3.901048602E-05
200 5.204863424E-06 5.204863424E-05
200.2 5.208333333E-06 1.302083333E-05
200.4 5.211807872E-06 1.302951968E-05
200.6 1.04305741E-05 2.607643525E-05
200.8 1.565631263E-05 2.609385438E-05
201 1.566677807E-05 -4.354453626E-21
201.2 1.045150502E-05 -9.921599522E-21
201.4 5.229250335E-06 2.614625167E-05
201.6 1.046550569E-05 -2.538629172E-21
201.8 1.570878016E-05 -2.724671065E-20
202 2.095908786E-05 -3.284045255E-20
202.2 2.097315436E-05 -2.621644295E-05
202.4 2.098723976E-05 -6.558512424E-05
202.6 2.100134409E-05 -6.562920027E-05
202.8 2.101546738E-05 -3.940400134E-05
203 2.102960969E-05 -6.571753028E-05
203.2 2.104377104E-05 -3.118646035E-20
203.4 2.105795148E-05 -3.394421989E-20
203.6 2.107215105E-05 -7.902056642E-05
203.8 2.108636977E-05 -7.907388664E-05
204 1.582545577E-05 -7.912727887E-05
204.2 1.055743243E-05 -3.959037162E-05
204.4 1.056457066E-05 2.925732677E-21
204.6 1.585757781E-05 -5.285859269E-05
204.8 1.586831415E-05 -3.967078538E-05
205 1.587906504E-05 -1.32325542E-05
205.2 1.588983051E-05 -2.648305085E-05
205.4 2.120081411E-05 -3.975152646E-05
205.6 2.121520706E-05 -5.303801765E-05
205.8 2.122961957E-05 -2.653702446E-05
206 1.593303875E-05 -1.327753229E-05
206.2 1.06292517E-05 -1.328656463E-05
206.4 1.063648741E-05 -3.988682777E-05
206.6 1.596559946E-05 -1.330466621E-05
206.8 2.130197682E-05 -4.601386065E-21
207 2.13165075E-05 -1.332281719E-05
207.2 2.133105802E-05 9.391492582E-21
207.4 2.134562842E-05 2.668203552E-05
207.6 2.136021873E-05 2.256130105E-20
207.8 2.1374829E-05 -1.335926813E-05
208 1.604209446E-05 -1.336841205E-05
208.2 2.140410959E-05 4.199192075E-20
208.4 2.141877999E-05 4.016021247E-05
208.6 1.607510288E-05 1.339591907E-05
208.8 2.144818119E-05 2.238782542E-20
209 2.146291209E-05 2.682864011E-05
209.2 2.147766323E-05 5.369415808E-05
209.4 2.149243466E-05 2.686554333E-05
209.6 2.150722643E-05 1.344201652E-05
209.8 2.690254821E-05 1.34512741E-05
210 2.153687112E-05 4.038163336E-05
210.2 1.61637931E-05 4.040948276E-05
210.4 1.617494824E-05 1.605259437E-20
210.6 2.158149171E-05 4.046529696E-05
210.8 2.159640636E-05 5.399101589E-05
211 2.161134163E-05 1.350708852E-05
211.2 2.703287197E-05 1.351643599E-05
211.4 2.164127424E-05 2.70515928E-05
211.6 2.165627166E-05 6.767584893E-05
211.8 2.167128988E-05 4.063366852E-05
212 2.168632894E-05 1.355395559E-05
212.2 1.627604167E-05 5.425347222E-05
212.4 1.628735233E-05 6.786396803E-05
212.6 2.173157163E-05 6.791116134E-05
212.8 2.17466945E-05 4.077505219E-05
213 1.632137883E-05 5.44045961E-05
213.2 2.177700348E-05 4.083188153E-05
213.4 2.179218968E-05 -1.362011855E-05
213.6 2.725924634E-05 1.362962317E-05
213.8 3.273393855E-05 2.727828212E-05
214 3.821628232E-05 -1.12630926E-20
214.2 3.824300699E-05 -4.097465035E-05
214.4 4.373687894E-05 -2.733554934E-05
214.6 5.470938375E-05 2.735469188E-05
214.8 6.022249474E-05 4.106079187E-05
215 6.574333801E-05 -1.073918498E-20
215.2 7.127192982E-05 -2.74122807E-05
215.4 7.680828652E-05 -5.48630618E-05
215.6 8.235242446E-05 -4.117621223E-05
215.8 8.790436006E-05 2.747011252E-05
216 9.346410978E-05 2.748944405E-05
216.2 9.903169014E-05 1.375440141E-05
216.4 9.910147992E-05 6.882047216E-05
216.6 9.366184767E-05 9.64166079E-05
216.8 8.821453776E-05 4.135056457E-05
217 8.27595339E-05 4.137976695E-05
217.2 7.177561837E-05 5.521201413E-05
217.4 6.07761669E-05 5.525106082E-05
217.6 4.97611465E-05 1.382254069E-05
217.8 4.426345609E-05 2.766466006E-05
218 3.875797307E-05 4.152639972E-05
218.2 2.770390071E-05 6.925975177E-05
218.4 2.217885025E-05 6.930890703E-05
218.6 2.219460227E-05 2.774325284E-05
218.8 1.665778252E-05 5.552594172E-05
219 1.111308677E-05 -2.838637847E-20
219.2 5.560498221E-06 -1.390124555E-05
219.4 5.564458689E-06 4.173344017E-05
219.6 5.568424804E-06 2.784212402E-05
219.8 5.572396576E-06 2.786198288E-05
220 5.576374019E-06 2.788187009E-05
220.2 5.580357143E-06 1.395089286E-05
220.4 5.584345961E-06 1.39608649E-05
220.6 5.588340486E-06 -1.397085122E-05
220.8 5.59234073E-06 -1.715705602E-20
221 5.596346705E-06 4.197260029E-05
221.2 5.600358423E-06 4.200268817E-05
221.4 5.604375897E-06 4.203281923E-05
221.6 5.608399139E-06 4.206299354E-05
221.8 5.612428161E-06 1.40310704E-05
222 5.616462976E-06 2.808231488E-05
222.2 5.620503597E-06 1.405125899E-05
222.4 5.624550036E-06 1.406137509E-05
222.6 5.628602305E-06 2.814301153E-05
222.8 5.632660418E-06 1.224513056E-20
223 5.636724387E-06 2.818362193E-05
223.2 5.640794224E-06 4.230595668E-05
223.4 5.644869942E-06 -1.411217486E-05
223.6 5.648951555E-06 3.717317395E-21
223.8 5.653039074E-06 2.826519537E-05
224 1.131426503E-05 -2.828566256E-05
224.2 1.698369565E-05 -4.245923913E-05
224.4 2.26613488E-05 -1.4163343E-05
224.6 2.834724238E-05 5.669448476E-05
224.8 3.971496006E-05 4.255174292E-05
225 5.677688953E-05 -5.677688953E-05
225.2 7.386363636E-05 -7.102272727E-05
225.4 8.528930131E-05 -1.421488355E-05
225.6 8.535142025E-05 -2.845047342E-05
225.8 9.110787172E-05 -1.423560496E-05
226 0.000102571116 5.20050626E-21
226.2 0.0001197536496 -5.702554745E-05
226.4 0.0001312545654 -8.560080351E-05
226.6 0.0001427722953 -4.28316886E-05
226.8 0.0001428767374 -2.857534748E-05
227 0.0001429813324 2.076062178E-20
227.2 0.0001430860806 2.861721612E-05
227.4 0.0001431909824 1.431909824E-05
227.6 0.0001432960382 -7.165023429E-21
227.8 0.0001491372981 -5.736049927E-05
228 0.0001549871418 1.435066128E-05
228.2 0.0001551011029 4.308363971E-05
228.4 0.0001494665195 2.874356144E-05
228.6 0.0001438236377 1.438236377E-05
228.8 0.0001381724392 5.757184967E-05
229 0.0001267514749 2.880715339E-05
229.2 0.0001210793358 -2.882841328E-05
229.4 0.0001211687592 -9.499484372E-21
229.6 0.0001212583149 -8.865536293E-21
229.8 0.0001271264793 4.333857249E-05
230 0.0001214378238 4.337065137E-05
230.2 0.0001215277778 -1.565217511E-20
230.4 0.0001158265382 2.895663454E-05
230.6 0.0001043212166 4.346717359E-05
230.8 9.859873794E-05 4.349944321E-05
231 9.286775632E-05 5.80423477E-05
231.2 9.293680297E-05 4.356412639E-05
231.4 9.300595238E-05 4.359654018E-05
231.6 8.144080417E-05 4.362900223E-05
231.8 8.150149031E-05 2.910767511E-05
232 8.156226696E-05 6.372008796E-21
232.2 7.579291045E-05 1.45755597E-05
232.4 7.001493652E-05 -1.458644511E-05
232.6 6.422832586E-05 -2.919469357E-05
232.8 6.4276365E-05 -2.921652954E-05
233 6.432447605E-05 -1.46191991E-05
233.2 6.437265918E-05 5.852059925E-05
233.4 5.856446777E-05 5.856446777E-05
233.6 5.274756189E-05 1.465210053E-05
233.8 4.105668168E-05 1.46631006E-05
234 4.108752817E-05 -2.934823441E-05
234.2 3.52443609E-05 -2.937030075E-05
234.4 3.527088036E-05 -2.115907856E-20
234.6 3.529743976E-05 -2.941453313E-05
234.8 3.532403919E-05 -1.128146317E-20
235 3.535067873E-05 1.472944947E-05
235.2 3.537735849E-05 -2.948113208E-05
235.4 2.950339879E-05 -4.425509819E-05
235.6 2.952569917E-05 -1.700960515E-21
235.8 2.954803328E-05 -9.472505661E-21
236 2.957040121E-05 -1.478520061E-05
236.2 2.959280303E-05 1.479640152E-05
236.4 2.961523882E-05 -2.961523882E-05
236.6 2.963770865E-05 -2.963770865E-05
236.8 2.96602126E-05 -1.48301063E-05
237 2.374620061E-05 -1.484137538E-05
237.2 1.782319392E-05 4.150025566E-20
237.4 1.189117199E-05 -1.486396499E-05
237.6 5.950114242E-06 -1.487528561E-05
237.8 0 -1.488662348E-05
238 0 4.469393593E-05
238.2 0 4.472805344E-05
238.4 0 7.460370512E-05
238.6 0 8.959288991E-05
238.8 0 1.494357307E-05
239 0 -4.486504594E-05
239.2 0 -4.489942529E-05
239.4 0 -5.991180982E-05
239.6 5.995778972E-06 -8.993668457E-05
239.8 1.200076805E-05 -4.500288018E-05
240 1.200999231E-05 -4.503747118E-05
240.2 6.009615385E-06 -9.014423077E-05
240.4 0 -4.510681293E-05
240.6 0 -4.514156394E-05
240.8 0 1.553591222E-20
241 0 0.0001205632716
241.2 0 1.508204633E-05
241.4 6.03748068E-06 -6.03748068E-05
241.6 6.042150039E-06 -6.042150039E-05
241.8 0 -6.046826625E-05
242 0 -1.512877614E-05
242.2 0 -4.542151163E-05
242.4 0 -0.0001060657486
242.6 6.06560559E-06 -0.0001061480978
242.8 0 -9.105477855E-05
243 0 -3.089055839E-21
243.2 0 3.039883268E-05
243.4 0 -1.521125389E-05
243.6 0 1.623954819E-20
243.8 0 -1.52349844E-05
244 0 -3.049375488E-05
244.2 6.103515625E-06 -3.051757812E-05
244.4 6.108287725E-06 -3.054143862E-05
244.6 6.113067293E-06 -3.056533646E-05
244.8 6.117854346E-06 -1.529463587E-05
245 6.122648903E-06 -1.530662226E-05
245.2 6.12745098E-06 -3.06372549E-05
245.4 6.132260597E-06 -1.533065149E-05
245.6 6.137077769E-06 -1.534269442E-05
245.8 6.141902516E-06 -4.606426887E-05
246 6.146734854E-06 -4.610051141E-05
246.2 6.151574803E-06 -1.537893701E-05
246.4 6.15642238E-06 2.807894966E-21
246.6 6.161277603E-06 -3.080638801E-05
246.8 6.166140489E-06 -4.624605367E-05
247 6.171011058E-06 -7.713763823E-05
247.2 6.175889328E-06 -6.175889328E-05
247.4 6.180775316E-06 -4.635581487E-05
247.6 1.237133808E-05 -9.278503563E-05
247.8 1.857171157E-05 -6.190570523E-05
248 2.478191911E-05 -4.646609833E-05
248.2 1.860119048E-05 -6.200396825E-05
248.4 1.861596505E-05 -0.0001241064337
248.6 2.484101749E-05 -7.762817965E-05
248.8 2.486077963E-05 4.661396181E-05
249 1.866042994E-05 4.665107484E-05
249.2 1.86752988E-05 9.337649402E-05
249.4 1.869019139E-05 7.787579745E-05
249.6 1.870510774E-05 1.558758978E-05
249.8 2.49600639E-05 3.120007987E-05
250 2.498001599E-05 1.561250999E-05
250.2 2.5E-05 -1.5625E-05
250.4 2.502001601E-05 -3.127502002E-05
250.6 1.252003205E-05 -3.130008013E-05
250.8 1.879510826E-05 -3.132518043E-05
251 1.254012841E-05 -1.567516051E-05
251.2 1.88253012E-05 -3.137550201E-05
251.4 1.884043408E-05 -1.570036174E-05
251.6 1.885559131E-05 -1.571299276E-05
251.8 1.887077295E-05 -6.290257649E-05
252 1.888597905E-05 -4.721494762E-05
252.2 1.260080645E-05 -4.725302419E-05
252.4 1.261097659E-05 -3.152744149E-05
252.6 6.310581583E-06 -3.155290792E-05
252.8 1.263136621E-05 -3.157841552E-05
253 1.264158576E-05 -1.58019822E-05
253.2 1.897773279E-05 -1.019712851E-21
253.4 1.899311183E-05 -4.459390473E-21
253.6 1.900851582E-05 -3.168085969E-05
253.8 1.268262987E-05 -3.170657468E-05
254 1.903939886E-05 -3.173233144E-05
254.2 1.905487805E-05 -6.351626016E-05
254.4 2.542717657E-05 -7.945992677E-05
254.6 3.180985342E-05 -4.771478013E-05
254.8 3.820293399E-05 -4.358019085E-20
255 3.823409462E-05 3.186174551E-05
255.2 3.18877551E-05 4.783163265E-05
255.4 2.553104575E-05 4.787071078E-05
255.6 1.916394113E-05 1.596995094E-05
255.8 1.278641571E-05 -2.752748849E-20
256 6.398443898E-06 -1.391840366E-20
256.2 6.403688525E-06 5.200978106E-20
256.4 0 1.602235439E-05
256.6 0 6.414203612E-05
256.8 0 8.909150364E-21
257 6.424753289E-06 -8.030941612E-05
257.2 0 -6.430041152E-05
257.4 0 -8.044172158E-05
257.6 0 -3.220321517E-05
257.8 0 4.834467822E-05
258 0 -4.26970967E-20
258.2 0 -4.842458678E-05
258.4 0 1.615488007E-05
258.6 0 4.850475993E-05
258.8 0 1.618164872E-05
259 0 4.8585199E-05
259.2 0 8.104253112E-05
259.4 0 4.866590532E-05
259.6 0 3.247090607E-05
259.8 0 4.87468802E-05
260 0 3.252497918E-05
260.2 0 1.627604167E-05
260.4 0 3.257923269E-05
260.6 0 4.890964107E-05
260.8 0 6.5267335E-05
261 0 4.899142977E-05
261.2 0 1.634414226E-05
261.4 0 -1.635783082E-05
261.6 0 -1.086824165E-20
261.8 0 3.277055369E-05
262 0 1.639903442E-05
262.2 0 -3.182557895E-21
262.4 0 -8.353961391E-21
262.6 0 3.039712789E-20
262.8 0 -1.645429655E-05
263 0 -1.646817032E-05
263.2 0 1.648206751E-05
263.4 0 -3.665311221E-20
263.6 0 -3.301986475E-05
263.8 0 -4.957170051E-05
264 0 -3.307578323E-05
264.2 0 -1.655190678E-05
264.4 0 -4.969783715E-05
264.6 0 -4.974002547E-05
264.8 0 -8.297047579E-05
265 0 -4.982461735E-05
265.2 0 -3.324468085E-05
265.4 0 -6.654599659E-05
265.6 0 -3.330136402E-05
265.8 0 -1.666488908E-05
266 0 2.497131009E-20
266.2 0 1.669337607E-05
266.4 0 1.76506032E-20
266.6 0 8.598096344E-21
266.8 0 -3.347257926E-05
267 0 -5.025192967E-05
267.2 0 -1.676502146E-05
267.4 0 -3.35588488E-05
267.6 0 -5.038155632E-05
267.8 0 -1.680830465E-05
268 0 -3.364556417E-05
268.2 0 -3.367456897E-05
268.4 0 3.370362381E-05
268.6 0 3.373272884E-05
268.8 0 3.376188418E-05
269 0 3.379108997E-05
269.2 0 3.382034632E-05
269.4 0 1.692482669E-05
269.6 0 -1.693950564E-05
269.8 0 -3.390842014E-05
270 0 -1.696894005E-05
270.2 0 1.698369565E-05
270.4 0 6.799390775E-05
270.6 0 6.805313589E-05
270.8 0 5.108435048E-05
271 0 5.11289267E-05
271.2 0 1.705786026E-05
271.4 0 6.000255281E-21
271.6 0 -1.708770779E-05
271.8 0 1.710267075E-05
272 0 3.423531989E-05
272.2 0 1.488820568E-20
272.4 0 3.429543459E-05
272.6 0 8.581392794E-05
272.8 0 6.871152155E-05
273 0 3.438600352E-05
273.2 0 3.441629956E-05
273.4 0 1.722332451E-05
273.6 0 -7.544384489E-21
273.8 0 -3.450750883E-05
274 0 -3.453801945E-05
274.2 0 1.728429204E-05
274.4 0 5.189880425E-05
274.6 0 1.731493794E-05
274.8 0 -2.570530794E-20
275 0 1.734569272E-05
275.2 0 2.117038736E-20
275.4 0 -3.475311388E-05
275.6 0 -1.739203028E-05
275.8 6.963012478E-06 -1.740753119E-05
276 6.969223907E-06 -5.22691793E-05
276.2 6.975446429E-06 -1.743861607E-05
276.4 6.981680071E-06 -1.745420018E-05
276.6 6.987924866E-06 1.746981216E-05
276.8 0 3.497090421E-05
277 0 -1.750112007E-05
277.2 0 1.751681614E-05
277.4 0 7.013016158E-05
277.6 0 7.019317161E-05
277.8 0 3.512814748E-05
278 0 4.541983153E-20
278.2 0 4.094699397E-20
278.4 0 1.761158702E-05
278.6 0 -1.762748195E-05
278.8 0 -5.29302168E-05
279 1.412748644E-05 -1.765935805E-05
279.2 1.414027149E-05 3.535067873E-05
279.4 7.076539855E-06 -1.769134964E-05
279.6 7.082955576E-06 -7.082955576E-05
279.8 7.08938294E-06 2.985985929E-20
280 7.09582198E-06 3.54791099E-05
280.2 0 1.775568182E-05
280.4 0 1.777183803E-05
280.6 0 7.115209472E-05
280.8 0 5.34127165E-05
281 0 -2.622123857E-21
281.2 0 5.447545982E-20
281.4 0 -3.570612431E-05
281.6 0 -3.573879231E-05
281.8 0 -1.788576007E-05
282 0 -3.580430797E-05
282.2 0 1.791857798E-05
282.4 0 7.174012856E-05
282.6 0 3.590303309E-05
282.8 0 3.593606256E-05
283 0 8.992288214E-05
283.2 0 5.400345622E-05
283.4 0 1.856798461E-20
283.6 0 3.60687904E-05
283.8 0 1.805106285E-05
284 0 8.972207225E-21
284.2 0 -3.616898148E-05
284.4 0 -7.240500463E-05
284.6 0 3.623608534E-05
284.8 0 1.813486537E-05
285 7.260687732E-06 -5.445515799E-05
285.2 1.453488372E-05 3.63372093E-05
285.4 2.18226257E-05 3.637104283E-05
285.6 2.184296365E-05 -3.640493942E-05
285.8 2.91511194E-05 -1.80348075E-20
286 3.64729225E-05 3.64729225E-05
286.2 3.650700935E-05 -8.050211359E-21
286.4 4.384939196E-05 -1.827057998E-05
286.6 5.120552434E-05 -1.828768727E-05
286.8 5.857544517E-05 -1.830482662E-05
287 6.595919325E-05 -1.832199812E-05
287.2 6.602112676E-05 -1.833920188E-05
287.4 6.608317669E-05 -1.835643797E-05
287.6 6.614534337E-05 -7.349482596E-05
287.8 7.356403013E-05 -5.51730226E-05
288 7.363336475E-05 -7.235551928E-22
288.2 7.370283019E-05 -5.527712264E-05
288.4 8.852691218E-05 -5.532932011E-05
288.6 8.861058601E-05 1.846053875E-05
288.8 8.869441816E-05 3.695600757E-05
289 8.877840909E-05 -2.773186253E-20
289.2 8.886255924E-05 3.702606635E-05
289.4 8.894686907E-05 9.265298861E-05
289.6 8.903133903E-05 1.854819563E-05
289.8 8.911596958E-05 -1.339800216E-20
290 8.920076118E-05 3.716698382E-05
290.2 8.928571429E-05 3.720238095E-05
290.4 8.937082936E-05 3.723784557E-05
290.6 9.691078244E-05 3.727337786E-05
290.8 9.700334288E-05 5.596346705E-05
291 8.962715105E-05 5.639222879E-20
291.2 8.971291866E-05 -3.738038278E-05
291.4 8.231561303E-05 -1.870809387E-05
291.6 8.988494727E-05 -1.067492225E-20
291.8 8.247360845E-05 1.874400192E-05
292 7.504803074E-05 8.140135117E-21
292.2 6.760817308E-05 1.878004808E-05
292.4 5.263474495E-05 2.92516346E-20
292.6 5.268545279E-05 -3.763246628E-05
292.8 3.766875603E-05 2.001767962E-20
293 3.016409266E-05 3.770511583E-05
293.2 2.264492754E-05 3.788392285E-20
293.4 2.266682785E-05 -1.888902321E-05
293.6 1.512584705E-05 -2.091381524E-21
293.8 0 -3.785125969E-05
294 0 -5.683195926E-05
294.2 7.584951456E-06 -3.792475728E-05
294.4 7.592322643E-06 -3.796161322E-05
294.6 7.599708171E-06 -3.799854086E-05
294.8 7.607108082E-06 -1.90177702E-05
295 0 -3.807261209E-05
295.2 0 -3.81097561E-05
295.4 0 -3.814697266E-05
295.6 0 -7.636852395E-05
295.8 0 -3.822162427E-05
296 0 3.260994938E-20
296.2 0 -1.914828431E-05
296.4 7.666830226E-06 -3.833415113E-05
296.6 1.534872299E-05 -5.75577112E-05
296.8 2.304572271E-05 -5.761430678E-05
297 2.306840551E-05 -3.844734252E-05
297.2 2.3091133E-05 -1.924261084E-05
297.4 2.311390533E-05 3.92860554E-20
297.6 2.313672261E-05 4.809489371E-21
297.8 2.315958498E-05 2.689004119E-20
298 2.318249258E-05 -1.66029054E-20
298.2 2.320544554E-05 -1.933787129E-05
298.4 2.3228444E-05 -1.935703667E-05
298.6 1.550099206E-05 1.006773282E-20
298.8 7.758192651E-06 1.939548163E-05
299 0 3.882952286E-05
299.2 0 1.94340796E-05
299.4 0 3.890687251E-05
299.6 0 5.841849452E-05
299.8 0 -1.949226547E-05
300 1.560939061E-05 -3.902347652E-05
300.2 1.5625E-05 -3.90625E-05
300.4 2.346096096E-05 -3.91016016E-05
300.6 2.348446894E-05 1.957039078E-05
300.8 2.350802407E-05 5.877006018E-05
301 2.353162651E-05 3.921937751E-05
301.2 2.355527638E-05 -1.962939698E-05
301.4 2.357897384E-05 -3.929828974E-05
301.6 2.360271903E-05 -3.933786506E-05
301.8 2.36265121E-05 -3.937752016E-05
302 2.365035318E-05 -3.94172553E-05
302.2 2.367424242E-05 -6.944332484E-21
302.4 2.369817998E-05 5.924544995E-05
302.6 2.372216599E-05 5.930541498E-05
302.8 2.374620061E-05 1.978850051E-05
303 2.377028398E-05 1.980856998E-05
303.2 2.379441624E-05 7.931472081E-05
303.4 2.381859756E-05 9.92441565E-05
303.6 2.384282808E-05 0.0001192141404
303.8 2.386710794E-05 0.0001392247963
304 2.389143731E-05 0.0001194571865
304.2 2.391581633E-05 0.0001395089286
304.4 2.394024515E-05 0.0001197012257
304.6 1.597648262E-05 0.0001198236196
304.8 7.996417605E-06 0.0001199462641
305 0 8.004610656E-05
305.2 0 6.009615385E-05
305.4 0 8.021047228E-05
305.6 0 8.029290853E-05
305.8 0 8.03755144E-05
306 0 0.0001206874356
306.2 0 0.0001006765464
306.4 0 6.046826625E-05
306.6 0 4.035382231E-05
306.8 0 6.059332989E-05
307 0 6.06560559E-05
307.2 0 4.047927461E-05
307.4 0 6.078189834E-05
307.6 0 6.084501558E-05
307.8 0 8.121101871E-05
308 0 8.129552549E-05
308.2 0 4.069010417E-05
308.4 0 4.073253389E-05
308.6 0 6.116257829E-05
308.8 0 8.16353187E-05
309 0 6.129053347E-05
309.2 0 4.090314136E-05
309.4 0 4.094601677E-05
309.6 0 4.098898216E-05
309.8 0 4.103203782E-05
310 0 4.107518402E-05
310.2 0 6.167763158E-05
310.4 0 4.116174921E-05
310.6 0 1.267047862E-20
310.8 0 6.605877326E-20
311 0 -2.064614165E-05
311.2 0 -4.133597884E-05
311.4 0 -2.068988347E-05
311.6 0 4.042900708E-20
311.8 0 7.639564364E-21
312 0 2.075584485E-05
312.2 0 -1.474623397E-20
312.4 0 -2.080005325E-05
312.6 0 1.864040407E-21
312.8 0 2.084445037E-05
313 0 2.086672009E-05
313.2 0 2.610157131E-20
313.4 0 -2.091140257E-05
313.6 0 -2.093381565E-05
313.8 0 -4.191255365E-05
314 0 -6.293635875E-05
314.2 0 -4.200268817E-05
314.4 0 -4.204790097E-05
314.6 0 -4.209321121E-05
314.8 0 -2.10693096E-05
315 0 -4.218412527E-05
315.2 0 -4.222972973E-05
315.4 0 -2.113771645E-05
315.6 0 6.348185265E-05
315.8 0 6.355070499E-05
316 0 -6.361970684E-05
316.2 0 -8.491847826E-05
316.4 0 -8.501088139E-05
316.6 0 -0.0001063793573
316.8 0 -0.0001277944384
317 0 -0.000127933952
317.2 0 -0.0001067281421
317.4 0 -8.547592998E-05
317.6 0 -0.0001283543264
317.8 0 -0.0001499109101
318 0 -6.431805708E-05
318.2 0 -4.292582418E-05
318.4 0 -8.594609461E-05
318.6 0 -6.453056167E-05
318.8 0 -2.153390298E-05
319 0 -4.311534216E-05
319.2 0 -8.632596685E-05
319.4 0 -6.481609513E-05
319.6 0 -6.488787375E-05
319.8 0 -0.0001299196231
320 0 -0.000108386515
320.2 0 -8.680555556E-05
320.4 0 -0.0001520786986
320.6 0 -0.0001304983296
320.8 0 -6.532190635E-05
321 0 -4.359654018E-05
321.2 0 -4.36452514E-05
321.4 0 -8.738814318E-05
321.6 0 -0.0001093575028
321.8 0 -2.189602018E-05
322 0 2.192059484E-05
322.2 0 6.583567416E-05
322.4 0 8.787964004E-05
322.6 0 6.59839527E-05
322.8 0 8.80777903E-05
323 0 0.0001102215011
323.2 0 8.827683616E-05
323.4 0 4.418834842E-05
323.6 0 4.423839185E-05
323.8 0 6.643282313E-05
324 0 6.650822928E-05
324.2 0 2.219460227E-05
324.4 0 4.443970421E-05
324.6 0 -2.224515945E-05
324.8 0 -0.0001113526226
325 0 -6.688784247E-05
325.2 0 -2.232142857E-05
325.4 0 -2.234696796E-05
325.6 0 5.067300171E-20
325.8 0 4.479644495E-05
326 0 1.45022478E-20
326.2 0 4.489942529E-05
326.4 0 6.742663982E-05
326.6 0 6.750432028E-05
326.8 0 0.0001126369666
327 0 4.510681293E-05
327.2 9.031791908E-06 -4.515895954E-05
327.4 9.04224537E-06 -4.521122685E-05
327.6 0 3.556026525E-20
327.8 0 2.265806265E-05
328 0 2.268437863E-05
328.2 0 4.542151163E-05
328.4 0 4.547438882E-05
328.6 0 -9.002939981E-21
328.8 0 4.558051342E-05
329 0 2.281688084E-05
329.2 0 -2.284356725E-05
329.4 0 -4.574063232E-05
329.6 0 -9.158851114E-05
329.8 0 -4.584800469E-05
330 0 4.590188014E-05
330.2 0 4.595588235E-05
330.4 0 1.679132667E-20
330.6 0 3.158343849E-20
330.8 0 2.373213709E-20
331 0 5.924543031E-20
331.2 0 8.068370034E-21
331.4 0 -2.151680624E-20
331.6 0 5.214654244E-20
331.8 0 -1.615593273E-20
332 0 -2.022511052E-20
332.2 0 2.32514881E-05
332.4 0 -4.655840286E-05
332.6 0 -6.992094272E-05
332.8 0 -2.333482676E-05
333 0 7.00882177E-05
333.2 0 2.339071856E-05
333.4 0 -7.025629496E-05
333.6 0 -2.344687875E-05
333.8 0 -1.261797856E-21
334 0 -2.350330927E-05
334.2 0 -9.412650602E-05
334.4 0 -0.0001178000603
334.6 0 -7.076539855E-05
334.8 0 -4.723397823E-05
335 0 -9.458232446E-05
335.2 0 -9.46969697E-05
335.4 0 -3.083752038E-20
335.6 0 4.7463548E-05
335.8 0 2.977698598E-21
336 0 2.378958587E-05
336.2 0 2.381859756E-05
336.4 0 -2.38476801E-05
336.6 0 -7.163050122E-05
336.8 0 -7.171817625E-05
337 0 -2.246059854E-20
337.2 0 -1.343148232E-20
337.4 0 -1.97753094E-20
337.6 0 -3.441059891E-21
337.8 0 -7.215979064E-05
338 0 2.124149047E-21
338.2 0 7.233796296E-05
338.4 0 2.414245983E-05
338.6 0 2.417233911E-05
338.8 0 2.420229244E-05
339 0 -2.42323201E-05
339.2 0 1.756993916E-20
339.4 0 7.287779851E-05
339.6 0 7.296855542E-05
339.8 0 -2.435317955E-05
340 0 -4.876716604E-05
340.2 0 4.8828125E-05
340.4 0 2.444461827E-05
340.6 0 -2.447525063E-05
340.8 0 5.883040422E-21
341 0 -4.907349246E-05
341.2 0 -7.370283019E-05
341.4 0 2.459855164E-05
341.6 0 4.92591425E-05
341.8 0 2.327212322E-20
342 0 -5.708111149E-21
342.2 0 -4.944620253E-05
342.4 0 -7.426330798E-05
342.6 0 -8.794175879E-21
342.8 0 4.963468869E-05
343 0 2.484891858E-05
343.2 0 -2.488057325E-05
343.4 0 -2.491230867E-05
343.6 0 2.494412516E-05
343.8 0 2.497602302E-05
344 0 -1.327797141E-20
344.2 0 -4.049094568E-20
344.4 0 -2.507220796E-05
344.6 0 1.177007136E-20
344.8 0 0.0001256837194
345 0 0.0001006765464
345.2 0 3.120070769E-20
345.4 0 2.523417313E-05
345.6 0 2.526681759E-05
345.8 0 -5.059909326E-05
346 0 -7.599708171E-05
346.2 0 -2.536525974E-05
346.4 0 5.079648895E-05
346.6 0 5.086263021E-05
346.8 0 -5.092894394E-05
347 0 -0.000127488577
347.2 0 -7.659313725E-05
347.4 0 1.352795516E-20
347.6 0 -5.119593709E-05
347.8 0 -5.126312336E-05
348 0 5.13304862E-05
348.2 0 0.0001027960526
348.4 0 5.14657444E-05
348.6 0 -6.598559088E-21
348.8 0 2.580085865E-05
349 0 2.583498677E-05
349.2 0 7.760761589E-05
349.4 0 5.180702918E-05
349.6 0 2.593791501E-05
349.8 0 2.597240691E-05
350 0 -5.201398136E-05
350.2 0 -2.604166667E-05
350.4 0 -2.607643525E-05
350.6 0 -7.833389037E-05
350.8 0 -5.229250335E-05
351 0 -5.236260054E-05
351.2 0 -0.0001048657718
351.4 0 -0.0001050067204
351.6 0 -2.628701211E-05
351.8 0 3.660341767E-20
352 0 -2.635796221E-05
352.2 0 -5.278716216E-05
352.4 0 -7.928788904E-05
352.6 0 5.29302168E-05
352.8 0 0.0001060040706
353 0 -2.653702446E-05
353.2 0 -7.971938776E-05
353.4 0 -5.321866485E-05
353.6 0 -2.664563438E-05
353.8 0 1.671511826E-20
354 0 2.671853625E-05
354.2 0 5.351027397E-05
354.4 0 2.679183813E-05
354.6 0 2.869829572E-20
354.8 0 2.686554333E-05
355 0 5.380509642E-05
355.2 0 2.693965517E-05
355.4 0 -6.3690971E-21
355.6 0 -2.701417704E-05
355.8 0 -2.70515928E-05
356 0 -2.432112388E-21
356.2 0 -2.712673611E-05
356.4 0 -8.14933936E-05
356.6 0 -2.720229805E-05
356.8 0 5.44804742E-05
357 0 5.455656425E-05
357.2 0 5.463286713E-05
357.4 0 5.470938375E-05
357.6 0 5.478611501E-05
357.8 0 5.48630618E-05
358 0 5.494022504E-05
358.2 0 5.501760563E-05
358.4 0 5.509520451E-05
358.6 0 5.51730226E-05
358.8 0 5.525106082E-05
359 0 5.532932011E-05
359.2 0 5.540780142E-05
359.4 0 8.322975852E-05
359.6 0 2.778271693E-05
359.8 0 -2.782229345E-05
360 0 2.786198288E-05
360.2 0 5.580357143E-05
360.4 0 5.588340486E-05
360.6 0 2.798173352E-05
360.8 0 2.802187948E-05
361 0 8.418642241E-05
361.2 0 8.430755396E-05
361.4 0 8.442903458E-05
361.6 0 0.0001127344877
361.8 0 -8.07859581E-20
362 0 -5.653039074E-05
362.2 0 3.492777709E-21
362.4 0 2.834724238E-05
362.6 0 8.51653343E-05
362.8 0 8.528930131E-05
363 0 2.847120991E-05
363.2 0 -2.803470071E-20
363.4 0 -2.855445906E-05
363.6 0 -2.859626647E-05
363.8 0 5.727639296E-05
364 0 2.868024963E-05
364.2 0 -5.744485294E-05
364.4 0 -4.185498133E-20
364.6 0 5.761430678E-05
364.8 0 5.769940916E-05
365 0 2.889238166E-05
365.2 0 -4.474229451E-21
365.4 0 -2.897811573E-05
365.6 0 -5.80423477E-05
365.8 0 -5.812872024E-05
366 0 -5.821535022E-05
366.2 0 -5.830223881E-05
366.4 0 -2.919469357E-05
366.6 0 -5.049150706E-20
366.8 0 2.928223388E-05
367 0 2.93262012E-05
367.2 0 -1.613184091E-20
367.4 0 -2.941453313E-05
367.6 0 -2.945889894E-05
367.8 0 2.950339879E-05
368 0 2.954803328E-05
368.2 0 -2.959280303E-05
368.4 0 -5.652161967E-20
368.6 0 2.968275076E-05
368.8 0 -3.295500666E-20
369 0 -1.707241702E-21
369.2 0 2.557855582E-20
369.4 0 2.986429664E-05
369.6 0 2.991003063E-05
369.8 0 -6.232106194E-20
370 0 9.333192509E-21
370.2 0 -4.681062268E-20
370.4 0 3.009437596E-05
370.6 0 6.02816358E-05
370.8 0 3.01874034E-05
371 0 -6.089395682E-20
371.2 0 -3.028100775E-05
371.4 0 -6.06560559E-05
371.6 0 -3.03751944E-05
371.8 0 -3.010626171E-20
372 0 -3.04699688E-05
372.2 0 -2.110389994E-20
372.4 0 3.056533646E-05
372.6 0 -3.061324451E-05
372.8 0 -3.066130298E-05
373 0 -1.76892442E-20
373.2 0 9.450965334E-21
373.4 0 7.086865417E-20
373.6 0 3.085505529E-05
373.8 0 6.180775316E-05
374 0 3.095285261E-05
374.2 0 -3.100198413E-05
374.4 0 6.210254372E-05
374.6 0 -5.163507439E-20
374.8 0 -0.0001246012759
375 0 -9.360023962E-05
375.2 0 -9.375E-05
375.4 0 -9.390024038E-05
375.6 0 -6.270064205E-05
375.8 0 -6.280144695E-05
376 0 -0.000125805153
376.2 0 -0.0001260080645
376.4 0 -9.465872375E-05
376.6 0 2.00455332E-20
376.8 0 3.165518639E-05
377 0 -6.341314935E-05
377.2 0 -6.351626016E-05
377.4 0 -3.180985342E-05
377.6 0 -6.372349103E-05
377.8 0 -4.819983271E-21
378 0 6.393207856E-05
378.2 0 3.201844262E-05
378.4 0 6.414203612E-05
378.6 0 6.424753289E-05
378.8 0 6.435337727E-05
379 0 0.0001289191419
379.2 0 3.228305785E-05
379.4 0 1.218723641E-19
379.6 0 6.478026534E-05
379.8 0 3.244393688E-05
380 0 4.407616697E-20
380.2 0 -6.510416667E-05
380.4 0 8.616880653E-20
380.6 0 -6.532190635E-05
380.8 0 -0.0001308626466
381 0 3.277055369E-05
381.2 0 9.252935963E-21
381.4 0 -9.864267677E-05
381.6 0 -2.696097486E-20
381.8 0 3.299197635E-05
382 0 -0.0001652390017
382.2 0 -0.0001324152542
382.4 0 -3.316001698E-05
382.6 0 -6.643282313E-05
382.8 0 -3.32729983E-05
383 0 -3.332977816E-05
383.2 0 -6.677350427E-05
383.4 1.337756849E-05 8.310347929E-20
383.6 0 3.350128645E-05
383.8 0 -3.35588488E-05
384 0 -0.0001008498279
384.2 0 -0.0001346982759
384.4 0 -0.0001011981865
384.6 0 -1.130678363E-19
384.8 0 3.384965338E-05
385 0 -6.781684028E-05
385.2 0 -6.793478261E-05
385.4 0 -3.402656794E-05
385.6 0 -3.408595113E-05
385.8 0 -3.318182731E-20
386 0 -7.657119934E-20
386.2 0 -6.853070175E-05
386.4 0 -0.0001029767135
386.6 0 -6.877200704E-05
386.8 0 -6.889329806E-05
387 0 -6.901501767E-05
387.2 0 -3.456858407E-05
387.4 0 -3.462987589E-05
387.6 0 -3.469138544E-05
387.8 0 -5.296144609E-20
388 0 3.481506239E-05
388.2 0 3.487723214E-05
388.4 0 -3.493962433E-05
388.6 0 4.71625515E-21
388.8 0 3.506508079E-05
389 0 -3.654539587E-20
389.2 0 -3.519144144E-05
389.4 0 -3.52549639E-05
389.6 0 3.531871609E-05
389.8 0 7.076539855E-05
390 0 7.08938294E-05
390.2 0 3.551136364E-05
390.4 0 -1.186263752E-20
390.6 0 -3.564096715E-05
390.8 0 -3.570612431E-05
391 0 7.154304029E-05
391.2 0 -1.067943505E-19
391.4 0 -0.0001077090993
391.6 0 -3.596915285E-05
391.8 0 2.953782971E-20
392 0 3.610212569E-05
392.2 0 3.616898148E-05
392.4 0 1.868436177E-20
392.6 0 3.630343866E-05
392.8 0 7.274208566E-05
393 0 0.0001093166978
393.2 0 7.301401869E-05
393.4 0 1.238609706E-19
393.6 0 0.0001099319887
393.8 0 0.0001835643797
394 1.471280603E-05 3.678201507E-05
394.2 2.948113208E-05 7.330972591E-20
394.4 4.430529301E-05 3.69210775E-05
394.6 5.918560606E-05 3.699100379E-05
394.8 5.929791271E-05 -1.088430231E-20
395 7.426330798E-05 -7.426330798E-05
395.2 8.928571429E-05 -3.720238095E-05
395.4 0.000104365458 -3.727337786E-05
395.6 0.0001045650096 2.969711788E-20
395.8 8.979885057E-05 0.0001122485632
396 7.497600768E-05 7.497600768E-05
396.2 6.009615385E-05 -7.512019231E-05
396.4 4.515895954E-05 -7.526493256E-05
396.6 4.5246139E-05 7.541023166E-05
396.8 3.022243714E-05 0.0001133341393
397 1.514050388E-05 3.785125969E-05
397.2 0 -3.792475728E-05
397.4 0 -0.0001139956226
397.6 0 -0.0001142178363
397.8 0 6.008157701E-20
398 0 2.662722397E-20
398.2 0 -3.829656863E-05
398.4 0 4.864188434E-20
398.6 0 3.844734252E-05
398.8 0 7.704635108E-05
399 0 0.0001157979249
399.2 0 -1.991215848E-20
399.4 0 -7.750496032E-05
399.6 0 3.680271164E-20
399.8 0 4.809551482E-21
400 0 -1.109792195E-20
400.2 0 -7.8125E-05
400.4 0 -7.828156313E-05
400.6 0 3.921937751E-05
400.8 0 3.929828974E-05
401 0 3.937752016E-05
401.2 0 7.891414141E-05
401.4 0 3.953694332E-05
401.6 1.584685598E-05 -7.923427992E-05
401.8 3.175813008E-05 -0.0001587906504
402 4.773421589E-05 -0.0001193355397
402.2 4.783163265E-05 -6.748711952E-20
402.4 6.390593047E-05 -3.994120654E-05
402.6 8.004610656E-05 -0.0001200691598
402.8 9.625256674E-05 -4.010523614E-05
403 0.0001125257202 -4.01877572E-05
403.2 0.0001288659794 4.027061856E-05
403.4 0.0001291322314 8.070764463E-05
403.6 0.0001455745342 4.04373706E-05
403.8 0.000145876556 -4.052126556E-05
404 0.0001624220374 -0.0001218165281
404.2 0.0001627604167 -4.069010417E-05
404.4 0.0001631002088 8.155010438E-05
404.6 0.0001634414226 8.17207113E-05
404.8 0.0001637840671 4.094601677E-05
405 0.0001641281513 -1.318675094E-19
405.2 0.0001644736842 -8.634526239E-21
405.4 0.0001648206751 4.120516878E-05
405.6 0.0001651691332 -4.12922833E-05
405.8 0.0001655190678 1.928346703E-20
406 0.0001492834395 4.146762208E-05
406.2 0.0001496010638 -3.025393185E-20
406.4 0.0001499200426 -8.328891258E-05
406.6 0.0001502403846 -4.173344017E-05
406.8 0.0001338329764 8.364561028E-05
407 0.0001341201717 1.753740619E-20
407.2 0.0001344086022 -5.903842683E-20
407.4 0.0001346982759 4.209321121E-05
407.6 0.0001349892009 -4.218412527E-05
407.8 0.0001521915584 -8.45508658E-05
408 0.000152521692 -8.473427332E-05
408.2 0.0001528532609 -5.450766578E-20
408.4 0.0001531862745 1.336393347E-20
408.6 0.0001705786026 -4.264465066E-05
408.8 0.00017095186 -3.57541993E-20
409 0.0001713267544 4.28316886E-05
409.2 0.0001717032967 -2.528759694E-20
409.4 0.0001720814978 -4.302037445E-05
409.6 0.0001724613687 -7.165401936E-20
409.8 0.0001728429204 4.321073009E-05
410 0.0001732261641 5.737813714E-20
410.2 0.0001736111111 -8.680555556E-05
410.4 0.0001739977728 -4.349944321E-05
410.6 0.0001569475446 -1.189215208E-19
410.8 0.0001398210291 4.369407159E-05
411 0.0001051008969 7.333152994E-20
411.2 0.0001053370787 -4.389044944E-05
411.4 8.79786036E-05 -1.476197237E-19
411.6 7.054176072E-05 4.408860045E-05
411.8 3.535067873E-05 4.418834842E-05
412 3.5430839E-05 -4.250002078E-20
412.2 1.775568182E-05 -4.438920455E-05
412.4 1.779612756E-05 -8.898063781E-05
412.6 1.783675799E-05 -4.459189498E-05
412.8 1.787757437E-05 -1.14206302E-19
413 1.791857798E-05 4.517112751E-20
413.2 1.795977011E-05 -1.127389941E-20
413.4 1.800115207E-05 -8.01790023E-20
413.6 1.804272517E-05 4.250853401E-21
413.8 1.808449074E-05 1.952456084E-20
414 1.812645012E-05 -2.576626742E-20
414.2 1.816860465E-05 -2.198187784E-20
414.4 1.821095571E-05 4.552738928E-05
414.6 1.825350467E-05 4.563376168E-05
414.8 1.829625293E-05 4.574063232E-05
415 1.833920188E-05 0.0001375440141
415.2 0 4.595588235E-05
415.4 3.685141509E-05 -5.875042969E-20
415.6 1.846926714E-05 4.617316785E-05
415.8 1.851303318E-05 -8.595562753E-21
416 1.855700713E-05 -4.639251781E-05
416.2 1.860119048E-05 -4.650297619E-05
416.4 1.864558473E-05 4.257584254E-21
416.6 1.869019139E-05 4.672547847E-05
416.8 1.873501199E-05 3.72883124E-21
417 1.878004808E-05 -9.390024038E-05
417.2 1.88253012E-05 -4.706325301E-05
417.4 1.887077295E-05 -4.717693237E-05
417.6 1.891646489E-05 -5.046932324E-20
417.8 1.896237864E-05 -3.614073926E-21
418 1.900851582E-05 -4.752128954E-05
418.2 1.905487805E-05 -8.12740889E-21
418.4 1.910146699E-05 6.185204474E-20
418.6 1.914828431E-05 9.574142157E-05
418.8 1.91953317E-05 4.798832924E-05
419 1.924261084E-05 -9.621305419E-05
419.2 1.929012346E-05 -4.822530864E-05
419.4 1.933787129E-05 -4.834467822E-05
419.6 1.938585608E-05 -4.84646402E-05
419.8 1.94340796E-05 1.850662871E-20
420 1.948254364E-05 4.87063591E-05
420.2 0 -4.8828125E-05
420.4 0 -4.895050125E-05
420.6 0 4.907349246E-05
420.8 0 -5.598187009E-20
421 0 4.932133838E-05
421.2 0 9.889240506E-05
421.4 1.98286802E-05 -4.957170051E-05
421.6 1.987913486E-05 -9.93956743E-05
421.8 1.992984694E-05 -4.982461735E-05
422 1.998081841E-05 1.412654664E-20
422.2 2.003205128E-05 0.0001502403846
422.4 2.008354756E-05 0.0001506266067
422.6 2.013530928E-05 5.03382732E-05
422.8 2.01873385E-05 3.95111757E-20
423 4.047927461E-05 -5.059909326E-05
423.2 4.058441558E-05 5.073051948E-05
423.4 4.069010417E-05 0.0001017252604
423.6 4.079634465E-05 5.099543081E-05
423.8 4.090314136E-05 5.11289267E-05
424 4.101049869E-05 1.426882675E-19
424.2 4.111842105E-05 5.139802632E-05
424.4 4.122691293E-05 5.153364116E-05
424.6 4.133597884E-05 -5.166997354E-05
424.8 4.144562334E-05 2.548012181E-20
425 4.155585106E-05 5.194481383E-05
425.2 4.166666667E-05 5.208333333E-05
425.4 4.177807487E-05 0.0001044451872
425.6 4.189008043E-05 6.267738662E-20
425.8 4.200268817E-05 7.762610035E-20
426 4.211590296E-05 0.0001052897574
426.2 4.222972973E-05 -4.094942094E-20
426.4 4.234417344E-05 -5.29302168E-05
426.6 4.245923913E-05 -5.307404891E-05
426.8 4.257493188E-05 5.321866485E-05
427 4.269125683E-05 -5.336407104E-05
427.2 6.421232877E-05 -0.0002140410959
427.4 6.438873626E-05 7.571028911E-20
427.6 6.45661157E-05 5.380509642E-05
427.8 6.474447514E-05 -5.395372928E-05
428 6.492382271E-05 -0.0001623095568
428.2 6.510416667E-05 -0.0001085069444
428.4 6.528551532E-05 2.691134489E-20
428.6 6.546787709E-05 -5.455656425E-05
428.8 6.56512605E-05 -5.470938375E-05
429 6.583567416E-05 -5.48630618E-05
429.2 6.602112676E-05 6.899584856E-20
429.4 4.413841808E-05 -6.312764646E-20
429.6 2.213172805E-05 5.532932011E-05
429.8 2.219460227E-05 5.548650568E-05
430 2.225783476E-05 -0.0001112891738
430.2 2.232142857E-05 -5.580357143E-05
430.4 2.238538682E-05 -5.497493797E-20
430.6 2.244971264E-05 -4.529447057E-20
430.8 2.251440922E-05 -1.690001657E-20
431 2.257947977E-05 -5.644869942E-05
431.2 2.264492754E-05 -5.661231884E-05
431.4 2.271075581E-05 8.227152653E-20
431.6 2.277696793E-05 -9.858698845E-22
431.8 2.284356725E-05 5.710891813E-05
432 2.291055718E-05 5.727639296E-05
432.2 2.297794118E-05 -2.219723823E-21
432.4 2.304572271E-05 3.143620768E-20
432.6 0 0.0001155695266
432.8 0 0.0001159124629
433 0 -3.75128306E-20
433.2 0 -5.830223881E-05
433.4 0 0.0001169535928
433.6 0 0.0001759572072
433.8 0 0.0001764871988
434 0 0.0001180135952
434.2 0 5.918560606E-05
434.4 0 6.042147364E-20
434.6 0 -0.0001190929878
434.8 0 0.0001194571865
435 0 0.0001198236196
435.2 0 -6.009615385E-05
435.4 0 -0.0001205632716
435.6 0 -6.046826625E-05
435.8 0 2.009585261E-20
436 0 9.48383743E-20
436.2 0 -2.597119716E-20
436.4 0 6.122648903E-05
436.6 0 6.141902516E-05
436.8 0 -6.161277603E-05
437 0 -6.180775316E-05
437.2 0 0.0001240079365
437.4 0 0.0001244028662
437.6 0 6.240015974E-05
437.8 0 -0.0001252003205
438 0 -0.0001256028939
438.2 2.52016129E-05 6.300403226E-05
438.4 0 6.32079288E-05
438.6 0 0.0001268262987
438.8 0 -1.575705379E-19
439 0 -0.0001276552288
439.2 0 -6.403688525E-05
439.4 0 6.424753289E-05
439.6 0 6.445957096E-05
439.8 0 8.329691737E-21
440 0 4.08584269E-20
440.2 0 -3.994702023E-20
440.4 0 -5.622066961E-20
440.6 0 -1.265772978E-19
440.8 0 -6.576178451E-05
441 0 -6.59839527E-05
441.2 0 0.0001324152542
441.4 0 6.643282313E-05
441.6 0 -0.0001333191126
441.8 0 -0.0002675513699
442 0 -0.0002013530928
442.2 0 6.734913793E-05
442.4 0 0.0001351643599
442.6 0 -0.0001356336806
442.8 0 -0.0002041594077
443 0 -0.0001365821678
443.2 0 -6.853070175E-05
443.4 0 6.660478039E-20
443.6 0 -6.901501767E-05
443.8 0 -7.515650394E-20
444 0 6.950622776E-05
444.2 0 -2.657034132E-19
444.4 0 -7.000448029E-05
444.6 0 -5.183040661E-20
444.8 0 -6.299056457E-20
445 0 1.396192943E-19
445.2 0 7.507300376E-20
445.4 0 2.290709491E-19
445.6 0 -0.0001430860806
445.8 0 -0.0001436121324
446 0 7.207103321E-05
446.2 0 0.0002170138889
446.4 0 -7.260687732E-05
446.6 0 -0.0002186333955
446.8 0 7.315074906E-05
447 0 7.342575188E-05
447.2 0 -4.218176937E-20
447.4 0 -2.143447173E-19
447.6 0 7.426330798E-05
447.8 0 0.0001490935115
448 0 0.000149664751
448.2 0 0.0001502403846
448.4 0 0.000226230695
448.6 0 0.0002271075581
448.8 3.039883268E-05 7.599708171E-05
449 0 2.076871647E-19
449.2 3.06372549E-05 -2.272214944E-19
449.4 3.075787402E-05 -0.0002306840551
449.6 3.087944664E-05 -7.71986166E-05
449.8 3.100198413E-05 0.0001550099206
450 3.112549801E-05 7.781374502E-05
450.2 3.125E-05 -7.8125E-05
450.4 6.275100402E-05 -0.0002353162651
450.6 9.450604839E-05 -7.875504032E-05
450.8 0.0001265182186 -2.32665328E-20
451 0.0001587906504 1.734519665E-20
451.2 0.0001913265306 1.090841789E-19
451.4 0.0002241290984 -8.004610656E-05
451.6 0.0002572016461 -8.03755144E-05
451.8 0.0002905475207 8.070764463E-05
452 0.000291753112 8.104253112E-05
452.2 0.0003255208333 6.973982205E-21
452.4 0.0003268828452 8.17207113E-05
452.6 0.0003282563025 8.206407563E-05
452.8 0.0003296413502 1.009408698E-19
453 0.0003310381356 8.27595339E-05
453.2 0.0003324468085 -1.079649125E-19
453.4 0.0003338675214 -8.346688034E-05
453.6 0.0003353004292 -8.38251073E-05
453.8 0.0003367456897 -1.678729128E-19
454 0.0003382034632 -8.45508658E-05
454.2 0.0003736413043 -0.0001698369565
454.4 0.0003752729258 -1.495575018E-19
454.6 0.0003769188596 8.566337719E-05
454.8 0.0003785792952 -7.180124339E-20
455 0.0003802544248 -8.642146018E-05
455.2 0.0003819444444 -8.680555556E-05
455.4 0.0003836495536 -0.0001743861607
455.6 0.0003853699552 -8.758408072E-05
455.8 0.0003519144144 8.79786036E-05
456 0.0003181561086 1.38860037E-19
456.2 0.0002840909091 -8.877840909E-05
456.4 0.0002853881279 -7.889504744E-20
456.6 0.0002508600917 -6.119318744E-20
456.8 0.0002160138249 -2.167143116E-20
457 0.0001808449074 -1.38214969E-20
457.2 0.0001453488372 1.749608413E-19
457.4 0.000109521028 -2.790913061E-20
457.6 7.335680751E-05 1.11892773E-19
457.8 3.685141509E-05 2.223359824E-19
458 3.702606635E-05 -9.256516588E-05
458.2 3.720238095E-05 -9.300595238E-05
458.4 3.738038278E-05 3.645589546E-20
458.6 0 -5.053005395E-20
458.8 0 -9.435386473E-05
459 0 1.811846812E-19
459.2 0 0.0002858231707
459.4 0 9.574142157E-05
459.6 0 -9.621305419E-05
459.8 0 -9.668935644E-05
460 0 -7.320622693E-20
460.2 0 0.0001953125
460.4 0 0.0002944409548
460.6 0 0.0001972853535
460.8 0 1.547695754E-19
461 0 9.964923469E-05
461.2 0 0.0003004807692
461.4 0 0.0003020296392
461.6 0 0.0002023963731
461.8 0 0.0001017252604
462 0 0.0001022578534
462.2 0 0.0002055921053
462.4 0 0.0002066798942
462.6 0 0.0002077792553
462.8 0 0.0002088903743
463 0 0.0002100134409
463.2 0 0.0002111486486
463.4 0 0.0002122961957
463.6 0 0.0002134562842
463.8 0 0.0002146291209
464 0 0.0002158149171
464.2 0 0.0002170138889
464.4 0 0.000218226257
464.6 0 0.0001097261236
464.8 0 -4.30163629E-20
465 0 0.0002219460227
465.2 0 0.0004464285714
465.4 0 0.0003367456897
465.6 0 -2.115522032E-20
465.8 0 -0.0002271075581
466 0 -0.0002284356725
466.2 0 -0.0001148897059
466.4 0 -0.0001155695266
466.6 0 -0.000232514881
466.8 0 -0.0002339071856
467 0 -0.0002353162651
467.2 0 -0.0003551136364
467.4 0 -0.0003572789634
467.6 0 -0.0001198236196
467.8 0 -0.0001205632716
468 0 -0.0002426242236
468.2 0 -0.0001220703125
468.4 0 -0.0001228380503
468.6 0 -0.0001236155063
468.8 0 -0.0001244028662
469 0 -0.000250400641
469.2 0 -0.000252016129
469.4 0 -0.0002536525974
469.6 0 -0.0002553104575
469.8 0 -0.0002569901316
470 0 -0.000258692053
470.2 0 -0.0002604166667
470.4 0 -0.0003932466443
470.6 0 -0.0003959037162
470.8 0 -0.0002657312925
471 0 -0.0002675513699
471.2 0 -0.0002693965517
471.4 0 -0.0001356336806
471.6 0 -3.332106452E-21
471.8 0 0.0001375440141
472 0 1.218468849E-19
472.2 0 -0.0001395089286
472.4 0 -2.266905007E-19
472.6 0 -2.287368582E-20
472.8 0 2.809555819E-20
473 0 7.647415173E-20
473.2 0 -5.335688681E-20
473.4 0 0.000145755597
473.6 0 0.0001468515038
473.8 0 -0.0001479640152
474 0 -0.0001490935115
474.2 0 0.0001502403846
474.4 0 0.0003028100775
474.6 0 0.0003051757812
474.8 0 0.0003075787402
475 0 0.0003100198413
475.2 0 0.0003125
475.4 0 0.0003150201613
475.6 0 0.0003175813008
475.8 0 0.0004802766393
476 0 0.0003228305785
476.2 6.510416667E-05 0.0001627604167
476.4 6.56512605E-05 0.0001641281513
476.6 6.620762712E-05 4.583330606E-19
476.8 6.677350427E-05 3.751370833E-19
477 6.734913793E-05 2.185832962E-19
477.2 6.793478261E-05 -0.0001698369565
477.4 6.853070175E-05 -0.0003426535088
477.6 6.913716814E-05 -0.0003456858407
477.8 6.975446429E-05 -0.0001743861607
478 7.038288288E-05 -1.940996519E-19
478.2 7.102272727E-05 0.0001775568182
478.4 7.167431193E-05 0.0003583715596
478.6 7.233796296E-05 0.0003616898148
478.8 7.301401869E-05 0.0001825350467
479 7.370283019E-05 0.0001842570755
479.2 7.44047619E-05 0.0001860119048
479.4 7.512019231E-05 0.0003756009615
479.6 7.584951456E-05 0.0005688713592
479.8 7.659313725E-05 0.0003829656863
480 7.735148515E-05 0.0003867574257
480.2 7.8125E-05 0.0005859375
480.4 7.891414141E-05 0.0003945707071
480.6 7.971938776E-05 0.0001992984694
480.8 8.054123711E-05 0.0002013530928
481 8.138020833E-05 0.0002034505208
481.2 8.223684211E-05 -6.341620401E-20
481.4 8.311170213E-05 -0.0002077792553
481.6 8.400537634E-05 -0.0002100134409
481.8 8.491847826E-05 -9.828447824E-20
482 8.585164835E-05 0.0004292582418
482.2 8.680555556E-05 0.0004340277778
482.4 8.778089888E-05 0.0002194522472
482.6 8.877840909E-05 0.0004438920455
482.8 8.979885057E-05 0.0002244971264
483 9.084302326E-05 -0.0002271075581
483.2 9.191176471E-05 -0.0002297794118
483.4 9.300595238E-05 -0.000232514881
483.6 9.412650602E-05 -1.564152541E-19
483.8 9.527439024E-05 0.0002381859756
484 9.645061728E-05 0.0002411265432
484.2 9.765625E-05 0.000244140625
484.4 9.889240506E-05 0.0004944620253
484.6 0.0001001602564 0.000250400641
484.8 0.000101461039 -0.0002536525974
485 0.0001027960526 -0.0002569901316
485.2 0.0001041666667 -8.632334225E-20
485.4 0.0001055743243 -6.14447442E-20
485.6 0.0001070205479 -2.349617167E-19
485.8 0.0001085069444 -2.583481996E-19
486 0.0001100352113 0.0002750880282
486.2 0.0001116071429 0.0005580357143
486.4 0.0001132246377 0.0002830615942
486.6 0.0001148897059 4.229485266E-19
486.8 0.0001166044776 2.625577339E-19
487 0.0001183712121 -8.162155814E-20
487.2 0.0001201923077 1.748896619E-19
487.4 0 -1.86023795E-20
487.6 0 5.206684125E-19
487.8 0 -3.251221489E-19
488 0 -1.869532032E-19
488.2 0 5.728034808E-19
488.4 0 3.239815606E-19
488.6 0 -1.860602811E-19
488.8 0 1.142688217E-19
489 0 7.354785276E-19
489.2 0 7.453355706E-19
489.4 0 1.051536963E-19
489.6 0 4.567656518E-19
489.8 0 6.54828523E-20
490 0 -3.130222231E-19
490.2 0 2.316717436E-19
490.4 0 4.372546396E-19
490.6 0 1.666878163E-18
490.8 0 6.175463086E-19
491 0 -1.286244224E-19
491.2 0 7.954089466E-19
491.4 0 9.39479797E-19
491.6 0 3.270750843E-19
491.8 0 -2.752254227E-19
492 0 2.216286686E-19
492.2 0 1.908343573E-19
492.4 0 1.223365226E-18
492.6 0 1.311214676E-18
492.8 0 7.074391477E-19
493 0 5.333367409E-19
493.2 0 4.622834205E-19
493.4 0 9.272948913E-20
493.6 0 -5.289410809E-19
493.8 0 1.390400654E-19
494 0 5.803427833E-19
494.2 0 -9.498155135E-20
494.4 0 -2.524164303E-19
494.6 0 1.732889156E-18
494.8 0 8.790768636E-19
495 0 -2.175177428E-19
495.2 0 -1.61070336E-18
495.4 0 -6.737190346E-19
495.6 0 -3.22754594E-19
495.8 0 -1.14128771E-18
496 0 -5.400520004E-20
496.2 0 -1.696938506E-18
496.4 0 -9.862208196E-19
496.6 0 -7.835390476E-19
496.8 0 2.625001569E-19
497 0 -2.634174089E-18
497.2 0 -1.397900517E-18
497.4 0 1.437115667E-19
497.6 0 -7.778934779E-19
497.8 0 1.072785669E-18
498 0 -5.328928444E-20
498.2 0 2.445186067E-18
498.4 0 4.039166978E-18
498.6 0 1.344895776E-18
498.8 0 -6.18145073E-18
499 0 6.219241327E-18
499.2 0 9.962161198E-18
499.4 0 5.625981441E-18
499.6 0 -3.513831694E-18
499.8 0 -1.458591319E-17
500 0 5.276196788E-17
