0 0.007378298681 -0.0001327593962
0.2 0.006465625 0.001640625
0.4 0.005989895958 0.000656512605
0.6 0.005645141113 0.0005473128503
0.8 0.00534704145 0.0005553539247
1 0.005105043069 0.0004538511619
1.2 0.004909819639 0.0003131262525
1.4 0.004730102245 0.0002271075581
1.6 0.004584712194 0.0001880264741
1.8 0.004420395265 0.0001959395064
2 0.004240264954 4.704435969E-05
2.2 0.004110190763 -7.843875502E-06
2.4 0.003964317999 0.0001020113499
2.6 0.003837168408 0.0002119548834
2.8 0.003722481906 0.0001570667471
3 0.003595132743 3.142598552E-05
3.2 0.003467681087 0.0001100352113
3.4 0.003349562198 0.0001808449074
3.6 0.00321561619 0.0001573197745
3.8 0.00310359589 0.0001416448429
4 0.00299463422 0.0001259572753
4.2 0.002882434476 6.300403226E-05
4.4 0.002789053046 8.666549012E-05
4.6 0.002698748991 7.881860371E-06
4.8 0.002608372023 -0.0001025055511
5 0.002533698506 7.888226979E-06
5.2 0.002449494949 5.523989899E-05
5.4 0.002349434115 0.0001026298504
5.6 0.00226508795 0.0001026713506
5.8 0.002196475526 6.32079288E-05
6 0.002121484217 6.32335087E-05
6.2 0.002055921053 1.581477733E-05
6.4 0.001996633252 -3.164236533E-05
6.6 0.001962621556 -3.956898298E-05
6.8 0.001909581475 2.390782253E-20
7 0.001850162206 -7.920214923E-06
7.2 0.001806541582 2.377028398E-05
7.4 0.001731178977 4.632153476E-20
7.6 0.001662099066 -3.964930978E-05
7.8 0.00161517567 -3.173233144E-05
8 0.001580912231 -9.523567655E-05
8.2 0.001527566057 7.93953252E-06
8.4 0.00147099939 0.000111198658
8.6 0.001414386697 3.972996338E-05
8.8 0.001376806064 -1.58984534E-05
9 0.001339194829 4.771478013E-05
9.2 0.001295188391 5.568991853E-05
9.4 0.001270247555 -3.183577832E-05
9.6 0.001242101508 -0.0001114706482
9.8 0.00121074633 -9.558523654E-05
10 0.00118255304 -3.1874745E-05
10.2 0.001160714286 -0.0001036352041
10.4 0.00114842793 -9.570232748E-05
10.6 0.001123366013 -8.776296977E-05
10.8 0.001101476298 -0.0001197256845
11 0.001073180703 -7.186477923E-05
11.2 0.00104805726 -0.0001437883436
11.4 0.001035699673 -0.0001917962357
11.6 0.001029727794 -7.195302906E-05
11.8 0.001004555692 3.199221949E-05
12 0.0009697613683 5.600931995E-05
12.2 0.0009381403689 5.225498995E-21
12.4 0.0009225092251 2.402367774E-05
12.6 0.000890842904 4.005588597E-05
12.8 0.0008687679524 -6.411571604E-05
13 0.0008627103859 -0.0001042308087
13.2 0.0008566478439 -0.000104273614
13.4 0.0008473705834 -8.024342646E-05
13.6 0.0008348746404 -9.633168927E-05
13.8 0.0008352179276 -7.227847451E-05
14 0.0008387751954 -9.6410942E-05
14.2 0.0008455504115 -0.0001205632716
14.4 0.0008458985179 -7.236774393E-05
14.6 0.0008494645799 -8.044172158E-05
14.8 0.0008465955913 -0.0001046173259
15 0.0008308429514 -8.855884171E-05
15.2 0.000824742268 -5.637886598E-05
15.4 0.0008154135726 -6.445957096E-05
15.6 0.0007996285596 -8.866848948E-05
15.8 0.0008096356317 -0.0001048332989
16 0.000822877943 -8.067430814E-06
16.2 0.0008232179752 -1.042139748E-20
16.4 0.0008106397272 -2.42223026E-05
16.6 0.0008045130273 -8.077440033E-06
16.8 0.0008048458833 -6.464625569E-05
17 0.0007922444123 -2.425237997E-05
17.2 0.0008022774327 -3.234989648E-05
17.4 0.000805846106 -6.472659486E-05
17.6 0.0008223684211 -1.618835475E-05
17.8 0.0008162313433 -2.42925995E-05
18 0.0008295313148 -2.430267524E-05
18.2 0.0008460840249 -2.67541507E-20
18.4 0.0008626504774 -8.918378995E-05
18.6 0.0008694975083 -4.05549211E-05
18.8 0.0008731044869 4.153793853E-21
19 0.0008799615544 -4.058863259E-05
19.2 0.0008965696466 -3.248440748E-05
19.4 0.0008969425957 -7.31203203E-05
19.6 0.000887562422 1.625572201E-05
19.8 0.0008879319317 8.131244796E-05
20 0.0008817940441 6.507705123E-05
20.2 0.0008658854167 4.8828125E-05
20.4 0.0008532200917 2.442423927E-05
20.6 0.0008307704337 2.443442452E-05
20.8 0.000821339174 -1.629641218E-05
21 0.000808639399 -3.260642738E-05
21.2 0.0008057150313 -8.155010438E-06
21.4 0.0007995248538 -5.710891813E-05
21.6 0.0007900647723 1.632365232E-05
21.8 0.000770798495 6.532190635E-05
22 0.0007743883312 4.084326642E-05
22.2 0.0007616370293 5.720449791E-05
22.4 0.000765226036 1.635098368E-05
22.6 0.0007590033501 4.089457705E-05
22.8 0.0007593213238 3.272936741E-05
23 0.0007498166387 2.45573135E-05
23.2 0.0007566823899 5.732442348E-05
23.4 0.0007504456795 8.192638423E-06
23.6 0.0007376468737 -8.196076374E-06
23.8 0.0007215575147 4.099758606E-05
24 0.0007185793784 8.202960941E-06
24.2 0.0007155987395 -4.103203782E-05
24.4 0.0007191834805 -8.209857083E-06
24.6 0.0007227712363 3.285323802E-05
24.8 0.0007132151872 8.21676483E-06
25 0.0007168034512 -4.932133838E-05
25.2 0.0007171052632 4.111842105E-05
25.4 0.0006943713142 3.290859309E-05
25.6 0.0006814949431 -6.584492204E-05
25.8 0.0006719013491 -6.587268128E-05
26 0.000668889709 -2.471267398E-05
26.2 0.0006395042194 -6.592827004E-05
26.4 0.0006364763613 -9.893414943E-05
26.6 0.0006301467483 -4.123997044E-05
26.8 0.0006106094212 -1.650295733E-05
27 0.0006009615385 -4.127483094E-05
27.2 0.0005913054968 -4.955073996E-05
27.4 0.0005783365059 -4.130975042E-05
27.6 0.0005752750741 -0.0001074508041
27.8 0.0005655958933 -9.09584039E-05
28 0.0005559085133 -3.308979246E-05
28.2 0.0005462129237 -3.310381356E-05
28.4 0.0005431326833 -6.623569309E-05
28.6 0.0005334234521 -5.798081001E-05
28.8 0.000527020577 -6.629189648E-05
29 0.0005272442699 -3.316001698E-05
29.2 0.0005075636943 2.946834845E-20
29.4 0.0004945040357 -2.489114274E-05
29.6 0.0004781130472 -3.320229494E-05
29.8 0.0004617081207 -7.473692602E-05
30 0.0004519353467 -5.815344534E-05
30.2 0.0004355053191 -2.493351064E-05
30.4 0.000422387186 -4.988825032E-05
30.6 0.0004125851789 -3.32729983E-05
30.8 0.0003961173839 -8.321793779E-06
31 0.0003796355499 -8.325341006E-06
31.2 0.0003664712154 -4.164445629E-05
31.4 0.0003566286263 -6.665955631E-05
31.6 0.0003534464362 -3.334400341E-05
31.8 0.0003469257045 -2.501868061E-05
32 0.0003470739 -6.674498078E-05
32.2 0.0003505608974 -8.346688034E-05
32.4 0.0003507107738 -9.185282172E-05
32.6 0.0003408361848 -5.012296835E-05
32.8 0.0003342961061 -6.685922122E-05
33 0.0003344392123 -5.852686216E-05
33.2 0.0003245449679 8.364561028E-06
33.4 0.0003213367609 -8.368144816E-05
33.6 0.000324823189 -8.371731676E-05
33.8 0.0003249624786 -1.675064322E-05
34 0.0003284534535 -5.027348777E-05
34.2 0.0003319474249 -5.867757511E-05
34.4 0.0003320899528 -5.870276943E-05
34.6 0.0003255208333 -0.0001090662586
34.8 0.0003189460679 -0.0001091131285
35 0.0003123656492 -3.358770421E-05
35.2 0.0003091397849 -8.400537634E-06
35.4 0.0003025494836 8.404152324E-06
35.6 0.0002959535084 1.681554025E-05
35.8 0.0002960809647 1.682278208E-05
36 0.0002861105127 -8.41501508E-06
36.2 0.0002761314655 -2.525592672E-05
36.4 0.000262774903 8.422272531E-06
36.6 0.0002527771786 -8.425905953E-06
36.8 0.0002427708243 -2.528862754E-05
37 0.000232755829 -3.373272884E-05
37.2 0.0002294816415 -1.687365011E-05
37.4 0.0002194522472 -1.688094209E-05
37.6 0.0002094141807 1.688824038E-05
37.8 0.0001959883218 3.379108997E-05
38 0.0001825508438 0.0001098685634
38.2 0.0001691017316 0.0001521915584
38.4 0.0001590244695 5.075249026E-05
38.6 0.0001557084055 -2.538724003E-05
38.8 0.000159162332 -5.079648895E-05
39 0.000159231353 -2.776746938E-21
39.2 0.0001626898048 -1.694685466E-05
39.4 0.0001593695747 -3.390842014E-05
39.6 0.0001594387755 -8.480785931E-06
39.8 0.0001595080365 -2.545341008E-05
40 0.0001561820947 -2.546447197E-05
40.2 0.0001460597826 -8.491847826E-06
40.4 0.0001427250979 3.398216616E-05
40.6 0.0001359878155 3.399695387E-05
40.8 0.0001258434915 3.401175446E-05
41 0.000115690331 2.551992596E-05
41.2 0.0001089324619 1.702069717E-05
41.4 0.000102168701 8.514058413E-06
41.6 9.539904056E-05 1.703554296E-05
41.8 9.203206806E-05 6.817190227E-05
42 8.525207333E-05 5.967645133E-05
42.2 7.846615721E-05 4.264465066E-05
42.4 7.50873744E-05 8.532656182E-06
42.6 7.170563811E-05 3.414554196E-05
42.8 6.490489725E-05 5.124070835E-05
43 6.151574803E-05 1.708770779E-05
43.2 6.496170678E-05 -8.547592998E-06
43.4 6.156961471E-05 -8.551335377E-06
43.6 5.475251862E-05 4.277540517E-05
43.8 5.820004382E-05 3.423531989E-05
44 5.480052609E-05 3.42503288E-05
44.2 5.139802632E-05 7.709703947E-05
44.4 4.799254059E-05 6.856077227E-05
44.6 4.801360843E-05 4.286929324E-05
44.8 4.803469477E-05 6.004336847E-05
45 4.462324253E-05 0.0001115581063
45.2 4.464285714E-05 0.0001373626374
45.4 4.466248901E-05 0.0001631898637
45.6 4.468213814E-05 0.0001460762209
45.8 4.470180458E-05 0.0001031580106
46 4.816160282E-05 6.020200352E-05
46.2 5.162444934E-05 1.720814978E-05
46.4 5.853349493E-05 4.303933451E-05
46.6 6.200396825E-05 7.750496032E-05
46.8 6.203131892E-05 6.892368769E-05
47 6.550639894E-05 2.585778906E-05
47.2 6.898454746E-05 1.724613687E-05
47.4 7.246576855E-05 -8.626877208E-06
47.6 7.595006628E-05 -2.589206805E-05
47.8 7.598364279E-05 2.615759139E-20
48 7.6017249E-05 8.638323751E-06
48.2 7.259402655E-05 -1.728429204E-05
48.4 7.608455069E-05 -6.052180168E-05
48.6 7.265832595E-05 -6.054860496E-05
48.8 7.269051839E-05 -4.326816571E-05
49 7.272273936E-05 -2.597240691E-05
49.2 6.929046563E-05 -8.661308204E-06
49.4 6.932120674E-05 8.665150843E-06
49.6 6.935197514E-05 -1.733799379E-05
49.8 7.285190941E-05 -6.070992451E-05
50 7.288427366E-05 -5.206019547E-05
50.2 7.638888889E-05 -7.8125E-05
50.4 7.989662072E-05 -5.210649177E-05
50.6 8.68827847E-05 -6.950622776E-05
50.8 8.344459279E-05 -0.000104305741
51 8.000333927E-05 -5.217609083E-05
51.2 8.351893096E-05 -4.349944321E-05
51.4 8.355614973E-05 -5.222259358E-05
51.6 8.70764601E-05 -6.966116808E-05
51.8 8.711529884E-05 -2.613458965E-05
52 8.715417224E-05 9.493901738E-21
52.2 8.370535714E-05 -8.719308036E-06
52.4 8.723202322E-05 -1.744640464E-05
52.6 9.076184093E-05 -6.981680071E-05
52.8 9.778721502E-05 -9.604101475E-05
53 0.0001013249106 -6.987924866E-05
53.2 0.0001048657718 -3.495525727E-05
53.4 0.000108409803 -4.371363026E-05
53.6 0.0001189543215 -3.498656516E-05
53.8 0.0001155073925 2.625168011E-05
54 0.0001120573734 -2.626344688E-05
54.2 0.0001051008969 -5.255044843E-05
54.4 0.0001016431135 -8.762337371E-06
54.6 9.818222621E-05 -2.629881059E-05
54.8 9.47182308E-05 -3.508082622E-05
55 9.476078167E-05 -5.264487871E-05
55.2 8.778089888E-05 -7.02247191E-05
55.4 9.133318345E-05 -8.782036871E-05
55.6 9.137426901E-05 -7.907388664E-05
55.8 9.141539154E-05 -2.636982448E-05
56 9.14565511E-05 -7.035119316E-05
56.2 9.149774775E-05 -9.677646396E-05
56.4 9.153898152E-05 -0.0001056219018
56.6 9.158025248E-05 -0.0001144753156
56.8 8.809765449E-05 -8.809765449E-05
57 8.813740975E-05 -9.695115072E-05
57.2 8.81772009E-05 -7.935948081E-05
57.4 8.8217028E-05 -6.17519196E-05
57.6 8.472661545E-05 -1.765137822E-05
57.8 7.770117541E-05 -8.829679024E-06
58 7.420284939E-05 -7.066938037E-05
58.2 7.777149321E-05 -7.953902715E-05
58.4 7.427003169E-05 -6.189169307E-05
58.6 6.722712862E-05 -7.076539855E-05
58.8 6.371771636E-05 -4.424841414E-05
59 6.020512239E-05 -4.426847235E-05
59.2 4.60600907E-05 -8.857709751E-05
59.4 4.608098911E-05 -8.861728675E-05
59.6 4.610190649E-05 -7.092600999E-05
59.8 4.257493188E-05 -6.208844233E-05
60 3.904475239E-05 -7.099045888E-05
60.2 3.551136364E-05 -5.326704545E-05
60.4 3.197476126E-05 -5.329126876E-05
60.6 2.843494086E-05 -4.442959509E-05
60.8 2.844788348E-05 8.889963587E-06
61 2.490323315E-05 8.89401184E-06
61.2 2.135535308E-05 -1.73867501E-20
61.4 1.780423883E-05 -3.560847767E-05
61.6 1.4249886E-05 -3.5624715E-05
61.8 1.069229015E-05 7.913884471E-21
62 7.131446828E-06 8.914308535E-06
62.2 1.070205479E-05 -3.567351598E-05
62.4 1.784490635E-05 -5.353471905E-05
62.6 2.142367459E-05 -3.570612431E-05
62.8 2.500571559E-05 -4.465306356E-05
63 2.859103385E-05 -1.786939616E-05
63.2 3.217963387E-05 8.938787185E-06
63.4 2.50400641E-05 8.942880037E-06
63.6 1.789395328E-05 1.789395328E-05
63.8 1.790215399E-05 1.790215399E-05
64 1.791036222E-05 8.95518111E-06
64.2 1.791857798E-05 -2.687786697E-05
64.4 1.792680128E-05 -4.481700321E-05
64.6 1.793503214E-05 8.96751607E-06
64.8 1.794327056E-05 4.485817639E-05
65 1.795151654E-05 4.487879136E-05
65.2 1.795977011E-05 5.387931034E-05
65.4 1.796803128E-05 4.49200782E-05
65.6 1.797630005E-05 3.595260009E-05
65.8 1.798457643E-05 4.496144107E-05
66 1.799286043E-05 8.996430216E-06
66.2 1.800115207E-05 -5.400345622E-05
66.4 1.800945136E-05 -7.203780544E-05
66.6 1.80177583E-05 -3.603551661E-05
66.8 1.802607291E-05 -9.013036456E-06
67 1.80343952E-05 -8.725619945E-22
67.2 1.804272517E-05 2.706408776E-05
67.4 1.805106285E-05 5.415318854E-05
67.6 1.805940823E-05 1.805940823E-05
67.8 1.806776133E-05 9.033880666E-06
68 1.807612217E-05 9.038061083E-06
68.2 1.808449074E-05 1.808449074E-05
68.4 1.809286707E-05 9.046433534E-06
68.6 1.810125116E-05 1.810125116E-05
68.8 1.810964302E-05 3.621928605E-05
69 1.811804267E-05 -1.811804267E-05
69.2 1.812645012E-05 -9.063225058E-06
69.4 1.813486537E-05 1.813486537E-05
69.6 1.814328843E-05 9.071644217E-06
69.8 1.815171933E-05 1.815171933E-05
70 1.816015807E-05 3.632031613E-05
70.2 1.816860465E-05 -9.084302326E-06
70.4 1.81770591E-05 -2.726558865E-05
70.6 1.818552142E-05 9.092760708E-06
70.8 1.819399162E-05 9.096995808E-06
71 1.820246971E-05 9.101234856E-06
71.2 1.821095571E-05 1.821095571E-05
71.4 1.821944963E-05 -1.821944963E-05
71.6 1.822795147E-05 -2.73419272E-05
71.8 1.823646125E-05 9.118230626E-06
72 1.824497898E-05 3.648995796E-05
72.2 1.825350467E-05 2.738025701E-05
72.4 1.826203834E-05 1.826203834E-05
72.6 1.827057998E-05 1.827057998E-05
72.8 1.827912962E-05 -1.506495511E-20
73 1.828768727E-05 -2.005841274E-20
73.2 1.829625293E-05 -9.148126464E-06
73.4 1.830482662E-05 3.660965323E-05
73.6 1.831340835E-05 2.747011252E-05
73.8 1.832199812E-05 -1.427127752E-20
74 1.833059596E-05 1.833059596E-05
74.2 1.833920188E-05 9.169600939E-06
74.4 1.834781588E-05 -9.173907938E-06
74.6 1.835643797E-05 -1.835643797E-05
74.8 1.836506817E-05 -2.672057431E-20
75 1.837370649E-05 1.837370649E-05
75.2 1.838235294E-05 -0
75.4 1.839100753E-05 -1.839100753E-05
75.6 1.839967028E-05 -3.679934056E-05
75.8 1.840834119E-05 -3.681668238E-05
76 1.841702027E-05 -9.208510137E-06
76.2 1.842570755E-05 -4.606426887E-05
76.4 1.843440302E-05 -5.530320906E-05
76.6 1.84431067E-05 -6.455087347E-05
76.8 1.476145489E-05 -7.380727444E-05
77 1.107632325E-05 -4.615134688E-05
77.2 7.387706856E-06 -2.770390071E-05
77.4 7.391201514E-06 -4.619500946E-05
77.6 3.69734974E-06 -6.470362044E-05
77.8 3.699100379E-06 -4.623875473E-05
78 3.700852676E-06 -3.700852676E-05
78.2 3.702606635E-06 -3.702606635E-05
78.4 3.704362257E-06 -2.778271693E-05
78.6 3.706119545E-06 -1.853059772E-05
78.8 3.7078785E-06 -1.85393925E-05
79 3.709639126E-06 -2.782229345E-05
79.2 3.711401425E-06 -2.783551069E-05
79.4 3.713165399E-06 -1.8565827E-05
79.6 3.714931051E-06 -4.643663814E-05
79.8 3.716698382E-06 -5.575047574E-05
80 3.718467396E-06 -6.507317944E-05
80.2 3.720238095E-06 -9.300595238E-05
80.4 3.722010481E-06 -9.305026203E-05
80.6 3.723784557E-06 -4.654730696E-05
80.8 3.725560324E-06 -1.862780162E-05
81 3.727337786E-06 -1.863668893E-05
81.2 3.729116945E-06 -5.593675418E-05
81.4 3.730897803E-06 -4.663622254E-05
81.6 3.732680363E-06 -2.799510272E-05
81.8 3.734464627E-06 -6.535313098E-05
82 3.736250598E-06 -3.736250598E-05
82.2 3.738038278E-06 -1.869019139E-05
82.4 3.739827669E-06 -1.869913834E-05
82.6 3.741618774E-06 -3.741618774E-05
82.8 3.743411596E-06 -4.679264494E-05
83 3.745206136E-06 -3.745206136E-05
83.2 3.747002398E-06 -9.367505995E-06
83.4 3.748800384E-06 -1.874400192E-05
83.6 3.750600096E-06 -1.875300048E-05
83.8 3.752401537E-06 -7.156220171E-21
84 3.754204709E-06 -9.385511773E-06
84.2 3.756009615E-06 9.219584474E-21
84.4 3.757816258E-06 -1.878908129E-05
84.6 3.759624639E-06 -9.399061598E-06
84.8 3.761434762E-06 -9.403586904E-06
85 3.763246628E-06 -3.763246628E-05
85.2 3.765060241E-06 -9.412650602E-06
85.4 3.766875603E-06 2.825156702E-05
85.6 3.768692716E-06 1.884346358E-05
85.8 3.770511583E-06 9.426278958E-06
86 3.772332207E-06 9.430830517E-06
86.2 3.774154589E-06 -4.717693237E-05
86.4 3.775978734E-06 -4.719973417E-05
86.6 3.777804642E-06 1.491428133E-20
86.8 3.779632317E-06 9.449080793E-06
87 3.781461762E-06 1.890730881E-05
87.2 7.566585956E-06 -9.458232446E-06
87.4 1.135537791E-05 2.838844477E-05
87.6 1.136088221E-05 5.680441105E-05
87.8 7.577594568E-06 3.788797284E-05
88 3.790635614E-06 9.476589034E-06
88.2 7.584951456E-06 -9.48118932E-06
88.4 1.138295289E-05 -9.485794075E-06
88.6 1.138848397E-05 9.490403304E-06
88.8 1.139402042E-05 2.848505105E-05
89 1.139956226E-05 -2.034897177E-20
89.2 1.140510949E-05 -1.900851582E-05
89.4 1.141066212E-05 -3.803554041E-05
89.6 1.141622017E-05 9.513516805E-06
89.8 1.142178363E-05 2.855445906E-05
90 1.142735251E-05 -7.438236587E-21
90.2 1.143292683E-05 1.905487805E-05
90.4 1.143850659E-05 9.532088824E-06
90.6 1.14440918E-05 -9.536743164E-06
90.8 1.144968246E-05 -1.90828041E-05
91 1.145527859E-05 1.187005311E-20
91.2 1.14608802E-05 1.910146699E-05
91.4 1.146648728E-05 -2.737563834E-20
91.6 1.529613314E-05 -9.560083211E-06
91.8 1.912952987E-05 -1.912952987E-05
92 2.2966683E-05 9.569451249E-06
92.2 1.914828431E-05 2.872242647E-05
92.4 1.915767533E-05 1.915767533E-05
92.6 1.916707556E-05 1.916707556E-05
92.8 1.534118802E-05 3.835297005E-05
93 7.674361493E-06 3.837180747E-05
93.2 3.839066339E-06 1.91953317E-05
93.4 7.681907571E-06 3.840953786E-05
93.6 1.152852927E-05 1.921421545E-05
93.8 1.153420276E-05 9.61183563E-06
94 1.153988183E-05 5.769940916E-05
94.2 7.697044335E-06 6.734913793E-05
94.4 7.700837851E-06 -9.626047314E-06
94.6 7.704635108E-06 -2.889238166E-05
94.8 1.156265417E-05 -0
95 1.15683613E-05 9.640301086E-06
95.2 1.157407407E-05 3.858024691E-05
95.4 1.157979249E-05 4.824913538E-05
95.6 1.158551656E-05 4.827298566E-05
95.8 7.727497527E-06 4.829685955E-05
96 3.865660564E-06 6.764905987E-05
96.2 3.867574257E-06 7.735148515E-05
96.4 7.738979693E-06 5.80423477E-05
96.6 1.1614222E-05 3.871407334E-05
96.8 1.161998017E-05 1.936663361E-05
97 1.162574405E-05 9.68812004E-06
97.2 1.163151365E-05 3.877171216E-05
97.4 1.163728898E-05 2.909322244E-05
97.6 7.762046696E-06 -6.894082369E-21
97.8 7.765904573E-06 2.912214215E-05
98 3.884883143E-06 2.913662357E-05
98.2 3.88681592E-06 4.8585199E-05
98.4 3.888750622E-06 9.721876556E-05
98.6 0 7.781374502E-05
98.8 0 9.731564524E-06
99 3.894566301E-06 -1.947283151E-05
99.2 0 1.948254364E-05
99.4 7.796906188E-06 3.898453094E-05
99.6 7.800798802E-06 2.925299551E-05
99.8 7.804695305E-06 2.926760739E-05
100 7.808595702E-06 3.904297851E-05
100.2 7.8125E-06 9.765625E-06
100.4 7.816408204E-06 -1.735591272E-21
100.6 1.173048048E-05 2.93262012E-05
100.8 1.173635453E-05 4.890147722E-05
101 1.565631263E-05 7.828156313E-05
101.2 1.56641604E-05 2.937030075E-05
101.4 7.836008024E-06 -4.897505015E-05
101.6 1.175990968E-05 -4.899962368E-05
101.8 1.5687751E-05 -6.863391064E-05
102 2.746735309E-05 -2.942930688E-05
102.2 3.925879397E-05 3.925879397E-05
102.4 4.713423831E-05 9.819632981E-06
102.6 5.501760563E-05 -3.929828974E-05
102.8 6.684071465E-05 -1.965903372E-05
103 7.08081571E-05 -4.542075567E-20
103.2 7.871536524E-05 -3.935768262E-05
103.4 8.663054435E-05 2.354773114E-20
103.6 9.455370651E-05 1.749595034E-20
103.8 0.0001024848638 -9.854313824E-06
104 0.000106480313 -9.859288238E-06
104.2 0.0001183712121 -9.864267677E-06
104.4 0.0001263264275 1.753131355E-20
104.6 0.0001303399899 -1.974848332E-05
104.8 0.0001343576125 1.975847243E-05
105 0.0001383793016 2.965270749E-05
105.2 0.0001424050633 8.900316456E-05
105.4 0.0001464349037 4.947125127E-05
105.6 0.0001465091232 -2.969779524E-05
105.8 0.0001505451318 -2.814967101E-20
106 0.0001585489599 9.909309995E-06
106.2 0.0001625951777 -1.98286802E-05
106.4 0.0001666455053 -5.95162519E-05
106.6 0.0001746697154 -5.95464939E-05
106.8 0.0001827020844 -5.957676665E-05
107 0.0001907426246 -4.967255849E-05
107.2 0.0001987913486 -1.987913486E-05
107.4 0.0001988925662 -2.983388493E-05
107.6 0.0001950140092 -6.964786042E-05
107.8 0.0001990953109 -5.972859327E-05
108 0.0001991968383 -2.987952575E-05
108.2 0.0001992984694 -1.992984694E-05
108.4 0.0002033882083 -2.991003063E-05
108.6 0.0002074821246 -5.985061287E-05
108.8 0.0002115802248 -2.994059785E-05
109 0.0002156825153 -9.985301636E-06
109.2 0.0002197890026 -3.996163683E-05
109.4 0.0002238996929 -1.999104401E-05
109.6 0.0002280145929 -1.000064004E-05
109.8 0.000232133709 -4.002305328E-05
110 0.0002362570477 -1.001089185E-05
110.2 0.0002403846154 1.001602564E-05
110.4 0.0002445164187 -1.00211647E-05
110.6 0.0002446419405 1.002630903E-05
110.8 0.0002447675912 -2.006291731E-05
111 0.000244893371 -1.003661357E-05
111.2 0.0002410025707 2.008354756E-05
111.4 0.0002451453189 -1.00469393E-05
111.6 0.0002452714874 5.554738686E-21
111.8 0.0002413748713 3.017185891E-05
112 0.0002414992272 3.01874034E-05
112.2 0.0002416237113 -6.272941765E-21
112.4 0.0002377191851 -5.103598022E-21
112.6 0.0002378418473 1.007804438E-05
112.8 0.000237964636 -1.705571538E-20
113 0.0002340521694 1.186299005E-20
113.2 0.0002301356589 -1.009366925E-05
113.4 0.0002262150982 1.009888831E-05
113.6 0.0002222904811 2.020822556E-05
113.8 0.0002183618012 2.02186853E-05
114 0.0002144290523 -1.011457794E-05
114.2 0.000210492228 -1.011981865E-05
114.4 0.0002065513219 3.03751944E-05
114.6 0.0002026063278 4.052126556E-05
114.8 0.0001986572392 3.040672029E-05
115 0.0001987603842 1.014083593E-05
115.2 0.0001948051948 2.029220779E-05
115.4 0.000190845894 1.015137734E-05
115.6 0.0001868824753 -1.015665627E-05
115.8 0.0001829149324 -2.032388137E-05
116 0.0001789432587 2.730650686E-20
116.2 0.0001790364583 2.034505208E-05
116.4 0.0001791297551 2.035565399E-05
116.6 0.0001751498957 4.073253389E-05
116.8 0.0001711658842 4.075378195E-05
117 0.000167177714 3.058128914E-05
117.2 0.0001631853786 2.039817232E-05
117.4 0.0001632706374 -1.020441484E-05
117.6 0.0001633559854 -3.062924726E-05
117.8 0.0001634414226 -3.064526674E-05
118 0.0001594387755 1.022043433E-05
118.2 0.0001554319372 2.045157068E-05
118.4 0.000151420901 -2.046228392E-05
118.6 0.0001474056604 3.160235858E-20
118.8 0.0001433862087 1.024187205E-05
119 0.0001393625393 -1.024724554E-05
119.2 0.0001353346457 -1.025262467E-05
119.4 0.000131302521 -1.025800945E-05
119.6 0.0001272661587 1.316292746E-21
119.8 0.0001232255521 -2.348913528E-20
120 0.0001191806944 -1.027419779E-05
120.2 0.0001151315789 1.027960526E-05
120.4 0.0001069641917 3.085505529E-05
120.6 0.000102904373 1.02904373E-05
120.8 9.884027412E-05 1.029586189E-05
121 9.889240506E-05 6.180775316E-05
121.2 9.482189974E-05 7.214709763E-05
121.4 9.074709609E-05 7.574287781E-21
121.6 8.666798732E-05 -2.063523508E-05
121.8 8.25845666E-05 -2.064614165E-05
122 7.849682708E-05 -3.098558964E-05
122.2 7.44047619E-05 -5.166997354E-05
122.4 7.030836421E-05 -4.13578613E-05
122.6 6.620762712E-05 -1.034494174E-05
122.8 6.210254372E-05 -2.070084791E-05
123 5.79931071E-05 -1.035591198E-05
123.2 5.387931034E-05 2.072281167E-05
123.4 4.97611465E-05 2.073381104E-05
123.6 4.56386086E-05 5.186205523E-05
123.8 4.151168969E-05 4.151168969E-05
124 3.738038278E-05 2.076687932E-05
124.2 3.324468085E-05 4.155585106E-05
124.4 2.91045769E-05 5.197245875E-05
124.6 2.49600639E-05 1.040002662E-05
124.8 2.081113479E-05 -2.081113479E-05
125 1.665778252E-05 -3.123334222E-05
125.2 1.25E-05 -6.25E-05
125.4 1.250667022E-05 -4.168890075E-05
125.6 1.251334757E-05 -4.171115857E-05
125.8 1.252003205E-05 1.39906043E-21
126 1.252672368E-05 -1.04389364E-05
126.2 1.253342246E-05 -5.222259358E-05
126.4 1.254012841E-05 -2.090021402E-05
126.6 1.672912206E-05 -2.091140257E-05
126.8 2.092260311E-05 -1.046130155E-05
127 2.093381565E-05 3.140072347E-05
127.2 2.094504021E-05 5.236260054E-05
127.4 1.676502146E-05 4.191255365E-05
127.6 8.387010199E-06 3.145128824E-05
127.8 8.391514501E-06 1.048939313E-05
128 1.259403546E-05 -4.198011822E-05
128.2 1.680107527E-05 -1.050067204E-05
128.4 1.260758472E-05 2.545543134E-21
128.6 1.681916039E-05 -2.102395048E-05
128.8 1.682821756E-05 2.103527194E-05
129 1.262796336E-05 3.156990841E-05
129.2 8.423180593E-06 2.105795148E-05
129.4 1.264158576E-05 -4.326456147E-20
129.6 1.686454398E-05 -1.050381507E-21
129.8 1.687365011E-05 3.163809395E-05
130 1.688276607E-05 2.110345759E-05
130.2 1.689189189E-05 1.055743243E-05
130.4 1.690102758E-05 3.168942672E-05
130.6 1.268262987E-05 5.284429113E-05
130.8 1.268949648E-05 8.459664321E-05
131 1.692849404E-05 2.116061755E-05
131.2 1.693766938E-05 -2.117208672E-05
131.4 1.694685466E-05 1.059178416E-05
131.6 1.271703744E-05 -2.11950624E-05
131.8 4.241313789E-06 -2.120656895E-05
132 0 -3.182713199E-05
132.2 0 -5.307404891E-05
132.4 4.248232735E-06 1.317830982E-20
132.6 8.501088139E-06 1.293268384E-20
132.8 8.505715841E-06 -4.252857921E-05
133 8.510348584E-06 -5.318967865E-05
133.2 8.514986376E-06 -4.257493188E-05
133.4 8.519629226E-06 -2.129907306E-05
133.6 8.524277141E-06 -2.131069285E-05
133.8 8.528930131E-06 1.066116266E-05
134 8.533588203E-06 3.200095576E-05
134.2 8.538251366E-06 -1.067281421E-05
134.4 8.542919628E-06 -5.339324768E-05
134.6 4.273796499E-06 -4.273796499E-05
134.8 0 2.138067871E-05
135 0 -2.151306087E-20
135.2 0 -5.351027397E-05
135.4 0 -4.28316886E-05
135.6 0 -5.35689797E-05
135.8 0 -4.287870472E-05
136 0 -1.072556288E-05
136.2 0 3.219436813E-05
136.4 0 4.294942276E-05
136.6 0 7.360607591E-21
136.8 0 -4.299669785E-05
137 0 -5.377546806E-05
137.2 0 -2.152203857E-05
137.4 0 3.230085447E-05
137.6 0 3.231867071E-05
137.8 0 1.653026223E-20
138 0 1.078478741E-05
138.2 0 3.198519149E-20
138.4 0 1.30378512E-20
138.6 0 3.240804757E-05
138.8 0 4.323464305E-05
139 0 2.162929125E-05
139.2 0 1.082063712E-05
139.4 0 1.69547497E-20
139.6 0 -3.249792013E-05
139.8 0 -3.25159545E-05
140 0 -1.084466963E-05
140.2 0 1.085069444E-05
140.4 0 1.085672596E-05
140.6 0 3.57583363E-20
140.8 0 -2.173761825E-05
141 0 -6.524916481E-05
141.2 0 -3.264275766E-05
141.4 0 -2.353891308E-20
141.6 0 1.089305633E-05
141.8 0 7.629394531E-05
142 0 9.814698492E-05
142.2 0 2.18226257E-05
142.4 0 2.183482392E-05
142.6 4.369407159E-06 3.277055369E-05
142.8 8.743704533E-06 -7.650741466E-05
143 1.312290034E-05 -5.46787514E-05
143.2 1.75070028E-05 4.3767507E-05
143.4 1.751681614E-05 4.379204036E-05
143.6 1.314498037E-05 3.286245093E-05
143.8 1.31523569E-05 -2.192059484E-05
144 1.315974172E-05 -3.28993543E-05
144.2 1.316713483E-05 -2.194522472E-05
144.4 2.195756043E-05 -6.587268128E-05
144.6 2.636389201E-05 2.225638487E-21
144.8 2.637872819E-05 8.792909398E-05
145 2.19946509E-05 5.498662725E-05
145.2 1.76056338E-05 -2.200704225E-05
145.4 2.201944758E-05 -2.201944758E-05
145.6 2.643824027E-05 -1.101593345E-05
145.8 3.086202032E-05 -2.204430023E-05
146 3.970214568E-05 1.10283738E-05
146.2 4.413841808E-05 1.103460452E-05
146.4 3.974703222E-05 -1.104084228E-05
146.6 3.976951357E-05 1.10470871E-05
146.8 4.421335597E-05 -1.105333899E-05
147 4.866223103E-05 -4.423839185E-05
147.2 5.311614731E-05 -4.426345609E-05
147.4 5.757511338E-05 -4.428854875E-05
147.6 6.203913783E-05 -4.431366988E-05
147.8 5.764046538E-05 -4.433881952E-05
148 5.767319705E-05 -1.109099943E-05
148.2 5.770596591E-05 -4.438920455E-05
148.4 6.218021603E-05 -0.0001110361001
148.6 7.110352673E-05 -0.0001110992605
148.8 7.559049516E-05 -5.558124644E-05
149 8.008257403E-05 1.112257973E-05
149.2 8.457977208E-05 1.877800449E-20
149.4 8.462799316E-05 -5.567631129E-05
149.6 8.9132915E-05 -6.684968625E-05
149.8 9.364297945E-05 -6.688784247E-05
150 9.815819532E-05 -7.808038264E-05
150.2 0.0001026785714 -4.464285714E-05
150.4 0.0001072041166 -5.715022425E-21
150.6 0.0001072654462 2.234696796E-05
150.8 0.0001028548941 1.117987979E-05
151 0.000102913803 -1.512770547E-20
151.2 0.0001029727794 -2.238538682E-05
151.4 0.0001030318234 -5.599555619E-05
151.6 0.0001120553643 -4.482214573E-05
151.8 0.0001210892652 -9.116748242E-21
152 0.0001256461804 2.243681792E-05
152.2 0.0001257183908 1.122485632E-05
152.4 0.0001257906843 -1.12313111E-05
152.6 0.0001303581703 -1.12377733E-05
152.8 0.0001304332182 1.404562335E-20
153 0.0001350086406 -2.495371315E-20
153.2 0.0001350864553 1.125720461E-05
153.4 0.0001351643599 1.126369666E-05
153.6 0.0001307342758 -1.360649769E-21
153.8 0.0001217883949 2.255340647E-05
154 0.0001128321779 4.513287117E-05
154.2 0.0001083815029 1.128973988E-05
154.4 0.0001084441874 -1.129626952E-05
154.6 0.0001039858218 -1.130280671E-05
154.8 0.0001085697742 9.278204887E-21
155 0.0001041063152 1.798058623E-20
155.2 0.0001041666667 2.125497826E-20
155.4 0.0001042270882 -3.680601442E-21
155.6 0.0001042875798 1.886801076E-20
155.8 0.0001088850174 4.536875726E-05
156 0.0001089482859 3.404633934E-05
156.2 0.0001090116279 1.135537791E-05
156.4 0.0001090750436 2.272396742E-05
156.6 0.0001045910943 4.547438882E-05
156.8 0.000100101922 5.687609202E-05
157 9.560751748E-05 6.829108392E-05
157.2 9.110787172E-05 6.833090379E-05
157.4 8.66029755E-05 3.418538506E-05
157.6 8.209281961E-05 2.430435693E-20
157.8 7.757739486E-05 2.281688084E-05
158 7.762273524E-05 6.849064874E-05
158.2 7.30994152E-05 3.246266154E-20
158.4 7.314218841E-05 -1.142846694E-05
158.6 6.861094848E-05 2.287031616E-05
158.8 7.322788518E-05 -3.432557118E-05
159 7.327080891E-05 -3.434569168E-05
159.2 7.331378299E-05 -1.145527859E-05
159.4 7.335680751E-05 4.152962394E-20
159.6 6.88123899E-05 2.828793178E-20
159.8 6.42626322E-05 -3.442641011E-05
160 5.511463845E-05 -3.444664903E-05
160.2 5.055147059E-05 1.148897059E-05
160.4 4.138463802E-05 3.448719835E-05
160.6 3.680800942E-05 3.450750883E-05
160.8 3.222598704E-05 3.452784325E-05
161 3.224498821E-05 1.151606722E-05
161.2 2.765486726E-05 2.304572271E-05
161.4 2.305932704E-05 4.611865407E-05
161.6 1.384376846E-05 2.307294743E-05
161.8 4.617316785E-06 5.771645981E-05
162 0 2.310023655E-05
162.2 0 -1.155695266E-05
162.4 0 1.156379515E-05
162.6 0 -1.912791689E-20
162.8 0 3.473251334E-05
163 0 2.316874259E-05
163.2 0 -1.159124629E-05
163.4 4.639251781E-06 -2.319625891E-05
163.6 9.284016637E-06 2.321004159E-05
163.8 1.39343044E-05 1.161192033E-05
164 1.859012493E-05 1.161882808E-05
164.2 2.32514881E-05 5.812872024E-05
164.4 2.326533651E-05 4.653067302E-05
164.6 2.327920143E-05 8.147720501E-05
164.8 2.329308289E-05 9.317233154E-05
165 2.330698091E-05 8.157443317E-05
165.2 2.332089552E-05 6.996268657E-05
165.4 2.333482676E-05 7.000448029E-05
165.6 2.801852959E-05 4.669754931E-05
165.8 2.803528708E-05 -3.504410885E-05
166 2.805206463E-05 -7.013016158E-05
166.2 3.274700599E-05 -1.169535928E-05
166.4 3.276662672E-05 3.510710006E-05
166.6 3.278627098E-05 -1.779596279E-20
166.8 2.811937612E-05 3.514922016E-05
167 2.81362545E-05 5.861719688E-05
167.2 2.815315315E-05 3.519144144E-05
167.4 2.34750601E-05 4.170008356E-21
167.6 1.879134095E-05 1.174458809E-05
167.8 1.880264741E-05 2.350330927E-05
168 1.881396749E-05 1.175872968E-05
168.2 1.88253012E-05 -1.176581325E-05
168.4 2.354581073E-05 -4.709162146E-05
168.6 2.827201448E-05 -3.534001809E-05
168.8 2.828907664E-05 8.37524913E-21
169 3.774154589E-05 4.717693237E-05
169.2 4.248489426E-05 4.720543807E-05
169.4 4.251058041E-05 5.904247279E-05
169.6 4.253629764E-05 -8.395515915E-21
169.8 3.783292978E-05 1.182279056E-05
170 3.312386432E-05 5.914975772E-05
170.2 3.314393939E-05 2.367424242E-05
170.4 3.316403881E-05 5.922149788E-05
170.6 3.318416262E-05 3.555445995E-05
170.8 3.794778385E-05 2.371736491E-05
171 3.79708384E-05 0.000106792983
171.2 3.799392097E-05 9.498480243E-05
171.4 3.801703163E-05 1.188032238E-05
171.6 3.804017042E-05 -4.223307306E-21
171.8 3.806333739E-05 7.136875761E-05
172 3.80865326E-05 5.951020719E-05
172.2 3.81097561E-05 4.763719512E-05
172.4 3.813300793E-05 7.149938987E-05
172.6 3.815628816E-05 4.76953602E-05
172.8 3.817959682E-05 3.579337202E-05
173 3.820293399E-05 2.387683374E-05
173.2 3.822629969E-05 3.583715596E-05
173.4 4.303090575E-05 3.585908813E-05
173.6 4.305725658E-05 1.487209349E-20
173.8 4.308363971E-05 1.19676777E-05
174 4.311005518E-05 2.395003066E-05
174.2 3.834355828E-05 2.396472393E-05
174.4 3.836709638E-05 3.596915285E-05
174.6 3.839066339E-05 1.199708231E-05
174.8 3.841425937E-05 -1.200445605E-05
175 3.843788438E-05 -3.603551661E-05
175.2 3.846153846E-05 -7.211538462E-05
175.4 3.848522167E-05 -8.418642241E-05
175.6 3.850893407E-05 4.636962559E-21
175.8 3.853267571E-05 1.204146116E-05
176 3.373689081E-05 -3.614666872E-05
176.2 4.340277778E-05 4.822530864E-05
176.4 4.825509574E-05 4.825509574E-05
176.6 3.862793572E-05 3.621368974E-05
176.8 3.382034632E-05 4.831478046E-05
177 3.384127475E-05 2.417233911E-05
177.2 3.38622291E-05 1.209365325E-05
177.4 3.388320942E-05 -2.420229244E-05
177.6 3.390421575E-05 1.210864848E-05
177.8 3.392524814E-05 5.089542773E-20
178 3.879577902E-05 -3.637104283E-05
178.2 3.881987578E-05 -2.426242236E-05
178.4 3.884400249E-05 2.427750155E-05
178.6 3.88681592E-05 -3.643889925E-05
178.8 3.889234599E-05 -6.07692906E-05
179 3.891656289E-05 3.648427771E-05
179.2 3.407320872E-05 -2.433800623E-05
179.4 3.409445137E-05 -7.305953865E-05
179.6 3.898939488E-05 -6.092092951E-05
179.8 3.413701623E-05 -3.657537453E-05
180 3.415833854E-05 -1.235200581E-20
180.2 2.9296875E-05 1.019254764E-20
180.4 2.442933083E-05 -1.221466542E-05
180.6 1.955569462E-05 -1.222230914E-05
180.8 1.467595492E-05 -3.668988729E-05
181 9.790100251E-06 -6.118812657E-05
181.2 9.796238245E-06 -6.122648903E-05
181.4 9.80238394E-06 -6.126489962E-05
181.6 9.808537351E-06 -3.678201507E-05
181.8 9.814698492E-06 -3.680511935E-05
182 9.820867379E-06 -4.91043369E-05
182.2 9.827044025E-06 -7.370283019E-05
182.4 9.833228446E-06 -3.687460667E-05
182.6 9.839420655E-06 1.229927582E-05
182.8 9.845620668E-06 1.230702583E-05
183 9.851828499E-06 -3.694435687E-05
183.2 4.929022082E-06 -6.161277603E-05
183.4 9.864267677E-06 -7.398200758E-05
183.6 4.935249526E-06 -9.870499052E-05
183.8 9.876738306E-06 -4.938369153E-05
184 9.882985452E-06 -3.706119545E-05
184.2 1.483386076E-05 -4.944620253E-05
184.4 1.979100697E-05 3.862944041E-22
184.6 1.98035488E-05 -3.713165399E-05
184.8 1.981610653E-05 -7.431039949E-05
185 1.487151015E-05 -3.717877538E-05
185.2 9.920634921E-06 -2.48015873E-05
185.4 4.963468869E-06 -3.722601652E-05
185.6 4.966624285E-06 -4.966624285E-05
185.8 9.93956743E-06 -2.484891858E-05
186 9.945894335E-06 -6.216183959E-05
186.2 9.952229299E-06 -0.0001119625796
186.4 1.493785851E-05 -8.713750797E-05
186.6 9.964923469E-06 -6.228077168E-05
186.8 1.495692406E-05 -8.724872368E-05
187 1.49664751E-05 -6.23603129E-05
187.2 1.996805112E-05 -2.49600639E-05
187.4 1.998081841E-05 -1.248801151E-05
187.6 1.499520154E-05 -1.249600128E-05
187.8 2.000640205E-05 -5.001600512E-05
188 2.001921845E-05 -3.753603459E-05
188.2 1.502403846E-05 -3.756009615E-05
188.4 2.004490058E-05 -2.505612572E-05
188.6 2.005776637E-05 2.507220796E-05
188.8 2.508831085E-05 -1.254415543E-05
189 3.012532134E-05 -7.531330334E-05
189.2 3.516881029E-05 -1.256028939E-05
189.4 3.519144144E-05 -1.256837194E-05
189.6 3.018351578E-05 -6.288232453E-05
189.8 2.51691366E-05 -2.51691366E-05
190 2.014829142E-05 -2.236909705E-21
190.2 1.512096774E-05 1.260080645E-05
190.4 5.043576501E-06 -1.343878742E-20
190.6 5.046834625E-06 2.523417313E-05
190.8 5.050096962E-06 -1.26252424E-05
191 0 -2.526681759E-05
191.2 5.056634304E-06 -2.528317152E-05
191.4 1.011981865E-05 -7.58986399E-05
191.6 5.063188594E-06 -3.797391445E-05
191.8 5.066472114E-06 5.066472114E-05
192 5.069759896E-06 2.534879948E-05
192.2 5.073051948E-06 -4.505775262E-21
192.4 5.076348278E-06 7.614522417E-05
192.6 5.079648895E-06 2.539824447E-05
192.8 0 -1.270738452E-05
193 5.086263021E-06 2.54313151E-05
193.2 0 3.81718241E-05
193.4 0 5.092894394E-05
193.6 5.096216569E-06 -1.274054142E-05
193.8 5.099543081E-06 -3.824657311E-05
194 0 -3.827155454E-05
194.2 1.02124183E-05 -3.829656863E-05
194.4 5.109548725E-06 -7.563423934E-21
194.6 5.11289267E-06 1.278223168E-05
194.8 5.116240995E-06 2.091976761E-21
195 5.119593709E-06 2.559796855E-05
195.2 1.024590164E-05 3.842213115E-05
195.4 1.025262467E-05 1.281578084E-05
195.6 1.025935653E-05 2.564839133E-05
195.8 1.539914586E-05 2.56652431E-05
196 1.540927022E-05 4.925958638E-22
196.2 2.055921053E-05 -1.284950658E-05
196.4 2.571593153E-05 -1.006572253E-20
196.6 2.058629776E-05 1.28664361E-05
196.8 1.544990112E-05 1.28749176E-05
197 1.030672823E-05 1.288341029E-05
197.2 5.156765677E-06 3.867574257E-05
197.4 0 5.160171731E-05
197.6 0 -1.290895572E-05
197.8 0 -6.458746693E-05
198 0 -1.292604236E-05
198.2 0 6.467301325E-05
198.4 5.177269715E-06 0.0001294317429
198.6 0 0.0001165658156
198.8 0 3.888105508E-05
199 0 1.29689575E-05
199.2 0 1.297757475E-05
199.4 5.194481383E-06 4.058211205E-20
199.6 5.197937458E-06 5.197937458E-05
199.8 0 6.50174767E-05
200 5.204863424E-06 1.301215856E-05
200.2 0 -1.302083333E-05
200.4 0 -1.302951968E-05
200.6 0 -1.303821762E-05
200.8 0 2.609385438E-05
201 0 7.833389037E-05
201.2 5.225752508E-06 7.838628763E-05
201.4 1.045850067E-05 7.843875502E-05
201.6 1.046550569E-05 3.924564635E-05
201.8 1.047252011E-05 1.309065013E-05
202 1.047954393E-05 -4.898397907E-20
202.2 1.048657718E-05 1.310822148E-05
202.4 1.049361988E-05 7.870214909E-05
202.6 1.575100806E-05 7.875504032E-05
202.8 2.101546738E-05 3.940400134E-05
203 2.628701211E-05 -2.628701211E-05
203.2 2.63047138E-05 -9.206649832E-05
203.4 2.632243935E-05 -7.896731806E-05
203.6 3.160822657E-05 -1.31700944E-05
203.8 3.69011471E-05 2.635796221E-05
204 3.692606347E-05 2.637575962E-05
204.2 3.695101351E-05 1.319679054E-05
204.4 3.69759973E-05 -3.961713996E-05
204.6 4.228687415E-05 -3.964394452E-05
204.8 4.760494245E-05 -1.322359513E-05
205 4.763719512E-05 -2.64651084E-05
205.2 4.766949153E-05 -3.972457627E-05
205.4 4.770183175E-05 -1.325050882E-05
205.6 4.773421589E-05 3.977851324E-05
205.8 4.245923913E-05 -3.980553668E-05
206 4.248810333E-05 -0.0001327753229
206.2 4.783163265E-05 -7.971938776E-05
206.4 4.786419333E-05 -6.647804629E-05
206.6 5.321866485E-05 -7.982799728E-05
206.8 5.325494206E-05 4.409585863E-20
207 4.796214188E-05 -1.332281719E-05
207.2 4.799488055E-05 -7.999146758E-05
207.4 4.802766393E-05 -9.338712432E-05
207.6 5.340054682E-05 -9.345095694E-05
207.8 5.878077975E-05 -5.34370725E-05
208 5.8821013E-05 -5.347364819E-05
208.2 5.886130137E-05 -4.013270548E-05
208.4 5.890164496E-05 -2.677347498E-05
208.6 5.89420439E-05 -8.03755144E-05
208.8 4.825840769E-05 -6.702556623E-05
209 3.756009615E-05 -0.0001073145604
209.2 3.221649485E-05 -0.0001073883162
209.4 2.686554333E-05 -5.373108666E-05
209.6 2.150722643E-05 -4.032604955E-05
209.8 1.614152893E-05 -3.666146913E-21
210 1.076843556E-05 -6.730272226E-05
210.2 2.155172414E-05 -0.0001077586207
210.4 2.695824707E-05 -4.04373706E-05
210.6 2.158149171E-05 -8.094194118E-21
210.8 2.699550795E-05 -4.049326192E-05
211 2.701417704E-05 -4.052126556E-05
211.2 2.162629758E-05 -1.351643599E-05
211.4 2.164127424E-05 -2.70515928E-05
211.6 2.165627166E-05 -6.383216071E-21
211.8 2.708911234E-05 1.354455617E-05
212 3.252949341E-05 2.493912012E-20
212.2 2.712673611E-05 2.712673611E-05
212.4 2.714558721E-05 4.071838082E-05
212.6 2.716446453E-05 -1.358223227E-05
212.8 2.17466945E-05 -4.077505219E-05
213 2.176183844E-05 -4.080344708E-05
213.2 2.177700348E-05 -5.444250871E-05
213.4 1.634414226E-05 -2.72402371E-05
213.6 1.63555478E-05 -1.362962317E-05
213.8 1.636696927E-05 -2.727828212E-05
214 1.637840671E-05 -2.729734451E-05
214.2 2.185314685E-05 -4.097465035E-05
214.4 2.186843947E-05 -2.733554934E-05
214.6 2.18837535E-05 1.367734594E-05
214.8 1.642431675E-05 1.368693062E-05
215 1.0957223E-05 -3.789030054E-20
215.2 5.48245614E-06 -1.370614035E-05
215.4 0 -2.74315309E-05
215.6 0 2.43812154E-21
215.8 0 -2.747011252E-05
216 5.497888811E-06 -5.497888811E-05
216.2 1.100352113E-05 -2.768269757E-20
216.4 1.101127555E-05 -1.902949748E-21
216.6 1.652856135E-05 -1.377380113E-05
216.8 1.654022583E-05 -2.087336282E-20
217 1.655190678E-05 -1.379325565E-05
217.2 2.208480565E-05 -1.380300353E-05
217.4 2.210042433E-05 1.381276521E-05
217.6 2.211606511E-05 1.382254069E-05
217.8 2.213172805E-05 -5.322364274E-20
218 2.214741318E-05 -1.871026962E-20
218.2 2.216312057E-05 1.385195035E-05
218.4 1.663413769E-05 1.386178141E-05
218.6 1.109730114E-05 1.387162642E-05
218.8 5.552594172E-06 1.388148543E-05
219 0 -1.166181328E-20
219.2 0 1.390124555E-05
219.4 0 -2.667427367E-20
219.6 0 -1.392106201E-05
219.8 0 -1.237320596E-20
220 0 -3.219329791E-20
220.2 0 1.395089286E-05
220.4 0 1.39608649E-05
220.6 0 -2.794170243E-05
220.8 5.59234073E-06 -2.796170365E-05
221 5.596346705E-06 4.197260029E-05
221.2 5.600358423E-06 4.200268817E-05
221.4 5.604375897E-06 4.409153209E-22
221.6 1.121679828E-05 -1.402099785E-05
221.8 1.683728448E-05 -3.111103267E-21
222 1.684938893E-05 2.808231488E-05
222.2 1.686151079E-05 1.405125899E-05
222.4 1.687365011E-05 1.406137509E-05
222.6 1.688580692E-05 2.814301153E-05
222.8 1.689798125E-05 1.408165105E-05
223 2.254689755E-05 2.818362193E-05
223.2 2.25631769E-05 4.230595668E-05
223.4 2.257947977E-05 -2.341079462E-20
223.6 2.259580622E-05 1.505861426E-21
223.8 2.26121563E-05 4.239779305E-05
224 2.262853005E-05 5.657132513E-05
224.2 2.264492754E-05 8.491847826E-05
224.4 1.69960116E-05 7.081671501E-05
224.6 1.700834543E-05 5.669448476E-05
224.8 1.702069717E-05 8.510348584E-05
225 1.703306686E-05 5.677688953E-05
225.2 1.704545455E-05 2.840909091E-05
225.4 1.705786026E-05 1.421488355E-05
225.6 1.707028405E-05 1.422523671E-05
225.8 1.708272595E-05 2.847120991E-05
226 1.7095186E-05 4.273796499E-05
226.2 1.710766423E-05 2.851277372E-05
226.4 1.71201607E-05 2.853360117E-05
226.6 1.713267544E-05 1.427722953E-05
226.8 1.714520849E-05 7.177554436E-21
227 1.715775988E-05 1.429813324E-05
227.2 1.717032967E-05 -6.002952721E-21
227.4 1.718291789E-05 -2.863819648E-05
227.6 1.719552458E-05 -4.298881145E-05
227.8 1.720814978E-05 3.013344311E-20
228 1.722079353E-05 1.435066128E-05
228.2 1.723345588E-05 2.729940826E-20
228.4 1.149742458E-05 2.874356144E-05
228.6 5.752945508E-06 2.876472754E-05
228.8 0 1.439296242E-05
229 0 -1.861412096E-20
229.2 0 4.324261993E-05
229.4 0 7.212426145E-05
229.6 0 1.03027149E-20
229.8 5.778476331E-06 -1.444619083E-05
230 1.156550703E-05 1.445688379E-05
230.2 1.736111111E-05 2.893518519E-05
230.4 1.737398073E-05 -1.447831727E-05
230.6 1.738686944E-05 -2.897811573E-05
230.8 1.739977728E-05 2.89996288E-05
231 1.741270431E-05 2.902117385E-05
231.2 1.742565056E-05 4.356412639E-05
231.4 1.743861607E-05 5.812872024E-05
231.6 1.745160089E-05 2.908600149E-05
231.8 1.746460507E-05 1.455383756E-05
232 1.747762864E-05 2.912938106E-05
232.2 1.749067164E-05 1.45755597E-05
232.4 1.750373413E-05 -1.049056789E-20
232.6 1.751681614E-05 1.459734679E-05
232.8 1.752991773E-05 1.460826477E-05
233 1.754303892E-05 4.385759731E-05
233.2 1.755617978E-05 2.926029963E-05
233.4 1.756934033E-05 1.464111694E-05
233.6 1.172168042E-05 1.170872037E-21
233.8 1.173048048E-05 2.93262012E-05
234 5.869646882E-06 4.402235162E-05
234.2 1.17481203E-05 7.342575188E-05
234.4 1.175696012E-05 7.348100075E-05
234.6 2.353162651E-05 2.941453313E-05
234.8 2.354935946E-05 1.471834966E-05
235 2.356711916E-05 -2.945889894E-05
235.2 2.948113208E-05 -4.422169811E-05
235.4 2.950339879E-05 -2.950339879E-05
235.6 2.952569917E-05 4.329508128E-20
235.8 2.954803328E-05 -2.954803328E-05
236 2.957040121E-05 -5.914080242E-05
236.2 2.367424242E-05 -4.438920455E-05
236.4 2.369219105E-05 -2.961523882E-05
236.6 2.371016692E-05 -1.021593472E-20
236.8 1.779612756E-05 2.96602126E-05
237 1.18731003E-05 -1.484137538E-05
237.2 1.188212928E-05 -1.48526616E-05
237.4 1.189117199E-05 2.972792998E-05
237.6 1.190022848E-05 2.975057121E-05
237.8 1.190929878E-05 1.488662348E-05
238 1.191838291E-05 -1.489797864E-05
238.2 1.192748092E-05 -4.472805344E-05
238.4 1.193659282E-05 -2.984148205E-05
238.6 1.194571865E-05 -2.986429664E-05
238.8 1.195485845E-05 -5.977429227E-05
239 1.196401225E-05 -2.991003063E-05
239.2 1.197318008E-05 1.49664751E-05
239.4 1.198236196E-05 1.497795245E-05
239.6 1.199155794E-05 -2.997889486E-05
239.8 1.200076805E-05 -6.000384025E-05
240 1.200999231E-05 -7.506245196E-05
240.2 1.201923077E-05 -6.009615385E-05
240.4 1.804272517E-05 -0.0001052492302
240.6 1.805662558E-05 -0.0001203775039
240.8 1.204703161E-05 -4.517636854E-05
241 6.02816358E-06 -3.01408179E-05
241.2 6.032818533E-06 -1.508204633E-05
241.4 1.207496136E-05 -3.01874034E-05
241.6 1.812645012E-05 1.51053751E-05
241.8 2.41873065E-05 6.046826625E-05
242 3.025755229E-05 -4.538632843E-05
242.2 3.63372093E-05 -7.570251938E-05
242.4 4.242629946E-05 1.515224981E-05
242.6 4.852484472E-05 9.098408385E-05
242.8 5.463286713E-05 0.0001214063714
243 6.07503888E-05 6.07503888E-05
243.2 6.687743191E-05 3.039883268E-05
243.4 7.301401869E-05 4.486238819E-20
243.6 7.916017147E-05 -4.56693297E-05
243.8 8.531591264E-05 -1.52349844E-05
244 9.148126464E-05 3.049375488E-05
244.2 9.765625E-05 3.051757813E-05
244.4 9.77326036E-05 -7.762480135E-21
244.6 9.780907668E-05 6.113067293E-05
244.8 9.176781519E-05 0.0001070624511
245 0.0001040850313 9.183973354E-05
245.2 0.0001164215686 6.12745098E-05
245.4 0.0001287774725 7.665325746E-05
245.6 0.0001288786332 1.534269442E-05
245.8 0.0001351218553 -3.070951258E-05
246 0.0001413749017 7.683418568E-05
246.2 0.0001537893701 0.0001076525591
246.4 0.0001539105595 7.695527975E-05
246.6 0.0001540319401 4.620958202E-05
246.8 0.0001541535122 3.083070245E-05
247 0.0001542752765 0.0001079926935
247.2 0.0001605731225 0.0001389575099
247.4 0.0001668809335 7.725969146E-05
247.6 0.0001731987332 4.639251781E-05
247.8 0.0001733359746 4.642927892E-05
248 0.0001734734338 6.195479778E-05
248.2 0.0001736111111 6.200396825E-05
248.4 0.0001799543288 7.756652105E-05
248.6 0.0001800973768 4.657690779E-05
248.8 0.0001802406523 1.85033139E-21
249 0.0001803841561 3.110071656E-05
249.2 0.000186752988 1.5562749E-05
249.4 0.0001869019139 3.115031898E-05
249.6 0.0001808160415 9.352553871E-05
249.8 0.0001747204473 0.0001092002796
250 0.0001748601119 3.122501998E-05
250.2 0.000175 -6.25E-05
250.4 0.0001688851081 5.778701749E-21
250.6 0.0001627604167 7.825020032E-05
250.8 0.0001566259022 1.566259022E-05
251 0.0001504815409 -6.270064205E-05
251.2 0.0001443273092 -4.706325301E-05
251.4 0.000144443328 7.572091077E-21
251.6 0.0001319891392 3.142598552E-05
251.8 0.0001195148953 -1.572564412E-05
252 0.0001070205479 -3.147663175E-05
252.2 0.0001008064516 2.217312115E-21
252.4 9.458232446E-05 1.576372074E-05
252.6 8.834814216E-05 3.155290792E-05
252.8 8.841956346E-05 -4.736762328E-05
253 8.849110032E-05 -7.9009911E-05
253.2 8.223684211E-05 1.581477733E-05
253.4 7.597244733E-05 9.496555916E-05
253.6 6.969789132E-05 0.0001425638686
253.8 6.341314935E-05 6.341314935E-05
254 6.346466288E-05 -1.586616572E-05
254.2 6.351626016E-05 -3.175813008E-05
254.4 6.356794142E-05 -1.589198535E-05
254.6 5.725773616E-05 4.771478013E-05
254.8 5.730440098E-05 -1.591788916E-05
255 5.097879282E-05 -4.779261827E-05
255.2 4.464285714E-05 -3.18877551E-05
255.4 4.467933007E-05 -3.191380719E-05
255.6 3.193990188E-05 1.596995094E-05
255.8 2.557283142E-05 -7.99150982E-05
256 2.559377559E-05 -0.0001759572072
256.2 2.56147541E-05 -8.004610656E-05
256.4 2.563576702E-05 -1.602235439E-05
256.6 3.207101806E-05 -4.810652709E-05
256.8 3.85168447E-05 -1.604868529E-05
257 4.497327303E-05 6.424753289E-05
257.2 4.501028807E-05 9.645061728E-05
257.4 4.504736409E-05 3.217668863E-05
257.6 5.152514427E-05 -4.830482275E-05
257.8 5.801361386E-05 3.222978548E-05
258 6.451279934E-05 8.064099917E-05
258.2 7.102272727E-05 4.842458678E-05
258.4 7.754342432E-05 -1.615488007E-05
258.6 8.407491722E-05 -6.467301325E-05
258.8 8.414457332E-05 -3.236329743E-05
259 9.717039801E-05 -6.478026534E-05
259.2 0.0001037344398 -8.104253112E-05
259.4 0.0001103093854 -6.488787375E-05
259.6 0.0001168952618 -8.117726517E-05
259.8 0.0001169925125 -9.74937604E-05
260 0.0001235949209 -0.0001138374271
260.2 0.00013671875 -4.8828125E-05
260.4 0.0001433486239 -2.638784075E-20
260.6 0.0001565108514 -8.238403619E-21
260.8 0.000156641604 6.5267335E-05
261 0.0001633047659 3.266095318E-05
261.2 0.0001830543933 3.268828452E-05
261.4 0.0001832077052 3.271566164E-05
261.6 0.000189909891 -1.525395854E-20
261.8 0.0002031774329 1.638527685E-05
262 0.0002099076406 4.388346553E-20
262.2 0.0002166491597 1.641281513E-05
262.4 0.0002234020185 -6.570647603E-05
262.6 0.0002367424242 -6.576178451E-05
262.8 0.0002303601516 1.645429655E-05
263 0.0002371416526 -1.646817032E-05
263.2 0.0002439345992 -3.296413502E-05
263.4 0.0002375422297 -3.299197635E-05
263.6 0.0002443469992 1.650993238E-05
263.8 0.0002445537225 4.402851462E-20
264 0.0002447607959 -4.112807564E-20
264.2 0.0002449682203 8.27595339E-05
264.4 0.00023192324 1.656594572E-05
264.6 0.0002321201188 -4.974002547E-05
264.8 0.0002323173322 -3.318819031E-05
265 0.0002258715986 -3.321641156E-05
265.2 0.0002194148936 -1.662234043E-05
265.4 0.0002129471891 1.663649915E-05
265.6 0.0002064684569 6.660272805E-05
265.8 0.0001999786689 6.665955631E-05
266 0.0001868061486 5.003736123E-05
266.2 0.0001736111111 5.008012821E-05
266.4 0.0001670765612 -3.341531223E-05
266.6 0.0001672196062 -8.360980308E-05
266.8 0.0001673628963 -5.020886889E-05
267 0.0001675064322 -1.675064322E-05
267.2 0.000160944206 1.676502146E-05
267.4 0.0001543707045 1.67794244E-05
267.6 0.0001477858985 1.679385211E-05
267.8 0.000141189759 1.680830465E-05
268 0.0001413113695 -3.364556417E-05
268.2 0.0001346982759 -6.734913793E-05
268.4 0.0001280737705 -1.685181191E-05
268.6 0.0001146912781 3.373272884E-05
268.8 0.0001147904062 -2.998657694E-20
269 0.0001148897059 -3.001251689E-20
269.2 0.0001082251082 8.45508658E-05
269.4 8.800909879E-05 8.462413345E-05
269.6 6.775802255E-05 1.693950564E-05
269.8 6.103515625E-05 3.390842014E-05
270 5.430060817E-05 3.39378801E-05
270.2 4.755434783E-05 3.39673913E-05
270.4 4.079634465E-05 3.399695387E-05
270.6 3.402656794E-05 1.701328397E-05
270.8 2.724498692E-05 1.702811683E-05
271 2.045157068E-05 9.415924406E-21
271.2 2.046943231E-05 -2.284672625E-20
271.4 2.731643357E-05 4.486990547E-20
271.6 2.734033246E-05 -1.708770779E-05
271.8 2.05232049E-05 1.710267075E-05
272 1.369412796E-05 6.847063979E-05
272.2 6.853070175E-06 3.426535088E-05
272.4 0 3.429543459E-05
272.6 0 6.865114236E-05
272.8 0 3.435576077E-05
273 0 5.157900528E-05
273.2 0 5.162444934E-05
273.4 0 5.166997354E-05
273.6 0 8.619263019E-05
273.8 0 1.725375442E-05
274 6.90760389E-06 1.726900973E-05
274.2 1.382743363E-05 6.913716814E-05
274.4 2.07595217E-05 3.459920283E-05
274.6 2.077792553E-05 -3.462987589E-05
274.8 2.079636202E-05 -1.733030169E-05
275 2.081483126E-05 3.469138544E-05
275.2 1.388888889E-05 1.736111111E-05
275.4 1.390124555E-05 -5.212967082E-05
275.6 1.391362422E-05 -3.478406055E-05
275.8 2.088903743E-05 1.740753119E-05
276 2.090767172E-05 1.742305977E-05
276.2 2.092633929E-05 5.231584821E-05
276.4 1.396336014E-05 3.216022313E-20
276.6 6.987924866E-06 -3.493962433E-05
276.8 6.994180842E-06 1.74854521E-05
277 1.400089606E-05 1.750112007E-05
277.2 2.102017937E-05 -6.183096747E-22
277.4 2.805206463E-05 -2.890075235E-20
277.6 2.807726864E-05 -5.264487871E-05
277.8 3.512814748E-05 -5.269222122E-05
278 4.219171917E-05 -7.031953195E-05
278.2 4.926801802E-05 -0.0001583614865
278.4 5.635707845E-05 -0.0001056695221
278.6 6.345893502E-05 -7.05099278E-05
278.8 7.05736224E-05 -7.05736224E-05
279 7.770117541E-05 -1.765935805E-05
279.2 7.777149321E-05 -3.535067873E-05
279.4 7.784193841E-05 -8.845674819E-05
279.6 7.791251133E-05 -7.082955576E-05
279.8 8.507259528E-05 -7.08938294E-05
280 9.934150772E-05 -0.0001064373297
280.2 0.0001065340909 -1.775568182E-05
280.4 0.0001137397634 -5.33155141E-05
280.6 0.0001494193989 -0.0001245161658
280.8 0.0001637989973 -7.121695533E-05
281 0.0001710766423 -8.910241788E-05
281.2 0.0001926369863 -0.0001248573059
281.4 0.0002142367459 -0.0001071183729
281.6 0.0002358760293 -8.934698079E-05
281.8 0.0002575549451 -7.154304029E-05
282 0.0002577910174 -3.580430797E-05
282.2 0.0002723623853 -1.791857798E-05
282.4 0.0002869605142 1.793503214E-05
282.6 0.0002872242647 -1.795151654E-05
282.8 0.0002874885005 -7.187212511E-05
283 0.0002949470534 -1.798457643E-05
283.2 0.0003024193548 1.800115207E-05
283.4 0.0002954912362 -5.405327491E-05
283.6 0.0002885503232 -1.80343952E-05
283.8 0.0002743761553 -3.610212569E-05
284 0.0002674028677 -9.033880666E-05
284.2 0.0002604166667 -3.616898148E-05
284.4 0.0002534175162 -5.430375348E-05
284.6 0.0002464053803 -7.247217069E-05
284.8 0.0002393802228 1.813486537E-05
285 0.0002396026952 5.445515799E-05
285.2 0.0002470930233 1.816860465E-05
285.4 0.0002545972998 1.818552142E-05
285.6 0.0002621155638 -8.72328891E-21
285.8 0.0002769356343 -9.181805166E-21
286 0.0002844887955 -9.118230626E-05
286.2 0.0002993574766 -0.000109521028
286.4 0.0003069457437 1.827057998E-05
286.6 0.0002999180712 5.48630618E-05
286.8 0.0003001991565 -1.830482662E-05
287 0.0003078095685 2.603712534E-20
287.2 0.0003080985915 1.833920188E-05
287.4 0.0003083881579 -7.342575188E-05
287.6 0.000308678269 -9.186853246E-05
287.8 0.0003163253296 -5.51730226E-05
288 0.0003166234684 -1.840834119E-05
288.2 0.0003169221698 -3.685141509E-05
288.4 0.000324598678 -9.221553352E-05
288.6 0.000324905482 -7.384215501E-05
288.8 0.0003252128666 2.625882272E-20
289 0.0003181226326 3.699100379E-05
289.2 0.0003110189573 -1.851303318E-05
289.4 0.0003039018027 5.925051721E-20
289.6 0.0002967711301 0.0001112891738
289.8 0.0002822005703 1.8565827E-05
290 0.0002750356803 -7.433396765E-05
290.2 0.000275297619 -9.300595238E-05
290.4 0.0002681124881 -0.0001303324595
290.6 0.0002534589695 -0.0001304568225
290.8 0.0002537010506 -9.327244508E-05
291 0.0002464746654 -7.468929254E-05
291.2 0.0002392344498 -5.607057416E-05
291.4 0.0002244971264 -1.870809387E-05
291.6 0.0001947507191 -3.745206136E-05
291.8 0.0001799424184 -7.497600768E-05
292 0.0001726104707 -5.628602305E-05
292.2 0.0001652644231 1.878004808E-05
292.4 0.0001503849856 5.639436959E-05
292.6 0.0001354768786 1.881623314E-05
292.8 0.0001280737705 -3.766875603E-05
293 0.0001206563707 1.471658796E-20
293.2 0.0001056763285 -5.661231884E-05
293.4 9.82229207E-05 -3.777804642E-05
293.6 9.075508228E-05 7.562923524E-05
293.8 8.327277132E-05 1.892562984E-05
294 8.335354025E-05 1.67703854E-21
294.2 8.343446602E-05 3.792475728E-05
294.4 6.833090379E-05 3.796161322E-05
294.6 5.31979572E-05 -3.799854086E-05
294.8 5.324975657E-05 -9.508885102E-05
295 4.56871345E-05 4.075148822E-20
295.2 3.048780488E-05 5.716463415E-05
295.4 2.288818359E-05 3.814697266E-05
295.6 1.527370479E-05 2.215681723E-20
295.8 1.528864971E-05 -3.822162427E-05
296 7.651811949E-06 -1.912952987E-05
296.2 0 -3.829656863E-05
296.4 1.533366045E-05 1.053801659E-20
296.6 1.534872299E-05 0.0001151154224
296.8 1.536381514E-05 7.681907571E-05
297 1.537893701E-05 -1.922367126E-05
297.2 2.3091133E-05 -3.848522167E-05
297.4 3.852317554E-05 -5.778476331E-05
297.6 4.627344521E-05 -7.712240869E-05
297.8 4.631916996E-05 -7.71986166E-05
298 4.636498516E-05 -5.795623145E-05
298.2 4.641089109E-05 1.933787129E-05
298.4 3.871407334E-05 3.871407334E-05
298.6 2.32514881E-05 -1.937624008E-05
298.8 1.55163853E-05 1.939548163E-05
299 1.553180915E-05 1.941476143E-05
299.2 2.332089552E-05 1.350508653E-20
299.4 2.334412351E-05 1.049049051E-20
299.6 2.336739781E-05 -5.841849452E-05
299.8 2.339071856E-05 1.498189644E-21
300 2.341408591E-05 9.755869131E-05
300.2 2.34375E-05 3.90625E-05
300.4 2.346096096E-05 1.95508008E-05
300.6 2.348446894E-05 3.914078156E-05
300.8 2.350802407E-05 -1.959002006E-05
301 2.353162651E-05 5.882906627E-05
301.2 1.570351759E-05 7.851758794E-05
301.4 7.859657948E-06 5.894743461E-05
301.6 7.867573011E-06 7.867573011E-05
301.8 7.875504032E-06 3.937752016E-05
302 0 1.970862765E-05
302.2 0 -3.945707071E-05
302.4 0 -0.0001184908999
302.6 0 -7.907388664E-05
302.8 0 -2.079302226E-21
303 0 1.980856998E-05
303.2 0 0.0001189720812
303.4 0 0.0001190929878
303.6 0 3.97380468E-05
303.8 0 -9.94462831E-05
304 0 -0.0001194571865
304.2 0 9.791905388E-21
304.4 0 3.990040858E-05
304.6 0 3.994120654E-05
304.8 0 3.998208802E-05
305 0 4.002305328E-05
305.2 0 8.012820513E-05
305.4 0 0.0001002630903
305.6 0 6.02196814E-05
305.8 0 4.01877572E-05
306 0 -6.034371782E-05
306.2 0 -2.013530928E-05
306.4 0 2.015608875E-05
306.6 0 -9.103988814E-20
306.8 0 -5.648590608E-20
307 0 4.04373706E-05
307.2 0 6.071891192E-05
307.4 0 2.026063278E-05
307.6 0 3.404614853E-20
307.8 0 2.030275468E-05
308 0 4.064776275E-05
308.2 0 2.771682401E-20
308.4 0 2.195654895E-20
308.6 0 -2.03875261E-05
308.8 0 -2.040882968E-05
309 0 2.043017782E-05
309.2 0 4.090314136E-05
309.4 0 4.094601677E-05
309.6 0 -4.098898216E-05
309.8 0 -6.154805672E-05
310 0 -2.053759201E-05
310.2 0 2.055921053E-05
310.4 0 6.174262381E-05
310.6 0 -2.060258439E-05
310.8 0 3.105676787E-20
311 0 4.12922833E-05
311.2 0 -2.066798942E-05
311.4 0 2.068988347E-05
311.6 0 2.071182397E-05
311.8 0 2.073381104E-05
312 0 6.226753454E-05
312.2 0 4.155585106E-05
312.4 8.320021299E-06 5.631625202E-22
312.6 8.328891258E-06 -6.246668443E-05
312.8 0 -8.337780149E-05
313 0 -2.086672009E-05
313.2 0 1.283326973E-20
313.4 8.364561028E-06 4.182280514E-05
313.6 0 2.093381565E-05
313.8 0 -4.191255365E-05
314 1.6783029E-05 -9.300733976E-21
314.2 3.360215054E-05 2.100134409E-05
314.4 3.363832078E-05 2.102395048E-05
314.6 4.209321121E-05 4.209321121E-05
314.8 4.21386192E-05 2.10693096E-05
315 3.374730022E-05 -4.218412527E-05
315.2 2.533783784E-05 -6.334459459E-05
315.4 1.691017316E-05 -8.45508658E-05
315.6 1.692849404E-05 -8.464247021E-05
315.8 2.5420282E-05 -4.236713666E-05
316 3.393051031E-05 -6.361970684E-05
316.2 3.39673913E-05 -4.245923913E-05
316.4 3.400435256E-05 -1.827453767E-20
316.6 3.404139434E-05 -4.255174292E-05
316.8 4.259814613E-05 -4.259814613E-05
317 4.264465066E-05 -0.000127933952
317.2 5.12295082E-05 -6.403688525E-05
317.4 5.128555799E-05 0.000128213895
317.6 5.134173056E-05 0.0001069619387
317.8 4.28316886E-05 2.14158443E-05
318 4.287870472E-05 -2.143935236E-05
318.2 4.292582418E-05 -2.146291209E-05
318.4 4.29730473E-05 4.29730473E-05
318.6 4.302037445E-05 4.302037445E-05
318.8 4.306780595E-05 -2.153390298E-05
319 3.449227373E-05 -2.155767108E-05
319.2 2.589779006E-05 -6.474447514E-05
319.4 1.728429204E-05 -0.0001080268252
319.6 8.651716501E-06 -4.32585825E-05
319.8 0 -6.495981153E-05
320 0 -0.000108386515
320.2 0 -8.680555556E-05
320.4 0 -4.345105673E-05
320.6 0 2.17497216E-05
320.8 0 -4.354793757E-05
321 0 -8.719308036E-05
321.2 0 4.36452514E-05
321.4 0 4.369407159E-05
321.6 0 2.187150056E-05
321.8 0 4.379204036E-05
322 8.768237935E-06 -4.384118967E-05
322.2 1.755617978E-05 -4.389044944E-05
322.4 3.515185602E-05 2.196991001E-05
322.6 4.39893018E-05 8.79786036E-05
322.8 3.523111612E-05 0.000154136133
323 3.527088036E-05 6.613290068E-05
323.2 4.413841808E-05 2.80706793E-20
323.4 5.30260181E-05 -7.114008305E-20
323.6 6.193374858E-05 -4.423839185E-05
323.8 7.0861678E-05 -6.53997217E-20
324 7.980987514E-05 2.216940976E-05
324.2 8.877840909E-05 4.984981797E-21
324.4 9.776734926E-05 2.22198521E-05
324.6 0.0001067767654 4.449031891E-05
324.8 0.0001158067275 2.227052452E-05
325 0.0001248573059 4.459189498E-05
325.2 0.0001339285714 2.232142857E-05
325.4 0.000143020595 -4.001351822E-20
325.6 0.0001521334479 -1.332157272E-20
325.8 0.0001612672018 -2.239822248E-05
326 0.000179391504 -2.660898444E-20
326.2 0.0001975574713 -2.19883653E-20
326.4 0.0002157652474 4.495109321E-05
326.6 0.0002070132488 -3.441474958E-21
326.8 0.0002072520185 -2.252739331E-05
327 0.0001984699769 2.255340647E-05
327.2 0.0002077312139 -2.257947977E-05
327.4 0.0002260561343 -4.521122685E-05
327.6 0.0002444235226 -2.263180765E-05
327.8 0.0002628335267 -2.265806265E-05
328 0.0002722125436 -6.805313589E-05
328.2 0.0002816133721 -4.542151163E-05
328.4 0.0002910360885 4.547438882E-05
328.6 0.0003004807692 -2.276369464E-05
328.8 0.0003099474912 -6.837077013E-05
329 0.0003103095794 -2.281688084E-05
329.2 0.0003106725146 -2.284356725E-05
329.4 0.0003110362998 -4.574063232E-05
329.6 0.000320559789 -4.579425557E-05
329.8 0.0003301056338 -2.292400235E-05
330 0.000330493537 -2.295094007E-05
330.2 0.0003400735294 -2.297794118E-05
330.4 0.0003496760895 1.05436879E-20
330.6 0.0003593012972 -4.606426887E-05
330.8 0.0003781729634 -6.917798111E-05
331 0.0003878546099 4.617316785E-05
331.2 0.0003883136095 4.622781065E-05
331.4 0.0003980302133 4.628258294E-05
331.6 0.0004077698695 6.950622776E-05
331.8 0.0004082541568 -4.639251781E-05
332 0.0004087395957 -9.289536266E-05
332.2 0.0004092261905 5.880330963E-21
332.4 0.0004097139452 2.327920143E-05
332.6 0.0004195256563 -2.330698091E-05
332.8 0.0004386947431 -7.000448029E-05
333 0.0004485645933 -4.672547847E-05
333.2 0.000439745509 3.366791203E-20
333.4 0.0004309052758 2.758477259E-20
333.6 0.0004220438175 4.68937575E-05
333.8 0.0004037710337 4.695012019E-05
334 0.0004042569194 -4.700661853E-05
334.2 0.0004047439759 -4.706325301E-05
334.4 0.0003958082027 2.356001206E-05
334.6 0.0004057216184 0.0001179423309
334.8 0.0003873186215 3.023291247E-20
335 0.0003972457627 -2.364558111E-05
335.2 0.0003787878788 9.46969697E-05
335.4 0.0003508040049 2.37029733E-05
335.6 0.0003417375456 4.7463548E-05
335.8 0.0003421532847 9.504257908E-05
336 0.0003330542022 7.136875761E-05
336.2 0.0003239329268 7.145579268E-05
336.4 0.0003243284493 7.154304029E-05
336.6 0.0003151742054 4.775366748E-05
336.8 0.0003155599755 4.78121175E-05
337 0.000306372549 -2.393535539E-05
337.2 0.0002971625767 -2.396472393E-05
337.4 0.0002783323096 7.198249386E-05
337.6 0.0002690651907 0.0001201183887
337.8 0.0002501539409 7.215979064E-05
338 0.0002408292232 4.816584464E-05
338.2 0.0002411265432 4.822530864E-05
338.4 0.0002317676143 9.656983931E-05
338.6 0.0002223855198 0.0001692063738
338.8 0.0002129801735 9.680916976E-05
339 0.0002035514888 4.84646402E-05
339.2 0.0001940993789 2.426242236E-05
339.4 0.0002040578358 4.8585199E-05
339.6 0.0001945828144 1.42208851E-20
339.8 0.0002045667082 5.390822252E-20
340 0.0002048220974 2.129588791E-20
340.2 0.000205078125 -7.32421875E-05
340.4 0.0002053347935 2.444461827E-05
340.6 0.0002055921053 7.342575188E-05
340.8 0.0002058500627 7.351787955E-05
341 0.0002061086683 7.361023869E-05
341.2 0.0002161949686 2.800405669E-21
341.4 0.0002164672544 -2.459855164E-05
341.6 0.000216740227 1.760713476E-20
341.8 0.0002170138889 -2.466066919E-05
342 0.0002172882427 1.734341357E-20
342.2 0.0002175632911 2.472310127E-05
342.4 0.0002178390368 1.21878832E-21
342.6 0.0002181154822 2.478585025E-05
342.8 0.0002084656925 2.481734435E-05
343 0.000208730916 2.484891858E-05
343.2 0.0002089968153 4.97611465E-05
343.4 0.0002092633929 2.491230867E-05
343.6 0.0002095306513 7.16493964E-20
343.8 0.0002097985934 2.497602302E-05
344 0.0002000640205 5.001600512E-05
344.2 0.0001903044872 5.008012821E-05
344.4 0.0001905487805 2.507220796E-05
344.6 0.0001907937018 2.510443445E-05
344.8 0.0001910392535 5.027348777E-05
345 0.0001912854381 2.51691366E-05
345.2 0.0001915322581 1.56870982E-20
345.4 0.000201873385 2.173190543E-20
345.6 0.0002122412678 2.626715809E-21
345.8 0.0002226360104 2.529954663E-05
346 0.0002330577173 2.533236057E-05
346.2 0.0002232142857 2.536525974E-05
346.4 0.000193026658 -9.745670793E-21
346.6 0.0001932779948 -5.086263021E-05
346.8 0.0002037157757 -0.0001018578879
347 0.0002141808094 -0.000127488577
347.2 0.0002144607843 -0.0001531862745
347.4 0.0002045157068 -0.0001022578534
347.6 0.0002047837484 -2.559796855E-05
347.8 0.0001947998688 -2.563156168E-05
348 0.0001847897503 2.618848109E-20
348.2 0.0001850328947 -0.0001027960526
348.4 0.0001852766798 -0.0001801301054
348.6 0.0001855211082 -0.0001288341029
348.8 0.0001857661823 -0.0001032034346
349 0.0001756779101 -0.0001291749339
349.2 0.0001655629139 -7.760761589E-05
349.4 0.0001554210875 -2.590351459E-05
349.6 0.000145252324 -2.593791501E-05
349.8 0.0001246675532 -2.597240691E-05
350 0.0001248335553 -0.0001040279627
350.2 0.000125 -0.0001302083333
350.4 0.0001251668892 -5.215287049E-05
350.6 0.0001148897059 -2.611129679E-05
350.8 0.0001150435074 -7.843875502E-05
351 0.0001047252011 -2.618130027E-05
351.2 9.437919463E-05 2.621644295E-05
351.4 8.400537634E-05 -2.625168011E-05
351.6 7.360363392E-05 -2.628701211E-05
351.8 7.370283019E-05 2.632243935E-05
352 6.325910931E-05 -2.635796221E-05
352.2 5.278716216E-05 -5.278716216E-05
352.4 4.228687415E-05 2.642929635E-05
352.6 4.234417344E-05 7.93953252E-05
352.8 4.240162822E-05 5.300203528E-05
353 4.245923913E-05 2.653702446E-05
353.2 3.18877551E-05 -2.15180895E-20
353.4 3.193119891E-05 -2.068754644E-20
353.6 2.13165075E-05 5.329126876E-05
353.8 2.134562842E-05 5.336407104E-05
354 2.1374829E-05 2.671853625E-05
354.2 2.140410959E-05 2.675513699E-05
354.4 2.143347051E-05 2.679183813E-05
354.6 2.146291209E-05 -6.521800695E-20
354.8 2.149243466E-05 5.373108666E-05
355 2.152203857E-05 8.070764463E-05
355.2 2.155172414E-05 5.387931034E-05
355.4 1.079074586E-05 5.395372928E-05
355.6 1.080567082E-05 2.701417704E-05
355.8 1.082063712E-05 -5.41031856E-05
356 1.083564494E-05 -8.126733703E-05
356.2 1.085069444E-05 -2.712673611E-05
356.4 1.086578581E-05 -2.716446453E-05
356.6 1.088091922E-05 1.4394519E-20
356.8 1.089609484E-05 2.72402371E-05
357 0 4.170995803E-20
357.2 1.092657343E-05 2.731643357E-05
357.4 1.094187675E-05 -3.97767604E-20
357.6 1.0957223E-05 -2.73930575E-05
357.8 1.097261236E-05 7.024633443E-20
358 1.098804501E-05 6.961086618E-20
358.2 1.100352113E-05 2.750880282E-05
358.4 0 2.011344978E-20
358.6 0 -5.51730226E-05
358.8 0 -5.525106082E-05
359 0 -2.766466006E-05
359.2 0 -5.540780142E-05
359.4 0 -5.548650568E-05
359.6 0 -2.778271693E-05
359.8 0 -2.782229345E-05
360 0 -2.786198288E-05
360.2 0 -8.370535714E-05
360.4 0 -0.0001117668097
360.6 0 -0.0001119269341
360.8 0 -8.406563845E-05
361 0 -8.418642241E-05
361.2 0 -2.810251799E-05
361.4 0 -5.628602305E-05
361.6 0 -5.636724387E-05
361.8 0 -9.819050602E-20
362 0 -2.826519537E-05
362.2 0 5.661231884E-05
362.4 0 5.669448476E-05
362.6 0 -2.162426656E-20
362.8 0 2.84297671E-05
363 0 5.694241983E-05
363.2 0 5.702554745E-05
363.4 0 2.855445906E-05
363.6 0 5.719253294E-05
363.8 0 0.0001145527859
364 0 0.0001147209985
364.2 0 0.0001148897059
364.4 0 0.0001150589102
364.6 1.152286136E-05 0.0001152286136
364.8 0 8.654911374E-05
365 0 8.667714497E-05
365.2 1.157407407E-05 5.787037037E-05
365.4 1.159124629E-05 2.897811573E-05
365.6 1.160846954E-05 2.902117385E-05
365.8 1.162574405E-05 2.906436012E-05
366 1.164307004E-05 5.821535022E-05
366.2 1.166044776E-05 -2.257003079E-20
366.4 1.167787743E-05 -8.758408072E-05
366.6 1.169535928E-05 -0.0001169535928
366.8 1.171289355E-05 -8.784670165E-05
367 1.173048048E-05 -2.93262012E-05
367.2 1.17481203E-05 -2.937030075E-05
367.4 1.176581325E-05 -8.82435994E-05
367.6 1.178355958E-05 -0.0001178355958
367.8 1.180135952E-05 -5.900679758E-05
368 1.181921331E-05 2.954803328E-05
368.2 0 5.918560606E-05
368.4 1.185508346E-05 2.963770865E-05
368.6 1.18731003E-05 -8.904825228E-05
368.8 1.189117199E-05 -8.918378995E-05
369 0 2.977324695E-05
369.2 0 5.574971008E-21
369.4 0 -5.972859327E-05
369.6 0 -5.982006126E-05
369.8 0 -5.991180982E-05
370 0 -9.000576037E-05
370.2 0 -6.009615385E-05
370.4 0 -3.009437596E-05
370.6 0 -0.0001205632716
370.8 0 -9.05622102E-05
371 0 -1.3670929E-19
371.2 0 -2.43931961E-20
371.4 0 -3.032802795E-05
371.6 0 -3.03751944E-05
371.8 0 3.042250779E-05
372 0 -1.320373134E-20
372.2 0 -6.904874995E-20
372.4 0 3.056533646E-05
372.6 0 -6.122648903E-05
372.8 0 -3.066130298E-05
373 0 9.212853774E-05
373.2 0 9.227362205E-05
373.4 1.232255521E-05 6.161277603E-05
373.6 1.234202212E-05 6.171011058E-05
373.8 1.236155063E-05 6.180775316E-05
374 1.238114105E-05 3.095285261E-05
374.2 1.240079365E-05 6.200396825E-05
374.4 1.242050874E-05 3.105127186E-05
374.6 1.244028662E-05 4.893845745E-20
374.8 1.246012759E-05 6.230063796E-05
375 0 3.120007987E-05
375.2 0 3.519645333E-20
375.4 0 -2.895753739E-21
375.6 0 -3.103482722E-20
375.8 0 -3.140072347E-05
376 0 -3.145128824E-05
376.2 0 2.696535976E-20
376.4 0 -3.155290792E-05
376.6 0 -0.0001264158576
376.8 0 -0.0001266207455
377 0 -6.341314935E-05
377.2 0 -9.527439024E-05
377.4 0 -0.0001272394137
377.6 0 -9.558523654E-05
377.8 0 -6.382761438E-05
378 0 3.202652196E-20
378.2 0 6.403688525E-05
378.4 0 6.414203612E-05
378.6 0 3.212376645E-05
378.8 0 -7.291745091E-21
379 0 -2.544930342E-20
379.2 0 3.228305785E-05
379.4 0 -3.233650662E-05
379.6 0 -6.478026534E-05
379.8 0 3.244393688E-05
380 0 3.249792013E-05
380.2 0 2.232209804E-20
380.4 0 -6.521285476E-05
380.6 0 -9.798285953E-05
380.8 0 -9.814698492E-05
381 0 -6.554110738E-05
381.2 0 3.282563025E-05
381.4 0 9.864267677E-05
381.6 0 0.0001317453626
381.8 0 9.897592905E-05
382 0 6.609560068E-05
382.2 0 3.310381356E-05
382.4 0 -6.632003396E-05
382.6 0 -6.643282313E-05
382.8 1.330919932E-05 3.32729983E-05
383 1.333191126E-05 6.665955631E-05
383.2 1.335470085E-05 0.0001001602564
383.4 1.337756849E-05 0.0001003317637
383.6 1.340051458E-05 -3.350128645E-05
383.8 1.342353952E-05 -0.0001342353952
384 0 -3.361660929E-05
384.2 0 3.367456897E-05
384.4 1.349309154E-05 3.373272884E-05
384.6 1.351643599E-05 0.0001351643599
384.8 2.70797227E-05 0.0001353986135
385 2.712673611E-05 -6.277287724E-21
385.2 2.717391304E-05 3.39673913E-05
385.4 1.361062718E-05 9.066499003E-20
385.6 2.726876091E-05 -0.0001022578534
385.8 2.731643357E-05 -3.414554196E-05
386 2.73642732E-05 6.841068301E-05
386.2 2.74122807E-05 0.0001713267544
386.4 2.746045694E-05 0.0001373022847
386.6 2.750880282E-05 8.223127288E-21
386.8 2.755731922E-05 -3.444664903E-05
387 1.380300353E-05 7.355717919E-20
387.2 1.382743363E-05 -0.0001037057522
387.4 2.770390071E-05 -0.0001385195035
387.6 2.775310835E-05 -0.0001040741563
387.8 2.78024911E-05 8.025411099E-20
388 2.785204991E-05 0.0001392602496
388.2 2.790178571E-05 6.975446429E-05
388.4 2.795169946E-05 -3.478825433E-20
388.6 2.800179211E-05 3.500224014E-05
388.8 1.402603232E-05 1.037022401E-20
389 0 -7.025629496E-05
389.2 0 3.519144144E-05
389.4 0 0.0001410198556
389.6 0 3.531871609E-05
389.8 0 1.699973802E-20
390 0 -3.54469147E-05
390.2 0 -0.0001065340909
390.4 0 3.543368772E-20
390.6 0 3.564096715E-05
390.8 0 -2.598099149E-20
391 0 -3.577152015E-05
391.2 0 -7.167431193E-05
391.4 0 -7.180606618E-05
391.6 0 -7.193830571E-05
391.8 0 -3.603551661E-05
392 0 -1.09381944E-19
392.2 0 -1.229975444E-19
392.4 0 -7.84991968E-20
392.6 0 3.630343866E-05
392.8 0 3.637104283E-05
393 0 3.643889925E-05
393.2 0 3.650700935E-05
393.4 0 1.19550392E-19
393.6 0 3.664399625E-05
393.8 0 -3.320774543E-20
394 0 -7.356403013E-05
394.2 0 1.506118171E-22
394.4 0 3.69210775E-05
394.6 0 -3.699100379E-05
394.8 0 1.282795308E-20
395 0 7.426330798E-05
395.2 0 -3.720238095E-05
395.4 0 -3.727337786E-05
395.6 0 4.473910674E-20
395.8 0 6.9996249E-20
396 0 6.314509317E-20
396.2 0 3.447280483E-20
396.4 0 0.0001128973988
396.6 0 3.770511583E-05
396.8 0 -0.0001133341393
397 0 -3.785125969E-05
397.2 0 -2.159512071E-21
397.4 0 -3.785018091E-20
397.6 0 3.807261209E-05
397.8 0 -3.814697266E-05
398 0 -8.192807158E-21
398.2 0 0.0001148897059
398.4 0 7.727793423E-20
398.6 0 -3.844734252E-05
398.8 0 3.852317554E-05
399 0 -1.020487005E-19
399.2 0 3.867574257E-05
399.4 0 -8.093917475E-20
399.6 1.553180915E-05 -3.882952286E-05
399.8 1.5562749E-05 7.781374502E-05
400 1.559381238E-05 3.898453094E-05
400.2 3.125E-05 -3.90625E-05
400.4 1.565631263E-05 -6.274129581E-20
400.6 3.137550201E-05 3.921937751E-05
400.8 3.143863179E-05 3.929828974E-05
401 6.300403226E-05 -3.937752016E-05
401.2 6.313131313E-05 -3.945707071E-05
401.4 7.907388664E-05 -4.008316608E-20
401.6 9.50811359E-05 -4.013579236E-20
401.8 9.527439024E-05 -3.96976626E-05
402 0.0001113798371 -7.955702648E-05
402.2 0.0001275510204 -7.971938776E-05
402.4 0.0001437883436 6.924736235E-20
402.6 0.0001440829918 4.002305328E-05
402.8 0.0001443788501 -4.191391159E-20
403 0.0001446759259 3.004480467E-20
403.2 0.0001449742268 1.924908734E-21
403.4 0.0001452737603 4.035382231E-05
403.6 0.0001455745342 4.04373706E-05
403.8 0.000145876556 1.314067344E-22
404 0.0001624220374 -9.268607076E-20
404.2 0.0001627604167 -6.923617848E-21
404.4 0.0001631002088 -3.23938831E-20
404.6 0.0001634414226 1.415339586E-19
404.8 0.0001637840671 1.350583125E-20
405 0.0001805409664 -4.103203782E-05
405.2 0.0001809210526 -4.111842105E-05
405.4 0.0001813027426 -2.981073971E-20
405.6 0.0001816860465 6.388538344E-20
405.8 0.0001820709746 -2.734470337E-20
406 0.0001824575372 -9.514070102E-20
406.2 0.0001828457447 -2.090784033E-20
406.4 0.0001665778252 -4.831786046E-20
406.6 0.0001502403846 4.173344017E-05
406.8 0.0001338329764 4.182280514E-05
407 0.0001341201717 -7.400657901E-21
407.2 0.0001176075269 4.200268817E-05
407.4 0.0001010237069 8.418642241E-05
407.6 8.436825054E-05 4.218412527E-05
407.8 6.764069264E-05 -8.45508658E-05
408 5.084056399E-05 -4.236713666E-05
408.2 1.698369565E-05 0.0001273777174
408.4 1.702069717E-05 0.0001276552288
408.6 1.705786026E-05 8.528930131E-05
408.8 1.7095186E-05 4.273796499E-05
409 1.713267544E-05 8.25386329E-20
409.2 1.717032967E-05 6.701084892E-20
409.4 1.720814978E-05 -4.302037445E-05
409.6 0 -8.623068433E-05
409.8 0 -4.321073009E-05
410 0 -4.956487855E-20
410.2 0 -6.520876482E-20
410.4 0 3.692298991E-20
410.6 0 -4.222569208E-20
410.8 0 -1.338391973E-19
411 0 1.097929048E-20
411.2 0 1.246528686E-19
411.4 0 4.39893018E-05
411.6 0 8.81772009E-05
411.8 0 4.418834842E-05
412 0 -4.428854875E-05
412.2 0 -4.438920455E-05
412.4 0 4.449031891E-05
412.6 0 4.459189498E-05
412.8 0 -5.986655016E-21
413 0 1.160202405E-19
413.2 0 7.048271504E-20
413.4 0 8.694267013E-21
413.6 0 -4.510681293E-05
413.8 0 -4.521122685E-05
414 0 7.883086974E-20
414.2 0 -6.25887039E-21
414.4 0 -4.552738928E-05
414.6 0 1.783640844E-19
414.8 0 4.574063232E-05
415 0 -4.584800469E-05
415.2 0 -9.191176471E-05
415.4 0 -9.212853774E-05
415.6 0 -9.23463357E-05
415.8 0 -4.628258294E-05
416 0 -4.639251781E-05
416.2 0 1.006677598E-19
416.4 0 4.661396181E-05
416.6 0 -2.246849776E-20
416.8 0 -4.683752998E-05
417 0 4.695012019E-05
417.2 0 0.000141189759
417.4 0 9.435386473E-05
417.6 0 8.581745732E-20
417.8 0 -4.74059466E-05
418 0 -1.062816052E-19
418.2 0 4.763719512E-05
418.4 1.910146699E-05 1.317277965E-19
418.6 3.829656863E-05 -4.787071078E-05
418.8 5.758599509E-05 9.039630553E-20
419 5.772783251E-05 1.244274519E-19
419.2 7.716049383E-05 -4.822530864E-05
419.4 9.668935644E-05 -9.668935644E-05
419.6 0.0001163151365 -9.69292804E-05
419.8 0.0001360385572 -4.8585199E-05
420 0.0001558603491 -1.103022479E-20
420.2 0.00017578125 4.8828125E-05
420.4 0.000195802005 4.895050125E-05
420.6 0.0001962939698 9.814698492E-05
420.8 0.0001967884131 9.839420655E-05
421 0.0001972853535 9.864267677E-05
421.2 0.0001780063291 0.0001483386076
421.4 0.0001586294416 9.914340102E-05
421.6 0.000139153944 4.969783715E-05
421.8 0.0001395089286 4.982461735E-05
422 0.0001198849105 0.0001498561381
422.2 0.0001001602564 0.0002003205128
422.4 8.033419023E-05 0.0001506266067
422.6 6.040592784E-05 0.0001006765464
422.8 4.0374677E-05 0.0001009366925
423 2.023963731E-05 0.0001517972798
423.2 0 5.073051948E-05
423.4 2.034505208E-05 2.612346286E-20
423.6 4.079634465E-05 0.0001529862924
423.8 6.135471204E-05 0.0001022578534
424 6.151574803E-05 5.126312336E-05
424.2 8.223684211E-05 0.0001027960526
424.4 0.0001030672823 5.153364116E-05
424.6 0.0001240079365 5.166997354E-05
424.8 0.0001450596817 5.180702918E-05
425 0.0001662234043 -5.194481383E-05
425.2 0.0001875 -5.208333333E-05
425.4 0.0002088903743 5.222259358E-05
425.6 0.0002094504021 5.236260054E-05
425.8 0.0002100134409 -5.250336022E-05
426 0.0002105795148 -5.264487871E-05
426.2 0.0002111486486 5.278716216E-05
426.4 0.0001905487805 5.29302168E-05
426.6 0.0001910665761 1.050937192E-20
426.8 0.0001915871935 5.321866485E-05
427 0.0001921106557 5.336407104E-05
427.2 0.0001712328767 1.389461718E-19
427.4 0.0001717032967 1.610603718E-20
427.6 0.0001936983471 5.380509642E-05
427.8 0.0001726519337 -5.424179734E-20
428 0.0001731301939 3.922347688E-21
428.2 0.0001736111111 5.425347222E-05
428.4 0.0001740947075 -5.44045961E-05
428.6 0.0001964036313 -5.455656425E-05
428.8 0.0001969537815 7.964401618E-20
429 0.0001975070225 -5.48630618E-05
429.2 0.0002200704225 -6.759243147E-20
429.4 0.0001986228814 5.51730226E-05
429.6 0.0001991855524 -6.912754667E-20
429.8 0.0001997514205 -5.548650568E-05
430 0.0002225783476 -1.290039592E-19
430.2 0.0002008928571 5.580357143E-05
430.4 0.0002014684814 7.355595862E-20
430.6 0.0002020474138 5.612428161E-05
430.8 0.000202629683 0.0001125720461
431 0.0002032153179 1.602600187E-21
431.2 0.0002038043478 3.804935943E-20
431.4 0.0002043968023 -9.602546685E-20
431.6 0.0002049927114 -2.099592574E-19
431.8 0.000182748538 5.710891813E-05
432 0.0001603739003 -5.727639296E-05
432.2 0.0001608455882 -2.095838481E-19
432.4 0.0001382743363 -6.938968559E-20
432.6 0.0001155695266 -5.778476331E-05
432.8 9.272997033E-05 5.795623145E-05
433 6.975446429E-05 -1.04341032E-19
433.2 4.664179104E-05 -5.830223881E-05
433.4 2.339071856E-05 7.566613529E-20
433.6 0 1.515619095E-19
433.8 0 -7.620611341E-20
434 0 6.29819838E-20
434.2 0 -5.210353784E-20
434.4 0 4.083234573E-21
434.6 0 7.970510901E-20
434.8 0 5.972859327E-05
435 0 1.477293284E-19
435.2 0 1.432400827E-19
435.4 0 0.0001205632716
435.6 0 -3.5434463E-20
435.8 0 -0.0001213121118
436 0 1.003093263E-20
436.2 0 6.103515625E-05
436.4 0 -6.909311961E-20
436.6 0 5.949507065E-20
436.8 0 6.161277603E-05
437 0 -6.875238035E-20
437.2 0 -6.200396825E-05
437.4 0 2.647826642E-20
437.6 0 1.476610603E-21
437.8 0 -6.35516182E-20
438 0 -6.280144695E-05
438.2 0 -0.0001260080645
438.4 0 -0.0001264158576
438.6 0 -0.0001268262987
438.8 0 -0.0001272394137
439 0 -6.382761438E-05
439.2 0 -6.403688525E-05
439.4 0 -0.0001284950658
439.6 0 -6.445957096E-05
439.8 0 1.26737412E-20
440 0 -0.0001297757475
440.2 0 -0.0003255208333
440.4 0 -0.0001959657191
440.6 0 0.0001966233221
440.8 0 0.000131523569
441 0 -0.0001979518581
441.2 0 -0.0001986228814
441.4 0 -6.643282313E-05
441.6 0 -6.665955631E-05
441.8 0 -0.0002006635274
442 0 -0.0002684707904
442.2 0 -0.0002020474138
442.4 0 -0.0001351643599
442.6 0 -0.0001356336806
442.8 0 -0.0001361062718
443 0 -6.829108392E-05
443.2 0 -6.853070175E-05
443.4 0 -6.877200704E-05
443.6 0 -2.454649478E-19
443.8 0 -2.114404042E-19
444 0 3.233214683E-20
444.2 0 -1.292385641E-20
444.4 0 -4.966657322E-20
444.6 0 -7.580444787E-20
444.8 0 7.05099278E-05
445 0 7.076539855E-05
445.2 0 1.847233575E-19
445.4 0 9.707866665E-20
445.6 0 -1.542502475E-20
445.8 0 7.180606618E-05
446 0 0.0002162130996
446.2 0 0.0002170138889
446.4 0 0.0001452137546
446.6 0 0.000145755597
446.8 0 0.0001463014981
447 0 7.342575188E-05
447.2 0 7.370283019E-05
447.4 0 0.0001479640152
447.6 0 0.000148526616
447.8 0 0.0002236402672
448 0 0.0002993295019
448.2 0 0.0003756009615
448.4 0 0.000226230695
448.6 3.028100775E-05 7.570251938E-05
448.8 6.079766537E-05 0.0003039883268
449 9.155273438E-05 0.0003051757813
449.2 9.191176471E-05 7.659313725E-05
449.4 0.0001230314961 -8.009881364E-20
449.6 0.0001543972332 -7.71986166E-05
449.8 0.0001860119048 -0.0001550099206
450 0.0002178784861 -0.00015562749
450.2 0.00021875 -0.000234375
450.4 0.0002196285141 1.547284187E-19
450.6 0.000252016129 0.0003150201613
450.8 0.0002846659919 0.0002372216599
451 0.0002540650407 0.0001587906504
451.2 0.0002232142857 0.0001594387755
451.4 0.0001921106557 -0.0001600922131
451.6 0.0001607510288 -0.0001607510288
451.8 0.0001291322314 -8.070764463E-05
452 9.725103734E-05 -0.0002431275934
452.2 6.510416667E-05 -8.138020833E-05
452.4 6.537656904E-05 -0.0001634414226
452.6 9.847689076E-05 -0.0004923844538
452.8 0.0001318565401 -0.0004120516878
453 0.0001655190678 -0.0003310381356
453.2 0.0001662234043 -0.0001662234043
453.4 0.0002003205128 -8.346688034E-05
453.6 0.0002347103004 -0.0004191255365
453.8 0.0002693965517 -0.0003367456897
454 0.0003043831169 -0.0001691017316
454.2 0.000339673913 -8.491847826E-05
454.4 0.0003752729258 -8.528930131E-05
454.6 0.0004111842105 -0.0002569901316
454.8 0.0004129955947 -0.0003441629956
455 0.0003802544248 5.838309754E-20
455.2 0.0003472222222 0.0002604166667
455.4 0.0003138950893 8.719308036E-05
455.6 0.0003503363229 0.0001751681614
455.8 0.0003871058559 8.79786036E-05
456 0.0004242081448 -8.837669683E-05
456.2 0.000390625 9.331677386E-20
456.4 0.0003924086758 2.015583386E-19
456.6 0.0003942087156 8.959288991E-05
456.8 0.0003960253456 -9.000576037E-05
457 0.0003616898148 -9.04224537E-05
457.2 0.0002906976744 9.084302326E-05
457.4 0.0002190420561 -0.0001825350467
457.6 0.0002567488263 -0.0001833920188
457.8 0.0002211084906 -9.212853774E-05
458 0.0001851303318 -0.0001851303318
458.2 0.0001488095238 -9.300595238E-05
458.4 0.0001121411483 9.345095694E-05
458.6 7.512019231E-05 9.390024038E-05
458.8 3.774154589E-05 1.99011665E-20
459 0 9.48118932E-05
459.2 0 9.527439024E-05
459.4 0 1.317753407E-19
459.6 3.848522167E-05 -9.621305419E-05
459.8 7.735148515E-05 -1.262488258E-20
460 7.773631841E-05 0.000291511194
460.2 3.90625E-05 0.00029296875
460.4 3.925879397E-05 -9.814698492E-05
460.6 7.891414141E-05 -0.0002959280303
460.8 7.931472081E-05 9.914340102E-05
461 7.971938776E-05 0.0002989477041
461.2 8.012820513E-05 -0.0001001602564
461.4 8.054123711E-05 -0.0003020296392
461.6 8.095854922E-05 -0.0001011981865
461.8 4.069010417E-05 2.097006259E-19
462 0 7.828758059E-20
462.2 0 -0.0001027960526
462.4 0 -0.0001033399471
462.6 0 -1.971159086E-19
462.8 0 -0.0001044451872
463 0 -0.0001050067204
463.2 0 9.638512587E-20
463.4 0 -6.038616796E-20
463.6 0 -6.435310446E-20
463.8 0 9.591226168E-21
464 0 1.635405709E-19
464.2 0 -4.792793853E-20
464.4 0 -7.584337272E-20
464.6 0 -2.006773398E-19
464.8 0 -1.139867964E-19
465 0 1.539106693E-19
465.2 0 -8.87309041E-20
465.4 0 5.011093395E-20
465.6 0 3.595651031E-20
465.8 0 2.019816023E-19
466 0 2.75399891E-19
466.2 0 -5.464645467E-20
466.4 0 -2.223333023E-19
466.6 0 -1.988457926E-19
466.8 0 -6.029584808E-20
467 0 1.720697713E-20
467.2 0 -0.0001183712121
467.4 0 -0.0002381859756
467.6 0 -0.0001198236196
467.8 0 -4.192565093E-20
468 0 -1.510480964E-19
468.2 0 -1.953427603E-19
468.4 0 -1.974126178E-19
468.6 0 -2.608209066E-19
468.8 0 -1.685271095E-19
469 0 -5.340924792E-20
469.2 0 -1.569563066E-19
469.4 0 -1.539880809E-19
469.6 0 1.908104477E-19
469.8 0 0.0001284950658
470 0 0.0001293460265
470.2 0 -2.876519694E-20
470.4 0 3.046156295E-19
470.6 0 -1.287670006E-19
470.8 0 -3.599961302E-20
471 0 -0.0001337756849
471.2 0 -0.0001346982759
471.4 0 -2.590010632E-19
471.6 0 1.117123984E-20
471.8 0 -6.881242305E-21
472 0 2.042216063E-19
472.2 0 4.992669615E-19
472.4 0 7.82177526E-21
472.6 0 3.574738861E-19
472.8 0 1.949818493E-19
473 0 -3.634342275E-19
473.2 0 4.604532433E-20
473.4 0 9.49301836E-20
473.6 0 9.671923237E-20
473.8 0 8.301979447E-20
474 0 0.0001490935115
474.2 0 0.0003004807692
474.4 0 0.0001514050388
474.6 0 -2.119040881E-19
474.8 0 -3.995480602E-19
475 0 -2.758502656E-19
475.2 0 -0.00015625
475.4 0 -0.0003150201613
475.6 0 -0.0001587906504
475.8 0 0.0001600922131
476 0 0.0001614152893
476.2 0 -1.373955253E-20
476.4 0 -7.219732926E-20
476.6 0 -1.731165205E-19
476.8 0 -2.155666504E-19
477 0 -0.0001683728448
477.2 0 -0.0001698369565
477.4 0 -5.43274417E-20
477.6 0 -1.609617582E-19
477.8 0 1.838340853E-20
478 0 -4.100567955E-19
478.2 0 -3.788851677E-19
478.4 0 -4.0574154E-19
478.6 0 9.02292588E-20
478.8 0 1.349061021E-19
479 0 -5.322241841E-20
479.2 0 -1.36683901E-19
479.4 0 -1.623188747E-20
479.6 0 4.474505683E-20
479.8 0 5.987159791E-20
480 0 -6.257808161E-20
480.2 0 1.060057308E-20
480.4 0 -3.085003651E-19
480.6 0 0.0001992984694
480.8 0 0.0002013530928
481 0 -2.031420731E-19
481.2 0 -3.623023419E-19
481.4 0 -4.706394069E-20
481.6 0 -3.123223965E-19
481.8 0 -0.0002122961957
482 0 -0.0002146291209
482.2 0 -1.423635757E-19
482.4 0 -1.238602918E-19
482.6 0 -1.858711569E-19
482.8 0 4.356984285E-20
483 0 -5.346438057E-20
483.2 0 -2.304451614E-19
483.4 0 -4.181448131E-19
483.6 0 -2.526456301E-19
483.8 0 -1.603037006E-19
484 0 -1.883725917E-19
484.2 0 -4.114817416E-20
484.4 0 -2.164959079E-19
484.6 0 -6.270589342E-19
484.8 0 -7.376007275E-20
485 0 2.142117035E-19
485.2 0 1.391608303E-19
485.4 0 3.492883071E-19
485.6 0 5.162843307E-19
485.8 0 -6.265220209E-19
486 0 -6.470901358E-20
486.2 0 -5.128440088E-19
486.4 0 -3.389374653E-19
486.6 0 7.614474766E-19
486.8 0 5.43439466E-19
487 0 -2.884844981E-19
487.2 0 -4.460481153E-19
487.4 0 -2.857198692E-19
487.6 0 2.487784885E-19
487.8 0 -7.316492756E-19
488 0 -6.115594228E-19
488.2 0 1.885251351E-19
488.4 0 4.018948213E-19
488.6 0 4.543492918E-19
488.8 0 -3.427280638E-19
489 0 -1.156433785E-18
489.2 0 1.189899065E-19
489.4 0 2.730645958E-19
489.6 0 -1.749959904E-19
489.8 0 3.693043288E-19
490 0 1.029694414E-18
490.2 0 4.704492956E-19
490.4 0 -5.65650597E-19
490.6 0 -4.62309781E-19
490.8 0 -4.073222019E-19
491 0 -9.348671156E-19
491.2 0 -6.954691992E-19
491.4 0 3.957482349E-19
491.6 0 6.302043442E-20
491.8 0 2.20275715E-19
492 0 7.163365696E-19
492.2 0 1.115472987E-18
492.4 0 2.192250077E-19
492.6 0 7.211462369E-19
492.8 0 1.070553147E-18
493 0 6.40307213E-19
493.2 0 8.87779606E-19
493.4 0 7.355883448E-19
493.6 0 -1.081446367E-19
493.8 0 5.567306284E-19
494 0 4.370305313E-19
494.2 0 -1.224272921E-18
494.4 0 -1.221997333E-18
494.6 0 1.09467994E-18
494.8 0 1.690015974E-18
495 0 1.646930536E-18
495.2 0 -1.98860044E-19
495.4 0 -1.029047122E-18
495.6 0 6.277260005E-19
495.8 0 1.100279389E-18
496 0 -2.970696268E-18
496.2 0 -2.508534653E-18
496.4 0 -2.206402607E-18
496.6 0 -1.302772914E-18
496.8 0 -6.535226465E-19
497 0 -2.43237702E-18
497.2 0 -3.670538295E-18
497.4 0 -1.990431881E-19
497.6 0 -3.492265548E-18
497.8 0 1.018319313E-18
498 0 -2.223730036E-18
498.2 0 3.457638176E-18
498.4 0 1.741308354E-18
498.6 0 6.94522747E-19
498.8 0 -4.337528356E-18
499 0 -9.871844873E-19
499.2 0 8.39984461E-19
499.4 0 2.580505149E-18
499.6 0 -5.813004514E-18
499.8 0 1.386496483E-17
500 0 5.310308907E-17
