0 0.007293957417 1.56187525E-05
0.2 0.00644375 0.001609375
0.4 0.006071178471 0.0003985969388
0.6 0.005785878703 0.0001876501201
0.8 0.005566054265 8.60407489E-05
1 0.005358573718 0.0001252003205
1.2 0.005169714429 0.0001643912826
1.4 0.004983836207 0.0002427701484
1.6 0.004769604894 0.0003212118933
1.8 0.004583416934 0.0002664777287
2 0.004393943196 0.0001646552589
2.2 0.004201179719 0.000125502008
2.4 0.004052204701 6.277621535E-05
2.6 0.003909390072 3.140072347E-05
2.8 0.0037758846 8.63867109E-05
3 0.003639129123 0.0001728429204
3.2 0.003495975855 0.000149333501
3.4 0.003352707327 0.000125805153
3.6 0.003218762586 0.0001494537857
3.8 0.003091005238 0.000125906527
4 0.002975740629 9.446795647E-05
4.2 0.002857232863 5.512852823E-05
4.4 0.00274178096 0.0001103015329
4.6 0.002626235876 0.0001261097659
4.8 0.002526367582 1.577008478E-05
5 0.002439039782 7.888226979E-06
5.2 0.00235479798 -3.945707071E-05
5.4 0.002286277284 -0.0001184190582
5.6 0.002227178528 -2.674129795E-21
5.8 0.002174352751 3.95049555E-05
6 0.002121484217 -7.904188588E-06
6.2 0.002062246964 2.372216599E-05
6.4 0.002012454435 7.910591333E-06
6.6 0.001946793963 -7.122416937E-05
6.8 0.001906414674 -8.708704905E-05
7 0.001869170722 -5.544150446E-05
7.2 0.001835065923 -4.754056795E-05
7.4 0.001794592127 -3.170657468E-05
7.6 0.001747741575 -5.55090337E-05
7.8 0.001710372665 -8.726391145E-05
8 0.001663449817 -5.555414466E-05
8.2 0.00162601626 -7.93953252E-05
8.4 0.001579020943 -4.765656771E-05
8.6 0.001547879373 -3.972996338E-05
8.8 0.001519892145 -0.0001112891738
9 0.001504606067 -3.976231678E-05
9.2 0.001460667006 -3.977851324E-05
9.4 0.00143897718 -4.775366748E-05
9.6 0.001404530167 -4.777313494E-05
9.8 0.00138598593 -0.0001513432912
10 0.00137380151 -0.0001354676663
10.2 0.00134247449 -6.37755102E-05
10.4 0.001317502042 -2.392558187E-05
10.6 0.001298891953 3.989225899E-05
10.8 0.001254725174 -1.59634246E-05
11 0.001229686222 -1.596995094E-05
11.2 0.001207822086 -7.988241309E-06
11.4 0.001189136661 -3.99575491E-05
11.6 0.001160842202 3.997390503E-05
11.8 0.001135723792 7.998054873E-06
12 0.001107384269 -4.000665711E-05
12.2 0.001072617828 -2.401383197E-05
12.4 0.001034619721 -8.007892579E-05
12.6 0.001006203856 -0.0001121564807
12.8 0.0009681473123 -6.411571604E-05
13 0.000926852422 -9.621305419E-05
13.2 0.0009111909651 -9.625256674E-05
13.4 0.000882677691 -7.221908381E-05
13.6 0.0008573520345 -8.027640773E-06
13.8 0.0008159436678 -3.212376645E-05
14 0.0007937834225 -8.034245167E-05
14.2 0.0007555298354 -1.607510288E-05
14.4 0.0007268937834 1.608172087E-05
14.6 0.0006950164745 4.022086079E-05
14.8 0.0006695508859 -8.047486609E-06
15 0.0006408439819 -8.855884171E-05
15.2 0.000618556701 -0.0001208118557
15.4 0.0005962510314 -0.0001128042492
15.6 0.0005835998762 -0.0001209115766
15.8 0.0005741639141 -0.0001451537985
16 0.0005711741016 -0.000129078893
16.2 0.0005681818182 -0.0001291322314
16.4 0.0005587277801 -0.0001291856139
16.6 0.0005460349462 -0.0001130841605
16.8 0.000539796235 -0.0001373732933
17 0.0005335523593 -0.0001616825331
17.2 0.0005337732919 -0.00013748706
17.4 0.0005437033969 -9.708989229E-05
17.6 0.0005406910485 -0.0001214126606
17.8 0.0005376762023 -0.0001619506633
18 0.000547620282 -0.0001296142679
18.2 0.0005478475104 -0.0001377723029
18.4 0.0005351027397 -0.0001459371108
18.6 0.0005255917774 -4.05549211E-05
18.8 0.0005290558787 -3.245741587E-05
19 0.0005325228595 -7.305953865E-05
19.2 0.0005327442827 -7.308991684E-05
19.4 0.0005329658902 -4.062240017E-05
19.6 0.0005234342489 -3.251144403E-05
19.8 0.000517147169 -4.878746878E-05
20 0.0005108548521 -3.253852561E-05
20.2 0.0004947916667 -2.44140625E-05
20.4 0.0004917413506 2.34785198E-20
20.6 0.0004919464137 1.369483353E-20
20.8 0.0004888923655 2.444461827E-05
21 0.0004760538397 3.260642738E-05
21.2 0.0004599425887 1.631002088E-05
21.4 0.0004470812448 2.447525063E-05
21.6 0.0004309444212 3.264730464E-05
21.8 0.0004147941054 3.266095318E-05
22 0.0003986302802 3.267461313E-05
22.2 0.0003824529289 6.537656904E-05
22.4 0.0003629918376 5.722844286E-05
22.6 0.0003467860134 5.725240787E-05
22.8 0.0003272936741 3.272936741E-05
23 0.0003143336127 -4.092885583E-05
23.2 0.0002948113208 -4.094601677E-05
23.4 0.0002818267617 -1.638527685E-05
23.6 0.0002688313051 1.315200684E-20
23.8 0.0002623845508 -2.459855164E-05
24 0.000252651197 -7.382664847E-05
24.2 0.0002396271008 -4.923844538E-05
24.4 0.000236443884 8.209857083E-06
24.6 0.0002332579899 1.642661901E-05
24.8 0.0002300694152 2.465029449E-05
25 0.0002268781566 -1.019018793E-20
25.2 0.0002236842105 3.289473684E-05
25.4 0.0002139058551 4.936288964E-05
25.6 0.0002107037505 -3.292246102E-05
25.8 0.0002173798482 -1.646817032E-05
26 0.0002108814846 2.078742023E-20
26.2 0.0002043776371 1.648206751E-05
26.4 0.0002011661038 -2.473353736E-05
26.6 0.0002012510557 -5.773595861E-05
26.8 0.000198035488 2.475443599E-05
27 0.000194817202 1.650993238E-05
27.2 0.0001948995772 -2.477536998E-05
27.4 0.0002015915821 -2.404360282E-20
27.6 0.0002016768938 8.265446466E-06
27.8 0.0002017622777 1.653789162E-05
28 0.0001985387548 -1.662606641E-20
28.2 0.0001920021186 1.655190678E-05
28.4 0.00019208351 3.311784655E-05
28.6 0.0001921649703 -8.282972858E-06
28.8 0.0001922464998 1.657297412E-05
29 0.0001823800934 2.487001273E-05
29.2 0.0001758227176 1.658704883E-05
29.4 0.0001758974087 8.297047579E-06
29.6 0.0001726519337 -4.150286868E-05
29.8 0.000169403699 -4.982461735E-05
30 0.000162829647 -1.66152701E-05
30.2 0.0001662234043 -3.324468085E-05
30.4 0.0001762718178 -4.988825032E-05
30.6 0.0001730195911 -1.663649915E-05
30.8 0.0001697645931 3.328717512E-05
31 0.0001698369565 1.665068201E-05
31.2 0.0001765724947 -2.498667377E-05
31.4 0.000179980802 -8.332444539E-06
31.6 0.0001867264191 -1.667200171E-05
31.8 0.0001934777968 -5.837692143E-05
32 0.0002102466894 -8.343122597E-05
32.2 0.0002170138889 -8.346688034E-06
32.4 0.0002171066695 4.17512826E-05
32.6 0.0002171995295 3.341531223E-05
32.8 0.000217292469 1.671480531E-05
33 0.000217385488 -1.498682113E-20
33.2 0.0002174785867 8.364561028E-06
33.4 0.0002242662811 2.510443445E-05
33.6 0.0002243624089 5.023039006E-05
33.8 0.0002278087479 8.375321612E-06
34 0.0002312580438 -8.378914629E-06
34.2 0.0002246512876 8.38251073E-06
34.4 0.0002281021898 -1.677221984E-05
34.6 0.0002315560567 1.281254189E-21
34.8 0.0002350128921 4.196658788E-05
35 0.0002283963887 1.679385211E-05
35.2 0.0002251344086 -8.400537634E-06
35.4 0.0002252312823 -1.680830465E-05
35.6 0.0002253282393 -1.78159363E-20
35.8 0.0002254252799 1.682278208E-05
36 0.0002187903921 1.683003016E-05
36.2 0.0002155172414 4.209321121E-05
36.4 0.0002122412678 4.211136266E-05
36.6 0.0002022217429 5.055543572E-05
36.8 0.0001955653863 3.371817005E-05
37 0.0001889032815 1.686636442E-05
37.2 0.0001889848812 2.531047516E-05
37.4 0.0001823141746 3.376188418E-05
37.6 0.0001722600519 0.0001013294423
37.8 0.0001588181228 0.0001013732699
38 0.0001588868455 2.535428386E-05
38.2 0.0001623376623 -2.536525974E-05
38.4 0.0001590244695 -1.691749675E-05
38.6 0.0001489384749 1.692482669E-05
38.8 0.0001388437365 -1.693216298E-05
39 0.000132128144 -2.540925846E-05
39.2 0.0001321854664 -6.375281139E-21
39.4 0.0001288519965 4.238552517E-05
39.6 0.0001221233174 4.240392966E-05
39.8 0.0001153887924 -8.484470026E-06
40 0.0001120436767 1.697631465E-05
40.2 0.000105298913 4.245923913E-05
40.4 9.854828186E-05 4.24777077E-05
40.6 9.179177546E-05 -8.499238468E-06
40.8 9.183173705E-05 -1.700587723E-05
41 8.846907666E-05 1.701328397E-05
41.2 8.510348584E-05 5.10620915E-05
41.4 8.173496077E-05 6.811246731E-05
41.6 7.495638901E-05 2.555331444E-05
41.8 8.180628272E-05 2.556446335E-05
42 8.18419904E-05 -3.152979438E-20
42.2 8.870087336E-05 -8.528930131E-06
42.4 8.873962429E-05 2.559796855E-05
42.6 7.85347465E-05 -1.707277098E-05
42.8 8.198513336E-05 -3.416047223E-05
43 7.17683727E-05 -1.708770779E-05
43.2 7.521881838E-05 -1.832186248E-20
43.4 8.551335377E-05 2.565400613E-05
43.6 8.212877792E-05 3.422032413E-05
43.8 7.874123576E-05 -1.840697261E-20
44 7.192569049E-05 -8.05293301E-21
44.2 7.881030702E-05 5.139802632E-05
44.4 7.884488811E-05 8.570096534E-06
44.6 8.230904302E-05 7.101490898E-21
44.8 7.548309179E-05 2.57328722E-05
45 7.208369947E-05 -6.344456638E-21
45.2 7.211538462E-05 -1.717032967E-05
45.4 7.55826737E-05 8.588940193E-06
45.6 7.217883854E-05 3.790030812E-21
45.8 7.221060739E-05 -2.578950264E-05
46 6.880228974E-05 8.600286218E-06
46.2 6.883259912E-05 7.471971855E-21
46.4 6.886293521E-05 -7.747080212E-05
46.6 7.233796296E-05 -5.166997354E-05
46.8 6.892368769E-05 -1.723092192E-05
47 6.895410415E-05 -1.723852604E-05
47.2 6.553532009E-05 -2.58692053E-05
47.4 6.901501767E-05 -6.901501767E-05
47.6 6.90455148E-05 -6.90455148E-05
47.8 6.90760389E-05 5.291374004E-21
48 6.56512605E-05 8.638323751E-06
48.2 6.568030973E-05 -5.185287611E-05
48.4 6.570938468E-05 -4.322985834E-05
48.6 6.573848539E-05 -4.324900354E-05
48.8 6.230615862E-05 -8.653633141E-06
49 6.23337766E-05 -8.657468972E-06
49.2 6.236141907E-05 -2.598392461E-05
49.4 5.892302573E-05 8.665150843E-06
49.6 5.894917887E-05 1.110964989E-20
49.8 5.55062167E-05 1.734569272E-05
50 5.553087517E-05 3.470679698E-05
50.2 5.555555556E-05 8.680555556E-06
50.4 5.558025789E-05 -8.684415296E-06
50.6 5.560498221E-05 -8.68827847E-06
50.8 5.215287049E-05 2.607643525E-05
51 5.217609083E-05 8.696015138E-06
51.2 5.567928731E-05 -3.479955457E-05
51.4 5.570409982E-05 -1.740753119E-05
51.6 5.921199287E-05 -2.184560956E-21
51.8 6.272301517E-05 3.484611954E-05
52 5.926483713E-05 3.48616689E-05
52.2 5.929129464E-05 1.743861607E-05
52.4 6.280705672E-05 8.723202322E-06
52.6 6.283512064E-05 -2.618130027E-05
52.8 6.635561019E-05 6.501362407E-21
53 6.289132379E-05 1.746981216E-05
53.2 6.291946309E-05 -8.738814318E-06
53.4 6.294762757E-05 -8.742726052E-06
53.6 6.64744738E-05 3.498656516E-05
53.8 6.300403226E-05 0.0001050067204
54 7.003585836E-05 6.128137606E-05
54.2 6.656390135E-05 -9.855137487E-21
54.4 6.308882907E-05 -1.752467474E-05
54.6 5.961063734E-05 -1.49428969E-20
54.8 5.612932196E-05 3.508082622E-05
55 4.913522013E-05 7.290219169E-21
55.2 4.915730337E-05 -8.778089888E-06
55.4 4.566659173E-05 -3.512814748E-05
55.6 4.56871345E-05 -4.392993702E-05
55.8 4.219171917E-05 -8.789941494E-06
56 3.869315624E-05 9.135496241E-22
56.2 3.519144144E-05 -8.79786036E-06
56.4 3.168657053E-05 -2.640547544E-05
56.6 2.817853922E-05 -3.522317403E-05
56.8 2.819124944E-05 -6.166835814E-05
57 2.467847473E-05 -7.932366877E-05
57.2 2.116252822E-05 -4.408860045E-05
57.4 1.411472448E-05 -5.29302168E-05
57.6 1.412110258E-05 -6.177982377E-05
57.8 1.059561483E-05 -3.531871609E-05
58 1.413387607E-05 8.833672546E-06
58.2 1.060520362E-05 2.651300905E-05
58.4 1.41466727E-05 4.600623766E-21
58.6 1.415307971E-05 1.769134964E-05
58.8 1.061961939E-05 -8.849682827E-06
59 1.416591115E-05 -3.541477788E-05
59.2 1.41723356E-05 -4.428854875E-05
59.4 1.417876588E-05 -1.772345735E-05
59.6 1.4185202E-05 8.865751248E-06
59.8 1.419164396E-05 -1.773955495E-05
60 1.064856883E-05 -1.774761472E-05
60.2 1.420454545E-05 -8.877840909E-06
60.4 1.4211005E-05 -8.881878126E-06
60.6 1.421747043E-05 -4.442959509E-05
60.8 1.06679563E-05 -8.889963587E-06
61 1.067281421E-05 3.557604736E-05
61.2 1.067767654E-05 2.669419134E-05
61.4 1.06825433E-05 4.451059708E-05
61.6 7.124943E-06 -1.601185337E-20
61.8 1.069229015E-05 -2.673072536E-05
62 7.131446828E-06 -8.914308535E-06
62.2 7.134703196E-06 -4.459189498E-05
62.4 7.13796254E-06 -2.676735952E-05
62.6 7.141224863E-06 8.926531079E-06
62.8 7.144490169E-06 1.786122542E-05
63 7.147758463E-06 8.934698079E-06
63.2 7.151029748E-06 -3.575514874E-05
63.4 7.154304029E-06 -2.682864011E-05
63.6 7.15758131E-06 -2.684092991E-05
63.8 7.160861595E-06 -2.826070114E-20
64 7.164144888E-06 5.373108666E-05
64.2 3.583715596E-06 3.583715596E-05
64.4 3.585360257E-06 1.069493171E-20
64.6 3.587006428E-06 8.96751607E-06
64.8 3.588654111E-06 3.588654111E-05
65 3.590303309E-06 6.28303079E-05
65.2 3.591954023E-06 2.693965517E-05
65.4 7.187212511E-06 -1.796803128E-05
65.6 3.595260009E-06 1.797630005E-05
65.8 3.596915285E-06 8.992288214E-06
66 3.598572087E-06 2.189448978E-20
66.2 3.600230415E-06 -2.700172811E-05
66.4 3.601890272E-06 -5.402835408E-05
66.6 3.603551661E-06 -1.80177583E-05
66.8 3.605214582E-06 -2.703910937E-05
67 3.60687904E-06 -6.312038319E-05
67.2 0 -3.608545035E-05
67.4 0 -4.512765712E-05
67.6 0 -6.32079288E-05
67.8 0 -1.806776133E-05
68 0 -9.038061083E-06
68.2 0 -2.712673611E-05
68.4 0 -2.71393006E-05
68.6 0 -1.810125116E-05
68.8 0 -1.810964302E-05
69 0 -1.811804267E-05
69.2 0 -1.812645012E-05
69.4 0 -2.720229805E-05
69.6 0 -2.721493265E-05
69.8 0 -1.815171933E-05
70 3.632031613E-06 -1.816015807E-05
70.2 3.63372093E-06 -1.816860465E-05
70.4 3.635411819E-06 -1.81770591E-05
70.6 3.637104283E-06 -3.637104283E-05
70.8 3.638798323E-06 -4.548497904E-05
71 3.640493942E-06 -3.640493942E-05
71.2 3.642191142E-06 -3.642191142E-05
71.4 0 -4.554862407E-05
71.6 3.645590294E-06 -2.73419272E-05
71.8 3.64729225E-06 -1.778923217E-20
72 3.648995796E-06 -4.561244745E-05
72.2 3.650700935E-06 -6.388726636E-05
72.4 3.652407667E-06 -5.478611501E-05
72.6 3.654115996E-06 -6.394702993E-05
72.8 3.655825924E-06 -5.483738886E-05
73 3.657537453E-06 -4.571921816E-05
73.2 3.659250585E-06 -3.659250585E-05
73.4 3.660965323E-06 -5.491447985E-05
73.6 3.662681669E-06 -5.494022504E-05
73.8 3.664399625E-06 -2.748299719E-05
74 3.666119193E-06 -2.749589395E-05
74.2 3.667840376E-06 -9.169600939E-06
74.4 3.669563175E-06 9.173907938E-06
74.6 0 9.178218985E-06
74.8 0 3.673013634E-05
75 0 -9.186853246E-06
75.2 3.676470588E-06 -1.838235294E-05
75.4 0 1.839100753E-05
75.6 0 1.839967028E-05
75.8 0 1.840834119E-05
76 3.683404055E-06 -9.208510137E-06
76.2 3.685141509E-06 9.212853774E-06
76.4 0 2.765160453E-05
76.6 0 1.84431067E-05
76.8 0 -9.225909306E-06
77 0 -9.230269376E-06
77.2 3.693853428E-06 3.693853428E-05
77.4 3.695600757E-06 1.847800378E-05
77.6 3.69734974E-06 -3.789881941E-21
77.8 3.699100379E-06 9.247750947E-06
78 3.700852676E-06 1.062809705E-20
78.2 3.702606635E-06 9.256516588E-06
78.4 3.704362257E-06 -2.778271693E-05
78.6 3.706119545E-06 -1.853059772E-05
78.8 3.7078785E-06 3.773881226E-21
79 3.709639126E-06 -5.564458689E-05
79.2 3.711401425E-06 -4.639251781E-05
79.4 3.713165399E-06 2.311039772E-20
79.6 3.714931051E-06 -1.857465525E-05
79.8 3.716698382E-06 -1.858349191E-05
80 3.718467396E-06 -9.296168491E-06
80.2 3.720238095E-06 -4.650297619E-05
80.4 3.722010481E-06 -3.722010481E-05
80.6 7.447569113E-06 1.861892278E-05
80.8 7.451120649E-06 2.731986605E-20
81 7.454675573E-06 -3.727337786E-05
81.2 3.729116945E-06 -9.322792363E-06
81.4 3.730897803E-06 -1.865448902E-05
81.6 7.465360726E-06 -4.665850454E-05
81.8 3.734464627E-06 -3.734464627E-05
82 3.736250598E-06 -4.670313247E-05
82.2 7.476076555E-06 -6.541566986E-05
82.4 7.479655337E-06 -6.54469842E-05
82.6 7.483237548E-06 -3.741618774E-05
82.8 1.123023479E-05 -4.679264494E-05
83 1.123561841E-05 -6.554110738E-05
83.2 1.124100719E-05 -4.683752998E-05
83.4 1.124640115E-05 -3.748800384E-05
83.6 1.125180029E-05 -3.750600096E-05
83.8 1.125720461E-05 -1.876200768E-05
84 1.126261413E-05 -2.815653532E-05
84.2 1.126802885E-05 -4.695012019E-05
84.4 1.127344877E-05 -2.818362193E-05
84.6 1.127887392E-05 -9.399061598E-06
84.8 7.522869523E-06 -2.821076071E-05
85 7.526493256E-06 -2.822434971E-05
85.2 3.765060241E-06 -9.412650602E-06
85.4 3.766875603E-06 -1.883437801E-05
85.6 7.537385432E-06 -3.768692716E-05
85.8 7.541023166E-06 -1.885255792E-05
86 7.544664413E-06 1.002665246E-20
86.2 3.774154589E-06 2.104991865E-20
86.4 3.775978734E-06 1.887989367E-05
86.6 3.777804642E-06 1.888902321E-05
86.8 3.779632317E-06 1.889816159E-05
87 3.781461762E-06 9.453654405E-06
87.2 3.783292978E-06 -9.458232446E-06
87.4 3.785125969E-06 1.892562984E-05
87.6 0 9.467401842E-06
87.8 3.788797284E-06 1.196538991E-20
88 3.790635614E-06 9.476589034E-06
88.2 3.792475728E-06 3.792475728E-05
88.4 3.79431763E-06 2.845738222E-05
88.6 3.796161322E-06 -1.352481101E-20
88.8 3.798006806E-06 9.495017015E-06
89 3.799854086E-06 2.849890564E-05
89.2 3.801703163E-06 4.752128954E-05
89.4 3.803554041E-06 3.803554041E-05
89.6 3.805406722E-06 9.513516805E-06
89.8 3.807261209E-06 -1.241389055E-20
90 3.809117504E-06 2.856838128E-05
90.2 7.62195122E-06 2.858231707E-05
90.4 1.143850659E-05 9.532088824E-06
90.6 1.525878906E-05 9.536743164E-06
90.8 1.526624328E-05 9.541402052E-06
91 1.909213099E-05 9.546065494E-06
91.2 2.292176039E-05 -2.754357356E-22
91.4 2.293297456E-05 9.555406067E-06
91.6 2.294419971E-05 2.868024963E-05
91.8 2.295543585E-05 2.869429481E-05
92 2.2966683E-05 9.569451249E-06
92.2 1.914828431E-05 -2.872242647E-05
92.4 1.532614026E-05 9.578837666E-06
92.6 7.666830226E-06 2.875061335E-05
92.8 7.670594011E-06 -9.588242514E-06
93 3.837180747E-06 9.592951866E-06
93.2 3.839066339E-06 4.798832924E-05
93.4 3.840953786E-06 3.840953786E-05
93.6 3.842843089E-06 9.607107723E-06
93.8 3.844734252E-06 -2.883550689E-05
94 3.846627277E-06 9.616568193E-06
94.2 3.848522167E-06 9.621305419E-06
94.4 3.850418926E-06 -2.887814194E-05
94.6 0 9.630793886E-06
94.8 0 4.81777257E-05
95 0 2.892090326E-05
95.2 0 -1.929012346E-05
95.4 0 -9.649827075E-06
95.6 0 9.654597133E-06
95.8 0 9.659371909E-06
96 0 -1.000980859E-20
96.2 0 -9.668935644E-06
96.4 0 -7.365424265E-21
96.6 0 -3.871407334E-05
96.8 0 -2.904995042E-05
97 0 3.875248016E-05
97.2 0 1.938585608E-05
97.4 3.879096326E-06 1.939548163E-05
97.6 3.881023348E-06 1.940511674E-05
97.8 3.882952286E-06 -1.941476143E-05
98 3.884883143E-06 -2.024110976E-20
98.2 3.88681592E-06 6.801927861E-05
98.4 3.888750622E-06 6.805313589E-05
98.6 0 4.863359064E-05
98.8 0 5.838938714E-05
99 0 5.841849452E-05
99.2 0 9.74127182E-06
99.4 0 -3.135150658E-20
99.6 0 3.900399401E-05
99.8 0 4.877934565E-05
100 0 3.904297851E-05
100.2 0 2.9296875E-05
100.4 0 3.908204102E-05
100.6 0 5.86524024E-05
100.8 0 8.802265899E-05
101 0 8.806675852E-05
101.2 0 5.87406015E-05
101.4 0 3.918004012E-05
101.6 0 2.939977421E-05
101.8 0 3.921937751E-05
102 0 8.828792064E-05
102.2 0 9.814698492E-05
102.4 0 2.945889894E-05
102.6 0 9.824572435E-06
102.8 0 1.965903372E-05
103 0 -1.966893253E-05
103.2 0 -2.723212697E-21
103.4 0 -2.596367523E-20
103.6 0 -9.849344428E-06
103.8 0 1.194573457E-21
104 0 -1.971857648E-05
104.2 0 -7.402490842E-21
104.4 0 -9.869252148E-06
104.6 3.949696663E-06 -3.949696663E-05
104.8 0 -2.963770865E-05
105 0 -6.918965081E-05
105.2 0 -3.955696203E-05
105.4 0 -1.214023988E-21
105.6 0 -3.959706031E-05
105.8 0 -2.971285497E-05
106 0 -1.981861999E-05
106.2 0 -5.948604061E-05
106.4 0 -4.959687659E-05
106.6 0 -1.98488313E-05
106.8 0 9.929461108E-06
107 0 4.967255849E-05
107.2 0 1.987913486E-05
107.4 0 -2.936299311E-20
107.6 0 4.974847173E-05
107.8 0 6.968335882E-05
108 0 4.979920959E-05
108.2 0 9.964923469E-06
108.4 0 -1.994002042E-05
108.6 0 2.992530644E-05
108.8 0 9.980199285E-06
109 0 9.985301636E-06
109.2 0 1.998081841E-05
109.4 0 -3.998208802E-05
109.6 0 -6.000384025E-05
109.8 0 -2.001152664E-05
110 0 1.001089185E-05
110.2 0 1.001602564E-05
110.4 0 5.01058235E-05
110.6 0 6.015785421E-05
110.8 0 3.009437596E-05
111 0 3.01098407E-05
111.2 0 6.025064267E-05
111.4 0 3.301349181E-21
111.6 0 -4.020844056E-05
111.8 0 -1.00572863E-05
112 0 -3.01874034E-05
112.2 0 -2.013530928E-05
112.4 0 -5.036423414E-05
112.6 0 -6.046826625E-05
112.8 0 -1.314022295E-21
113 0 -2.017691116E-05
113.2 0 -3.028100775E-05
113.4 0 -1.009888831E-05
113.6 0 -3.031233833E-05
113.8 0 -4.04373706E-05
114 0 -5.057288969E-05
114.2 0 -7.083873057E-05
114.4 0 -9.11255832E-05
114.6 0 -7.091221473E-05
114.8 0 -3.040672029E-05
115 0 -4.056334372E-05
115.2 0 -5.073051948E-05
115.4 0 -3.045413202E-05
115.6 0 -5.078328133E-05
115.8 0 -5.080970343E-05
116 0 -3.050169183E-05
116.2 0 -3.051757812E-05
116.4 0 -2.035565399E-05
116.6 0 -2.036626694E-05
116.8 0 1.018844549E-05
117 0 1.019376305E-05
117.2 0 1.019908616E-05
117.4 0 1.020441484E-05
117.6 0 1.020974909E-05
117.8 0 3.064526674E-05
118 4.088173731E-06 -1.130332528E-20
118.2 8.180628272E-06 1.365758935E-21
118.4 8.184913567E-06 -1.911780366E-20
118.6 8.189203354E-06 2.047300839E-05
118.8 8.19349764E-06 9.36615726E-21
119 4.098898216E-06 -5.12362277E-05
119.2 0 -8.076293693E-21
119.4 4.103203782E-06 2.051601891E-05
119.6 8.210719916E-06 3.079019968E-05
119.8 8.215036803E-06 2.053759201E-05
120 8.219358233E-06 -1.027419779E-05
120.2 8.223684211E-06 -2.055921053E-05
120.4 8.228014745E-06 -3.085505529E-05
120.6 8.232349842E-06 -1.02904373E-05
120.8 8.23668951E-06 -1.029586189E-05
121 8.241033755E-06 -4.120516878E-05
121.2 8.245382586E-06 -6.184036939E-05
121.4 4.124868004E-06 -5.156085005E-05
121.6 0 -3.095285261E-05
121.8 0 -2.064614165E-05
122 0 -1.032852988E-05
122.2 0 8.873079483E-21
122.4 0 1.033946533E-05
122.6 0 2.068988347E-05
122.8 0 2.070084791E-05
123 0 2.071182397E-05
123.2 0 3.108421751E-05
123.4 0 3.110071656E-05
123.6 0 5.186205523E-05
123.8 0 3.113376727E-05
124 0 -4.839288465E-21
124.2 0 5.194481383E-05
124.4 0 5.197245875E-05
124.6 0 1.040002662E-05
124.8 0 2.081113479E-05
125 0 1.994780741E-21
125.2 0 -4.678597588E-21
125.4 0 4.168890075E-05
125.6 0 -1.609320544E-20
125.8 0 -2.907103714E-21
126 0 5.219468199E-05
126.2 0 5.222259358E-05
126.4 0 3.135032103E-05
126.6 0 -1.931820209E-21
126.8 0 -1.046130155E-05
127 0 -2.726505881E-21
127.2 0 1.047252011E-05
127.4 0 -1.047813841E-05
127.6 0 -4.193505099E-05
127.8 0 -4.19575725E-05
128 0 -5.247514777E-05
128.2 0 -2.100134409E-05
128.4 0 2.10126412E-05
128.6 0 -2.102395048E-05
128.8 0 -4.207054389E-05
129 0 -1.05233028E-05
129.2 4.211590296E-06 3.158692722E-05
129.4 0 1.05346548E-05
129.6 4.216135996E-06 -5.270169995E-05
129.8 0 -6.32761879E-05
130 0 -2.110345759E-05
130.2 0 1.055743243E-05
130.4 0 -2.112628448E-05
130.6 4.22754329E-06 -2.113771645E-05
130.8 0 -2.95256389E-20
131 0 -1.058030878E-05
131.2 0 -1.058604336E-05
131.4 0 1.059178416E-05
131.6 0 -4.23901248E-05
131.8 4.241313789E-06 -6.361970684E-05
132 4.243617599E-06 -2.1218088E-05
132.2 0 -1.061480978E-05
132.4 0 -1.062058184E-05
132.6 0 1.062636017E-05
132.8 0 2.12642896E-05
133 0 -3.191380719E-05
133.2 0 -3.193119891E-05
133.4 0 -1.064953653E-05
133.6 0 -1.065534643E-05
133.8 0 1.066116266E-05
134 0 5.333492627E-05
134.2 0 5.336407104E-05
134.4 0 3.203594861E-05
134.6 0 2.136898249E-05
134.8 0 2.405599428E-22
135 0 4.278477547E-05
135.2 0 6.421232877E-05
135.4 0 4.28316886E-05
135.6 0 4.285518376E-05
135.8 0 2.143935236E-05
136 0 2.145112576E-05
136.2 0 1.073145604E-05
136.4 0 1.073735569E-05
136.6 0 2.148652365E-05
136.8 0 -2.149834893E-05
137 0 -2.151018722E-05
137.2 0 -1.076101928E-05
137.4 4.306780595E-06 -1.076695149E-05
137.6 0 1.236999469E-20
137.8 4.311534216E-06 4.311534216E-05
138 0 3.235436223E-05
138.2 0 3.237223757E-05
138.4 0 5.398355445E-05
138.6 0 2.160536504E-05
138.8 0 1.080866076E-05
139 4.32585825E-06 1.081464563E-05
139.2 8.656509695E-06 4.328254848E-05
139.4 8.661308204E-06 5.413317627E-05
139.6 4.333056018E-06 5.416320022E-05
139.8 0 9.754786349E-05
140 0 2.168933926E-05
140.2 4.340277778E-06 -4.340277778E-05
140.4 0 -1.628058939E-20
140.6 0 3.258829255E-05
140.8 0 3.260642738E-05
141 4.349944321E-06 -4.532933215E-20
141.2 4.352367688E-06 3.264275766E-05
141.4 4.354793757E-06 3.266095318E-05
141.6 4.357222532E-06 1.089305633E-05
141.8 4.359654018E-06 1.089913504E-05
142 4.362088219E-06 2.181044109E-05
142.2 4.36452514E-06 5.455656425E-05
142.4 4.366964785E-06 3.275223589E-05
142.6 4.369407159E-06 -1.09235179E-05
142.8 4.371852266E-06 -1.092963067E-05
143 4.374300112E-06 -1.113028007E-20
143.2 4.3767507E-06 -2.18837535E-05
143.4 4.379204036E-06 -3.284403027E-05
143.6 4.381660123E-06 -3.795934799E-20
143.8 4.384118967E-06 -2.192059484E-05
144 4.386580573E-06 -2.193290286E-05
144.2 4.389044944E-06 2.194522472E-05
144.4 4.391512085E-06 -1.097878021E-05
144.6 4.393982002E-06 -3.295486502E-05
144.8 0 -5.495568374E-05
145 4.39893018E-06 -2.19946509E-05
145.2 4.401408451E-06 3.301056338E-05
145.4 4.403889515E-06 2.201944758E-05
145.6 4.406373378E-06 2.765244131E-20
145.8 4.408860045E-06 -4.408860045E-05
146 4.41134952E-06 2.20567476E-05
146.2 0 2.206920904E-05
146.4 0 -1.104084228E-05
146.6 4.418834842E-06 -2.209417421E-05
146.8 0 -7.737337295E-05
147 0 -1.105959796E-05
147.2 0 -2.213172805E-05
147.4 0 -4.428854875E-05
147.6 0 -1.107841747E-05
147.8 0 -4.433881952E-05
148 0 -3.32729983E-05
148.2 0 -3.329190341E-05
148.4 4.441444002E-06 -5.551805003E-05
148.6 0 -2.22198521E-05
148.8 0 -3.334874787E-05
149 0 -5.561289863E-05
149.2 4.451566952E-06 -3.338675214E-05
149.4 4.454104903E-06 -4.454104903E-05
149.6 4.45664575E-06 -6.684968625E-05
149.8 4.459189498E-06 -5.573986872E-05
150 8.923472302E-06 -6.692604226E-05
150.2 1.339285714E-05 -5.580357143E-05
150.4 1.340051458E-05 -2.233419097E-05
150.6 1.340818078E-05 -5.586741991E-05
150.8 1.341585575E-05 -6.707927876E-05
151 1.342353952E-05 -4.474513173E-05
151.2 1.343123209E-05 -2.238538682E-05
151.4 1.343893349E-05 -5.796051618E-21
151.6 1.344664372E-05 1.120553643E-05
151.8 1.34543628E-05 1.1211969E-05
152 1.346209075E-05 1.121840896E-05
152.2 1.346982759E-05 -7.354046756E-21
152.4 1.347757332E-05 -3.369393329E-05
152.6 1.348532796E-05 1.12377733E-05
152.8 1.349309154E-05 -2.24884859E-05
153 9.000576037E-06 -7.875504032E-05
153.2 1.350864553E-05 -3.377161383E-05
153.4 1.351643599E-05 -1.126369666E-05
153.6 1.352423543E-05 -1.127019619E-05
153.8 9.021362587E-06 1.127670323E-05
154 9.026574235E-06 2.256643559E-05
154.2 1.354768786E-05 3.386921965E-05
154.4 9.037015616E-06 2.259253904E-05
154.6 9.04224537E-06 1.130280671E-05
154.8 9.047481181E-06 6.785610886E-05
155 0 7.921132677E-05
155.2 0 4.528985507E-05
155.4 0 7.930321926E-05
155.6 0 6.8013639E-05
155.8 0 3.402656794E-05
156 0 4.539511912E-05
156.2 0 4.542151163E-05
156.4 0 3.408595113E-05
156.6 0 1.136859721E-05
156.8 0 -1.13752184E-05
157 0 -2.276369464E-05
157.2 0 -1.613288738E-20
157.4 0 -3.418538506E-05
157.6 0 -4.560712201E-05
157.8 0 4.959589853E-21
158 0 1.141510812E-05
158.2 0 6.42079197E-21
158.4 0 -2.285693388E-05
158.6 4.574063232E-06 -2.287031616E-05
158.8 4.576742824E-06 1.98166235E-20
159 4.579425557E-06 1.976202282E-20
159.2 0 6.079443452E-21
159.4 9.169600939E-06 3.438600352E-05
159.6 9.17498532E-06 1.146873165E-05
159.8 9.180376028E-06 -6.885282021E-05
160 4.592886537E-06 -3.444664903E-05
160.2 9.191176471E-06 3.446691176E-05
160.4 9.196586227E-06 6.89743967E-05
160.6 9.202002356E-06 5.751251472E-05
160.8 9.207424867E-06 -1.150928108E-05
161 9.212853774E-06 1.151606722E-05
161.2 9.218289086E-06 4.609144543E-05
161.4 9.223730815E-06 4.611865407E-05
161.6 9.229178972E-06 8.075531601E-05
161.8 9.23463357E-06 0.0001038896277
162 9.240094619E-06 5.775059137E-05
162.2 9.24556213E-06 -1.155695266E-05
162.4 9.251036116E-06 -3.469138544E-05
162.6 9.256516588E-06 -1.157064573E-05
162.8 9.262003557E-06 -2.76737582E-20
163 9.267497034E-06 -2.316874259E-05
163.2 9.272997033E-06 -2.318249258E-05
163.4 4.639251781E-06 -1.159812945E-05
163.6 4.642008318E-06 2.321004159E-05
163.8 4.644768133E-06 1.161192033E-05
164 4.647531231E-06 -3.485648424E-05
164.2 0 -1.162574405E-05
164.4 0 -2.148998161E-20
164.6 0 2.327920143E-05
164.8 0 4.658616577E-05
165 0 2.330698091E-05
165.2 0 -1.166044776E-05
165.4 0 -3.500224014E-05
165.6 0 -3.502316198E-05
165.8 0 -3.504410885E-05
166 0 -4.675344105E-05
166.2 0 -1.169535928E-05
166.4 0 3.510710006E-05
166.6 0 3.512814748E-05
166.8 0 -1.171640672E-05
167 0 -3.517031813E-05
167.2 0 -1.173048048E-05
167.4 0 -8.969648354E-21
167.6 0 -3.523376428E-05
167.8 0 -3.52549639E-05
168 0 1.175872968E-05
168.2 0 -2.353162651E-05
168.4 0 -8.241033755E-05
168.6 0 -3.534001809E-05
168.8 0 -1.178711527E-05
169 0 -4.717693237E-05
169.2 0 -2.360271903E-05
169.4 0 -1.180849456E-05
169.6 0 -4.427033589E-21
169.8 0 2.364558111E-05
170 0 -5.914975772E-05
170.2 0 -0.0001065340909
170.4 0 -2.368859915E-05
170.6 0 1.185148665E-05
170.8 0 -2.371736491E-05
171 0 -4.7463548E-05
171.2 0 -2.374620061E-05
171.4 0 -2.376064477E-05
171.6 0 -3.566265977E-05
171.8 0 1.189479294E-05
172 0 2.25018624E-20
172.2 0 -2.381859756E-05
172.4 0 -4.766625991E-05
172.6 0 -4.76953602E-05
172.8 0 -1.193112401E-05
173 0 -2.387683374E-05
173.2 0 3.583715596E-05
173.4 0 4.78121175E-05
173.6 0 -2.39206981E-05
173.8 0 -4.787071078E-05
174 4.790006131E-06 -5.987507664E-05
174.2 4.792944785E-06 1.311758477E-21
174.4 4.795887047E-06 1.8116864E-20
174.6 9.597665848E-06 -9.597665848E-05
174.8 1.440534726E-05 6.039202578E-21
175 1.441420664E-05 7.207103321E-05
175.2 1.442307692E-05 2.403846154E-05
175.4 1.924261084E-05 3.607989532E-05
175.6 2.40680838E-05 -7.488810595E-22
175.8 2.889950678E-05 -4.816584464E-05
176 3.373689081E-05 -3.614666872E-05
176.2 3.858024691E-05 -2.411265432E-05
176.4 4.342958616E-05 -3.61913218E-05
176.6 4.828491965E-05 3.662117602E-20
176.8 5.31462585E-05 2.415739023E-05
177 5.801361386E-05 2.417233911E-05
177.2 6.28869969E-05 3.784008738E-20
177.4 6.776641884E-05 -2.420229244E-05
177.6 7.265189089E-05 2.421729696E-05
177.8 7.754342432E-05 4.84646402E-05
178 8.244103042E-05 4.849472377E-05
178.2 8.73447205E-05 2.362560383E-20
178.4 9.22545059E-05 2.427750155E-05
178.6 9.717039801E-05 8.502409826E-05
178.8 0.0001020924082 6.07692906E-05
179 0.0001070205479 4.864570361E-05
179.2 0.0001119548287 2.433800623E-05
179.4 0.0001120246259 -1.217658978E-05
179.6 0.0001120945103 -3.65525577E-05
179.8 0.0001121644819 -6.095895755E-05
180 0.0001171143036 -4.331295296E-21
180.2 0.0001220703125 1.031075098E-20
180.4 0.0001221466542 -7.32879925E-05
180.6 0.0001222230914 -9.777847309E-05
180.8 0.0001222996243 -4.891984972E-05
181 0.000117481203 -1.223762531E-05
181.2 0.0001175548589 -6.122648903E-05
181.4 0.0001225297992 -3.675893977E-05
181.6 0.0001127981795 -4.904268675E-05
181.8 0.0001079616834 -7.361023869E-05
182 0.0001031191075 1.227608422E-05
182.2 0.0001031839623 2.456761006E-05
182.4 0.0001032488987 -4.52238972E-20
182.6 9.839420655E-05 1.229927582E-05
182.8 9.353339635E-05 -3.69210775E-05
183 9.359237074E-05 -1.231478562E-05
183.2 8.872239748E-05 3.696766562E-05
183.4 8.877840909E-05 1.23303346E-05
183.6 8.389924195E-05 2.467624763E-05
183.8 7.901390645E-05 4.938369153E-05
184 7.412239089E-05 2.470746363E-05
184.2 6.922468354E-05 -1.236155063E-05
184.4 6.926852438E-05 -1.236937935E-05
184.6 6.436153359E-05 1.085109466E-20
184.8 5.944831959E-05 -3.715519975E-05
185 5.452887056E-05 -2.478585025E-05
185.2 4.96031746E-05 3.486140543E-21
185.4 4.467121982E-05 1.459316968E-20
185.6 3.476636999E-05 -3.481202492E-21
185.8 2.484891858E-05 -1.619050443E-20
186 1.989178867E-05 1.243236792E-05
186.2 9.952229299E-06 1.244028662E-05
186.4 4.97928617E-06 7.979034707E-21
186.6 4.982461735E-06 -1.245615434E-05
186.8 4.985641353E-06 1.246410338E-05
187 4.988825032E-06 -1.443903742E-20
187.2 4.99201278E-06 -2.49600639E-05
187.4 4.995204604E-06 -1.248801151E-05
187.6 0 2.499200256E-05
187.8 0 1.250400128E-05
188 0 -1.251201153E-05
188.2 0 1.252003205E-05
188.4 0 5.541677459E-20
188.6 0 -1.253610398E-05
188.8 0 2.508831085E-05
189 0 2.510443445E-05
189.2 0 -2.512057878E-05
189.4 0 -3.770511583E-05
189.6 0 1.225174215E-20
189.8 0 2.51691366E-05
190 0 2.518536428E-05
190.2 5.040322581E-06 2.52016129E-05
190.4 5.043576501E-06 -4.186720714E-21
190.6 5.046834625E-06 -3.785125969E-05
190.8 5.050096962E-06 -3.787572721E-05
191 5.053363519E-06 -2.526681759E-05
191.2 5.056634304E-06 -2.528317152E-05
191.4 5.059909326E-06 -1.264977332E-05
191.6 5.063188594E-06 -1.265797148E-05
191.8 5.066472114E-06 -3.799854086E-05
192 5.069759896E-06 -2.534879948E-05
192.2 5.073051948E-06 4.014511913E-20
192.4 5.076348278E-06 -1.26908707E-05
192.6 5.079648895E-06 -2.539824447E-05
192.8 5.082953806E-06 -1.270738452E-05
193 5.086263021E-06 -1.271565755E-05
193.2 5.089576547E-06 -3.81718241E-05
193.4 5.092894394E-06 -1.273223598E-05
193.6 0 2.714306934E-20
193.8 5.099543081E-06 -3.824657311E-05
194 5.102873939E-06 -1.275718485E-05
194.2 5.10620915E-06 -1.947312847E-20
194.4 5.109548725E-06 -3.832161543E-05
194.6 5.11289267E-06 -1.278223168E-05
194.8 5.116240995E-06 1.974373748E-20
195 5.119593709E-06 -6.399492136E-05
195.2 5.12295082E-06 -3.842213115E-05
195.4 5.126312336E-06 3.888107509E-21
195.6 5.129678267E-06 -1.282419567E-05
195.8 5.13304862E-06 -1.283262155E-05
196 5.136423406E-06 1.579160406E-20
196.2 5.139802632E-06 2.569901316E-05
196.4 5.143186307E-06 1.285796577E-05
196.6 5.14657444E-06 3.85993083E-05
196.8 5.14996704E-06 3.86247528E-05
197 5.153364116E-06 -1.288341029E-05
197.2 5.156765677E-06 -2.578382838E-05
197.4 5.160171731E-06 -3.787381038E-21
197.6 5.163582287E-06 -2.581791143E-05
197.8 5.166997354E-06 1.103109919E-20
198 5.170416942E-06 2.847837902E-21
198.2 5.17384106E-06 -3.880380795E-05
198.4 5.177269715E-06 3.212049568E-22
198.6 5.180702918E-06 3.885527188E-05
198.8 5.184140677E-06 5.184140677E-05
199 5.187583001E-06 2.593791501E-05
199.2 5.1910299E-06 1.297757475E-05
199.4 5.194481383E-06 -1.298620346E-05
199.6 5.197937458E-06 -5.197937458E-05
199.8 5.201398136E-06 -1.300349534E-05
200 0 2.016893693E-20
200.2 0 -2.604166667E-05
200.4 5.211807872E-06 2.605903936E-05
200.6 5.215287049E-06 1.303821762E-05
200.8 5.218770875E-06 -2.609385438E-05
201 5.222259358E-06 -1.30556484E-05
201.2 5.225752508E-06 -2.167420586E-20
201.4 5.229250335E-06 -2.20146969E-20
201.6 5.232752847E-06 3.924564635E-05
201.8 5.236260054E-06 9.163455094E-05
202 5.239771965E-06 3.929828974E-05
202.2 5.243288591E-06 -1.310822148E-05
202.4 5.24680994E-06 1.311702485E-05
202.6 0 -1.312584005E-05
202.8 5.253866846E-06 1.313466711E-05
203 5.257402423E-06 3.943051817E-05
203.2 5.260942761E-06 -1.31523569E-05
203.4 5.264487871E-06 -1.145061773E-20
203.6 5.268037761E-06 1.31700944E-05
203.8 5.271592443E-06 -2.078050432E-20
204 5.275151924E-06 3.956363943E-05
204.2 5.278716216E-06 3.959037162E-05
204.4 5.282285328E-06 1.320571332E-05
204.6 5.285859269E-06 -1.321464817E-05
204.8 5.28943805E-06 -6.611797563E-05
205 5.29302168E-06 -1.32325542E-05
205.2 5.296610169E-06 1.324152542E-05
205.4 5.300203528E-06 -1.325050882E-05
205.6 0 -3.977851324E-05
205.8 0 -1.326851223E-05
206 0 -3.78468107E-20
206.2 0 -5.31462585E-05
206.4 5.318243703E-06 -2.659121852E-05
206.6 5.321866485E-06 1.330466621E-05
206.8 5.325494206E-06 -1.331373551E-05
207 5.329126876E-06 -1.332281719E-05
207.2 5.332764505E-06 3.999573379E-05
207.4 0 1.334101776E-05
207.6 0 2.994579213E-20
207.8 0 2.671853625E-05
208 0 6.684206023E-05
208.2 0 5.351027397E-05
208.4 0 2.677347498E-05
208.6 0 6.697959534E-05
208.8 0 6.702556623E-05
209 5.365728022E-06 4.296180272E-20
209.2 1.073883162E-05 2.413956535E-20
209.4 1.6119326E-05 2.686554333E-05
209.6 2.150722643E-05 5.376806607E-05
209.8 2.152203857E-05 9.415891873E-05
210 1.615265334E-05 9.422381116E-05
210.2 1.077586207E-05 0.0001077586207
210.4 5.391649413E-06 9.435386473E-05
210.6 0 8.093059392E-05
210.8 0 9.448427782E-05
211 0 6.75354426E-05
211.2 0 4.054930796E-05
211.4 0 5.41031856E-05
211.6 0 4.060550936E-05
211.8 0 2.708911234E-05
212 0 5.421582235E-05
212.2 0 4.069010417E-05
212.4 0 -4.071838082E-05
212.6 0 1.522552856E-20
212.8 0 1.359168406E-05
213 0 -2.720229805E-05
213.2 0 -1.361062718E-05
213.4 0 2.72402371E-05
213.6 0 4.08888695E-05
213.8 0 1.363914106E-05
214 0 -1.052677309E-20
214.2 0 -2.731643357E-05
214.4 0 1.853235488E-20
214.6 0 2.735469188E-05
214.8 0 -2.195961238E-20
215 0 -2.73930575E-05
215.2 0 -4.111842105E-05
215.4 0 -4.114729635E-05
215.6 0 -5.49016163E-05
215.8 0 -8.241033755E-05
216 0 -9.621305419E-05
216.2 0 -0.0001100352113
216.4 0 -6.882047216E-05
216.6 0 -5.509520451E-05
216.8 0 -6.891760762E-05
217 0 -6.896627825E-05
217.2 0 -4.14090106E-05
217.4 0 2.762553041E-05
217.6 0 4.146762208E-05
217.8 0 -2.766466006E-05
218 0 -8.305279943E-05
218.2 0 1.385195035E-05
218.4 0 -5.544712562E-05
218.6 0 -9.710138494E-05
218.8 0 -1.388148543E-05
219 0 -9.723950925E-05
219.2 0 -5.560498221E-05
219.4 0 -5.564458689E-05
219.6 0 -8.352637206E-05
219.8 0 -5.572396576E-05
220 0 -4.182280514E-05
220.2 0 -1.062309688E-20
220.4 0 -1.39608649E-05
220.6 0 -1.397085122E-05
220.8 0 -2.796170365E-05
221 0 -5.596346705E-05
221.2 0 -2.800179211E-05
221.4 0 -1.401093974E-05
221.6 0 -2.804199569E-05
221.8 0 -4.672784264E-21
222 0 1.404115744E-05
222.2 0 -2.810251799E-05
222.4 0 1.406137509E-05
222.6 0 1.407150576E-05
222.8 5.632660418E-06 -9.857155732E-05
223 5.636724387E-06 -4.22754329E-05
223.2 5.640794224E-06 1.410198556E-05
223.4 5.644869942E-06 -2.822434971E-05
223.6 5.648951555E-06 -1.412237889E-05
223.8 5.653039074E-06 1.355388746E-20
224 5.657132513E-06 3.247253826E-22
224.2 5.661231884E-06 2.830615942E-05
224.4 5.665337201E-06 7.081671501E-05
224.6 5.669448476E-06 4.252086357E-05
224.8 5.673565723E-06 4.255174292E-05
225 0 4.258266715E-05
225.2 0 -1.420454545E-05
225.4 5.685953421E-06 -4.030151085E-21
225.6 1.138018937E-05 2.845047342E-05
225.8 1.708272595E-05 2.847120991E-05
226 2.849197666E-05 4.273796499E-05
226.2 3.421532847E-05 4.276916058E-05
226.4 3.994704164E-05 4.280040175E-05
226.6 4.56871345E-05 4.28316886E-05
226.8 5.143562546E-05 2.857534748E-05
227 5.147327965E-05 1.429813324E-05
227.2 5.151098901E-05 3.265002436E-20
227.4 5.727639296E-05 1.431909824E-05
227.6 5.731841526E-05 1.432960382E-05
227.8 5.736049927E-05 2.868024963E-05
228 5.740264511E-05 4.305198384E-05
228.2 5.744485294E-05 -1.436121324E-05
228.4 6.323583517E-05 -2.874356144E-05
228.6 6.90353461E-05 1.438236377E-05
228.8 6.90862196E-05 2.319845445E-20
229 6.913716814E-05 -2.880715339E-05
229.2 7.495387454E-05 -2.882841328E-05
229.4 8.077917282E-05 -2.884970458E-05
229.6 8.661308204E-05 -4.330654102E-05
229.8 9.823409763E-05 -4.333857249E-05
230 9.252405625E-05 -4.337065137E-05
230.2 8.680555556E-05 -4.340277778E-05
230.4 8.686990363E-05 -2.895663454E-05
230.6 8.693434718E-05 -4.346717359E-05
230.8 8.699888641E-05 -4.349944321E-05
231 9.286775632E-05 -1.451058692E-05
231.2 9.293680297E-05 1.452137546E-05
231.4 8.719308036E-05 2.906436012E-05
231.6 8.725800447E-05 -2.908600149E-05
231.8 9.314456036E-05 -7.276918778E-05
232 8.738814318E-05 -1.456469053E-05
232.2 8.745335821E-05 -2.91511194E-05
232.4 9.335324869E-05 -2.917289022E-05
232.6 9.926195815E-05 4.379204036E-05
232.8 0.0001051795064 2.921652954E-05
233 0.0001169535928 1.46191991E-05
233.2 0.0001053370787 2.926029963E-05
233.4 0.000105416042 1.464111694E-05
233.6 0.0001054951238 1.465210053E-05
233.8 0.0001055743243 -1.741474401E-21
234 0.0001115232908 -4.402235162E-05
234.2 0.0001116071429 -1.468515038E-05
234.4 0.0001175696012 2.93924003E-05
234.6 0.0001117752259 2.941453313E-05
234.8 0.0001059721176 9.110855618E-21
235 0.0001001602564 2.945889894E-05
235.2 9.433962264E-05 5.896226415E-05
235.4 9.441087613E-05 -1.47516994E-05
235.6 0.0001003873772 -2.24047551E-20
235.8 0.0001004633132 -2.111436151E-20
236 0.0001005393641 -4.435560182E-05
236.2 0.0001006155303 -1.479640152E-05
236.4 9.476876422E-05 -1.480761941E-05
236.6 9.484066768E-05 -2.035392053E-20
236.8 9.491268033E-05 2.96602126E-05
237 9.498480243E-05 -1.484137538E-05
237.2 9.505703422E-05 -2.676703983E-20
237.4 9.512937595E-05 -3.234041348E-20
237.6 9.520182788E-05 -2.33668084E-20
237.8 9.527439024E-05 2.977324695E-05
238 9.534706331E-05 -2.979595728E-05
238.2 9.541984733E-05 -9.214293912E-21
238.4 8.952444614E-05 4.476222307E-05
238.6 8.362003058E-05 7.466074159E-05
238.8 7.770657995E-05 2.988714614E-05
239 7.776607963E-05 1.495501531E-05
239.2 7.78256705E-05 7.483237548E-05
239.4 7.788535276E-05 1.497795245E-05
239.6 7.194934766E-05 8.41985696E-21
239.8 6.600422427E-05 -3.000192012E-05
240 6.605495772E-05 -6.004996157E-05
240.2 6.610576923E-05 4.770294141E-20
240.4 6.014241724E-05 3.007120862E-05
240.6 6.018875193E-05 1.504718798E-05
240.8 6.023515806E-05 3.011757903E-05
241 6.02816358E-05 6.02816358E-05
241.2 5.42953668E-05 6.032818533E-05
241.4 5.433732612E-05 1.50937017E-05
241.6 6.042150039E-05 -1.765280051E-20
241.8 6.651509288E-05 -3.023413313E-05
242 7.261812548E-05 -6.051510457E-05
242.2 7.26744186E-05 -1.514050388E-05
242.4 7.273079907E-05 1.515224981E-05
242.6 6.672166149E-05 9.098408385E-05
242.8 6.677350427E-05 9.105477855E-05
243 6.682542768E-05 -1.461815788E-20
243.2 6.687743191E-05 -3.039883268E-05
243.4 6.084501558E-05 3.763089538E-20
243.6 5.480319564E-05 1.52231099E-05
243.8 4.875195008E-05 3.04699688E-05
244 4.269125683E-05 4.574063232E-05
244.2 3.662109375E-05 3.051757812E-05
244.4 3.664972635E-05 4.581215794E-05
244.6 3.056533646E-05 1.528266823E-05
244.8 2.447141738E-05 3.058927173E-05
245 1.836794671E-05 1.530662226E-05
245.2 1.225490196E-05 -1.531862745E-05
245.4 6.132260597E-06 4.599195447E-05
245.6 0 1.534269442E-05
245.8 0 -1.535475629E-05
246 0 -3.495632654E-20
246.2 0 -4.694013324E-21
246.4 0 2.160106074E-20
246.6 0 1.540319401E-05
246.8 0 -4.749772249E-21
247 0 -3.085505529E-05
247.2 0 -4.631916996E-05
247.4 0 -3.090387658E-05
247.6 0 2.749357848E-20
247.8 0 -1.547642631E-05
248 0 -6.195479778E-05
248.2 0 -6.200396825E-05
248.4 0 -1.551330421E-05
248.6 0 3.105127186E-05
248.8 0 4.661396181E-05
249 0 3.110071656E-05
249.2 0 -1.5562749E-05
249.4 0 -7.787579745E-05
249.6 0 -3.117517957E-05
249.8 0 -5.824969569E-20
250 0 -3.122501998E-05
250.2 0 -4.6875E-05
250.4 0 -3.127502002E-05
250.6 0 -3.130008013E-05
250.8 0 -1.566259022E-05
251 0 -1.567516051E-05
251.2 0 -1.5687751E-05
251.4 0 3.140072347E-05
251.6 0 2.324950627E-21
251.8 0 -3.385019362E-20
252 0 4.721494762E-05
252.2 0 3.150201613E-05
252.4 0 -3.152744149E-05
252.6 0 -1.577645396E-05
252.8 0 -3.019696362E-20
253 0 -2.886163049E-21
253.2 0 1.581477733E-05
253.4 0 -1.223366831E-20
253.6 0 1.584042985E-05
253.8 0 1.585328734E-05
254 0 -1.586616572E-05
254.2 0 2.299254831E-20
254.4 0 4.767595606E-05
254.6 0 1.590492671E-05
254.8 0 -1.591788916E-05
255 0 -3.186174551E-05
255.2 0 1.594387755E-05
255.4 0 -1.595690359E-05
255.6 6.387980376E-06 -6.387980376E-05
255.8 1.278641571E-05 1.598301964E-05
256 1.91953317E-05 -1.599610975E-05
256.2 2.56147541E-05 -4.802766393E-05
256.4 3.845365053E-05 -1.602235439E-05
256.6 4.489942529E-05 -1.603550903E-05
256.8 5.777526705E-05 1.604868529E-05
257 7.067228618E-05 3.212376645E-05
257.2 8.359053498E-05 -1.607510288E-05
257.4 9.009472817E-05 -3.853593551E-21
257.6 9.016900247E-05 1.610160758E-05
257.8 9.024339934E-05 1.611489274E-05
258 9.031791908E-05 -1.480547591E-20
258.2 9.039256198E-05 -3.709676562E-20
258.4 9.046732837E-05 3.230976013E-05
258.6 9.054221854E-05 3.233650662E-05
258.8 9.061723281E-05 4.854494615E-05
259 8.421434494E-05 1.619506633E-05
259.2 8.428423237E-05 1.620850622E-05
259.4 8.435423588E-05 6.488787375E-05
259.6 8.442435578E-05 8.117726517E-05
259.8 8.449459235E-05 8.124480033E-05
260 8.456494588E-05 4.878746878E-05
260.2 8.463541667E-05 4.8828125E-05
260.4 8.4706005E-05 6.515846539E-05
260.6 7.825542571E-05 3.260642738E-05
260.8 8.484753551E-05 1.631683375E-05
261 7.838628763E-05 3.266095318E-05
261.2 7.191422594E-05 3.268828452E-05
261.4 6.543132328E-05 4.907349246E-05
261.6 5.893755239E-05 3.274308466E-05
261.8 5.898699664E-05 2.899287098E-20
262 5.903652393E-05 -3.279806885E-05
262.2 5.908613445E-05 -3.282563025E-05
262.4 5.913582843E-05 -1.642661901E-05
262.6 5.918560606E-05 -4.932133838E-05
262.8 5.923546757E-05 -4.936288964E-05
263 5.928541315E-05 -1.646817032E-05
263.2 5.933544304E-05 -1.648206751E-05
263.4 6.59839527E-05 1.401352147E-20
263.6 6.60397295E-05 1.76219417E-20
263.8 6.609560068E-05 -3.304780034E-05
264 6.615156647E-05 -1.653789162E-05
264.2 6.620762712E-05 -1.655190678E-05
264.4 6.626378287E-05 -3.313189143E-05
264.6 6.632003396E-05 -1.658000849E-05
264.8 6.637638063E-05 -3.318819031E-05
265 6.643282313E-05 -4.982461735E-05
265.2 6.64893617E-05 1.662234043E-05
265.4 5.989139693E-05 6.654599659E-05
265.6 4.662190963E-05 1.454856553E-20
265.8 4.666168942E-05 -8.332444539E-05
266 4.670153715E-05 -0.0001000747225
266.2 4.674145299E-05 -3.338675214E-05
266.4 4.678143713E-05 2.635403393E-20
266.6 4.682148973E-05 -1.672196062E-05
266.8 4.686161097E-05 1.673628963E-05
267 5.360205832E-05 -3.350128645E-05
267.2 6.035407725E-05 -8.38251073E-05
267.4 6.711769759E-05 -1.67794244E-05
267.6 6.717540843E-05 1.679385211E-05
267.8 6.723321859E-05 -1.680830465E-05
268 6.05620155E-05 1.682278208E-05
268.2 6.734913793E-05 -2.233830338E-21
268.4 7.414797239E-05 -3.370362381E-05
268.6 7.421200345E-05 -1.686636442E-05
268.8 7.42761452E-05 -5.064282627E-05
269 6.758217993E-05 -6.758217993E-05
269.2 6.764069264E-05 -5.073051948E-05
269.4 6.769930676E-05 -1.692482669E-05
269.6 6.775802255E-05 -5.081851691E-05
269.8 7.459852431E-05 -6.781684028E-05
270 7.466333623E-05 -5.090682016E-05
270.2 7.472826087E-05 -5.095108696E-05
270.4 7.479329852E-05 -1.699847694E-05
270.6 7.485844948E-05 1.701328397E-05
270.8 7.492371404E-05 3.405623365E-05
271 6.817190227E-05 1.704297557E-05
271.2 6.140829694E-05 -1.705786026E-05
271.4 5.463286713E-05 -1.707277098E-05
271.6 4.78455818E-05 -1.708770779E-05
271.8 4.104640981E-05 -5.130801226E-05
272 3.423531989E-05 -5.135297984E-05
272.2 2.74122807E-05 -5.575587217E-20
272.4 2.057726076E-05 3.429543459E-05
272.6 1.373022847E-05 3.432557118E-05
272.8 1.374230431E-05 6.871152155E-05
273 6.877200704E-06 6.877200704E-05
273.2 0 5.162444934E-05
273.4 0 5.166997354E-05
273.6 0 3.447705207E-05
273.8 0 6.901501767E-05
274 0 6.90760389E-05
274.2 0 5.185287611E-05
274.4 0 5.189880425E-05
274.6 0 8.242638733E-21
274.8 0 -3.466060337E-05
275 0 -3.469138544E-05
275.2 0 -5.208333333E-05
275.4 0 -3.475311388E-05
275.6 0 1.739203028E-05
275.8 0 3.481506239E-05
276 0 -3.484611954E-05
276.2 0 -6.975446429E-05
276.4 0 -1.745420018E-05
276.6 0 1.746981216E-05
276.8 0 -5.22956276E-20
277 0 -3.500224014E-05
277.2 0 -1.751681614E-05
277.4 0 -1.753254039E-05
277.6 0 -1.156736094E-20
277.8 0 -1.756407374E-05
278 0 -5.273964896E-05
278.2 0 -3.519144144E-05
278.4 0 -3.522317403E-05
278.6 0 -3.52549639E-05
278.8 0 -3.52868112E-05
279 0 -3.531871609E-05
279.2 0 -1.767533937E-05
279.4 0 -1.700388594E-20
279.6 0 -3.541477788E-05
279.8 0 -5.317037205E-05
280 0 1.773955495E-05
280.2 0 3.551136364E-05
280.4 0 -1.015827576E-21
280.6 0 -4.901526916E-20
280.8 0 1.780423883E-05
281 0 1.88362077E-20
281.2 0 -3.567351598E-05
281.4 0 -1.785306216E-05
281.6 0 1.786939616E-05
281.8 0 1.788576007E-05
282 0 1.790215399E-05
282.2 0 3.583715596E-05
282.4 0 -1.793503214E-05
282.6 0 -3.590303309E-05
282.8 0 1.447200935E-20
283 0 -1.798457643E-05
283.2 0 -3.600230415E-05
283.4 7.207103321E-06 -3.603551661E-05
283.6 1.442751616E-05 -1.80343952E-05
283.8 1.444085028E-05 -1.805106285E-05
284 7.227104533E-06 -3.613552266E-05
284.2 0 -2.698281637E-20
284.4 0 5.430375348E-05
284.6 0 1.811804267E-05
284.8 0 -1.813486537E-05
285 0 1.815171933E-05
285.2 0 1.816860465E-05
285.4 0 -2.511688548E-20
285.6 0 -2.522181473E-20
285.8 0 1.821944963E-05
286 0 -1.823646125E-05
286.2 7.301401869E-06 -5.536037945E-20
286.4 1.461646399E-05 3.654115996E-05
286.6 2.194522472E-05 -1.828768727E-05
286.8 2.196579194E-05 -1.830482662E-05
287 2.198639775E-05 -1.594688832E-20
287.2 2.200704225E-05 -3.409823154E-20
287.4 2.202772556E-05 -3.748671643E-20
287.6 2.204844779E-05 3.674741298E-05
287.8 2.206920904E-05 3.678201507E-05
288 2.209000943E-05 -1.840834119E-05
288.2 2.211084906E-05 -4.846470843E-20
288.4 2.213172805E-05 -1.84431067E-05
288.6 2.21526465E-05 -3.69210775E-05
288.8 2.217360454E-05 1.847800378E-05
289 1.479640152E-05 1.849550189E-05
289.2 1.481042654E-05 1.851303318E-05
289.4 7.412239089E-06 1.853059772E-05
289.6 0 -9.247677211E-21
289.8 0 -3.713165399E-05
290 0 -3.716698382E-05
290.2 0 1.860119048E-05
290.4 7.447569113E-06 -1.861892278E-05
290.6 1.490935115E-05 1.532008786E-20
290.8 7.461795606E-06 7.461795606E-05
291 0 2.772159154E-20
291.2 0 -3.738038278E-05
291.4 0 1.870809387E-05
291.6 0 -1.517952724E-20
291.8 0 1.874400192E-05
292 0 7.504803074E-05
292.2 0 5.634014423E-05
292.4 0 3.759624639E-05
292.6 0 1.881623314E-05
292.8 0 -1.883437801E-05
293 0 1.885255792E-05
293.2 0 5.661231884E-05
293.4 0 5.666706963E-05
293.6 0 5.672192643E-05
293.8 0 1.892562984E-05
294 0 1.894398642E-05
294.2 0 -2.210450096E-20
294.4 0 -6.279507471E-22
294.6 0 5.699781128E-05
294.8 0 3.803554041E-05
295 0 3.807261209E-05
295.2 0 3.81097561E-05
295.4 0 -6.627544794E-21
295.6 0 -1.909213099E-05
295.8 0 -3.822162427E-05
296 0 -5.738858962E-05
296.2 0 -3.829656863E-05
296.4 0 -1.916707556E-05
296.6 0 -5.75577112E-05
296.8 0 -6.014366383E-23
297 0 3.844734252E-05
297.2 0 3.394831162E-20
297.4 0 1.926158777E-05
297.6 0 5.784180652E-05
297.8 0 1.341850689E-20
298 0 4.461207752E-20
298.2 0 3.867574257E-05
298.4 0 2.712454993E-20
298.6 0 3.438545381E-20
298.8 0 5.167994467E-20
299 0 -3.882952286E-05
299.2 0 -3.88681592E-05
299.4 0 1.945343625E-05
299.6 0 3.894566301E-05
299.8 0 1.949226547E-05
300 0 -7.523426358E-21
300.2 0 5.346943811E-20
300.4 0 1.95508008E-05
300.6 0 1.390559901E-20
300.8 0 -5.877006018E-05
301 7.843875502E-06 -3.921937751E-05
301.2 0 -6.151969594E-21
301.4 0 1.964914487E-05
301.6 7.867573011E-06 1.966893253E-05
301.8 1.575100806E-05 -1.968876008E-05
302 1.576690212E-05 -5.912588295E-05
302.2 1.578282828E-05 -5.918560606E-05
302.4 1.579878665E-05 -9.874241658E-05
302.6 2.372216599E-05 -9.88423583E-05
302.8 3.166160081E-05 -1.978850051E-05
303 3.169371197E-05 -3.961713996E-05
303.2 3.172588832E-05 -5.948604061E-05
303.4 3.175813008E-05 -1.98488313E-05
303.6 2.384282808E-05 -1.98690234E-05
303.8 1.59114053E-05 -3.977851324E-05
304 2.389143731E-05 -1.990953109E-05
304.2 3.18877551E-05 -1.992984694E-05
304.4 3.192032686E-05 -3.990040858E-05
304.6 2.396472393E-05 -1.997060327E-05
304.8 1.599283521E-05 -1.999104401E-05
305 8.004610656E-06 -2.001152664E-05
305.2 0 -5.669832736E-20
305.4 0 2.005261807E-05
305.6 0 2.007322713E-05
305.8 0 -4.243281307E-20
306 0 2.011457261E-05
306.2 0 -2.013530928E-05
306.4 0 -2.015608875E-05
306.6 0 6.053073347E-05
306.8 0 -2.397369762E-20
307 0 -2.02186853E-05
307.2 0 2.023963731E-05
307.4 8.104253112E-06 5.825606281E-20
307.6 1.622533749E-05 -2.028167186E-05
307.8 2.436330561E-05 1.688411606E-20
308 2.438865765E-05 2.032388137E-05
308.2 2.44140625E-05 -7.956306851E-21
308.4 1.629301356E-05 1.670537811E-22
308.6 8.155010438E-06 2.03875261E-05
308.8 0 2.040882968E-05
309 0 5.443692916E-20
309.2 0 2.045157068E-05
309.4 0 -3.212945153E-20
309.6 0 -4.098898216E-05
309.8 0 -6.154805672E-05
310 0 -4.107518402E-05
310.2 0 -2.055921053E-05
310.4 0 -2.05808746E-05
310.6 0 2.060258439E-05
310.8 0 4.124868004E-05
311 0 4.12922833E-05
311.2 0 2.066798942E-05
311.4 0 -2.068988347E-05
311.6 0 -2.071182397E-05
311.8 0 3.752045406E-20
312 0 2.075584485E-05
312.2 0 6.23337766E-05
312.4 0 2.080005325E-05
312.6 0 5.352221594E-21
312.8 0 2.084445037E-05
313 0 2.086672009E-05
313.2 0 -1.389904688E-20
313.4 0 -2.091140257E-05
313.6 0 -4.18676313E-05
313.8 0 -4.191255365E-05
314 0 -2.097878625E-05
314.2 0 -2.100134409E-05
314.4 0 -1.911536412E-20
314.6 0 2.10466056E-05
314.8 0 -2.10693096E-05
315 0 -2.109206263E-05
315.2 0 2.111486486E-05
315.4 0 2.113771645E-05
315.6 0 2.116061755E-05
315.8 0 -8.450075628E-21
316 0 1.901278151E-20
316.2 0 -4.245923913E-05
316.4 0 -2.125272035E-05
316.6 0 2.127587146E-05
316.8 0 -1.300847953E-20
317 0 4.264465066E-05
317.2 0 4.269125683E-05
317.4 0 -6.199065293E-20
317.6 0 2.139238773E-05
317.8 0 6.424753289E-05
318 0 2.143935236E-05
318.2 0 2.146291209E-05
318.4 0 4.29730473E-05
318.6 0 2.151018722E-05
318.8 0 6.460170893E-05
319 0 4.311534216E-05
319.2 0 2.158149171E-05
319.4 0 6.481609513E-05
319.6 0 8.651716501E-05
319.8 0 6.495981153E-05
320 0 6.503190899E-05
320.2 0 6.510416667E-05
320.4 0 2.172552836E-05
320.6 0 2.17497216E-05
320.8 0 2.177396878E-05
321 0 2.179827009E-05
321.2 0 6.546787709E-05
321.4 0 4.369407159E-05
321.6 0 2.187150056E-05
321.8 0 2.189602018E-05
322 0 2.192059484E-05
322.2 0 2.194522472E-05
322.4 0 -4.393982002E-05
322.6 0 -4.39893018E-05
322.8 0 4.403889515E-05
323 0 1.713094582E-20
323.2 0 -4.413841808E-05
323.4 0 2.209417421E-05
323.6 0 4.423839185E-05
323.8 0 -4.428854875E-05
324 0 -4.433881952E-05
324.2 0 -1.233827373E-20
324.4 0 -2.22198521E-05
324.6 0 -2.224515945E-05
324.8 0 -2.227052452E-05
325 0 -2.510631061E-20
325.2 0 -3.907787541E-20
325.4 0 2.234696796E-05
325.6 0 -2.237256586E-05
325.8 0 -8.959288991E-05
326 0 -6.727181401E-05
326.2 0 -2.244971264E-05
326.4 0 -5.49862538E-20
326.6 0 -4.500288018E-05
326.8 0 -2.252739331E-05
327 0 4.510681293E-05
327.2 0 -4.515895954E-05
327.4 0 -6.781684028E-05
327.6 0 -1.647928029E-20
327.8 0 -2.265806265E-05
328 0 -4.536875726E-05
328.2 0 -4.542151163E-05
328.4 0 -4.547438882E-05
328.6 0 -2.276369464E-05
328.8 0 -2.279025671E-05
329 0 -2.281688084E-05
329.2 0 4.56871345E-05
329.4 0 2.287031616E-05
329.6 0 -2.653014706E-20
329.8 0 2.292400235E-05
330 0 2.295094007E-05
330.2 0 5.119479827E-20
330.4 0 -2.300500589E-05
330.6 0 2.303213443E-05
330.8 0 -5.802809909E-20
331 0 -9.23463357E-05
331.2 0 -4.622781065E-05
331.4 0 6.942387441E-05
331.6 0 2.316874259E-05
331.8 0 2.319625891E-05
332 0 4.644768133E-05
332.2 0 -6.975446429E-05
332.4 0 -9.311680572E-05
332.6 0 -2.530134329E-20
332.8 0 4.666965352E-05
333 0 -4.672547847E-05
333.2 0 -7.017215569E-05
333.4 0 4.432745067E-21
333.6 0 -2.344687875E-05
333.8 0 -7.042518029E-05
334 0 -4.700661853E-05
334.2 0 2.353162651E-05
334.4 0 2.356001206E-05
334.6 0 2.358846618E-05
334.8 0 -2.361698912E-05
335 0 5.74180626E-21
335.2 0 2.367424242E-05
335.4 0 -7.11089199E-05
335.6 0 2.3731774E-05
335.8 0 4.752128954E-05
336 0 -4.757917174E-05
336.2 0 -7.145579268E-05
336.4 0 -4.76953602E-05
336.6 0 -7.163050122E-05
336.8 0 -4.78121175E-05
337 0 2.393535539E-05
337.2 0 2.396472393E-05
337.4 0 -2.797093766E-20
337.6 0 -2.402367774E-05
337.8 0 -3.14056545E-21
338 0 2.408292232E-05
338.2 0 2.411265432E-05
338.4 0 -1.289330184E-20
338.6 0 -3.602617544E-20
338.8 0 7.235232573E-21
339 0 -1.020830825E-20
339.2 0 -1.258617127E-20
339.4 0 -4.13326322E-21
339.6 0 -4.965962731E-20
339.8 0 -3.521954072E-20
340 0 -2.438358302E-05
340.2 0 -2.44140625E-05
340.4 0 -3.74063454E-20
340.6 0 2.447525063E-05
340.8 0 3.757798123E-21
341 0 4.907349246E-05
341.2 0 7.370283019E-05
341.4 0 2.459855164E-05
341.6 0 7.388871375E-05
341.8 0 9.864267677E-05
342 0 4.938369153E-05
342.2 0 4.944620253E-05
342.4 0 9.901774398E-05
342.6 0 4.957170051E-05
342.8 0 4.963468869E-05
343 0 4.969783715E-05
343.2 0 4.97611465E-05
343.4 0 4.982461735E-05
343.6 0 -3.048235797E-20
343.8 0 1.33175115E-20
344 0 9.451026334E-21
344.2 0 -4.609407073E-21
344.4 0 -2.507220796E-05
344.6 0 -3.554143984E-20
344.8 0 5.027348777E-05
345 0 5.03382732E-05
345.2 0 7.560483871E-05
345.4 0 5.046834625E-05
345.6 0 5.053363519E-05
345.8 0 7.58986399E-05
346 0 5.066472114E-05
346.2 0 2.536525974E-05
346.4 0 2.539824447E-05
346.6 0 2.54313151E-05
346.8 0 2.122484013E-20
347 0 2.54977154E-05
347.2 0 2.553104575E-05
347.4 0 9.49560063E-20
347.6 0 2.559796855E-05
347.8 0 2.563156168E-05
348 0 2.56652431E-05
348.2 0 2.569901316E-05
348.4 0 2.57328722E-05
348.6 0 5.153364116E-05
348.8 0 5.160171731E-05
349 0 5.166997354E-05
349.2 0 0.0001034768212
349.4 0 0.0001554210875
349.6 0 0.00015562749
349.8 0 0.0001558344415
350 0 0.0001560419441
350.2 0 0.0001041666667
350.4 0 7.822930574E-05
350.6 0 0.000130556484
350.8 0 0.00015687751
351 0 0.0001047252011
351.2 0 0.0001048657718
351.4 0 0.0001312584005
351.6 0 0.0001051480485
351.8 0 2.632243935E-05
352 0 -5.271592443E-05
352.2 0 -5.278716216E-05
352.4 0 -5.285859269E-05
352.6 0 -2.64651084E-05
352.8 0 -7.984640079E-21
353 0 5.307404891E-05
353.2 0 -3.517024728E-22
353.4 0 -7.982799728E-05
353.6 1.065825375E-05 2.664563438E-05
353.8 2.134562842E-05 6.297062928E-21
354 2.1374829E-05 -4.304341151E-20
354.2 2.140410959E-05 5.351027397E-05
354.4 2.143347051E-05 -5.358367627E-05
354.6 2.146291209E-05 -5.365728022E-05
354.8 2.149243466E-05 -5.729418489E-20
355 2.152203857E-05 -5.380509642E-05
355.2 2.155172414E-05 -0.0001077586207
355.4 2.158149171E-05 -0.0001079074586
355.6 2.161134163E-05 -8.104253112E-05
355.8 2.164127424E-05 -2.70515928E-05
356 2.167128988E-05 -2.708911234E-05
356.2 2.170138889E-05 -5.425347222E-05
356.4 2.173157163E-05 -8.14933936E-05
356.6 2.176183844E-05 -8.160689415E-05
356.8 2.179218968E-05 -5.44804742E-05
357 2.18226257E-05 -2.727828212E-05
357.2 2.185314685E-05 -2.731643357E-05
357.4 2.18837535E-05 -8.206407563E-05
357.6 2.1914446E-05 -5.478611501E-05
357.8 2.194522472E-05 -2.74315309E-05
358 2.197609001E-05 -2.747011252E-05
358.2 2.200704225E-05 -8.252640845E-05
358.4 2.203808181E-05 -0.000110190409
358.6 2.206920904E-05 2.75865113E-05
358.8 1.105021216E-05 5.525106082E-05
359 0 2.766466006E-05
359.2 0 1.839132279E-20
359.4 0 -8.322975852E-05
359.6 0 -5.556543385E-05
359.8 0 -3.842262819E-20
360 0 2.786198288E-05
360.2 0 -5.580357143E-05
360.4 0 3.381929402E-20
360.6 0 8.394520057E-05
360.8 0 8.406563845E-05
361 0 2.80621408E-05
361.2 0 -0.0001405125899
361.4 0 2.814301153E-05
361.6 0 0.0001127344877
361.8 0 -8.088803102E-20
362 0 5.653039074E-05
362.2 0 5.661231884E-05
362.4 0 -6.835933578E-20
362.6 0 -2.838844477E-05
362.8 0 -2.84297671E-05
363 0 -5.694241983E-05
363.2 0 -2.851277372E-05
363.4 0 3.911644455E-20
363.6 0 -8.578879941E-05
363.8 0 2.863819648E-05
364 0 2.868024963E-05
364.2 0 -0.0001148897059
364.4 0 -5.752945508E-05
364.6 0 -5.761430678E-05
364.8 0 -3.237235409E-20
365 0 8.667714497E-05
365.2 0 5.787037037E-05
365.4 0 2.897811573E-05
365.6 0 5.80423477E-05
365.8 0 0.0001162574405
366 0 0.0001164307004
366.2 0 5.830223881E-05
366.4 0 0.0001167787743
366.6 0 8.771519461E-05
366.8 0 4.339594514E-20
367 0 0.0001173048048
367.2 0 0.0001468515038
367.4 0 0.0001764871988
367.6 0 0.0001767533937
367.8 0 0.0001770203927
368 0 0.000206836233
368.2 0 0.0001183712121
368.4 0 0.0001481885432
368.6 0 0.0001484137538
368.8 0 0.0001486396499
369 0 0.0001786394817
369.2 0 0.0001789122137
369.4 0 0.0001493214832
369.6 0 8.973009188E-05
369.8 0 0.0001497795245
370 0 0.0001200076805
370.2 0 0.0001502403846
370.4 0 0.0001504718798
370.6 0 3.01408179E-05
370.8 0 6.03748068E-05
371 0 0.0001511706656
371.2 0 0.000121124031
371.4 0 0.0001516401398
371.6 0 0.0001822511664
371.8 0 0.0001216900312
372 0 0.0001828198128
372.2 0 0.000244140625
372.4 0 0.0002139573552
372.6 0 0.0002142927116
372.8 0 0.0001533065149
373 0 6.141902516E-05
373.2 0 0.0001845472441
373.4 0 0.0002464511041
373.6 0 0.0001234202212
373.8 0 -7.173038775E-23
374 1.238114105E-05 -6.190570523E-05
374.2 1.240079365E-05 -6.200396825E-05
374.4 1.242050874E-05 -9.315381558E-05
374.6 1.244028662E-05 -9.330214968E-05
374.8 1.246012759E-05 -3.115031898E-05
375 1.248003195E-05 -6.240015974E-05
375.2 1.25E-05 -9.375E-05
375.4 1.252003205E-05 -6.260016026E-05
375.6 2.508025682E-05 -0.0001254012841
375.8 3.768086817E-05 -0.0001570036174
376 3.774154589E-05 -0.0001572564412
376.2 3.780241935E-05 -9.450604839E-05
376.4 3.78634895E-05 3.155290792E-05
376.6 2.528317152E-05 -1.595654777E-20
376.8 2.532414911E-05 -3.165518639E-05
377 2.536525974E-05 -9.511972403E-05
377.2 2.540650407E-05 -9.527439024E-05
377.4 2.544788274E-05 7.863259666E-21
377.6 2.548939641E-05 -6.372349103E-05
377.8 2.553104575E-05 -0.0001276552288
378 2.557283142E-05 -6.393207856E-05
378.2 1.280737705E-05 -6.403688525E-05
378.4 0 -9.621305419E-05
378.6 0 -3.212376645E-05
378.8 0 -6.435337727E-05
379 0 -9.668935644E-05
379.2 0 -6.45661157E-05
379.4 0 -9.700951987E-05
379.6 0 -0.0001619506633
379.8 0 -0.0001622196844
380 0 -9.74937604E-05
380.2 0 3.255208333E-05
380.4 0 9.781928214E-05
380.6 0 6.532190635E-05
380.8 0 3.271566164E-05
381 0 3.179410636E-20
381.2 0 9.847689076E-05
381.4 0 9.864267677E-05
381.6 0 -6.587268128E-05
381.8 0 -3.299197635E-05
382 0 -1.673593076E-20
382.2 0 -1.050597161E-19
382.4 0 -3.271520037E-20
382.6 0 -3.321641156E-05
382.8 0 8.945904886E-21
383 0 9.998933447E-05
383.2 0 3.338675214E-05
383.4 0 -0.0001337756849
383.6 0 -3.350128645E-05
383.8 0 -0.0001006765464
384 0 -0.0002016996558
384.2 0 -0.0001010237069
384.4 0 -0.0001349309154
384.6 0 -0.0003041198097
384.8 0 -0.0002369475737
385 0 -0.0001695421007
385.2 0 -0.0002038043478
385.4 0 -0.0001701328397
385.6 0 -0.0001363438045
385.8 0 -0.0002048732517
386 0 -0.000273642732
386.2 0 -0.0002398574561
386.4 0 -0.0002402789982
386.6 0 -0.0002407020246
386.8 0 -0.0002755731922
387 0 -0.000207045053
387.2 1.382743363E-05 -0.0002074115044
387.4 2.770390071E-05 -0.0002770390071
387.6 4.162966252E-05 -0.0002775310835
387.8 4.170373665E-05 -0.0002432717972
388 4.177807487E-05 -0.0001044451872
388.2 4.185267857E-05 -0.0001046316964
388.4 4.192754919E-05 -0.000209637746
388.6 4.200268817E-05 -0.0001400089606
388.8 4.207809695E-05 -0.0001753254039
389 4.215377698E-05 -0.0001756407374
389.2 4.222972973E-05 -7.038288288E-05
389.4 4.230595668E-05 -5.735194796E-20
389.6 4.238245931E-05 3.531871609E-05
389.8 2.830615942E-05 3.538269928E-05
390 1.417876588E-05 -3.052960799E-21
390.2 0 -7.102272727E-05
390.4 0 -7.115209472E-05
390.6 0 -0.0001069229015
390.8 0 -0.0001071183729
391 0 1.128475699E-20
391.2 0 -4.623047106E-20
391.4 0 -7.180606618E-05
391.6 0 3.596915285E-05
391.8 0 0.0001081065498
392 0 7.220425139E-05
392.2 0 3.616898148E-05
392.4 0 3.623608534E-05
392.6 0 0.0001452137546
392.8 0 0.0001454841713
393 0 0.0001093166978
393.2 0 -9.770202925E-20
393.4 0 7.315074906E-05
393.6 0 0.0001099319887
393.8 0 7.342575188E-05
394 0 0.0001471280603
394.2 0 7.370283019E-05
394.4 0 0.0001107632325
394.6 0 0.0001109730114
394.8 0 0.0001853059772
395 0 0.000111394962
395.2 0 7.44047619E-05
395.4 0 3.727337786E-05
395.6 0 -3.734464627E-05
395.8 0 0.0001122485632
396 0 7.497600768E-05
396.2 0 -1.795824137E-20
396.4 0 7.526493256E-05
396.6 0 7.541023166E-05
396.8 0 3.777804642E-05
397 0 3.785125969E-05
397.2 0 7.584951456E-05
397.4 0 7.599708171E-05
397.6 0 3.807261209E-05
397.8 0 7.629394531E-05
398 0 3.822162427E-05
398.2 0 3.829656863E-05
398.4 0 7.674361493E-05
398.6 0 0.0001537893701
398.8 0 0.0001540927022
399 0 0.0001543972332
399.2 0 0.0001160272277
399.4 0 -8.246400851E-20
399.6 0 -5.427347015E-20
399.8 0 -3.890687251E-05
400 0 5.911498478E-20
400.2 0 3.90625E-05
400.4 0 7.828156313E-05
400.6 0 0.00015687751
400.8 0 0.0001178948692
401 0 3.937752016E-05
401.2 0 7.891414141E-05
401.4 0 0.0001976847166
401.6 0 0.0001980856998
401.8 0 0.0001587906504
402 0 0.0002386710794
402.2 0 0.0001992984694
402.4 0 0.0001198236196
402.6 0 0.0001600922131
402.8 0 0.0001604209446
403 0 0.0002411265432
403.2 0 0.0002416237113
403.4 0 0.0001614152893
403.6 0 4.04373706E-05
403.8 0 -8.104253112E-05
404 1.624220374E-05 2.023728178E-20
404.2 1.627604167E-05 4.069010417E-05
404.4 3.262004175E-05 4.077505219E-05
404.6 3.268828452E-05 0.0001225810669
404.8 3.275681342E-05 4.094601677E-05
405 4.923844538E-05 -4.103203782E-05
405.2 4.934210526E-05 4.111842105E-05
405.4 6.592827004E-05 8.8842764E-20
405.6 6.606765328E-05 8.25845666E-05
405.8 6.620762712E-05 8.27595339E-05
406 6.634819533E-05 8.293524416E-05
406.2 6.64893617E-05 0.0001662234043
406.4 4.997334755E-05 8.328891258E-05
406.6 3.338675214E-05 -1.786309848E-21
406.8 1.672912206E-05 -4.182280514E-05
407 1.676502146E-05 5.159261952E-20
407.2 1.680107527E-05 2.144317202E-20
407.4 1.683728448E-05 2.451182876E-22
407.6 1.687365011E-05 -1.29587327E-19
407.8 1.691017316E-05 4.22754329E-05
408 1.694685466E-05 3.200409899E-21
408.2 0 4.245923913E-05
408.4 1.702069717E-05 4.255174292E-05
408.6 0 -0.000127933952
408.8 1.7095186E-05 -8.547592998E-05
409 1.713267544E-05 4.937492607E-20
409.2 1.717032967E-05 -0.0001717032967
409.4 0 -0.0003011426211
409.6 1.724613687E-05 -0.0001293460265
409.8 1.728429204E-05 -0.0001296321903
410 1.732261641E-05 -0.0002598392461
410.2 1.736111111E-05 -0.0002170138889
410.4 1.739977728E-05 -0.0001739977728
410.6 1.743861607E-05 -0.0001743861607
410.8 1.747762864E-05 -0.0001747762864
411 1.751681614E-05 -0.0001751681614
411.2 1.755617978E-05 -0.0002194522472
411.4 1.759572072E-05 -0.0002639358108
411.6 1.763544018E-05 -0.0002204430023
411.8 1.767533937E-05 -0.0001325650452
412 0 -0.0001328656463
412.2 0 -0.0001775568182
412.4 0 -0.0001334709567
412.6 1.783675799E-05 -0.0001337756849
412.8 1.787757437E-05 3.480690738E-20
413 1.791857798E-05 4.479644495E-05
413.2 1.795977011E-05 -4.489942529E-05
413.4 1.800115207E-05 -9.000576037E-05
413.6 1.804272517E-05 3.122868927E-20
413.8 1.808449074E-05 4.521122685E-05
414 1.812645012E-05 -3.70506812E-20
414.2 1.816860465E-05 1.060620968E-19
414.4 1.821095571E-05 4.552738928E-05
414.6 1.825350467E-05 -4.563376168E-05
414.8 0 -0.000137221897
415 0 -4.584800469E-05
415.2 0 -9.191176471E-05
415.4 0 -9.212853774E-05
415.6 0 -4.617316785E-05
415.8 0 4.628258294E-05
416 0 9.278503563E-05
416.2 0 4.650297619E-05
416.4 0 4.661396181E-05
416.6 0 9.345095694E-05
416.8 0 6.815175373E-20
417 0 3.119264316E-20
417.2 0 1.442723085E-19
417.4 0 -4.717693237E-05
417.6 0 9.89666285E-20
417.8 0 -3.552826474E-21
418 0 4.752128954E-05
418.2 0 -4.763719512E-05
418.4 0 -9.550733496E-05
418.6 0 0.0001436121324
418.8 0 -4.798832924E-05
419 0 -9.621305419E-05
419.2 0 0.0001446759259
419.4 0 -9.668935644E-05
419.6 0 -4.84646402E-05
419.8 0 4.8585199E-05
420 0 -0.0001461190773
420.2 1.953125E-05 -9.765625E-05
420.4 3.9160401E-05 -9.790100251E-05
420.6 5.888819095E-05 -0.0002453674623
420.8 5.903652393E-05 -0.0001475913098
421 5.918560606E-05 -4.932133838E-05
421.2 5.933544304E-05 -9.889240506E-05
421.4 3.965736041E-05 -0.0001487151015
421.6 3.975826972E-05 -0.0001490935115
421.8 1.992984694E-05 -0.0001992984694
422 3.996163683E-05 -0.0002997122762
422.2 4.006410256E-05 -0.0001001602564
422.4 6.025064267E-05 -0.0001004177378
422.6 4.027061856E-05 -0.000251691366
422.8 6.05620155E-05 -0.0001514050388
423 8.095854922E-05 -0.0001011981865
423.2 8.116883117E-05 -0.0002029220779
423.4 6.103515625E-05 -0.0001525878906
423.6 6.119451697E-05 -0.0001529862924
423.8 6.135471204E-05 -0.0002556446335
424 6.151574803E-05 -0.0001537893701
424.2 6.167763158E-05 -0.0001541940789
424.4 6.184036939E-05 -0.0002061345646
424.6 6.200396825E-05 -0.0001033399471
424.8 6.216843501E-05 -5.180702918E-05
425 6.23337766E-05 -0.0001038896277
425.2 4.166666667E-05 5.208333333E-05
425.4 2.088903743E-05 -5.222259358E-05
425.6 0 -0.0002618130027
425.8 2.100134409E-05 -5.250336022E-05
426 4.211590296E-05 -9.373085971E-20
426.2 6.334459459E-05 2.340321327E-20
426.4 6.351626016E-05 5.29302168E-05
426.6 6.36888587E-05 -5.307404891E-05
426.8 6.386239782E-05 -0.0001064373297
427 6.403688525E-05 -5.336407104E-05
427.2 6.421232877E-05 8.894821022E-20
427.4 6.438873626E-05 8.088705393E-20
427.6 6.45661157E-05 5.380509642E-05
427.8 6.474447514E-05 0.0001079074586
428 4.328254848E-05 0.0001082063712
428.2 2.170138889E-05 0.0001085069444
428.4 0 0.0001088091922
428.6 0 5.455656425E-05
428.8 0 5.470938375E-05
429 0 5.48630618E-05
429.2 0 0.0001100352113
429.4 0 -5.51730226E-05
429.6 0 -5.532932011E-05
429.8 0 2.180011654E-19
430 0 -5.564458689E-05
430.2 0 0.0001674107143
430.4 0 -5.596346705E-05
430.6 0 5.612428161E-05
430.8 0 0.0001688580692
431 0 -0.0001128973988
431.2 0 2.64893215E-20
431.4 0 -5.677688953E-05
431.6 0 -0.0001138848397
431.8 0 -0.0001142178363
432 0 -0.0001145527859
432.2 0 -5.744485294E-05
432.4 0 -0.0001728429204
432.6 0 -0.0001155695266
432.8 0 -0.0001159124629
433 0 -0.0001162574405
433.2 0 -0.0001166044776
433.4 0 -0.0001754303892
433.6 0 -5.86524024E-05
433.8 0 -5.882906627E-05
434 0 -0.0001180135952
434.2 0 -0.0001183712121
434.4 0 -0.0001780965046
434.6 0 -0.0001190929878
434.8 0 -5.972859327E-05
435 0 1.664602754E-19
435.2 0 8.166143089E-20
435.4 0 -6.02816358E-05
435.6 0 3.800363585E-20
435.8 0 -0.0001213121118
436 0 -0.0001825350467
436.2 0 -0.0001220703125
436.4 0 -1.327098785E-20
436.6 0 1.459314836E-19
436.8 0 -1.026164832E-20
437 0 6.180775316E-05
437.2 0 -6.200396825E-05
437.4 0 -6.220143312E-05
437.6 0 -9.005217959E-20
437.8 0 -6.260016026E-05
438 0 -6.280144695E-05
438.2 0 7.715340175E-20
438.4 0 -6.32079288E-05
438.6 0 -6.341314935E-05
438.8 0 -2.784228054E-20
439 0 3.42112088E-20
439.2 0 8.102995851E-20
439.4 0 -5.717801349E-20
439.6 0 -6.445957096E-05
439.8 0 6.043495468E-21
440 0 6.488787375E-05
440.2 0 -4.158023372E-20
440.4 0 1.263331257E-20
440.6 0 -1.021992934E-19
440.8 0 -6.576178451E-05
441 0 -6.59839527E-05
441.2 0 1.344888452E-19
441.4 0 7.462437942E-20
441.6 0 1.274316393E-19
441.8 0 5.971547991E-20
442 0 2.270961231E-20
442.2 0 1.539042726E-19
442.4 0 1.142262555E-19
442.6 0 1.124325123E-20
442.8 0 1.134841701E-20
443 0 9.231617043E-20
443.2 0 4.06309399E-20
443.4 0 -1.672246106E-20
443.6 0 6.901501767E-05
443.8 0 -1.078668989E-19
444 0 -6.950622776E-05
444.2 0 0.0001395089286
444.4 0 -2.547531675E-20
444.6 0 -0.0001405125899
444.8 0 0.0001410198556
445 0 7.076539855E-05
445.2 0 -7.102272727E-05
445.4 0 7.128193431E-05
445.6 0 7.154304029E-05
445.8 0 2.184051705E-20
446 0 7.207103321E-05
446.2 0 -7.233796296E-05
446.4 2.904275093E-05 -7.260687732E-05
446.6 2.91511194E-05 0.000145755597
446.8 2.926029963E-05 -7.315074906E-05
447 5.87406015E-05 -7.342575188E-05
447.2 5.896226415E-05 0.0001474056604
447.4 5.918560606E-05 7.398200758E-05
447.6 8.911596958E-05 -3.517014345E-20
447.8 0.0001192748092 -8.834416099E-20
448 0.000149664751 1.171801268E-20
448.2 0.0001802884615 2.77262298E-19
448.4 0.0002111486486 -7.541023166E-05
448.6 0.000242248062 -0.0002271075581
448.8 0.0002735894942 1.153570775E-19
449 0.0002746582031 -8.232961469E-20
449.2 0.000306372549 -7.659313725E-05
449.4 0.0003383366142 7.689468504E-05
449.6 0.0004014328063 7.71986166E-05
449.8 0.0004650297619 7.750496032E-05
450 0.0005291334661 3.550604877E-20
450.2 0.00059375 8.466214931E-20
450.4 0.0006588855422 4.298589273E-20
450.6 0.000724546371 1.282294187E-19
450.8 0.0007907388664 -7.907388664E-05
451 0.0008574695122 -0.0001587906504
451.2 0.0008928571429 5.910327362E-20
451.4 0.0009285348361 -8.004610656E-05
451.6 0.0009645061728 -8.03755144E-05
451.8 0.001000774793 1.996629524E-19
452 0.001037344398 4.800314456E-20
452.2 0.00107421875 8.138020833E-05
452.4 0.001078713389 8.17207113E-05
452.6 0.001083245798 8.206407563E-05
452.8 0.001087816456 0.0001648206751
453 0.001125529661 6.255963091E-20
453.2 0.001196808511 3.143188042E-20
453.4 0.001201923077 0.0001669337607
453.6 0.001240611588 -6.67795663E-20
453.8 0.00131330819 -8.418642241E-05
454 0.001318993506 0.0001691017316
454.2 0.001256793478 0.0002547554348
454.4 0.001262281659 8.528930131E-05
454.6 0.001302083333 -8.566337719E-05
454.8 0.001307819383 6.941847795E-20
455 0.001313606195 0.0001728429204
455.2 0.001319444444 8.680555556E-05
455.4 0.001325334821 8.719308036E-05
455.6 0.001331278027 0.0001751681614
455.8 0.001302083333 -4.980157524E-20
456 0.001307975113 -8.092948322E-20
456.2 0.001278409091 8.877840909E-05
456.4 0.001284246575 -0.0001783675799
456.6 0.001290137615 -8.959288991E-05
456.8 0.001296082949 -9.000576037E-05
457 0.001338252315 -0.0002712673611
457.2 0.001380813953 -9.084302326E-05
457.4 0.001350759346 2.800931306E-21
457.6 0.001357100939 -0.0002750880282
457.8 0.001437205189 -0.0002763856132
458 0.001481042654 2.881842334E-19
458.2 0.001488095238 9.300595238E-05
458.4 0.001457834928 -3.833543774E-20
458.6 0.001427283654 -9.390024038E-05
458.8 0.001434178744 2.339465196E-19
459 0.001479065534 2.928427366E-19
459.2 0.001524390244 -9.527439024E-05
459.4 0.001570159314 -0.0001914828431
459.6 0.001654864532 2.167642474E-19
459.8 0.001701732673 9.668935644E-05
460 0.001710199005 -2.269932614E-20
460.2 0.0017578125 -9.765625E-05
460.4 0.001805904523 -9.814698492E-05
460.6 0.001815025253 -9.864267677E-05
460.8 0.001863895939 -9.914340102E-05
461 0.001873405612 9.964923469E-05
461.2 0.001842948718 0.0001001602564
461.4 0.001852448454 -0.0001006765464
461.6 0.001902525907 -0.0001011981865
461.8 0.001912434896 -8.330532177E-20
462 0.001922447644 0.0001022578534
462.2 0.001891447368 0.0001027960526
462.4 0.001901455026 2.85231428E-20
462.6 0.001911569149 7.903697009E-21
462.8 0.001921791444 4.719982659E-20
463 0.001932123656 1.903669649E-19
463.2 0.001942567568 -0.0002111486486
463.4 0.002038043478 -0.0001061480978
463.6 0.002049180328 0.0001067281421
463.8 0.00206043956 1.587040852E-20
464 0.002071823204 -1.853528565E-20
464.2 0.002083333333 -3.588483109E-19
464.4 0.002094972067 -2.556011834E-19
464.6 0.002106741573 1.095214581E-19
464.8 0.002118644068 2.746978212E-19
465 0.002130681818 0.0001109730114
465.2 0.002098214286 0.0001116071429
465.4 0.002110272989 -3.838963202E-20
465.6 0.002122471098 2.622891261E-20
465.8 0.002134811047 2.191976516E-19
466 0.002147295322 -3.16994355E-21
466.2 0.002159926471 5.480744536E-20
466.4 0.002172707101 0.0001155695266
466.6 0.002139136905 0.000232514881
466.8 0.002105164671 0.0001169535928
467 0.002070783133 -0.0001176581325
467.2 0.002083333333 -0.0001183712121
467.4 0.00204839939 7.231784587E-21
467.6 0.00201303681 0.0001198236196
467.8 0.001977237654 0.0002411265432
468 0.001940993789 0.0002426242236
468.2 0.001904296875 0.000244140625
468.4 0.001867138365 0.0002456761006
468.6 0.001829509494 0.0002472310127
468.8 0.001791401274 0.0002488057325
469 0.001752804487 0.000250400641
469.2 0.001713709677 0.000252016129
469.4 0.001674107143 0.0002536525974
469.6 0.001633986928 0.0001276552288
469.8 0.001644736842 0.0001284950658
470 0.001603890728 0.0003880380795
470.2 0.001510416667 0.000390625
470.4 0.001468120805 0.0001310822148
470.6 0.001478040541 0.0001319679054
470.8 0.00143494898 0.0002657312925
471 0.001391267123 0.0001337756849
471.2 0.001346982759 -0.0001346982759
471.4 0.001356336806 -1.50478345E-19
471.6 0.001311188811 0.0002731643357
471.8 0.00126540493 -1.197140081E-19
472 0.001274379433 -0.0002770390071
472.2 0.001283482143 -0.0004185267857
472.4 0.001348920863 -0.0001405125899
472.6 0.001245471014 0.0002830615942
472.8 0.001197536496 0.0001425638686
473 0.001148897059 -0.0001436121324
473.2 0.001099537037 -0.0002893518519
473.4 0.001049440299 -0.000291511194
473.6 0.0009985902256 -0.0002937030075
473.8 0.001006155303 -0.0001479640152
474 0.0009541984733 0.0001490935115
474.2 0.0009014423077 0.0001502403846
474.4 0.0008478682171 -1.799061518E-19
474.6 0.0007934570312 0.0001525878906
474.8 0.0007381889764 -6.255758443E-19
475 0.0006820436508 -0.0001550099206
475.2 0.000625 -1.997749282E-19
475.4 0.0005670362903 -1.169887937E-19
475.6 0.0005081300813 0.0001587906504
475.8 0.0004482581967 0.0003201844262
476 0.0003873966942 -1.029741055E-19
476.2 0.000390625 -0.0001627604167
476.4 0.0003282563025 0.0001641281513
476.6 0.0002648305085 0.0003310381356
476.8 0.0002003205128 0.0003338675214
477 0.0001346982759 0.0001683728448
477.2 6.793478261E-05 1.019718061E-19
477.4 0 -0.0001713267544
477.6 0 -0.0003456858407
477.8 0 -0.0001743861607
478 0 -3.149490775E-20
478.2 0 0.0001775568182
478.4 0 0.0001791857798
478.6 0 -0.0001808449074
478.8 0 -0.0003650700935
479 0 -0.0003685141509
479.2 0 -0.0005580357143
479.4 0 -0.0005634014423
479.6 0 -0.0001896237864
479.8 0 -0.0001914828431
480 0 -0.0005801361386
480.2 0 -0.0005859375
480.4 0 -0.0003945707071
480.6 0 -0.0001992984694
480.8 0 -0.0002013530928
481 0 -0.0004069010417
481.2 0 -0.0004111842105
481.4 0 -0.0004155585106
481.6 0 -0.0004200268817
481.8 0 -0.000636888587
482 0 -0.0002146291209
482.2 0 0.0002170138889
482.4 0 -1.714373192E-19
482.6 0 -1.157165514E-19
482.8 0 -3.971420475E-19
483 0 1.908987523E-19
483.2 0 1.208419416E-19
483.4 0 -3.867772821E-19
483.6 0 -1.877323548E-19
483.8 0 2.943877785E-20
484 0 -3.901116539E-20
484.2 0 1.657807953E-20
484.4 0 -1.310163612E-19
484.6 0 -3.561234366E-20
484.8 0 7.160811696E-20
485 0 4.667954229E-19
485.2 0 -1.605727537E-19
485.4 0 -6.023026469E-20
485.6 0 -0.0002675513699
485.8 0 -0.0002712673611
486 0 -1.514660159E-19
486.2 0 -3.784180306E-19
486.4 0 -5.73228997E-19
486.6 0 2.857404155E-19
486.8 0 -4.82990948E-20
487 0 -1.423200928E-19
487.2 0 1.62403363E-19
487.4 0 -4.277726553E-19
487.6 0 1.315544504E-19
487.8 0 6.830885519E-19
488 0 6.998853704E-20
488.2 0 -6.462970701E-19
488.4 0 -2.469898311E-19
488.6 0 -3.331232194E-20
488.8 0 -5.488978885E-19
489 0 -1.062710584E-18
489.2 0 -1.080763393E-19
489.4 0 -1.296585245E-19
489.6 0 2.357223678E-19
489.8 0 5.249476776E-19
490 0 8.07373693E-20
490.2 0 -5.367699989E-19
490.4 0 -6.853044532E-19
490.6 0 -5.457567452E-19
490.8 0 -9.008722209E-19
491 0 -9.24607706E-19
491.2 0 -3.562089902E-19
491.4 0 4.261793399E-19
491.6 0 9.99096778E-19
491.8 0 5.102938829E-20
492 0 6.081763014E-19
492.2 0 7.6339579E-19
492.4 0 7.794953818E-19
492.6 0 1.464762258E-18
492.8 0 1.375533067E-19
493 0 3.688506888E-19
493.2 0 3.479665264E-19
493.4 0 1.759229799E-18
493.6 0 2.18811945E-18
493.8 0 1.808748197E-20
494 0 2.199642163E-19
494.2 0 -2.909545879E-20
494.4 0 8.184050875E-19
494.6 0 5.351004764E-19
494.8 0 8.233846127E-19
495 0 9.678540888E-19
495.2 0 -1.00668799E-18
495.4 0 1.948212306E-18
495.6 0 2.0848791E-18
495.8 0 -3.649392861E-20
496 0 1.864656235E-18
496.2 0 1.75229933E-18
496.4 0 1.667682536E-18
496.6 0 5.245314113E-20
496.8 0 5.040235463E-19
497 0 1.339238717E-18
497.2 0 2.042985932E-18
497.4 0 4.92984946E-19
497.6 0 2.189946196E-19
497.8 0 6.384694492E-20
498 0 2.544955061E-18
498.2 0 2.166327442E-18
498.4 0 -1.426258402E-18
498.6 0 -3.045752799E-18
498.8 0 4.778548929E-18
499 0 3.169333348E-18
499.2 0 4.298572107E-18
499.4 0 -7.499450876E-18
499.6 0 1.067674887E-18
499.8 0 7.612185293E-18
500 0 3.945954334E-17
