0 0.007340813675 0.00018742503
0.2 0.006465625 0.00171875
0.4 0.006055547219 0.0005470938375
0.6 0.005729583667 0.0003987565052
0.8 0.005456547857 0.0003363411093
1 0.005195813301 0.0002817007212
1.2 0.00497244489 0.0002583291583
1.4 0.004723837209 0.0002662640337
1.6 0.004503234055 0.0002428675291
1.8 0.004316939205 0.0001802643459
2 0.004143039944 8.624799277E-05
2.2 0.003975276104 7.843875502E-05
2.4 0.003829349136 7.062324227E-05
2.6 0.00369272508 3.925090434E-05
2.8 0.003546567149 -3.141334942E-05
3 0.003397149035 -8.642146018E-05
3.2 0.003257042254 6.287726358E-05
3.4 0.003085371377 9.435386473E-05
3.6 0.002960758155 -3.146395489E-05
3.8 0.002842339847 0.0001180373691
4 0.002704932487 0.0001731912535
4.2 0.002592615927 -0
4.4 0.002508572005 5.515076644E-05
4.6 0.002396085553 0.0001103460452
4.8 0.00228981631 7.88504239E-05
5 0.002167684774 8.677049677E-05
5.2 0.002051767677 7.891414141E-06
5.4 0.001957861762 -7.105143492E-05
5.6 0.001892311969 -3.15911848E-05
5.8 0.001807746764 -1.58019822E-05
6 0.001713628086 -0.0001106586402
6.2 0.001625759109 -4.744433198E-05
6.4 0.001537818955 -1.582118267E-05
6.6 0.001468800648 -0.0001187069489
6.8 0.00140289319 -0.0001504230847
7 0.001340100365 -0.0002217660178
7.2 0.001296272819 -0.0001980856998
7.4 0.00123972707 -0.000118899655
7.6 0.001189479294 -0.0001585972391
7.8 0.001139190699 -0.0002379924858
8 0.001085686713 -0.0001269809021
8.2 0.001025787602 1.251883592E-20
8.4 0.0009753710858 -4.765656771E-05
8.6 0.0009344487388 -3.972996338E-05
8.8 0.000893493081 -7.949226699E-05
9 0.0008493230863 -0.0001033820236
9.2 0.0008051171079 -3.977851324E-05
9.4 0.0007672422575 -0.0001353020579
9.6 0.0007325214024 -0.0001353572157
9.8 0.0006977722268 -9.558523654E-05
10 0.0006598072215 -0.0001035929213
10.2 0.0006281887755 -0.0001195790816
10.4 0.0005933544304 -0.0001435534912
10.6 0.000568065768 -9.574142157E-05
10.8 0.0005363710666 -0.0001516525337
11 0.0005046504497 -0.0001596995094
11.2 0.0004856850716 -0.0001757413088
11.4 0.0004826871931 -0.0001678217062
11.6 0.0004668952108 -0.0001199217151
11.8 0.0004542895168 -0.0001119727682
12 0.0004416734945 -7.201198279E-05
12.2 0.0004386526639 -0.0001200691598
12.4 0.0004228167282 -9.609471095E-05
12.6 0.0004101722724 -2.403353158E-05
12.8 0.0004007232253 -9.617357407E-05
13 0.0004040948276 -9.621305419E-05
13.2 0.0003978439425 -8.021047228E-06
13.4 0.000385168447 8.024342646E-06
13.6 0.0003724825319 -3.211056309E-05
13.8 0.0003694233141 -8.834035773E-05
14 0.0003663615796 -8.034245167E-05
14.2 0.0003632973251 -3.215020576E-05
14.4 0.0003602305476 -9.649032524E-05
14.6 0.000353943575 -5.630920511E-05
14.8 0.0003476514215 2.414245983E-05
15 0.0003381337593 -2.415241138E-05
15.2 0.0003221649485 -4.832474227E-05
15.4 0.0003094059406 -3.222978548E-05
15.6 0.0003030850186 4.836463062E-05
15.8 0.0002870819571 6.451279934E-05
16 0.0002742926477 -1.613486163E-05
16.2 0.0002679493802 -4.035382231E-05
16.4 0.0002616008681 2.407173466E-21
16.6 0.000255247105 1.615488007E-05
16.8 0.00025535271 6.464625569E-05
17 0.0002554584023 4.850475993E-05
17.2 0.0002523291925 -3.234989648E-05
17.4 0.0002491973902 -3.236329743E-05
17.6 0.0002395876502 -4.047088686E-05
17.8 0.0002332089552 -7.287779851E-05
18 0.0002300653256 -4.050445873E-05
18.2 0.0002171939834 -3.241701245E-05
18.4 0.0002172841428 -4.053808634E-05
18.6 0.0002141299834 2.433295266E-05
18.8 0.0002077274616 4.868612381E-05
19 0.0002013196176 -2.435317955E-05
19.2 0.0001981548857 -8.121101871E-06
19.4 0.0001982373128 -8.124480033E-06
19.6 0.0001950686642 -4.876716604E-05
19.8 0.0001918973772 -2.439373439E-05
20 0.0001952311537 -2.440389421E-05
20.2 0.0001920572917 -2.44140625E-05
20.4 0.0002019070446 -3.256565236E-05
20.6 0.000205249166 -6.515846539E-05
20.8 0.0002085940759 -6.518564873E-05
21 0.0002184630634 -6.521285476E-05
21.2 0.0002218162839 -3.262004175E-05
21.4 0.0002251723058 -2.00545608E-21
21.6 0.000225266402 -4.08091308E-05
21.8 0.0002253605769 -8.165238294E-06
22 0.0002254548306 -2.450595985E-05
22.2 0.0002255491632 -6.537656904E-05
22.4 0.0002158329845 -5.722844286E-05
22.6 0.0002126518007 -2.453674623E-05
22.8 0.0002127408881 -4.909405111E-05
23 0.0002062814334 -4.911462699E-05
23.2 0.0001998165618 -8.189203354E-06
23.4 0.0001966233221 -4.915583054E-05
23.6 0.0001934274024 -4.098038187E-05
23.8 0.0001902287993 -4.919710327E-05
24 0.0001804651407 -2.460888282E-05
24.2 0.0001838235294 -1.641281513E-05
24.4 0.0001740489702 -8.209857083E-06
24.6 0.0001708368377 1.642661901E-05
24.8 0.0001676220025 -2.465029449E-05
25 0.0001676925505 -5.754156145E-05
25.2 0.0001644736842 -4.111842105E-05
25.4 0.0001579612468 -6.844180042E-21
25.6 0.0001514433207 -1.646123051E-05
25.8 0.0001449198988 -8.23408516E-06
26 0.0001318009279 8.237557992E-06
26.2 0.0001252637131 -4.120516878E-05
26.4 0.0001154231743 -2.473353736E-05
26.6 0.0001055743243 -5.773595861E-05
26.8 0.0001023183354 -0.0001155207013
27 0.0001056635672 -4.952979713E-05
27.2 9.249471459E-05 -5.780919662E-05
27.4 9.253384095E-05 -2.478585025E-05
27.6 8.596064325E-05 4.132723233E-05
27.8 7.276672312E-05 -5.395947683E-21
28 6.948856417E-05 -3.308979246E-05
28.2 6.951800847E-05 -1.655190678E-05
28.4 6.954747774E-05 8.279461636E-06
28.6 6.957697201E-05 -1.656594572E-05
28.8 6.297730165E-05 -2.485946118E-05
29 6.300403226E-05 4.145002122E-05
29.2 5.97133758E-05 7.464171975E-05
29.4 6.30575616E-05 4.148523789E-05
29.6 7.636527837E-05 8.300573736E-06
29.8 8.968431122E-05 2.491230867E-05
30 9.969162059E-05 1.66152701E-05
30.2 0.0001063829787 -8.311170213E-06
30.4 0.0001097541507 2.244536993E-20
30.6 9.981899489E-05 8.318249574E-06
30.8 8.987537282E-05 2.496538134E-05
31 7.992327366E-05 3.330136402E-05
31.2 7.662579957E-05 1.665778252E-05
31.4 7.665848976E-05 -1.666488908E-05
31.6 7.669120785E-05 -1.094864639E-20
31.8 7.005230572E-05 3.335824082E-05
32 6.00704827E-05 -2.816959063E-21
32.2 5.341880342E-05 -5.008012821E-05
32.4 5.344164173E-05 -2.931440937E-21
32.6 5.68060308E-05 5.012296835E-05
32.8 5.683033804E-05 1.671480531E-05
33 5.351027397E-05 -8.360980308E-06
33.2 5.353319058E-05 1.672912206E-05
33.4 5.020886889E-05 5.857701371E-05
33.6 5.023039006E-05 3.34869267E-05
33.8 5.025192967E-05 8.375321612E-06
34 5.027348777E-05 -1.675782926E-05
34.2 5.700107296E-05 8.38251073E-06
34.4 6.373443538E-05 6.708887935E-05
34.6 6.711769759E-05 6.711769759E-05
34.8 7.050386764E-05 6.714654061E-05
35 7.389294927E-05 6.717540843E-05
35.2 7.392473118E-05 2.652220339E-21
35.4 7.059487952E-05 -6.723321859E-05
35.6 7.062526905E-05 -5.044662075E-05
35.8 6.392657192E-05 -4.606094038E-21
36 5.385609651E-05 -2.333225776E-20
36.2 5.051185345E-05 -5.051185345E-05
36.4 4.716472618E-05 -8.422272531E-06
36.6 4.381471096E-05 2.527771786E-05
36.8 4.046180406E-05 -8.429542512E-06
37 3.710600173E-05 -8.433182211E-06
37.2 3.374730022E-05 1.687365011E-05
37.4 2.700950735E-05 -8.440471046E-06
37.6 2.026588846E-05 -5.066472114E-05
37.8 1.689554498E-05 -5.913440744E-05
38 1.352228473E-05 -8.451427953E-06
38.2 1.01461039E-05 8.45508658E-06
38.4 6.766998701E-06 -2.537624513E-05
38.6 3.384965338E-06 -8.462413345E-06
38.8 6.772865193E-06 2.539824447E-05
39 1.016370338E-05 3.387901127E-05
39.2 1.355748373E-05 -3.389370933E-05
39.4 1.356336806E-05 -5.933973524E-05
39.6 1.356925749E-05 -2.544235779E-05
39.8 1.696894005E-05 -1.696894005E-05
40 2.037157757E-05 -3.395262929E-05
40.2 2.038043478E-05 -4.245923913E-05
40.4 2.378751631E-05 -1.699108308E-05
40.6 2.379786771E-05 -1.699847694E-05
40.8 3.401175446E-05 -8.502938616E-06
41 3.402656794E-05 8.506641986E-06
41.2 3.404139434E-05 4.195082916E-21
41.4 3.405623365E-05 9.452503683E-21
41.6 3.407108591E-05 8.517771478E-06
41.8 3.408595113E-05 3.095558035E-20
42 3.06907464E-05 -3.410082933E-05
42.2 3.070414847E-05 -1.705786026E-05
42.4 2.730449978E-05 1.12162112E-20
42.6 2.731643357E-05 8.53638549E-06
42.8 2.391233056E-05 -8.540118059E-06
43 2.734033246E-05 1.708770779E-05
43.2 2.735229759E-05 4.273796499E-05
43.4 2.394373905E-05 1.519022308E-22
43.6 2.053219448E-05 2.56652431E-05
43.8 1.711765995E-05 2.567648992E-05
44 1.370013152E-05 1.095134505E-20
44.2 1.370614035E-05 3.426535088E-05
44.4 6.856077227E-06 3.428038613E-05
44.6 6.859086918E-06 8.573858648E-06
44.8 6.862099253E-06 -4.45797224E-21
45 6.865114236E-06 -1.716278559E-05
45.2 6.868131868E-06 -8.585164835E-06
45.4 3.435576077E-06 -1.717788039E-05
45.6 6.874175099E-06 8.592718874E-06
45.8 1.031580106E-05 1.719300176E-05
46 1.032034346E-05 -1.271825006E-20
46.2 1.032488987E-05 8.60407489E-06
46.4 1.377258704E-05 8.607866902E-06
46.6 1.033399471E-05 -8.611662257E-06
46.8 1.033855315E-05 3.405169593E-21
47 1.034311562E-05 -8.619263019E-06
47.2 1.034768212E-05 -6.898454746E-05
47.4 1.380300353E-05 -1.725375442E-05
47.6 1.035682722E-05 -8.63068935E-06
47.8 6.90760389E-06 -7.771054377E-05
48 6.910659E-06 -3.4553295E-05
48.2 6.913716814E-06 -6.984948509E-21
48.4 6.916777335E-06 -4.322985834E-05
48.6 1.037976085E-05 -4.324900354E-05
48.8 1.384581303E-05 -2.596089942E-05
49 1.385195035E-05 -8.657468972E-06
49.2 1.039356984E-05 -1.53086462E-20
49.4 1.039818101E-05 -1.733030169E-05
49.6 1.040279627E-05 -2.600699068E-05
49.8 1.040741563E-05 8.672846359E-06
50 6.941359396E-06 2.603009773E-05
50.2 6.944444444E-06 -8.680555556E-06
50.4 1.042129835E-05 6.941979228E-22
50.6 1.042593416E-05 2.006352775E-21
50.8 1.04305741E-05 -3.890968544E-20
51 6.95681211E-06 2.608804541E-05
51.2 1.043986637E-05 8.699888641E-06
51.4 1.044451872E-05 -8.703765597E-06
51.6 1.044917521E-05 8.70764601E-06
51.8 1.045383586E-05 2.613458965E-05
52 1.045850067E-05 5.404505018E-21
52.2 6.975446429E-06 -1.743861607E-05
52.4 3.489280929E-06 -8.723202322E-06
52.6 3.490840036E-06 8.727100089E-06
52.8 0 3.492400536E-05
53 0 1.746981216E-05
53.2 3.495525727E-06 -8.149707605E-21
53.4 6.994180842E-06 2.622817816E-05
53.6 6.997313032E-06 5.247984774E-05
53.8 7.000448029E-06 2.625168011E-05
54 7.003585836E-06 -1.360719894E-21
54.2 7.006726457E-06 -2.627522422E-05
54.4 7.009869897E-06 -1.752467474E-05
54.6 7.013016158E-06 -8.766270197E-06
54.8 7.016165245E-06 -1.754041311E-05
55 7.019317161E-06 -1.75482929E-05
55.2 7.02247191E-06 -5.266853933E-05
55.4 7.025629496E-06 -8.782036871E-06
55.6 7.028789924E-06 2.635796221E-05
55.8 7.031953195E-06 2.636982448E-05
56 7.035119316E-06 -8.793899145E-06
56.2 7.038288288E-06 -4.39893018E-05
56.4 7.041460117E-06 1.760365029E-05
56.6 1.056695221E-05 2.641738052E-05
56.8 1.057171854E-05 8.809765449E-06
57 1.410198556E-05 -1.851363276E-20
57.2 1.410835214E-05 5.290632054E-05
57.4 7.05736224E-06 4.4108514E-05
57.6 7.060551288E-06 -3.530275644E-05
57.8 1.412748644E-05 -8.829679024E-06
58 1.413387607E-05 8.833672546E-06
58.2 1.414027149E-05 1.767533937E-05
58.4 1.41466727E-05 1.768334088E-05
58.6 1.415307971E-05 3.538269928E-05
58.8 1.415949252E-05 4.424841414E-05
59 1.062443336E-05 4.426847235E-05
59.2 1.06292517E-05 8.857709751E-06
59.4 1.417876588E-05 -2.658518603E-05
59.6 1.4185202E-05 1.886700785E-20
59.8 1.773955495E-05 2.836060179E-21
60 1.064856883E-05 -1.757579896E-20
60.2 1.065340909E-05 9.146723782E-21
60.4 1.065825375E-05 8.881878126E-06
60.6 1.421747043E-05 -2.059885474E-20
60.8 1.422394174E-05 1.200877672E-20
61 1.423041894E-05 2.668203552E-05
61.2 1.423690205E-05 2.669419134E-05
61.4 1.424339107E-05 1.780423883E-05
61.6 1.4249886E-05 5.34370725E-05
61.8 1.069229015E-05 7.128193431E-05
62 1.426289366E-05 6.240015974E-05
62.2 1.783675799E-05 4.459189498E-05
62.4 2.141388762E-05 2.676735952E-05
62.6 2.499428702E-05 3.570612431E-05
62.8 2.857796068E-05 6.251428898E-05
63 2.859103385E-05 8.041228271E-05
63.2 3.217963387E-05 2.681636156E-05
63.4 3.577152015E-05 8.942880037E-06
63.6 3.936669721E-05 1.789395328E-05
63.8 4.296516957E-05 -1.790215399E-05
64 4.656694177E-05 -1.791036222E-05
64.2 5.017201835E-05 -2.687786697E-05
64.4 5.378040385E-05 8.801432235E-22
64.6 5.380509642E-05 3.587006428E-05
64.8 5.741846578E-05 1.794327056E-05
65 5.744485294E-05 1.758384358E-20
65.2 5.747126437E-05 -8.979885057E-06
65.4 5.749770009E-05 -3.108317022E-21
65.6 5.752416015E-05 1.797630005E-05
65.8 5.755064457E-05 1.798457643E-05
66 5.757715339E-05 1.799286043E-05
66.2 5.760368664E-05 3.600230415E-05
66.4 5.763024435E-05 9.00472568E-06
66.6 5.765682657E-05 6.401193638E-21
66.8 5.768343332E-05 3.605214582E-05
67 5.41031856E-05 2.70515928E-05
67.2 5.412817552E-05 4.510681293E-05
67.4 4.69327634E-05 5.415318854E-05
67.6 4.69544614E-05 4.514852057E-05
67.8 4.33626272E-05 9.033880666E-05
68 3.976746876E-05 6.326642758E-05
68.2 3.616898148E-05 1.808449074E-05
68.4 3.980430755E-05 2.71393006E-05
68.6 3.258225209E-05 1.810125116E-05
68.8 3.259735744E-05 3.621928605E-05
69 2.898886827E-05 4.529510668E-05
69.2 2.900232019E-05 2.718967517E-05
69.4 3.264275766E-05 -2.720229805E-05
69.6 3.991523456E-05 -7.257315374E-05
69.8 4.356412639E-05 -2.7227579E-05
70 4.721641097E-05 -9.080079033E-06
70.2 4.360465116E-05 -1.816860465E-05
70.4 5.453117729E-05 -9.088529549E-06
70.6 5.819366853E-05 -4.004068756E-20
70.8 6.549836982E-05 9.096995808E-06
71 6.552889096E-05 -1.820246971E-05
71.2 6.92016317E-05 -3.642191142E-05
71.4 6.923390858E-05 1.335387536E-20
71.6 8.020298647E-05 4.556987867E-05
71.8 8.388772176E-05 3.64729225E-05
72 8.392690332E-05 9.122489491E-06
72.2 9.126752336E-05 -1.825350467E-05
72.4 9.496259935E-05 -4.565509584E-05
72.6 9.86611319E-05 -1.827057998E-05
72.8 9.870729995E-05 -9.13956481E-06
73 9.875351124E-05 1.526608735E-20
73.2 9.879976581E-05 -9.148126464E-06
73.4 0.0001098289597 -3.660965323E-05
73.6 0.0001245311767 -2.747011252E-05
73.8 0.0001282539869 -2.748299719E-05
74 0.0001283141718 -8.140419878E-21
74.2 0.0001283744131 -1.833920188E-05
74.4 0.0001284347111 -4.586953969E-05
74.6 0.0001248237782 -2.753465695E-05
74.8 0.0001212094499 -9.182534086E-06
75 0.0001139169802 3.674741298E-05
75.2 0.0001066176471 -9.191176471E-06
75.4 0.0001103460452 -7.356403013E-05
75.6 0.0001030381536 -9.199835139E-05
75.8 0.0001067683789 -3.681668238E-05
76 0.0001105021216 9.208510137E-06
76.2 0.0001179245283 -6.448997642E-05
76.4 0.0001253539405 -4.608600755E-05
76.6 0.0001291017469 2.766466006E-05
76.8 0.0001217820028 1.147195497E-20
77 0.0001218395558 -4.615134688E-05
77.2 0.0001329787234 -3.693853428E-05
77.4 0.0001404328288 2.771700568E-05
77.6 0.0001404992901 4.621687175E-05
77.8 0.0001405658144 -2.774325284E-05
78 0.0001443332544 -2.775639507E-05
78.2 0.000151806872 9.256516588E-06
78.4 0.0001518788525 -9.260905642E-06
78.6 0.0001519509013 -1.853059772E-05
78.8 0.00014831514 -9.879773E-21
79 0.0001409662868 9.274097816E-06
79.2 0.0001373218527 3.711401425E-05
79.4 0.0001336739544 4.641456749E-05
79.6 0.0001225927247 2.786198288E-05
79.8 0.0001152176499 -9.291745956E-06
80 0.0001227094241 -3.718467396E-05
80.2 0.0001302083333 -9.300595238E-06
80.4 0.0001339923773 -3.722010481E-05
80.6 0.000134056244 -9.309461392E-06
80.8 0.000126669051 4.656950405E-05
81 0.0001267294847 -1.819970874E-22
81.2 0.0001305190931 -9.322792363E-06
81.4 0.0001268505253 5.596346705E-05
81.6 0.0001194457716 4.665850454E-05
81.8 0.0001195028681 -9.336161568E-06
82 0.0001120875179 -9.340626495E-06
82.2 0.00010840311 3.738038278E-05
82.4 0.0001047151747 9.349569172E-06
82.6 0.0001010237069 9.354046935E-06
82.8 9.358528989E-05 1.871705798E-05
83 9.737535954E-05 9.36301534E-06
83.2 0.0001011690647 3.747002398E-05
83.4 9.746880998E-05 -9.37200096E-06
83.6 9.75156025E-05 -9.729357464E-21
83.8 9.756243996E-05 2.814301153E-05
84 9.760932244E-05 1.877102355E-05
84.2 9.390024038E-05 -2.474578294E-20
84.4 9.018759019E-05 -9.394540645E-06
84.6 9.023099134E-05 -2.329396146E-21
84.8 9.027443428E-05 9.403586904E-06
85 8.655467245E-05 -1.901868945E-20
85.2 8.659638554E-05 -2.823795181E-05
85.4 8.663813886E-05 -2.825156702E-05
85.6 9.044862518E-05 9.42173179E-06
85.8 8.672176641E-05 2.827883687E-05
86 9.053597296E-05 6.601581362E-05
86.2 8.303140097E-05 9.435386473E-05
86.4 7.929555341E-05 4.719973417E-05
86.6 8.688950677E-05 2.833353482E-05
86.8 8.315191098E-05 3.779632317E-05
87 8.697362052E-05 6.617558083E-05
87.2 8.323244552E-05 7.566585956E-05
87.4 8.327277132E-05 7.570251938E-05
87.6 7.952617547E-05 8.520661658E-05
87.8 7.956474297E-05 4.735996605E-05
88 7.960334789E-05 2.84297671E-05
88.2 7.584951456E-05 5.688713592E-05
88.4 7.209203497E-05 9.485794075E-06
88.6 6.833090379E-05 1.898080661E-05
88.8 7.216212931E-05 0.0001519202722
89 6.459751946E-05 0.0001044959874
89.2 6.843065693E-05 3.801703163E-05
89.4 6.46604187E-05 3.803554041E-05
89.6 5.708110083E-05 5.708110083E-05
89.8 4.56871345E-05 6.662707115E-05
90 3.809117504E-05 -1.904558752E-05
90.2 3.429878049E-05 -4.763719512E-05
90.4 3.431551977E-05 -2.859626647E-05
90.6 3.433227539E-05 -1.907348633E-05
90.8 3.816560821E-05 -9.541402052E-06
91 3.818426197E-05 -1.909213099E-05
91.2 3.438264059E-05 -3.820293399E-05
91.4 3.439946184E-05 -4.777703033E-05
91.6 3.824033284E-05 2.390899983E-20
91.8 3.825905975E-05 1.912952987E-05
92 3.44500245E-05 -6.629516469E-21
92.2 3.06372549E-05 4.787071078E-05
92.4 2.682074546E-05 3.831535066E-05
92.6 2.300049068E-05 2.875061335E-05
92.8 1.917648503E-05 7.670594011E-05
93 1.534872299E-05 4.796475933E-05
93.2 1.151719902E-05 9.597665848E-06
93.4 1.536381514E-05 9.602384464E-06
93.6 1.921421545E-05 9.607107723E-06
93.8 1.922367126E-05 1.922367126E-05
94 1.538650911E-05 -4.036693842E-21
94.2 1.15455665E-05 -4.45871315E-21
94.4 1.155125678E-05 -1.925209463E-05
94.6 1.540927022E-05 -1.926158777E-05
94.8 1.927109028E-05 -1.927109028E-05
95 2.313672261E-05 -4.820150543E-05
95.2 1.929012346E-05 9.645061728E-06
95.4 1.929965415E-05 -1.929965415E-05
95.6 1.930919427E-05 -6.758217993E-05
95.8 1.931874382E-05 -3.863748764E-05
96 1.159698169E-05 -2.899245423E-05
96.2 7.735148515E-06 -1.933787129E-05
96.4 7.738979693E-06 -2.902117385E-05
96.6 7.742814668E-06 1.935703667E-05
96.8 7.746653446E-06 3.873326723E-05
97 7.750496032E-06 -2.906436012E-05
97.2 7.754342432E-06 -2.907878412E-05
97.4 3.879096326E-06 -1.939548163E-05
97.6 0 -5.821535022E-05
97.8 0 -4.853690358E-05
98 0 1.942441571E-05
98.2 0 -9.717039801E-06
98.4 0 -4.860938278E-05
98.6 0 -3.890687251E-05
98.8 0 -7.785251619E-05
99 0 -7.789132602E-05
99.2 0 -1.948254364E-05
99.4 0 -2.314893482E-20
99.6 0 9.750998502E-06
99.8 0 -4.877934565E-05
100 0 -6.832521239E-05
100.2 0 -9.765625E-06
100.4 3.908204102E-06 9.770510255E-06
100.6 0 9.7754004E-06
100.8 3.912118177E-06 9.780295443E-06
101 3.914078156E-06 1.957039078E-05
101.2 3.9160401E-06 1.95802005E-05
101.4 3.918004012E-06 -9.79501003E-06
101.6 3.919969895E-06 -2.939977421E-05
101.8 3.921937751E-06 1.960968876E-05
102 7.847815168E-06 1.961953792E-05
102.2 7.851758794E-06 -1.962939698E-05
102.4 7.855706385E-06 -6.873743087E-05
102.6 7.859657948E-06 -7.859657948E-05
102.8 0 -7.863613488E-05
103 3.933786506E-06 -3.933786506E-05
103.2 0 9.839420655E-06
103.4 0 1.968876008E-05
103.6 0 -9.849344428E-06
103.8 0 -1.970862765E-05
104 0 2.488619919E-20
104.2 3.945707071E-06 9.864267677E-06
104.4 0 9.869252148E-06
104.6 0 -9.874241658E-06
104.8 0 -3.552343549E-21
105 0 -1.976847166E-05
105.2 0 -3.955696203E-05
105.4 0 -5.936550152E-05
105.6 0 -3.959706031E-05
105.8 0 -9.584750179E-21
106 3.963723998E-06 3.258778236E-21
106.2 7.931472081E-06 3.486033486E-21
106.4 1.190325038E-05 -1.983875063E-05
106.6 1.98488313E-05 -5.95464939E-05
106.8 2.78024911E-05 -8.936514997E-05
107 3.179043744E-05 -7.947609359E-05
107.2 3.578244275E-05 -2.981870229E-05
107.4 3.977851324E-05 1.988925662E-05
107.6 3.979877738E-05 8.756586003E-22
107.8 4.38009684E-05 -2.986429664E-05
108 4.78072412E-05 -2.987952575E-05
108.2 5.181760204E-05 -4.982461735E-05
108.4 5.184405309E-05 -6.979007147E-05
108.6 6.384065373E-05 -5.985061287E-05
108.8 6.786535514E-05 -9.980199285E-06
109 6.790005112E-05 -1.076689891E-20
109.2 6.793478261E-05 1.102867147E-20
109.4 6.397134084E-05 -9.995522006E-06
109.6 6.400409626E-05 -1.000064004E-05
109.8 6.403688525E-05 3.001728996E-05
110 6.406970784E-05 3.003267555E-05
110.2 6.41025641E-05 2.473226221E-20
110.4 6.814391996E-05 -1.00211647E-05
110.6 7.218942505E-05 1.554707346E-21
110.8 6.821391885E-05 1.003145865E-05
111 6.824897225E-05 2.007322713E-05
111.2 6.82840617E-05 1.004177378E-05
111.4 6.831918724E-05 2.00938786E-05
111.6 6.835434894E-05 4.020844056E-05
111.8 6.838954686E-05 2.011457261E-05
112 6.439979392E-05 1.00624678E-05
112.2 6.443298969E-05 2.013530928E-05
112.4 6.849535843E-05 3.021854048E-05
112.6 6.853070175E-05 4.03121775E-05
112.8 6.453278265E-05 1.008324729E-05
113 6.45661157E-05 -7.867377244E-21
113.2 6.05620155E-05 2.01873385E-05
113.4 6.463288521E-05 -5.607933229E-21
113.6 6.466632178E-05 -1.010411278E-05
113.8 6.469979296E-05 1.010934265E-05
114 6.068746763E-05 2.022915588E-05
114.2 6.071891192E-05 -1.011981865E-05
114.4 6.07503888E-05 1.01250648E-05
114.6 5.267764523E-05 5.065158195E-05
114.8 4.865075246E-05 1.013557343E-05
115 4.461967809E-05 -2.028167186E-05
115.2 4.464285714E-05 -1.01461039E-05
115.4 4.872661123E-05 -1.015137734E-05
115.6 4.468928757E-05 -2.031331253E-05
115.8 4.064776275E-05 -1.016194069E-05
116 4.066892244E-05 1.016723061E-05
116.2 4.475911458E-05 3.051757812E-05
116.4 4.071130797E-05 3.053348098E-05
116.6 3.258602711E-05 2.373159258E-20
116.8 2.852764737E-05 1.018844549E-05
117 2.446503132E-05 1.019376305E-05
117.2 2.447780679E-05 4.079634465E-05
117.4 2.040882968E-05 4.081765935E-05
117.6 1.633559854E-05 -2.041949817E-05
117.8 1.225810669E-05 -1.021508891E-05
118 1.226452119E-05 3.066130298E-05
118.2 1.227094241E-05 2.045157068E-05
118.4 8.184913567E-06 -6.287353784E-22
118.6 4.094601677E-06 1.246826156E-20
118.8 4.09674882E-06 -3.072561615E-05
119 4.098898216E-06 -5.12362277E-05
119.2 4.101049869E-06 1.94887579E-21
119.4 4.103203782E-06 2.051601891E-05
119.6 8.210719916E-06 -2.052679979E-05
119.8 1.232255521E-05 1.0268796E-05
120 1.643871647E-05 4.109679116E-05
120.2 1.644736842E-05 3.083881579E-05
120.4 2.057003686E-05 1.028501843E-05
120.6 2.469704953E-05 -1.02904373E-05
120.8 2.882841328E-05 -3.258988372E-20
121 2.884361814E-05 -2.060258439E-05
121.2 2.885883905E-05 -4.122691293E-05
121.4 2.887407603E-05 -2.062434002E-05
121.6 2.888932911E-05 -4.127047015E-05
121.8 2.890459831E-05 -5.161535412E-05
122 2.891988366E-05 2.404149798E-20
122.2 2.893518519E-05 1.706030436E-20
122.4 3.308628904E-05 -3.101839598E-05
122.6 4.137976695E-05 1.557678868E-20
122.8 4.140169581E-05 2.654948476E-20
123 4.556601273E-05 -2.071182397E-05
123.2 4.973474801E-05 -1.010048129E-20
123.4 5.805467091E-05 -1.036690552E-05
123.6 6.223446628E-05 -2.074482209E-05
123.8 6.226753454E-05 2.075584485E-05
124 6.645401382E-05 -2.076687932E-05
124.2 7.480053191E-05 -2.077792553E-05
124.4 7.899813731E-05 3.118347525E-05
124.6 8.320021299E-05 2.080005325E-05
124.8 8.740676612E-05 1.040556739E-05
125 9.578224947E-05 -1.041111407E-05
125.2 0.0001041666667 -1.101088418E-20
125.4 0.000112560032 1.042222519E-05
125.6 0.0001209623599 2.085557928E-05
125.8 0.0001293736645 -1.043336004E-05
126 0.0001377939604 -5.219468199E-05
126.2 0.000146223262 -4.177807487E-05
126.4 0.0001546615837 -2.090021402E-05
126.6 0.00016310894 -1.045570128E-05
126.8 0.0001673808249 -1.046130155E-05
127 0.0001716572883 -1.261221639E-20
127.2 0.0001801273458 -1.047252011E-05
127.4 0.0001886064914 -3.143441524E-05
127.6 0.0001970947397 -2.09675255E-05
127.8 0.0002055921053 4.237569556E-20
128 0.0002182966147 2.93737462E-20
128.2 0.0002310147849 1.050067204E-05
128.4 0.000243746638 -1.05063206E-05
128.6 0.0002522874058 -1.051197524E-05
128.8 0.0002524232633 2.103527194E-05
129 0.0002525592672 1.05233028E-05
129.2 0.0002611185984 -1.052897574E-05
129.4 0.0002612594391 -1.05346548E-05
129.6 0.0002698327037 2.108067998E-05
129.8 0.0002699784017 -9.857907822E-21
130 0.0002785656402 1.42991582E-20
130.2 0.0002829391892 1.055743243E-05
130.4 0.0002873174689 -1.056314224E-05
130.6 0.000291700487 1.056885823E-05
130.8 0.0002918584191 1.05745804E-05
131 0.0002962486457 -1.058030878E-05
131.2 0.0003048780488 -6.239770989E-21
131.4 0.0003135168113 1.059178416E-05
131.6 0.000317925936 1.05975312E-05
131.8 0.0003265811618 5.301642237E-05
132 0.0003310021727 5.304521999E-05
132.2 0.0003311820652 4.245923913E-05
132.4 0.0003356103861 5.310290919E-05
132.6 0.0003357929815 6.375816104E-05
132.8 0.0003359757757 5.316072401E-05
133 0.0003361587691 3.191380719E-05
133.2 0.0003363419619 1.064373297E-05
133.4 0.000340785169 1.064953653E-05
133.6 0.0003367089471 5.327673213E-05
133.8 0.00032836381 4.264465066E-05
134 0.0003285431458 4.266794102E-05
134.2 0.0003244535519 7.470969945E-05
134.4 0.0003160880262 6.407189721E-05
134.6 0.0003034395514 3.205347374E-05
134.8 0.0002950533662 2.138067871E-05
135 0.0002866579956 2.139238773E-05
135.2 0.0002782534247 1.070205479E-05
135.4 0.0002655564693 2.14158443E-05
135.6 0.000261416621 4.285518376E-05
135.8 0.0002615600988 3.215902854E-05
136 0.0002531232839 4.290225151E-05
136.2 0.0002532623626 3.219436813E-05
136.4 0.0002448117097 -1.073735569E-05
136.6 0.0002406490649 2.148652365E-05
136.8 0.0002235828288 9.674257017E-05
137 0.0002021957599 4.302037445E-05
137.2 0.0001936983471 -8.480684882E-21
137.4 0.0001765780044 3.230085447E-05
137.6 0.0001723662438 1.077289024E-05
137.8 0.0001681498344 1.077883554E-05
138 0.0001596148537 2.156957482E-05
138.2 0.0001553867403 -8.697965969E-21
138.4 0.0001511539525 4.447511593E-21
138.6 0.0001469164823 2.160536504E-05
138.8 0.0001469977864 -7.604956988E-21
139 0.0001470791805 -3.244393688E-05
139.2 0.0001514889197 -6.492382271E-05
139.4 0.0001559035477 -6.495981153E-05
139.6 0.0001603230727 -3.249792013E-05
139.8 0.0001647475028 -1.08386515E-05
140 0.0001648389783 -3.253400888E-05
140.2 0.0001649305556 -9.765625E-05
140.4 0.000169364925 -6.514035575E-05
140.6 0.0001651140156 -3.258829255E-05
140.8 0.0001695534224 -4.347523651E-05
141 0.0001696478285 -2.17497216E-05
141.2 0.0001653899721 -2.176183844E-05
141.4 0.0001654821628 -5.443492196E-05
141.6 0.0001699316788 -6.535833798E-05
141.8 0.0001743861607 -3.269740513E-05
142 0.0001744835288 -2.181044109E-05
142.2 0.0001745810056 2.467268617E-21
142.4 0.0001746785914 -3.275223589E-05
142.6 0.0001835151007 -4.369407159E-05
142.8 0.0001923614997 -2.209500414E-20
143 0.000196843505 -2.187150056E-05
143.2 0.0002057072829 -4.3767507E-05
143.4 0.0002189602018 -4.379204036E-05
143.6 0.0002278463264 -7.667905216E-05
143.8 0.0002367424242 -8.768237935E-05
144 0.0002456485121 -5.483225716E-05
144.2 0.0002589536517 -3.291783708E-05
144.4 0.0002722737493 -3.293634064E-05
144.6 0.0002768208661 -5.492477503E-05
144.8 0.0002725801913 -3.297341024E-05
145 0.0002639358108 1.099732545E-05
145.2 0.0002552816901 -3.301056338E-05
145.4 0.0002686372604 -5.504861894E-05
145.6 0.0002820078962 2.203186689E-05
145.8 0.000295393623 1.102215011E-05
146 0.0003043831169 -4.10397845E-20
146.2 0.000322210452 2.206920904E-05
146.4 0.0003223925947 -1.104084228E-05
146.6 0.0003269937783 2.209417421E-05
146.8 0.0003271788342 4.421335597E-05
147 0.0003273640997 1.105959796E-05
147.2 0.0003364022663 3.319759207E-05
147.4 0.0003321641156 2.214427438E-05
147.6 0.0003190584231 4.431366988E-05
147.8 0.0003015039728 7.759293417E-05
148 0.000292802385 4.436399773E-05
148.2 0.0002840909091 2.219460227E-05
148.4 0.0002664866401 1.110361001E-05
148.6 0.000253306314 -2.22198521E-05
148.8 0.0002534504838 -1.111624929E-05
149 0.0002491457859 6.673547836E-05
149.2 0.0002448361823 -2.225783476E-05
149.4 0.0002449757697 -0.0001002173603
149.6 0.000249572162 -7.799130063E-05
149.8 0.0002630921804 -1.114797374E-05
150 0.0002632424329 2.230868075E-05
150.2 0.0002678571429 1.116071429E-05
150.4 0.0002680102916 -1.403669291E-20
150.6 0.0002726330092 -2.234696796E-05
150.8 0.0002683171151 -2.235975959E-05
151 0.0002639962772 -1.118628293E-05
151.2 0.0002596704871 2.371260237E-20
151.4 0.0002642990252 -2.239822248E-05
151.6 0.0002644506598 -2.241107286E-05
151.8 0.0002601176808 1.1211969E-05
152 0.0002512923607 3.365522688E-05
152.2 0.0002424568966 2.244971264E-05
152.4 0.0002336112708 1.12313111E-05
152.6 0.0002292505754 -1.12377733E-05
152.8 0.000224884859 -1.124424295E-05
153 0.0002205141129 -1.974742946E-20
153.2 0.0002161383285 -1.125720461E-05
153.4 0.0002117574971 -2.252739331E-05
153.6 0.0002073716099 -1.127019619E-05
153.8 0.0002029806582 1.504506368E-21
154 0.0001985846332 -2.256643559E-05
154.2 0.000194183526 -1.128973988E-05
154.4 0.0001897773279 1.22573015E-20
154.6 0.0001853660301 -1.130280671E-05
154.8 0.0001809496236 -2.261870295E-05
155 0.0001765280997 -2.263180765E-05
155.2 0.0001721014493 7.310282867E-21
155.4 0.0001676696636 -2.265806265E-05
155.6 0.0001632327336 -1.13356065E-05
155.8 0.0001633275261 2.303196722E-20
156 0.0001634224288 -2.269755956E-05
156.2 0.0001635174419 -5.677688953E-05
156.4 0.000159067772 -5.680991856E-05
156.6 0.000154612922 -2.273719441E-05
156.8 0.0001501528829 -1.13752184E-05
157 0.0001456876457 -1.138184732E-05
157.2 0.0001412172012 -3.41654519E-05
157.4 0.0001412995916 -5.697564177E-05
157.6 0.0001413820782 -3.420534151E-05
157.8 0.0001323379089 2.281688084E-05
158 0.0001232831677 1.141510812E-05
158.2 0.0001142178363 -1.142178363E-05
158.4 0.0001051418958 -2.285693388E-05
158.6 0.0001006293911 -2.287031616E-05
158.8 9.61115993E-05 -2.288371412E-05
159 9.158851114E-05 1.144856389E-05
159.2 8.70601173E-05 4.582111437E-05
159.4 8.711120892E-05 1.146200117E-05
159.6 8.257486788E-05 1.146873165E-05
159.8 7.803319624E-05 1.84145596E-20
160 7.34861846E-05 -2.296443269E-05
160.2 6.893382353E-05 -1.148897059E-05
160.4 6.437610359E-05 -1.149573278E-05
160.6 5.981301531E-05 -2.300500589E-05
160.8 5.52445492E-05 1.701696226E-20
161 5.067069575E-05 1.151606722E-05
161.2 5.070058997E-05 -1.152286136E-05
161.4 5.073051948E-05 1.152966352E-05
161.6 5.076048435E-05 3.460942115E-05
161.8 5.079048463E-05 2.826869079E-20
162 5.08205204E-05 1.155011827E-05
162.2 5.085059172E-05 4.622781065E-05
162.4 5.088069864E-05 5.781897573E-05
162.6 5.091084123E-05 6.942387441E-05
162.8 5.094101956E-05 4.631001778E-05
163 4.633748517E-05 4.633748517E-05
163.2 4.636498516E-05 3.477373887E-05
163.4 5.10317696E-05 -3.928078945E-20
163.6 5.10620915E-05 -3.592028406E-20
163.8 5.109244946E-05 2.322384067E-05
164 5.112284355E-05 4.647531231E-05
164.2 5.115327381E-05 5.812872024E-05
164.4 4.653067302E-05 5.816334127E-05
164.6 5.121424315E-05 2.327920143E-05
164.8 5.124478235E-05 -3.493962433E-05
165 5.1275358E-05 -1.165349045E-05
165.2 5.597014925E-05 1.166044776E-05
165.4 5.600358423E-05 -2.333482676E-05
165.6 5.603705918E-05 3.502316198E-05
165.8 5.607057416E-05 4.672547847E-05
166 6.077947337E-05 1.634588285E-20
166.2 6.549401198E-05 2.339071856E-05
166.4 6.553325345E-05 1.170236669E-05
166.6 7.025629496E-05 -3.512814748E-05
166.8 7.4985003E-05 -4.686562687E-05
167 7.5030012E-05 -9.153860917E-21
167.2 7.507507508E-05 2.346096096E-05
167.4 7.981520433E-05 -4.46078177E-20
167.6 8.456103428E-05 -1.174458809E-05
167.8 8.931257521E-05 1.188581187E-20
168 8.936634557E-05 2.351745936E-05
168.2 8.942018072E-05 3.529743976E-05
168.4 8.947408077E-05 1.177290536E-05
168.6 8.952804584E-05 -4.712002413E-05
168.8 8.958207604E-05 -4.714846107E-05
169 8.96361715E-05 -2.467517769E-20
169.2 8.496978852E-05 2.360271903E-05
169.4 8.0297763E-05 -1.180849456E-05
169.6 7.562008469E-05 -2.363127647E-05
169.8 7.093674334E-05 -1.182279056E-05
170 6.624772865E-05 -2.365990309E-05
170.2 6.15530303E-05 -1.183712121E-05
170.4 5.685263796E-05 -3.553289873E-05
170.6 5.214654126E-05 -4.74059466E-05
170.8 4.743472981E-05 1.185868245E-05
171 5.220990279E-05 2.3731774E-05
171.2 5.224164134E-05 2.004725625E-20
171.4 5.227341849E-05 -2.376064477E-05
171.6 5.230523433E-05 -3.566265977E-05
171.8 5.233708892E-05 -1.189479294E-05
172 4.760816575E-05 3.904857258E-21
172.2 4.287347561E-05 -1.190929878E-05
172.4 3.813300793E-05 -2.383312996E-05
172.6 3.815628816E-05 -2.38476801E-05
172.8 3.817959682E-05 -3.579337202E-05
173 3.820293399E-05 -4.775366748E-05
173.2 3.822629969E-05 -2.389143731E-05
173.4 3.8249694E-05 -1.195302938E-05
173.6 3.827311696E-05 8.893038966E-21
173.8 3.829656863E-05 2.393535539E-05
174 4.311005518E-05 8.38251073E-05
174.2 4.313650307E-05 7.189417178E-05
174.4 4.316298343E-05 2.397943524E-05
174.6 4.318949631E-05 2.778196874E-20
174.8 4.321604179E-05 1.200445605E-05
175 3.363314883E-05 -1.201183887E-05
175.2 3.365384615E-05 -1.201923077E-05
175.4 2.886391626E-05 3.607989532E-05
175.6 2.40680838E-05 2.40680838E-05
175.8 1.926633785E-05 4.816584464E-05
176 1.445866749E-05 3.614666872E-05
176.2 9.645061728E-06 1.205632716E-05
176.4 4.825509574E-06 -2.412754787E-05
176.6 4.828491965E-06 -3.621368974E-05
176.8 4.831478046E-06 -6.039347557E-05
177 4.834467822E-06 -4.834467822E-05
177.2 9.674922601E-06 -4.8374613E-05
177.4 1.452137546E-05 -4.840458488E-05
177.6 1.453037818E-05 -2.421729696E-05
177.8 1.938585608E-05 1.855339864E-20
178 2.424736189E-05 3.637104283E-05
178.2 2.911490683E-05 1.213121118E-05
178.4 3.398850218E-05 -2.427750155E-05
178.6 4.37266791E-05 -1.024575227E-20
178.8 4.861543248E-05 4.861543248E-05
179 5.837484433E-05 2.915407432E-20
179.2 5.841121495E-05 -7.301401869E-05
179.4 6.818890274E-05 -8.523612843E-05
179.6 7.797878977E-05 -4.873674361E-05
179.8 8.778089888E-05 -2.438358302E-05
180 9.759525297E-05 -1.431925108E-21
180.2 0.000107421875 2.44140625E-05
180.4 0.0001123749218 4.885866166E-05
180.6 0.0001173341677 6.111154568E-05
180.8 0.0001174076393 1.222996243E-05
181 0.0001125861529 2.447525063E-05
181.2 0.0001126567398 2.449059561E-05
181.4 0.0001127274153 -1.225297992E-05
181.6 0.0001226067169 1.226067169E-05
181.8 0.0001324984296 -1.226837312E-05
182 0.000142402577 -4.91043369E-05
182.2 0.0001474056604 -3.685141509E-05
182.4 0.0001524150409 -2.458307111E-05
182.6 0.0001574307305 -3.689782746E-05
182.8 0.000162452741 -2.461405167E-05
183 0.0001674810845 -1.231478562E-05
183.2 0.0001725157729 1.933074114E-21
183.4 0.0001775568182 -1.900069768E-20
183.6 0.0001727337334 -3.991376422E-20
183.8 0.0001679045512 2.469184576E-05
184 0.00016306926 1.235373182E-05
184.2 0.0001582278481 -2.195852501E-21
184.4 0.0001583280557 8.434886778E-21
184.6 0.0001534775032 -1.2377218E-05
184.8 0.000148620799 -3.715519975E-05
185 0.0001437579315 -2.478585025E-05
185.2 0.0001388888889 -1.240079365E-05
185.4 0.0001340136595 -2.280145415E-20
185.6 0.0001291322314 -1.241656071E-05
185.8 0.0001242445929 -2.484891858E-05
186 0.000119350732 -1.243236792E-05
186.2 0.0001144506369 -1.244028662E-05
186.4 0.0001095442957 -1.244821542E-05
186.6 0.0001046316964 -1.538689725E-20
186.8 9.472718571E-05 2.492820676E-05
187 8.979885057E-05 2.494412516E-05
187.2 8.486421725E-05 1.248003195E-05
187.4 8.491847826E-05 1.623358788E-20
187.6 8.49728087E-05 -5.788762607E-21
187.8 8.502720871E-05 5.408534502E-20
188 8.508167841E-05 6.256005766E-05
188.2 8.012820513E-05 3.756009615E-05
188.4 7.516837716E-05 1.252806286E-05
188.6 7.020218228E-05 7.521662388E-05
188.8 6.522960822E-05 5.017662171E-05
189 6.527152956E-05 -3.765665167E-05
189.2 6.028938907E-05 -7.536173633E-05
189.4 6.032818533E-05 2.876454129E-20
189.6 6.036703155E-05 2.515292981E-05
189.8 6.040592784E-05 1.927568562E-20
190 6.044487427E-05 2.518536428E-05
190.2 6.552419355E-05 2.52016129E-05
190.4 6.556649451E-05 6.040838708E-20
190.6 6.560885013E-05 -5.046834625E-05
190.8 6.56512605E-05 -8.837669683E-05
191 6.569372574E-05 5.664101114E-21
191.2 6.573624595E-05 3.792475728E-05
191.4 6.577882124E-05 -1.264977332E-05
191.6 6.582145172E-05 -1.265797148E-05
191.8 7.09306096E-05 -1.266618029E-05
192 7.604639844E-05 -1.267439974E-05
192.2 8.116883117E-05 -1.268262987E-05
192.4 8.629792073E-05 -2.538174139E-05
192.6 9.14336801E-05 -1.269912224E-05
192.8 9.657612232E-05 3.862089723E-20
193 9.66389974E-05 3.814697266E-05
193.2 0.0001017915309 5.089576547E-05
193.4 0.0001018578879 1.273223598E-05
193.6 0.0001019243314 2.271352622E-20
193.8 0.0001019908616 -3.824657311E-05
194 0.0001020574788 -6.378592423E-05
194.2 0.000102124183 -1.315480698E-20
194.4 0.0001021909745 1.277387181E-05
194.6 0.0001022578534 -3.834669503E-05
194.8 0.0001023248199 -1.279060249E-05
195 0.0001023918742 -5.411514628E-21
195.2 0.0001024590164 -3.842213115E-05
195.4 0.0001025262467 -1.281578084E-05
195.6 0.0001025935653 1.282419567E-05
195.8 9.752792378E-05 -1.057838007E-21
196 9.24556213E-05 1.251398116E-21
196.2 8.737664474E-05 -3.854851974E-05
196.4 8.229098091E-05 -2.571593153E-05
196.6 7.71986166E-05 -1.28664361E-05
196.8 7.209953856E-05 -1.28749176E-05
197 6.699373351E-05 2.576682058E-05
197.2 6.188118812E-05 -1.289191419E-05
197.4 5.676188904E-05 -3.870128798E-05
197.6 5.163582287E-05 1.290895572E-05
197.8 4.650297619E-05 -1.068113371E-20
198 4.136333554E-05 -2.585208471E-05
198.2 3.621688742E-05 1.421271516E-20
198.4 3.106361829E-05 2.588634858E-05
198.6 2.590351459E-05 -1.208780264E-20
198.8 2.073656271E-05 -2.592070338E-05
199 1.5562749E-05 1.051148413E-20
199.2 1.03820598E-05 -9.665295623E-22
199.4 1.038896277E-05 2.597240691E-05
199.6 5.197937458E-06 2.598968729E-05
199.8 5.201398136E-06 -1.300349534E-05
200 5.204863424E-06 -6.009701582E-21
200.2 5.208333333E-06 1.302083333E-05
200.4 5.211807872E-06 2.605903936E-05
200.6 5.215287049E-06 -6.564368995E-21
200.8 5.218770875E-06 -1.268466585E-20
201 5.222259358E-06 2.611129679E-05
201.2 5.225752508E-06 -2.612876254E-05
201.4 5.229250335E-06 -2.614625167E-05
201.6 5.232752847E-06 -1.308188212E-05
201.8 5.236260054E-06 -1.309065013E-05
202 5.239771965E-06 -3.929828974E-05
202.2 5.243288591E-06 -3.932466443E-05
202.4 5.24680994E-06 -1.965644712E-20
202.6 5.250336022E-06 1.312584005E-05
202.8 1.050773369E-05 1.313466711E-05
203 1.051480485E-05 9.012563028E-21
203.2 1.052188552E-05 1.31523569E-05
203.4 1.052897574E-05 -2.787339568E-21
203.6 1.053607552E-05 -2.634018881E-05
203.8 1.054318489E-05 -4.220657946E-21
204 1.055030385E-05 1.318787981E-05
204.2 1.055743243E-05 -1.079330195E-20
204.4 1.056457066E-05 2.641142664E-05
204.6 1.057171854E-05 3.964394452E-05
204.8 1.05788761E-05 2.644719025E-05
205 1.058604336E-05 1.32325542E-05
205.2 1.588983051E-05 2.648305085E-05
205.4 1.590061058E-05 7.950305292E-05
205.6 1.060760353E-05 2.651900883E-05
205.8 1.061480978E-05 1.326851223E-05
206 1.062202583E-05 9.331877346E-21
206.2 1.06292517E-05 -2.657312925E-05
206.4 1.063648741E-05 1.329560926E-05
206.6 1.064373297E-05 1.330466621E-05
206.8 1.065098841E-05 1.154464708E-21
207 1.065825375E-05 2.664563438E-05
207.2 1.066552901E-05 3.999573379E-05
207.4 1.067281421E-05 6.112067009E-20
207.6 2.136021873E-05 1.335013671E-05
207.8 2.1374829E-05 -6.758682166E-21
208 1.604209446E-05 -1.336841205E-05
208.2 1.605308219E-05 6.688784247E-05
208.4 5.354694997E-06 9.370716244E-05
208.6 5.358367627E-06 9.377143347E-05
208.8 5.362045299E-06 8.043067948E-05
209 5.365728022E-06 4.024296016E-05
209.2 5.369415808E-06 4.027061856E-05
209.4 5.373108666E-06 5.726734996E-20
209.6 5.376806607E-06 4.032604955E-05
209.8 5.380509642E-06 5.380509642E-05
210 1.076843556E-05 -4.431406405E-20
210.2 1.077586207E-05 0.0001077586207
210.4 5.391649413E-06 0.0001752286059
210.6 5.395372928E-06 8.093059392E-05
210.8 5.399101589E-06 6.748876987E-05
211 0 1.256376296E-20
211.2 0 1.351643599E-05
211.4 0 8.115477839E-05
211.6 0 -1.116072963E-20
211.8 0 -4.063366852E-05
212 0 -5.421582235E-05
212.2 0 -2.712673611E-05
212.4 0 -4.071838082E-05
212.6 0 -4.07466968E-05
212.8 0 -4.268120671E-20
213 0 -2.720229805E-05
213.2 5.444250871E-06 1.361062718E-05
213.4 0 1.362011855E-05
213.6 0 -4.08888695E-05
213.8 0 -1.363914106E-05
214 0 -1.364867226E-05
214.2 0 1.365821678E-05
214.4 0 6.833887334E-05
214.6 0 2.735469188E-05
214.8 0 -6.843465312E-05
215 0 -5.478611501E-05
215.2 0 2.74122807E-05
215.4 0 1.371576545E-05
215.6 0 -6.862702038E-05
215.8 0 -9.614539381E-05
216 0 -6.872361013E-05
216.2 0 -2.750880282E-05
216.4 0 1.376409443E-05
216.6 0 -5.509520451E-05
216.8 0 -8.270112915E-05
217 0 -2.75865113E-05
217.2 0 1.380300353E-05
217.4 0 1.381276521E-05
217.6 0 -2.764508139E-05
217.8 0 -1.383233003E-05
218 0 2.768426648E-05
218.2 0 1.385195035E-05
218.4 0 -1.386178141E-05
218.6 0 -2.259818532E-20
218.8 0 -1.388148543E-05
219 0 -1.389135846E-05
219.2 0 1.644401345E-20
219.4 1.112891738E-05 -1.841325171E-20
219.6 2.227369922E-05 1.392106201E-05
219.8 2.786198288E-05 1.393099144E-05
220 2.788187009E-05 2.788187009E-05
220.2 2.232142857E-05 4.185267857E-05
220.4 2.233738385E-05 -4.63017677E-21
220.6 3.353004292E-05 -5.588340486E-05
220.8 4.473872584E-05 -8.388511095E-05
221 5.036712034E-05 -1.770082821E-20
221.2 5.600358423E-05 1.400089606E-05
221.4 6.164813486E-05 -2.802187948E-05
221.6 6.730078966E-05 -2.804199569E-05
221.8 6.734913793E-05 -1.40310704E-05
222 6.739755572E-05 -2.808231488E-05
222.2 6.744604317E-05 -4.215377698E-05
222.4 6.749460043E-05 1.406137509E-05
222.6 6.754322767E-05 2.814301153E-05
222.8 6.759192502E-05 -1.408165105E-05
223 6.764069264E-05 -2.818362193E-05
223.2 6.768953069E-05 1.410198556E-05
223.4 6.773843931E-05 2.822434971E-05
223.6 7.343637021E-05 4.236713666E-05
223.8 7.348950796E-05 1.805311132E-20
224 7.354272266E-05 -2.828566256E-05
224.2 7.359601449E-05 1.415307971E-05
224.4 7.364938361E-05 2.8326686E-05
224.6 7.370283019E-05 5.669448476E-05
224.8 6.808278867E-05 7.091957153E-05
225 6.245457849E-05 4.258266715E-05
225.2 6.25E-05 -4.55731849E-21
225.4 6.254548763E-05 1.421488355E-05
225.6 6.259104151E-05 5.690094683E-05
225.8 6.263666181E-05 2.847120991E-05
226 6.268234865E-05 2.849197666E-05
226.2 6.843065693E-05 4.276916058E-05
226.4 7.418736304E-05 2.853360117E-05
226.6 7.424159357E-05 4.28316886E-05
226.8 7.429590344E-05 0.0001000137162
227 7.435029283E-05 7.149066618E-05
227.2 7.44047619E-05 2.861721612E-05
227.4 7.445931085E-05 4.295729472E-05
227.6 7.451393984E-05 -2.718604058E-20
227.8 7.456864905E-05 2.54731788E-21
228 7.462343865E-05 2.870132256E-05
228.2 7.467830882E-05 -1.50359389E-20
228.4 7.473325975E-05 -1.437178072E-05
228.6 7.478829161E-05 1.438236377E-05
228.8 7.484340457E-05 2.878592483E-05
229 7.489859882E-05 2.880715339E-05
229.2 8.648523985E-05 -1.280238728E-20
229.4 9.808899557E-05 -4.327455687E-05
229.6 0.0001039356984 -1.443551367E-05
229.8 0.0001097910503 1.444619083E-05
230 0.0001156550703 -2.02634095E-20
230.2 0.0001157407407 1.446759259E-05
230.4 0.0001158265382 5.791326909E-05
230.6 0.0001159124629 1.938144414E-20
230.8 0.0001159985152 -1.44998144E-05
231 0.0001218889302 4.353176077E-05
231.2 0.0001277881041 1.452137546E-05
231.4 0.0001278831845 -3.2056887E-20
231.6 0.0001279784066 -3.875033826E-20
231.8 0.0001280737705 1.034112355E-20
232 0.0001281692767 -2.912938106E-05
232.2 0.0001282649254 -2.91511194E-05
232.4 0.000128360717 -1.458644511E-05
232.6 0.0001284566517 -2.919469357E-05
232.8 0.00012855273 -7.304132386E-05
233 0.0001344966317 -0.0001023343937
233.2 0.0001345973783 -1.819185668E-20
233.4 0.0001346982759 1.062069818E-20
233.6 0.0001347993248 -4.395630158E-05
233.8 0.0001407657658 -1.46631006E-05
234 0.0001350018783 -1.467411721E-05
234.2 0.0001409774436 -2.937030075E-05
234.4 0.0001469620015 -2.099286132E-20
234.6 0.000141189759 -4.41217997E-05
234.8 0.0001471834966 -0.0001177467973
235 0.0001472944947 -2.945889894E-05
235.2 0.0001474056604 1.047380212E-20
235.4 0.0001534176737 1.47516994E-05
235.6 0.0001476284958 8.857709751E-05
235.8 0.0001477401664 2.954803328E-05
236 0.0001478520061 -2.957040121E-05
236.2 0.0001479640152 -4.438920455E-05
236.4 0.0001480761941 5.035141E-21
236.6 0.0001600436267 2.963770865E-05
236.8 0.0001542331055 1.971312344E-21
237 0.000154350304 7.42068769E-05
237.2 0.0001425855513 5.941064639E-05
237.4 0.0001308028919 -1.994180908E-20
237.6 0.0001249523991 -2.975057121E-05
237.8 0.0001190929878 1.488662348E-05
238 0.0001132246377 5.959191457E-05
238.2 0.0001133110687 2.981870229E-05
238.4 0.000101461039 1.492074102E-05
238.6 0.0001075114679 1.493214832E-05
238.8 0.0001016162969 1.098837685E-20
239 9.571209801E-05 -5.982006126E-05
239.2 9.578544061E-05 -2.993295019E-05
239.4 8.986771472E-05 4.493385736E-05
239.6 8.39409056E-05 2.997889486E-05
239.8 7.200460829E-05 3.000192012E-05
240 6.605495772E-05 0.0001200999231
240.2 4.807692308E-05 0.0001051682692
240.4 3.007120862E-05 -6.014241724E-05
240.6 2.407550077E-05 -7.523593991E-05
240.8 2.409406322E-05 4.517636854E-05
241 2.411265432E-05 7.535204475E-05
241.2 2.413127413E-05 1.508204633E-05
241.4 3.01874034E-05 4.52811051E-05
241.6 3.625290023E-05 7.552687548E-05
241.8 3.628095975E-05 3.023413313E-05
242 4.23605732E-05 1.512877614E-05
242.2 4.84496124E-05 -1.514050388E-05
242.4 4.848719938E-05 -4.545674942E-05
242.6 4.852484472E-05 -4.549204193E-05
242.8 4.249222999E-05 -1.887034084E-20
243 3.645023328E-05 -1.51875972E-05
243.2 3.039883268E-05 -7.599708171E-05
243.4 2.433800623E-05 -4.563376168E-05
243.6 2.435697584E-05 1.52231099E-05
243.8 3.04699688E-05 6.09399376E-05
244 3.659250585E-05 6.098750976E-05
244.2 4.272460938E-05 1.525878906E-05
244.4 4.88663018E-05 3.054143862E-05
244.6 5.501760563E-05 4.584800469E-05
244.8 6.117854346E-05 3.058927173E-05
245 6.734913793E-05 4.591986677E-05
245.2 7.352941176E-05 3.06372549E-05
245.4 7.971938776E-05 -3.267924915E-20
245.6 8.591908877E-05 4.602808327E-05
245.8 9.212853774E-05 6.141902516E-05
246 9.220102282E-05 6.146734854E-05
246.2 9.227362205E-05 7.689468504E-05
246.4 9.23463357E-05 3.07821119E-05
246.6 9.241916404E-05 3.080638801E-05
246.8 9.249210734E-05 6.166140489E-05
247 9.256516588E-05 -3.872610184E-20
247.2 9.263833992E-05 -3.087944664E-05
247.4 9.271162975E-05 -1.545193829E-05
247.6 9.278503563E-05 -4.639251781E-05
247.8 9.285855784E-05 -6.188584019E-20
248 9.293219667E-05 7.744349722E-05
248.2 9.300595238E-05 -1.550099206E-05
248.4 8.687450357E-05 -4.653991263E-05
248.6 8.073330684E-05 -4.060832505E-20
248.8 8.079753381E-05 1.553798727E-05
249 7.464171975E-05 -3.110071656E-05
249.2 8.092629482E-05 -0.000124501992
249.4 8.722089314E-05 -4.672547847E-05
249.6 8.729050279E-05 6.235035914E-05
249.8 9.360023962E-05 4.680011981E-05
250 9.367505995E-05 -3.430513644E-20
250.2 8.75E-05 -3.931197173E-20
250.4 8.131505204E-05 -1.80995833E-20
250.6 8.138020833E-05 -4.695012019E-05
250.8 7.518043304E-05 -1.566259022E-05
251 7.524077047E-05 3.135032103E-05
251.2 7.530120482E-05 -1.5687751E-05
251.4 7.536173633E-05 -7.850180868E-05
251.6 7.542236525E-05 -6.285197104E-05
251.8 7.548309179E-05 -1.572564412E-05
252 6.924858985E-05 -3.147663175E-05
252.2 6.300403226E-05 1.575100806E-05
252.4 6.305488297E-05 4.188369347E-20
252.6 6.310581583E-05 -1.577645396E-05
252.8 6.315683104E-05 -1.6020919E-20
253 6.952872168E-05 -3.16039644E-05
253.2 6.958502024E-05 -3.162955466E-05
253.4 6.964141005E-05 -4.748277958E-05
253.6 6.969789132E-05 -6.336171938E-05
253.8 6.341314935E-05 -4.755986201E-05
254 5.711819659E-05 -1.586616572E-05
254.2 5.081300813E-05 1.128275432E-20
254.4 4.449755899E-05 1.589198535E-05
254.6 3.81718241E-05 6.361970684E-05
254.8 3.183577832E-05 6.367155664E-05
255 2.548939641E-05 1.593087276E-05
255.2 1.913265306E-05 2.724397969E-20
255.4 1.276552288E-05 4.787071078E-05
255.6 6.387980376E-06 4.790985282E-05
255.8 0 4.794905892E-05
256 6.398443898E-06 4.798832924E-05
256.2 1.280737705E-05 1.600922131E-05
256.4 1.922682527E-05 -1.602235439E-05
256.6 2.565681445E-05 -3.207101806E-05
256.8 3.209737058E-05 1.710283918E-20
257 3.212376645E-05 7.606528424E-21
257.2 3.215020576E-05 2.31043158E-20
257.4 3.217668863E-05 8.044172158E-05
257.6 3.220321517E-05 6.440643034E-05
257.8 3.222978548E-05 2.059057291E-20
258 3.225639967E-05 8.064099917E-05
258.2 3.228305785E-05 6.45661157E-05
258.4 3.230976013E-05 1.615488007E-05
258.6 3.233650662E-05 8.084126656E-05
258.8 3.236329743E-05 8.090824358E-05
259 3.239013267E-05 3.239013267E-05
259.2 3.241701245E-05 6.48340249E-05
259.4 3.244393688E-05 8.110984219E-05
259.6 3.247090607E-05 4.87063591E-05
259.8 3.899750416E-05 3.249792013E-05
260 3.252497918E-05 4.878746878E-05
260.2 3.255208333E-05 6.510416667E-05
260.4 3.257923269E-05 -1.628961635E-05
260.6 3.260642738E-05 -1.630321369E-05
260.8 3.26336675E-05 6.5267335E-05
261 3.266095318E-05 3.266095318E-05
261.2 3.268828452E-05 1.634414226E-05
261.4 3.271566164E-05 4.907349246E-05
261.6 3.274308466E-05 4.755579696E-20
261.8 3.277055369E-05 -1.638527685E-05
262 3.279806885E-05 -3.279806885E-05
262.2 3.282563025E-05 -8.206407563E-05
262.4 3.285323802E-05 -3.285323802E-05
262.6 3.288089226E-05 -1.644044613E-05
262.8 3.290859309E-05 -4.936288964E-05
263 3.293634064E-05 -3.293634064E-05
263.2 3.296413502E-05 -6.592827004E-05
263.4 3.959037162E-05 -8.247994088E-05
263.6 3.96238377E-05 -1.650993238E-05
263.8 3.965736041E-05 -3.304780034E-05
264 3.969093988E-05 -8.268945809E-05
264.2 3.972457627E-05 -6.620762712E-05
264.4 3.975826972E-05 -3.313189143E-05
264.6 3.979202037E-05 -4.974002547E-05
264.8 3.318819031E-05 -6.637638063E-05
265 3.321641156E-05 -0.0001162574405
265.2 3.324468085E-05 -9.973404255E-05
265.4 3.32729983E-05 -6.654599659E-05
265.6 3.330136402E-05 -6.660272805E-05
265.8 3.332977816E-05 -8.332444539E-05
266 3.335824082E-05 -0.0001000747225
266.2 3.338675214E-05 -0.0001168536325
266.4 3.341531223E-05 -8.353828058E-05
266.6 3.344392123E-05 -6.688784247E-05
266.8 3.347257926E-05 -6.694515853E-05
267 2.680102916E-05 -1.675064322E-05
267.2 2.011802575E-05 -5.029506438E-05
267.4 1.342353952E-05 -5.03382732E-05
267.6 6.717540843E-06 -1.679385211E-05
267.8 0 -6.723321859E-05
268 0 -8.411391042E-05
268.2 0 -5.051185345E-05
268.4 6.740724763E-06 -6.740724763E-05
268.6 1.349309154E-05 -8.433182211E-05
268.8 1.350475367E-05 -5.064282627E-05
269 1.351643599E-05 -8.447772491E-05
269.2 2.029220779E-05 -0.000101461039
269.4 2.70797227E-05 -5.077448007E-05
269.6 2.710320902E-05 -1.693950564E-05
269.8 2.712673611E-05 -3.390842014E-05
270 3.39378801E-05 -5.090682016E-05
270.2 4.076086957E-05 -3.39673913E-05
270.4 4.079634465E-05 -1.699847694E-05
270.6 3.402656794E-05 1.701328397E-05
270.8 3.405623365E-05 -1.702811683E-05
271 3.408595113E-05 1.350458828E-20
271.2 3.411572052E-05 -5.467562421E-21
271.4 3.414554196E-05 -6.829108392E-05
271.6 3.417541557E-05 -6.835083115E-05
271.8 4.104640981E-05 3.420534151E-05
272 4.108238387E-05 6.847063979E-05
272.2 3.426535088E-05 -6.751681515E-21
272.4 3.429543459E-05 1.71477173E-05
272.6 3.432557118E-05 6.865114236E-05
272.8 4.122691293E-05 0.0001030672823
273 4.126320423E-05 0.0001031580106
273.2 4.129955947E-05 6.883259912E-05
273.4 4.822530864E-05 1.722332451E-05
273.6 4.82678729E-05 -4.832526546E-21
273.8 4.831051237E-05 6.901501767E-05
274 4.835322723E-05 6.90760389E-05
274.2 4.83960177E-05 5.185287611E-05
274.4 4.843888397E-05 3.459920283E-05
274.6 4.848182624E-05 -7.603900192E-21
274.8 4.852484472E-05 5.199090506E-05
275 4.856793961E-05 3.469138544E-05
275.2 4.861111111E-05 -1.736111111E-05
275.4 4.170373665E-05 -1.737655694E-05
275.6 5.565449688E-05 9.574390232E-21
275.8 6.26671123E-05 1.740753119E-05
276 6.969223907E-05 -5.22691793E-05
276.2 7.672991071E-05 -1.743861607E-05
276.4 9.076184093E-05 6.981680071E-05
276.6 9.084302326E-05 -3.493962433E-05
276.8 9.791853178E-05 -0.0001049127126
277 0.0001120071685 -5.250336022E-05
277.2 0.0001121076233 -3.503363229E-05
277.4 0.0001192212747 -1.753254039E-05
277.6 0.0001263477089 -9.351609035E-22
277.8 0.0001264613309 -1.756407374E-05
278 0.0001195432043 -7.031953195E-05
278.2 0.0001337274775 -0.0001055743243
278.4 0.0001549819657 -5.283476105E-05
278.6 0.0001551218412 5.288244585E-05
278.8 0.0001552619693 1.405435001E-20
279 0.0001695298373 -8.829679024E-05
279.2 0.0001838235294 -7.070135747E-05
279.4 0.0001981431159 -3.538269928E-05
279.6 0.0002054057117 -6.173829202E-20
279.8 0.0002055921053 -3.54469147E-05
280 0.0002057788374 -5.321866485E-05
280.2 0.0002201704545 2.631374555E-21
280.4 0.0002274795268 1.777183803E-05
280.6 0.0002348019126 -3.557604736E-05
280.8 0.0002421376481 1.780423883E-05
281 0.0002494867701 0.0001069229015
281.2 0.0002497146119 7.134703196E-05
281.4 0.0002570840951 0.0001071183729
281.6 0.0002501715462 8.934698079E-05
281.8 0.000243246337 1.788576007E-05
282 0.0002434692942 0.0001611193859
282.2 0.0002436926606 0.0001971043578
282.4 0.0002367424242 0.0001434802571
282.6 0.0002297794118 0.0001615636489
282.8 0.0002299908004 0.000125776219
283 0.0002373964088 8.992288214E-05
283.2 0.0002376152074 5.400345622E-05
283.4 0.0002378344096 0.0001261243081
283.6 0.0002236265005 9.017197599E-05
283.8 0.0002310536044 6.569936697E-21
284 0.0002384944496 9.033880666E-05
284.2 0.0002387152778 9.04224537E-05
284.4 0.0002389365153 0.0001267087581
284.6 0.0002319109462 0.0001268262987
284.8 0.0002248723305 5.44045961E-05
285 0.0002250813197 5.445515799E-05
285.2 0.0002325581395 5.450581395E-05
285.4 0.0002255004655 3.637104283E-05
285.6 0.0002329916123 1.820246971E-05
285.8 0.0002332089552 5.465834888E-05
286 0.0002261321195 -1.684005681E-20
286.2 0.0002263434579 -5.476051402E-05
286.4 0.0002338634238 -1.827057998E-05
286.6 0.000234082397 -1.685551559E-21
286.8 0.0002343017807 1.830482662E-05
287 0.0002418503752 3.664399625E-05
287.2 0.000234741784 -1.833920188E-05
287.4 0.000234962406 -3.037558758E-20
287.6 0.0002351834431 -3.674741298E-05
287.8 0.0002280484934 -0.0001103460452
288 0.0002135367578 -3.681668238E-05
288.2 0.0002063679245 -1.842570755E-05
288.4 0.0001991855524 -1.381154852E-20
288.6 0.000191989603 -1.846053875E-05
288.8 0.0001921712394 -5.543401135E-05
289 0.0001923532197 -7.398200758E-05
289.2 0.0001999407583 -9.256516588E-05
289.4 0.0002001304554 -5.559179317E-05
289.6 0.0001929012346 -5.564458689E-05
289.8 0.00018565827 -1.8565827E-05
290 0.0001709681256 3.716698382E-05
290.2 0.00015625 1.860119048E-05
290.4 0.0001563989514 -3.723784557E-05
290.6 0.0001416388359 -0.0001490935115
290.8 0.0001343123209 -0.0001678904011
291 0.0001195028681 -9.336161568E-05
291.2 0.0001121411483 -5.607057416E-05
291.4 0.0001047653257 -5.612428161E-05
291.6 0.0001048657718 -7.490412272E-05
291.8 8.997120921E-05 -5.623200576E-05
292 7.504803074E-05 -1.876200768E-05
292.2 6.760817308E-05 1.878004808E-05
292.4 6.015399423E-05 -5.639436959E-05
292.6 5.268545279E-05 -9.40811657E-05
292.8 4.520250723E-05 -5.650313404E-05
293 3.770511583E-05 -5.655767375E-05
293.2 3.019323671E-05 -3.774154589E-05
293.4 2.266682785E-05 -9.444511605E-05
293.6 2.268877057E-05 -7.562923524E-05
293.8 7.570251938E-06 -3.785125969E-05
294 0 -9.47199321E-05
294.2 0 -0.0001137742718
294.4 7.592322643E-06 -0.0001138848397
294.6 7.599708171E-06 -0.0001139956226
294.8 7.607108082E-06 -7.607108082E-05
295 0 -7.614522417E-05
295.2 7.62195122E-06 -3.81097561E-05
295.4 7.629394531E-06 5.083075783E-20
295.6 7.636852395E-06 3.818426197E-05
295.8 0 1.911081213E-05
296 0 -5.738858962E-05
296.2 7.659313725E-06 -5.744485294E-05
296.4 7.666830226E-06 -1.916707556E-05
296.6 7.674361493E-06 -1.918590373E-05
296.8 0 -5.761430678E-05
297 7.689468504E-06 -7.689468504E-05
297.2 7.697044335E-06 -5.772783251E-05
297.4 7.704635108E-06 -1.169599631E-20
297.6 7.712240869E-06 1.928060217E-05
297.8 7.71986166E-06 3.773380308E-20
298 7.727497527E-06 -1.931874382E-05
298.2 7.735148515E-06 3.867574257E-05
298.4 7.742814668E-06 5.807111001E-05
298.6 7.750496032E-06 1.431502807E-20
298.8 7.758192651E-06 -1.939548163E-05
299 7.765904573E-06 -1.941476143E-05
299.2 7.773631841E-06 -5.535225988E-20
299.4 7.781374502E-06 3.890687251E-05
299.6 7.789132602E-06 2.83953424E-20
299.8 7.796906188E-06 -1.949226547E-05
300 7.804695305E-06 1.129965007E-20
300.2 7.8125E-06 3.90625E-05
300.4 0 3.91016016E-05
300.6 0 1.957039078E-05
300.8 7.836008024E-06 5.877006018E-05
301 7.843875502E-06 5.882906627E-05
301.2 7.851758794E-06 3.925879397E-05
301.4 7.859657948E-06 5.894743461E-05
301.6 7.867573011E-06 3.933786506E-05
301.8 7.875504032E-06 3.937752016E-05
302 7.88345106E-06 1.970862765E-05
302.2 1.578282828E-05 3.214708312E-20
302.4 1.579878665E-05 3.949696663E-05
302.6 1.581477733E-05 1.976847166E-05
302.8 1.583080041E-05 1.978850051E-05
303 1.584685598E-05 3.961713996E-05
303.2 2.379441624E-05 5.948604061E-05
303.4 3.175813008E-05 7.93953252E-05
303.6 3.179043744E-05 3.97380468E-05
303.8 3.977851324E-05 3.977851324E-05
304 3.185524975E-05 3.981906218E-05
304.2 3.985969388E-05 1.992984694E-05
304.4 3.990040858E-05 3.990040858E-05
304.6 3.195296524E-05 5.991180982E-05
304.8 2.398925281E-05 1.999104401E-05
305 1.600922131E-05 1.7705208E-20
305.2 1.602564103E-05 2.003205128E-05
305.4 8.021047228E-06 4.010523614E-05
305.6 8.029290853E-06 6.02196814E-05
305.8 0 4.01877572E-05
306 0 4.022914521E-05
306.2 8.054123711E-06 6.040592784E-05
306.4 8.062435501E-06 4.03121775E-05
306.6 8.070764463E-06 2.017691116E-05
306.8 8.079110651E-06 6.059332989E-05
307 8.08747412E-06 8.08747412E-05
307.2 8.095854922E-06 4.047927461E-05
307.4 8.104253112E-06 2.026063278E-05
307.6 8.112668744E-06 6.084501558E-05
307.8 0 6.090826403E-05
308 0 -3.186087257E-21
308.2 0 -0
308.4 8.146506778E-06 1.621836697E-21
308.6 0 -2.03875261E-05
308.8 0 2.040882968E-05
309 0 2.043017782E-05
309.2 0 6.135471204E-05
309.4 0 0.0001228380503
309.6 0 2.049449108E-05
309.8 0 -4.103203782E-05
310 0 4.107518402E-05
310.2 0 6.167763158E-05
310.4 0 4.691651623E-20
310.6 8.241033755E-06 -4.120516878E-05
310.8 1.649947202E-05 -8.249736008E-05
311 2.477536998E-05 -6.193842495E-05
311.2 3.306878307E-05 2.066798942E-05
311.4 4.137976695E-05 -4.137976695E-05
311.6 5.79931071E-05 -6.21354719E-05
311.8 5.805467091E-05 -4.009263216E-20
312 7.472104145E-05 -2.075584485E-05
312.2 8.311170213E-05 -2.077792553E-05
312.4 9.984025559E-05 -8.320021299E-05
312.6 9.99466951E-05 -0.0001249333689
312.8 0.0001167289221 -4.168890075E-05
313 0.0001252003205 -8.346688034E-05
313.2 0.0001504010695 -6.26671123E-05
313.4 0.0001589266595 -9.696007993E-20
313.6 0.0001758440514 -3.174615327E-20
313.8 0.0001844152361 -4.191255365E-05
314 0.0002097878625 -6.293635875E-05
314.2 0.0002100134409 -2.100134409E-05
314.4 0.0002102395048 -2.102395048E-05
314.6 0.000210466056 -3.699885456E-20
314.8 0.000210693096 -2.10693096E-05
315 0.0002109206263 -6.32761879E-05
315.2 0.0002111486486 -8.445945946E-05
315.4 0.0002113771645 -8.45508658E-05
315.6 0.0002116061755 -6.348185265E-05
315.8 0.0002118356833 -3.526331055E-20
316 0.0002120656895 8.482627579E-05
316.2 0.0002038043478 8.491847826E-05
316.4 0.0001955250272 2.125272035E-05
316.6 0.0001872276688 -7.493922951E-20
316.8 0.0001789122137 2.129907306E-05
317 0.0001705786026 2.132232533E-05
317.2 0.000162226776 2.134562842E-05
317.4 0.000153856674 4.273796499E-05
317.6 0.0001454682366 3.378043788E-20
317.8 0.0001370614035 -4.54930634E-20
318 0.0001286361142 -4.287870472E-05
318.2 0.0001287774725 -6.312073434E-20
318.4 0.000111729923 6.445957096E-05
318.6 0.0001118529736 2.151018722E-05
318.8 0.0001033627343 2.153390298E-05
319 8.623068433E-05 2.155767108E-05
319.2 6.906077348E-05 6.474447514E-05
319.4 5.185287611E-05 0.0001080268252
319.6 3.4606866E-05 4.32585825E-05
319.8 3.464523282E-05 -4.660455745E-20
320 2.60127636E-05 2.1677303E-05
320.2 1.736111111E-05 -3.48888986E-20
320.4 0 -2.172552836E-05
320.6 0 2.17497216E-05
320.8 0 6.532190635E-05
321 0 -2.328645191E-20
321.2 0 -6.546787709E-05
321.4 0 -8.738814318E-05
321.6 0 -6.561450168E-05
321.8 0 -2.189602018E-05
322 0 -5.794337654E-20
322.2 8.778089888E-06 -2.174564223E-20
322.4 8.787964004E-06 -9.045472115E-21
322.6 8.79786036E-06 1.263598657E-20
322.8 8.80777903E-06 -6.605834273E-05
323 8.81772009E-06 -8.81772009E-05
323.2 8.827683616E-06 -3.015522635E-20
323.4 8.837669683E-06 -2.209417421E-05
323.6 8.847678369E-06 2.737342912E-21
323.8 8.857709751E-06 8.857709751E-05
324 8.867763905E-06 4.433881952E-05
324.2 8.877840909E-06 4.278697118E-20
324.4 8.887940842E-06 1.666008124E-20
324.6 8.898063781E-06 -4.449031891E-05
324.8 8.908209806E-06 -8.908209806E-05
325 8.918378995E-06 -6.688784247E-05
325.2 0 -6.696428571E-05
325.4 0 -6.704090389E-05
325.6 0 -2.237256586E-05
325.8 0 -2.239822248E-05
326 0 -2.2423938E-05
326.2 0 2.244971264E-05
326.4 0 8.6575648E-21
326.6 0 -4.500288018E-05
326.8 0 -4.505478662E-05
327 0 2.255340647E-05
327.2 0 2.257947977E-05
327.4 9.04224537E-06 -2.260561343E-05
327.6 0 -2.263180765E-05
327.8 0 -4.531612529E-05
328 0 -2.268437863E-05
328.2 0 4.542151163E-05
328.4 0 2.273719441E-05
328.6 0 -9.105477855E-05
328.8 0 -4.558051342E-05
329 0 0.0001140844042
329.2 0 0.0001370614035
329.4 0 6.861094848E-05
329.6 0 6.650047704E-21
329.8 0 -4.584800469E-05
330 0 -4.590188014E-05
330.2 0 -4.595588235E-05
330.4 0 -2.300500589E-05
330.6 0 -2.303213443E-05
330.8 0 -4.611865407E-05
331 0 4.617316785E-05
331.2 0 2.311390533E-05
331.4 0 -6.942387441E-05
331.6 0 -6.950622776E-05
331.8 0 -4.639251781E-05
332 0 4.644768133E-05
332.2 0 0.0001162574405
332.4 0 6.983760429E-05
332.6 0 -2.330698091E-05
332.8 9.333930705E-06 -9.641454943E-21
333 9.345095694E-06 4.672547847E-05
333.2 9.356287425E-06 7.017215569E-05
333.4 9.367505995E-06 9.367505995E-05
333.6 9.378751501E-06 8.004728235E-22
333.8 9.390024038E-06 -7.042518029E-05
334 9.401323706E-06 -2.350330927E-05
334.2 9.412650602E-06 2.353162651E-05
334.4 9.424004825E-06 7.068003619E-05
334.6 9.435386473E-06 2.358846618E-05
334.8 9.446795647E-06 -4.723397823E-05
335 9.458232446E-06 -7.093674334E-05
335.2 9.46969697E-06 -4.734848485E-05
335.4 1.896237864E-05 -2.37029733E-05
335.6 1.89854192E-05 -4.7463548E-05
335.8 9.504257908E-06 -4.752128954E-05
336 9.515834348E-06 -4.757917174E-05
336.2 9.527439024E-06 -4.763719512E-05
336.4 9.539072039E-06 -4.76953602E-05
336.6 9.550733496E-06 -7.163050122E-05
336.8 9.562423501E-06 -4.78121175E-05
337 9.574142157E-06 -2.393535539E-05
337.2 9.585889571E-06 -4.792944785E-05
337.4 9.597665848E-06 -4.798832924E-05
337.6 9.609471095E-06 -4.804735547E-05
337.8 9.621305419E-06 -7.215979064E-05
338 9.633168927E-06 -4.816584464E-05
338.2 9.645061728E-06 9.645061728E-05
338.4 0 4.828491965E-05
338.6 0 -7.251701733E-05
338.8 0 -4.840458488E-05
339 0 3.777559746E-20
339.2 0 2.426242236E-05
339.4 9.717039801E-06 2.42925995E-05
339.6 0 2.432285181E-05
339.8 0 -2.435317955E-05
340 0 -4.876716604E-05
340.2 0 2.254628625E-21
340.4 0 4.888923655E-05
340.6 0 -2.053159304E-20
340.8 0 -2.450595985E-05
341 0 -2.453674623E-05
341.2 0 -7.370283019E-05
341.4 0 3.517585807E-20
341.6 0 7.388871375E-05
341.8 0 7.398200758E-05
342 9.876738306E-06 4.938369153E-05
342.2 9.889240506E-06 2.472310127E-05
342.4 9.901774398E-06 2.475443599E-05
342.6 9.914340102E-06 -4.957170051E-05
342.8 9.926937738E-06 -4.963468869E-05
343 9.93956743E-06 2.484891858E-05
343.2 9.952229299E-06 2.488057325E-05
343.4 9.964923469E-06 2.491230867E-05
343.6 9.977650064E-06 7.483237548E-05
343.8 9.990409207E-06 4.995204604E-05
344 1.000320102E-05 2.500800256E-05
344.2 1.001602564E-05 -2.50400641E-05
344.4 1.002888318E-05 -7.521662388E-05
344.6 1.004177378E-05 2.510443445E-05
344.8 1.005469755E-05 0.0001005469755
345 1.006765464E-05 5.03382732E-05
345.2 1.008064516E-05 -2.52016129E-05
345.4 2.01873385E-05 -2.523417313E-05
345.6 1.010672704E-05 7.580045278E-05
345.8 1.011981865E-05 0.0001264977332
346 1.013294423E-05 5.066472114E-05
346.2 1.01461039E-05 -2.536525974E-05
346.4 2.031859558E-05 -2.539824447E-05
346.6 2.034505208E-05 1.645447399E-20
346.8 3.055736636E-05 -5.092894394E-05
347 2.039817232E-05 -2.54977154E-05
347.2 2.04248366E-05 5.10620915E-05
347.4 2.045157068E-05 7.669339005E-05
347.6 2.047837484E-05 7.679390564E-05
347.8 2.050524934E-05 5.126312336E-05
348 1.026609724E-05 5.13304862E-05
348.2 2.055921053E-05 0.0001027960526
348.4 2.058629776E-05 0.0001029314888
348.6 2.061345646E-05 7.730046174E-05
348.8 2.064068692E-05 7.740257596E-05
349 1.033399471E-05 2.583498677E-05
349.2 1.034768212E-05 -5.485262769E-20
349.4 1.036140584E-05 5.180702918E-05
349.6 1.0375166E-05 -2.593791501E-05
349.8 1.038896277E-05 -5.194481383E-05
350 1.040279627E-05 5.201398136E-05
350.2 1.041666667E-05 2.604166667E-05
350.4 1.04305741E-05 -2.607643525E-05
350.6 1.044451872E-05 -7.833389037E-05
350.8 1.045850067E-05 -2.614625167E-05
351 1.047252011E-05 7.85439008E-05
351.2 1.048657718E-05 7.864932886E-05
351.4 1.050067204E-05 2.625168011E-05
351.6 1.051480485E-05 -2.971139103E-20
351.8 1.052897574E-05 -5.264487871E-05
352 1.054318489E-05 -7.907388664E-05
352.2 1.055743243E-05 -5.278716216E-05
352.4 0 -5.285859269E-05
352.6 0 -5.29302168E-05
352.8 1.060040706E-05 -2.685923E-20
353 2.122961957E-05 2.653702446E-05
353.2 3.18877551E-05 2.657312925E-05
353.4 3.193119891E-05 -8.919690997E-21
353.6 3.197476126E-05 2.664563438E-05
353.8 4.269125683E-05 2.668203552E-05
354 5.34370725E-05 2.671853625E-05
354.2 7.491438356E-05 5.351027397E-05
354.4 0.0001071673525 -2.798714619E-20
354.6 0.0001180460165 -5.365728022E-05
354.8 0.0001397008253 -7.855235681E-21
355 0.00015065427 8.070764463E-05
355.2 0.000150862069 2.693965517E-05
355.4 0.000151070442 -2.697686464E-05
355.6 0.0001512793914 -5.402835408E-05
355.8 0.0001514889197 -2.70515928E-05
356 0.0001516990291 -5.417822469E-05
356.2 0.0001519097222 -2.712673611E-05
356.4 0.0001521210014 1.750714884E-20
356.6 0.0001523328691 -2.720229805E-05
356.8 0.0001525453278 -3.947815552E-20
357 0.0001636696927 -8.183484637E-05
357.2 0.0001638986014 -0.0001365821678
357.4 0.0001641281513 -0.0001094187675
357.6 0.000164358345 -8.217917251E-05
357.8 0.0001645891854 -0.0001371576545
358 0.0001648206751 -0.0001373505626
358.2 0.0001650528169 -0.0001100352113
358.4 0.0001542665726 -8.264280677E-05
358.6 0.0001434498588 -1.442399343E-19
358.8 0.0001215523338 2.762553041E-05
359 0.0001106586402 5.532932011E-05
359.2 9.973404255E-05 8.311170213E-05
359.4 7.768110795E-05 0.0001109730114
359.6 7.77916074E-05 0.0001111308677
359.8 7.790242165E-05 0.0001112891738
360 6.686875892E-05 5.572396576E-05
360.2 5.580357143E-05 -2.741175335E-20
360.4 4.470672389E-05 2.794170243E-05
360.6 3.357808023E-05 6.702082255E-20
360.8 3.362625538E-05 2.802187948E-05
361 3.367456897E-05 8.418642241E-05
361.2 3.372302158E-05 3.638253702E-20
361.4 3.377161383E-05 -2.814301153E-05
361.6 3.382034632E-05 -7.587630387E-20
361.8 3.386921965E-05 -7.740841753E-21
362 3.391823444E-05 -3.042277165E-20
362.2 3.39673913E-05 7.049459248E-20
362.4 3.401669086E-05 2.834724238E-05
362.6 3.406613372E-05 8.091327835E-20
362.8 4.548762737E-05 4.553945225E-20
363 4.555393586E-05 2.847120991E-05
363.2 4.562043796E-05 -9.495397318E-21
363.4 4.56871345E-05 -2.855445906E-05
363.6 4.575402635E-05 -2.859626647E-05
363.8 4.582111437E-05 2.863819648E-05
364 4.588839941E-05 2.868024963E-05
364.2 4.595588235E-05 -2.872242647E-05
364.4 4.602356406E-05 -5.752945508E-05
364.6 4.609144543E-05 -2.880715339E-05
364.8 4.615952733E-05 -2.884970458E-05
365 5.778476331E-05 7.085647146E-20
365.2 5.787037037E-05 7.885463382E-20
365.4 5.795623145E-05 -8.693434718E-05
365.6 6.965081724E-05 -8.706352155E-05
365.8 8.138020833E-05 -5.812872024E-05
366 8.150149031E-05 -8.732302534E-05
366.2 9.328358209E-05 -8.745335821E-05
366.4 0.0001051008969 -8.758408072E-05
366.6 0.0001169535928 -8.771519461E-05
366.8 0.0001171289355 -2.928223388E-05
367 0.0001173048048 4.760322381E-20
367.2 0.000117481203 -1.591635423E-20
367.4 0.0001176581325 6.658079427E-20
367.6 0.0001178355958 3.032231452E-20
367.8 0.0001180135952 1.189831685E-21
368 0.0001181921331 2.954803328E-05
368.2 0.0001065340909 2.959280303E-05
368.4 9.484066768E-05 8.210601868E-20
368.6 9.498480243E-05 9.88032744E-20
368.8 9.512937595E-05 7.893633498E-20
369 9.527439024E-05 7.60813429E-20
369.2 9.541984733E-05 6.723282401E-20
369.4 9.556574924E-05 -2.986429664E-05
369.6 0.0001076761103 -2.991003063E-05
369.8 0.0001078412577 5.929281996E-20
370 0.0001080069124 6.000384025E-05
370.2 0.0001081730769 9.014423077E-05
370.4 0.0001083397535 6.018875193E-05
370.6 0.0001085069444 9.04224537E-05
370.8 0.0001086746522 3.01874034E-05
371 0.0001088428793 -3.812189218E-20
371.2 9.689922481E-05 3.028100775E-05
371.4 8.491847826E-05 3.032802795E-05
371.6 7.290046656E-05 6.07503888E-05
371.8 7.301401869E-05 3.042250779E-05
372 7.312792512E-05 2.405157506E-20
372.2 7.32421875E-05 -3.051757812E-05
372.4 7.335680751E-05 -3.056533646E-05
372.6 7.347178683E-05 -3.061324451E-05
372.8 7.358712716E-05 -3.066130298E-05
373 8.598663522E-05 -2.800987764E-20
373.2 9.842519685E-05 -6.151574803E-05
373.4 0.0001109029968 -3.080638801E-05
373.6 0.0001234202212 3.085505529E-05
373.8 0.000135977057 5.308213871E-20
374 0.0001485736926 -6.190570523E-05
374.2 0.0001612103175 -6.200396825E-05
374.4 0.0001614666137 -3.105127186E-05
374.6 0.0001741640127 -6.220143312E-05
374.8 0.0001869019139 3.021318484E-20
375 0.0001996805112 3.120007987E-05
375.2 0.0002125 -3.125E-05
375.4 0.0002253605769 -9.390024038E-05
375.6 0.0002382624398 -6.270064205E-05
375.8 0.0002386454984 -3.140072347E-05
376 0.0002390297907 -4.226736139E-20
376.2 0.0002394153226 6.300403226E-05
376.4 0.0002398021002 3.155290792E-05
376.6 0.0002401901294 -3.16039644E-05
376.8 0.0002405794165 -6.331037277E-05
377 0.0002409699675 -6.341314935E-05
377.2 0.0002413617886 -6.351626016E-05
377.4 0.000241754886 -3.180985342E-05
377.6 0.0002421492659 8.046452176E-20
377.8 0.0002425449346 -1.042237425E-19
378 0.0002429418985 3.196603928E-05
378.2 0.0002305327869 6.403688525E-05
378.4 0.0002180829228 6.414203612E-05
378.6 0.0002055921053 6.424753289E-05
378.8 0.0001930601318 6.435337727E-05
379 0.0001804867987 6.445957096E-05
379.2 0.0001678719008 6.45661157E-05
379.4 0.0001552152318 6.467301325E-05
379.6 0.0001425165837 3.239013267E-05
379.8 0.0001297757475 -6.276920272E-20
380 0.0001299916805 -2.473134621E-20
380.2 0.0001302083333 -6.788583596E-20
380.4 0.0001304257095 -5.498405573E-20
380.6 0.0001306438127 -3.266095318E-05
380.8 0.0001439489112 -3.271566164E-05
381 0.0001441904362 -1.46962245E-19
381.2 0.0001444327731 -7.981908748E-20
381.4 0.0001446759259 5.850354512E-21
381.6 0.0001449198988 1.588788651E-20
381.8 0.0001451646959 -1.051922738E-19
382 0.0001454103215 -3.304780034E-05
382.2 0.0001588983051 -3.310381356E-05
382.4 0.0001724320883 -3.316001698E-05
382.6 0.0001727253401 -6.643282313E-05
382.8 0.0001863287905 -3.32729983E-05
383 0.0001866467577 2.743529525E-22
383.2 0.000186965812 -3.338675214E-05
383.4 0.0001872859589 -3.344392123E-05
383.6 0.0001876072041 3.350128645E-05
383.8 0.0001879295533 6.711769759E-05
384 0.0001748063683 6.723321859E-05
384.2 0.000161637931 3.367456897E-05
384.4 0.0001484240069 -4.448235077E-20
384.6 0.0001351643599 -6.113561099E-20
384.8 0.0001218587522 3.384965338E-05
385 0.0001085069444 3.390842014E-05
385.2 0.0001086956522 7.335490175E-20
385.4 9.527439024E-05 -3.402656794E-05
385.6 9.544066318E-05 1.134270698E-20
385.8 8.19493007E-05 6.829108392E-05
386 6.841068301E-05 3.420534151E-05
386.2 5.48245614E-05 4.326676301E-20
386.4 4.119068541E-05 3.432557118E-05
386.6 2.750880282E-05 3.438600352E-05
386.8 1.377865961E-05 9.139039437E-20
387 1.380300353E-05 -6.901501767E-05
387.2 1.382743363E-05 -6.913716814E-05
387.4 1.385195035E-05 -0.0001038896277
387.6 1.387655417E-05 -0.0001040741563
387.8 0 -3.475311388E-05
388 1.392602496E-05 -6.963012478E-05
388.2 1.395089286E-05 -3.487723214E-05
388.4 1.397584973E-05 1.695094386E-20
388.6 1.400089606E-05 -3.500224014E-05
388.8 1.402603232E-05 -7.013016158E-05
389 1.405125899E-05 -3.512814748E-05
389.2 0 -1.536218471E-20
389.4 1.410198556E-05 6.924844058E-20
389.6 2.825497288E-05 2.207770073E-20
389.8 4.245923913E-05 1.077297852E-19
390 5.671506352E-05 1.020288569E-19
390.2 7.102272727E-05 4.962704099E-20
390.4 7.115209472E-05 3.557604736E-05
390.6 7.128193431E-05 3.564096715E-05
390.8 7.141224863E-05 2.314802714E-20
391 7.154304029E-05 3.453952169E-20
391.2 7.167431193E-05 -3.228951841E-20
391.4 7.180606618E-05 -2.222361797E-20
391.6 7.193830571E-05 -1.055339398E-19
391.8 7.207103321E-05 -1.13916934E-19
392 7.220425139E-05 -2.906178679E-20
392.2 7.233796296E-05 1.696821407E-20
392.4 7.247217069E-05 3.719439354E-20
392.6 7.260687732E-05 -3.630343866E-05
392.8 7.274208566E-05 -3.637104283E-05
393 7.287779851E-05 4.647992127E-20
393.2 7.301401869E-05 8.55841947E-21
393.4 7.315074906E-05 -2.682146302E-21
393.6 7.32879925E-05 -6.959093131E-20
393.8 7.342575188E-05 -9.841651793E-20
394 7.356403013E-05 9.879796135E-21
394.2 7.370283019E-05 6.346517382E-20
394.4 7.384215501E-05 -6.861549531E-21
394.6 7.398200758E-05 -1.016915267E-19
394.8 7.412239089E-05 3.706119545E-05
395 5.941064639E-05 3.713165399E-05
395.2 4.464285714E-05 7.44047619E-05
395.4 2.981870229E-05 0.0001118201336
395.6 1.493785851E-05 7.468929254E-05
395.8 0 3.741618774E-05
396 0 7.497600768E-05
396.2 0 7.512019231E-05
396.4 0 -4.386291501E-21
396.6 0 -2.294295623E-20
396.8 0 -2.394098483E-20
397 0 3.657878953E-20
397.2 0 9.068459558E-20
397.4 0 -3.799854086E-05
397.6 0 3.336811317E-20
397.8 0 3.814697266E-05
398 0 -1.347193894E-19
398.2 0 -3.435584091E-20
398.4 0 -3.837180747E-05
398.6 0 -4.76085878E-20
398.8 0 3.852317554E-05
399 0 1.434364951E-20
399.2 0 1.868265921E-20
399.4 0 7.232238166E-20
399.6 0 4.051443028E-20
399.8 0 -3.890687251E-05
400 0 4.635114072E-20
400.2 0 3.90625E-05
400.4 0 -1.215959785E-20
400.6 0 -2.369192412E-20
400.8 0 3.929828974E-05
401 0 4.148285977E-20
401.2 0 -7.891414141E-05
401.4 0 -0.00011861083
401.6 0 -0.0001188514199
401.8 0 -7.93953252E-05
402 0 -3.977851324E-05
402.2 0 -3.291365084E-20
402.4 0 5.427357649E-20
402.6 0 -4.9349264E-21
402.8 0 -4.010523614E-05
403 0 -4.01877572E-05
403.2 0 4.027061856E-05
403.4 0 4.035382231E-05
403.6 0 -8.102367211E-20
403.8 0 -2.18566011E-20
404 0 -2.921873308E-21
404.2 0 -4.069010417E-05
404.4 0 -4.077505219E-05
404.6 0 -2.682386481E-20
404.8 0 -2.563491391E-20
405 0 4.538543468E-20
405.2 0 -2.662246037E-21
405.4 0 -4.192709521E-20
405.6 0 -1.782905213E-19
405.8 0 1.464282046E-20
406 0 -4.182839974E-20
406.2 0 -4.155585106E-05
406.4 0 -4.164445629E-05
406.6 0 -1.37534606E-20
406.8 0 -1.418955409E-19
407 0 -3.863335635E-20
407.2 0 -1.071210127E-19
407.4 0 -1.417776413E-19
407.6 0 -1.396568503E-20
407.8 0 -2.015312031E-20
408 0 1.735027147E-21
408.2 0 -1.334284151E-19
408.4 0 -2.561754205E-20
408.6 0 -1.105682767E-19
408.8 0 -8.996436329E-20
409 0 1.55305937E-20
409.2 0 -1.019563021E-19
409.4 0 -2.44516489E-19
409.6 0 -1.220725768E-19
409.8 0 -5.368771244E-20
410 0 -1.315076696E-19
410.2 0 -4.614844484E-20
410.4 0 5.689355954E-20
410.6 0 -8.819957521E-20
410.8 0 4.369407159E-05
411 0 4.379204036E-05
411.2 0 -4.389044944E-05
411.4 0 -4.39893018E-05
411.6 0 -5.240059873E-20
411.8 0 -2.71952377E-20
412 0 -6.41802423E-20
412.2 1.775568182E-05 4.438920455E-05
412.4 1.779612756E-05 4.449031891E-05
412.6 1.783675799E-05 -2.902904503E-21
412.8 1.787757437E-05 8.185509959E-20
413 1.791857798E-05 9.37095408E-20
413.2 1.795977011E-05 4.489942529E-05
413.4 1.800115207E-05 4.500288018E-05
413.6 1.804272517E-05 -4.510681293E-05
413.8 1.808449074E-05 -4.521122685E-05
414 1.812645012E-05 1.18216139E-20
414.2 1.816860465E-05 1.022842678E-19
414.4 1.821095571E-05 -4.552738928E-05
414.6 1.825350467E-05 4.09132894E-20
414.8 0 4.574063232E-05
415 1.833920188E-05 7.987216035E-20
415.2 1.838235294E-05 9.117312086E-20
415.4 1.842570755E-05 4.606426887E-05
415.6 1.846926714E-05 9.23463357E-05
415.8 1.851303318E-05 4.628258294E-05
416 1.855700713E-05 -4.639251781E-05
416.2 0 -4.650297619E-05
416.4 0 3.90889788E-20
416.6 0 2.37342454E-19
416.8 0 6.081402001E-20
417 0 2.464800016E-20
417.2 0 9.391531346E-20
417.4 0 -4.717693237E-05
417.6 0 -4.729116223E-05
417.8 0 9.48118932E-05
418 0 4.752128954E-05
418.2 0 5.133989084E-20
418.4 0 9.02900645E-20
418.6 0 -4.787071078E-05
418.8 0 -4.798832924E-05
419 0 -4.810652709E-05
419.2 0 5.25593009E-20
419.4 0 -4.834467822E-05
419.6 0 -4.84646402E-05
419.8 0 1.180393361E-20
420 0 -4.600336156E-20
420.2 0 1.695578143E-20
420.4 0 -6.786915856E-20
420.6 0 -3.156453041E-20
420.8 0 -1.169640111E-19
421 0 1.49528458E-22
421.2 0 -6.597321704E-20
421.4 0 -7.99230777E-20
421.6 0 4.969783715E-05
421.8 0 9.964923469E-05
422 0 4.995204604E-05
422.2 0 2.300691113E-20
422.4 0 9.006986663E-20
422.6 0 -1.299685637E-20
422.8 0 -8.751015318E-21
423 0 -3.171050319E-20
423.2 0 2.844837662E-20
423.4 0 8.681363781E-20
423.6 0 1.126776703E-20
423.8 0 -6.551949635E-20
424 0 1.26114686E-19
424.2 0 -5.139802632E-05
424.4 0 -5.153364116E-05
424.6 0 5.166997354E-05
424.8 0 5.180702918E-05
425 0 7.186599999E-20
425.2 0 -6.996859886E-20
425.4 0 -2.712113482E-20
425.6 0 -5.236260054E-05
425.8 0 -0.0001050067204
426 0 -5.264487871E-05
426.2 0 9.621874346E-20
426.4 0 -2.867985683E-20
426.6 0 -8.545817587E-20
426.8 0 -2.190263931E-21
427 0 2.788403123E-20
427.2 0 1.176451694E-19
427.4 0 1.054349903E-19
427.6 0 -5.184592395E-20
427.8 0 -1.235136874E-19
428 0 -5.576396075E-20
428.2 0 -2.383137853E-20
428.4 0 -1.024772681E-19
428.6 0 -1.027732313E-20
428.8 0 -7.180559098E-20
429 0 1.971287748E-20
429.2 0 -1.666297934E-20
429.4 0 -3.618316004E-20
429.6 0 7.088674814E-20
429.8 0 1.001557107E-19
430 0 2.338542794E-20
430.2 0 7.465131143E-20
430.4 0 4.245463866E-20
430.6 0 8.998216661E-20
430.8 0 8.798592161E-21
431 0 1.00931067E-19
431.2 0 1.150192655E-21
431.4 0 7.336914603E-20
431.6 0 -7.291901242E-21
431.8 0 -9.772688045E-20
432 0 1.524263189E-19
432.2 0 -1.828647232E-20
432.4 0 -5.918425445E-20
432.6 0 7.367293008E-20
432.8 0 -1.309955944E-20
433 0 -5.534702427E-21
433.2 0 -6.596980127E-20
433.4 0 1.006717856E-19
433.6 0 2.709055436E-20
433.8 0 -4.399422917E-20
434 0 -9.350085852E-20
434.2 0 -1.251882313E-20
434.4 0 6.385329707E-20
434.6 0 6.623305188E-20
434.8 0 2.188685668E-20
435 0 -7.126295652E-20
435.2 0 -2.417203282E-20
435.4 0 2.459674011E-20
435.6 0 7.37321086E-20
435.8 0 -7.693753022E-20
436 0 1.626279477E-20
436.2 0 6.819242001E-20
436.4 0 4.230942041E-20
436.6 0 -6.302868634E-21
436.8 0 -8.910343117E-20
437 0 -6.782352987E-20
437.2 0 3.98221126E-20
437.4 0 1.59579109E-20
437.6 0 -6.315989429E-20
437.8 0 -1.356655085E-19
438 0 -3.190345494E-20
438.2 0 -2.309712574E-20
438.4 0 2.304285762E-20
438.6 0 -1.845750906E-20
438.8 0 -7.292665033E-20
439 0 -9.521999233E-20
439.2 0 -2.995893124E-20
439.4 0 3.931857226E-20
439.6 0 1.813119869E-20
439.8 0 -5.2865438E-21
440 0 -2.516608113E-20
440.2 0 -9.035891036E-20
440.4 0 2.416690509E-20
440.6 0 5.923682896E-20
440.8 0 -3.220767592E-20
441 0 -1.866196855E-22
441.2 0 -1.018870722E-20
441.4 0 -6.85549989E-20
441.6 0 2.419648329E-20
441.8 0 -1.119197182E-19
442 0 7.957241676E-20
442.2 0 -3.49897693E-20
442.4 0 -1.519738756E-20
442.6 0 3.869016151E-20
442.8 0 1.188245057E-20
443 0 -1.337781509E-19
443.2 0 -5.902192078E-20
443.4 0 -3.110017034E-20
443.6 0 8.818051395E-20
443.8 0 -7.860745876E-22
444 0 -5.732091554E-20
444.2 0 -1.102054613E-19
444.4 0 -1.611223747E-20
444.6 0 1.302361726E-20
444.8 0 8.495803497E-20
445 0 2.54368257E-19
445.2 0 2.991025502E-19
445.4 0 1.646306101E-19
445.6 0 -1.207188516E-19
445.8 0 -1.587531226E-19
446 0 1.624089347E-19
446.2 0 7.676115735E-20
446.4 0 4.550708834E-20
446.6 0 8.266501933E-20
446.8 0 3.147212642E-20
447 0 -6.375167984E-20
447.2 0 9.732131809E-21
447.4 0 -1.224170934E-19
447.6 0 9.028181236E-20
447.8 0 3.89022424E-20
448 0 -4.890544572E-20
448.2 0 2.275310263E-19
448.4 0 2.599067719E-19
448.6 0 2.213809099E-19
448.8 0 1.250478403E-19
449 0 4.010382689E-20
449.2 0 8.883810252E-20
449.4 0 1.630624304E-19
449.6 0 9.674931107E-20
449.8 0 1.10694332E-19
450 0 6.939934674E-20
450.2 0 1.465653764E-19
450.4 0 4.807022736E-20
450.6 0 -9.117481011E-20
450.8 0 -8.29289205E-20
451 0 -1.011224312E-19
451.2 0 -6.88844443E-20
451.4 0 -8.169362974E-20
451.6 0 7.999917709E-20
451.8 0 2.022038798E-19
452 0 1.907233513E-19
452.2 0 1.2750616E-20
452.4 0 1.685097158E-19
452.6 0 1.520776588E-19
452.8 0 1.23657803E-19
453 0 1.538054338E-19
453.2 0 -3.814168091E-20
453.4 0 1.290319935E-20
453.6 0 4.341699268E-20
453.8 0 3.410442387E-20
454 0 3.045014052E-20
454.2 0 -4.588480679E-20
454.4 0 2.300711662E-20
454.6 0 -9.781927995E-20
454.8 0 -1.736952471E-19
455 0 -8.373774179E-20
455.2 0 -2.52563073E-19
455.4 0 1.822736309E-21
455.6 0 -4.627301369E-20
455.8 0 -6.35681939E-20
456 0 -4.946819334E-21
456.2 0 1.777966649E-20
456.4 0 -2.136649222E-20
456.6 0 1.899785132E-19
456.8 0 2.324437957E-19
457 0 1.308476803E-19
457.2 0 -5.656846804E-20
457.4 0 9.020640807E-21
457.6 0 -1.915383429E-20
457.8 0 -3.376894308E-20
458 0 -5.824542331E-20
458.2 0 -5.269745424E-20
458.4 0 -6.280446958E-20
458.6 0 7.105022165E-20
458.8 0 1.005168083E-19
459 0 -1.141928208E-19
459.2 0 6.62599697E-20
459.4 0 -1.185108841E-19
459.6 0 1.923560589E-19
459.8 0 3.319737981E-19
460 0 -4.9388749E-20
460.2 0 1.502490516E-19
460.4 0 1.552288684E-19
460.6 0 -2.318271279E-19
460.8 0 -1.467045311E-19
461 0 1.157548689E-19
461.2 0 1.670814521E-19
461.4 0 1.849413882E-20
461.6 0 1.295768532E-19
461.8 0 3.051647122E-19
462 0 1.686128805E-19
462.2 0 3.861226656E-20
462.4 0 -3.669791457E-20
462.6 0 3.562805634E-20
462.8 0 9.876549248E-20
463 0 4.669068647E-20
463.2 0 -2.609788352E-20
463.4 0 1.963411163E-19
463.6 0 1.838691992E-19
463.8 0 2.71305116E-19
464 0 1.263601774E-19
464.2 0 -1.354121797E-19
464.4 0 1.053381845E-19
464.6 0 2.142335619E-19
464.8 0 6.316807443E-20
465 0 1.028571259E-19
465.2 0 4.735077353E-19
465.4 0 2.829736933E-19
465.6 0 1.476755336E-19
465.8 0 1.062825506E-19
466 0 2.058955326E-19
466.2 0 3.485894611E-19
466.4 0 1.252707925E-20
466.6 0 5.217736489E-20
466.8 0 2.973125706E-19
467 0 3.67184389E-19
467.2 0 -1.344618003E-21
467.4 0 1.826327095E-19
467.6 0 2.107494265E-19
467.8 0 1.112082328E-19
468 0 -6.518988183E-20
468.2 0 -1.13440492E-19
468.4 0 -3.830338899E-19
468.6 0 -2.339075044E-19
468.8 0 -1.155925827E-19
469 0 1.731830668E-19
469.2 0 1.306543623E-19
469.4 0 -8.766871319E-20
469.6 0 -1.182213396E-19
469.8 0 1.276722723E-19
470 0 1.374851648E-19
470.2 0 1.202740497E-20
470.4 0 -7.063276946E-20
470.6 0 2.364394314E-19
470.8 0 3.904394293E-19
471 0 4.088262954E-19
471.2 0 2.804254254E-19
471.4 0 -5.997986044E-20
471.6 0 -3.608965821E-19
471.8 0 1.701530855E-19
472 0 -7.08722473E-20
472.2 0 -9.964001459E-20
472.4 0 -1.99767703E-19
472.6 0 -8.896158054E-20
472.8 0 -2.127701471E-19
473 0 -3.073701344E-19
473.2 0 -2.98336825E-19
473.4 0 3.087931078E-20
473.6 0 1.731670638E-19
473.8 0 1.433260894E-19
474 0 3.99847813E-19
474.2 0 2.411061537E-19
474.4 0 1.089703209E-19
474.6 0 3.440023094E-20
474.8 0 -3.254856107E-20
475 0 1.619688736E-19
475.2 0 -1.063260021E-19
475.4 0 1.565004443E-19
475.6 0 -8.782708111E-20
475.8 0 -1.580690727E-19
476 0 -2.597583829E-19
476.2 0 -9.678363139E-21
476.4 0 -6.663398284E-20
476.6 0 -1.785887283E-19
476.8 0 -4.022582842E-19
477 0 -4.605988906E-19
477.2 0 -2.416868644E-19
477.4 0 -7.016119894E-20
477.6 0 -1.974946492E-19
477.8 0 -4.493390453E-19
478 0 2.51059397E-20
478.2 0 -2.720406676E-21
478.4 0 9.415121985E-20
478.6 0 -2.977563625E-20
478.8 0 -1.149593276E-19
479 0 -2.222353534E-19
479.2 0 4.881283712E-20
479.4 0 -1.819805268E-19
479.6 0 -2.005014033E-19
479.8 0 -2.361387236E-19
480 0 -3.354716785E-19
480.2 0 -1.595982743E-19
480.4 0 5.089980478E-20
480.6 0 -1.325895139E-19
480.8 0 2.95306827E-19
481 0 7.603467263E-20
481.2 0 2.121787725E-19
481.4 0 -3.583424668E-20
481.6 0 2.185479414E-19
481.8 0 2.564852201E-19
482 0 -7.838347894E-20
482.2 0 -6.902346227E-19
482.4 0 -2.786176585E-19
482.6 0 -2.9206071E-20
482.8 0 -1.502945391E-19
483 0 -3.875662384E-19
483.2 0 -2.359290762E-19
483.4 0 -5.195153977E-19
483.6 0 6.179516032E-20
483.8 0 1.943149325E-19
484 0 -3.734050416E-19
484.2 0 -9.705479436E-20
484.4 0 6.281234767E-20
484.6 0 1.905771404E-19
484.8 0 -2.771342944E-19
485 0 -1.935568814E-19
485.2 0 -2.796642056E-19
485.4 0 -1.287451306E-19
485.6 0 -1.066144516E-19
485.8 0 2.522217483E-19
486 0 -2.131496762E-19
486.2 0 3.111273467E-19
486.4 0 2.198590393E-20
486.6 0 4.394002525E-19
486.8 0 9.223920595E-19
487 0 6.680375277E-19
487.2 0 1.641797238E-20
487.4 0 -5.201502341E-20
487.6 0 -3.889828591E-19
487.8 0 1.510313719E-19
488 0 -8.110835248E-19
488.2 0 -8.405833767E-19
488.4 0 -4.854841312E-19
488.6 0 1.394885024E-19
488.8 0 -5.244997339E-19
489 0 -2.236565787E-19
489.2 0 3.793353745E-19
489.4 0 5.493679835E-19
489.6 0 -4.807507607E-19
489.8 0 2.607580419E-20
490 0 -4.892611649E-20
490.2 0 -7.881139869E-20
490.4 0 -3.638367692E-19
490.6 0 -7.894247624E-19
490.8 0 -1.926670738E-19
491 0 -4.244330279E-19
491.2 0 -5.4057155E-19
491.4 0 3.732364287E-19
491.6 0 3.126070764E-19
491.8 0 -1.2073693E-19
492 0 6.287217684E-19
492.2 0 2.548419341E-19
492.4 0 9.050393521E-19
492.6 0 -5.592892925E-20
492.8 0 -1.56410239E-18
493 0 -1.83845228E-18
493.2 0 7.220549213E-20
493.4 0 1.397406164E-18
493.6 0 -3.982517359E-20
493.8 0 -1.29486878E-18
494 0 6.167839537E-19
494.2 0 1.731925493E-18
494.4 0 9.476070044E-19
494.6 0 -1.628746576E-18
494.8 0 6.271839506E-19
495 0 0.0007512019231
495.2 0 0.00078125
495.4 0 -1.138727898E-18
495.6 0 5.886630459E-19
495.8 0 1.611713772E-18
496 0 -1.621194367E-18
496.2 0 -2.826826422E-18
496.4 0 -1.398459452E-18
496.6 0 1.846967232E-18
496.8 0 3.833569139E-18
497 0 -1.770506773E-18
497.2 0 -8.642170329E-19
497.4 0 1.137198985E-18
497.6 0 -2.345299531E-18
497.8 0 8.362200147E-20
498 0 -9.169675807E-20
498.2 0 -4.565076806E-19
498.4 0 -0.002170138889
498.6 0 -0.00244140625
498.8 0 3.129502392E-18
499 0 3.936170509E-20
499.2 0 2.23034314E-18
499.4 0 4.929788384E-18
499.6 0 3.744694599E-18
499.8 0 6.702379429E-18
500 0 -1.354027036E-17
