0 0.007159636146 9.371251499E-05
0.2 0.006103125 0.001765625
0.4 0.005646008403 0.0002891781713
0.6 0.005307370897 0.0003127502002
0.8 0.005015393472 0.0003206973368
1 0.004707532051 0.0001643254207
1.2 0.004483967936 6.26252505E-05
1.4 0.004297814755 0.0001331320168
1.6 0.004136582431 0.0001253509828
1.8 0.003943870385 7.837580257E-05
2 0.003804320554 1.568145323E-05
2.2 0.003655245984 7.059487952E-05
2.4 0.003528023303 0.0001177054038
2.6 0.003419538786 7.065162781E-05
2.8 0.003314108363 -4.712002413E-05
3 0.00323373391 -4.713897828E-05
3.2 0.003102992958 1.57193159E-05
3.4 0.002987872383 2.358846618E-05
3.6 0.002916708619 0.0001179898308
3.8 0.002817158541 0.0001495140008
4 0.002714379283 0.0001653189238
4.2 0.002598916331 0.0001102570565
4.4 0.002518026422 -7.87868092E-06
4.6 0.002446529459 -1.794732098E-20
4.8 0.002343434598 4.731025434E-05
5 0.002268654079 -3.155290792E-05
5.2 0.002190656566 -1.578282828E-05
5.4 0.002106280315 -1.578920776E-05
5.6 0.002034472301 -7.108016579E-05
5.8 0.001962606189 -1.58019822E-05
6 0.001893843586 7.904188588E-06
6.2 0.001821862348 3.162955466E-05
6.4 0.001759315512 1.582118267E-05
6.6 0.001677724878 -4.748277958E-05
6.8 0.001602401702 -7.917004459E-05
7 0.001523849351 -4.752128954E-05
7.2 0.001457910751 -1.584685598E-05
7.4 0.001398259943 -6.341314935E-05
7.6 0.001344904588 -7.136875761E-05
7.8 0.001259773558 -3.96654143E-05
8 0.001209493092 -2.380891914E-05
8.2 0.001165523374 -4.763719512E-05
8.4 0.00111198658 -0.0001191414193
8.6 0.001077476607 -0.0001032979048
8.8 0.001023860399 -8.744149369E-05
9 0.0009988293974 -3.976231678E-05
9.2 0.0009610488798 -3.977851324E-05
9.4 0.0009200539935 -0.0001273431133
9.6 0.0008949500611 -0.0001592437831
9.8 0.0008793841762 -7.168892741E-05
10 0.0008319308446 -3.984343125E-05
10.2 0.0008099489796 -7.174744898E-05
10.4 0.000771998775 -7.177674561E-05
10.6 0.000749974469 -7.978451797E-06
10.8 0.0007087760523 0.0001037622599
11 0.0006611559689 -7.98497547E-06
11.2 0.0006294734151 -8.78706544E-05
11.4 0.0005913717267 -1.598301964E-05
11.6 0.0005660304953 7.994781007E-06
11.8 0.0005374692875 1.522108063E-20
12 0.0005056841458 4.800798853E-05
12.2 0.0004898821721 4.002305328E-05
12.4 0.0004676609266 -2.37655427E-21
12.6 0.0004422169811 -2.403353158E-05
12.8 0.0004231637259 -4.007232253E-05
13 0.0004008877258 -3.207101806E-05
13.2 0.0003978439425 -8.021047228E-05
13.4 0.0003691197617 -9.629211175E-05
13.6 0.0003660604192 1.605528155E-05
13.8 0.0003565738076 6.424753289E-05
14 0.0003438656931 -1.606849033E-05
14.2 0.0003311471193 -0.0001044881687
14.4 0.0003216344175 -0.0001045311857
14.6 0.000305678542 -7.239754942E-05
14.8 0.0002961475072 -9.656983931E-05
15 0.0002769476505 8.050803792E-06
15.2 0.0002673969072 8.054123711E-06
15.4 0.0002513923267 -7.251701733E-05
15.6 0.0002418231531 -3.224308708E-05
15.8 0.0002322460776 -5.644869942E-05
16 0.0002226610905 -8.067430814E-05
16.2 0.0002130681818 2.421229339E-05
16.4 0.0002002377015 4.844460521E-05
16.6 0.0001906275848 -2.42323201E-05
16.8 0.0001874741415 1.616156392E-05
17 0.0001875517384 4.042063328E-05
17.2 0.0001843944099 3.234989648E-05
17.4 0.0001779981359 -8.090824358E-06
17.6 0.0001845472441 -4.856506424E-05
17.8 0.0001878627695 -1.619506633E-05
18 0.0001782196184 -2.430267524E-05
18.2 0.0001685684647 -3.241701245E-05
18.4 0.0001589092985 -5.675332088E-05
18.6 0.0001687084718 1.50980026E-20
18.8 0.0001785157873 4.057176984E-05
19 0.000181837074 -1.623545303E-05
19.2 0.0001916580042 -1.624220374E-05
19.4 0.0001982373128 -6.499584027E-05
19.6 0.0001983198086 -0.0001219179151
19.8 0.0002081598668 -8.131244796E-05
20 0.0002115004165 -1.626926281E-05
20.2 0.0002083333333 -1.627604167E-05
20.4 0.0002019070446 -4.884847853E-05
20.6 0.000205249166 -3.257923269E-05
20.8 0.0002020755111 5.703744264E-05
21 0.0002021598497 1.630321369E-05
21.2 0.0001989822547 -5.708507307E-05
21.4 0.0001925386383 -7.342575188E-05
21.6 0.0001860896364 -8.978008776E-05
21.8 0.0001829013378 -6.532190635E-05
22 0.0001862452949 -4.90119197E-05
22.2 0.0001830543933 -3.268828452E-05
22.4 0.0001864012139 -5.722844286E-05
22.6 0.0001897508375 -8.996806951E-05
22.8 0.0001865573942 -6.545873481E-05
23 0.0001833612741 2.45573135E-05
23.2 0.0001703354298 -1.637840671E-05
23.4 0.0001704068792 -5.734846896E-05
23.6 0.0001639215275 -8.196076374E-06
23.8 0.0001639903442 -4.099758606E-05
24 0.0001542156657 -8.202960941E-05
24.2 0.0001477153361 -2.461922269E-05
24.4 0.0001412095418 -1.641971417E-05
24.6 0.0001346982759 -4.927985702E-05
24.8 0.0001281815313 -9.957460137E-21
25 0.0001249473906 4.932133838E-05
25.2 0.0001217105263 9.868421053E-05
25.4 0.0001250526537 7.404433446E-05
25.6 0.0001316898441 -1.646123051E-05
25.8 0.0001317453626 -6.587268128E-05
26 0.0001318009279 -9.061313792E-05
26.2 0.0001318565401 -5.768723629E-05
26.4 0.0001319121992 -2.473353736E-05
26.6 0.0001385663007 2.474398226E-05
26.8 0.000141925433 5.776035065E-05
27 0.000138683432 -1.650993238E-05
27.2 0.0001354386892 -4.955073996E-05
27.4 0.0001388007614 -3.304780034E-05
27.6 0.0001388595006 -3.306178587E-05
27.8 0.0001356107113 -8.268945809E-06
28 0.0001257412114 1.654489623E-05
28.2 0.0001257944915 -4.137976695E-05
28.4 0.0001291596015 -4.967676982E-05
28.6 0.0001292143766 -8.282972858E-06
28.8 0.0001226400085 -1.657297412E-05
29 0.0001193760611 7.296038381E-21
29.2 0.0001061571125 1.658704883E-05
29.4 0.000106202209 4.148523789E-05
29.6 0.0001029271143 8.300573736E-06
29.8 9.964923469E-05 -2.491230867E-05
30 9.636856657E-05 -8.783464973E-21
30.2 7.978723404E-05 -1.662234043E-05
30.4 7.982120051E-05 8.314708387E-06
30.6 7.985519591E-05 8.318249574E-05
30.8 7.323178526E-05 8.321793779E-06
31 6.993286445E-05 -8.325341006E-05
31.2 6.663113006E-05 -4.997334755E-05
31.4 5.999360068E-05 -2.499733362E-05
31.6 5.335040546E-05 1.667200171E-05
31.8 4.670153715E-05 2.201402766E-20
32 4.338423751E-05 6.190244814E-21
32.2 4.006410256E-05 -8.346688034E-06
32.4 4.676143651E-05 -6.680205216E-05
32.6 5.346449957E-05 -5.012296835E-05
32.8 5.683033804E-05 -2.507220796E-05
33 5.351027397E-05 -4.180490154E-05
33.2 5.353319058E-05 -4.182280514E-05
33.4 4.686161097E-05 -5.857701371E-05
33.6 4.018431204E-05 -5.860212173E-05
33.8 3.685141509E-05 3.350128645E-05
34 3.351565852E-05 1.675782926E-05
34.2 2.682403433E-05 -1.676502146E-05
34.4 2.01266638E-05 8.386109918E-06
34.6 1.342353952E-05 2.51691366E-05
34.8 1.678663515E-05 8.393317576E-06
35 2.015262253E-05 -1.679385211E-05
35.2 2.016129032E-05 2.52016129E-05
35.4 2.016996558E-05 5.042491394E-05
35.6 2.01786483E-05 1.681554025E-05
35.8 2.691645134E-05 -4.205695521E-05
36 3.029405429E-05 -1.683003016E-05
36.2 2.693965517E-05 8.418642241E-06
36.4 3.705799914E-05 -1.603707862E-20
36.6 3.707398619E-05 2.527771786E-05
36.8 4.046180406E-05 -2.335116065E-21
37 4.38525475E-05 -3.373272884E-05
37.2 5.062095032E-05 -4.218412527E-05
37.4 5.064282627E-05 1.688094209E-05
37.6 5.404236922E-05 1.688824038E-05
37.8 5.068663495E-05 -2.658896838E-21
38 5.40891389E-05 -2.535428386E-05
38.2 5.749458874E-05 -0.0001268262987
38.4 6.428648766E-05 -0.0001184224773
38.6 7.446923744E-05 -2.538724003E-05
38.8 7.450151712E-05 8.466081491E-06
39 7.45338248E-05 -3.387901127E-05
39.2 8.134490239E-05 -7.626084599E-05
39.4 8.816189236E-05 -1.695421007E-05
39.6 9.498480243E-05 1.696157186E-05
39.8 9.84198523E-05 -1.696894005E-05
40 9.846262495E-05 -8.488157323E-06
40.2 0.0001019021739 -3.39673913E-05
40.4 0.0001019464985 -7.645987386E-05
40.6 0.0001087902524 -8.499238468E-05
40.8 0.0001156399652 -9.353232477E-05
41 0.0001190929878 -5.103985192E-05
41.2 0.0001225490196 7.668770285E-21
41.4 0.0001191968178 -2.554217524E-05
41.6 0.0001192488007 -8.517771478E-05
41.8 0.000119300829 -9.373636562E-05
42 0.0001227629856 -4.262603667E-05
42.2 0.0001262281659 -3.411572052E-05
42.4 0.0001262833115 -5.119593709E-05
42.6 0.000122923951 -2.560915647E-05
42.8 0.0001161456056 -3.416047223E-05
43 0.0001161964129 -5.126312336E-05
43.2 0.0001128282276 -1.7095186E-05
43.4 0.000112877627 -8.551335377E-06
43.6 0.0001129270696 1.711016207E-05
43.8 0.0001129765557 1.600034422E-21
44 0.0001061760193 -2.56877466E-05
44.2 0.0001027960526 -1.713267544E-05
44.4 9.941311979E-05 3.428038613E-05
44.6 9.602721686E-05 7.716472783E-05
44.8 9.263833992E-05 6.004336847E-05
45 9.267904218E-05 1.716278559E-05
45.2 8.928571429E-05 -5.151098901E-05
45.4 8.588940193E-05 -9.447834213E-05
45.6 8.592718874E-05 -6.014903212E-05
45.8 8.940360915E-05 -2.225823641E-21
46 9.288309115E-05 2.580085865E-05
46.2 9.292400881E-05 -2.962890765E-20
46.4 9.64081093E-05 -1.72157338E-05
46.6 9.645061728E-05 8.611662257E-06
46.8 8.9600794E-05 8.615460962E-06
47 8.964033539E-05 -1.61000043E-20
47.2 8.96799117E-05 6.097341295E-21
47.4 8.971952297E-05 -8.626877208E-06
47.6 8.975916924E-05 1.72613787E-05
47.8 8.289124668E-05 3.453801945E-05
48 7.947257851E-05 3.4553295E-05
48.2 7.950774336E-05 3.456858407E-05
48.4 7.608455069E-05 1.729194334E-05
48.6 7.265832595E-05 2.594940213E-05
48.8 6.922906513E-05 5.192179885E-05
49 6.925975177E-05 2.597240691E-05
49.2 6.582594235E-05 8.661308204E-06
49.4 6.238908607E-05 1.733030169E-05
49.6 5.894917887E-05 -3.467598757E-05
49.8 6.244449378E-05 -2.601853908E-05
50 5.900155486E-05 3.470679698E-05
50.2 5.902777778E-05 3.472222222E-05
50.4 5.905402401E-05 8.684415296E-06
50.6 5.908029359E-05 -4.825115965E-21
50.8 5.910658656E-05 1.738429016E-05
51 5.565449688E-05 8.696015138E-06
51.2 5.567928731E-05 8.699888641E-06
51.4 5.222259358E-05 3.481506239E-05
51.6 4.876281765E-05 4.353823005E-05
51.8 4.181534344E-05 1.742305977E-05
52 3.834783579E-05 -1.743083445E-05
52.2 3.836495536E-05 -8.719308036E-06
52.4 3.838209022E-05 -2.616960697E-05
52.6 3.839924039E-05 -3.490840036E-05
52.8 3.84164059E-05 -8.731001341E-06
53 3.493962433E-05 1.746981216E-05
53.2 3.145973154E-05 2.621644295E-05
53.4 2.447963295E-05 8.742726052E-06
53.6 2.09919391E-05 8.74664129E-06
53.8 2.45015681E-05 8.750560036E-06
54 3.151613626E-05 -8.754482295E-06
54.2 3.853699552E-05 1.751681614E-05
54.4 4.205921938E-05 -8.762337371E-06
54.6 4.558460503E-05 -7.013016158E-05
54.8 4.911315671E-05 -1.754041311E-05
55 4.913522013E-05 -2.632243935E-05
55.2 4.564606742E-05 -2.633426966E-05
55.4 4.917940647E-05 8.782036871E-06
55.6 5.271592443E-05 3.514394962E-05
55.8 5.273964896E-05 4.394970747E-05
56 5.628095452E-05 -2.638169743E-05
56.2 5.630630631E-05 -3.519144144E-05
56.4 5.281095088E-05 1.871422794E-20
56.6 5.283476105E-05 3.522317403E-05
56.8 4.933468651E-05 8.809765449E-06
57 4.583145307E-05 -2.644122292E-05
57.2 4.585214447E-05 -2.541952051E-21
57.4 3.52868112E-05 2.64651084E-05
57.6 2.471192951E-05 5.295413466E-05
57.8 2.825497288E-05 4.414839512E-05
58 2.826775215E-05 2.650101764E-05
58.2 3.181561086E-05 -1.767533937E-05
58.4 3.536668176E-05 -8.841670439E-06
58.6 3.538269928E-05 -1.769134964E-05
58.8 3.893860444E-05 -4.424841414E-05
59 3.187330009E-05 1.770738894E-05
59.2 2.83446712E-05 -1.77154195E-05
59.4 3.190222323E-05 -5.317037205E-05
59.6 3.191670449E-05 -7.092600999E-05
59.8 3.902702089E-05 -4.434888738E-05
60 3.904475239E-05 8.87380736E-06
60.2 3.551136364E-05 2.663352273E-05
60.4 3.908026376E-05 5.329126876E-05
60.6 4.265241128E-05 4.442959509E-05
60.8 4.622781065E-05 -2.666989076E-05
61 4.98064663E-05 -9.783413024E-05
61.2 5.338838269E-05 -5.338838269E-05
61.4 6.053441203E-05 1.780423883E-05
61.6 6.4124487E-05 -8.906178751E-06
61.8 7.484603102E-05 -6.237169252E-05
62 7.844591511E-05 -4.457154267E-05
62.2 8.561643836E-05 8.918378995E-06
62.4 8.922453175E-05 1.784490635E-05
62.6 9.283592322E-05 -3.570612431E-05
62.8 8.930612711E-05 -1.786122542E-05
63 9.292086002E-05 -8.934698079E-06
63.2 8.581235698E-05 -2.681636156E-05
63.4 8.942880037E-05 -8.942880037E-06
63.6 8.946976638E-05 -3.578790655E-05
63.8 9.667163153E-05 -3.580430797E-05
64 0.0001002980284 1.80126777E-20
64.2 0.0001003440367 3.583715596E-05
64.4 0.0001039754475 3.585360257E-05
64.6 0.0001076101928 8.96751607E-06
64.8 0.0001076596233 -2.691490583E-05
65 0.000104118796 -5.385454963E-05
65.2 0.0001113505747 -1.795977011E-05
65.4 0.0001185890064 2.695204692E-05
65.6 0.0001186435803 8.988150023E-06
65.8 0.0001294889503 1.798457643E-05
66 0.0001331471672 1.799286043E-05
66.2 0.0001368087558 -3.600230415E-05
66.4 0.0001440756109 9.00472568E-06
66.6 0.0001477456181 1.80177583E-05
66.8 0.0001514190125 4.506518228E-05
67 0.0001514889197 7.213758079E-05
67.2 0.0001551674365 1.804272517E-05
67.4 0.0001660697782 2.707659427E-05
67.6 0.0001697584374 7.223763292E-05
67.8 0.0001662234043 5.4203284E-05
68 0.0001699155484 9.038061083E-06
68.2 0.0001736111111 -1.808449074E-05
68.4 0.0001773100973 -4.523216767E-05
68.6 0.0001810125116 9.050625579E-06
68.8 0.0001810964302 4.527410756E-05
69 0.0001848040353 4.529510668E-05
69.2 0.0001812645012 5.437935035E-05
69.4 0.0001813486537 1.247218753E-20
69.6 0.0001814328843 -1.814328843E-05
69.8 0.0001778868494 4.537929833E-05
70 0.000177969549 2.72402371E-05
70.2 0.0001853197674 -3.63372093E-05
70.4 0.0001963122383 9.088529549E-06
70.6 0.0002036778399 5.455656425E-05
70.8 0.0002074115044 9.844017996E-21
71 0.0002075081547 -9.101234856E-06
71.2 0.000203962704 3.15766086E-21
71.4 0.0002077017257 -1.821944963E-05
71.6 0.0002150898273 -1.822795147E-05
71.8 0.0002151902428 -3.64729225E-05
72 0.0002225887436 1.824497898E-05
72.2 0.000222692757 5.476051402E-05
72.4 0.0002227968677 -4.054558673E-21
72.6 0.0002192469598 -4.567644995E-05
72.8 0.0002193495555 -2.741869443E-05
73 0.0002194522472 2.74315309E-05
73.2 0.0002158957845 5.488875878E-05
73.4 0.0002196579194 1.830482662E-05
73.6 0.0002234235818 -9.156704173E-06
73.8 0.0002235283771 3.664399625E-05
74 0.00022729939 -3.388221906E-20
74.2 0.0002237382629 -7.575923284E-21
74.4 0.0002238433537 6.421735557E-05
74.6 0.0002202772556 4.589109492E-05
74.8 0.0002240538317 -1.836506817E-05
75 0.0002315087018 1.837370649E-05
75.2 0.0002352941176 4.595588235E-05
75.4 0.0002354048964 2.005229269E-20
75.6 0.0002355157796 1.126594412E-20
75.8 0.0002356267672 -9.204170594E-06
76 0.0002357378595 -4.604255068E-05
76.2 0.0002321639151 -3.685141509E-05
76.4 0.0002285865975 9.21720151E-06
76.6 0.0002250059018 -9.221553352E-06
76.8 0.0002214218233 -1.845181861E-05
77 0.000221526465 3.90875536E-20
77.2 0.0002216312057 -1.846926714E-05
77.4 0.0002180404447 -2.771700568E-05
77.6 0.0002107489352 -2.773012305E-05
77.8 0.0002034505208 -2.774325284E-05
78 0.0001998460445 -3.700852676E-05
78.2 0.0001962381517 9.256516588E-06
78.4 0.0001852181128 -2.245241712E-20
78.6 0.0001853059772 -9.265298861E-06
78.8 0.0001816860465 4.634848125E-05
79 0.0001780626781 4.637048908E-05
79.2 0.0001707244656 9.278503563E-06
79.4 0.000167092443 -3.713165399E-05
79.6 0.0001634569662 -1.857465525E-05
79.8 0.0001598180304 1.858349191E-05
80 0.0001561756307 5.577701095E-05
80.2 0.0001525297619 2.790178571E-05
80.4 0.0001526024297 1.405412746E-20
80.6 0.0001526751668 3.035161614E-20
80.8 0.0001527479733 -4.656950405E-05
81 0.000156548187 -3.727337786E-05
81.2 0.0001603520286 1.864558473E-05
81.4 0.0001566977077 2.827565472E-20
81.6 0.0001605052556 -5.599020545E-05
81.8 0.000160581979 -9.336161568E-06
82 0.0001531862745 6.538438546E-05
82.2 0.0001495215311 4.672547847E-05
82.4 0.0001495931067 -1.869913834E-05
82.6 0.0001534063697 -2.80621408E-05
82.8 0.0001534798754 2.807558697E-05
83 0.0001498082454 4.68150767E-05
83.2 0.0001461330935 9.367505995E-06
83.4 0.0001387056142 1.594843739E-20
83.6 0.0001312710034 3.750600096E-05
83.8 0.0001313340538 5.628602305E-05
84 0.0001351513695 1.877102355E-05
84.2 0.0001314603365 -9.390024038E-06
84.4 0.000131523569 2.818362193E-05
84.6 0.000135346487 4.699530799E-05
84.8 0.0001391730862 4.701793452E-05
85 0.000131713632 2.822434971E-05
85.2 0.0001355421687 9.412650602E-06
85.4 0.0001356075217 3.766875603E-05
85.6 0.0001281355523 6.595212253E-05
85.8 0.0001206563707 2.827883687E-05
86 0.0001207146306 5.495929902E-21
86.2 0.0001169987923 -9.435386473E-06
86.4 0.0001208313195 1.887989367E-05
86.6 0.0001133341393 4.722255803E-05
86.8 0.0001133889695 -1.889816159E-05
87 0.0001096623911 -4.726827202E-05
87.2 0.0001097154964 -5.674939467E-05
87.4 0.0001135537791 -3.785125969E-05
87.6 0.0001173957828 -9.467401842E-06
87.8 0.0001212415131 -9.47199321E-06
88 0.000117509704 -6.708779299E-21
88.2 0.0001175667476 4.74059466E-05
88.4 0.0001138295289 1.897158815E-05
88.6 0.0001100886783 -1.898080661E-05
88.8 0.0001063441906 2.848505105E-05
89 0.0001025960603 2.849890564E-05
89.2 9.884428224E-05 9.504257908E-06
89.4 9.889240506E-05 1.90177702E-05
89.6 9.513516805E-05 1.902703361E-05
89.8 9.137426901E-05 -1.903630604E-05
90 7.999146758E-05 -1.904558752E-05
90.2 7.240853659E-05 -9.527439024E-06
90.4 6.100536847E-05 -3.81283553E-05
90.6 5.722045898E-05 -2.861022949E-05
90.8 5.343185149E-05 1.90828041E-05
91 5.345796676E-05 9.546065494E-06
91.2 5.348410758E-05 9.550733496E-06
91.4 4.968811155E-05 -9.555406067E-06
91.6 5.353646598E-05 -5.736049927E-05
91.8 6.121449559E-05 -9.564764936E-06
92 6.50722685E-05 2.870835375E-05
92.2 6.510416667E-05 2.872242647E-05
92.4 6.513609613E-05 6.705186366E-05
92.6 6.133464181E-05 -2.875061335E-05
92.8 6.136475209E-05 -7.670594011E-05
93 6.906925344E-05 -9.592951866E-06
93.2 7.294226044E-05 -6.718366093E-05
93.4 8.06600295E-05 -0.000124830998
93.6 8.454254796E-05 -4.803553861E-05
93.8 8.458415354E-05 2.883550689E-05
94 8.46258001E-05 -2.884970458E-05
94.2 8.851600985E-05 -8.659174877E-05
94.4 9.241005421E-05 -8.663442583E-05
94.6 9.24556213E-05 -0.0001059387327
94.8 9.635545141E-05 -0.0001541687222
95 0.0001041152517 -7.712240869E-05
95.2 9.645061728E-05 9.645061728E-06
95.4 9.649827075E-05 -9.649827075E-06
95.6 9.654597133E-05 -6.758217993E-05
95.8 9.272997033E-05 -7.727497527E-05
96 8.117887185E-05 -3.865660564E-05
96.2 8.508663366E-05 9.668935644E-06
96.4 8.899826647E-05 -9.673724616E-06
96.6 8.904236868E-05 -8.710666501E-05
96.8 9.295984135E-05 -4.841658404E-05
97 9.68812004E-05 -2.906436012E-05
97.2 9.69292804E-05 -5.815756824E-05
97.4 9.309831182E-05 -5.818644489E-05
97.6 9.702558371E-05 -9.702558371E-06
97.8 0.0001048397117 -9.707380716E-06
98 0.000108776728 -4.856103928E-05
98.2 0.0001127176617 1.94340796E-05
98.4 0.0001166625187 -1.944375311E-05
98.6 0.0001167206175 -4.863359064E-05
98.8 0.0001167787743 9.731564524E-06
99 0.000116836989 9.736415753E-06
99.2 0.0001168952618 -2.883121482E-20
99.4 0.0001169535928 1.949226547E-05
99.6 0.0001131115826 9.750998502E-06
99.8 0.0001092657343 -9.755869131E-06
100 0.0001093203398 -1.852493413E-20
100.2 0.000109375 -9.765625E-06
100.4 0.000113337919 -2.931153077E-05
100.6 0.000121214965 -5.86524024E-05
100.8 0.0001212756635 -3.912118177E-05
101 0.000125250501 -3.914078156E-05
101.2 0.0001292293233 -2.937030075E-05
101.4 0.0001332121364 -1.959002006E-05
101.6 0.0001411189162 -2.939977421E-05
101.8 0.000141189759 -2.941453313E-05
102 0.0001491084882 -1.961953792E-05
102.2 0.0001531092965 -3.925879397E-05
102.4 0.0001610419809 -3.927853193E-05
102.6 0.0001650528169 1.964914487E-05
102.8 0.0001651358832 9.82951686E-06
103 0.0001612852467 -4.757981462E-20
103.2 0.0001574307305 9.839420655E-06
103.4 0.0001575100806 9.84438004E-06
103.6 0.0001536497731 1.969868886E-05
103.8 0.0001458438446 9.854313824E-06
104 0.0001419737506 9.859288238E-06
104.2 0.0001380997475 9.864267677E-06
104.4 0.0001263264275 -1.97385043E-05
104.6 0.0001184908999 -1.974848332E-05
104.8 0.0001106474456 2.963770865E-05
105 9.88423583E-05 5.930541498E-05
105.2 8.702531646E-05 3.955696203E-05
105.4 7.915400203E-05 9.894250253E-06
105.6 7.52344146E-05 9.899265079E-06
105.8 7.131085193E-05 2.971285497E-05
106 6.341958397E-05 -2.972792998E-05
106.2 6.345177665E-05 -5.948604061E-05
106.4 6.348400203E-05 -1.983875063E-05
106.6 5.557672764E-05 -3.96976626E-05
106.8 5.163319776E-05 -3.971784443E-05
107 4.768565615E-05 1.283175041E-20
107.2 4.770992366E-05 1.987913486E-05
107.4 4.375636456E-05 -9.94462831E-06
107.6 3.979877738E-05 -3.979877738E-05
107.8 3.981906218E-05 -1.990953109E-05
108 3.58554309E-05 9.959841917E-06
108.2 3.18877551E-05 9.964923469E-06
108.4 2.791602859E-05 2.991003063E-05
108.6 2.394024515E-05 3.990040858E-05
108.8 1.996039857E-05 4.990099642E-05
109 1.198236196E-05 3.994120654E-05
109.2 7.992327366E-06 -9.990409207E-06
109.4 3.998208802E-06 -2.998656602E-05
109.6 0 -1.000064004E-05
109.8 0 -1.536707928E-20
110 0 -3.003267555E-05
110.2 0 -3.004807692E-05
110.4 0 -1.497013153E-20
110.6 0 4.010523614E-05
110.8 0 4.012583462E-05
111 0 -1.797234258E-20
111.2 0 -3.012532134E-05
111.4 0 -3.01408179E-05
111.6 0 -3.015633042E-05
111.8 0 -2.011457261E-05
112 0 3.01874034E-05
112.2 0 6.040592784E-05
112.4 0 2.014569366E-05
112.6 0 1.007804438E-05
112.8 0 4.033298916E-05
113 0 4.035382231E-05
113.2 0 2.01873385E-05
113.4 0 3.029666494E-05
113.6 0 2.020822556E-05
113.8 0 -3.032802795E-05
114 0 -2.022915588E-05
114.2 0 -1.011981865E-05
114.4 0 -2.02501296E-05
114.6 0 2.026063278E-05
114.8 0 1.013557343E-05
115 0 1.014083593E-05
115.2 0 3.043831169E-05
115.4 0 2.030275468E-05
115.6 0 2.031331253E-05
115.8 0 1.016194069E-05
116 0 3.62401608E-21
116.2 0 1.017252604E-05
116.4 0 2.035565399E-05
116.6 0 -1.018313347E-05
116.8 0 -1.018844549E-05
117 0 -2.03875261E-05
117.2 0 -1.019908616E-05
117.4 0 2.040882968E-05
117.6 0 -1.020974909E-05
117.8 0 -4.086035565E-05
118 0 3.561424741E-21
118.2 0 -1.022578534E-05
118.4 0 -3.069342588E-05
118.6 0 -1.258126273E-20
118.8 0 -3.072561615E-05
119 0 -5.12362277E-05
119.2 0 -1.025262467E-05
119.4 0 2.051601891E-05
119.6 0 -1.026339989E-05
119.8 0 -4.350919867E-21
120 0 6.164518674E-05
120.2 4.111842105E-06 3.083881579E-05
120.4 4.114007372E-06 1.028501843E-05
120.6 4.116174921E-06 2.05808746E-05
120.8 4.118344755E-06 -3.088758566E-05
121 8.241033755E-06 -3.090387658E-05
121.2 8.245382586E-06 1.030672823E-05
121.4 4.124868004E-06 -2.292188309E-21
121.6 0 -3.095285261E-05
121.8 0 -1.270370708E-21
122 0 2.065705976E-05
122.2 0 -1.067524486E-20
122.4 0 1.033946533E-05
122.6 0 1.034494174E-05
122.8 0 -1.035042395E-05
123 0 -4.142364793E-05
123.2 0 -1.036140584E-05
123.4 4.146762208E-06 3.110071656E-05
123.6 8.297928837E-06 -2.074482209E-05
123.8 1.245350691E-05 -2.075584485E-05
124 1.246012759E-05 1.038343966E-05
124.2 1.246675532E-05 -1.375790757E-20
124.4 8.315593401E-06 -1.112141511E-20
124.6 8.320021299E-06 1.040002662E-05
124.8 8.324453916E-06 4.162226958E-05
125 8.328891258E-06 5.205557036E-05
125.2 8.333333333E-06 2.083333333E-05
125.4 8.337780149E-06 -5.099519401E-21
125.6 1.251334757E-05 1.042778964E-05
125.8 1.252003205E-05 1.043336004E-05
126 1.252672368E-05 -2.576865221E-20
126.2 1.253342246E-05 -9.953425454E-21
126.4 8.360085607E-06 1.045010701E-05
126.6 8.364561028E-06 -1.045570128E-05
126.8 8.369041243E-06 -2.562946711E-20
127 1.256028939E-05 3.140072347E-05
127.2 1.256702413E-05 3.141756032E-05
127.4 1.257376609E-05 1.047813841E-05
127.6 1.25805153E-05 5.241881374E-05
127.8 8.391514501E-06 4.19575725E-05
128 0 -3.148508866E-05
128.2 0 2.100134409E-05
128.4 0 2.10126412E-05
128.6 0 3.153592573E-05
128.8 0 3.155290792E-05
129 0 -1.05233028E-05
129.2 0 -1.052897574E-05
129.4 0 -1.05346548E-05
129.6 0 2.108067998E-05
129.8 0 3.163809395E-05
130 0 1.05517288E-05
130.2 0 3.16722973E-05
130.4 0 3.168942672E-05
130.6 0 1.056885823E-05
130.8 0 4.22983216E-05
131 0 1.058030878E-05
131.2 0 -3.175813008E-05
131.4 0 -2.118356833E-05
131.6 0 -4.23901248E-05
131.8 0 -6.361970684E-05
132 0 -5.304521999E-05
132.2 4.245923913E-06 -2.122961957E-05
132.4 8.49646547E-06 -1.062058184E-05
132.6 8.501088139E-06 -1.062636017E-05
132.8 8.505715841E-06 1.06321448E-05
133 8.510348584E-06 -1.063793573E-05
133.2 8.514986376E-06 -2.399175246E-20
133.4 4.259814613E-06 4.259814613E-05
133.6 0 2.131069285E-05
133.8 4.264465066E-06 -2.132232533E-05
134 4.266794102E-06 -1.066698525E-05
134.2 4.269125683E-06 1.067281421E-05
134.4 4.271459814E-06 -2.41068264E-20
134.6 8.547592998E-06 -1.068449125E-05
134.8 8.552271483E-06 1.069033935E-05
135 0 1.069619387E-05
135.2 0 -2.080171986E-20
135.4 4.28316886E-06 2.14158443E-05
135.6 4.285518376E-06 -1.071379594E-05
135.8 4.287870472E-06 -2.143935236E-05
136 4.290225151E-06 -2.973464983E-20
136.2 8.585164835E-06 1.073145604E-05
136.4 4.294942276E-06 2.147471138E-05
136.6 0 3.222978548E-05
136.8 0 3.224752339E-05
137 4.302037445E-06 3.226528084E-05
137.2 4.304407713E-06 1.076101928E-05
137.4 4.306780595E-06 -1.4466713E-21
137.6 4.309156095E-06 1.077289024E-05
137.8 8.623068433E-06 2.155767108E-05
138 4.313914964E-06 1.078478741E-05
138.2 4.316298343E-06 3.237223757E-05
138.4 4.318684356E-06 4.318684356E-05
138.6 4.321073009E-06 -1.080268252E-05
138.8 4.323464305E-06 -2.161732153E-05
139 4.32585825E-06 -2.162929125E-05
139.2 4.328254848E-06 -1.082063712E-05
139.4 4.330654102E-06 -2.165327051E-05
139.6 4.333056018E-06 -2.166528009E-05
139.8 0 -3.25159545E-05
140 8.675735702E-06 1.012236568E-20
140.2 8.680555556E-06 2.170138889E-05
140.4 4.342690384E-06 -1.085672596E-05
140.6 8.690211346E-06 7.71845818E-21
140.8 8.695047301E-06 -8.852690832E-21
141 8.699888641E-06 -4.349944321E-05
141.2 8.704735376E-06 -6.528551532E-05
141.4 8.709587514E-06 -3.266095318E-05
141.6 4.357222532E-06 -1.089305633E-05
141.8 4.359654018E-06 -4.359654018E-05
142 4.362088219E-06 -5.452610274E-05
142.2 4.36452514E-06 -4.36452514E-05
142.4 0 -4.366964785E-05
142.6 0 -3.277055369E-05
142.8 0 -5.464815333E-05
143 4.374300112E-06 -1.093575028E-05
143.2 0 3.282563025E-05
143.4 0 -1.94475726E-21
143.6 4.381660123E-06 -1.095415031E-05
143.8 8.768237935E-06 1.096029742E-05
144 8.773161145E-06 4.386580573E-05
144.2 8.778089888E-06 5.48630618E-05
144.4 8.783024171E-06 4.391512085E-05
144.6 8.787964004E-06 8.787964004E-05
144.8 8.792909398E-06 0.0001099113675
145 8.79786036E-06 4.39893018E-05
145.2 1.76056338E-05 1.100352113E-05
145.4 2.642333709E-05 1.470695446E-20
145.6 3.525098703E-05 2.203186689E-05
145.8 4.408860045E-05 3.306645034E-05
146 4.852484472E-05 -1.146110771E-20
146.2 5.296610169E-05 2.206920904E-05
146.4 5.741237988E-05 4.416336914E-05
146.6 6.628252262E-05 1.10470871E-05
146.8 7.958404075E-05 3.316001698E-05
147 8.847678369E-05 6.635758777E-05
147.2 9.73796034E-05 4.426345609E-05
147.4 0.000106292517 3.321641156E-05
147.6 0.0001063528077 4.431366988E-05
147.8 0.0001152809308 3.325411464E-05
148 0.0001242191936 -7.978739148E-21
148.2 0.0001331676136 4.438920455E-05
148.4 0.0001421262081 6.662166003E-05
148.6 0.0001510949943 2.22198521E-05
148.8 0.00015562749 -1.111624929E-05
149 0.0001601651481 -2.224515945E-05
149.2 0.0001647079772 2.76764999E-20
149.4 0.0001648018814 3.340578677E-05
149.6 0.0001648958928 1.114161438E-05
149.8 0.0001560716324 4.459189498E-05
150 0.0001606225014 0.0001115434038
150.2 0.0001696428571 5.580357143E-05
150.4 0.0001742066895 5.583547742E-05
150.6 0.0001743063501 8.938787185E-05
150.8 0.0001699341729 2.235975959E-05
151 0.0001610824742 4.474513173E-05
151.2 0.0001611747851 9.941108745E-21
151.4 0.0001657468463 -3.359733372E-05
151.6 0.0001703241538 1.990503128E-21
151.8 0.0001838762916 -2.2423938E-05
152 0.0001884692705 4.487363584E-05
152.2 0.0001885775862 5.612428161E-05
152.4 0.0001931785509 2.24626222E-05
152.6 0.0001932897008 3.371331991E-05
152.8 0.0001934009787 1.124424295E-05
153 0.0002025129608 1.125072005E-05
153.2 0.000202629683 5.628602305E-05
153.4 0.0002072520185 4.001668918E-20
153.6 0.0002118796884 -3.381058857E-05
153.8 0.0002165127021 -2.364109251E-20
154 0.0002166377816 1.128321779E-05
154.2 0.0002212789017 1.044937653E-20
154.4 0.0002214068826 3.388880856E-05
154.6 0.0002215350116 5.651403356E-05
154.8 0.0002216632889 4.523740591E-05
155 0.0002172653534 1.131590382E-05
155.2 0.0002128623188 -3.39673913E-05
155.4 0.0002129857889 -4.531612529E-05
155.6 0.0002131094022 -2.2671213E-05
155.8 0.0002132331591 1.134218931E-05
156 0.0002178965718 2.269755956E-05
156.2 0.000222565407 2.271075581E-05
156.4 0.0002181500873 -2.272396742E-05
156.6 0.0002182770664 -2.273719441E-05
156.8 0.000213854106 -6.825131043E-05
157 0.0002185314685 -0.0001024366259
157.2 0.000209548105 -3.41654519E-05
157.4 0.0002142284131 2.279025671E-05
157.6 0.0002097927612 2.2803561E-05
157.8 0.0002144786799 5.70422021E-05
158 0.0002100379895 2.283021625E-05
158.2 0.0002192982456 -1.142178363E-05
158.4 0.0002102837917 -1.142846694E-05
158.6 0.0002104069087 -8.004610656E-05
158.8 0.0002059534271 -4.576742824E-05
159 0.0002014947245 3.434569168E-05
159.2 0.0001878665689 1.220919748E-20
159.4 0.0001879768192 -3.438600352E-05
159.6 0.0001789122137 1.146873165E-05
159.8 0.0001744271445 1.147547004E-05
160 0.0001699368019 4.592886537E-05
160.2 0.0001700367647 1.224510689E-20
160.4 0.0001747351383 -4.598293114E-05
160.6 0.0001794390459 -3.450750883E-05
160.8 0.0001841484973 -3.452784325E-05
161 0.0001842570755 1.151606722E-05
161.2 0.0001935840708 -1.152286136E-05
161.4 0.0002029220779 -2.305932704E-05
161.6 0.0002076565269 1.153647372E-05
161.8 0.0002123965721 1.154329196E-05
162 0.0002125221762 -8.085082791E-05
162.2 0.0002172707101 -0.000104012574
162.4 0.0002081483126 -0.0001040741563
162.6 0.0002082716232 -5.785322867E-05
162.8 0.0002037640782 3.473251334E-05
163 0.0001946174377 -2.316874259E-05
163.2 0.0001854599407 -6.954747774E-05
163.4 0.000190209323 -3.479438836E-05
163.6 0.0001810383244 -2.321004159E-05
163.8 0.0001811459572 -3.4835761E-05
164 0.000181253718 1.640797801E-20
164.2 0.0001767113095 1.162574405E-05
164.4 0.0001814696248 4.653067302E-05
164.6 0.0001815777712 5.819800358E-05
164.8 0.0001723688134 -3.493962433E-05
165 0.0001724716587 -5.826745227E-05
165.2 0.0001632462687 -6.996268657E-05
165.4 0.0001633437873 -0.0001283415472
165.6 0.0001541019127 -8.17207113E-05
165.8 0.0001448489833 -4.672547847E-05
166 0.0001449356673 -7.013016158E-05
166.2 0.0001450224551 -2.339071856E-05
166.4 0.0001451093469 2.340473337E-05
166.6 0.0001498800959 -1.170938249E-05
166.8 0.0001452834433 -1.171640672E-05
167 0.0001359918968 3.517031813E-05
167.2 0.0001313813814 5.86524024E-05
167.4 0.0001220703125 4.695012019E-05
167.6 0.0001221437162 -1.174458809E-05
167.8 0.0001222172082 -2.350330927E-05
168 0.0001316977724 3.527618904E-05
168.2 0.000141189759 1.176581325E-05
168.4 0.0001459840265 -5.886452682E-05
168.6 0.00013664807 -4.712002413E-05
168.8 0.0001367305371 -3.536134581E-05
169 0.0001368131039 -2.358846618E-05
169.2 0.0001321752266 4.720543807E-05
169.4 0.0001275317412 8.265946191E-05
169.6 0.0001228826376 8.270946763E-05
169.8 0.0001229570218 7.093674334E-05
170 0.0001135675348 1.182995154E-05
170.2 0.0001183712121 5.918560606E-05
170.4 0.0001137052759 7.106579745E-05
170.6 0.0001090336772 5.925743325E-05
170.8 9.96129326E-05 0.0001067281421
171 9.492709599E-05 8.306120899E-05
171.2 8.548632219E-05 -1.18731003E-05
171.4 8.553832117E-05 -4.752128954E-05
171.6 8.559038344E-05 1.188755326E-05
171.8 9.040042631E-05 -1.189479294E-05
172 8.569469835E-05 -2.380408288E-05
172.2 7.62195122E-05 1.190929878E-05
172.4 7.626601586E-05 7.149938987E-05
172.6 8.108211233E-05 7.154304029E-05
172.8 8.113164325E-05 1.193112401E-05
173 7.640586797E-05 1.149713225E-20
173.2 8.600917431E-05 5.972859327E-05
173.4 9.084302326E-05 5.976514688E-05
173.6 8.611451317E-05 -1.196034905E-05
173.8 8.616727941E-05 7.818677486E-22
174 9.101011649E-05 -1.197501533E-05
174.2 9.585889571E-05 -1.198236196E-05
174.4 9.591774095E-05 1.198971762E-05
174.6 9.117782555E-05 2.392995999E-20
174.8 9.603564843E-05 3.601336816E-05
175 9.609471095E-05 2.402367774E-05
175.2 9.615384615E-05 -6.009615385E-05
175.4 0.0001058343596 -2.405326355E-05
175.6 0.0001010859519 1.458964374E-20
175.8 0.0001011482737 2.408292232E-05
176 9.639111659E-05 4.81955583E-05
176.2 9.162808642E-05 -1.205632716E-05
176.4 8.685917233E-05 -6.031886967E-05
176.6 8.691285538E-05 -1.207122991E-05
176.8 9.662956092E-05 7.247217069E-05
177 0.0001015238243 3.625850866E-05
177.2 9.674922601E-05 7.974491139E-21
177.4 9.196871128E-05 2.420229244E-05
177.6 8.233880967E-05 4.843459392E-05
177.8 7.26969603E-05 2.116752905E-20
178 6.304314091E-05 -3.637104283E-05
178.2 5.337732919E-05 2.426242236E-05
178.4 4.855500311E-05 1.213875078E-05
178.6 4.37266791E-05 -2.42925995E-05
178.8 3.889234599E-05 1.215385812E-05
179 3.405199253E-05 1.21614259E-05
179.2 2.920560748E-05 4.867601246E-05
179.4 2.922381546E-05 2.435317955E-05
179.6 3.411572052E-05 -3.65525577E-05
179.8 3.901373283E-05 2.438358302E-05
180 3.415833854E-05 4.879762648E-05
180.2 2.9296875E-05 -3.662109375E-05
180.4 3.420106316E-05 -4.885866166E-05
180.6 3.422246558E-05 -2.444461827E-05
180.8 2.935190983E-05 -4.891984972E-05
181 1.95802005E-05 -8.566337719E-05
181.2 1.959247649E-05 -4.898119122E-05
181.4 1.960476788E-05 -1.225297992E-05
181.6 1.471280603E-05 -2.452134338E-05
181.8 9.814698492E-06 2.453674623E-05
182 9.820867379E-06 3.682825267E-05
182.2 9.827044025E-06 -2.819179803E-20
182.4 9.833228446E-06 1.229153556E-05
182.6 9.839420655E-06 6.149637909E-05
182.8 4.922810334E-06 7.384215501E-05
183 9.851828499E-06 3.694435687E-05
183.2 9.858044164E-06 2.464511041E-05
183.4 9.864267677E-06 6.165167298E-05
183.6 4.935249526E-06 3.701437145E-05
183.8 9.876738306E-06 4.938369153E-05
184 4.941492726E-06 2.470746363E-05
184.2 1.483386076E-05 2.472310127E-05
184.4 1.979100697E-05 6.184689677E-05
184.6 2.475443599E-05 -3.713165399E-05
184.8 2.97241598E-05 -4.954026633E-05
185 3.470019036E-05 -2.478585025E-05
185.2 3.968253968E-05 -2.48015873E-05
185.4 3.970775095E-05 2.146786014E-21
185.6 3.973299428E-05 1.241656071E-05
185.8 3.478848601E-05 1.242445929E-05
186 2.486473584E-05 -2.486473584E-05
186.2 2.488057325E-05 -2.488057325E-05
186.4 1.991714468E-05 -1.244821542E-05
186.6 1.49473852E-05 -2.491230867E-05
186.8 1.495692406E-05 -2.492820676E-05
187 1.995530013E-05 -3.741618774E-05
187.2 1.996805112E-05 -4.99201278E-05
187.4 1.998081841E-05 1.123258689E-20
187.6 1.499520154E-05 6.24800064E-05
187.8 1.500480154E-05 2.317280582E-20
188 1.501441384E-05 -3.753603459E-05
188.2 1.001602564E-05 -1.252003205E-05
188.4 1.002245029E-05 2.505612572E-05
188.6 1.002888318E-05 5.014441592E-05
188.8 1.003532434E-05 -7.526493256E-05
189 1.004177378E-05 -6.276108612E-05
189.2 0 5.024115756E-05
189.4 0 3.770511583E-05
189.6 0 -1.257646491E-05
189.8 5.03382732E-06 -3.77537049E-05
190 5.037072856E-06 -3.777804642E-05
190.2 0 -6.300403226E-05
190.4 0 -3.782682376E-05
190.6 5.046834625E-06 2.523417313E-05
190.8 0 -2.525048481E-05
191 0 -3.790022639E-05
191.2 0 -1.264158576E-05
191.4 0 -1.040697314E-20
191.6 0 -5.063188594E-05
191.8 0 -6.333090143E-05
192 5.069759896E-06 3.802319922E-05
192.2 5.073051948E-06 5.247823548E-20
192.4 5.076348278E-06 -3.807261209E-05
192.6 5.079648895E-06 -1.269912224E-05
192.8 5.082953806E-06 -1.270738452E-05
193 5.086263021E-06 -1.271565755E-05
193.2 0 -3.81718241E-05
193.4 0 -3.819670795E-05
193.6 0 -4.746439028E-20
193.8 0 -2.54977154E-05
194 0 -3.827155454E-05
194.2 0 -2.553104575E-05
194.4 5.109548725E-06 -2.554774362E-05
194.6 0 -5.11289267E-05
194.8 0 -5.116240995E-05
195 0 -2.559796855E-05
195.2 0 -1.280737705E-05
195.4 0 -3.844734252E-05
195.6 0 -2.564839133E-05
195.8 0 1.283262155E-05
196 0 3.852317554E-05
196.2 0 2.569901316E-05
196.4 0 -1.285796577E-05
196.6 5.14657444E-06 -1.28664361E-05
196.8 5.14996704E-06 -2.57498352E-05
197 1.030672823E-05 2.576682058E-05
197.2 1.547029703E-05 1.982704722E-20
197.4 2.064068692E-05 -3.870128798E-05
197.6 2.581791143E-05 -1.226018733E-20
197.8 3.100198413E-05 2.265330393E-21
198 3.61929186E-05 -2.585208471E-05
198.2 4.139072848E-05 -3.880380795E-05
198.4 4.659542744E-05 -3.304161783E-23
198.6 4.662632626E-05 3.885527188E-05
198.8 4.665726609E-05 2.592070338E-05
199 4.150066401E-05 1.29689575E-05
199.2 3.63372093E-05 1.297757475E-05
199.4 3.636136968E-05 -2.870446345E-20
199.6 3.118762475E-05 1.393517164E-20
199.8 3.120838881E-05 1.300349534E-05
200 2.602431712E-05 -2.435115377E-21
200.2 2.604166667E-05 -1.725985967E-22
200.4 2.084723149E-05 1.302951968E-05
200.6 1.564586115E-05 -1.303821762E-05
200.8 1.565631263E-05 -1.304692719E-05
201 1.566677807E-05 -1.30556484E-05
201.2 1.567725753E-05 -1.306438127E-05
201.4 1.5687751E-05 -4.154495592E-22
201.6 1.046550569E-05 1.308188212E-05
201.8 5.236260054E-06 2.618130027E-05
202 0 2.036093286E-21
202.2 5.243288591E-06 1.310822148E-05
202.4 1.049361988E-05 3.935107455E-05
202.6 1.050067204E-05 3.937752016E-05
202.8 1.576160054E-05 3.940400134E-05
203 2.102960969E-05 1.314350606E-05
203.2 2.63047138E-05 -4.341448669E-21
203.4 3.158692722E-05 2.632243935E-05
203.6 3.687626433E-05 3.951028321E-05
203.8 3.69011471E-05 5.271592443E-05
204 3.692606347E-05 3.956363943E-05
204.2 3.695101351E-05 -1.319679054E-05
204.4 3.69759973E-05 -1.320571332E-05
204.6 3.700101488E-05 -1.321464817E-05
204.8 3.17366283E-05 -1.31179306E-20
205 2.64651084E-05 1.125540187E-19
205.2 3.707627119E-05 1.324152542E-05
205.4 3.710142469E-05 2.650101764E-05
205.6 2.651900883E-05 -1.325950441E-05
205.8 2.122961957E-05 -1.326851223E-05
206 2.124405167E-05 1.327753229E-05
206.2 1.594387755E-05 3.985969388E-05
206.4 1.595473111E-05 1.329560926E-05
206.6 1.596559946E-05 -3.97458702E-20
206.8 1.065098841E-05 2.662747103E-05
207 5.329126876E-06 2.664563438E-05
207.2 1.066552901E-05 -1.333191126E-05
207.4 1.067281421E-05 -2.668203552E-05
207.6 5.340054682E-06 -2.670027341E-05
207.8 5.34370725E-06 -1.335926813E-05
208 1.069472964E-05 1.336841205E-05
208.2 1.070205479E-05 4.013270548E-05
208.4 1.070938999E-05 2.922988344E-20
208.6 1.607510288E-05 -5.358367627E-05
208.8 1.07240906E-05 -2.681022649E-05
209 1.073145604E-05 3.373104924E-20
209.2 1.073883162E-05 2.684707904E-05
209.4 1.074621733E-05 4.029831499E-05
209.6 1.613041982E-05 1.344201652E-05
209.8 1.614152893E-05 1.34512741E-05
210 1.615265334E-05 4.038163336E-05
210.2 1.077586207E-05 4.040948276E-05
210.4 2.156659765E-05 -1.347912353E-05
210.6 2.158149171E-05 -1.348843232E-05
210.8 2.699550795E-05 1.349775397E-05
211 3.241701245E-05 1.350708852E-05
211.2 3.784602076E-05 5.406574394E-05
211.4 3.787222992E-05 2.70515928E-05
211.6 3.248440748E-05 -2.707033957E-05
211.8 2.708911234E-05 2.708911234E-05
212 2.168632894E-05 2.710791117E-05
212.2 1.627604167E-05 -5.425347222E-05
212.4 5.429117443E-06 -6.786396803E-05
212.6 5.432892907E-06 -5.432892907E-05
212.8 5.436673626E-06 -5.267246375E-21
213 5.44045961E-06 2.720229805E-05
213.2 0 -1.335446678E-20
213.4 5.44804742E-06 -4.025886926E-20
213.6 5.451849267E-06 -2.884822531E-20
213.8 5.455656425E-06 1.363914106E-05
214 1.091893781E-05 4.094601677E-05
214.2 1.638986014E-05 1.365821678E-05
214.4 1.64013296E-05 -4.61323755E-20
214.6 1.641281513E-05 1.367734594E-05
214.8 2.1899089E-05 2.737386125E-05
215 1.64358345E-05 1.369652875E-05
215.2 1.644736842E-05 -1.370614035E-05
215.4 1.645891854E-05 -2.74315309E-05
215.6 5.49016163E-06 -6.862702038E-05
215.8 5.494022504E-06 -5.494022504E-05
216 5.497888811E-06 -2.748944405E-05
216.2 5.501760563E-06 -2.750880282E-05
216.4 0 -6.882047216E-05
216.6 0 -6.886900564E-05
216.8 0 1.378352152E-05
217 0 1.379325565E-05
217.2 0 -1.952272088E-21
217.4 0 -1.381276521E-05
217.6 0 -1.382254069E-05
217.8 0 1.383233003E-05
218 0 -4.183248006E-21
218.2 0 -2.224644318E-20
218.4 5.544712562E-06 -3.407597285E-20
218.6 5.548650568E-06 1.387162642E-05
218.8 1.110518834E-05 1.388148543E-05
219 1.111308677E-05 -1.389135846E-05
219.2 1.668149466E-05 -5.609075792E-21
219.4 2.225783476E-05 -1.391114672E-05
219.6 2.784212402E-05 -2.784212402E-05
219.8 3.343437946E-05 -2.227630077E-21
220 3.903461813E-05 5.576374019E-05
220.2 4.464285714E-05 4.185267857E-05
220.4 5.025911365E-05 -5.758578494E-21
220.6 5.029506438E-05 -8.000040007E-21
220.8 4.473872584E-05 -2.543466337E-20
221 5.036712034E-05 -2.798173352E-05
221.2 4.480286738E-05 -4.200268817E-05
221.4 5.604375897E-05 4.203281923E-05
221.6 5.608399139E-05 5.608399139E-05
221.8 6.173670977E-05 2.80621408E-05
222 6.739755572E-05 8.156645656E-21
222.2 7.306654676E-05 -2.810251799E-05
222.4 7.87437005E-05 1.406137509E-05
222.6 8.442903458E-05 4.221451729E-05
222.8 9.012256669E-05 -7.172995608E-21
223 0.000101461039 -4.22754329E-05
223.2 0.0001071750903 -1.410198556E-05
223.4 0.0001128973988 -1.411217486E-05
223.6 0.0001186279826 2.824475777E-05
223.8 0.0001130607815 7.066298842E-05
224 0.0001187997828 1.414283128E-05
224.2 0.0001188858696 -4.245923913E-05
224.4 0.0001189720812 1.4163343E-05
224.6 0.000119058418 2.834724238E-05
224.8 0.0001248184459 -5.290093203E-21
225 0.000124909157 -1.419422238E-05
225.2 0.000125 -4.261363636E-05
225.4 0.0001194050218 1.421488355E-05
225.6 0.0001194919883 4.267571012E-05
225.8 0.0001195790816 -7.680471067E-21
226 0.0001310630926 -4.273796499E-05
226.2 0.0001311587591 -1.425638686E-05
226.4 0.0001369612856 4.280040175E-05
226.6 0.0001370614035 4.28316886E-05
226.8 0.0001371616679 1.428767374E-05
227 0.0001372620791 -2.859626647E-05
227.2 0.0001373626374 -2.861721612E-05
227.4 0.0001374633431 2.863819648E-05
227.6 0.0001375641966 1.432960382E-05
227.8 0.0001376651982 2.868024963E-05
228 0.0001377663483 2.870132256E-05
228.2 0.0001378676471 -1.436121324E-05
228.4 0.0001379690949 -1.437178072E-05
228.6 0.0001380706922 1.438236377E-05
228.8 0.0001324152542 -2.613497203E-20
229 0.0001555586283 -1.68365601E-20
229.2 0.0001499077491 1.441420664E-05
229.4 0.0001557884047 1.442485229E-05
229.6 0.0001559035477 1.443551367E-05
229.8 0.0001617973373 -5.778476331E-05
230 0.0001561343449 -4.337065137E-05
230.2 0.0001446759259 -1.446759259E-05
230.4 0.0001447831727 -7.715597373E-21
230.6 0.0001448905786 2.897811573E-05
230.8 0.000144998144 1.44998144E-05
231 0.0001451058692 1.439811075E-20
231.2 0.0001510223048 1.452137546E-05
231.4 0.0001453218006 -1.453218006E-05
231.6 0.0001396128071 -4.362900223E-05
231.8 0.0001397168405 -4.366151267E-05
232 0.0001456469053 -7.820673505E-21
232.2 0.000145755597 1.45755597E-05
232.4 0.000140029873 -1.458644511E-05
232.6 0.0001401345291 -1.459734679E-05
232.8 0.0001460826477 1.460826477E-05
233 0.000146191991 5.847679641E-05
233.2 0.0001463014981 -2.926029963E-05
233.4 0.0001405547226 -4.392335082E-05
233.6 0.000140660165 -4.395630158E-05
233.8 0.000146631006 -4.39893018E-05
234 0.0001467411721 3.857772697E-21
234.2 0.0001585996241 2.937030075E-05
234.4 0.0001528404816 1.469620015E-05
234.6 0.0001529555723 -2.941453313E-05
234.8 0.0001530708365 -3.100858645E-20
235 0.0001531862745 4.418834842E-05
235.2 0.000141509434 1.474056604E-05
235.4 0.000147516994 -2.950339879E-05
235.6 0.0001476284958 2.952569917E-05
235.8 0.0001595593797 2.954803328E-05
236 0.0001596801665 2.957040121E-05
236.2 0.0001598011364 -5.918560606E-05
236.4 0.0001658453374 -7.403809704E-05
236.6 0.0001718987102 1.481885432E-05
236.8 0.0001838933181 -3.072429592E-21
237 0.0001840330547 -1.484137538E-05
237.2 0.0001841730038 1.48526616E-05
237.4 0.0001783675799 7.935661938E-21
237.6 0.0001785034273 1.781319434E-21
237.8 0.0001726848323 2.977324695E-05
238 0.0001728165523 2.979595728E-05
238.2 0.0001610209924 4.472805344E-05
238.4 0.0001551757066 7.460370512E-05
238.6 0.0001433486239 7.466074159E-05
238.8 0.0001434583015 4.48307192E-05
239 0.0001375861409 1.495501531E-05
239.2 0.0001257183908 -7.483237548E-05
239.4 0.0001318059816 -0.0001048456672
239.6 0.0001259113584 -1.498944743E-05
239.8 0.0001140072965 1.500096006E-05
240 0.0001080899308 4.503747118E-05
240.2 0.0001081730769 4.507211538E-05
240.4 0.0001022421093 -6.014241724E-05
240.6 0.0001023208783 -3.009437596E-05
240.8 9.035273709E-05 7.529394757E-05
241 8.439429012E-05 3.01408179E-05
241.2 9.049227799E-05 -1.508204633E-05
241.4 8.452472952E-05 3.01874034E-05
241.6 9.063225058E-05 7.552687548E-05
241.8 9.674922601E-05 4.535119969E-05
242 9.682416731E-05 -1.512877614E-05
242.2 9.689922481E-05 -6.05620155E-05
242.4 9.091349884E-05 -7.576124903E-05
242.6 9.704968944E-05 -3.032802795E-05
242.8 9.105477855E-05 -3.035159285E-05
243 9.11255832E-05 1.51875972E-05
243.2 7.295719844E-05 4.559824903E-05
243.4 6.692951713E-05 -1.521125389E-05
243.6 7.307092751E-05 -1.52231099E-05
243.8 6.703393136E-05 -4.23406878E-21
244 6.708626073E-05 -4.574063232E-05
244.2 7.32421875E-05 -1.525878906E-05
244.4 4.88663018E-05 -4.581215794E-05
244.6 4.279147105E-05 -7.641334116E-05
244.8 4.282498042E-05 1.529463587E-05
245 4.898119122E-05 6.122648903E-05
245.2 4.901960784E-05 1.531862745E-05
245.4 4.905808477E-05 1.533065149E-05
245.6 4.909662215E-05 -1.534269442E-05
245.8 5.527712264E-05 -3.070951258E-05
246 5.532061369E-05 4.610051141E-05
246.2 4.921259843E-05 3.075787402E-05
246.4 5.540780142E-05 1.539105595E-05
246.6 7.393533123E-05 -1.540319401E-05
246.8 8.632596685E-05 1.541535122E-05
247 9.256516588E-05 7.713763823E-05
247.2 8.646245059E-05 -3.087944664E-05
247.4 8.653085443E-05 -7.725969146E-05
247.6 9.278503563E-05 -3.092834521E-05
247.8 9.285855784E-05 7.414704477E-21
248 9.912767645E-05 -3.097739889E-05
248.2 0.000105406746 -6.200396825E-05
248.4 0.0001054904686 -1.551330421E-05
248.6 9.936406995E-05 -1.552563593E-05
248.8 9.322792363E-05 1.553798727E-05
249 9.330214968E-05 3.110071656E-05
249.2 9.960159363E-05 3.112549801E-05
249.4 9.345095694E-05 1.557515949E-05
249.6 8.729050279E-05 -3.117517957E-05
249.8 8.736022364E-05 -1.560003994E-05
250 8.743005596E-05 4.683752998E-05
250.2 8.125E-05 7.8125E-05
250.4 8.131505204E-05 6.255004003E-05
250.6 7.512019231E-05 1.565004006E-05
250.8 7.518043304E-05 -3.132518043E-05
251 7.524077047E-05 -4.702548154E-05
251.2 7.530120482E-05 -4.706325301E-05
251.4 7.536173633E-05 -3.140072347E-05
251.6 8.170756235E-05 -6.285197104E-05
251.8 7.548309179E-05 -7.862822061E-05
252 7.55439162E-05 -3.147663175E-05
252.2 6.300403226E-05 -2.439257602E-20
252.4 6.305488297E-05 -4.729116223E-05
252.6 6.941639742E-05 -3.155290792E-05
252.8 7.578819725E-05 -1.578920776E-05
253 8.217030744E-05 -3.16039644E-05
253.2 8.223684211E-05 2.062589398E-20
253.4 8.863452188E-05 3.165518639E-05
253.6 8.870640714E-05 -1.102120568E-20
253.8 8.877840909E-05 -3.170657468E-05
254 8.250406174E-05 4.759849716E-05
254.2 8.257113821E-05 1.587906504E-05
254.4 8.263832384E-05 1.285524782E-20
254.6 8.906758958E-05 7.952463355E-05
254.8 8.91401793E-05 3.183577832E-05
255 8.921288744E-05 -3.186174551E-05
255.2 8.290816327E-05 -3.18877551E-05
255.4 8.935866013E-05 3.191380719E-05
255.6 8.304374489E-05 3.193990188E-05
255.8 7.671849427E-05 1.598301964E-05
256 6.398443898E-05 -1.599610975E-05
256.2 7.044057377E-05 -1.600922131E-05
256.4 6.408941756E-05 -1.602235439E-05
256.6 7.697044335E-05 -3.207101806E-05
256.8 7.70336894E-05 -1.604868529E-05
257 7.709703947E-05 -1.606188322E-05
257.2 7.716049383E-05 1.607510288E-05
257.4 9.009472817E-05 1.608834432E-05
257.6 9.016900247E-05 -3.220321517E-05
257.8 9.024339934E-05 -1.611489274E-05
258 7.741535921E-05 -1.606487337E-20
258.2 7.747933884E-05 -4.842458678E-05
258.4 5.815756824E-05 -6.461952026E-05
258.6 5.17384106E-05 -4.850475993E-05
258.8 4.53086164E-05 1.618164872E-05
259 4.534618574E-05 3.239013267E-05
259.2 3.890041494E-05 -1.620850622E-05
259.4 4.542151163E-05 -1.622196844E-05
259.6 4.54592685E-05 4.87063591E-05
259.8 5.199667221E-05 3.249792013E-05
260 5.854496253E-05 -6.014313917E-20
260.2 6.510416667E-05 -3.255208333E-05
260.4 7.167431193E-05 -3.257923269E-05
260.6 7.825542571E-05 3.260642738E-05
260.8 7.832080201E-05 4.895050125E-05
261 7.838628763E-05 8.165238294E-05
261.2 7.845188285E-05 6.537656904E-05
261.4 9.16038526E-05 -1.635783082E-05
261.6 9.822925398E-05 1.637154233E-05
261.8 0.0001179739933 3.277055369E-05
262 0.0001180730479 -1.639903442E-05
262.2 0.000131302521 -3.282563025E-05
262.4 0.0001445542473 -1.642661901E-05
262.6 0.0001578282828 2.593867862E-21
262.8 0.0001777064027 -1.645429655E-05
263 0.0001976180438 -3.293634064E-05
263.2 0.0002175632911 -4.944620253E-05
263.4 0.0002309438345 -6.59839527E-05
263.6 0.0002443469992 -4.952979713E-05
263.8 0.0002577728426 -1.652390017E-05
264 0.0002646062659 3.307578323E-05
264.2 0.0002714512712 1.655190678E-05
264.4 0.0002849342663 -6.626378287E-05
264.6 0.0002984401528 -4.974002547E-05
264.8 0.0002920560748 1.659409516E-05
265 0.0002856611395 1.660820578E-05
265.2 0.0002859042553 1.082242625E-20
265.4 0.0002861477853 5.743396472E-21
265.6 0.0002863917306 1.665068201E-05
265.8 0.0002799701365 -3.229978522E-20
266 0.0002868808711 -2.125686619E-20
266.2 0.0002804487179 -3.033861556E-20
266.4 0.0002740055603 -3.341531223E-05
266.6 0.0002675513699 -3.344392123E-05
266.8 0.0002677806341 -9.985151914E-21
267 0.0002680102916 1.675064322E-05
267.2 0.0002749463519 1.676502146E-05
267.4 0.0002751825601 1.67794244E-05
267.6 0.0002821367154 -1.875276149E-20
267.8 0.0002958261618 -1.680830465E-05
268 0.0003095391904 1.682278208E-05
268.2 0.0003030711207 1.683728448E-05
268.4 0.0003100733391 -1.685181191E-05
268.6 0.0003035945596 1.686636442E-05
268.8 0.000290352204 1.688094209E-05
269 0.0002906033737 -1.689554498E-05
269.2 0.0002976190476 -1.832804697E-20
269.4 0.0002911070191 1.692482669E-05
269.6 0.000291359497 1.693950564E-05
269.8 0.0002983940972 5.086263021E-05
270 0.0002918657689 5.090682016E-05
270.2 0.000285326087 3.39673913E-05
270.4 0.0002855744125 3.399695387E-05
270.6 0.0002790178571 1.701328397E-05
270.8 0.0002724498692 1.702811683E-05
271 0.0002658704188 1.704297557E-05
271.2 0.000259279476 -3.14303588E-20
271.4 0.0002526770105 1.185736724E-20
271.6 0.0002460629921 5.211200346E-20
271.8 0.0002394373905 2.937749229E-20
272 0.0002328001753 1.993466684E-21
272.2 0.0002261513158 1.090066016E-20
272.4 0.0002194907814 -3.429543459E-05
272.6 0.0002196836555 -1.716278559E-05
272.8 0.000219876869 5.153364116E-05
273 0.0002063160211 3.438600352E-05
273.2 0.0001927312775 -1.720814978E-05
273.4 0.0001860119048 -1.722332451E-05
273.6 0.0001792806708 -9.072172167E-21
273.8 0.0001725375442 -1.725375442E-05
274 0.0001726900973 1.726900973E-05
274.2 0.0001728429204 3.456858407E-05
274.4 0.0001729960142 3.459920283E-05
274.6 0.0001731493794 6.925975177E-05
274.8 0.0001733030169 1.733030169E-05
275 0.0001803952043 -3.469138544E-05
275.2 0.0001875 -8.680555556E-05
275.4 0.0001946174377 -0.0001216358986
275.6 0.0001947907391 2.023380027E-20
275.8 0.0001949643494 8.703765597E-05
276 0.0001951382694 1.635248661E-20
276.2 0.0001953125 -5.231584821E-05
276.4 0.000195487042 -5.578444028E-21
276.6 0.0001956618962 -3.493962433E-05
276.8 0.0001958370636 -1.74854521E-05
277 0.0001890120968 1.750112007E-05
277.2 0.0001821748879 4.111821386E-20
277.4 0.0001753254039 -4.097923307E-22
277.6 0.000175482929 1.75482929E-05
277.8 0.0001756407374 5.269222122E-05
278 0.0001687668767 3.515976598E-05
278.2 0.0001618806306 3.519144144E-05
278.4 0.0001549819657 1.761158702E-05
278.6 0.0001480708484 1.356320157E-20
278.8 0.0001411472448 1.76434056E-05
279 0.0001342111212 7.722682326E-23
279.2 0.0001272624434 4.903488081E-20
279.4 0.0001273777174 -3.538269928E-05
279.6 0.0001345761559 -7.082955576E-05
279.8 0.0001346982759 3.577684121E-20
280 0.0001348206176 2.505531173E-21
280.2 0.0001349431818 -3.551136364E-05
280.4 0.0001350659691 5.33155141E-05
280.6 0.00013518898 7.115209472E-05
280.8 0.0001353122151 1.780423883E-05
281 0.0001211792883 3.564096715E-05
281.2 0.0001141552511 5.351027397E-05
281.4 0.0001071183729 3.570612431E-05
281.6 0.0001000686185 1.786939616E-05
281.8 9.300595238E-05 -1.688933262E-20
282 8.593033914E-05 -1.790215399E-05
282.2 7.167431193E-05 -3.583715596E-05
282.4 7.891414141E-05 -3.587006428E-05
282.6 8.616727941E-05 1.471038286E-20
282.8 7.905933763E-05 -3.593606256E-05
283 7.193830571E-05 -7.193830571E-05
283.2 7.200460829E-05 -1.800115207E-05
283.4 7.207103321E-05 3.603551661E-05
283.6 7.213758079E-05 1.80343952E-05
283.8 7.220425139E-05 -3.610212569E-05
284 7.949814986E-05 -7.227104533E-05
284.2 7.957175926E-05 -7.233796296E-05
284.4 7.96455051E-05 -3.620250232E-05
284.6 7.971938776E-05 1.811804267E-05
284.8 7.979340761E-05 -4.681811868E-20
285 7.986756506E-05 -1.815171933E-05
285.2 7.26744186E-05 -1.72714713E-20
285.4 8.001629423E-05 -6.648291543E-20
285.6 8.009086673E-05 -2.294963071E-20
285.8 8.016557836E-05 -3.643889925E-05
286 7.2945845E-05 -5.470938375E-05
286.2 7.301401869E-05 -1.825350467E-05
286.4 7.308231993E-05 5.481173994E-05
286.6 7.315074906E-05 5.48630618E-05
286.8 7.321930647E-05 3.660965323E-05
287 7.32879925E-05 1.832199812E-05
287.2 8.069248826E-05 -2.095894203E-20
287.4 7.342575188E-05 -4.034748381E-21
287.6 7.349482596E-05 -1.746112878E-20
287.8 6.620762712E-05 5.51730226E-05
288 5.89066918E-05 3.681668238E-05
288.2 5.159198113E-05 -1.842570755E-05
288.4 4.426345609E-05 -1.84431067E-05
288.6 3.69210775E-05 5.011955364E-21
288.8 2.956480605E-05 -1.251807188E-20
289 2.219460227E-05 -7.463363401E-21
289.2 2.221563981E-05 -3.702606635E-05
289.4 1.482447818E-05 3.670326115E-20
289.6 7.419278253E-06 3.709639126E-05
289.8 7.426330798E-06 1.8565827E-05
290 7.433396765E-06 3.716698382E-05
290.2 7.44047619E-06 -1.860119048E-05
290.4 7.447569113E-06 -3.723784557E-05
290.6 7.454675573E-06 1.863668893E-05
290.8 7.461795606E-06 3.730897803E-05
291 7.468929254E-06 3.734464627E-05
291.2 7.476076555E-06 5.607057416E-05
291.4 7.483237548E-06 3.741618774E-05
291.6 7.490412272E-06 -4.863844347E-21
291.8 7.497600768E-06 1.874400192E-05
292 7.504803074E-06 1.876200768E-05
292.2 7.512019231E-06 1.878004808E-05
292.4 7.519249278E-06 9.399061598E-05
292.6 7.526493256E-06 0.0001128973988
292.8 7.533751205E-06 7.533751205E-05
293 7.541023166E-06 0.0001131153475
293.2 7.548309179E-06 5.661231884E-05
293.4 1.511121857E-05 3.777804642E-05
293.6 1.512584705E-05 3.781461762E-05
293.8 3.028100775E-05 5.677688953E-05
294 3.788797284E-05 3.788797284E-05
294.2 4.550970874E-05 -5.688713592E-05
294.4 5.31462585E-05 -1.898080661E-05
294.6 5.31979572E-05 1.899927043E-05
294.8 6.085686465E-05 1.90177702E-05
295 6.853070175E-05 -9.518153021E-05
295.2 7.62195122E-05 -7.62195122E-05
295.4 7.629394531E-05 9.536743164E-05
295.6 8.400537634E-05 5.727639296E-05
295.8 8.408757339E-05 5.73324364E-05
296 8.416993144E-05 7.651811949E-05
296.2 8.425245098E-05 -3.829656863E-05
296.4 8.433513248E-05 -3.833415113E-05
296.6 9.209233792E-05 7.674361493E-05
296.8 9.218289086E-05 0.0001152286136
297 9.227362205E-05 3.844734252E-05
297.2 9.236453202E-05 5.772783251E-05
297.4 9.24556213E-05 0.0001155695266
297.6 9.254689042E-05 0.000115683613
297.8 8.491847826E-05 3.85993083E-05
298 8.50024728E-05 -3.863748764E-05
298.2 8.508663366E-05 3.867574257E-05
298.4 8.517096135E-05 3.871407334E-05
298.6 7.750496032E-05 1.937624008E-05
298.8 6.982373386E-05 9.697740814E-05
299 6.989314115E-05 1.941476143E-05
299.2 6.996268657E-05 -7.773631841E-05
299.4 7.003237052E-05 -3.162889247E-20
299.6 7.010219342E-05 3.894566301E-05
299.8 7.796906188E-05 7.796906188E-05
300 7.024225774E-05 0.0001170704296
300.2 7.03125E-05 7.8125E-05
300.4 7.038288288E-05 5.86524024E-05
300.6 9.393787575E-05 1.957039078E-05
300.8 0.0001018681043 1.959002006E-05
301 0.0001019703815 1.960968876E-05
301.2 0.0001020728643 7.851758794E-05
301.4 9.431589537E-05 7.859657948E-05
301.6 8.654330312E-05 5.900679758E-05
301.8 6.300403226E-05 0.0001181325605
302 5.518415742E-05 -5.912588295E-05
302.2 3.945707071E-05 -0.0001775568182
302.4 3.159757331E-05 -7.899393327E-05
302.6 3.162955466E-05 -1.976847166E-05
302.8 2.374620061E-05 -9.894250253E-05
303 1.584685598E-05 -3.961713996E-05
303.2 7.931472081E-06 0.0001189720812
303.4 7.93953252E-06 7.93953252E-05
303.6 7.947609359E-06 3.97380468E-05
303.8 7.955702648E-06 -1.484732215E-20
304 7.963812436E-06 -9.954765545E-05
304.2 7.971938776E-06 -9.964923469E-05
304.4 7.980081716E-06 -3.990040858E-05
304.6 0 -1.997060327E-05
304.8 0 -1.999104401E-05
305 0 2.001152664E-05
305.2 0 1.031681051E-20
305.4 0 -2.005261807E-05
305.6 8.029290853E-06 -4.014645427E-05
305.8 1.607510288E-05 -6.02816358E-05
306 2.413748713E-05 -2.011457261E-05
306.2 2.416237113E-05 4.027061856E-05
306.4 2.41873065E-05 2.015608875E-05
306.6 2.421229339E-05 -8.070764463E-05
306.8 1.61582213E-05 -8.079110651E-05
307 1.617494824E-05 -0.0001415307971
307.2 2.428756477E-05 -0.0001214378238
307.4 3.241701245E-05 1.648615485E-19
307.6 1.622533749E-05 -1.219544434E-21
307.8 8.121101871E-06 -2.030275468E-05
308 8.129552549E-06 4.064776275E-05
308.2 8.138020833E-06 4.615962271E-20
308.4 8.146506778E-06 -0.0001425638686
308.6 8.155010438E-06 -0.0001631002088
308.8 1.632706374E-05 -6.122648903E-05
309 1.634414226E-05 -8.35862073E-20
309.2 1.636125654E-05 -4.090314136E-05
309.4 8.189203354E-06 -5.862854056E-20
309.6 1.639559286E-05 8.197796432E-05
309.8 2.461922269E-05 -2.051601891E-05
310 2.464511041E-05 -0.0001232255521
310.2 2.467105263E-05 -4.111842105E-05
310.4 2.469704953E-05 6.174262381E-05
310.6 1.648206751E-05 6.180775316E-05
310.8 8.249736008E-06 -1.074603568E-20
311 1.651691332E-05 -1.357726069E-20
311.2 2.48015873E-05 -2.066798942E-05
311.4 1.655190678E-05 -8.27595339E-05
311.6 8.284729586E-06 -2.071182397E-05
311.8 0 0.0001036690552
312 0 8.302337938E-05
312.2 0 2.077792553E-05
312.4 0 0.0001248003195
312.6 0 0.000145755597
312.8 8.337780149E-06 6.253335112E-05
313 8.346688034E-06 -2.086672009E-05
313.2 0 -2.088903743E-05
313.4 0 2.091140257E-05
313.6 0 -2.093381565E-05
313.8 0 -6.286883047E-05
314 0 -2.097878625E-05
314.2 0 1.910512082E-20
314.4 0 -1.244775153E-20
314.6 0 4.209321121E-05
314.8 0 6.32079288E-05
315 0 4.218412527E-05
315.2 0 6.334459459E-05
315.4 0 -4.017189318E-20
315.6 8.464247021E-06 2.116061755E-05
315.8 0 0.0001059178416
316 8.482627579E-06 4.241313789E-05
316.2 0 -2.122961957E-05
316.4 8.501088139E-06 1.253018395E-20
316.6 8.510348584E-06 6.382761438E-05
316.8 1.703925845E-05 -2.129907306E-05
317 1.705786026E-05 -8.528930131E-05
317.2 2.56147541E-05 -6.403688525E-05
317.4 2.564277899E-05 2.136898249E-05
317.6 3.422782037E-05 2.139238773E-05
317.8 3.426535088E-05 -4.28316886E-05
318 4.287870472E-05 -6.431805708E-05
318.2 5.151098901E-05 -6.438873626E-05
318.4 6.016226623E-05 -4.29730473E-05
318.6 6.883259912E-05 4.302037445E-05
318.8 7.752205072E-05 6.460170893E-05
319 6.898454746E-05 -8.623068433E-05
319.2 6.906077348E-05 -2.158149171E-05
319.4 6.049502212E-05 8.642146018E-05
319.6 5.1910299E-05 -2.162929125E-05
319.8 5.196784922E-05 -6.495981153E-05
320 5.202552719E-05 -7.304899348E-21
320.2 5.208333333E-05 0.0001085069444
320.4 6.083147942E-05 6.517658509E-05
320.6 6.089922049E-05 -4.349944321E-05
320.8 6.967670011E-05 6.532190635E-05
321 8.719308036E-05 6.539481027E-05
321.2 0.0001047486034 -2.18226257E-05
321.4 0.0001223434004 -2.184703579E-05
321.6 0.0001312290034 -6.561450168E-05
321.8 0.0001401345291 -0.0001313761211
322 0.000140291807 -8.768237935E-05
322.2 0.0001492275281 -2.194522472E-05
322.4 0.0001581833521 4.393982002E-05
322.6 0.0001583614865 8.79786036E-05
322.8 0.0001585400225 -2.201944758E-05
323 0.0001587189616 -4.408860045E-05
323.2 0.0001588983051 6.620762712E-05
323.4 0.000167915724 -5.659655444E-20
323.6 0.0001769535674 -8.847678369E-05
323.8 0.0001860119048 -6.044210691E-20
324 0.0002039585698 2.216940976E-05
324.2 0.0002130681818 4.438920455E-05
324.4 0.0002133105802 2.22198521E-05
324.6 0.0002313496583 -2.224515945E-05
324.8 0.000231613455 -4.454104903E-05
325 0.0002407962329 -4.459189498E-05
325.2 0.0002410714286 2.232142857E-05
325.4 0.0002502860412 6.704090389E-05
325.6 0.0002505727377 -1.375872261E-20
325.8 0.0002598193807 -8.959288991E-05
326 0.0002601176808 -8.969575201E-05
326.2 0.0002783764368 -4.489942529E-05
326.4 0.0002876869965 -2.247554661E-05
326.6 0.0003060195853 -4.500288018E-05
326.8 0.0003243944637 -2.252739331E-05
327 0.0003337904157 2.255340647E-05
327.2 0.0003341763006 6.773843931E-05
327.4 0.0003345630787 -5.621789043E-20
327.6 0.0003440034762 -9.052723059E-05
327.8 0.0003534657773 -0.0001132903132
328 0.0003538763066 -9.073751452E-05
328.2 0.000363372093 -4.542151163E-05
328.4 0.0003637951106 2.273719441E-05
328.6 0.0003642191142 6.084481337E-21
328.8 0.0003646441074 -4.558051342E-05
329 0.0003650700935 -2.281688084E-05
329.2 0.0003746345029 -4.56871345E-05
329.4 0.000375073185 -2.287031616E-05
329.6 0.0003846717468 5.694285736E-20
329.8 0.0003759536385 -2.292400235E-05
330 0.0003763954172 -0
330.2 0.0003768382353 -2.297794118E-05
330.4 0.0003864840989 -2.300500589E-05
330.6 0.0003869398585 -2.303213443E-05
330.8 0.000396620425 -6.917798111E-05
331 0.0003970892435 1.401180224E-20
331.2 0.0003975591716 -2.311390533E-05
331.4 0.0003980302133 -4.628258294E-05
331.6 0.0003985023725 1.414182715E-21
331.8 0.0003989756532 -6.958877672E-05
332 0.000418029132 -9.289536266E-05
332.2 0.0004092261905 -4.228892583E-20
332.4 0.000391090584 -2.327920143E-05
332.6 0.000410202864 -9.322792363E-05
332.8 0.0004013590203 1.825358231E-20
333 0.0004018391148 -2.336273923E-05
333.2 0.0004116766467 -4.678143713E-05
333.4 0.0004121702638 -7.025629496E-05
333.6 0.000412665066 -7.034063625E-05
333.8 0.0004037710337 6.15054432E-20
334 0.0004042569194 -4.700661853E-05
334.2 0.0004047439759 -9.412650602E-05
334.4 0.0004052322075 -9.424004825E-05
334.6 0.0004057216184 -9.435386473E-05
334.8 0.0004156590085 -2.361698912E-05
335 0.0003972457627 4.729116223E-05
335.2 0.0003977272727 -1.814447168E-20
335.4 0.0003982099515 2.37029733E-05
335.6 0.0003986938032 4.7463548E-05
335.8 0.00040868309 4.752128954E-05
336 0.0003996650426 1.289470542E-20
336.2 0.000400152439 -4.763719512E-05
336.4 0.0003911019536 -2.38476801E-05
336.6 0.0003820293399 5.127042441E-20
336.8 0.0003729345165 4.303168781E-20
337 0.000363817402 2.393535539E-05
337.2 0.0003450920245 2.559118832E-20
337.4 0.0003359183047 -9.346804573E-22
337.6 0.0003267220172 -2.402367774E-05
337.8 0.0003271243842 -2.405326355E-05
338 0.0003178945746 6.815988263E-20
338.2 0.000318287037 5.056778492E-20
338.4 0.0003283374536 2.414245983E-05
338.6 0.0003287438119 -4.834467822E-05
338.8 0.0003291511772 -7.260687732E-05
339 0.0003295595533 -4.84646402E-05
339.2 0.0003299689441 -7.278726708E-05
339.4 0.000340096393 -4.8585199E-05
339.6 0.0003307907846 4.184889525E-20
339.8 0.0003214619701 4.820973557E-20
340 0.0003121098627 -1.096519418E-20
340.2 0.000302734375 -2.44140625E-05
340.4 0.0002933354193 3.396227089E-20
340.6 0.0002839129073 4.242417621E-20
340.8 0.0002744667503 4.141384187E-20
341 0.0002649968593 2.453674623E-05
341.2 0.0002653301887 4.913522013E-05
341.4 0.000255824937 7.379565491E-05
341.6 0.0002462957125 2.462957125E-05
341.8 0.0002367424242 2.466066919E-05
342 0.000227164981 2.469184576E-05
342.2 0.0002175632911 -2.472310127E-05
342.4 0.0002079372624 -7.426330798E-05
342.6 0.000198286802 -2.478585025E-05
342.8 0.000188611817 2.481734435E-05
343 0.0001888517812 2.484891858E-05
343.2 0.0001791401274 2.488057325E-05
343.4 0.000169403699 3.073083938E-20
343.6 0.000159642401 -2.494412516E-05
343.8 0.0001598465473 -2.497602302E-05
344 0.0001500480154 2.575485309E-20
344.2 0.000140224359 8.065653242E-21
344.4 0.0001303754814 1.069580911E-20
344.6 0.0001205012853 -4.695223721E-20
344.8 0.0001206563707 -2.513674389E-05
345 0.000110744201 -2.314057403E-20
345.2 0.0001008064516 -7.060147976E-20
345.4 9.084302326E-05 -5.046834625E-05
345.6 8.08538163E-05 5.123471221E-20
345.8 7.083873057E-05 6.473201688E-20
346 6.079766537E-05 -2.533236057E-05
346.2 5.073051948E-05 2.090873884E-20
346.4 4.063719116E-05 2.539824447E-05
346.6 3.051757812E-05 5.086263021E-05
346.8 2.037157757E-05 -2.546447197E-05
347 1.019908616E-05 -7.649314621E-05
347.2 0 2.553104575E-05
347.4 0 2.556446335E-05
347.6 0 -2.559796855E-05
347.8 0 -2.563156168E-05
348 0 -2.56652431E-05
348.2 0 4.161775392E-20
348.4 0 3.735529849E-20
348.6 0 -8.944807126E-21
348.8 0 -2.580085865E-05
349 0 4.977210818E-20
349.2 0 -1.306230426E-20
349.4 0 2.590351459E-05
349.6 0 5.187583001E-05
349.8 0 -2.597240691E-05
350 0 -4.644080757E-21
350.2 0 5.208333333E-05
350.4 0 2.607643525E-05
350.6 0 -1.407347423E-20
350.8 0 -5.526715444E-20
351 0 -5.236260054E-05
351.2 0 -7.864932886E-05
351.4 0 -7.875504032E-05
351.6 0 -5.257402423E-05
351.8 0 -2.632243935E-05
352 0 -2.635796221E-05
352.2 0 -2.007311862E-20
352.4 0 -3.161900124E-20
352.6 0 2.024672731E-21
352.8 0 -2.756246586E-20
353 0 -4.959936212E-20
353.2 0 2.657312925E-05
353.4 0 2.660933243E-05
353.6 0 -2.664563438E-05
353.8 0 -5.336407104E-05
354 0 -5.34370725E-05
354.2 0 6.032539307E-21
354.4 0 5.358367627E-05
354.6 0 2.682864011E-05
354.8 0 -3.591783313E-20
355 0 2.690254821E-05
355.2 0 2.367315352E-20
355.4 0 -2.697686464E-05
355.6 0 -5.402835408E-05
355.8 0 -2.70515928E-05
356 0 2.708911234E-05
356.2 0 -2.177147592E-20
356.4 0 2.716446453E-05
356.6 0 8.160689415E-05
356.8 0 -2.72402371E-05
357 0 4.803500624E-21
357.2 0 8.19493007E-05
357.4 0 2.735469188E-05
357.6 0 -2.73930575E-05
357.8 0 2.74315309E-05
358 0 5.494022504E-05
358.2 0 5.355353821E-20
358.4 0 5.509520451E-05
358.6 0 -1.176462012E-19
358.8 0 2.762553041E-05
359 0 -5.532932011E-05
359.2 0 -5.540780142E-05
359.4 0 2.774325284E-05
359.6 0 -3.860156529E-20
359.8 0 5.564458689E-05
360 0 2.786198288E-05
360.2 0 2.790178571E-05
360.4 0 2.794170243E-05
360.6 1.119269341E-05 5.596346705E-05
360.8 0 2.802187948E-05
361 1.122485632E-05 8.418642241E-05
361.2 0 8.430755396E-05
361.4 1.125720461E-05 2.814301153E-05
361.6 1.127344877E-05 2.818362193E-05
361.8 1.128973988E-05 2.848054644E-20
362 1.130607815E-05 5.653039074E-05
362.2 1.132246377E-05 2.830615942E-05
362.4 1.133889695E-05 2.834724238E-05
362.6 1.135537791E-05 3.091751161E-20
362.8 0 3.229595358E-21
363 0 -5.694241983E-05
363.2 0 -5.702554745E-05
363.4 0 -3.799297087E-20
363.6 1.143850659E-05 2.859626647E-05
363.8 1.145527859E-05 2.863819648E-05
364 1.147209985E-05 -5.736049927E-05
364.2 1.148897059E-05 -2.872242647E-05
364.4 1.150589102E-05 -2.876472754E-05
364.6 1.152286136E-05 3.371288389E-21
364.8 1.153988183E-05 5.769940916E-05
365 1.155695266E-05 5.778476331E-05
365.2 1.157407407E-05 2.893518519E-05
365.4 1.159124629E-05 -4.419462606E-20
365.6 1.160846954E-05 5.84044091E-20
365.8 0 8.022820354E-20
366 1.164307004E-05 -5.526915969E-20
366.2 1.166044776E-05 -2.91511194E-05
366.4 1.167787743E-05 2.919469357E-05
366.6 1.169535928E-05 8.771519461E-05
366.8 1.171289355E-05 5.856446777E-05
367 1.173048048E-05 -5.86524024E-05
367.2 1.17481203E-05 -8.811090226E-05
367.4 1.176581325E-05 -2.941453313E-05
367.6 2.356711916E-05 -1.48937106E-20
367.8 3.540407855E-05 2.950339879E-05
368 4.727685325E-05 2.954803328E-05
368.2 4.734848485E-05 8.68021418E-20
368.4 4.742033384E-05 -5.92754173E-05
368.6 4.749240122E-05 -2.644630436E-20
368.8 3.567351598E-05 2.910638646E-20
369 4.763719512E-05 2.977324695E-05
369.2 4.770992366E-05 4.227811349E-20
369.4 4.778287462E-05 2.660057198E-20
369.6 4.7856049E-05 2.991003063E-05
369.8 4.792944785E-05 -5.991180982E-05
370 4.80030722E-05 -3.000192012E-05
370.2 4.807692308E-05 -2.893586051E-20
370.4 4.815100154E-05 3.009437596E-05
370.6 4.822530864E-05 3.01408179E-05
370.8 4.829984544E-05 -5.23163113E-20
371 3.628095975E-05 -3.482708617E-20
371.2 4.84496124E-05 -3.639041448E-21
371.4 4.852484472E-05 -3.032802795E-05
371.6 4.860031104E-05 -3.03751944E-05
371.8 4.867601246E-05 3.500169637E-21
372 4.875195008E-05 2.790800528E-20
372.2 4.8828125E-05 2.526227781E-20
372.4 4.890453834E-05 3.056533646E-05
372.6 4.898119122E-05 3.061324451E-05
372.8 4.905808477E-05 -3.066130298E-05
373 4.913522013E-05 8.185442497E-21
373.2 4.921259843E-05 3.075787402E-05
373.4 4.929022082E-05 -3.080638801E-05
373.6 4.936808847E-05 -1.903201848E-20
373.8 4.944620253E-05 -2.49221788E-20
374 3.714342314E-05 3.095285261E-05
374.2 4.96031746E-05 8.23924203E-20
374.4 4.968203498E-05 -3.105127186E-05
374.6 4.97611465E-05 9.330214968E-05
374.8 4.984051037E-05 6.230063796E-05
375 4.99201278E-05 -3.120007987E-05
375.2 5E-05 -6.25E-05
375.4 5.008012821E-05 3.130008013E-05
375.6 3.762038523E-05 6.270064205E-05
375.8 5.024115756E-05 -1.0552555E-19
376 5.032206119E-05 -6.290257649E-05
376.2 5.040322581E-05 -6.300403226E-05
376.4 5.048465267E-05 -2.590345774E-20
376.6 5.056634304E-05 6.474019309E-21
376.8 5.064829822E-05 -6.331037277E-05
377 5.073051948E-05 -6.341314935E-05
377.2 5.081300813E-05 3.175813008E-05
377.4 3.81718241E-05 -3.180985342E-05
377.6 5.097879282E-05 -3.186174551E-05
377.8 5.10620915E-05 -3.191380719E-05
378 5.114566285E-05 -3.196603928E-05
378.2 3.842213115E-05 -1.761015189E-20
378.4 2.565681445E-05 -6.414203612E-05
378.6 1.284950658E-05 -9.637129934E-05
378.8 1.287067545E-05 -0.0001608834432
379 1.289191419E-05 1.466746496E-20
379.2 1.291322314E-05 9.684917355E-05
379.4 1.293460265E-05 -1.528983406E-20
379.6 1.295605307E-05 -6.478026534E-05
379.8 1.297757475E-05 -6.488787375E-05
380 0 -3.249792013E-05
380.2 0 -3.255208333E-05
380.4 0 -3.260642738E-05
380.6 0 -3.266095318E-05
380.8 0 -3.920377537E-21
381 0 -3.277055369E-05
381.2 0 -6.56512605E-05
381.4 0 -6.576178451E-05
381.6 0 -6.587268128E-05
381.8 0 -6.59839527E-05
382 0 2.897390622E-20
382.2 0 3.310381356E-05
382.4 0 2.164563498E-20
382.6 0 -3.167474079E-20
382.8 0 1.850139094E-21
383 0 4.797277683E-20
383.2 0 2.927541011E-20
383.4 0 -4.389457875E-20
383.6 0 -4.396340114E-20
383.8 0 4.782086526E-20
384 0 -3.361660929E-05
384.2 0 -8.400117031E-20
384.4 0 3.373272884E-05
384.6 0 9.80793747E-21
384.8 0 7.594202701E-20
385 0 1.717298265E-20
385.2 0 -9.183371148E-20
385.4 0 -4.130495971E-20
385.6 0 -6.810348555E-22
385.8 0 -8.702829022E-21
386 0 1.534020392E-20
386.2 0 -2.38856828E-20
386.4 0 2.588286626E-20
386.6 0 -1.361403804E-20
386.8 0 -1.928795571E-21
387 0 -3.450750883E-05
387.2 0 -8.046618405E-21
387.4 0 3.462987589E-05
387.6 0 -5.584859464E-21
387.8 0 6.782533395E-20
388 0 3.334239285E-21
388.2 0 -9.101124294E-21
388.4 0 3.183802499E-20
388.6 0 -3.500224014E-05
388.8 0 9.315355414E-22
389 0 3.512814748E-05
389.2 0 -8.105632385E-20
389.4 0 -2.496841763E-20
389.6 0 -2.199399475E-20
389.8 0 -5.048726696E-20
390 0 1.371527297E-21
390.2 0 1.117045669E-19
390.4 0 -3.557604736E-05
390.6 0 3.098718643E-20
390.8 0 3.570612431E-05
391 0 -1.833412496E-20
391.2 0 7.974737782E-20
391.4 0 3.590303309E-05
391.6 0 3.596915285E-05
391.8 0 5.630569174E-20
392 0 1.967660592E-20
392.2 0 6.614491019E-20
392.4 0 9.723566298E-21
392.6 0 -3.196902144E-20
392.8 0 -4.851610561E-21
393 0 -3.643889925E-05
393.2 0 -3.650700935E-05
393.4 0 3.657537453E-05
393.6 0 3.664399625E-05
393.8 0 1.919596933E-20
394 0 3.47416157E-20
394.2 0 5.273730938E-20
394.4 0 3.69210775E-05
394.6 0 7.398200758E-05
394.8 0 7.412239089E-05
395 0 3.713165399E-05
395.2 0 -3.720238095E-05
395.4 0 -7.454675573E-05
395.6 0 1.737370623E-20
395.8 0 7.483237548E-05
396 0 7.497600768E-05
396.2 0 3.756009615E-05
396.4 0 -3.763246628E-05
396.6 0 -3.770511583E-05
396.8 0 -5.733221897E-20
397 0 -3.785125969E-05
397.2 0 -3.792475728E-05
397.4 0 3.799854086E-05
397.6 0 7.614522417E-05
397.8 0 3.814697266E-05
398 0 -6.185400632E-20
398.2 0 -3.829656863E-05
398.4 0 -3.837180747E-05
398.6 0 3.844734252E-05
398.8 0 -7.280209611E-20
399 0 -3.85993083E-05
399.2 0 -3.867574257E-05
399.4 0 -7.750496032E-05
399.6 0 -3.882952286E-05
399.8 0 3.890687251E-05
400 0 3.898453094E-05
400.2 0 5.224309595E-20
400.4 0 -7.828156313E-05
400.6 0 -7.843875502E-05
400.8 0 -1.222550291E-19
401 0 7.875504032E-05
401.2 0 7.891414141E-05
401.4 0 7.907388664E-05
401.6 0 7.923427992E-05
401.8 0 0.0001190929878
402 0 0.0001193355397
402.2 0 -4.301692037E-20
402.4 0 -9.101673068E-20
402.6 0 5.391336715E-20
402.8 0 1.185698575E-19
403 0 0.000200938786
403.2 0 0.0002416237113
403.4 1.614152893E-05 -4.035382231E-05
403.6 3.234989648E-05 -0.0001617494824
403.8 4.862551867E-05 -8.104253112E-05
404 6.496881497E-05 4.060550936E-05
404.2 6.510416667E-05 8.138020833E-05
404.4 6.524008351E-05 -5.303558222E-20
404.6 8.17207113E-05 -3.931067947E-20
404.8 9.827044025E-05 -4.094601677E-05
405 0.0001148897059 -4.103203782E-05
405.2 0.0001151315789 4.111842105E-05
405.4 0.0001153744726 -4.120516878E-05
405.6 0.0001156183932 -8.25845666E-05
405.8 0.0001158633475 -4.137976695E-05
406 0.0001161093418 4.146762208E-05
406.2 0.000116356383 -1.45721156E-19
406.4 0.0001166044776 -0.0001249333689
406.6 0.0001168536325 -8.346688034E-05
406.8 0.0001171038544 4.182280514E-05
407 0.0001173551502 4.629458065E-20
407.2 0.0001008064516 -7.369813416E-20
407.4 0.0001010237069 -4.209321121E-05
407.6 8.436825054E-05 -5.779521155E-20
407.8 8.45508658E-05 5.293352834E-21
408 0.000101681128 -4.236713666E-05
408.2 0.0001019021739 0.0002122961957
408.4 0.000102124183 0.0002127587146
408.6 0.0001023471616 8.528930131E-05
408.8 0.000102571116 4.273796499E-05
409 0.0001370614035 4.28316886E-05
409.2 0.000154532967 4.292582418E-05
409.4 0.0001720814978 -8.60407489E-05
409.6 0.0001897075055 -5.194859815E-20
409.8 0.0002074115044 4.321073009E-05
410 0.0002251940133 5.258599546E-20
410.2 0.0002430555556 0.0001302083333
410.4 0.0002609966592 8.699888641E-05
410.6 0.0002790178571 -8.719308036E-05
410.8 0.0002971196868 -0.0001310822148
411 0.0003153026906 -0.0001313761211
411.2 0.0003335674157 -8.778089888E-05
411.4 0.0003343186937 -8.79786036E-05
411.6 0.0003527088036 -0.0001322658014
411.8 0.0003711821267 -8.837669683E-05
412 0.000389739229 -4.428854875E-05
412.2 0.000390625 2.655246181E-20
412.4 0.0003915148064 8.898063781E-05
412.6 0.0003745719178 0.0001783675799
412.8 0.0003575514874 0.0002234696796
413 0.0003225344037 0.0001343893349
413.2 0.0003232758621 4.489942529E-05
413.4 0.0002880184332 -9.000576037E-05
413.6 0.0003067263279 -9.021362587E-05
413.8 0.0002893518519 4.521122685E-05
414 0.0002718967517 -4.531612529E-05
414.2 0.0002543604651 -9.084302326E-05
414.4 0.0002367424242 -9.105477855E-05
414.6 0.0002372955607 -4.563376168E-05
414.8 0.0002378512881 4.574063232E-05
415 0.0002384096244 -4.584800469E-05
415.2 0.0002573529412 -9.191176471E-05
415.4 0.0002395341981 -4.606426887E-05
415.6 0.00025856974 4.617316785E-05
415.8 0.0002406694313 4.628258294E-05
416 0.0002597980998 -4.735001625E-20
416.2 0.0002604166667 9.300595238E-05
416.4 0.0002796837709 9.322792363E-05
416.6 0.0002803528708 9.345095694E-05
416.8 0.0002810251799 9.367505995E-05
417 0.0002817007212 -8.879405854E-20
417.2 0.0002823795181 -9.412650602E-05
417.4 0.0002830615942 -4.717693237E-05
417.6 0.0002837469734 3.751758959E-20
417.8 0.0002844356796 -1.261047264E-20
418 0.0002851277372 4.752128954E-05
418.2 0.0002667682927 4.763719512E-05
418.4 0.0002483190709 4.775366748E-05
418.6 0.0002297794118 4.787071078E-05
418.8 0.0002303439803 4.798832924E-05
419 0.0002116687192 4.810652709E-05
419.2 0.0001929012346 -5.544582429E-20
419.4 0.0001740408416 4.834467822E-05
419.6 0.0001550868486 4.84646402E-05
419.8 0.0001360385572 4.8585199E-05
420 0.0001168952618 9.74127182E-05
420.2 9.765625E-05 4.8828125E-05
420.4 7.832080201E-05 1.755825127E-19
420.6 5.888819095E-05 -4.907349246E-05
420.8 5.903652393E-05 4.919710327E-05
421 3.945707071E-05 9.864267677E-05
421.2 1.977848101E-05 6.721403667E-20
421.4 1.98286802E-05 -4.957170051E-05
421.6 3.975826972E-05 -9.93956743E-05
421.8 5.978954082E-05 4.693320606E-20
422 7.992327366E-05 0.0001498561381
422.2 0.0001001602564 0.0001001602564
422.4 0.0001205012853 2.814818616E-20
422.6 0.0001409471649 2.481412173E-20
422.8 0.000161498708 0.0001009366925
423 0.0001619170984 0.0002023963731
423.2 0.0001623376623 0.000101461039
423.4 0.0001831054688 5.086263021E-05
423.6 0.0002039817232 -5.703783649E-20
423.8 0.0002249672775 -5.11289267E-05
424 0.0002460629921 -5.126312336E-05
424.2 0.0002672697368 -5.139802632E-05
424.4 0.0002885883905 4.410868543E-20
424.6 0.0003100198413 5.653224402E-20
424.8 0.0003315649867 -1.022783532E-19
425 0.000353224734 0.0001038896277
425.2 0.0003541666667 0.00015625
425.4 0.0003760026738 0.0001044451872
425.6 0.0003770107239 5.236260054E-05
425.8 0.0003990255376 -3.479628555E-20
426 0.0004211590296 -1.065526974E-19
426.2 0.0004434121622 0.0001055743243
426.4 0.0004657859079 -6.332210419E-20
426.6 0.00048828125 -0.0001592221467
426.8 0.0005321866485 -5.321866485E-05
427 0.0005549863388 -1.353607222E-19
427.2 0.0005779109589 0.0001070205479
427.4 0.0006009615385 7.227793803E-21
427.6 0.0006026170799 -5.380509642E-05
427.8 0.0006258632597 -5.395372928E-05
428 0.0006492382271 -0.0002164127424
428.2 0.0006727430556 -0.0002712673611
428.4 0.0006963788301 -0.0002720229805
428.6 0.000720146648 -0.0001636696927
428.8 0.000744047619 -0.0001094187675
429 0.0007680828652 -5.48630618E-05
429.2 0.0007922535211 -5.501760563E-05
429.4 0.0008165607345 -0.0001655190678
429.6 0.0008410056657 -0.0001659879603
429.8 0.0008655894886 -0.0001109730114
430 0.0008903133903 -0.0001112891738
430.2 0.0009151785714 -0.0001116071429
430.4 0.0009401862464 -0.0001678904011
430.6 0.0009653376437 -5.612428161E-05
430.8 0.0009681195965 5.628602305E-05
431 0.0009709176301 -5.644869942E-05
431.2 0.0009737318841 -5.661231884E-05
431.4 0.0009765625 5.836158495E-22
431.6 0.000979409621 -8.208952521E-20
431.8 0.0009822733918 0.0001142178363
432 0.0009851539589 0.0001145527859
432.2 0.0009880514706 -0.0001148897059
432.4 0.001014011799 -0.0001728429204
432.6 0.00104012574 -1.184384567E-19
432.8 0.001043212166 5.795623145E-05
433 0.001046316964 -8.996044491E-20
433.2 0.001049440299 -5.830223881E-05
433.4 0.001052582335 -5.847679641E-05
433.6 0.001055743243 -5.86524024E-05
433.8 0.001058923193 -0.0001176581325
434 0.001062122356 -1.156560715E-20
434.2 0.001065340909 -1.532462675E-20
434.4 0.001092325228 -5.936550152E-05
434.6 0.001095655488 -5.95464939E-05
434.8 0.001099006116 -0.0001194571865
435 0.001102377301 -5.991180982E-05
435.2 0.001081730769 2.679760036E-20
435.4 0.00106095679 -1.126507274E-19
435.6 0.00104005418 -1.226573508E-20
435.8 0.001019021739 6.06560559E-05
436 0.0009978582555 -7.015386362E-20
436.2 0.001000976563 -6.103515625E-05
436.4 0.0009796238245 6.122648903E-05
436.6 0.0009335691824 0.0001228380503
436.8 0.0009118690852 5.792694845E-21
437 0.0009147547468 -6.180775316E-05
437.2 0.0009424603175 1.56086738E-20
437.4 0.0009454617834 1.055189677E-19
437.6 0.0009484824281 -6.240015974E-05
437.8 0.0009515224359 -6.260016026E-05
438 0.0009294614148 -1.449366976E-19
438.2 0.0009072580645 6.300403226E-05
438.4 0.0008596278317 6.32079288E-05
438.6 0.0008370535714 -6.341314935E-05
438.8 0.0008143322476 -0.0001272394137
439 0.0008425245098 6.382761438E-05
439.2 0.000794057377 0.0001280737705
439.4 0.0007452713816 6.424753289E-05
439.6 0.0006961633663 -3.941827766E-20
439.8 0.0006725993377 -6.467301325E-05
440 0.0006488787375 -6.488787375E-05
440.2 0.0006510416667 -6.510416667E-05
440.4 0.0006532190635 -6.532190635E-05
440.6 0.0006554110738 -6.554110738E-05
440.8 0.0006313131313 -6.576178451E-05
441 0.0006070523649 -6.59839527E-05
441.2 0.0005561440678 -7.54532182E-20
441.4 0.000531462585 2.60372508E-20
441.6 0.000506612628 -9.287168245E-20
441.8 0.0004815924658 -1.031717459E-19
442 0.0004295532646 7.069104654E-21
442.2 0.0003771551724 -1.731708205E-19
442.4 0.0003243944637 -1.660168862E-19
442.6 0.0002712673611 7.402422577E-21
442.8 0.0002177700348 6.805313589E-05
443 0.000191215035 -1.424178976E-19
443.2 0.0001644736842 -6.853070175E-05
443.4 0.0001375440141 -1.088494888E-19
443.6 0.0001104240283 6.901501767E-05
443.8 8.311170213E-05 -3.251956461E-21
444 5.560498221E-05 -6.950622776E-05
444.2 2.790178571E-05 -4.826232074E-20
444.4 0 -1.633011359E-19
444.6 0 7.025629496E-05
444.8 0 -5.911632319E-20
445 0 -0.0001415307971
445.2 0 -2.671984337E-20
445.4 0 0.0002138458029
445.6 0 7.154304029E-05
445.8 0 -7.180606618E-05
446 0 -5.304231295E-20
446.2 0 7.233796296E-05
446.4 0 -4.319761944E-21
446.6 0 -7.287779851E-05
446.8 0 -9.698001356E-20
447 0 -7.342575188E-05
447.2 0 -7.370283019E-05
447.4 0 -1.828020354E-19
447.6 0 -1.500831239E-19
447.8 0 -7.454675573E-05
448 0 -7.483237548E-05
448.2 0 9.793595797E-21
448.4 0 -9.901843486E-20
448.6 0 4.957647915E-20
448.8 0 3.180464787E-20
449 0 -8.110556453E-21
449.2 0 -2.217924725E-19
449.4 0 -7.026299214E-22
449.6 0 1.199353911E-19
449.8 0 -1.230702522E-19
450 0 -1.951224539E-19
450.2 0 -6.776206113E-20
450.4 0 5.812131326E-20
450.6 0 7.565736506E-21
450.8 0 -6.085570521E-21
451 0 -7.875604435E-20
451.2 0 8.532480732E-20
451.4 0 -8.928454639E-20
451.6 0 4.094988986E-20
451.8 0 -5.725625706E-20
452 0 -1.098134159E-19
452.2 0 -2.051831428E-19
452.4 0 -1.289909749E-19
452.6 0 4.955508534E-20
452.8 0 1.515074851E-19
453 0 -1.212080915E-19
453.2 0 -2.545879447E-19
453.4 0 3.615771595E-20
453.6 0 7.919164518E-20
453.8 0 -7.24013636E-20
454 0 -8.369195985E-20
454.2 0 -2.554485114E-19
454.4 0 8.820533798E-20
454.6 0 1.418845897E-19
454.8 0 -2.130398319E-19
455 0 8.764119332E-20
455.2 0 1.341987466E-20
455.4 0 -2.088595905E-19
455.6 0 -1.936976808E-19
455.8 0 -3.572483018E-20
456 0 -4.010010395E-21
456.2 0 -1.061091721E-19
456.4 0 -2.714270643E-19
456.6 0 -2.273646475E-20
456.8 0 1.719748751E-19
457 0 9.04224537E-05
457.2 0 0.0001816860465
457.4 0 0.0001825350467
457.6 0 0.0001833920188
457.8 0 9.212853774E-05
458 0 9.256516588E-05
458.2 0 0.0001860119048
458.4 0 -2.884436641E-20
458.6 0 -0.0002817007212
458.8 0 -0.0001887077295
459 0 9.48118932E-05
459.2 0 -1.441474422E-19
459.4 0 -0.0001914828431
459.6 0 -0.0001924261084
459.8 0 -9.668935644E-05
460 0 -3.712834671E-20
460.2 0 0.0001953125
460.4 0 0.0001962939698
460.6 0 -2.781908539E-19
460.8 0 -9.914340102E-05
461 0 -1.176901326E-20
461.2 0 0.0002003205128
461.4 0 -6.968568763E-20
461.6 0 -0.0002023963731
461.8 0 -0.0001017252604
462 0 -3.304887795E-19
462.2 0 -1.601858595E-19
462.4 0 -6.31162539E-20
462.6 0 3.482226036E-21
462.8 0 8.479562963E-20
463 0 -9.349874611E-20
463.2 0 8.988709068E-20
463.4 0 -2.212525017E-20
463.6 0 -1.214481207E-19
463.8 0 -2.068425607E-19
464 0 -2.254163918E-19
464.2 0 -1.417928319E-19
464.4 0 -1.538496052E-19
464.6 0 -1.895938363E-19
464.8 0 -1.393640693E-19
465 0 3.681782616E-20
465.2 0 4.14953233E-20
465.4 0 1.500391377E-21
465.6 0 6.098998668E-20
465.8 0 0.0001135537791
466 0 0.0001142178363
466.2 0 8.977758821E-20
466.4 0 -9.125294541E-20
466.6 0 -3.311097403E-19
466.8 0 -4.867657152E-20
467 0 -0.0001176581325
467.2 0 -0.0001183712121
467.4 0 9.944691342E-21
467.6 0 -2.555151885E-19
467.8 0 -0.0001205632716
468 0 -0.0001213121118
468.2 0 -4.370689218E-19
468.4 0 -1.162679809E-19
468.6 0 -2.151631655E-19
468.8 0 0.0001244028662
469 0 0.0001252003205
469.2 0 -0.0001260080645
469.4 0 -3.75399142E-19
469.6 0 -1.404794956E-19
469.8 0 -0.0001284950658
470 0 -4.509134459E-20
470.2 0 -2.768484019E-19
470.4 0 -1.170470088E-19
470.6 0 0.0001319679054
470.8 0 -2.264498737E-19
471 0 -0.0001337756849
471.2 0 4.879720703E-20
471.4 0 0.0001356336806
471.6 0 0.0001365821678
471.8 0 -0.0002750880282
472 0 -0.0002770390071
472.2 0 0.0001395089286
472.4 0 -2.724373854E-19
472.6 0 -0.0001415307971
472.8 0 -1.769301043E-19
473 0 0.0001436121324
473.2 0 0.0002893518519
473.4 0 -5.558442286E-20
473.6 5.87406015E-05 1.178315262E-19
473.8 0.0001183712121 0.0001479640152
474 0.0001789122137 -1.074363359E-19
474.2 0.0002403846154 0.0001502403846
474.4 0.0003028100775 0.0003028100775
474.6 0.0003662109375 0.0003051757813
474.8 0.0004306102362 0.0003075787402
475 0.0004340277778 0.0001550099206
475.2 0.0004375 -0.0003125
475.4 0.0004410282258 -0.0003150201613
475.6 0.0004446138211 -0.0003175813008
475.8 0.0003842213115 -0.0004802766393
476 0.0003873966942 -0.0003228305785
476.2 0.0003255208333 -0.0001627604167
476.4 0.000262605042 3.909284365E-19
476.6 0.0001986228814 2.406083775E-19
476.8 0.0001335470085 8.481435209E-20
477 6.734913793E-05 0.0001683728448
477.2 6.793478261E-05 0.000339673913
477.4 0 0.0001713267544
477.6 0 0.0001728429204
477.8 0 0.0001743861607
478 0 -0.0003519144144
478.2 0 -0.0005326704545
478.4 0 -0.0001791857798
478.6 0 -3.619130278E-20
478.8 0 4.989345118E-20
479 0 2.681049545E-19
479.2 0 2.46636708E-19
479.4 0 5.220826719E-19
479.6 0 3.897235543E-19
479.8 0 2.992560398E-19
480 0 4.502488962E-19
480.2 0 1.249883271E-19
480.4 0 3.579688664E-19
480.6 0 0.0001992984694
480.8 0 0.0002013530928
481 0 0.0002034505208
481.2 0 0.0002055921053
481.4 0 1.693187875E-19
481.6 0 5.667169709E-19
481.8 0 -0.0002122961957
482 0 -0.0002146291209
482.2 0 -0.0002170138889
482.4 0 -0.0002194522472
482.6 0 0.0002219460227
482.8 0 0.0004489942529
483 0 0.0004542151163
483.2 0 0.0004595588235
483.4 0 0.0004650297619
483.6 0 0.0007059487952
483.8 0 0.0004763719512
484 0 5.49402833E-19
484.2 0 1.421530533E-19
484.4 0 -0.0002472310127
484.6 0 -0.000250400641
484.8 0 1.867402195E-19
485 0 6.041132072E-19
485.2 0 -1.381002234E-19
485.4 0 4.567561278E-19
485.6 0 0.0002675513699
485.8 0 0.0005425347222
486 0 0.0002750880282
486.2 0 -9.585169193E-20
486.4 0 1.984283276E-19
486.6 0 3.176974918E-19
486.8 0 1.490898034E-19
487 0 1.114140995E-19
487.2 0 4.506104348E-19
487.4 0 1.483365096E-19
487.6 0 5.420221906E-19
487.8 0 4.665240926E-19
488 0 4.418488064E-19
488.2 0 -3.741970681E-19
488.4 0 3.266415748E-20
488.6 0 8.673390243E-19
488.8 0 9.798786462E-19
489 0 1.309479959E-18
489.2 0 1.402646767E-18
489.4 0 8.977679658E-19
489.6 0 5.304373595E-19
489.8 0 5.793489352E-19
490 0 -0.0003829656863
490.2 0 -0.00078125
490.4 0 -0.0007971938776
490.6 0 -0.0008138020833
490.8 0 -0.0008311170213
491 0 -0.0008491847826
491.2 0 -0.0004340277778
491.4 0 1.369228493E-18
491.6 0 6.423753693E-19
491.8 0 0.0004650297619
492 0 0.0004763719512
492.2 0 1.726263457E-18
492.4 0 0.0005008012821
492.6 0 0.0005139802632
492.8 0 -9.650374725E-21
493 0 -0.001085069444
493.2 0 -0.001674107143
493.4 0 -0.0005744485294
493.6 0 -0.0005918560606
493.8 0 -0.0006103515625
494 0 -4.669694545E-19
494.2 0 -1.633290489E-18
494.4 0 -1.203600894E-18
494.6 0 3.822021977E-20
494.8 0 0.0007233796296
495 0 0.0007512019231
495.2 0 -0.00078125
495.4 0 3.302412605E-19
495.6 0 0.0008491847826
495.8 0 -0.0008877840909
496 0 -0.0009300595238
496.2 0 -1.747544893E-18
496.4 0 -6.247429546E-19
496.6 0 1.274289613E-18
496.8 0 1.884470738E-18
497 0 1.008712267E-18
497.2 0 2.869839845E-18
497.4 0 9.569091744E-19
497.6 0 8.445012774E-19
497.8 0 3.982109549E-18
498 0 3.829418473E-18
498.2 0 -1.151341061E-18
498.4 0 1.686706084E-18
498.6 0 -4.413097905E-19
498.8 0 4.672980787E-18
499 0 2.85133907E-18
499.2 0 -3.686476134E-18
499.4 0 -3.881862526E-18
499.6 0 -1.037159927E-17
499.8 0 7.852604223E-19
500 0 3.524299384E-17
