0 0.007384546182 5.466563375E-05
0.2 0.0065125 0.00146875
0.4 0.00606492597 0.0003829656863
0.6 0.005688926141 0.0004456690352
0.8 0.005365813977 0.0004614912895
1 0.005080003005 0.0003208258213
1.2 0.004800225451 0.0003052980962
1.4 0.004548416199 0.0003367456897
1.6 0.004340277778 0.0002350330927
1.8 0.0041601876 0.0002508025682
2 0.003967407668 0.0001803367122
2.2 0.003796435743 0.000172565261
2.4 0.003593938329 0.0002981870229
2.6 0.003428959003 0.0001962545217
2.8 0.003263847004 0.0001413600724
3 0.003104887369 7.85649638E-05
3.2 0.002970950704 -5.501760563E-05
3.4 0.002852631844 -7.862822061E-06
3.6 0.002721632098 2.359796617E-05
3.8 0.002622003425 -7.082242143E-05
4 0.002519145506 -1.574465941E-05
4.2 0.002406754032 6.300403226E-05
4.4 0.002294271884 -4.727208552E-05
4.6 0.002191157183 -7.881860371E-06
4.8 0.00210372931 6.308033912E-05
5 0.002009920234 -2.802461189E-20
5.2 0.001906565657 7.891414141E-06
5.4 0.001806285368 7.89460388E-06
5.6 0.001721719571 -2.36933886E-05
5.8 0.001652887338 7.9009911E-06
6 0.001583999393 1.965692324E-20
6.2 0.001515055668 7.907388664E-06
6.4 0.001452384569 -2.248325283E-20
6.6 0.001392828201 -2.374138979E-05
6.8 0.001336390353 -1.583400892E-05
7 0.001298915247 7.920214923E-06
7.2 0.001232885396 -3.169371197E-05
7.4 0.001182655235 -8.719308036E-05
7.6 0.001132384287 -0.0001189479294
7.8 0.001101111901 -0.00016659474
8 0.001072988623 -0.0001745987403
8.2 0.001041666667 -0.000182609248
8.4 0.001003965026 -0.0001509124644
8.6 0.0009725895037 -8.740591945E-05
8.8 0.0009252899878 -1.58984534E-05
9 0.0008874949104 -2.825282534E-20
9.2 0.0008464867617 -4.773421589E-05
9.4 0.0008181795029 -0.0001034662795
9.6 0.0007994037913 -7.165970241E-05
9.8 0.0007774265905 -3.982718189E-05
10 0.000771368829 -4.78121175E-05
10.2 0.0007525510204 -3.985969388E-05
10.4 0.000733717844 -4.785116374E-05
10.6 0.000714869281 -7.180606618E-05
10.8 0.0007055833674 -5.587198611E-05
11 0.0006867078904 -3.193990188E-05
11.2 0.0006646216769 -7.189417178E-05
11.4 0.0006457139935 -6.393207856E-05
11.6 0.0006171970937 -3.997390503E-05
11.8 0.0005982545045 -2.399416462E-05
12 0.0005696947972 -2.400399426E-05
12.2 0.0005635245902 -4.002305328E-05
12.4 0.0005541461665 -8.808681837E-05
12.6 0.0005479645201 -0.0001922682527
12.8 0.000551395158 -0.0001362458966
13 0.0005548286125 -2.405326355E-05
13.2 0.0005518480493 -4.010523614E-05
13.4 0.000552074774 -6.419474117E-05
13.6 0.0005490906289 -4.816584464E-05
13.8 0.000542891653 -0.0001284950658
14 0.0005366875771 -0.0001124794323
14.2 0.0005272633745 -4.01877572E-05
14.4 0.0005274804446 -7.236774393E-05
14.6 0.0005244800247 -6.435337727E-05
14.8 0.0005214771323 -5.633240626E-05
15 0.0005184717642 -4.025401896E-05
15.2 0.0005154639175 -8.054123711E-06
15.4 0.0005124535891 -4.834467822E-05
15.6 0.0005094407759 -4.030385885E-05
15.8 0.0004999741949 -2.419229975E-05
16 0.0004937267658 -4.840458488E-05
16.2 0.0004874741736 -3.228305785E-05
16.4 0.000474757131 -8.074100868E-06
16.6 0.0004620295699 -4.84646402E-05
16.8 0.0004622207282 -4.848469177E-05
17 0.0004494774421 8.084126656E-06
17.2 0.0004528985507 -3.234989648E-05
17.4 0.0004433771748 4.854494615E-05
17.6 0.0004306102362 8.094177373E-05
17.8 0.000424310738 1.619506633E-05
18 0.0004212463708 8.100891746E-06
18.2 0.0004181794606 1.620850622E-05
18.4 0.0004086239103 4.053808634E-05
18.6 0.000405549211 2.433295266E-05
18.8 0.0003959804736 8.114353968E-05
19 0.000379909601 0.0001298836243
19.2 0.0003638253638 0.0001218165281
19.4 0.0003509775374 9.74937604E-05
19.6 0.0003381190179 5.689502705E-05
19.8 0.0003219972939 -2.599918615E-20
20 0.0003058621408 -3.253852561E-05
20.2 0.000302734375 -5.696614583E-05
20.4 0.0002963474364 -6.513130471E-05
20.6 0.0002866972477 -3.257923269E-05
20.8 0.000283557572 -1.629641218E-05
21 0.0002771546327 2.896032514E-21
21.2 0.0002740083507 -1.631002088E-05
21.4 0.00026106934 -6.5267335E-05
21.6 0.0002546489762 -8.16182616E-05
21.8 0.0002514893395 -8.165238294E-06
22 0.0002417921372 1.633730657E-05
22.2 0.0002288179916 -2.451621339E-05
22.4 0.0002158329845 -6.54039347E-05
22.6 0.0002093802345 -7.361023869E-05
22.8 0.0001996491412 -9.818810222E-05
23 0.0002062814334 -8.185771165E-05
23.2 0.0001965408805 -4.094601677E-05
23.4 0.0001999003775 -8.192638423E-05
23.6 0.0002032626941 -9.015684012E-05
23.8 0.0002033480269 -5.739662049E-05
24 0.0001903086938 -5.742072659E-05
24.2 0.0001871060924 -7.385766807E-05
24.4 0.0001806168558 -0.0001067281421
24.6 0.0001774074853 -0.0001396262616
24.8 0.0001676220025 -9.038441313E-05
25 0.0001676925505 -5.754156145E-05
25.2 0.0001710526316 -9.868421053E-05
25.4 0.0001744155434 -0.0001398615206
25.6 0.0001810735356 -0.0001399204593
25.8 0.0001811498735 -9.057493676E-05
26 0.0001812262758 -9.061313792E-05
26.2 0.0001813027426 -0.0001236155063
26.4 0.000178081469 -8.244512453E-05
26.6 0.0001814558699 -4.948796453E-05
26.8 0.0001848331221 -4.125739332E-05
27 0.0001981191885 -1.650993238E-05
27.2 0.0002081131078 -8.25845666E-06
27.4 0.0002048963621 -4.130975042E-05
27.6 0.0002016768938 -1.653089293E-05
27.8 0.0001984546994 -4.134472904E-05
28 0.0001985387548 -7.445203304E-05
28.2 0.0002019332627 -5.793167373E-05
28.4 0.0002020188639 -5.795623145E-05
28.6 0.0002054177269 -2.484891858E-05
28.8 0.0002088194739 1.766370956E-20
29 0.0002055921053 2.487001273E-05
29.2 0.0002089968153 4.452979977E-22
29.4 0.000215723237 -3.318819031E-05
29.6 0.0002191351466 -8.300573736E-06
29.8 0.0002225499575 -8.304102891E-06
30 0.0002292907274 -1.66152701E-05
30.2 0.000236037234 -2.95272081E-21
30.4 0.0002427894849 -2.494412516E-05
30.6 0.0002495474872 -3.32729983E-05
30.8 0.0002596399659 -2.496538134E-05
31 0.0002597506394 -3.330136402E-05
31.2 0.0002665245203 -4.164445629E-05
31.4 0.0002666382253 -8.332444539E-06
31.6 0.0002700864277 -5.001600512E-05
31.8 0.0002702017506 -8.339560205E-05
32 0.0002703171721 -8.343122597E-06
32.2 0.0002704326923 -2.50400641E-05
32.4 0.0002672082086 -6.680205216E-05
32.6 0.0002773470915 -5.847679641E-05
32.8 0.000274122807 -4.178701326E-05
33 0.0002742401541 -5.940833822E-21
33.2 0.0002643201285 5.855192719E-05
33.4 0.0002577388603 4.184072408E-05
33.6 0.0002545006429 5.860212173E-05
33.8 0.0002512596484 5.025192967E-05
34 0.000248015873 -2.976788462E-21
34.2 0.0002481223176 -8.38251073E-06
34.4 0.0002415199657 7.634570901E-21
34.6 0.0002382678265 2.51691366E-05
34.8 0.0002350128921 -9.363208202E-21
35 0.0002283963887 1.167823315E-20
35.2 0.0002217741935 5.040322581E-05
35.4 0.0002151462995 7.563737091E-05
35.6 0.000205149591 3.36310805E-05
35.8 0.0001985088286 8.411391042E-06
36 0.0001918623438 -1.683003016E-05
36.2 0.0001885775862 -2.525592672E-05
36.4 0.0001819210867 -2.526681759E-05
36.6 0.0001786292062 -5.898134167E-05
36.8 0.0001753344842 -8.429542512E-06
37 0.0001686636442 1.686636442E-05
37.2 0.000158612311 -1.687365011E-05
37.4 0.0001485522904 -1.688094209E-05
37.6 0.0001452388673 8.44412019E-06
37.8 0.0001317852509 3.001251689E-21
38 0.0001318422761 -2.535428386E-05
38.2 0.0001217532468 -2.536525974E-05
38.4 0.0001184224773 -5.075249026E-05
38.6 0.0001117038562 -5.923689341E-05
38.8 0.0001015929779 -2.539824447E-05
39 9.486123157E-05 8.469752819E-06
39.2 8.812364425E-05 6.020732238E-21
39.4 8.138020833E-05 3.011672701E-21
39.6 7.46309162E-05 8.480785931E-06
39.8 6.787576021E-05 -3.014289272E-20
40 6.111473272E-05 1.697631465E-05
40.2 5.434782609E-05 -6.033820786E-21
40.4 4.757503262E-05 -2.548662462E-05
40.6 4.419604003E-05 -8.499238468E-06
40.8 4.081410535E-05 -1.700587723E-05
41 3.742922474E-05 -8.506641986E-06
41.2 3.404139434E-05 -2.553104575E-05
41.4 3.065061029E-05 -1.702811683E-05
41.6 3.407108591E-05 8.517771478E-06
41.8 3.067735602E-05 4.260743892E-05
42 2.728066347E-05 5.1151244E-05
42.2 2.729257642E-05 2.558679039E-05
42.4 2.389143731E-05 8.532656182E-06
42.6 2.390187937E-05 -4.268192745E-05
42.8 2.391233056E-05 -1.708023612E-05
43 2.39227909E-05 8.543853893E-06
43.2 2.735229759E-05 -1.7095186E-05
43.4 3.078480736E-05 -7.696201839E-05
43.6 3.079829172E-05 -7.69957293E-05
43.8 3.081178791E-05 -5.135297984E-05
44 3.767536168E-05 -2.56877466E-05
44.2 3.426535088E-05 -1.47937343E-20
44.4 3.428038613E-05 -1.704505252E-20
44.6 3.086589113E-05 8.573858648E-06
44.8 2.744839701E-05 -1.715524813E-05
45 2.746045694E-05 -1.716278559E-05
45.2 2.747252747E-05 -2.575549451E-05
45.4 2.748460862E-05 -2.576682058E-05
45.6 2.405961285E-05 -2.577815662E-05
45.8 2.407020246E-05 -3.438600352E-05
46 2.408080141E-05 -2.580085865E-05
46.2 2.409140969E-05 -2.581222467E-05
46.4 2.754517409E-05 -2.582360071E-05
46.6 3.100198413E-05 -2.583498677E-05
46.8 3.446184385E-05 -2.584638288E-05
47 3.447705207E-05 -3.447705207E-05
47.2 3.104304636E-05 -3.449227373E-05
47.4 2.760600707E-05 -3.450750883E-05
47.6 2.761820592E-05 -2.589206805E-05
47.8 2.417661362E-05 1.58961696E-20
48 2.0731977E-05 1.185381588E-20
48.2 1.728429204E-05 -2.592643805E-05
48.4 1.729194334E-05 -4.322985834E-05
48.6 2.07595217E-05 -2.594940213E-05
48.8 2.42301728E-05 8.653633141E-06
49 2.770390071E-05 7.310104404E-21
49.2 3.118070953E-05 -2.598392461E-05
49.4 3.466060337E-05 -3.466060337E-05
49.6 3.467598757E-05 -2.600699068E-05
49.8 3.469138544E-05 -1.734569272E-05
50 3.123611728E-05 -1.735339849E-05
50.2 3.125E-05 -1.736111111E-05
50.4 3.126389506E-05 8.684415296E-06
50.6 3.127780249E-05 2.606483541E-05
50.8 2.781486426E-05 1.738429016E-05
51 2.434884239E-05 2.608804541E-05
51.2 2.087973274E-05 4.349944321E-05
51.4 1.740753119E-05 4.351882799E-05
51.6 1.741529202E-05 3.483058404E-05
51.8 1.742305977E-05 2.613458965E-05
52 1.743083445E-05 3.48616689E-05
52.2 1.395089286E-05 2.615792411E-05
52.4 1.395712372E-05 1.744640464E-05
52.6 1.396336014E-05 3.490840036E-05
52.8 1.396960215E-05 1.746200268E-05
53 1.397584973E-05 4.654893048E-21
53.2 1.747762864E-05 3.495525727E-05
53.4 1.74854521E-05 3.497090421E-05
53.6 1.749328258E-05 2.623992387E-05
53.8 1.750112007E-05 4.375280018E-05
54 1.750896459E-05 2.626344688E-05
54.2 1.751681614E-05 1.751681614E-05
54.4 1.752467474E-05 2.628701211E-05
54.6 1.753254039E-05 4.383135099E-05
54.8 1.754041311E-05 2.631061967E-05
55 1.75482929E-05 1.75482929E-05
55.2 1.755617978E-05 3.511235955E-05
55.4 1.756407374E-05 8.782036871E-06
55.6 1.757197481E-05 -1.757197481E-05
55.8 1.757988299E-05 -4.394970747E-05
56 1.758779829E-05 -6.155729401E-05
56.2 1.759572072E-05 -5.278716216E-05
56.4 1.760365029E-05 -4.400912573E-05
56.6 1.761158702E-05 -3.522317403E-05
56.8 1.76195309E-05 -4.404882724E-05
57 1.762748195E-05 -3.52549639E-05
57.2 1.410835214E-05 -8.81772009E-06
57.4 1.411472448E-05 -1.76434056E-05
57.6 1.412110258E-05 -2.647706733E-05
57.8 1.412748644E-05 -1.765935805E-05
58 1.060040706E-05 -8.833672546E-06
58.2 1.060520362E-05 -1.767533937E-05
58.4 7.073336351E-06 -6.189169307E-05
58.6 3.538269928E-06 -2.653702446E-05
58.8 0 1.769936565E-05
59 0 -8.85369447E-06
59.2 0 -1.77154195E-05
59.4 0 -2.658518603E-05
59.6 0 -3.546300499E-05
59.8 3.54791099E-06 -2.660933243E-05
60 3.549522944E-06 -1.774761472E-05
60.2 7.102272727E-06 4.731064025E-21
60.4 1.065825375E-05 8.881878126E-06
60.6 1.066310282E-05 -8.885919017E-06
60.8 1.422394174E-05 -1.777992717E-05
61 1.423041894E-05 1.778802368E-05
61.2 1.423690205E-05 1.779612756E-05
61.4 1.424339107E-05 2.057059563E-20
61.6 1.4249886E-05 1.617128494E-20
61.8 1.069229015E-05 1.070966906E-20
62 7.131446828E-06 3.565723414E-05
62.2 1.070205479E-05 3.567351598E-05
62.4 1.427592508E-05 2.676735952E-05
62.6 1.785306216E-05 2.677959324E-05
62.8 2.143347051E-05 3.572245085E-05
63 1.786939616E-05 3.573879231E-05
63.2 1.787757437E-05 2.681636156E-05
63.4 1.788576007E-05 1.788576007E-05
63.6 1.789395328E-05 -8.946976638E-06
63.8 2.148258478E-05 -5.370646196E-05
64 2.507450711E-05 -3.582072444E-05
64.2 2.866972477E-05 1.791857798E-05
64.4 3.226824231E-05 1.792680128E-05
64.6 3.587006428E-05 -4.483758035E-05
64.8 3.588654111E-05 -6.280144695E-05
65 4.308363971E-05 3.948780391E-21
65.2 4.66954023E-05 8.979885057E-06
65.4 5.390409384E-05 1.796803128E-05
65.6 6.111942016E-05 3.595260009E-05
65.8 5.755064457E-05 -1.343175633E-20
66 6.477429756E-05 -1.366317475E-20
66.2 6.120391705E-05 4.500288018E-05
66.4 6.123213462E-05 8.882483327E-21
66.6 5.765682657E-05 -2.702663745E-05
66.8 5.407821874E-05 2.703910937E-05
67 4.688942752E-05 5.41031856E-05
67.2 4.691108545E-05 5.412817552E-05
67.4 4.69327634E-05 3.610212569E-05
67.6 4.69544614E-05 -0
67.8 5.058973173E-05 -2.7101642E-05
68 4.699791763E-05 1.926578594E-20
68.2 4.340277778E-05 -2.248715617E-20
68.4 4.342288096E-05 -2.71393006E-05
68.6 3.982275255E-05 -9.050625579E-06
68.8 3.621928605E-05 -6.130552337E-21
69 3.623608534E-05 -8.426271465E-21
69.2 3.262761021E-05 6.439808728E-21
69.4 3.264275766E-05 9.067432683E-06
69.6 3.265791918E-05 2.094882043E-20
69.8 3.26730948E-05 -3.630343866E-05
70 3.632031613E-05 1.816015807E-05
70.2 3.270348837E-05 4.542151163E-05
70.4 3.635411819E-05 1.81770591E-05
70.6 2.909683426E-05 9.092760708E-06
70.8 2.911038659E-05 9.096995808E-06
71 2.54834576E-05 4.550617428E-05
71.2 1.821095571E-05 7.284382284E-05
71.4 1.093166978E-05 5.465834888E-05
71.6 7.291180588E-06 5.468385441E-05
71.8 3.64729225E-06 8.206407563E-05
72 0 5.473493695E-05
72.2 0 4.563376168E-05
72.4 0 3.652407667E-05
72.6 0 1.622753485E-20
72.8 0 1.827912962E-05
73 3.657537453E-06 2.74315309E-05
73.2 3.659250585E-06 -1.829625293E-05
73.4 3.660965323E-06 -1.830482662E-05
73.6 1.098804501E-05 3.253114817E-21
73.8 1.46575985E-05 9.160999062E-06
74 1.466447677E-05 2.749589395E-05
74.2 1.46713615E-05 4.584800469E-05
74.4 1.46782527E-05 -9.173907938E-06
74.6 1.468515038E-05 -9.178218985E-06
74.8 1.469205454E-05 2.754760226E-05
75 1.837370649E-05 -2.756055974E-05
75.2 1.838235294E-05 -3.676470588E-05
75.4 1.103460452E-05 -2.75865113E-05
75.6 1.103980217E-05 -9.199835139E-06
75.8 1.472667295E-05 1.840834119E-05
76 1.473361622E-05 9.208510137E-06
76.2 1.474056604E-05 -7.370283019E-05
76.4 1.474752242E-05 -7.373761208E-05
76.6 1.106586402E-05 3.688621341E-05
76.8 1.107109117E-05 6.458136514E-05
77 1.107632325E-05 3.69210775E-05
77.2 1.477541371E-05 -9.23463357E-06
77.4 1.478240303E-05 -9.239001892E-06
77.6 1.109204922E-05 -9.243374349E-06
77.8 1.109730114E-05 -1.849550189E-05
78 1.110255803E-05 2.775639507E-05
78.2 1.481042654E-05 2.776954976E-05
78.4 1.481744903E-05 9.260905642E-06
78.6 1.482447818E-05 2.779589658E-05
78.8 1.11236355E-05 6.586515334E-21
79 7.419278253E-06 9.274097816E-06
79.2 3.711401425E-06 2.783551069E-05
79.4 3.713165399E-06 1.8565827E-05
79.6 3.714931051E-06 -1.857465525E-05
79.8 3.716698382E-06 -5.575047574E-05
80 3.718467396E-06 -0
80.2 0 -1.860119048E-05
80.4 0 -6.513518342E-05
80.6 0 -5.585676835E-05
80.8 0 -6.519730567E-05
81 0 -3.727337786E-05
81.2 0 -9.322792363E-06
81.4 0 -9.327244508E-06
81.6 0 -9.331700908E-06
81.8 3.734464627E-06 6.155617262E-21
82 7.472501196E-06 5.604375897E-05
82.2 1.121411483E-05 3.738038278E-05
82.4 1.495931067E-05 -9.349569172E-06
82.6 1.49664751E-05 9.354046935E-06
82.8 1.123023479E-05 -1.871705798E-05
83 1.123561841E-05 -2.808904602E-05
83.2 1.124100719E-05 -1.166541169E-20
83.4 1.124640115E-05 5.563058248E-21
83.6 1.500240038E-05 -1.875300048E-05
83.8 1.876200768E-05 -1.876200768E-05
84 1.877102355E-05 9.385511773E-06
84.2 1.878004808E-05 2.817007212E-05
84.4 1.878908129E-05 4.697270322E-05
84.6 1.503849856E-05 9.399061598E-06
84.8 1.504573905E-05 9.403586904E-06
85 1.128973988E-05 1.881623314E-05
85.2 7.530120482E-06 9.412650602E-06
85.4 3.766875603E-06 2.825156702E-05
85.6 3.768692716E-06 3.347271541E-21
85.8 0 -3.770511583E-05
86 0 -9.776750033E-21
86.2 0 2.830615942E-05
86.4 0 -3.775978734E-05
86.6 0 -3.777804642E-05
86.8 0 -1.007096358E-20
87 0 2.836096321E-05
87.2 3.783292978E-06 2.837469734E-05
87.4 7.570251938E-06 6.723734403E-21
87.6 1.136088221E-05 9.467401842E-06
87.8 1.515518914E-05 -9.47199321E-06
88 1.516254246E-05 -3.790635614E-05
88.2 1.516990291E-05 5.341653962E-21
88.4 1.897158815E-05 2.845738222E-05
88.6 2.277696793E-05 -1.898080661E-05
88.8 2.658604764E-05 3.745171477E-21
89 3.039883268E-05 3.799854086E-05
89.2 3.04136253E-05 -9.504257908E-06
89.4 3.042843233E-05 9.508885102E-06
89.6 3.044325377E-05 5.708110083E-05
89.8 3.426535088E-05 2.855445906E-05
90 4.190029254E-05 2.856838128E-05
90.2 4.573170732E-05 7.62195122E-05
90.4 4.575402635E-05 6.672462177E-05
90.6 4.196166992E-05 -1.907348633E-05
90.8 3.816560821E-05 -9.541402052E-06
91 4.200268817E-05 3.818426197E-05
91.2 4.584352078E-05 2.865220049E-05
91.4 4.586594912E-05 9.555406067E-06
91.6 4.588839941E-05 -3.026204917E-20
91.8 4.591087169E-05 9.564764936E-06
92 4.5933366E-05 -2.818979329E-21
92.2 4.595588235E-05 1.842227584E-22
92.4 4.597842079E-05 -9.578837666E-06
92.6 4.600098135E-05 3.833415113E-05
92.8 4.602356406E-05 3.835297005E-05
93 4.604616896E-05 4.167284585E-21
93.2 4.606879607E-05 -2.982194198E-20
93.4 4.609144543E-05 -2.880715339E-05
93.6 4.995696016E-05 -9.607107723E-06
93.8 4.613681102E-05 -3.120461859E-21
94 5.00061546E-05 -9.616568193E-06
94.2 5.003078818E-05 -9.621305419E-06
94.4 4.620502711E-05 2.659723824E-20
94.6 4.23754931E-05 1.926158777E-05
94.8 3.854218056E-05 -9.635545141E-06
95 3.470508391E-05 -1.928060217E-05
95.2 3.086419753E-05 -9.645061728E-06
95.4 2.701951581E-05 -1.929965415E-05
95.6 1.930919427E-05 -2.89637914E-05
95.8 1.545499505E-05 -1.931874382E-05
96 1.159698169E-05 -9.66415141E-06
96.2 7.735148515E-06 -3.867574257E-05
96.4 7.738979693E-06 -2.902117385E-05
96.6 7.742814668E-06 -2.9035555E-05
96.8 1.161998017E-05 -3.873326723E-05
97 3.875248016E-06 -9.68812004E-06
97.2 0 9.69292804E-06
97.4 0 7.933625511E-21
97.6 0 -2.910767511E-05
97.8 3.882952286E-06 -3.882952286E-05
98 3.884883143E-06 -9.712207857E-06
98.2 3.88681592E-06 4.8585199E-05
98.4 3.888750622E-06 2.916562967E-05
98.6 3.890687251E-06 -1.183396332E-20
98.8 3.89262581E-06 1.946312905E-05
99 3.894566301E-06 3.894566301E-05
99.2 3.896508728E-06 4.87063591E-05
99.4 3.898453094E-06 3.898453094E-05
99.6 3.900399401E-06 9.750998502E-06
99.8 3.902347652E-06 1.951173826E-05
100 3.904297851E-06 5.856446777E-05
100.2 3.90625E-06 2.9296875E-05
100.4 3.908204102E-06 -1.469067588E-20
100.6 7.82032032E-06 9.7754004E-06
100.8 7.824236355E-06 4.890147722E-05
101 1.174223447E-05 8.806675852E-05
101.2 1.56641604E-05 4.895050125E-05
101.4 1.567201605E-05 -9.79501003E-06
101.6 1.567987958E-05 -9.799924737E-06
101.8 1.5687751E-05 5.86162828E-21
102 1.569563034E-05 2.942930688E-05
102.2 1.570351759E-05 2.944409548E-05
102.4 1.571141277E-05 1.963926596E-05
102.6 1.57193159E-05 4.912286217E-05
102.8 1.572722698E-05 1.965903372E-05
103 1.573514602E-05 1.966893253E-05
103.2 1.574307305E-05 4.919710327E-05
103.4 1.575100806E-05 5.906628024E-05
103.6 1.181921331E-05 3.939737771E-05
103.8 1.576690212E-05 4.927156912E-05
104 1.183114589E-05 1.971857648E-05
104.2 1.578282828E-05 -9.864267677E-06
104.4 1.97385043E-05 3.947700859E-05
104.6 2.369817998E-05 2.962272497E-05
104.8 2.371016692E-05 -9.879236216E-06
105 3.162955466E-05 -4.942117915E-05
105.2 3.560126582E-05 -3.955696203E-05
105.4 4.353470111E-05 2.968275076E-05
105.6 4.355676635E-05 1.979853016E-05
105.8 3.961713996E-05 -1.980856998E-05
106 3.963723998E-05 -2.972792998E-05
106.2 3.965736041E-05 -3.965736041E-05
106.4 4.36452514E-05 1.375219761E-21
106.6 4.763719512E-05 -9.92441565E-06
106.8 5.163319776E-05 -4.964730554E-05
107 5.960707019E-05 -3.97380468E-05
107.2 6.361323155E-05 -8.085405735E-22
107.4 5.966776986E-05 9.94462831E-06
107.6 5.969816607E-05 -3.979877738E-05
107.8 6.371049949E-05 -2.986429664E-05
108 7.171086181E-05 9.959841917E-06
108.2 7.573341837E-05 4.982461735E-05
108.4 7.976008167E-05 6.979007147E-05
108.6 7.980081716E-05 2.992530644E-05
108.8 7.984159428E-05 -3.992079714E-05
109 7.988241309E-05 -5.991180982E-05
109.2 7.992327366E-05 -2.997122762E-05
109.4 8.396238485E-05 1.000263555E-20
109.6 8.800563236E-05 -1.145756981E-20
109.8 9.205302254E-05 -2.001152664E-05
110 9.210020502E-05 7.472201308E-21
110.2 9.615384615E-05 1.001602564E-05
110.4 9.620318112E-05 2.00423294E-05
110.6 9.224204312E-05 -4.010523614E-05
110.8 9.228941962E-05 -7.022021058E-05
111 8.832219938E-05 -7.025629496E-05
111.2 8.836760925E-05 -2.008354756E-05
111.4 8.03755144E-05 1.00469393E-05
111.6 7.2375193E-05 -3.015633042E-05
111.8 6.838954686E-05 -1.00572863E-05
112 6.439979392E-05 1.00624678E-05
112.2 6.846005155E-05 -1.006765464E-05
112.4 7.655363589E-05 3.936453478E-21
112.6 8.465557276E-05 2.015608875E-05
112.8 9.276587506E-05 2.016649458E-05
113 0.0001008845558 2.017691116E-05
113.2 0.0001009366925 1.009366925E-05
113.4 0.0001050284385 2.019777663E-05
113.6 0.0001050827729 -2.020822556E-05
113.8 0.0001051371636 -2.248047287E-20
114 0.0001051916106 2.022915588E-05
114.2 0.0001011981865 -3.869943173E-21
114.4 0.000101250648 1.01250648E-05
114.6 9.319891079E-05 -2.026063278E-05
114.8 9.324727556E-05 -1.013557343E-05
115 8.923935618E-05 -1.014083593E-05
115.2 8.522727273E-05 -3.043831169E-05
115.4 8.121101871E-05 -1.015137734E-05
115.6 7.312792512E-05 1.102231202E-20
115.8 6.097164412E-05 -3.048582206E-05
116 4.880270692E-05 -1.016723061E-05
116.2 4.475911458E-05 -1.155424862E-20
116.4 4.071130797E-05 -3.053348098E-05
116.6 3.66592805E-05 -4.073253389E-05
116.8 3.260302556E-05 -3.056533646E-05
117 2.446503132E-05 -2.03875261E-05
117.2 1.631853786E-05 -7.139360313E-05
117.4 2.040882968E-05 -4.081765935E-05
117.6 2.041949817E-05 -5.007464741E-21
117.8 1.225810669E-05 -1.021508891E-05
118 1.226452119E-05 -1.022043433E-05
118.2 8.180628272E-06 -3.067735602E-05
118.4 8.184913567E-06 -4.092456784E-05
118.6 8.189203354E-06 -2.047300839E-05
118.8 8.19349764E-06 -4.09674882E-05
119 4.098898216E-06 -5.12362277E-05
119.2 4.101049869E-06 -1.025262467E-05
119.4 4.103203782E-06 1.816882264E-20
119.6 4.105359958E-06 -6.158039937E-05
119.8 0 -7.188157203E-05
120 0 -5.137098895E-05
120.2 0 -5.139802632E-05
120.4 0 7.086486569E-21
120.6 0 3.087131191E-05
120.8 0 3.088758566E-05
121 0 -1.508661506E-20
121.2 0 -1.030672823E-05
121.4 0 -3.408948933E-21
121.6 0 1.031761754E-05
121.8 0 3.096921247E-05
122 0 1.530436851E-20
122.2 0 -2.066798942E-05
122.4 0 3.101839598E-05
122.6 0 6.206965042E-05
122.8 0 7.245296767E-05
123 0 5.177955992E-05
123.2 0 1.036140584E-05
123.4 0 1.036690552E-05
123.6 0 3.111723314E-05
123.8 0 2.075584485E-05
124 0 -2.076687932E-05
124.2 0 -2.077792553E-05
124.4 0 -1.621615785E-20
124.6 0 -1.040002662E-05
124.8 4.162226958E-06 -1.040556739E-05
125 8.328891258E-06 1.041111407E-05
125.2 1.25E-05 1.041666667E-05
125.4 1.250667022E-05 -3.180886047E-21
125.6 1.668446343E-05 -1.852347545E-21
125.8 2.086672009E-05 -1.043336004E-05
126 2.505344735E-05 -1.04389364E-05
126.2 2.924465241E-05 -3.133355615E-05
126.4 3.344034243E-05 -5.225053505E-05
126.6 3.764052463E-05 -3.136710385E-05
126.8 4.184520621E-05 -6.689881643E-21
127 4.605439443E-05 -2.093381565E-05
127.2 4.607908847E-05 -4.189008043E-05
127.4 4.191255365E-05 -2.095627682E-05
127.6 3.774154589E-05 -2.09675255E-05
127.8 4.19575725E-05 -1.048939313E-05
128 4.617813004E-05 -1.049502955E-05
128.2 4.620295699E-05 -2.100134409E-05
128.4 3.782275417E-05 4.042845026E-21
128.6 3.363832078E-05 2.102395048E-05
128.8 3.365643511E-05 4.207054389E-05
129 3.788389009E-05 1.05233028E-05
129.2 3.369272237E-05 -5.264487871E-05
129.4 2.528317152E-05 -2.10693096E-05
129.6 2.108067998E-05 -2.39814869E-20
129.8 2.952888769E-05 -6.762975569E-21
130 3.376553214E-05 -4.220691518E-05
130.2 3.378378378E-05 -6.334459459E-05
130.4 2.112628448E-05 1.056314224E-05
130.6 1.691017316E-05 2.113771645E-05
130.8 2.11491608E-05 1.05745804E-05
131 2.539274106E-05 1.058030878E-05
131.2 2.117208672E-05 -3.025227313E-20
131.4 1.2710141E-05 -7.750691347E-21
131.6 1.271703744E-05 -3.17925936E-05
131.8 1.696525516E-05 -2.120656895E-05
132 1.69744704E-05 -2.1218088E-05
132.2 8.491847826E-06 -3.184442935E-05
132.4 4.248232735E-06 1.062058184E-05
132.6 0 -2.125272035E-05
132.8 4.252857921E-06 -5.316072401E-05
133 4.255174292E-06 -2.127587146E-05
133.2 4.257493188E-06 -1.064373297E-05
133.4 0 -2.129907306E-05
133.6 0 -1.065534643E-05
133.8 0 -1.066116266E-05
134 4.266794102E-06 -2.133397051E-05
134.2 4.269125683E-06 -1.067281421E-05
134.4 4.271459814E-06 -2.014453564E-21
134.6 8.547592998E-06 -1.068449125E-05
134.8 8.552271483E-06 -2.138067871E-05
135 8.556955093E-06 -3.20885816E-05
135.2 8.561643836E-06 1.31416203E-20
135.4 4.28316886E-06 2.14158443E-05
135.6 8.571036753E-06 1.071379594E-05
135.8 8.575740944E-06 2.143935236E-05
136 1.71609006E-05 4.290225151E-05
136.2 1.287774725E-05 2.146291209E-05
136.4 1.288482683E-05 -3.221206707E-05
136.6 1.718921892E-05 -4.29730473E-05
136.8 1.719867914E-05 2.149834893E-05
137 1.720814978E-05 7.528565529E-05
137.2 1.721763085E-05 4.304407713E-05
137.4 1.722712238E-05 -1.076695149E-05
137.6 1.292746828E-05 -3.231867071E-05
137.8 1.293460265E-05 -1.198603721E-20
138 8.627829928E-06 -2.156957482E-05
138.2 8.632596685E-06 -3.237223757E-05
138.4 4.318684356E-06 -3.239013267E-05
138.6 8.642146018E-06 -3.240804757E-05
138.8 8.646928611E-06 2.161732153E-05
139 4.32585825E-06 7.570251938E-05
139.2 0 5.41031856E-05
139.4 0 -2.165327051E-05
139.6 4.333056018E-06 -5.416320022E-05
139.8 8.670921199E-06 -3.25159545E-05
140 8.675735702E-06 -2.168933926E-05
140.2 8.680555556E-06 -1.085069444E-05
140.4 4.342690384E-06 3.257017788E-05
140.6 0 2.172552836E-05
140.8 0 2.173761825E-05
141 0 1.08748608E-05
141.2 0 -1.635108587E-20
141.4 0 -1.088698439E-05
141.6 0 -1.089305633E-05
141.8 4.359654018E-06 3.269740513E-05
142 4.362088219E-06 -1.916087085E-20
142.2 4.36452514E-06 -3.273393855E-05
142.4 4.366964785E-06 6.183671186E-21
142.6 4.369407159E-06 -3.383477134E-21
142.8 4.371852266E-06 -4.371852266E-05
143 8.748600224E-06 -2.187150056E-05
143.2 1.31302521E-05 2.18837535E-05
143.4 1.313761211E-05 2.189602018E-05
143.6 1.314498037E-05 5.477075154E-05
143.8 1.753647587E-05 7.672208193E-05
144 1.315974172E-05 3.28993543E-05
144.2 1.316713483E-05 -5.48630618E-05
144.4 2.195756043E-05 -5.489390107E-05
144.6 3.954583802E-05 -1.098495501E-05
144.8 5.715391109E-05 -1.099113675E-05
145 7.478181306E-05 -2.19946509E-05
145.2 8.362676056E-05 -5.501760563E-05
145.4 9.248167982E-05 -1.100972379E-05
145.6 8.372109419E-05 1.101593345E-05
145.8 7.935948081E-05 3.306645034E-05
146 6.61702428E-05 7.71986166E-05
146.2 6.179378531E-05 1.103460452E-05
146.4 6.62450537E-05 1.104084228E-05
146.6 6.186368778E-05 7.732960973E-05
146.8 5.305602716E-05 5.526669496E-05
147 5.308607022E-05 3.317879388E-05
147.2 4.86898017E-05 5.532932011E-05
147.4 3.5430839E-05 4.428854875E-05
147.6 3.54509359E-05 1.392803619E-20
147.8 2.660329171E-05 -1.108470488E-05
148 2.218199886E-05 3.32729983E-05
148.2 2.219460227E-05 2.219460227E-05
148.4 2.220722001E-05 2.220722001E-05
148.6 2.22198521E-05 5.554963026E-05
148.8 2.667899829E-05 1.111624929E-05
149 2.669419134E-05 3.336773918E-05
149.2 2.225783476E-05 5.564458689E-05
149.4 2.227052452E-05 -1.113526226E-05
149.6 3.119652025E-05 -1.114161438E-05
149.8 3.567351598E-05 2.229594749E-05
150 4.015562536E-05 3.346302113E-05
150.2 4.017857143E-05 3.348214286E-05
150.4 4.466838193E-05 1.953608228E-20
150.6 4.916332952E-05 2.234696796E-05
150.8 4.919147109E-05 3.353963938E-05
151 4.474513173E-05 3.35588488E-05
151.2 3.581661891E-05 5.596346705E-05
151.4 3.135751147E-05 2.239822248E-05
151.6 3.137550201E-05 3.361660929E-05
151.8 2.69087256E-05 6.727181401E-05
152 2.69241815E-05 5.60920448E-05
152.2 2.693965517E-05 3.367456897E-05
152.4 2.695514664E-05 2.24626222E-05
152.6 2.697065593E-05 1.12377733E-05
152.8 2.698618307E-05 -8.314551069E-21
153 2.700172811E-05 2.200837154E-20
153.2 3.152017291E-05 2.251440922E-05
153.4 3.153835063E-05 6.758217993E-05
153.6 3.155654934E-05 9.016156953E-05
153.8 3.157476905E-05 5.638351617E-05
154 3.159300982E-05 -1.128321779E-05
154.2 3.161127168E-05 -1.128973988E-05
154.4 3.162955466E-05 2.259253904E-05
154.6 3.16478588E-05 3.390842014E-05
154.8 3.618992472E-05 5.654675738E-05
155 3.621089224E-05 3.394771147E-05
155.2 3.623188406E-05 3.39673913E-05
155.4 3.625290023E-05 6.797418794E-05
155.6 3.62739408E-05 3.40068195E-05
155.8 3.629500581E-05 -1.134218931E-05
156 3.177658338E-05 1.134877978E-05
156.2 2.725290698E-05 4.542151163E-05
156.4 2.726876091E-05 1.136198371E-05
156.6 2.728463329E-05 1.252070495E-20
156.8 2.730052417E-05 1.13752184E-05
157 2.731643357E-05 1.138184732E-05
157.2 2.733236152E-05 -1.416100797E-20
157.4 2.734830805E-05 -3.418538506E-05
157.6 2.73642732E-05 -3.420534151E-05
157.8 2.738025701E-05 -3.422532126E-05
158 2.73962595E-05 -3.424532437E-05
158.2 2.74122807E-05 1.142178363E-05
158.4 2.742832066E-05 -1.142846694E-05
158.6 2.287031616E-05 -4.574063232E-05
158.8 2.288371412E-05 -1.144185706E-05
159 2.747655334E-05 -2.289712778E-05
159.2 3.207478006E-05 -4.582111437E-05
159.4 3.667840376E-05 -3.438600352E-05
159.6 4.128743394E-05 -5.734365825E-05
159.8 4.590188014E-05 -8.032829025E-05
160 5.052175191E-05 -5.741108172E-05
160.2 5.514705882E-05 -4.595588235E-05
160.4 5.977781048E-05 -5.747866392E-05
160.6 6.441401649E-05 -6.901501767E-05
160.8 6.445197407E-05 -5.754640542E-05
161 6.448997642E-05 -5.758033608E-05
161.2 6.913716814E-05 -5.761430678E-05
161.4 7.840171192E-05 -3.458899055E-05
161.6 8.767720024E-05 -2.307294743E-05
161.8 9.23463357E-05 -4.617316785E-05
162 9.240094619E-05 -2.310023655E-05
162.2 9.707840237E-05 -1.155695266E-05
162.4 9.713587922E-05 -3.469138544E-05
162.6 9.719342417E-05 3.47119372E-05
162.8 9.725103734E-05 5.788752223E-05
163 9.730871886E-05 2.057797718E-21
163.2 9.736646884E-05 -1.159124629E-05
163.4 9.742428741E-05 -1.159812945E-05
163.6 9.748217469E-05 -3.481506239E-05
163.8 9.75401308E-05 -2.392722036E-20
164 9.759815586E-05 1.161882808E-05
164.2 9.765625E-05 -4.650297619E-05
164.4 9.771441334E-05 -3.489800476E-05
164.6 9.777264601E-05 8.79656833E-21
164.8 0.0001024895647 1.164654144E-05
165 0.000102550716 3.12966636E-20
165.2 9.794776119E-05 2.468991717E-20
165.4 0.0001073402031 3.500224014E-05
165.6 0.0001167438733 3.502316198E-05
165.8 0.0001261587919 2.336273923E-05
166 0.0001309096349 -2.337672053E-05
166.2 0.000130988024 -3.508607784E-05
166.4 0.0001357474536 -2.340473337E-05
166.6 0.0001358288369 -2.341876499E-05
166.8 0.0001312237552 1.171640672E-05
167 0.0001359918968 3.517031813E-05
167.2 0.0001360735736 4.692192192E-05
167.4 0.0001314603365 5.868765024E-05
167.6 0.0001409350571 5.872294047E-05
167.8 0.0001504211793 5.875827316E-05
168 0.0001505117399 4.703491872E-05
168.2 0.000141189759 3.529743976E-05
168.4 0.0001365657022 5.886452682E-05
168.6 0.0001319360676 2.356001206E-05
168.8 0.0001273008449 3.536134581E-05
169 0.0001226600242 0.0001179423309
169.2 0.0001180135952 5.900679758E-05
169.4 0.0001133615478 6.460060488E-21
169.6 0.000113430127 5.907819117E-05
169.8 0.0001087696731 8.27595339E-05
170 0.0001041035736 5.914975772E-05
170.2 0.0001041666667 8.285984848E-05
170.4 9.949211643E-05 0.0001065986962
170.6 9.48118932E-05 7.11089199E-05
170.8 9.486945962E-05 2.371736491E-05
171 9.018074119E-05 2.3731774E-05
171.2 9.498480243E-05 8.311170213E-05
171.4 9.979470803E-05 8.316225669E-05
171.6 0.0001046104687 4.755021302E-05
171.8 0.000109432095 9.515834348E-05
172 0.0001142595978 0.0001309224558
172.2 0.0001143292683 5.95464939E-05
172.4 0.0001191656498 4.766625991E-05
172.6 0.0001240079365 4.76953602E-05
172.8 0.0001288561393 3.579337202E-05
173 0.0001289349022 8.356891809E-05
173.2 0.0001290137615 5.972859327E-05
173.4 0.0001386551408 2.390605875E-05
173.6 0.0001435241886 5.980174525E-05
173.8 0.0001436121324 2.393535539E-05
174 0.0001484901901 -1.197501533E-05
174.2 0.0001485812883 2.396472393E-05
174.4 0.0001486724985 2.309311361E-21
174.6 0.0001535626536 2.399416462E-05
174.8 0.0001536570375 3.601336816E-05
175 0.0001537515375 2.402367774E-05
175.2 0.0001538461538 3.605769231E-05
175.4 0.0001539408867 -1.202663177E-05
175.6 0.0001540357363 -1.20340419E-05
175.8 0.0001541307028 -1.204146116E-05
176 0.0001590453424 -2.409777915E-05
176.2 0.0001591435185 2.411265432E-05
176.4 0.0001544163064 2.412754787E-05
176.6 0.0001545117429 2.414245983E-05
176.8 0.0001497758194 6.039347557E-05
177 0.0001498685025 3.354235327E-21
177.2 0.0001499613003 -4.8374613E-05
177.4 0.0001403732962 -2.420229244E-05
177.6 0.000135616863 -1.210864848E-05
177.8 0.0001308545285 -1.211616005E-05
178 0.0001309357542 -4.849472377E-05
178.2 0.0001358695652 -6.06560559E-05
178.4 0.0001359540087 -6.069375388E-05
178.6 0.0001360385572 -4.8585199E-05
178.8 0.000136123211 -2.430771624E-05
179 0.0001362079701 -2.432285181E-05
179.2 0.0001314252336 -2.433800623E-05
179.4 0.0001266365337 -2.435317955E-05
179.6 0.000121841859 -1.21841859E-05
179.8 0.0001170411985 -1.219179151E-05
180 0.0001122345409 -1.219940662E-05
180.2 0.000107421875 2.44140625E-05
180.4 0.0001026031895 1.221466542E-05
180.6 9.777847309E-05 2.444461827E-05
180.8 9.294771446E-05 4.891984972E-05
181 8.321585213E-05 -1.223762531E-05
181.2 7.347178683E-05 -1.944702714E-20
181.4 6.371549561E-05 7.351787955E-05
181.6 5.394695543E-05 3.678201507E-05
181.8 4.416614322E-05 -1.226837312E-05
182 3.437303583E-05 -1.227608422E-05
182.2 2.948113208E-05 2.275459899E-20
182.4 2.458307111E-05 1.55210338E-20
182.6 1.967884131E-05 -3.93262249E-21
182.8 1.969124134E-05 -2.461405167E-05
183 1.9703657E-05 -6.157392812E-05
183.2 1.478706625E-05 -2.464511041E-05
183.4 9.864267677E-06 -7.394042E-21
183.6 4.935249526E-06 -8.314435044E-22
183.8 0 -1.234592288E-05
184 0 -2.319483453E-21
184.2 0 1.813416861E-20
184.4 0 7.573698408E-21
184.6 0 2.475443599E-05
184.8 0 1.238506658E-05
185 0 -3.717877538E-05
185.2 0 -3.720238095E-05
185.4 0 2.653677853E-20
185.6 0 -2.483312142E-05
185.8 0 -6.212229644E-05
186 0 -1.243236792E-05
186.2 0 1.244028662E-05
186.4 0 -2.489643085E-05
186.6 0 -1.245615434E-05
186.8 0 -1.246410338E-05
187 0 -2.494412516E-05
187.2 0 1.248003195E-05
187.4 0 -2.497602302E-05
187.6 0 -4.998400512E-05
187.8 0 2.500800256E-05
188 0 2.502402306E-05
188.2 0 -2.50400641E-05
188.4 0 -3.758418858E-05
188.6 0 -7.521662388E-05
188.8 0 -8.780908799E-05
189 0 -1.255221722E-05
189.2 0 8.705197934E-21
189.4 0 -2.513674389E-05
189.6 0 -5.030585963E-05
189.8 0 -6.292284149E-05
190 0 -5.037072856E-05
190.2 0 -5.040322581E-05
190.4 0 -2.52178825E-05
190.6 0 -2.523417313E-05
190.8 0 -3.787572721E-05
191 0 -2.526681759E-05
191.2 0 -3.792475728E-05
191.4 0 -6.324886658E-05
191.6 0 -3.797391445E-05
191.8 0 -3.667750955E-21
192 0 -1.267439974E-05
192.2 0 -7.609577922E-05
192.4 0 -8.883609487E-05
192.6 0 -1.269912224E-05
192.8 0 -5.082953806E-05
193 0 -8.900960286E-05
193.2 0 -3.81718241E-05
193.4 0 -5.092894394E-05
193.6 0 -5.096216569E-05
193.8 0 -5.099543081E-05
194 0 -6.378592423E-05
194.2 5.10620915E-06 -5.10620915E-05
194.4 5.109548725E-06 -3.832161543E-05
194.6 1.022578534E-05 -5.11289267E-05
194.8 1.534872299E-05 -0.0001151154224
195 2.047837484E-05 -0.0001023918742
195.2 2.56147541E-05 -5.12295082E-05
195.4 3.075787402E-05 -1.281578084E-05
195.6 3.590774787E-05 -3.8472587E-05
195.8 4.106438896E-05 -0.0001026609724
196 4.622781065E-05 -6.420529257E-05
196.2 4.625822368E-05 -2.569901316E-05
196.4 4.628867676E-05 -1.285796577E-05
196.6 4.631916996E-05 -7.71986166E-05
196.8 4.634970336E-05 -6.4374588E-05
197 4.638027704E-05 1.739300583E-20
197.2 4.641089109E-05 -3.867574257E-05
197.4 4.644154557E-05 -0.0001032034346
197.6 4.647224058E-05 -0.0001161806015
197.8 4.650297619E-05 -5.166997354E-05
198 4.653375248E-05 -3.877812707E-05
198.2 4.656456954E-05 -5.17384106E-05
198.4 4.141815772E-05 -2.588634858E-05
198.6 4.144562334E-05 -2.590351459E-05
198.8 3.628898474E-05 -2.592070338E-05
199 3.112549801E-05 9.337060679E-21
199.2 2.59551495E-05 -2.59551495E-05
199.4 2.077792553E-05 -5.194481383E-05
199.6 1.559381238E-05 -2.598968729E-05
199.8 1.040279627E-05 1.300349534E-05
200 1.040972685E-05 1.301215856E-05
200.2 5.208333333E-06 -1.302083333E-05
200.4 5.211807872E-06 -2.605903936E-05
200.6 1.04305741E-05 -1.303821762E-05
200.8 1.043754175E-05 2.495634851E-20
201 1.044451872E-05 -2.611129679E-05
201.2 1.045150502E-05 -1.306438127E-05
201.4 1.045850067E-05 2.614625167E-05
201.6 1.046550569E-05 2.616376423E-05
201.8 1.047252011E-05 -1.309065013E-05
202 5.239771965E-06 -6.478923223E-21
202.2 5.243288591E-06 6.554110738E-05
202.4 1.049361988E-05 3.935107455E-05
202.6 1.050067204E-05 1.312584005E-05
202.8 1.050773369E-05 2.626933423E-05
203 1.051480485E-05 -1.393225E-20
203.2 5.260942761E-06 2.63047138E-05
203.4 0 5.264487871E-05
203.6 0 -1.216808491E-20
203.8 0 1.317898111E-05
204 0 5.275151924E-05
204.2 0 5.278716216E-05
204.4 0 6.60285666E-05
204.6 0 9.250253721E-05
204.8 0 9.256516588E-05
205 0 7.93953252E-05
205.2 0 0.0001059322034
205.4 0 9.275356174E-05
205.6 5.303801765E-06 9.281653089E-05
205.8 0 0.0001194166101
206 0 0.0001062202583
206.2 0 0.0001328656463
206.4 0 0.0001196604833
206.6 5.321866485E-06 7.982799728E-05
206.8 0 5.325494206E-05
207 0 5.329126876E-05
207.2 0 6.665955631E-05
207.4 0 6.67050888E-05
207.6 0 6.675068353E-05
207.8 0 4.007780438E-05
208 0 2.673682409E-05
208.2 0 4.013270548E-05
208.4 0 5.354694997E-05
208.6 0 6.697959534E-05
208.8 0 5.362045299E-05
209 0 2.682864011E-05
209.2 0 4.027061856E-05
209.4 0 6.716385832E-05
209.6 0 8.065209911E-05
209.8 5.380509642E-06 8.070764463E-05
210 5.384217781E-06 4.038163336E-05
210.2 5.387931034E-06 -2.693965517E-05
210.4 1.078329883E-05 -2.695824707E-05
210.6 1.079074586E-05 2.697686464E-05
210.8 1.079820318E-05 2.699550795E-05
211 2.161134163E-05 1.350708852E-05
211.2 1.621972318E-05 4.054930796E-05
211.4 2.164127424E-05 2.70515928E-05
211.6 2.707033957E-05 -2.707033957E-05
211.8 3.250693481E-05 -4.063366852E-05
212 3.795107564E-05 -6.776977793E-05
212.2 4.8828125E-05 -8.138020833E-05
212.4 4.343293954E-05 -8.143676164E-05
212.6 4.346314325E-05 -0.0001222400904
212.8 4.893006263E-05 -6.795842032E-05
213 4.896413649E-05 -6.800574513E-05
213.2 4.899825784E-05 -0.0001224956446
213.4 4.358437936E-05 -9.534082985E-05
213.6 4.361479414E-05 -5.451849267E-05
213.8 3.818959497E-05 -2.727828212E-05
214 3.275681342E-05 -6.582306784E-21
214.2 2.731643357E-05 1.678096315E-20
214.4 2.186843947E-05 -5.467109867E-05
214.6 1.641281513E-05 -5.470938375E-05
214.8 1.09495445E-05 -4.106079187E-05
215 5.478611501E-06 -6.848264376E-05
215.2 0 -9.594298246E-05
215.4 0 -5.48630618E-05
215.6 0 -2.745080815E-05
215.8 0 -5.494022504E-05
216 0 -2.748944405E-05
216.2 0 4.792284391E-21
216.4 0 -4.12922833E-05
216.6 0 -6.886900564E-05
216.8 0 -1.378352152E-05
217 0 1.379325565E-05
217.2 0 -1.380300353E-05
217.4 0 -1.381276521E-05
217.6 0 -2.764508139E-05
217.8 0 1.171173329E-20
218 0 1.384213324E-05
218.2 0 -1.385195035E-05
218.4 0 1.386178141E-05
218.6 0 1.399276035E-20
218.8 0 2.390455099E-20
219 0 2.778271693E-05
219.2 0 -1.390124555E-05
219.4 0 -5.564458689E-05
219.6 0 -1.392106201E-05
219.8 0 2.786198288E-05
220 0 2.788187009E-05
220.2 0 2.790178571E-05
220.4 0 5.584345961E-05
220.6 0 2.794170243E-05
220.8 0 5.142203652E-21
221 0 4.197260029E-05
221.2 0 -1.400089606E-05
221.4 0 -8.406563845E-05
221.6 5.608399139E-06 -7.010498923E-05
221.8 1.122485632E-05 -4.209321121E-05
222 1.684938893E-05 -4.212347232E-05
222.2 2.248201439E-05 -4.215377698E-05
222.4 2.812275018E-05 -4.218412527E-05
222.6 3.377161383E-05 -4.221451729E-05
222.8 3.942862293E-05 -1.28682979E-20
223 3.945707071E-05 5.636724387E-05
223.2 3.384476534E-05 1.410198556E-05
223.4 3.95140896E-05 -1.411217486E-05
223.6 4.519161244E-05 1.412237889E-05
223.8 5.087735166E-05 -2.826519537E-05
224 6.222845764E-05 -4.242849385E-05
224.2 7.359601449E-05 2.830615942E-05
224.4 7.931472081E-05 1.4163343E-05
224.6 0.0001020500726 -5.669448476E-05
224.8 0.0001191448802 -1.418391431E-05
225 0.000124909157 2.838844477E-05
225.2 0.0001136363636 -7.64869555E-21
225.4 0.0001137190684 -3.692756145E-20
225.6 0.000108111799 1.422523671E-05
225.8 0.0001024963557 -4.270681487E-05
226 0.0001082695113 -7.122994165E-05
226.2 0.0001197536496 -5.702554745E-05
226.4 0.0001312545654 -4.280040175E-05
226.6 0.0001313505117 -1.427722953E-05
226.8 0.0001485918069 -2.857534748E-05
227 0.0001544198389 -5.719253294E-05
227.2 0.000154532967 -9.578708186E-21
227.4 0.0001431909824 5.727639296E-05
227.6 0.0001375641966 4.298881145E-05
227.8 0.0001261930984 1.001017513E-20
228 0.0001148052902 -1.435066128E-05
228.2 0.0001034007353 1.436121324E-05
228.4 9.77281089E-05 -2.78713215E-21
228.6 9.780007364E-05 -1.438236377E-05
228.8 9.787214444E-05 1.439296242E-05
229 9.218289086E-05 2.880715339E-05
229.2 8.648523985E-05 -4.324261993E-05
229.4 8.654911374E-05 -8.654911374E-05
229.6 8.083887657E-05 1.443551367E-05
229.8 6.934171598E-05 1.444619083E-05
230 5.782753516E-05 -2.891376758E-05
230.2 4.62962963E-05 -1.774977339E-20
230.4 3.474796145E-05 4.343495182E-05
230.6 2.318249258E-05 2.897811573E-05
230.8 1.739977728E-05 1.44998144E-05
231 1.160846954E-05 1.451058692E-05
231.2 1.161710037E-05 -2.904275093E-05
231.4 5.812872024E-06 -1.453218006E-05
231.6 5.817200298E-06 -1.454300074E-05
231.8 5.821535022E-06 -5.821535022E-05
232 5.825876212E-06 -1.456469053E-05
232.2 0 2.91511194E-05
232.4 0 -4.731364981E-20
232.6 5.838938714E-06 1.459734679E-05
232.8 1.168661182E-05 2.921652954E-05
233 5.847679641E-06 2.92383982E-05
233.2 1.170411985E-05 4.389044944E-05
233.4 1.171289355E-05 4.392335082E-05
233.6 1.172168042E-05 2.930420105E-05
233.8 1.759572072E-05 2.93262012E-05
234 2.347858753E-05 1.238117142E-20
234.2 2.937030075E-05 1.468515038E-05
234.4 3.527088036E-05 1.469620015E-05
234.6 4.118034639E-05 -2.941453313E-05
234.8 4.709871891E-05 -1.471834966E-05
235 5.30260181E-05 1.472944947E-05
235.2 5.306603774E-05 -3.357932665E-20
235.4 6.490747734E-05 -2.950339879E-05
235.6 7.0861678E-05 -1.011332942E-20
235.8 7.682488654E-05 2.954803328E-05
236 7.688304315E-05 5.914080242E-05
236.2 8.285984848E-05 4.438920455E-05
236.4 8.884571645E-05 -1.480761941E-05
236.6 9.484066768E-05 5.92754173E-05
236.8 0.0001008447229 8.898063781E-05
237 0.0001009213526 1.484137538E-05
237.2 0.0001009980989 1.48526616E-05
237.4 0.0001010749619 -1.486396499E-05
237.6 0.0001071020564 -2.7949765E-20
237.8 0.0001131383384 2.977324695E-05
238 0.0001191838291 -2.80295942E-20
238.2 0.0001252385496 2.981870229E-05
238.4 0.000131302521 5.968296409E-05
238.6 0.0001373757645 1.493214832E-05
238.8 0.0001434583015 -2.988714614E-05
239 0.0001495501531 -1.495501531E-05
239.2 0.000149664751 -2.993295019E-05
239.4 0.0001497795245 1.497795245E-05
239.6 0.0001438986953 4.496834229E-05
239.8 0.0001500096006 -1.500096006E-05
240 0.0001381149116 -4.503747118E-05
240.2 0.0001382211538 1.315365768E-20
240.4 0.0001383275597 3.007120862E-05
240.6 0.0001384341294 1.504718798E-05
240.8 0.0001385408635 3.011757903E-05
241 0.0001386477623 3.01408179E-05
241.2 0.0001327220077 1.508204633E-05
241.4 0.0001267870943 4.52811051E-05
241.6 0.0001268851508 6.042150039E-05
241.8 0.0001269833591 -3.023413313E-05
242 0.0001331332301 -3.025755229E-05
242.2 0.0001332364341 1.514050388E-05
242.4 0.0001333397983 -3.030449961E-05
242.6 0.000133443323 -4.549204193E-05
242.8 0.0001396173271 -7.587898213E-05
243 0.0001397258942 -4.55627916E-05
243.2 0.0001459143969 -1.519941634E-05
243.4 0.0001399435358 -1.521125389E-05
243.6 0.0001339633671 4.56693297E-05
243.8 0.000127973869 -3.04699688E-05
244 0.0001219750195 -7.62343872E-05
244.2 0.0001159667969 -2.487777448E-20
244.4 0.0001221657545 -1.527071931E-05
244.6 0.0001222613459 -1.528266823E-05
244.8 0.0001284749413 -9.889269855E-21
245 0.000128575627 -3.061324451E-05
245.2 0.0001225490196 -4.595588235E-05
245.4 0.0001226452119 -4.599195447E-05
245.6 0.0001227415554 -4.602808327E-05
245.8 0.0001228380503 -4.606426887E-05
246 0.0001167879622 2.771175983E-21
246.2 0.0001107283465 1.537893701E-05
246.4 0.0001046591805 -1.539105595E-05
246.6 0.0001047417192 -1.540319401E-05
246.8 0.0001048243883 1.382367295E-20
247 0.0001110781991 -3.085505529E-05
247.2 0.0001173418972 -3.087944664E-05
247.4 0.0001236155063 5.484932037E-20
247.6 0.0001298990499 -1.54641726E-05
247.8 0.0001238114105 -6.190570523E-05
248 0.0001177141158 -4.646609833E-05
248.2 0.000105406746 -3.100198413E-05
248.4 9.307982526E-05 -4.653991263E-05
248.6 7.452305246E-05 -4.657690779E-05
248.8 6.215194909E-05 -3.107597454E-05
249 5.598128981E-05 4.642449369E-20
249.2 4.980079681E-05 1.5562749E-05
249.4 4.984051037E-05 3.115031898E-05
249.6 4.988028731E-05 1.558758978E-05
249.8 5.616014377E-05 1.560003994E-05
250 6.245003997E-05 -1.561250999E-05
250.2 6.875E-05 -4.6875E-05
250.4 7.506004804E-05 -1.563751001E-05
250.6 8.138020833E-05 3.937455673E-21
250.8 8.771050521E-05 -1.566259022E-05
251 9.405096308E-05 -4.702548154E-05
251.2 0.0001004016064 -4.706325301E-05
251.4 0.0001067624598 -4.710108521E-05
251.6 0.0001131335479 -1.571299276E-05
251.8 0.0001132246377 1.572564412E-05
252 0.0001133158743 -1.573831587E-05
252.2 0.0001134072581 1.575100806E-05
252.4 0.0001134987893 1.576372074E-05
252.6 0.0001135904685 -3.155290792E-05
252.8 0.0001136822959 -3.157841552E-05
253 0.0001137742718 -1.58019822E-05
253.2 0.0001138663968 2.08517071E-20
253.4 0.0001202897083 -1.582759319E-05
253.6 0.0001267234388 -1.584042985E-05
253.8 0.0001331676136 1.088063615E-20
254 0.0001396222583 1.586616572E-05
254.2 0.0001460873984 1.587906504E-05
254.4 0.0001462062653 -1.589198535E-05
254.6 0.0001526872964 -1.590492671E-05
254.8 0.0001591788916 -1.591788916E-05
255 0.0001656810767 -3.186174551E-05
255.2 0.0001721938776 -1.594387755E-05
255.4 0.0001787173203 -3.191380719E-05
255.6 0.0001852514309 -6.387980376E-05
255.8 0.0001917962357 -4.794905892E-05
256 0.000191953317 -3.199221949E-05
256.2 0.0001921106557 -1.600922131E-05
256.4 0.0001858593109 1.602235439E-05
256.6 0.0001795977011 1.603550903E-05
256.8 0.0001733258012 3.209737058E-05
257 0.0001670435855 1.606188322E-05
257.2 0.0001607510288 -5.602856219E-21
257.4 0.0001544481054 1.608834432E-05
257.6 0.0001481347898 1.610160758E-05
257.8 0.0001418110561 1.611489274E-05
258 0.0001354768786 3.225639967E-05
258.2 0.0001291322314 -1.614152893E-05
258.4 0.0001227770885 -4.84646402E-05
258.6 0.0001228787252 1.616825331E-05
258.8 0.0001229805302 1.618164872E-05
259 0.0001230825041 6.478026534E-05
259.2 0.0001167012448 6.48340249E-05
259.4 0.000103820598 -1.622196844E-05
259.6 9.091853699E-05 3.874387858E-21
259.8 7.799500832E-05 3.249792013E-05
260 7.15549542E-05 1.626248959E-05
260.2 6.510416667E-05 -4.8828125E-05
260.4 5.864261885E-05 -4.886884904E-05
260.6 5.217028381E-05 -4.104614121E-20
260.8 4.56871345E-05 3.26336675E-05
261 4.572533445E-05 1.633047659E-05
261.2 4.576359833E-05 -5.980543175E-21
261.4 5.234505863E-05 1.635783082E-05
261.6 4.584031852E-05 -1.637154233E-05
261.8 4.587877517E-05 -4.915583054E-05
262 4.591729639E-05 4.698220991E-22
262.2 3.93907563E-05 6.56512605E-05
262.4 3.942388562E-05 6.570647603E-05
262.6 4.603324916E-05 3.288089226E-05
262.8 5.265374895E-05 3.290859309E-05
263 5.928541315E-05 6.587268128E-05
263.2 5.933544304E-05 3.296413502E-05
263.4 5.938555743E-05 6.455618124E-21
263.6 6.60397295E-05 6.60397295E-05
263.8 7.270516074E-05 3.304780034E-05
264 7.938187976E-05 4.961367485E-05
264.2 6.620762712E-05 9.931144068E-05
264.4 6.626378287E-05 -1.656594572E-05
264.6 7.295203735E-05 -3.316001698E-05
264.8 7.965165675E-05 1.659409516E-05
265 7.971938776E-05 1.660820578E-05
265.2 7.978723404E-05 -1.662234043E-05
265.4 8.650979557E-05 -3.32729983E-05
265.6 8.658354646E-05 -1.665068201E-05
265.8 9.332337884E-05 1.666488908E-05
266 9.34030743E-05 1.667912041E-05
266.2 0.0001001602564 -3.338675214E-05
266.4 9.356287425E-05 -1.670765612E-05
266.6 8.695419521E-05 5.016588185E-05
266.8 7.363967438E-05 3.347257926E-05
267 6.70025729E-05 3.350128645E-05
267.2 8.0472103E-05 5.029506438E-05
267.4 8.054123711E-05 5.03382732E-05
267.6 8.061049011E-05 8.396926053E-05
267.8 7.395654045E-05 0.0001344664372
268 7.402024117E-05 0.0001345822567
268.2 8.081896552E-05 1.683728448E-05
268.4 8.088869715E-05 -6.740724763E-05
268.6 8.095854922E-05 -2.481461707E-20
268.8 8.102852204E-05 6.752376837E-05
269 8.109861592E-05 6.758217993E-05
269.2 8.116883117E-05 6.764069264E-05
269.4 8.123916811E-05 3.384965338E-05
269.6 8.130962706E-05 -2.27744262E-20
269.8 8.138020833E-05 1.695421007E-05
270 8.145091225E-05 8.484470026E-05
270.2 8.152173913E-05 8.491847826E-05
270.4 8.15926893E-05 -5.099543081E-05
270.6 8.166376307E-05 -6.805313589E-05
270.8 8.173496077E-05 -2.107908321E-20
271 7.49890925E-05 1.704297557E-05
271.2 6.823144105E-05 1.705786026E-05
271.4 6.146197552E-05 3.414554196E-05
271.6 5.468066492E-05 5.126312336E-05
271.8 4.788747811E-05 5.130801226E-05
272 4.108238387E-05 6.847063979E-05
272.2 3.426535088E-05 3.426535088E-05
272.4 2.743634767E-05 -1.71477173E-05
272.6 2.059534271E-05 1.332583151E-20
272.8 1.374230431E-05 5.153364116E-05
273 1.375440141E-05 5.157900528E-05
273.2 1.376651982E-05 -3.441629956E-05
273.4 1.377865961E-05 -0.0001205632716
273.6 6.895410415E-06 -6.895410415E-05
273.8 0 -5.176126325E-05
274 0 -5.180702918E-05
274.2 0 -3.456858407E-05
274.4 0 -5.189880425E-05
274.6 6.925975177E-06 -5.194481383E-05
274.8 1.386424135E-05 -3.466060337E-05
275 1.387655417E-05 3.469138544E-05
275.2 1.388888889E-05 3.472222222E-05
275.4 1.390124555E-05 -3.475311388E-05
275.6 1.391362422E-05 -5.217609083E-05
275.8 1.392602496E-05 -5.222259358E-05
276 2.090767172E-05 -5.22691793E-05
276.2 2.092633929E-05 -3.221629313E-20
276.4 2.094504021E-05 5.270830937E-21
276.6 2.795169946E-05 -5.240943649E-05
276.8 2.797672337E-05 1.74854521E-05
277 3.500224014E-05 0.0001050067204
277.2 3.503363229E-05 8.758408072E-05
277.4 3.506508079E-05 1.753254039E-05
277.6 3.50965858E-05 -1.75482929E-05
277.8 3.512814748E-05 3.512814748E-05
278 3.515976598E-05 8.789941494E-05
278.2 3.519144144E-05 0.0001055743243
278.4 2.817853922E-05 8.805793508E-05
278.6 2.115297834E-05 3.52549639E-05
278.8 1.411472448E-05 1.56704921E-20
279 1.412748644E-05 -1.765935805E-05
279.2 1.414027149E-05 3.535067873E-05
279.4 1.415307971E-05 8.845674819E-05
279.6 1.416591115E-05 7.082955576E-05
279.8 2.126814882E-05 3.54469147E-05
280 1.419164396E-05 -3.54791099E-05
280.2 1.420454545E-05 -3.551136364E-05
280.4 1.421747043E-05 1.777183803E-05
280.6 7.115209472E-06 4.044528323E-20
280.8 7.121695533E-06 -1.780423883E-05
281 7.128193431E-06 1.782048358E-05
281.2 7.134703196E-06 5.685277905E-20
281.4 7.141224863E-06 9.831156811E-20
281.6 7.147758463E-06 2.761590895E-20
281.8 7.154304029E-06 -1.788576007E-05
282 7.160861595E-06 -3.580430797E-05
282.2 7.167431193E-06 -3.337758384E-20
282.4 0 1.364985603E-20
282.6 7.180606618E-06 -3.590303309E-05
282.8 7.187212511E-06 5.215954586E-20
283 7.193830571E-06 2.854521627E-20
283.2 7.200460829E-06 8.433252491E-21
283.4 7.207103321E-06 1.80177583E-05
283.6 7.213758079E-06 3.011338998E-20
283.8 7.220425139E-06 -3.610212569E-05
284 7.227104533E-06 -3.613552266E-05
284.2 7.233796296E-06 -3.616898148E-05
284.4 7.240500463E-06 1.961411159E-20
284.6 1.449443414E-05 3.623608534E-05
284.8 2.901578459E-05 -9.019917795E-21
285 3.630343866E-05 -3.630343866E-05
285.2 3.63372093E-05 -3.63372093E-05
285.4 3.637104283E-05 5.455656425E-05
285.6 3.640493942E-05 7.280987884E-05
285.8 2.91511194E-05 2.750960736E-20
286 2.18837535E-05 3.077473954E-20
286.2 7.301401869E-06 -1.825350467E-05
286.4 0 -1.827057998E-05
286.6 0 -3.657537453E-05
286.8 0 -3.660965323E-05
287 0 -3.664399625E-05
287.2 0 -7.335680751E-05
287.4 0 -3.671287594E-05
287.6 0 -1.762465996E-20
287.8 0 -3.678201507E-05
288 0 -7.363336475E-05
288.2 0 -9.212853774E-05
288.4 0 -9.221553352E-05
288.6 0 -7.384215501E-05
288.8 0 -1.847800378E-05
289 0 -1.10295404E-20
289.2 0 -3.702606635E-05
289.4 0 -5.559179317E-05
289.6 0 -5.564458689E-05
289.8 0 -5.89674621E-20
290 0 1.858349191E-05
290.2 0 1.860119048E-05
290.4 0 -3.042794276E-20
290.6 0 -3.727337786E-05
290.8 0 -1.865448902E-05
291 0 -3.734464627E-05
291.2 0 -5.607057416E-05
291.4 0 -1.870809387E-05
291.6 0 3.745206136E-05
291.8 0 3.748800384E-05
292 0 -3.752401537E-05
292.2 0 -3.756009615E-05
292.4 0 -3.392815044E-20
292.6 0 -5.616377949E-20
292.8 0 -1.883437801E-05
293 0 -5.655767375E-05
293.2 0 -9.435386473E-05
293.4 0 -9.444511605E-05
293.6 0 -5.672192643E-05
293.8 0 -1.892562984E-05
294 0 6.730255969E-21
294.2 7.584951456E-06 -3.792475728E-05
294.4 7.592322643E-06 1.208583808E-20
294.6 0 1.899927043E-05
294.8 0 -5.705331061E-05
295 7.614522417E-06 -3.807261209E-05
295.2 1.524390244E-05 -3.81097561E-05
295.4 1.525878906E-05 -5.722045898E-05
295.6 1.527370479E-05 5.034539292E-20
295.8 1.528864971E-05 1.911081213E-05
296 1.53036239E-05 -7.651811949E-05
296.2 1.531862745E-05 -5.744485294E-05
296.4 1.533366045E-05 -1.916707556E-05
296.6 1.534872299E-05 -1.918590373E-05
296.8 1.536381514E-05 -2.875862119E-20
297 1.537893701E-05 1.707404996E-20
297.2 1.539408867E-05 3.848522167E-05
297.4 7.704635108E-06 -1.026463595E-20
297.6 0 -3.856120434E-05
297.8 0 -1.929965415E-05
298 0 -1.931874382E-05
298.2 0 3.867574257E-05
298.4 0 3.871407334E-05
298.6 0 1.937624008E-05
298.8 0 1.396156041E-20
299 0 -7.765904573E-05
299.2 0 -3.88681592E-05
299.4 0 1.945343625E-05
299.6 0 3.459069743E-21
299.8 7.796906188E-06 -3.898453094E-05
300 1.560939061E-05 3.902347652E-05
300.2 7.8125E-06 7.8125E-05
300.4 1.564064064E-05 1.95508008E-05
300.6 3.131262525E-05 5.871117234E-05
300.8 2.350802407E-05 3.918004012E-05
301 2.353162651E-05 -3.921937751E-05
301.2 2.355527638E-05 -1.962939698E-05
301.4 1.57193159E-05 -6.676866684E-20
301.6 1.573514602E-05 -1.966893253E-05
301.8 7.875504032E-06 -1.968876008E-05
302 0 -1.970862765E-05
302.2 0 -1.972853535E-05
302.4 0 -8.145943556E-22
302.6 0 1.976847166E-05
302.8 0 -1.689219383E-20
303 0 -1.980856998E-05
303.2 0 -5.948604061E-05
303.4 0 -5.95464939E-05
303.6 0 -1.98690234E-05
303.8 7.955702648E-06 -3.977851324E-05
304 7.963812436E-06 -1.990953109E-05
304.2 7.971938776E-06 3.054320012E-20
304.4 7.980081716E-06 2.166030802E-20
304.6 0 1.467075515E-20
304.8 0 1.999104401E-05
305 0 4.002305328E-05
305.2 0 2.003205128E-05
305.4 0 3.262954949E-20
305.6 0 4.014645427E-05
305.8 0 -0
306 0 1.00106848E-20
306.2 0 -2.364155799E-20
306.4 0 -2.880394664E-20
306.6 0 4.035382231E-05
306.8 0 -2.019777663E-05
307 0 -2.02186853E-05
307.2 0 -2.114497151E-20
307.4 0 6.069733897E-20
307.6 0 2.028167186E-05
307.8 0 1.435199329E-20
308 0 5.112214035E-21
308.2 8.138020833E-06 2.034505208E-05
308.4 8.146506778E-06 1.318862342E-20
308.6 8.155010438E-06 3.665591008E-20
308.8 8.16353187E-06 -3.36987882E-21
309 8.17207113E-06 2.043017782E-05
309.2 0 -4.70124484E-20
309.4 8.189203354E-06 -2.047300839E-05
309.6 8.197796432E-06 -2.049449108E-05
309.8 8.206407563E-06 -9.415140476E-22
310 8.215036803E-06 -2.053759201E-05
310.2 8.223684211E-06 -4.111842105E-05
310.4 8.232349842E-06 2.05808746E-05
310.6 8.241033755E-06 2.060258439E-05
310.8 1.649947202E-05 -6.187302006E-05
311 2.477536998E-05 -2.064614165E-05
311.2 3.306878307E-05 2.066798942E-05
311.4 4.965572034E-05 -4.137976695E-05
311.6 5.79931071E-05 -4.142364793E-05
311.8 5.805467091E-05 -4.146762208E-05
312 6.641870351E-05 -4.055676564E-20
312.2 7.480053191E-05 8.311170213E-05
312.4 8.320021299E-05 4.16001065E-05
312.6 9.161780384E-05 -7.895589412E-20
312.8 9.171558164E-05 -7.687908534E-20
313 0.0001001602564 -1.654417332E-20
313.2 9.191176471E-05 1.662429785E-20
313.4 0.0001087392934 -2.091140257E-05
313.6 0.0001004823151 -1.793637748E-20
313.8 0.0001005901288 6.286883047E-05
314 9.230665951E-05 4.19575725E-05
314.2 9.240591398E-05 -4.200268817E-05
314.4 8.409580194E-05 2.102395048E-05
314.6 8.418642241E-05 4.209321121E-05
314.8 8.42772384E-05 -2.10693096E-05
315 8.436825054E-05 2.109206263E-05
315.2 7.601351351E-05 2.111486486E-05
315.4 6.764069264E-05 -6.341314935E-05
315.6 6.771397616E-05 -4.23212351E-05
315.8 5.931399132E-05 2.118356833E-05
316 4.241313789E-05 2.152505632E-20
316.2 3.39673913E-05 -4.245923913E-05
316.4 3.400435256E-05 -4.25054407E-05
316.6 3.404139434E-05 -4.639618705E-20
316.8 3.40785169E-05 4.259814613E-05
317 2.558679039E-05 3.064349434E-21
317.2 2.56147541E-05 -2.134562842E-05
317.4 2.564277899E-05 -2.136898249E-05
317.6 2.567086528E-05 -1.008737992E-20
317.8 2.569901316E-05 -4.488977416E-20
318 2.572722283E-05 -2.143935236E-05
318.2 1.717032967E-05 -2.146291209E-05
318.4 2.578382838E-05 -1.793883463E-20
318.6 1.720814978E-05 -2.151018722E-05
318.8 2.584068357E-05 -4.306780595E-05
319 2.58692053E-05 6.25775311E-21
319.2 2.589779006E-05 2.158149171E-05
319.4 1.728429204E-05 -4.569944365E-20
319.6 2.59551495E-05 -2.162929125E-05
319.8 2.598392461E-05 -4.170789186E-20
320 2.60127636E-05 -3.002716492E-20
320.2 2.604166667E-05 -4.926147564E-20
320.4 2.607063404E-05 2.172552836E-05
320.6 2.609966592E-05 2.17497216E-05
320.8 2.612876254E-05 -5.358806991E-20
321 2.615792411E-05 -2.179827009E-05
321.2 2.618715084E-05 -2.18226257E-05
321.4 2.621644295E-05 2.184703579E-05
321.6 1.749720045E-05 2.187150056E-05
321.8 1.751681614E-05 4.379204036E-05
322 8.768237935E-06 4.384118967E-05
322.2 8.778089888E-06 2.194522472E-05
322.4 0 -2.196991001E-05
322.6 0 -6.415918338E-21
322.8 0 2.201944758E-05
323 0 -4.408860045E-05
323.2 0 -2.206920904E-05
323.4 0 2.209417421E-05
323.6 0 3.536242646E-20
323.8 0 1.57344533E-20
324 0 8.867763905E-05
324.2 0 6.658380682E-05
324.4 0 2.417219689E-20
324.6 0 -2.224515945E-05
324.8 0 -4.454104903E-05
325 0 2.967505062E-20
325.2 0 2.232142857E-05
325.4 0 2.234696796E-05
325.6 0 2.237256586E-05
325.8 0 1.682466489E-20
326 0 2.2423938E-05
326.2 0 4.489942529E-05
326.4 0 2.247554661E-05
326.6 0 1.515103877E-20
326.8 0 2.252739331E-05
327 0 4.510681293E-05
327.2 0 4.515895954E-05
327.4 0 4.521122685E-05
327.6 0 2.263180765E-05
327.8 0 -1.534601244E-21
328 0 6.380935214E-20
328.2 0 7.769601301E-20
328.4 0 5.254823251E-21
328.6 0 -4.552738928E-05
328.8 0 -2.279025671E-05
329 0 4.563376168E-05
329.2 0 2.284356725E-05
329.4 0 2.16268225E-21
329.6 0 2.289712778E-05
329.8 0 2.292400235E-05
330 0 -1.646281191E-20
330.2 0 -3.293951954E-20
330.4 0 -2.300500589E-05
330.6 0 3.032492147E-20
330.8 0 2.103683276E-20
331 0 -2.308658392E-05
331.2 0 -0
331.4 0 4.628258294E-05
331.6 0 6.950622776E-05
331.8 0 4.639251781E-05
332 0 4.644768133E-05
332.2 0 4.650297619E-05
332.4 0 4.655840286E-05
332.6 0 4.661396181E-05
332.8 0 -2.518023327E-20
333 0 3.021277921E-20
333.2 0 2.339071856E-05
333.4 0 6.658219787E-21
333.6 0 -4.68937575E-05
333.8 0 -4.695012019E-05
334 0 2.350330927E-05
334.2 0 2.353162651E-05
334.4 0 2.356001206E-05
334.6 0 2.358846618E-05
334.8 0 1.480738147E-20
335 0 2.364558111E-05
335.2 0 2.367424242E-05
335.4 0 2.37029733E-05
335.6 0 5.071406906E-20
335.8 0 5.0734283E-20
336 0 2.378958587E-05
336.2 0 -1.619105603E-20
336.4 0 4.075683655E-20
336.6 0 -2.387683374E-05
336.8 0 -2.390605875E-05
337 0 2.544471663E-20
337.2 0 4.063341832E-20
337.4 0 4.798832924E-05
337.6 0 2.402367774E-05
337.8 0 -2.405326355E-05
338 0 -8.027914828E-21
338.2 0 -4.822530864E-05
338.4 0 -7.242737948E-05
338.6 9.668935644E-06 -2.417233911E-05
338.8 9.680916976E-06 2.420229244E-05
339 0 -2.42323201E-05
339.2 0 -2.426242236E-05
339.4 9.717039801E-06 -2.42925995E-05
339.6 9.729140722E-06 -7.296855542E-05
339.8 1.948254364E-05 -4.325993706E-21
340 9.753433208E-06 9.753433208E-05
340.2 1.953125E-05 7.32421875E-05
340.4 1.955569462E-05 1.302670946E-20
340.6 2.937030075E-05 -2.447525063E-05
340.8 3.920953576E-05 -4.90119197E-05
341 4.907349246E-05 -4.907349246E-05
341.2 5.896226415E-05 -7.370283019E-05
341.4 6.887594458E-05 -7.379565491E-05
341.6 7.881462799E-05 -2.462957125E-05
341.8 8.877840909E-05 -2.466066919E-05
342 8.889064475E-05 -2.469184576E-05
342.2 8.900316456E-05 -7.908505195E-21
342.4 7.921419518E-05 -4.950887199E-05
342.6 8.922906091E-05 -7.435755076E-05
342.8 8.934243964E-05 -7.445203304E-05
343 8.945610687E-05 -9.93956743E-05
343.2 8.957006369E-05 -4.97611465E-05
343.4 8.968431122E-05 5.788403776E-21
343.6 8.979885057E-05 -2.494412516E-05
343.8 8.991368286E-05 1.212187485E-20
344 9.002880922E-05 2.500800256E-05
344.2 9.014423077E-05 4.536314755E-20
344.4 9.025994865E-05 2.507220796E-05
344.6 7.029241645E-05 1.641671687E-21
344.8 6.032818533E-05 -7.541023166E-05
345 5.03382732E-05 -5.03382732E-05
345.2 4.032258065E-05 8.953411489E-21
345.4 3.028100775E-05 5.046834625E-05
345.6 2.021345408E-05 7.580045278E-05
345.8 1.011981865E-05 7.58986399E-05
346 0 5.066472114E-05
346.2 0 5.073051948E-05
346.4 0 2.539824447E-05
346.6 0 4.517509052E-21
346.8 0 7.639341591E-05
347 0 0.000127488577
347.2 0 5.10620915E-05
347.4 0 2.556446335E-05
347.6 0 7.679390564E-05
347.8 0 2.563156168E-05
348 0 5.13304862E-05
348.2 1.027960526E-05 0.0001027960526
348.4 1.029314888E-05 0.0001543972332
348.6 0 0.0001030672823
348.8 0 3.14334792E-20
349 0 2.583498677E-05
349.2 0 2.58692053E-05
349.4 0 4.60138853E-20
349.6 0 2.593791501E-05
349.8 0 5.194481383E-05
350 0 7.802097204E-05
350.2 0 0.0001302083333
350.4 0 0.0001303821762
350.6 0 7.833389037E-05
350.8 0 0.0001307312584
351 0 0.0001047252011
351.2 0 2.621644295E-05
351.4 0 -6.355193899E-20
351.6 0 -2.628701211E-05
351.8 0 5.264487871E-05
352 0 7.907388664E-05
352.2 0 7.918074324E-05
352.4 0 7.928788904E-05
352.6 0 7.93953252E-05
352.8 0 5.300203528E-05
353 0 -2.653702446E-05
353.2 0 -4.296169603E-20
353.4 0 5.321866485E-05
353.6 0 -2.664563438E-05
353.8 0 -5.336407104E-05
354 0 -8.015560876E-05
354.2 0 -5.351027397E-05
354.4 0 2.679183813E-05
354.6 0 -2.682864011E-05
354.8 0 -8.059662999E-05
355 0 -0.000134512741
355.2 0 -8.081896552E-05
355.4 0 -0
355.6 0 5.402835408E-05
355.8 0 5.41031856E-05
356 0 3.112532488E-20
356.2 0 -2.891205793E-20
356.4 0 -2.716446453E-05
356.6 1.088091922E-05 -2.720229805E-05
356.8 2.179218968E-05 -4.055810129E-20
357 2.18226257E-05 -2.849365388E-20
357.2 3.277972028E-05 7.560201163E-21
357.4 4.3767507E-05 1.68241826E-20
357.6 5.478611501E-05 2.224971963E-20
357.8 6.583567416E-05 -2.74315309E-05
358 7.691631505E-05 -5.494022504E-05
358.2 7.702464789E-05 -2.750880282E-05
358.4 7.713328632E-05 -2.936062301E-20
358.6 8.827683616E-05 -2.75865113E-05
358.8 8.840169731E-05 -6.350616406E-20
359 8.852691218E-05 -2.763191157E-20
359.2 8.865248227E-05 -2.770390071E-05
359.4 8.877840909E-05 -5.548650568E-05
359.6 7.77916074E-05 -8.334815078E-05
359.8 6.677350427E-05 -5.564458689E-05
360 5.572396576E-05 -2.786198288E-05
360.2 4.464285714E-05 2.790178571E-05
360.4 3.353004292E-05 2.794170243E-05
360.6 2.238538682E-05 -5.001296565E-22
360.8 1.120875179E-05 2.802187948E-05
361 0 5.612428161E-05
361.2 0 2.810251799E-05
361.4 0 -2.814301153E-05
361.6 0 -1.25685626E-20
361.8 0 2.822434971E-05
362 0 -2.826519537E-05
362.2 0 -2.830615942E-05
362.4 0 -2.088620746E-21
362.6 0 -1.437616593E-20
362.8 0 -2.84297671E-05
363 0 5.542648758E-21
363.2 0 -2.737008701E-20
363.4 0 -5.579519952E-20
363.6 0 5.719253294E-05
363.8 0 1.017433124E-20
364 0 -5.736049927E-05
364.2 0 -8.616727941E-05
364.4 0 -0.0001150589102
364.6 0 -0.0001152286136
364.8 0 -8.654911374E-05
365 0 -8.667714497E-05
365.2 0 -8.680555556E-05
365.4 0 -2.897811573E-05
365.6 0 -5.80423477E-05
365.8 0 -0.0001162574405
366 0 -8.732302534E-05
366.2 0 -5.830223881E-05
366.4 0 -5.838938714E-05
366.6 0 -2.92383982E-05
366.8 0 -2.928223388E-05
367 0 -5.86524024E-05
367.2 0 -5.87406015E-05
367.4 0 -2.941453313E-05
367.6 0 2.945889894E-05
367.8 0 2.950339879E-05
368 0 -3.674149571E-20
368.2 0 2.959280303E-05
368.4 0 2.963770865E-05
368.6 0 -5.936550152E-05
368.8 2.378234399E-05 -0.0001486396499
369 4.763719512E-05 -0.0001488662348
369.2 7.15648855E-05 -8.945610687E-05
369.4 8.362003058E-05 -5.972859327E-05
369.6 9.571209801E-05 -5.982006126E-05
369.8 9.585889571E-05 5.991180982E-05
370 9.600614439E-05 0.0001200076805
370.2 9.615384615E-05 -8.006416043E-20
370.4 0.0001203775039 -6.018875193E-05
370.6 0.0001326195988 -5.889493283E-20
370.8 0.0001448995363 6.03748068E-05
371 0.000145123839 3.023413313E-05
371.2 0.0001332364341 9.084302326E-05
371.4 0.0001091809006 0.0001213121118
371.6 8.505054432E-05 0.0001215007776
371.8 6.084501558E-05 0.0002129575545
372 4.875195008E-05 0.0001828198128
372.2 3.662109375E-05 9.155273438E-05
372.4 4.890453834E-05 3.056533646E-05
372.6 7.347178683E-05 7.73748385E-21
372.8 7.358712716E-05 6.132260597E-05
373 6.141902516E-05 0.0001535475629
373.2 4.921259843E-05 0.0001230314961
373.4 4.929022082E-05 0.0001232255521
373.6 4.936808847E-05 6.171011058E-05
373.8 6.180775316E-05 -3.090387658E-05
374 8.666798732E-05 3.095285261E-05
374.2 0.0001116071429 9.300595238E-05
374.4 0.0001117845787 0.0001552563593
374.6 0.0001119625796 0.0002177050159
374.8 8.722089314E-05 0.0002180522329
375 6.240015974E-05 0.0001560003994
375.2 6.25E-05 0.00015625
375.4 6.260016026E-05 0.000250400641
375.6 6.270064205E-05 0.0001881019262
375.8 6.280144695E-05 6.280144695E-05
376 7.548309179E-05 0.0001572564412
376.2 8.820564516E-05 0.0001260080645
376.4 8.834814216E-05 6.310581583E-05
376.6 8.849110032E-05 0.0001264158576
376.8 8.863452188E-05 9.496555916E-05
377 8.877840909E-05 3.170657468E-05
377.2 0.0001016260163 3.175813008E-05
377.4 0.0001145154723 3.180985342E-05
377.6 0.0001274469821 3.186174551E-05
377.8 0.0001276552288 6.382761438E-05
378 0.0001150777414 0.0001278641571
378.2 0.0001024590164 0.0001280737705
378.4 8.979885057E-05 6.414203612E-05
378.6 7.709703947E-05 3.212376645E-05
378.8 7.722405272E-05 5.091031125E-20
379 7.735148515E-05 -3.222978548E-05
379.2 7.747933884E-05 -6.45661157E-05
379.4 7.760761589E-05 -5.417379508E-20
379.6 6.478026534E-05 3.239013267E-05
379.8 5.1910299E-05 3.244393688E-05
380 3.899750416E-05 9.74937604E-05
380.2 2.604166667E-05 3.255208333E-05
380.4 1.304257095E-05 -5.045179796E-20
380.6 0 9.798285953E-05
380.8 0 3.271566164E-05
381 0 -9.831166107E-05
381.2 0 -9.847689076E-05
381.4 1.31523569E-05 2.336327914E-20
381.6 2.634907251E-05 3.293634064E-05
381.8 3.959037162E-05 -3.51633137E-20
382 5.287648054E-05 -6.609560068E-05
382.2 6.620762712E-05 -9.931144068E-05
382.4 7.958404075E-05 -0.0001658000849
382.6 7.971938776E-05 -0.0001992984694
382.8 7.985519591E-05 -0.0001330919932
383 9.332337884E-05 -9.998933447E-05
383.2 0.0001068376068 -3.10433326E-20
383.4 0.0001203981164 6.688784247E-05
383.6 0.0001340051458 -6.70025729E-05
383.8 0.0001610824742 -0.0002013530928
384 0.0001748063683 -0.0002016996558
384.2 0.0001885775862 -0.0001683728448
384.4 0.0001889032815 -0.0001011981865
384.6 0.0002027465398 -3.379108997E-05
384.8 0.0002030979203 -6.769930676E-05
385 0.0002034505208 -0.0001356336806
385.2 0.0002038043478 -0.0001358695652
385.4 0.0002041594077 -0.0001361062718
385.6 0.0002045157068 -6.817190227E-05
385.8 0.000191215035 -6.829108392E-05
386 0.0001778677758 -0.000136821366
386.2 0.0001644736842 -6.853070175E-05
386.4 0.0001510325132 -6.865114236E-05
386.6 0.0001375440141 -6.877200704E-05
386.8 0.0001240079365 -7.933346648E-21
387 0.0001242270318 -3.450750883E-05
387.2 0.0001244469027 -0.0001037057522
387.4 0.0001246675532 -6.925975177E-05
387.6 0.0001248889876 6.938277087E-05
387.8 0.00012511121 -6.950622776E-05
388 0.0001253342246 -0.0001740753119
388.2 0.0001255580357 -6.975446429E-05
388.4 0.0001257826476 -6.987924866E-05
388.6 0.0001120071685 -7.000448029E-05
388.8 0.0001122082585 -3.506508079E-05
389 0.0001124100719 7.025629496E-05
389.2 0.0001126126126 0.0001759572072
389.4 9.871389892E-05 0.0001057648917
389.6 0.0001130198915 7.528637147E-20
389.8 0.0001273777174 -3.538269928E-05
390 0.0001417876588 -7.08938294E-05
390.2 0.0001704545455 -7.102272727E-05
390.4 0.0001849954463 3.51340975E-20
390.6 0.0001995894161 3.564096715E-05
390.8 0.0002142367459 5.222497427E-20
391 0.0002289377289 5.981458045E-21
391.2 0.0002436926606 -3.583715596E-05
391.4 0.0002585018382 -3.590303309E-05
391.6 0.0002733655617 2.262775198E-20
391.8 0.0002882841328 5.317855496E-20
392 0.0002888170055 -3.610212569E-05
392.2 0.0003038194444 7.233796296E-05
392.4 0.0003043831169 3.623608534E-05
392.6 0.0002904275093 -0.000108910316
392.8 0.0002764199255 9.208351491E-20
393 0.0002623600746 7.287779851E-05
393.2 0.0002336448598 0.000109521028
393.4 0.0002194522472 0.0001828768727
393.6 0.000205206379 0.0002198639775
393.8 0.0001909069549 0.0002569901316
394 0.0001912664783 0.0001471280603
394.2 0.0001768867925 3.273063162E-20
394.4 0.000191989603 7.384215501E-05
394.6 0.0002071496212 7.228014483E-20
394.8 0.0002371916509 9.597975399E-20
395 0.0002524952471 0.000111394962
395.2 0.0002529761905 7.44047619E-05
395.4 0.0002534589695 3.727337786E-05
395.6 0.0002539435946 6.977403862E-20
395.8 0.0002544300766 4.926247922E-20
396 0.0002549184261 3.748800384E-05
396.2 0.0002554086538 0.0001126802885
396.4 0.0002559007707 0.0001881623314
396.6 0.0002413127413 0.0001885255792
396.8 0.0002417794971 0.0001133341393
397 0.0002573885659 7.570251938E-05
397.2 0.0002578883495 7.584951456E-05
397.4 0.0002583900778 0.0001519941634
397.6 0.0002588937622 3.807261209E-05
397.8 0.0002593994141 7.629394531E-05
398 0.0002751956947 3.822162427E-05
398.2 0.0002910539216 1.224510689E-19
398.4 0.0003069744597 7.674361493E-05
398.6 0.0003229576772 7.689468504E-05
398.8 0.0003081854043 0.0001926158777
399 0.0003087944664 7.71986166E-05
399.2 0.0003094059406 7.735148515E-05
399.4 0.0003100198413 7.750496032E-05
399.6 0.0003106361829 -0.0001553180915
399.8 0.0002956922311 -0.00015562749
400 0.0002806886228 3.898453094E-05
400.2 0.000265625 -0.0001171875
400.4 0.000250501002 -0.0002348446894
400.6 0.0002353162651 -0.0001176581325
400.8 0.0002200704225 -7.859657948E-05
401 0.0002205141129 -3.937752016E-05
401.2 0.0002051767677 -9.398685274E-21
401.4 0.0001897773279 3.183396872E-20
401.6 0.0001743154158 3.596752831E-20
401.8 0.0001587906504 7.93953252E-05
402 0.0001432026477 3.977851324E-05
402.2 0.0001275510204 -7.971938776E-05
402.4 0.0001118353783 -0.0001198236196
402.6 9.605532787E-05 -0.0001600922131
402.8 8.021047228E-05 -0.0001604209446
403 6.430041152E-05 -0.000200938786
403.2 6.443298969E-05 -8.054123711E-05
403.4 4.842458678E-05 4.21255582E-20
403.6 3.234989648E-05 -8.08747412E-05
403.8 1.620850622E-05 -4.052126556E-05
404 0 -3.039581586E-21
404.2 0 -8.138020833E-05
404.4 0 -1.873745262E-20
404.6 0 -2.238708032E-21
404.8 0 -0.0001228380503
405 0 -0.0001230961134
405.2 0 -0.0001233552632
405.4 0 -4.120516878E-05
405.6 0 -1.176678672E-19
405.8 0 -0.0001655190678
406 0 -0.0002488057325
406.2 0 -0.0001662234043
406.4 0 -0.0001249333689
406.6 0 -0.0001669337607
406.8 0 -0.0002509368308
407 0 -0.0002095627682
407.2 0 -0.0001680107527
407.4 0 -0.0001262796336
407.6 0 -0.0001265523758
407.8 0 -0.0001268262987
408 0 -8.473427332E-05
408.2 0 -4.245923913E-05
408.4 0 -4.255174292E-05
408.6 0 -0.000127933952
408.8 0 -0.000128213895
409 0 -8.566337719E-05
409.2 0 -8.585164835E-05
409.4 0 -0.0001290611233
409.6 0 -8.623068433E-05
409.8 0 -0.0001296321903
410 0 -0.0001732261641
410.2 1.736111111E-05 -8.680555556E-05
410.4 1.739977728E-05 5.408937342E-20
410.6 1.743861607E-05 0.0001743861607
410.8 3.495525727E-05 0.0002184703579
411 5.255044843E-05 0.0001751681614
411.2 5.266853933E-05 4.389044944E-05
411.4 7.038288288E-05 -0.0001319679054
411.6 5.290632054E-05 -0.0001322658014
411.8 3.535067873E-05 -4.418834842E-05
412 1.77154195E-05 -0
412.2 0 4.438920455E-05
412.4 0 8.898063781E-05
412.6 0 4.459189498E-05
412.8 0 -2.843319381E-20
413 0 -4.479644495E-05
413.2 0 -8.979885057E-05
413.4 0 -9.000576037E-05
413.6 0 -9.021362587E-05
413.8 0 7.960866903E-20
414 0 9.063225058E-05
414.2 0 -1.18271849E-21
414.4 0 9.105477855E-05
414.6 0 0.000136901285
414.8 0 4.574063232E-05
415 0 0.0001833920188
415.2 0 9.191176471E-05
415.4 0 -4.606426887E-05
415.6 0 -4.617316785E-05
415.8 0 -4.290081064E-20
416 0 -1.901230689E-19
416.2 0 -9.300595238E-05
416.4 0 5.221446756E-20
416.6 0 5.739337942E-20
416.8 0 -4.683752998E-05
417 0 -4.695012019E-05
417.2 0 -0.000188253012
417.4 0 -0.0001415307971
417.6 0 -9.458232446E-05
417.8 0 -4.74059466E-05
418 0 9.504257908E-05
418.2 0 4.763719512E-05
418.4 1.910146699E-05 -4.775366748E-05
418.6 3.829656863E-05 -5.596495252E-20
418.8 5.758599509E-05 -4.798832924E-05
419 7.697044335E-05 -0.0001924261084
419.2 7.716049383E-05 -0.0001929012346
419.4 7.735148515E-05 -0.0001450340347
419.6 7.754342432E-05 -5.471614161E-20
419.8 7.773631841E-05 -5.600394343E-20
420 7.793017456E-05 9.74127182E-05
420.2 5.859375E-05 0.000146484375
420.4 3.9160401E-05 4.895050125E-05
420.6 1.962939698E-05 4.907349246E-05
420.8 0 -4.919710327E-05
421 0 -4.932133838E-05
421.2 0 -9.004321911E-20
421.4 0 4.957170051E-05
421.6 0 9.93956743E-05
421.8 0 -4.42531499E-20
422 0 4.852594852E-20
422.2 0 5.008012821E-05
422.4 0 -0
422.6 0 3.576749435E-20
422.8 0 1.792995841E-20
423 0 -5.059909326E-05
423.2 0 -9.813759636E-20
423.4 0 5.086263021E-05
423.6 0 -3.258594286E-20
423.8 0 -2.979521129E-20
424 0 -5.126312336E-05
424.2 0 -0.0001541940789
424.4 0 -0.0001546009235
424.6 0 -5.166997354E-05
424.8 0 3.681110824E-20
425 0 -2.76817576E-20
425.2 0 -1.295260195E-19
425.4 0 -5.222259358E-05
425.6 0 5.236260054E-05
425.8 0 0.0002100134409
426 0 0.0001579346361
426.2 0 -5.278716216E-05
426.4 0 -0.0001587906504
426.6 0 -2.858062864E-20
426.8 0 5.321866485E-05
427 0 -0.0001067281421
427.2 0 -0.0001605308219
427.4 0 1.906289534E-20
427.6 0 0.0001614152893
427.8 0 5.395372928E-05
428 0 -5.41031856E-05
428.2 0 -5.056130265E-20
428.4 0 5.44045961E-05
428.6 0 0.0001091131285
428.8 0 0.0001094187675
429 0 0.0001097261236
429.2 0 5.501760563E-05
429.4 0 -2.671442173E-20
429.6 0 5.532932011E-05
429.8 0 -1.971276677E-20
430 0 -0.0001112891738
430.2 0 -0.0001116071429
430.4 0 -6.470802996E-20
430.6 0 5.612428161E-05
430.8 0 -5.628602305E-05
431 0 -0.0002257947977
431.2 0 -0.0002830615942
431.4 0 -5.677688953E-05
431.6 0 0.0001138848397
431.8 0 0.0001142178363
432 0 0.0001145527859
432.2 0 0.0001148897059
432.4 0 0.0001152286136
432.6 0 5.778476331E-05
432.8 0 1.303206388E-19
433 0 5.530053705E-20
433.2 0 -1.822086093E-20
433.4 0 8.08519159E-20
433.6 0 -5.364914647E-20
433.8 0 -3.380418688E-20
434 0 -5.900679758E-05
434.2 0 -0.0001183712121
434.4 0 -0.000118731003
434.6 0 -0.0001190929878
434.8 0 -0.0001194571865
435 0 -5.991180982E-05
435.2 0 -6.009615385E-05
435.4 0 6.02816358E-05
435.6 0 0.0001814047988
435.8 0 0.0001213121118
436 0 0.0001216900312
436.2 0 6.103515625E-05
436.4 0 6.122648903E-05
436.6 0 0.0001228380503
436.8 0 0.0001232255521
437 0 0.0001236155063
437.2 0 0.0001240079365
437.4 0 0.0001244028662
437.6 0 0.0001248003195
437.8 0 0.0001252003205
438 0 0.0001256028939
438.2 0 0.0001260080645
438.4 0 0.0001264158576
438.6 0 0.0001268262987
438.8 0 0.0001272394137
439 0 0.0001276552288
439.2 0 0.0001280737705
439.4 0 0.0001284950658
439.6 0 0.0001289191419
439.8 0 0.0001293460265
440 0 0.0001297757475
440.2 0 0.0001302083333
440.4 0 0.0001306438127
440.6 0 0.0001310822148
440.8 2.63047138E-05 0.000131523569
441 5.278716216E-05 0.0001319679054
441.2 7.944915254E-05 0.0001324152542
441.4 0.000106292517 0.0001328656463
441.6 0.0001333191126 0.0001333191126
441.8 0.0001070205479 6.688784247E-05
442 8.054123711E-05 -3.568163241E-20
442.2 5.387931034E-05 6.734913793E-05
442.4 2.703287197E-05 0.0001351643599
442.6 0 -6.023345403E-20
442.8 0 -0.0001361062718
443 0 -6.829108392E-05
443.2 0 -6.853070175E-05
443.4 0 -0.0001375440141
443.6 0 -6.901501767E-05
443.8 0 -9.866338368E-20
444 0 -6.950622776E-05
444.2 0 -0.0001395089286
444.4 0 -7.000448029E-05
444.6 0 -7.025629496E-05
444.8 0 -2.137237614E-20
445 0 0.0001415307971
445.2 0 7.102272727E-05
445.4 0 -3.660460764E-20
445.6 2.861721612E-05 7.154304029E-05
445.8 2.872242647E-05 0.0001436121324
446 2.882841328E-05 7.207103321E-05
446.2 5.787037037E-05 -7.233796296E-05
446.4 8.712825279E-05 -0.0001452137546
446.6 0.0001166044776 -0.000145755597
446.8 0.0001463014981 -0.0001463014981
447 0.0001762218045 -7.342575188E-05
447.2 0.0002063679245 -7.370283019E-05
447.4 0.0002367424242 -7.398200758E-05
447.6 0.0002673479087 -2.905161883E-20
447.8 0.0002981870229 -2.481548706E-19
448 0.0002693965517 -7.483237548E-05
448.2 0.0002704326923 -7.512019231E-05
448.4 0.0003016409266 -7.999422141E-20
448.6 0.0003028100775 7.570251938E-05
448.8 0.0003039883268 -7.599708171E-05
449 0.0003051757812 -0.0002288818359
449.2 0.0003370098039 -7.659313725E-05
449.4 0.0003383366142 -7.689468504E-05
449.6 0.000339673913 -0.0001543972332
449.8 0.0003720238095 1.306994489E-20
450 0.0003423804781 -7.781374502E-05
450.2 0.00034375 -0.000234375
450.4 0.0003765060241 2.988219254E-21
450.6 0.0003780241935 0.0001575100806
450.8 0.0003795546559 9.79185352E-20
451 0.0004128556911 -6.272674182E-20
451.2 0.0004464285714 0.0001594387755
451.4 0.0004802766393 8.004610656E-05
451.6 0.0004501028807 0.0001607510288
451.8 0.0004196797521 0.0002421229339
452 0.0003890041494 0.0001620850622
452.2 0.0003580729167 0.000244140625
452.4 0.0003595711297 0.0003268828452
452.6 0.0003282563025 0.0002461922269
452.8 0.0003296413502 0.0001648206751
453 0.0003310381356 0.0001655190678
453.2 0.0003324468085 0.0002493351064
453.4 0.0003338675214 0.000250400641
453.6 0.0003353004292 8.38251073E-05
453.8 0.0003367456897 8.418642241E-05
454 0.0003043831169 8.45508658E-05
454.2 0.0003057065217 -7.524658594E-20
454.4 0.0003070414847 0.0001705786026
454.6 0.0003083881579 0.0002569901316
454.8 0.000309746696 8.590806901E-20
455 0.0003111172566 2.163976871E-19
455.2 0.0003125 0.0001736111111
455.4 0.0003138950893 0.0002615792411
455.6 0.0002802690583 0.0003503363229
455.8 0.0002815315315 0.0001759572072
456 0.0002474547511 1.832661062E-20
456.2 0.0002130681818 -0.0001775568182
456.4 0.0002140410959 -0.0001783675799
456.6 0.0002150229358 1.953142708E-19
456.8 0.0002160138249 1.313048239E-19
457 0.0001808449074 8.052927571E-20
457.2 0.0001453488372 -6.415731094E-20
457.4 0.000109521028 4.484546781E-20
457.6 7.335680751E-05 1.964506938E-19
457.8 3.685141509E-05 -9.212853774E-05
458 0 -0.0001851303318
458.2 0 -0.0001860119048
458.4 0 -0.0001869019139
458.6 0 -9.390024038E-05
458.8 0 -0.0001887077295
459 0 -0.0002844356796
459.2 0 -9.527439024E-05
459.4 0 -9.574142157E-05
459.6 0 -9.621305419E-05
459.8 0 5.896039208E-20
460 0 4.762508629E-20
460.2 0 9.765625E-05
460.4 0 -2.389327213E-19
460.6 0 -1.824674974E-19
460.8 0 0.000198286802
461 0 2.180633112E-19
461.2 0 0.0001001602564
461.4 0 0.0002013530928
461.6 0 4.086552559E-19
461.8 0 0.0001017252604
462 0 0.0001022578534
462.2 0 2.020745513E-19
462.4 0 2.646017619E-19
462.6 0 0.0001038896277
462.8 0 1.426367627E-19
463 0 -0.0001050067204
463.2 0 0.0001055743243
463.4 0 0.0001061480978
463.6 0 9.438306556E-20
463.8 0 3.004560919E-19
464 0 2.55911792E-19
464.2 0 3.463115095E-20
464.4 0 5.070848219E-20
464.6 0 -1.688515878E-19
464.8 0 0.0001103460452
465 0 0.0001109730114
465.2 0 -1.402589388E-22
465.4 0 1.837524061E-19
465.6 0 1.208306634E-19
465.8 0 -0.0001135537791
466 0 -0.0001142178363
466.2 0 1.5235571E-19
466.4 0 -5.239963839E-20
466.6 0 -2.713924879E-19
466.8 0 -1.55293782E-19
467 0 -6.889717952E-20
467.2 0 -1.372568003E-19
467.4 0 0.0001190929878
467.6 0 0.0001198236196
467.8 0 0.0001205632716
468 0 0.0001213121118
468.2 0 0.0001220703125
468.4 0 3.318297176E-20
468.6 0 -0.0001236155063
468.8 0 -0.0001244028662
469 0 -0.0001252003205
469.2 0 -0.0001260080645
469.4 0 -1.434747939E-19
469.6 0 0.0001276552288
469.8 0 5.812688573E-20
470 0 0.0001293460265
470.2 0 0.0002604166667
470.4 0 0.0001310822148
470.6 0 -9.142463302E-20
470.8 0 -3.161862987E-20
471 0 -0.0001337756849
471.2 0 -0.0002693965517
471.4 0 -0.0002712673611
471.6 0 -0.0001365821678
471.8 5.501760563E-05 -3.985161232E-20
472 0.0001108156028 -1.566688688E-19
472.2 0.0001674107143 0.0001395089286
472.4 0.0001686151079 0.0001405125899
472.6 0.0001698369565 1.26606725E-19
472.8 0.0002281021898 -1.900697807E-19
473 0.0002297794118 0.0001436121324
473.2 0.0002314814815 0.0001446759259
473.4 0.0001749067164 5.178279033E-20
473.6 0.0001762218045 -0.0001468515038
473.8 0.0001775568182 -0.0001479640152
474 0.0001192748092 0.0001490935115
474.2 6.009615385E-05 0.0001502403846
474.4 0 0.0003028100775
474.6 6.103515625E-05 0.0001525878906
474.8 0.0001230314961 -0.0004613681102
475 0.0001860119048 -0.0004650297619
475.2 0.0003125 -0.00015625
475.4 0.0004410282258 0.0001575100806
475.6 0.0005716463415 0.0001587906504
475.8 0.0005763319672 0.0001600922131
476 0.0005810950413 0.0001614152893
476.2 0.0006510416667 3.861097166E-19
476.4 0.0007221638655 2.435627046E-19
476.6 0.0007944915254 -1.02535253E-19
476.8 0.0008012820513 1.70849379E-19
477 0.0008081896552 2.660949402E-20
477.2 0.0007472826087 0.0001698369565
477.4 0.0006853070175 0.0001713267544
477.6 0.0006222345133 1.850468572E-19
477.8 0.0005580357143 3.399349495E-21
478 0.0005630630631 1.410844076E-20
478.2 0.0005681818182 -4.761954898E-19
478.4 0.0006450688073 -0.0001791857798
478.6 0.0007233796296 -0.0003616898148
478.8 0.0008031542056 -0.0001825350467
479 0.0008844339623 1.242447078E-19
479.2 0.0009672619048 0.0001860119048
479.4 0.0009765625 0.0001878004808
479.6 0.001061893204 4.797599972E-19
479.8 0.001148897059 -0.0003829656863
480 0.001237623762 -0.0003867574257
480.2 0.00125 0.0001953125
480.4 0.001183712121 0.0001972853535
480.6 0.001195790816 2.144135987E-19
480.8 0.001208118557 -0.0002013530928
481 0.001220703125 -0.0002034505208
481.2 0.001151315789 1.748050006E-19
481.4 0.001080452128 0.0002077792553
481.6 0.001092069892 0.0002100134409
481.8 0.001103940217 6.619706125E-20
482 0.001116071429 -2.011072368E-19
482.2 0.001041666667 -5.408314597E-20
482.4 0.001053370787 0.0002194522472
482.6 0.001065340909 0.0004438920455
482.8 0.0009877873563 0.0004489942529
483 0.0009084302326 -3.683131024E-19
483.2 0.0008272058824 -0.0004595588235
483.4 0.000744047619 -0.0004650297619
483.6 0.0006588855422 5.177730167E-20
483.8 0.0005716463415 0.0004763719512
484 0.0004822530864 0.0002411265432
484.2 0.000390625 5.286724213E-19
484.4 0.0002966772152 -0.0002472310127
484.6 0.0002003205128 -0.0005008012821
484.8 0.0002029220779 -0.0002536525974
485 0.0001027960526 7.540744005E-19
485.2 0 9.155839814E-20
485.4 0 0.0002639358108
485.6 0 0.0005351027397
485.8 0 0.0002712673611
486 0 -6.275111811E-19
486.2 0 -1.517649228E-19
486.4 0 -1.99135935E-19
486.6 0 8.717951452E-19
486.8 0 -0.000291511194
487 0 -0.0002959280303
487.2 0 4.520544386E-20
487.4 0 -5.84595198E-20
487.6 0 3.309042502E-19
487.8 0 3.468780458E-19
488 0 -0.0003201844262
488.2 0 -0.0006510416667
488.4 0 -0.0003310381356
488.6 0 -4.228861191E-19
488.8 0 -6.367827043E-19
489 0 -4.182620248E-19
489.2 0 -1.562540741E-19
489.4 0 -1.959846948E-19
489.6 0 -3.275310265E-20
489.8 0 7.019589127E-19
490 0 1.425253785E-18
490.2 0 2.782090103E-19
490.4 0 -4.028296399E-19
490.6 0 -5.082699346E-19
490.8 0 -9.118393056E-19
491 0 -1.154233325E-18
491.2 0 0.0004340277778
491.4 0 0.0008877840909
491.6 0 0.0009084302326
491.8 0 0.0004650297619
492 0 2.796309802E-19
492.2 0 5.665845549E-19
492.4 0 7.896135734E-19
492.6 0 1.149890849E-18
492.8 0 9.482893446E-19
493 0 -3.848844152E-19
493.2 0 4.826047656E-19
493.4 0 5.801458605E-19
493.6 0 6.008590598E-19
493.8 0 6.980172958E-19
494 0 1.589992841E-18
494.2 0 2.307035369E-18
494.4 0 8.747388233E-19
494.6 0 -3.492154593E-20
494.8 0 1.315361781E-18
495 0 2.323033185E-18
495.2 0 1.719977955E-18
495.4 0 -0.0008138020833
495.6 0 -0.001698369565
495.8 0 -0.001775568182
496 0 -0.0009300595238
496.2 0 4.560756891E-19
496.4 0 -7.73288113E-19
496.6 0 -1.233136215E-18
496.8 0 -1.703701242E-18
497 0 -2.085907686E-18
497.2 0 9.288859552E-19
497.4 0 4.430045835E-19
497.6 0 1.67821691E-18
497.8 0 1.766673265E-18
498 0 5.416769038E-19
498.2 0 2.827703014E-18
498.4 0 -2.091025867E-18
498.6 0 6.8502843E-19
498.8 0 -1.337630964E-18
499 0 1.716841474E-18
499.2 0 1.663032701E-18
499.4 0 -2.447314553E-18
499.6 0 -7.294981407E-18
499.8 0 -2.299208971E-17
500 0 2.396601889E-18
