0 0.007334566174 0.0001327593962
0.2 0.0064875 0.00159375
0.4 0.006077430972 0.000468937575
0.6 0.005767113691 0.0003127502002
0.8 0.005553539247 0.0003363411093
1 0.005311623598 0.0003443008814
1.2 0.005072645291 0.0001957039078
1.4 0.004852270449 0.0001096381315
1.6 0.004653655235 5.484105495E-05
1.8 0.004495636035 0.0001097261236
2 0.004346898836 0.0001332923525
2.2 0.004191767068 0.0002353162651
2.4 0.004030233025 0.0003374221575
2.6 0.003887409566 0.0002041047026
2.8 0.003725623241 0.0001256533977
3 0.003576277152 0.0001414169348
3.2 0.003445674044 0.0001100352113
3.4 0.003314965781 0.000125805153
3.6 0.003187298631 8.652587596E-05
3.8 0.003084709911 7.082242143E-05
4 0.002985187424 0.0001023402862
4.2 0.002891885081 3.937752016E-05
4.4 0.002811113352 -3.93934046E-05
4.6 0.002730276433 -1.576372074E-05
4.8 0.002633604158 -1.680797877E-20
5 0.002555785541 5.521758885E-05
5.2 0.002449494949 5.523989899E-05
5.4 0.002368381164 3.157841552E-05
5.6 0.002284042661 7.897796199E-05
5.8 0.002209117112 0.0001027128843
6 0.00210567584 0.0001264670174
6.2 0.002027454453 7.907388664E-06
6.4 0.001964990887 -3.955295666E-05
6.6 0.001880318071 -1.582759319E-05
6.8 0.001792409809 -2.375101338E-05
7 0.001717102595 -7.920214923E-06
7.2 0.001644903651 1.584685598E-05
7.4 0.001566304789 -4.755986201E-05
7.6 0.001509845717 -9.515834348E-05
7.8 0.001446994314 2.379924858E-05
8 0.001377742787 -2.380891914E-05
8.2 0.001324314024 -0.0001270325203
8.4 0.001289904433 -0.0001191414193
8.6 0.001255466843 -0.0001271358828
8.8 0.00121464184 -0.0001351368539
9 0.001192869503 -8.747709691E-05
9.2 0.001164714868 3.182281059E-05
9.4 0.001126986553 2.387683374E-05
9.6 0.001108336731 -7.962189156E-06
9.8 0.001070554649 -6.372349103E-05
10 0.001048679111 -0.0001434363525
10.2 0.00102997449 -0.0001036352041
10.4 0.0009984942834 -8.772713352E-05
10.6 0.0009733711193 -8.776296977E-05
10.8 0.0009482274213 -2.39451369E-05
11 0.0009294511447 -2.395492641E-05
11.2 0.0009042689162 -7.988241309E-05
11.4 0.0008758694763 -0.0001198726473
11.6 0.0008634363488 -9.593737208E-05
11.8 0.000822200041 -4.798832924E-05
12 0.0007969326096 2.842643959E-21
12.2 0.0007716444672 -1.600922131E-05
12.4 0.0007367261173 -0.0001201183887
12.6 0.0007049835931 -0.0001442011895
12.8 0.0006956555191 -0.0001282314321
13 0.0006895268883 -0.0001122485632
13.2 0.0006705595483 -0.000104273614
13.4 0.0006676253081 -0.0001685111956
13.6 0.0006550554871 -0.0001364698931
13.8 0.0006456877056 -0.0001204641242
14 0.0006427396133 -0.0001285479227
14.2 0.0006333590535 -2.411265432E-05
14.4 0.0006239707699 -4.824516262E-05
14.6 0.0006242277595 -0.0001287067545
14.8 0.0006212659662 -7.242737948E-05
15 0.0006118610882 -5.635562655E-05
15.2 0.0006121134021 -6.443298969E-05
15.4 0.0006026969884 -1.611489274E-05
15.6 0.000596497111 -4.030385885E-05
15.8 0.0005935177539 -1.612819983E-05
16 0.0005873089632 -1.674445239E-20
16.2 0.0005843233471 -3.228305785E-05
16.4 0.0005845649029 -3.229640347E-05
16.6 0.0005815756824 8.077440033E-06
16.8 0.0005785839884 -5.656547373E-05
17 0.0005788234685 -4.850475993E-05
17.2 0.0005693581781 2.426242236E-05
17.4 0.0005598850456 -8.090824358E-06
17.6 0.0005504040613 -1.618835475E-05
17.8 0.0005538712687 -5.668273217E-05
18 0.000547620282 -4.050445873E-05
18.2 0.0005316390041 -5.672977178E-05
18.4 0.0005221305521 -8.107617269E-05
18.6 0.0005158585963 -3.244393688E-05
18.8 0.0005063356876 -2.43430619E-05
19 0.0004968048628 -2.435317955E-05
19.2 0.0004872661123 -4.872661123E-05
19.4 0.000487468802 -8.124480033E-05
19.6 0.0004779182272 -2.438358302E-05
19.8 0.0004748646961 -2.439373439E-05
20 0.0004587932112 -9.761557684E-05
20.2 0.0004524739583 -0.0001383463542
20.4 0.0004461494373 -0.0001465454356
20.6 0.0004365617181 -0.0001058825063
20.8 0.0004367438465 -8.148206091E-05
21 0.0004271441987 -5.706124791E-05
21.2 0.0004175365344 -8.155010438E-06
21.4 0.0004079208438 -6.231671635E-21
21.6 0.0003982971166 8.16182616E-06
21.8 0.0003886653428 1.633047659E-05
22 0.0003790255123 -2.450595985E-05
22.2 0.0003661087866 -4.903242678E-05
22.4 0.0003597216409 -5.722844286E-05
22.6 0.0003467860134 -3.271566164E-05
22.8 0.0003272936741 8.182341852E-06
23 0.0003110593043 3.274308466E-05
23.2 0.0002915356394 -8.189203354E-06
23.4 0.0002818267617 -3.277055369E-05
23.6 0.000262274444 8.196076374E-06
23.8 0.0002492653233 8.199517212E-06
24 0.0002362452751 8.202960941E-06
24.2 0.0002297794118 2.461922269E-05
24.4 0.0002200241698 -1.641971417E-05
24.6 0.0002036900757 8.213309504E-06
24.8 0.0001840555322 3.286705932E-05
25 0.000174268729 8.220223064E-06
25.2 0.0001578947368 -8.223684211E-06
25.4 0.0001447978096 -2.468144482E-05
25.6 0.0001349820902 8.230615255E-06
25.8 0.0001218644604 -1.646817032E-05
26 0.0001186208351 -5.766290595E-05
26.2 0.0001087816456 -6.592827004E-05
26.4 0.0001022319544 -6.595609962E-05
26.6 0.0001022751267 -4.123997044E-05
26.8 9.241656105E-05 -8.251478665E-06
27 8.915363483E-05 8.254966188E-06
27.2 8.25845666E-05 4.12922833E-05
27.4 7.600994078E-05 6.609560068E-05
27.6 7.27359289E-05 1.653089293E-05
27.8 6.615156647E-05 -1.653789162E-05
28 5.956162643E-05 1.654489623E-05
28.2 5.627648305E-05 6.620762712E-05
28.4 4.967676982E-05 0.0001076330013
28.6 5.632421544E-05 2.484891858E-05
28.8 5.634811201E-05 -6.629189648E-05
29 5.637202886E-05 -3.316001698E-05
29.2 4.97611465E-05 -8.293524416E-06
29.4 4.978228547E-05 4.148523789E-05
29.6 4.316298343E-05 4.980344241E-05
29.8 4.982461735E-05 -1.660820578E-05
30 5.316886431E-05 8.307635049E-06
30.2 4.986702128E-05 4.155585106E-05
30.4 5.321413367E-05 2.494412516E-05
30.6 5.323679727E-05 8.318249574E-06
30.8 4.993076268E-05 -1.664358756E-05
31 5.328218244E-05 1.665068201E-05
31.2 5.996801706E-05 1.665778252E-05
31.4 6.665955631E-05 -2.499733362E-05
31.6 7.002240717E-05 -1.667200171E-05
31.8 7.33881298E-05 -4.169780102E-05
32 7.675672789E-05 -4.171561299E-05
32.2 8.012820513E-05 -1.669337607E-05
32.4 7.682235998E-05 4.17512826E-05
32.6 8.68798118E-05 5.012296835E-05
32.8 9.360290971E-05 2.507220796E-05
33 0.0001070205479 8.360980308E-06
33.2 0.00011375803 -5.018736617E-05
33.4 0.0001205012853 -7.506729695E-21
33.6 0.0001205529361 7.534558508E-05
33.8 0.0001206046312 5.862725129E-05
34 0.0001206563707 5.027348777E-05
34.2 0.0001207081545 5.029506438E-05
34.4 0.0001241144268 3.354443967E-05
34.6 0.0001342353952 2.51691366E-05
34.8 0.0001443650623 3.357327031E-05
35 0.000151144669 4.198463027E-05
35.2 0.0001512096774 5.040322581E-05
35.4 0.0001512747418 6.723321859E-05
35.6 0.0001547029703 4.203885062E-05
35.8 0.0001648632644 -1.682278208E-05
36 0.0001750323137 -5.049009048E-05
36.2 0.0001784752155 -1.683728448E-05
36.4 0.0001785521777 1.684454506E-05
36.6 0.0001786292062 1.34706741E-21
36.8 0.0001787063013 -6.887982727E-21
37 0.0001787834629 8.433182211E-06
37.2 0.0001788606911 -8.436825054E-06
37.4 0.0001823141746 8.440471046E-06
37.6 0.0001891482923 3.377648076E-05
37.8 0.0001892301038 -2.534331747E-05
38 0.0001893119862 -5.070856772E-05
38.2 0.0001893939394 3.76245809E-21
38.4 0.0001860924643 2.537624513E-05
38.6 0.0001895580589 -1.692482669E-05
38.8 0.0001997995232 -7.619473342E-05
39 0.0002032740676 -5.928826973E-05
39.2 0.000199972885 -2.5420282E-05
39.4 0.0002034505208 2.54313151E-05
39.6 0.0002035388624 1.696157186E-05
39.8 0.0002036272806 -1.696894005E-05
40 0.0002071110387 2.546447197E-05
40.2 0.0002105978261 3.39673913E-05
40.4 0.0002106894302 -8.49554154E-06
40.6 0.000210781114 8.499238468E-06
40.8 0.0002074717022 4.251469308E-05
41 0.000214367378 5.103985192E-05
41.2 0.0002144607843 5.10620915E-05
41.4 0.0002179598954 3.405623365E-05
41.6 0.0002180549498 -1.703554296E-05
41.8 0.0002215586824 -4.260743892E-05
42 0.0002182453077 8.525207333E-06
42.2 0.0002183406114 -1.705786026E-05
42.4 0.0002218490607 -5.119593709E-05
42.6 0.0002253605769 -2.560915647E-05
42.8 0.0002220430695 -1.708023612E-05
43 0.0002153051181 -4.271926947E-05
43.2 0.0002153993435 -3.419037199E-05
43.4 0.0002154936515 -8.551335377E-06
43.6 0.0002087439772 -8.555081034E-06
43.8 0.0002019883874 -5.991180982E-05
44 0.0002020769399 -6.850065761E-05
44.2 0.0001987390351 -8.566337719E-06
44.4 0.000195398201 -8.570096534E-06
44.6 0.0001886248903 -8.573858648E-06
44.8 0.0001852766798 8.577624067E-06
45 0.0001819255272 -2.574417838E-05
45.2 0.0001785714286 -5.151098901E-05
45.4 0.0001752143799 8.588940193E-06
45.6 0.0001718543775 -8.592718874E-06
45.8 0.0001684914173 -6.877200704E-05
46 0.0001651254954 -4.300143109E-05
46.2 0.0001617566079 4.985647662E-21
46.4 0.0001549416042 8.607866902E-06
46.6 0.0001481205908 -1.722332451E-05
46.8 0.0001447397442 -2.584638288E-05
47 0.0001413559135 -2.585778906E-05
47.2 0.0001448675497 -3.449227373E-05
47.4 0.000148382288 -2.588063163E-05
47.6 0.0001449955811 4.062763775E-21
47.8 0.0001450596817 1.726900973E-05
48 0.0001485791685 8.638323751E-06
48.2 0.0001486449115 8.642146018E-06
48.4 0.0001487107127 2.593791501E-05
48.6 0.0001487765722 1.475052734E-20
48.8 0.0001453810368 -1.730726628E-05
49 0.0001454454787 1.731493794E-05
49.2 0.0001455099778 1.732261641E-05
49.4 0.0001421084738 3.116960993E-20
49.6 0.0001387039503 2.600699068E-05
49.8 0.0001387655417 1.734569272E-05
50 0.0001388271879 -8.676699245E-06
50.2 0.0001354166667 -1.736111111E-05
50.4 0.0001354768786 -2.605324589E-05
50.6 0.0001355371441 -8.68827847E-06
50.8 0.0001390743213 8.692145082E-06
51 0.0001321794301 -1.739203028E-05
51.2 0.0001357182628 -4.349944321E-05
51.4 0.0001322972371 -3.481506239E-05
51.6 0.0001358392778 8.70764601E-06
51.8 0.0001358998662 3.484611954E-05
52 0.0001429328425 4.357708612E-05
52.2 0.0001290457589 2.615792411E-05
52.4 0.0001291033944 8.723202322E-06
52.6 0.0001221794013 -3.490840036E-05
52.8 0.0001222340188 -8.731001341E-06
53 0.0001153007603 4.367453041E-05
53.2 0.0001118568233 1.747762864E-05
53.4 0.000108409803 8.742726052E-06
53.6 0.0001049596955 -2.623992387E-05
53.8 0.0001050067204 8.750560036E-06
54 0.0001155591663 1.750896459E-05
54.2 0.000122617713 1.751681614E-05
54.4 0.0001261776581 -8.762337371E-06
54.6 0.0001297407989 -3.506508079E-05
54.8 0.0001262909744 8.770206556E-06
55 0.0001263477089 1.75482929E-05
55.2 0.0001299157303 4.389044944E-05
55.4 0.0001369997752 3.512814748E-05
55.6 0.0001335470085 -2.635796221E-05
55.8 0.0001300911341 -8.789941494E-06
56 0.0001266321477 8.793899145E-06
56.2 0.0001302083333 8.79786036E-06
56.4 0.0001232255521 8.801825146E-06
56.6 0.0001268034265 -8.805793508E-06
56.8 0.0001268606225 -8.809765449E-06
57 0.00012691787 1.08069568E-21
57.2 0.0001199209932 8.81772009E-06
57.4 0.0001129177958 -8.8217028E-06
57.6 0.0001059082693 -6.035865687E-21
57.8 9.536053345E-05 1.765935805E-05
58 8.833672546E-05 3.533469019E-05
58.2 8.130656109E-05 1.110390283E-20
58.4 8.134336804E-05 -7.073336351E-05
58.6 7.784193841E-05 -3.538269928E-05
58.8 7.079746262E-05 8.849682827E-06
59 6.374660018E-05 8.85369447E-06
59.2 6.37755102E-05 3.5430839E-05
59.4 6.025975499E-05 8.861728675E-06
59.6 6.028710849E-05 -3.546300499E-05
59.8 6.031448683E-05 -4.434888738E-05
60 6.389141299E-05 -4.43690368E-05
60.2 6.392045455E-05 -3.551136364E-05
60.4 6.039677126E-05 -1.776375625E-05
60.6 6.042424932E-05 8.885919017E-06
60.8 5.689576695E-05 1.397569664E-20
61 5.692167577E-05 -2.668203552E-05
61.2 6.050683371E-05 1.779612756E-05
61.4 5.34127165E-05 2.670635825E-05
61.6 4.63121295E-05 -1.78123575E-05
61.8 3.920506387E-05 -4.455120894E-05
62 3.209151073E-05 -3.565723414E-05
62.2 2.497146119E-05 -2.675513699E-05
62.4 2.141388762E-05 -6.245717222E-05
62.6 2.142367459E-05 -4.463265539E-05
62.8 1.786122542E-05 -5.358367627E-05
63 1.786939616E-05 -1.786939616E-05
63.2 1.43020595E-05 8.938787185E-06
63.4 1.430860806E-05 -8.942880037E-06
63.6 1.431516262E-05 -1.789395328E-05
63.8 1.790215399E-05 -3.580430797E-05
64 1.791036222E-05 8.95518111E-06
64.2 1.433486239E-05 8.959288991E-06
64.4 2.151216154E-05 -1.792680128E-05
64.6 3.228305785E-05 -3.587006428E-05
64.8 3.588654111E-05 -5.382981167E-05
65 3.590303309E-05 -8.975758272E-06
65.2 3.591954023E-05 8.979885057E-06
65.4 3.952966881E-05 -1.796803128E-05
65.6 4.314312011E-05 8.988150023E-06
65.8 4.316298343E-05 -1.798457643E-05
66 4.678143713E-05 -5.39785813E-05
66.2 5.040322581E-05 -3.600230415E-05
66.4 5.763024435E-05 -3.601890272E-05
66.6 6.126037823E-05 -4.504439576E-05
66.8 6.12886479E-05 1.912711402E-20
67 6.131694367E-05 1.80343952E-05
67.2 6.495381062E-05 9.021362587E-06
67.4 6.498382625E-05 1.792282253E-20
67.6 6.501386963E-05 -9.029704115E-06
67.8 6.865749306E-05 1.806776133E-05
68 7.230448866E-05 9.038061083E-06
68.2 7.595486111E-05 -9.04224537E-06
68.4 7.237146827E-05 -1.809286707E-05
68.6 7.240500463E-05 -2.715187674E-05
68.8 7.243857209E-05 9.054821511E-06
69 7.247217069E-05 3.623608534E-05
69.2 6.888051044E-05 -1.669142728E-20
69.4 6.891248839E-05 -4.533716342E-05
69.6 6.894449605E-05 -9.071644217E-06
69.8 6.534618959E-05 6.353101766E-05
70 5.44804742E-05 3.632031613E-05
70.2 5.450581395E-05 9.084302326E-06
70.4 5.453117729E-05 9.088529549E-06
70.6 5.455656425E-05 -3.637104283E-05
70.8 5.458197485E-05 -1.819399162E-05
71 5.460740913E-05 4.550617428E-05
71.2 5.099067599E-05 1.821095571E-05
71.4 5.101445896E-05 -2.732917444E-05
71.6 4.739267382E-05 -9.113975735E-06
71.8 4.3767507E-05 2.735469188E-05
72 3.648995796E-05 -1.824497898E-05
72.2 3.285630841E-05 -2.738025701E-05
72.4 2.921926134E-05 -4.759338245E-21
72.6 2.557881197E-05 -2.740586997E-05
72.8 2.193495555E-05 -3.655825924E-05
73 2.194522472E-05 -9.143843633E-06
73.2 1.829625293E-05 -9.148126464E-06
73.4 1.830482662E-05 -1.830482662E-05
73.6 1.831340835E-05 -9.156704173E-06
73.8 2.198639775E-05 -2.748299719E-05
74 2.566283435E-05 -3.854926413E-21
74.2 2.567488263E-05 -1.833920188E-05
74.4 2.93565054E-05 -4.586953969E-05
74.6 3.304158835E-05 -1.835643797E-05
74.8 2.938410907E-05 -5.509520451E-05
75 3.674741298E-05 -4.593426623E-05
75.2 3.676470588E-05 -9.191176471E-06
75.4 4.046021657E-05 -9.195503766E-06
75.6 4.415920867E-05 1.839967028E-05
75.8 4.786168709E-05 -9.204170594E-06
76 5.156765677E-05 -3.683404055E-05
76.2 5.896226415E-05 -1.842570755E-05
76.4 6.267697027E-05 -3.686880604E-05
76.6 6.27065628E-05 -3.688621341E-05
76.8 6.6426547E-05 -2.230036662E-21
77 7.015004726E-05 -9.230269376E-06
77.2 7.387706856E-05 -3.693853428E-05
77.4 7.391201514E-05 1.847800378E-05
77.6 7.764434453E-05 3.69734974E-05
77.8 8.138020833E-05 -1.618636981E-21
78 8.882046423E-05 -9.252131691E-06
78.2 9.256516588E-05 -9.256516588E-06
78.4 9.631341868E-05 9.260905642E-06
78.6 0.0001000652277 1.853059772E-05
78.8 0.000103820598 -9.269696251E-06
79 0.0001038698955 -9.274097816E-06
79.2 0.0001039192399 -9.278503563E-06
79.4 0.0001039686312 -3.713165399E-05
79.6 0.0001114479315 -2.786198288E-05
79.8 0.0001152176499 -2.787523787E-05
80 0.0001227094241 -2.788850547E-05
80.2 0.0001227678571 -1.860119048E-05
80.4 0.0001265483564 2.653453732E-20
80.6 0.000134056244 1.861892278E-05
80.8 0.0001452968526 -9.313900811E-06
81 0.000156548187 3.527286116E-21
81.2 0.0001603520286 1.864558473E-05
81.4 0.0001716212989 1.865448902E-05
81.6 0.0001717032967 3.732680363E-05
81.8 0.0001680509082 3.734464627E-05
82 0.0001681312769 3.736250598E-05
82.2 0.0001644736842 -5.048779375E-21
82.4 0.0001645524174 -2.804870752E-05
82.6 0.0001683728448 9.354046935E-06
82.8 0.0001647101102 3.743411596E-05
83 0.00016478907 9.36301534E-06
83.2 0.0001686151079 -2.479686436E-21
83.4 0.0001724448177 2.811600288E-05
83.6 0.0001800288046 3.750600096E-05
83.8 0.0001688580692 2.814301153E-05
84 0.0001726934166 4.692755887E-05
84.2 0.0001727764423 5.634014423E-05
84.4 0.0001766173641 3.757816258E-05
84.6 0.000176702358 5.639436959E-05
84.8 0.000173025999 6.582510833E-05
85 0.0001693460983 7.526493256E-05
85.2 0.0001656626506 5.647590361E-05
85.4 0.0001657425265 2.825156702E-05
85.6 0.0001658224795 3.768692716E-05
85.8 0.0001659025097 3.770511583E-05
86 0.0001622102849 1.886166103E-05
86.2 0.0001585144928 9.435386473E-06
86.4 0.0001472631706 9.439946834E-06
86.6 0.0001435565764 5.920099735E-20
86.8 0.0001398463957 1.889816159E-05
87 0.0001361326234 3.781461762E-05
87.2 0.0001324152542 9.458232446E-06
87.4 0.0001324794089 1.892562984E-05
87.6 0.0001249697043 9.467401842E-06
87.8 0.0001250303104 1.745562266E-20
88 0.0001250909753 4.738294517E-05
88.2 0.000125151699 2.844356796E-05
88.4 0.0001214181642 9.485794075E-06
88.6 0.000117681001 -3.299977471E-21
88.8 0.000117738211 -9.495017015E-06
89 0.0001177954767 -9.499635214E-06
89.2 0.0001178527981 -9.504257908E-06
89.4 0.0001103030672 5.698408069E-21
89.6 0.0001103567949 5.441340919E-21
89.8 0.000110410575 -1.903630604E-05
90 0.0001066552901 -1.904558752E-05
90.2 0.0001028963415 9.527439024E-06
90.4 0.0001029465593 -9.532088824E-06
90.6 0.0001068115234 -9.536743164E-06
90.8 0.000106863703 1.705368497E-20
91 0.0001030975073 -4.773032747E-05
91.2 0.0001069682152 -2.865220049E-05
91.4 9.937622309E-05 1.911081213E-05
91.6 9.177679883E-05 -9.560083211E-06
91.8 8.799583741E-05 -2.869429481E-05
92 8.803895149E-05 9.569451249E-06
92.2 8.425245098E-05 1.914828431E-05
92.4 7.663070132E-05 -9.578837666E-06
92.6 8.050171737E-05 -1.916707556E-05
92.8 7.670594011E-05 -1.917648503E-05
93 7.674361493E-05 -3.837180747E-05
93.2 8.445945946E-05 -3.839066339E-05
93.4 9.218289086E-05 -2.880715339E-05
93.6 9.607107723E-05 -9.607107723E-06
93.8 9.227362205E-05 2.883550689E-05
94 8.46258001E-05 9.616568193E-06
94.2 9.236453202E-05 -3.848522167E-05
94.4 9.626047314E-05 -1.925209463E-05
94.6 9.630793886E-05 4.815396943E-05
94.8 8.864701529E-05 1.927109028E-05
95 8.869076999E-05 9.640301086E-06
95.2 8.87345679E-05 -9.645061728E-06
95.4 8.877840909E-05 1.665680772E-20
95.6 9.268413248E-05 1.930919427E-05
95.8 9.659371909E-05 9.659371909E-06
96 9.66415141E-05 3.865660564E-05
96.2 9.282178218E-05 1.933787129E-05
96.4 0.000100606736 1.934744923E-05
96.6 0.0001006565907 3.871407334E-05
96.8 9.683316807E-05 6.778321765E-05
97 9.68812004E-05 7.750496032E-05
97.2 9.69292804E-05 8.723635236E-05
97.4 9.309831182E-05 3.879096326E-05
97.6 9.702558371E-05 -1.940511674E-05
97.8 0.0001009567594 -2.912214215E-05
98 0.000108776728 -9.712207857E-06
98.2 0.0001049440299 1.937353062E-20
98.4 9.721876556E-05 9.721876556E-06
98.6 8.948580677E-05 2.918015438E-05
98.8 8.953039362E-05 3.89262581E-05
99 8.568045862E-05 4.868207876E-05
99.2 8.572319202E-05 2.922381546E-05
99.4 9.356287425E-05 9.746132735E-06
99.6 0.0001014103844 9.750998502E-06
99.8 0.0001053633866 3.902347652E-05
100 0.0001015117441 2.928223388E-05
100.2 0.0001015625 3.006723826E-22
100.4 0.0001055215108 1.954102051E-05
100.6 0.0001094844845 4.8877002E-05
100.8 0.0001134514271 7.824236355E-05
101 0.0001174223447 0.0001076371493
101.2 0.0001213972431 6.853070175E-05
101.4 0.0001214581244 9.79501003E-06
101.6 0.0001254390366 5.556910954E-21
101.8 0.0001294239458 -9.804844378E-06
102 0.0001334128579 1.961953792E-05
102.2 0.0001295540201 2.944409548E-05
102.4 0.0001335470085 -3.646736582E-21
102.6 0.0001375440141 2.94737173E-05
102.8 0.0001454768495 5.897710116E-05
103 0.0001416163142 4.917233132E-05
103.2 0.0001377518892 -1.967884131E-05
103.4 0.0001417590726 -3.937752016E-05
103.6 0.0001418305598 -1.969868886E-05
103.8 0.0001379603935 -5.912588295E-05
104 0.0001419737506 -9.859288238E-05
104.2 0.0001420454545 -5.918560606E-05
104.4 0.0001381695301 -4.934626074E-05
104.6 0.0001382393832 -6.911969161E-05
104.8 0.000138309307 -4.939618108E-05
105 0.0001383793016 -3.953694332E-05
105.2 0.0001384493671 -9.889240506E-06
105.4 0.0001385195035 -9.894250253E-06
105.6 0.0001385897111 -2.969779524E-05
105.8 0.0001386599899 -2.971285497E-05
106 0.0001387303399 -2.972792998E-05
106.2 0.0001388007614 -9.914340102E-06
106.4 0.0001388712544 -2.384013593E-21
106.6 0.0001429115854 -1.98488313E-05
106.8 0.0001390124555 -4.964730554E-05
107 0.0001390831638 -6.954158189E-05
107.2 0.000147105598 -5.963740458E-05
107.4 0.0001551362016 -1.988925662E-05
107.6 0.0001552152318 3.979877738E-05
107.8 0.0001513124363 2.986429664E-05
108 0.0001474056604 -9.959841917E-06
108.2 0.0001474808673 -3.985969388E-05
108.4 0.0001555321593 -3.988004084E-05
108.6 0.0001556115935 -9.975102145E-06
108.8 0.0001477069494 -9.980199285E-06
109 0.0001477824642 1.997060327E-05
109.2 0.0001478580563 3.996163683E-05
109.4 0.0001559301433 1.999104401E-05
109.6 0.0001640104967 4.000256016E-05
109.8 0.0001600922131 5.00288166E-05
110 0.0001641786263 3.003267555E-05
110.2 0.000172275641 1.001602564E-05
110.4 0.0001803809646 -1.00211647E-05
110.6 0.0001844840862 3.00789271E-05
110.8 0.0001885914227 4.012583462E-05
111 0.0001927029805 1.003661357E-05
111.2 0.0002008354756 2.008354756E-05
111.4 0.0002089763374 4.01877572E-05
111.6 0.0002131047349 5.026055069E-05
111.8 0.0002091915551 6.034371782E-05
112 0.0002092993302 3.01874034E-05
112.2 0.0002174613402 1.006765464E-05
112.4 0.000209515214 3.021854048E-05
112.6 0.0002055921053 5.039022188E-05
112.8 0.000189565049 5.041623645E-05
113 0.0001815922004 -2.509356986E-20
113.2 0.0001776485788 1.009366925E-05
113.4 0.0001777404343 2.019777663E-05
113.6 0.00018187403 1.010411278E-05
113.8 0.0001860119048 1.010934265E-05
114 0.0001861082341 5.057288969E-05
114.2 0.0001821567358 5.059909326E-05
114.4 0.0001822511664 -3.03751944E-05
114.6 0.000182345695 2.026063278E-05
114.8 0.000174331863 8.108458744E-05
115 0.0001581970405 5.070417965E-05
115.2 0.0001542207792 -1.003832706E-20
115.4 0.0001461798337 3.045413202E-05
115.6 0.0001381305252 2.031331253E-05
115.8 0.0001300728408 3.048582206E-05
116 0.0001220067673 6.100338365E-05
116.2 0.0001180013021 1.017252604E-05
116.4 0.0001180627931 -5.104393152E-21
116.6 0.0001181243483 -8.146506778E-05
116.8 0.0001222613459 -0.0001018844549
117 0.000130480167 -5.096881524E-05
117.2 0.0001387075718 -1.019908616E-05
117.4 0.0001510253396 -2.267280286E-20
117.6 0.0001592720857 -5.104874543E-05
117.8 0.0001634414226 -7.150562238E-05
118 0.000167615123 6.069759305E-21
118.2 0.0001677028796 -3.067735602E-05
118.4 0.0001759756417 -9.208027763E-05
118.6 0.0001801624738 -3.070951258E-05
118.8 0.0001761601993 -5.120936025E-05
119 0.0001803515215 -4.098898216E-05
119.2 0.0001845472441 1.025262467E-05
119.4 0.0001887473739 -1.025800945E-05
119.6 0.0001888465581 -4.105359958E-05
119.8 0.0001848383281 -3.080638801E-05
120 0.0001808258811 -1.027419779E-05
120.2 0.0001809210526 -1.027960526E-05
120.4 0.0001810163244 1.028501843E-05
120.6 0.0001811116965 -4.116174921E-05
120.8 0.0001812071692 -9.266275698E-05
121 0.0001813027426 -4.120516878E-05
121.2 0.0001813984169 -7.214709763E-05
121.4 0.0001814941922 -9.28095301E-05
121.6 0.0001815900687 -4.127047015E-05
121.8 0.0001816860465 -5.161535412E-05
122 0.0001817821259 -2.065705976E-05
122.2 0.0001818783069 -1.033399471E-05
122.4 0.0001819745897 -3.101839598E-05
122.6 0.0001820709746 -2.068988347E-05
122.8 0.0001821674616 1.035042395E-05
123 0.0001822640509 4.142364793E-05
123.2 0.0001823607427 1.208896191E-20
123.4 0.0001824575372 -4.146762208E-05
123.6 0.0001825544344 -5.186205523E-05
123.8 0.0001868026036 -4.151168969E-05
124 0.0001869019139 -1.038343966E-05
124.2 0.0001870013298 -4.155585106E-05
124.4 0.0001871008515 -8.315593401E-05
124.6 0.0001872004792 -4.16001065E-05
124.8 0.000195624667 1.040556739E-05
125 0.0001998933902 -2.215601882E-20
125.2 0.0002 -3.125E-05
125.4 0.0002001067236 -2.084445037E-05
125.6 0.0001960424453 1.042778964E-05
125.8 0.0001961471688 3.130008013E-05
126 0.0001920764297 1.04389364E-05
126.2 0.0001921791444 -4.177807487E-05
126.4 0.000192281969 -4.180042804E-05
126.6 0.0001923849036 -4.182280514E-05
126.8 0.0001966724692 -5.230650777E-05
127 0.0001967778671 -2.093381565E-05
127.2 0.000196883378 -1.047252011E-05
127.4 0.0001969890021 -5.239069206E-05
127.6 0.0001929012346 -0.0001153213902
127.8 0.0001930048335 -0.0001048939313
128 0.000188910532 -5.247514777E-05
128.2 0.000184811828 -4.200268817E-05
128.4 0.0001849112426 -4.202528241E-05
128.6 0.0001850107643 -6.120048667E-21
128.8 0.0001851103931 -1.051763597E-05
129 0.0001852101293 -6.313981681E-05
129.2 0.000185309973 -5.264487871E-05
129.4 0.0001854099245 -5.2673274E-05
129.6 0.0001897261198 -3.162101997E-05
129.8 0.0001856101512 -1.054603132E-05
130 0.0001899311183 1.877102757E-20
130.2 0.0001900337838 -2.111486486E-05
130.4 0.0001859113034 -7.394199567E-05
130.6 0.0001902394481 -4.22754329E-05
130.8 0.0001903424472 -2.11491608E-05
131 0.0001946776815 -4.23212351E-05
131.2 0.0001990176152 -3.175813008E-05
131.4 0.0001948888286 7.30946491E-22
131.6 0.0001907555616 2.11950624E-05
131.8 0.0001866178067 1.060328447E-05
132 0.0001824755568 -1.0609044E-05
132.2 0.0001783288043 -1.061480978E-05
132.4 0.0001741775421 1.062058184E-05
132.6 0.0001700217628 2.125272035E-05
132.8 0.0001701143168 1.06321448E-05
133 0.0001659517974 -2.127587146E-05
133.2 0.0001660422343 -2.128746594E-05
133.4 0.0001618729553 3.19486096E-05
133.6 0.0001576991271 2.131069285E-05
133.8 0.0001535207424 -1.066116266E-05
134 0.0001493377936 3.200095576E-05
134.2 0.0001451502732 5.336407104E-05
134.4 0.0001409581739 2.135729907E-05
134.6 0.0001410352845 8.547592998E-05
134.8 0.0001368363437 0.0001282840722
135 0.0001369112815 7.487335706E-05
135.2 0.0001241438356 5.351027397E-05
135.4 0.0001156455592 -3.212376645E-05
135.6 0.0001114234778 -4.285518376E-05
135.8 0.0001071967618 -1.212737657E-20
136 0.0001072556288 2.145112576E-05
136.2 0.0001073145604 4.292582418E-05
136.4 0.0001073735569 1.073735569E-05
136.6 0.0001074326183 -1.074326183E-05
136.8 0.0001074917446 -3.224752339E-05
137 0.0001075509361 1.075509361E-05
137.2 0.0001076101928 1.40743802E-20
137.4 0.0001119762955 -2.153390298E-05
137.6 0.0001077289024 -1.077289024E-05
137.8 0.0001120998896 -1.077883554E-05
138 0.0001121617891 3.235436223E-05
138.2 0.0001122237569 1.079074586E-05
138.4 0.0001122857933 -5.398355445E-05
138.6 0.0001123478982 -7.561877765E-05
138.8 0.0001124100719 -3.242598229E-05
139 0.0001167981728 -7.225496341E-21
139.2 0.0001168628809 -2.164127424E-05
139.4 0.0001082663525 -3.247990576E-05
139.6 0.0001126594565 -1.023568014E-20
139.8 0.000108386515 -1.08386515E-05
140 0.0001127845641 -1.084466963E-05
140.2 0.0001128472222 -2.170138889E-05
140.4 0.00011290995 -2.171345192E-05
140.6 0.0001129727475 1.813072635E-22
140.8 0.0001130356149 -4.347523651E-05
141 0.0001130985523 -2.17497216E-05
141.2 0.0001131615599 -1.088091922E-05
141.4 0.0001132246377 -3.266095318E-05
141.6 0.0001132877858 -4.357222532E-05
141.8 0.0001133510045 -4.359654018E-05
142 0.0001046901173 1.090522055E-05
142.2 0.0001047486034 1.091131285E-05
142.4 0.0001004401901 -1.091741196E-05
142.6 9.612695749E-05 -2.184703579E-05
142.8 9.180889759E-05 -3.2788892E-05
143 8.311170213E-05 -1.093575028E-05
143.2 7.878151261E-05 1.094187675E-05
143.4 7.444646861E-05 -2.769870096E-20
143.6 7.010656197E-05 -1.095415031E-05
143.8 6.576178451E-05 -2.192059484E-05
144 6.141212802E-05 -1.096645143E-05
144.2 5.705758427E-05 2.976614972E-21
144.4 5.269814503E-05 -1.37308E-20
144.6 4.833380202E-05 2.196991001E-05
144.8 4.396454699E-05 2.198227349E-05
145 3.959037162E-05 2.19946509E-05
145.2 3.521126761E-05 1.100352113E-05
145.4 3.082722661E-05 -1.616182231E-20
145.6 2.643824027E-05 1.520164484E-20
145.8 2.204430023E-05 1.102215011E-05
146 1.764539808E-05 -3.186329478E-20
146.2 1.324152542E-05 1.103460452E-05
146.4 8.832673827E-06 4.416336914E-05
146.6 4.418834842E-06 3.314126131E-05
146.8 0 -2.972268506E-21
147 0 -2.211919592E-05
147.2 0 -1.106586402E-05
147.4 0 -1.107213719E-05
147.6 0 7.991319066E-21
147.8 0 -1.108470488E-05
148 0 -5.545499716E-05
148.2 0 -3.329190341E-05
148.4 0 -3.331083002E-05
148.6 0 -3.332977816E-05
148.8 0 -2.223249858E-05
149 0 -5.561289863E-05
149.2 0 -2.225783476E-05
149.4 0 2.227052452E-05
149.6 0 2.228322875E-05
149.8 0 1.114797374E-05
150 0 2.230868075E-05
150.2 0 1.116071429E-05
150.4 0 1.854284357E-20
150.6 0 2.665006051E-21
150.8 0 -1.117987979E-05
151 0 -1.090030218E-20
151.2 0 -6.274393466E-21
151.4 0 -1.119911124E-05
151.6 0 -3.361660929E-05
151.8 0 -2.2423938E-05
152 0 3.281981147E-20
152.2 0 8.77703624E-21
152.4 0 1.12313111E-05
152.6 0 -3.079308467E-21
152.8 0 -1.124424295E-05
153 0 -9.728525308E-22
153.2 0 -1.125720461E-05
153.4 0 1.400428359E-21
153.6 0 -1.127019619E-05
153.8 0 -1.127670323E-05
154 0 2.256643559E-05
154.2 0 1.128973988E-05
154.4 0 1.097146702E-20
154.6 0 -1.299657156E-20
154.8 0 -2.313285304E-20
155 0 -1.64133355E-21
155.2 0 -1.132246377E-05
155.4 4.531612529E-06 -1.132903132E-05
155.6 0 1.13356065E-05
155.8 0 -1.134218931E-05
156 0 -1.134877978E-05
156.2 0 2.271075581E-05
156.4 0 2.516737333E-20
156.6 0 -1.136859721E-05
156.8 0 -2.275043681E-05
157 0 -2.276369464E-05
157.2 0 -1.138848397E-05
157.4 0 1.164694565E-21
157.6 0 1.14017805E-05
157.8 0 1.140844042E-05
158 0 2.283021625E-05
158.2 0 2.284356725E-05
158.4 0 3.474384457E-20
158.6 0 -1.143515808E-05
158.8 0 4.018267657E-21
159 0 -2.289712778E-05
159.2 0 -2.291055718E-05
159.4 0 1.973426241E-20
159.6 4.58749266E-06 -1.146873165E-05
159.8 9.180376028E-06 -1.147547004E-05
160 1.377865961E-05 -1.148221634E-05
160.2 1.838235294E-05 1.964183639E-20
160.4 1.839317245E-05 1.149573278E-05
160.6 1.840400471E-05 1.150250294E-05
160.8 1.841484973E-05 2.301856217E-05
161 1.842570755E-05 -2.434721344E-21
161.2 2.304572271E-05 -1.152286136E-05
161.4 2.767119244E-05 -2.096826984E-20
161.6 3.23021264E-05 -1.153647372E-05
161.8 3.693853428E-05 -2.308658392E-05
162 4.158042578E-05 -2.310023655E-05
162.2 4.622781065E-05 -2.311390533E-05
162.4 5.088069864E-05 -4.510932947E-21
162.6 5.091084123E-05 1.157064573E-05
162.8 5.094101956E-05 -1.998012841E-20
163 4.633748517E-05 -7.095992067E-21
163.2 4.636498516E-05 -1.159124629E-05
163.4 4.639251781E-05 -1.159812945E-05
163.6 4.642008318E-05 -1.16050208E-05
163.8 5.109244946E-05 -3.599355161E-20
164 4.182778108E-05 -1.869258441E-20
164.2 3.720238095E-05 9.519854228E-21
164.4 2.791840381E-05 1.400642514E-20
164.6 1.862336114E-05 1.29399979E-21
164.8 1.397584973E-05 1.164654144E-05
165 9.322792363E-06 1.165349045E-05
165.2 4.664179104E-06 2.332089552E-05
165.4 0 1.291569545E-20
165.6 0 1.167438733E-05
165.8 0 2.336273923E-05
166 4.675344105E-06 1.168836026E-05
166.2 4.678143713E-06 2.339071856E-05
166.4 4.680946675E-06 1.170236669E-05
166.6 9.367505995E-06 3.512814748E-05
166.8 9.373125375E-06 2.343281344E-05
167 1.8757503E-05 -2.344687875E-05
167.2 1.876876877E-05 1.173048048E-05
167.4 2.34750601E-05 1.173753005E-05
167.6 2.818701143E-05 -2.348917619E-05
167.8 3.290463297E-05 -1.175165463E-05
168 3.762793498E-05 2.351745936E-05
168.2 3.294427711E-05 3.529743976E-05
168.4 2.825497288E-05 -1.515332617E-20
168.6 2.356001206E-05 -1.178000603E-05
168.8 1.885938443E-05 -2.041443235E-20
169 1.415307971E-05 -2.271636085E-20
169.2 9.441087613E-06 -1.966799265E-21
169.4 4.723397823E-06 1.56620759E-20
169.6 0 -1.181563823E-05
169.8 0 -1.182279056E-05
170 0 7.264632726E-21
170.2 0 -1.285506923E-20
170.4 0 8.395997153E-21
170.6 0 8.354354919E-21
170.8 0 1.092405251E-20
171 0 4.404802664E-22
171.2 0 2.374620061E-05
171.4 0 2.376064477E-05
171.6 0 -1.264421844E-20
171.8 0 -6.161163306E-21
172 0 -1.010943937E-20
172.2 0 -1.190929878E-05
172.4 0 -1.191656498E-05
172.6 0 1.192384005E-05
172.8 0 1.193112401E-05
173 4.775366748E-06 -1.193841687E-05
173.2 9.556574924E-06 -1.194571865E-05
173.4 1.434363525E-05 1.257280126E-20
173.6 1.913655848E-05 -9.033898078E-23
173.8 2.393535539E-05 5.27029085E-21
174 2.395003066E-05 2.44376228E-20
174.2 2.396472393E-05 7.845309163E-22
174.4 2.397943524E-05 8.354739676E-21
174.6 2.399416462E-05 -1.199708231E-05
174.8 2.400891211E-05 -3.601336816E-05
175 2.402367774E-05 -2.402367774E-05
175.2 2.403846154E-05 -2.118421263E-22
175.4 2.405326355E-05 -1.130376469E-20
175.6 2.40680838E-05 1.463226777E-20
175.8 2.408292232E-05 2.408292232E-05
176 2.409777915E-05 1.204888957E-05
176.2 2.411265432E-05 -1.205632716E-05
176.4 2.412754787E-05 1.345241718E-20
176.6 2.414245983E-05 2.780505886E-20
176.8 2.415739023E-05 -2.415739023E-05
177 2.417233911E-05 -4.834467822E-05
177.2 2.41873065E-05 -2.41873065E-05
177.4 2.420229244E-05 -2.420229244E-05
177.6 2.421729696E-05 -2.421729696E-05
177.8 2.42323201E-05 2.42323201E-05
178 1.939788951E-05 3.637104283E-05
178.2 1.455745342E-05 1.213121118E-05
178.4 9.711000622E-06 1.213875078E-05
178.6 4.8585199E-06 1.214629975E-05
178.8 0 6.040122797E-21
179 0 -1.21614259E-05
179.2 0 -1.216900312E-05
179.4 0 -6.853055025E-20
179.6 0 -2.43683718E-05
179.8 0 1.219179151E-05
180 0 6.09970331E-05
180.2 0 1.220703125E-05
180.4 0 -1.221466542E-05
180.6 0 1.222230914E-05
180.8 0 2.445992486E-05
181 0 2.447525063E-05
181.2 0 3.673589342E-05
181.4 0 4.90119197E-05
181.6 0 3.678201507E-05
181.8 0 1.226837312E-05
182 0 -2.698676024E-22
182.2 0 1.228380503E-05
182.4 0 4.916614223E-05
182.6 0 7.379565491E-05
182.8 0 3.69210775E-05
183 0 1.231478562E-05
183.2 0 2.464511041E-05
183.4 0 1.23303346E-05
183.6 0 -1.233812382E-05
183.8 0 1.234592288E-05
184 0 4.941492726E-05
184.2 0 2.364240717E-20
184.4 0 1.236937935E-05
184.6 0 6.188608999E-05
184.8 0 6.192533291E-05
185 0 1.239292513E-05
185.2 0 1.240079365E-05
185.4 0 3.722601652E-05
185.6 0 -1.241656071E-05
185.8 0 2.484891858E-05
186 0 4.972947167E-05
186.2 0 1.244028662E-05
186.4 0 7.468929254E-05
186.6 0 8.719308036E-05
186.8 0 6.232051691E-05
187 0 2.494412516E-05
187.2 4.99201278E-06 -1.248003195E-05
187.4 9.990409207E-06 2.497602302E-05
187.6 1.499520154E-05 1.249600128E-05
187.8 1.500480154E-05 -2.500800256E-05
188 1.501441384E-05 -1.251201153E-05
188.2 1.502403846E-05 1.252003205E-05
188.4 1.002245029E-05 1.252806286E-05
188.6 5.014441592E-06 2.507220796E-05
188.8 0 2.508831085E-05
189 0 1.255221722E-05
189.2 5.024115756E-06 5.024115756E-05
189.4 1.005469755E-05 8.79786036E-05
189.6 1.509175789E-05 5.030585963E-05
189.8 1.510148196E-05 6.292284149E-05
190 1.007414571E-05 5.037072856E-05
190.2 1.008064516E-05 6.300403226E-05
190.4 1.0087153E-05 6.304470626E-05
190.6 1.514050388E-05 6.308543282E-05
190.8 1.010019392E-05 7.575145443E-05
191 5.053363519E-06 2.526681759E-05
191.2 5.056634304E-06 5.056634304E-05
191.4 1.011981865E-05 6.324886658E-05
191.6 1.518956578E-05 -1.265797148E-05
191.8 1.519941634E-05 -2.533236057E-05
192 2.027903958E-05 5.069759896E-05
192.2 2.536525974E-05 8.877840909E-05
192.4 3.045808967E-05 0.0001015269656
192.6 3.047789337E-05 1.269912224E-05
192.8 3.049772284E-05 -2.541476903E-05
193 3.051757812E-05 7.629394531E-05
193.2 3.562703583E-05 7.634364821E-05
193.4 3.565026076E-05 1.273223598E-05
193.6 3.567351598E-05 -2.263174789E-21
193.8 3.569680157E-05 2.54977154E-05
194 4.082299151E-05 5.102873939E-05
194.2 4.595588235E-05 1.276552288E-05
194.4 5.109548725E-05 1.277387181E-05
194.6 5.11289267E-05 2.556446335E-05
194.8 4.604616896E-05 -3.907955964E-20
195 4.095674967E-05 5.119593709E-05
195.2 3.586065574E-05 0.0001024590164
195.4 3.075787402E-05 1.281578084E-05
195.6 2.564839133E-05 -6.412097833E-05
195.8 2.053219448E-05 -5.13304862E-05
196 2.054569362E-05 -1.284105851E-05
196.2 1.541940789E-05 -4.054123565E-21
196.4 1.028637261E-05 -2.571593153E-05
196.6 5.14657444E-06 -1.28664361E-05
196.8 5.14996704E-06 1.28749176E-05
197 5.153364116E-06 -2.576682058E-05
197.2 5.156765677E-06 -2.578382838E-05
197.4 0 1.290042933E-05
197.6 0 -2.751709413E-21
197.8 0 -3.875248016E-05
198 0 -2.585208471E-05
198.2 0 4.369951895E-22
198.4 0 -2.588634858E-05
198.6 0 1.295175729E-05
198.8 0 2.592070338E-05
199 0 -1.29689575E-05
199.2 0 -1.297757475E-05
199.4 0 2.597240691E-05
199.6 0 1.299484365E-05
199.8 0 -2.600699068E-05
200 0 -5.204863424E-05
200.2 0 -7.8125E-05
200.4 0 -5.211807872E-05
200.6 0 -5.215287049E-05
200.8 0 -5.218770875E-05
201 0 -2.611129679E-05
201.2 0 -2.612876254E-05
201.4 0 -2.614625167E-05
201.6 0 -1.308188212E-05
201.8 0 -1.309065013E-05
202 0 -1.309942991E-05
202.2 0 -1.310822148E-05
202.4 0 -2.62340497E-05
202.6 0 -2.625168011E-05
202.8 5.253866846E-06 -3.940400134E-05
203 1.051480485E-05 1.314350606E-05
203.2 1.052188552E-05 6.576178451E-05
203.4 1.052897574E-05 2.632243935E-05
203.6 1.053607552E-05 1.31700944E-05
203.8 1.054318489E-05 -2.275352202E-20
204 1.055030385E-05 -2.637575962E-05
204.2 1.055743243E-05 -6.188743212E-20
204.4 1.056457066E-05 -3.458480808E-20
204.6 1.057171854E-05 -4.413098965E-20
204.8 1.05788761E-05 -1.855696068E-20
205 1.058604336E-05 2.64651084E-05
205.2 1.059322034E-05 6.620762712E-05
205.4 1.060040706E-05 3.975152646E-05
205.6 1.060760353E-05 1.325950441E-05
205.8 1.061480978E-05 -3.980553668E-05
206 1.062202583E-05 -3.983259687E-05
206.2 1.06292517E-05 1.328656463E-05
206.4 1.063648741E-05 -1.329560926E-05
206.6 1.064373297E-05 -2.46911782E-20
206.8 1.065098841E-05 -1.868345666E-20
207 5.329126876E-06 -5.329126876E-05
207.2 5.332764505E-06 -2.666382253E-05
207.4 1.067281421E-05 -2.668203552E-05
207.6 1.068010936E-05 -1.335013671E-05
207.8 1.06874145E-05 -2.671853625E-05
208 1.069472964E-05 -4.010523614E-05
208.2 1.070205479E-05 5.924711103E-20
208.4 1.606408499E-05 -1.338673749E-05
208.6 2.143347051E-05 1.339591907E-05
208.8 2.144818119E-05 3.635236792E-20
209 2.146291209E-05 -9.390024038E-05
209.2 2.147766323E-05 -4.027061856E-05
209.4 2.149243466E-05 1.193069791E-20
209.6 1.613041982E-05 -1.344201652E-05
209.8 1.076101928E-05 1.878014952E-20
210 1.076843556E-05 -4.038163336E-05
210.2 1.077586207E-05 -2.693965517E-05
210.4 1.078329883E-05 1.347912353E-05
210.6 1.079074586E-05 -2.697686464E-05
210.8 1.079820318E-05 -5.399101589E-05
211 1.080567082E-05 -2.701417704E-05
211.2 1.081314879E-05 -2.703287197E-05
211.4 1.082063712E-05 -1.35257964E-05
211.6 1.082813583E-05 -1.353516979E-05
211.8 1.083564494E-05 -4.063366852E-05
212 1.084316447E-05 -1.355395559E-05
212.2 1.085069444E-05 4.069010417E-05
212.4 1.085823489E-05 2.714558721E-05
212.6 1.086578581E-05 -4.715012302E-20
212.8 1.087334725E-05 -4.077505219E-05
213 1.088091922E-05 -5.579433255E-21
213.2 1.088850174E-05 4.083188153E-05
213.4 1.089609484E-05 -1.223034546E-20
213.6 1.090369853E-05 -4.203539775E-20
213.8 1.091131285E-05 -1.363914106E-05
214 1.091893781E-05 -2.729734451E-05
214.2 1.092657343E-05 -2.731643357E-05
214.4 1.093421973E-05 -2.733554934E-05
214.6 1.641281513E-05 -1.787222819E-20
214.8 2.1899089E-05 1.368693062E-05
215 2.73930575E-05 6.436670149E-21
215.2 3.289473684E-05 1.370614035E-05
215.4 3.840414326E-05 -1.398887114E-20
215.6 4.392129304E-05 1.372540408E-05
215.8 4.944620253E-05 4.120516878E-05
216 5.497888811E-05 -3.506586108E-20
216.2 6.05193662E-05 1.375440141E-05
216.4 6.606765328E-05 -1.376409443E-05
216.6 7.162376587E-05 1.15209675E-20
216.8 7.718772054E-05 8.270112915E-05
217 8.27595339E-05 1.379325565E-05
217.2 8.833922261E-05 -6.901501767E-05
217.4 9.392680339E-05 -2.762553041E-05
217.6 9.952229299E-05 5.529016277E-05
217.8 0.0001051257082 5.532932011E-05
218 0.0001107370659 1.384213324E-05
218.2 0.000116356383 -2.770390071E-05
218.4 0.0001219836764 -9.703246984E-05
218.6 0.0001276189631 -8.322975852E-05
218.8 0.000127709666 -5.552594172E-05
219 0.0001278004979 -5.556543385E-05
219.2 0.0001278914591 -4.170373665E-05
219.4 0.0001279825499 -8.346688034E-05
219.6 0.0001225053457 -8.352637206E-05
219.8 0.0001170203281 -4.179297432E-05
220 0.0001115274804 -5.576374019E-05
220.2 0.0001060267857 -6.975446429E-05
220.4 9.493388134E-05 -9.772605432E-05
220.6 8.941344778E-05 -6.985425608E-05
220.8 8.947745168E-05 -1.116893953E-20
221 8.394520057E-05 -1.399086676E-05
221.2 7.840501792E-05 -4.200268817E-05
221.4 7.285688666E-05 -5.604375897E-05
221.6 6.730078966E-05 -2.804199569E-05
221.8 6.173670977E-05 -3.643278698E-20
222 5.616462976E-05 -2.808231488E-05
222.2 5.058453237E-05 -7.025629496E-05
222.4 5.624550036E-05 -2.812275018E-05
222.6 5.065742075E-05 -2.814301153E-05
222.8 4.506128335E-05 -5.632660418E-05
223 3.945707071E-05 1.409181097E-05
223.2 2.820397112E-05 -6.653126923E-21
223.4 2.822434971E-05 -1.411217486E-05
223.6 1.694685466E-05 7.552200199E-21
223.8 1.695911722E-05 -1.413259768E-05
224 1.697139754E-05 -2.828566256E-05
224.2 2.264492754E-05 -1.415307971E-05
224.4 1.69960116E-05 7.081671501E-05
224.6 1.700834543E-05 5.669448476E-05
224.8 2.269426289E-05 -1.655912938E-20
225 2.271075581E-05 -1.419422238E-05
225.2 2.272727273E-05 -4.261363636E-05
225.4 1.705786026E-05 -4.264465066E-05
225.6 2.276037873E-05 -4.267571012E-05
225.8 2.277696793E-05 -1.423560496E-05
226 2.279358133E-05 4.16797423E-20
226.2 2.281021898E-05 -1.425638686E-05
226.4 2.282688093E-05 2.853360117E-05
226.6 2.284356725E-05 2.855445906E-05
226.8 2.286027798E-05 -1.428767374E-05
227 2.287701318E-05 -4.289439971E-05
227.2 2.289377289E-05 -4.292582418E-05
227.4 1.718291789E-05 -1.431909824E-05
227.6 1.146368305E-05 3.060823799E-20
227.8 1.147209985E-05 1.101058434E-20
228 1.148052902E-05 -1.435066128E-05
228.2 1.148897059E-05 2.127695397E-20
228.4 1.149742458E-05 1.437178072E-05
228.6 1.150589102E-05 -2.876472754E-05
228.8 1.151436993E-05 -2.878592483E-05
229 1.152286136E-05 -2.880715339E-05
229.2 1.153136531E-05 -2.882841328E-05
229.4 1.730982275E-05 4.327455687E-05
229.6 1.732261641E-05 5.774205469E-05
229.8 2.311390533E-05 1.444619083E-05
230 2.891376758E-05 1.061168407E-21
230.2 2.893518519E-05 -2.893518519E-05
230.4 3.474796145E-05 -1.447831727E-05
230.6 4.056936202E-05 2.897811573E-05
230.8 3.479955457E-05 2.89996288E-05
231 3.482540862E-05 4.353176077E-05
231.2 3.485130112E-05 0.0001016496283
231.4 3.487723214E-05 0.0001162574405
231.6 3.490320179E-05 5.817200298E-05
231.8 3.492921013E-05 1.455383756E-05
232 3.495525727E-05 1.456469053E-05
232.2 3.498134328E-05 2.91511194E-05
232.4 3.500746826E-05 2.917289022E-05
232.6 3.503363229E-05 1.459734679E-05
232.8 3.505983545E-05 8.85105741E-21
233 3.508607784E-05 2.784372372E-20
233.2 3.511235955E-05 2.926029963E-05
233.4 3.513868066E-05 7.320558471E-05
233.6 2.930420105E-05 4.395630158E-05
233.8 3.519144144E-05 -1.083337675E-20
234 2.934823441E-05 -2.934823441E-05
234.2 2.937030075E-05 -7.342575188E-05
234.4 2.93924003E-05 -5.87848006E-05
234.6 2.353162651E-05 -2.941453313E-05
234.8 2.943669932E-05 1.471834966E-05
235 4.124245852E-05 1.472944947E-05
235.2 4.716981132E-05 -4.422169811E-05
235.4 5.310611782E-05 -2.950339879E-05
235.6 5.905139834E-05 1.476284958E-05
235.8 6.500567322E-05 1.477401664E-05
236 7.688304315E-05 -1.478520061E-05
236.2 8.877840909E-05 -4.438920455E-05
236.4 9.476876422E-05 -2.961523882E-05
236.6 0.0001007682094 2.963770865E-05
236.8 0.0001008447229 4.449031891E-05
237 0.0001068579027 2.968275076E-05
237.2 0.0001128802281 -7.412146419E-21
237.4 0.0001129661339 -4.459189498E-05
237.6 0.0001190022848 -5.950114242E-05
237.8 0.0001190929878 -1.488662348E-05
238 0.0001191838291 1.489797864E-05
238.2 0.0001252385496 2.981870229E-05
238.4 0.0001193659282 -1.327684628E-21
238.6 0.0001194571865 -2.986429664E-05
238.8 0.0001135711553 -2.988714614E-05
239 0.0001076761103 -4.486504594E-05
239.2 0.0001017720307 -1.49664751E-05
239.4 0.0001018500767 -2.995590491E-05
239.6 0.0001079240215 -4.496834229E-05
239.8 0.0001080069124 -3.000192012E-05
240 0.0001080899308 1.501249039E-05
240.2 0.0001021634615 3.004807692E-05
240.4 0.000108256351 -1.503560431E-05
240.6 0.0001083397535 -4.514156394E-05
240.8 0.0001084232845 -3.011757903E-05
241 0.0001085069444 1.507040895E-05
241.2 0.0001085907336 1.508204633E-05
241.4 0.0001086746522 -1.50937017E-05
241.6 0.0001148008507 -5.89937479E-21
241.8 0.0001148897059 -4.005598108E-21
242 0.0001149786987 3.025755229E-05
242.2 0.0001029554264 4.542151163E-05
242.4 9.697439876E-05 1.515224981E-05
242.6 9.098408385E-05 3.032802795E-05
242.8 9.105477855E-05 1.517579643E-05
243 8.505054432E-05 -1.51875972E-05
243.2 7.903696498E-05 -1.500855312E-20
243.4 7.301401869E-05 3.042250779E-05
243.6 6.698168355E-05 6.089243959E-05
243.8 6.09399376E-05 4.57049532E-05
244 6.098750976E-05 -1.524687744E-05
244.2 6.103515625E-05 -1.525878906E-05
244.4 6.108287725E-05 -1.754363268E-21
244.6 6.724374022E-05 -3.056533646E-05
244.8 7.341425215E-05 -1.529463587E-05
245 7.959443574E-05 1.530662226E-05
245.2 7.965686275E-05 1.531862745E-05
245.4 8.585164835E-05 1.533065149E-05
245.6 9.205616654E-05 -1.534269442E-05
245.8 9.827044025E-05 -3.070951258E-05
246 0.0001044944925 -3.073367427E-05
246.2 0.0001107283465 -4.613681102E-05
246.4 0.0001169720252 -4.617316785E-05
246.6 0.0001232255521 -3.080638801E-05
246.8 0.0001233228098 -1.541535122E-05
247 0.0001234202212 -5.718670329E-20
247.2 0.0001173418972 -1.543972332E-05
247.4 0.0001112539557 -1.545193829E-05
247.6 0.0001051563737 3.092834521E-05
247.8 9.904912837E-05 4.642927892E-05
248 9.293219667E-05 3.097739889E-05
248.2 8.680555556E-05 -1.796309313E-20
248.4 9.307982526E-05 -6.205321684E-05
248.6 8.694356121E-05 -6.210254372E-05
248.8 8.079753381E-05 -3.509407055E-20
249 7.464171975E-05 3.110071656E-05
249.2 6.847609562E-05 3.112549801E-05
249.4 6.230063796E-05 4.672547847E-05
249.6 5.611532322E-05 4.676276935E-05
249.8 4.99201278E-05 -4.665327823E-20
250 4.996003197E-05 -3.122501998E-05
250.2 5E-05 -4.6875E-05
250.4 5.004003203E-05 -3.127502002E-05
250.6 4.382011218E-05 -1.565004006E-05
250.8 4.385525261E-05 -1.566259022E-05
251 4.389044944E-05 -3.789675698E-20
251.2 4.392570281E-05 -8.988244919E-21
251.4 4.396101286E-05 -3.140072347E-05
251.6 4.399637973E-05 -2.187107169E-20
251.8 4.403180354E-05 1.572564412E-05
252 4.406728445E-05 -1.573831587E-05
252.2 4.410282258E-05 5.908349868E-21
252.4 4.413841808E-05 1.576372074E-05
252.6 3.78634895E-05 3.155290792E-05
252.8 4.420978173E-05 3.157841552E-05
253 4.424555016E-05 1.58019822E-05
253.2 4.428137652E-05 3.162955466E-05
253.4 4.431726094E-05 4.748277958E-05
253.6 3.801703163E-05 -3.23046626E-20
253.8 3.804788961E-05 -1.585328734E-05
254 3.807879773E-05 1.586616572E-05
254.2 3.81097561E-05 1.587906504E-05
254.4 3.814076485E-05 -1.589198535E-05
254.6 3.81718241E-05 -3.180985342E-05
254.8 3.820293399E-05 -1.591788916E-05
255 3.823409462E-05 -1.371258234E-20
255.2 3.826530612E-05 -1.594387755E-05
255.4 3.829656863E-05 -1.595690359E-05
255.6 3.832788226E-05 -3.340203084E-20
255.8 3.835924714E-05 -3.625838308E-20
256 3.839066339E-05 -1.599610975E-05
256.2 3.842213115E-05 -1.600922131E-05
256.4 3.845365053E-05 1.602235439E-05
256.6 3.848522167E-05 3.207101806E-05
256.8 3.209737058E-05 1.604868529E-05
257 3.212376645E-05 4.818564967E-05
257.2 2.572016461E-05 4.822530864E-05
257.4 1.930601318E-05 -2.451380606E-20
257.6 1.288128607E-05 1.009984147E-20
257.8 1.289191419E-05 1.611489274E-05
258 0 4.83845995E-05
258.2 6.45661157E-06 1.614152893E-05
258.4 6.461952026E-06 -1.615488007E-05
258.6 0 3.233650662E-05
258.8 0 8.090824358E-05
259 0 6.478026534E-05
259.2 0 3.241701245E-05
259.4 0 4.866590532E-05
259.6 0 6.494181214E-05
259.8 6.499584027E-06 3.249792013E-05
260 6.504995837E-06 3.252497918E-05
260.2 6.510416667E-06 1.627604167E-05
260.4 6.515846539E-06 -4.886884904E-05
260.6 6.521285476E-06 1.159533398E-20
260.8 6.5267335E-06 3.26336675E-05
261 6.532190635E-06 -1.633047659E-05
261.2 1.307531381E-05 -3.268828452E-05
261.4 1.962939698E-05 1.635783082E-05
261.6 1.96458508E-05 3.274308466E-05
261.8 1.966233221E-05 7.366417675E-21
262 1.311922754E-05 -4.327527227E-22
262.2 1.31302521E-05 6.642053974E-21
262.4 6.570647603E-06 -1.642661901E-05
262.6 6.576178451E-06 -3.288089226E-05
262.8 6.581718618E-06 -1.645429655E-05
263 0 -2.331884075E-20
263.2 0 1.648206751E-05
263.4 0 -3.299197635E-05
263.6 0 -6.60397295E-05
263.8 0 4.508607736E-22
264 0 -1.653789162E-05
264.2 0 -6.620762712E-05
264.4 0 -3.313189143E-05
264.6 0 -2.698402301E-20
264.8 0 -1.659409516E-05
265 0 -4.851544576E-20
265.2 0 1.662234043E-05
265.4 0 -2.071720497E-20
265.6 0 -3.330136402E-05
265.8 0 -6.665955631E-05
266 0 -2.590619951E-20
266.2 0 3.338675214E-05
266.4 0 -3.614295059E-21
266.6 0 3.344392123E-05
266.8 0 -1.403969294E-20
267 0 -3.350128645E-05
267.2 0 -7.441101631E-21
267.4 0 2.21090581E-20
267.6 0 1.156122603E-20
267.8 0 3.489339944E-20
268 0 1.682278208E-05
268.2 0 3.367456897E-05
268.4 6.740724763E-06 1.685181191E-05
268.6 1.349309154E-05 -1.686636442E-05
268.8 2.025713051E-05 -4.81565684E-20
269 2.703287197E-05 1.689554498E-05
269.2 3.382034632E-05 -3.220408853E-21
269.4 4.061958406E-05 1.692482669E-05
269.6 4.743061578E-05 6.775802255E-05
269.8 4.747178819E-05 8.477105035E-05
270 4.751303215E-05 5.090682016E-05
270.2 4.755434783E-05 8.491847826E-05
270.4 5.43951262E-05 0.0001359878155
270.6 5.444250871E-05 5.103985192E-05
270.8 5.448997384E-05 3.405623365E-05
271 5.453752182E-05 0.0001363438045
271.2 6.140829694E-05 0.0001364628821
271.4 6.146197552E-05 8.53638549E-05
271.6 5.468066492E-05 8.543853893E-05
271.8 5.472854641E-05 0.0001026160245
272 5.477651183E-05 0.0001027059597
272.2 5.48245614E-05 5.139802632E-05
272.4 6.173178227E-05 3.429543459E-05
272.6 6.178602812E-05 8.581392794E-05
272.8 6.871152155E-05 0.0001030672823
273 6.877200704E-05 0.0001031580106
273.2 6.883259912E-05 1.720814978E-05
273.4 6.889329806E-05 -1.722332451E-05
273.6 6.895410415E-05 5.171557811E-05
273.8 6.901501767E-05 2.892482828E-20
274 7.598364279E-05 -6.90760389E-05
274.2 7.605088496E-05 -1.728429204E-05
274.4 7.611824624E-05 3.459920283E-05
274.6 7.618572695E-05 3.462987589E-05
274.8 7.625332742E-05 3.524859592E-20
275 8.325932504E-05 -6.938277087E-05
275.2 9.027777778E-05 -6.944444444E-05
275.4 9.730871886E-05 -1.737655694E-05
275.6 0.0001043521817 -1.739203028E-05
275.8 0.0001044451872 -8.455230846E-22
276 0.0001045383586 1.742305977E-05
276.2 0.0001046316964 1.743861607E-05
276.4 0.0001047252011 5.236260054E-05
276.6 0.0001118067979 6.987924866E-05
276.8 0.0001189010743 3.497090421E-05
277 0.0001260080645 2.432654337E-20
277.2 0.0001261210762 3.503363229E-05
277.4 0.0001262342908 8.766270197E-05
277.6 0.0001263477089 7.019317161E-05
277.8 0.0001264613309 1.756407374E-05
278 0.0001265751575 3.515976598E-05
278.2 0.0001196509009 8.79786036E-05
278.4 0.0001127141569 5.283476105E-05
278.6 0.0001128158845 1.762748195E-05
278.8 0.0001129177958 7.05736224E-05
279 0.0001200836347 5.297807414E-05
279.2 0.0001272624434 1.767533937E-05
279.4 0.0001344542572 5.307404891E-05
279.6 0.0001345761559 3.541477788E-05
279.8 0.0001346982759 1.772345735E-05
280 0.0001348206176 5.321866485E-05
280.2 0.0001349431818 3.551136364E-05
280.4 0.0001350659691 -1.777183803E-05
280.6 0.0001280737705 3.557604736E-05
280.8 0.0001210688241 0.0001246296718
281 0.0001140510949 8.910241788E-05
281.2 0.0001141552511 5.351027397E-05
281.4 0.0001142595978 5.355918647E-05
281.6 0.0001143641354 5.360818847E-05
281.8 0.0001216231685 5.365728022E-05
282 0.0001288955087 5.370646196E-05
282.2 0.0001290137615 3.583715596E-05
282.4 0.0001219582185 3.587006428E-05
282.6 0.0001148897059 7.180606618E-05
282.8 0.0001078081877 7.187212511E-05
283 0.000100713628 3.596915285E-05
283.2 0.0001152073733 3.600230415E-05
283.4 0.0001225207565 5.405327491E-05
283.6 0.0001370614035 1.80343952E-05
283.8 0.0001516289279 -1.805106285E-05
284 0.0001662234043 1.806776133E-05
284.2 0.0001808449074 3.616898148E-05
284.4 0.000188253012 -1.810125116E-05
284.6 0.0002029220779 1.811804267E-05
284.8 0.0002103644383 9.067432683E-05
285 0.0002105599442 1.815171933E-05
285.2 0.000210755814 -1.816860465E-05
285.4 0.0002036778399 1.834451994E-22
285.6 0.0002111486486 3.556748972E-21
285.8 0.0002113456157 3.643889925E-05
286 0.0002115429505 3.64729225E-05
286.2 0.0002117406542 3.289508097E-22
286.4 0.0002046304958 -1.827057998E-05
286.6 0.0002048220974 1.828768727E-05
286.8 0.0002050140581 1.447587225E-20
287 0.000205206379 -1.832199812E-05
287.2 0.0001907276995 1.833920188E-05
287.4 0.0001762218045 3.671287594E-05
287.6 0.0001616886171 1.837370649E-05
287.8 0.0001544844633 3.678201507E-05
288 0.000139903393 1.840834119E-05
288.2 0.0001326650943 -7.370283019E-05
288.4 0.0001254131256 -7.377242682E-05
288.6 0.0001255316635 -5.538161626E-05
288.8 0.0001256504257 -5.543401135E-05
289 0.0001331676136 -3.699100379E-05
289.2 0.0001258886256 1.851303318E-05
289.4 0.0001185958254 5.559179317E-05
289.6 0.0001112891738 -1.066755925E-20
289.8 0.0001039686312 -1.8565827E-05
290 9.663415794E-05 -1.829886563E-20
290.2 9.672619048E-05 2.272862752E-20
290.4 9.681839847E-05 -3.723784557E-05
290.6 9.691078244E-05 -7.454675573E-05
290.8 9.700334288E-05 3.438697453E-20
291 9.709608031E-05 3.734464627E-05
291.2 9.718899522E-05 1.869019139E-05
291.4 8.979885057E-05 1.870809387E-05
291.6 8.2394535E-05 -4.775578218E-21
291.8 7.497600768E-05 1.874400192E-05
292 6.754322767E-05 1.876200768E-05
292.2 6.009615385E-05 -1.878004808E-05
292.4 5.263474495E-05 -3.759624639E-05
292.6 5.268545279E-05 3.763246628E-05
292.8 4.520250723E-05 5.650313404E-05
293 3.770511583E-05 3.770511583E-05
293.2 3.019323671E-05 3.774154589E-05
293.4 2.266682785E-05 1.888902321E-05
293.6 1.512584705E-05 1.858866721E-20
293.8 1.514050388E-05 1.892562984E-05
294 7.577594568E-06 1.891734449E-20
294.2 7.584951456E-06 -3.792475728E-05
294.4 7.592322643E-06 1.898080661E-05
294.6 7.599708171E-06 1.469205158E-20
294.8 7.607108082E-06 -1.90177702E-05
295 0 1.903630604E-05
295.2 0 5.716463415E-05
295.4 0 1.907348633E-05
295.6 0 -3.818426197E-05
295.8 0 -1.911081213E-05
296 0 1.912952987E-05
296.2 0 3.829656863E-05
296.4 0 -2.315302985E-21
296.6 0 -3.837180747E-05
296.8 0 -3.840953786E-05
297 7.689468504E-06 1.922367126E-05
297.2 0 7.697044335E-05
297.4 0 3.852317554E-05
297.6 0 1.928060217E-05
297.8 0 7.71986166E-05
298 0 5.795623145E-05
298.2 0 5.801361386E-05
298.4 0 0.00011614222
298.6 0 9.68812004E-05
298.8 0 9.697740814E-05
299 0 9.707380716E-05
299.2 0 5.830223881E-05
299.4 0 5.836030876E-05
299.6 0 3.894566301E-05
299.8 0 3.898453094E-05
300 0 5.853521479E-05
300.2 0 5.859375E-05
300.4 0 7.82032032E-05
300.6 0 3.914078156E-05
300.8 0 5.877006018E-05
301 0 3.921937751E-05
301.2 0 2.657685185E-20
301.4 0 5.894743461E-05
301.6 0 7.867573011E-05
301.8 0 9.84438004E-05
302 0 0.0001182517659
302.2 0 5.918560606E-05
302.4 0 1.974848332E-05
302.6 0 3.953694332E-05
302.8 0 3.957700101E-05
303 0 3.961713996E-05
303.2 0 1.98286802E-05
303.4 0 -5.761980913E-20
303.6 0 -3.928574292E-20
303.8 0 -5.327956691E-20
304 0 1.990953109E-05
304.2 0 1.992984694E-05
304.4 0 6.60991978E-20
304.6 0 1.997060327E-05
304.8 0 3.998208802E-05
305 0 2.001152664E-05
305.2 0 2.399391728E-21
305.4 0 -1.411738653E-22
305.6 0 -2.007322713E-05
305.8 0 -4.01877572E-05
306 0 -6.034371782E-05
306.2 0 -6.040592784E-05
306.4 0 -4.03121775E-05
306.6 0 -4.035382231E-05
306.8 0 -2.019777663E-05
307 0 -3.358108592E-20
307.2 0 -1.019383508E-21
307.4 0 2.026063278E-05
307.6 0 7.910943592E-20
307.8 0 -4.060550936E-05
308 0 -4.064776275E-05
308.2 0 -4.069010417E-05
308.4 0 -2.036626694E-05
308.6 0 -4.077505219E-05
308.8 0 -6.122648903E-05
309 0 -6.129053347E-05
309.2 0 -4.090314136E-05
309.4 0 2.047300839E-05
309.6 0 -2.049449108E-05
309.8 0 -0.0001025800945
310 0 -0.00010268796
310.2 0 -0.0001027960526
310.4 0 -8.232349842E-05
310.6 0 -6.180775316E-05
310.8 0 -6.187302006E-05
311 0 -8.25845666E-05
311.2 0 -0.0001033399471
311.4 0 -6.206965042E-05
311.6 0 -6.21354719E-05
311.8 0 -8.293524416E-05
312 0 -8.302337938E-05
312.2 0 -6.23337766E-05
312.4 0 -6.240015974E-05
312.6 0 -8.328891258E-05
312.8 0 -6.253335112E-05
313 0 -2.086672009E-05
313.2 0 -4.177807487E-05
313.4 0 -4.182280514E-05
313.6 0 -2.093381565E-05
313.8 0 4.872976667E-21
314 0 -4.441537201E-20
314.2 0 -4.200268817E-05
314.4 8.409580194E-06 -2.102395048E-05
314.6 8.418642241E-06 -4.209321121E-05
314.8 8.42772384E-06 -6.32079288E-05
315 8.436825054E-06 -8.436825054E-05
315.2 8.445945946E-06 -0.0001055743243
315.4 8.45508658E-06 -4.22754329E-05
315.6 0 -4.23212351E-05
315.8 0 -8.473427332E-05
316 0 -8.482627579E-05
316.2 0 -4.245923913E-05
316.4 8.501088139E-06 -2.125272035E-05
316.6 8.510348584E-06 -4.255174292E-05
316.8 8.519629226E-06 -2.129907306E-05
317 8.528930131E-06 2.132232533E-05
317.2 0 -4.269125683E-05
317.4 8.547592998E-06 -8.547592998E-05
317.6 8.556955093E-06 -4.278477547E-05
317.8 8.566337719E-06 2.14158443E-05
318 0 6.431805708E-05
318.2 0 -4.292582418E-05
318.4 8.594609461E-06 -8.594609461E-05
318.6 8.60407489E-06 6.071774448E-21
318.8 8.613561191E-06 4.306780595E-05
319 8.623068433E-06 4.311534216E-05
319.2 8.632596685E-06 2.158149171E-05
319.4 8.642146018E-06 4.633668676E-20
319.6 8.651716501E-06 4.503061885E-20
319.8 8.661308204E-06 -1.341123237E-20
320 8.670921199E-06 -2.1677303E-05
320.2 8.680555556E-06 -2.170138889E-05
320.4 8.690211346E-06 1.057545382E-21
320.6 8.699888641E-06 -2.17497216E-05
320.8 8.709587514E-06 -2.177396878E-05
321 8.719308036E-06 -2.179827009E-05
321.2 8.729050279E-06 -4.36452514E-05
321.4 8.738814318E-06 -6.554110738E-05
321.6 8.748600224E-06 -6.561450168E-05
321.8 8.758408072E-06 -4.379204036E-05
322 8.768237935E-06 -4.384118967E-05
322.2 0 3.659581168E-20
322.4 0 4.393982002E-05
322.6 0 4.39893018E-05
322.8 0 8.80777903E-05
323 0 8.81772009E-05
323.2 0 6.620762712E-05
323.4 0 6.628252262E-05
323.6 0 1.340469993E-20
323.8 0 -4.428854875E-05
324 0 -4.433881952E-05
324.2 0 2.219460227E-05
324.4 0 6.665955631E-05
324.6 0 -2.224515945E-05
324.8 0 1.713383938E-20
325 0 2.229594749E-05
325.2 0 -2.232142857E-05
325.4 0 2.234696796E-05
325.6 0 3.077431242E-20
325.8 0 -2.239822248E-05
326 0 -2.2423938E-05
326.2 0 2.276111037E-20
326.4 0 2.247554661E-05
326.6 0 4.147398354E-20
326.8 0 2.252739331E-05
327 0 2.255340647E-05
327.2 0 2.108150501E-20
327.4 0 -2.260561343E-05
327.6 0 -2.263180765E-05
327.8 0 2.265806265E-05
328 0 2.268437863E-05
328.2 0 -3.144619725E-20
328.4 0 -2.273719441E-05
328.6 0 -9.105477855E-05
328.8 0 -2.279025671E-05
329 0 4.563376168E-05
329.2 0 4.56871345E-05
329.4 0 4.574063232E-05
329.6 0 -4.579425557E-05
329.8 0 -4.584800469E-05
330 0 2.295094007E-05
330.2 0 1.563578226E-20
330.4 0 -2.300500589E-05
330.6 0 -2.303213443E-05
330.8 0 -2.305932704E-05
331 0 -2.308658392E-05
331.2 0 -6.387125227E-21
331.4 0 4.628258294E-05
331.6 0 4.633748517E-05
331.8 0 -2.319625891E-05
332 0 -1.076272926E-20
332.2 0 6.975446429E-05
332.4 0 -6.997990442E-20
332.6 0 2.330698091E-05
332.8 0 7.000448029E-05
333 0 7.00882177E-05
333.2 0 7.017215569E-05
333.4 0 4.683752998E-05
333.6 0 4.68937575E-05
333.8 0 2.34750601E-05
334 9.401323706E-06 -1.918498368E-20
334.2 1.88253012E-05 2.353162651E-05
334.4 2.827201448E-05 1.923262147E-20
334.6 3.774154589E-05 -2.358846618E-05
334.8 5.668077388E-05 -3.445141288E-20
335 5.674939467E-05 2.364558111E-05
335.2 6.628787879E-05 -3.459007322E-20
335.4 8.533070388E-05 -6.411609073E-21
335.6 9.492709599E-05 -2.3731774E-05
335.8 0.000104546837 -4.752128954E-05
336 0.0001141900122 2.378958587E-05
336.2 0.0001238567073 -2.381859756E-05
336.4 0.0001335470085 -4.76953602E-05
336.6 0.0001432610024 -7.163050122E-05
336.8 0.000152998776 -0.0001434363525
337 0.0001627604167 -4.787071078E-05
337.2 0.0001725460123 9.78698998E-22
337.4 0.0001823556511 -7.198249386E-05
337.6 0.0001921894219 -7.207103321E-05
337.8 0.0002020474138 -7.215979064E-05
338 0.0002119297164 -2.408292232E-05
338.2 0.0002025462963 3.714814211E-20
338.4 0.0002027966625 -2.414245983E-05
338.6 0.0002030476485 2.417233911E-05
338.8 0.0001936183395 -2.420229244E-05
339 0.0001938585608 -7.26969603E-05
339.2 0.0001843944099 -3.283191578E-20
339.4 0.0001846237562 1.405994662E-20
339.6 0.0001848536737 -4.864570361E-05
339.8 0.0001850841646 -4.87063591E-05
340 0.000185315231 -2.438358302E-05
340.2 0.000185546875 -2.44140625E-05
340.4 0.0001857790989 -4.888923655E-05
340.6 0.0001860119048 -4.895050125E-05
340.8 0.0001862452949 -7.351787955E-05
341 0.0001864792714 -4.907349246E-05
341.2 0.0001867138365 -6.760666367E-20
341.4 0.0001869489924 1.497283973E-20
341.6 0.0001871847415 -4.92591425E-05
341.8 0.0001874210859 -7.398200758E-05
342 0.0001975347661 -4.938369153E-05
342.2 0.0001977848101 -4.944620253E-05
342.4 0.0002079372624 -3.555809051E-20
342.6 0.0002082011421 2.478585025E-05
342.8 0.0002084656925 -1.002864379E-20
343 0.000208730916 1.860545305E-20
343.2 0.0002089968153 -1.006277677E-20
343.4 0.0002192283163 2.491230867E-05
343.6 0.0002294859515 9.977650064E-05
343.8 0.0002297794118 7.492806905E-05
344 0.0002300736236 2.500800256E-05
344.2 0.0002303685897 2.249441106E-20
344.4 0.0002306643132 5.014441592E-05
344.6 0.0002309607969 5.020886889E-05
344.8 0.0002312580438 -8.935448895E-21
345 0.0002315560567 5.03382732E-05
345.2 0.0002318548387 2.52016129E-05
345.4 0.0002321543928 -2.523417313E-05
345.6 0.0002324547219 5.053363519E-05
345.8 0.000232755829 5.059909326E-05
346 0.0002330577173 -5.066472114E-05
346.2 0.0002232142857 -7.609577922E-05
346.4 0.0002336638492 -2.539824447E-05
346.6 0.000233968099 5.086263021E-05
346.8 0.0002342731421 -2.546447197E-05
347 0.0002345789817 -2.54977154E-05
347.2 0.0002246732026 -3.751619333E-20
347.4 0.0002147414921 -2.556446335E-05
347.6 0.000245740498 2.559796855E-05
347.8 0.0002460629921 0.0001025262467
348 0.0002361202365 2.56652431E-05
348.2 0.0002569901316 4.566277642E-20
348.4 0.0002676218709 7.71986166E-05
348.6 0.0002782816623 -5.153364116E-05
348.8 0.0002889696169 -1.949993813E-20
349 0.0002996858466 5.166997354E-05
349.2 0.0003104304636 -5.17384106E-05
349.4 0.0003212035809 -5.180702918E-05
349.6 0.0003320053121 1.033269928E-20
349.8 0.0003428357713 5.194481383E-05
350 0.0003536950732 5.938561077E-20
350.2 0.0003645833333 4.625605688E-20
350.4 0.0003755006676 -1.476018733E-20
350.6 0.0003864471925 2.611129679E-05
350.8 0.0003974230254 2.614625167E-05
351 0.0004084282842 -2.961620284E-20
351.2 0.0004194630872 5.243288591E-05
351.4 0.0004305275538 7.875504032E-05
351.6 0.0004205921938 2.628701211E-05
351.8 0.0004211590296 -2.632243935E-05
352 0.0004217273954 2.635796221E-05
352.2 0.0004328547297 5.278716216E-05
352.4 0.0004440121786 -3.11746718E-20
352.6 0.0004551998645 -7.93953252E-05
352.8 0.0004664179104 -5.300203528E-05
353 0.0004776664402 -4.754289353E-20
353.2 0.0004889455782 -2.657312925E-05
353.4 0.0005002554496 -3.592100629E-20
353.6 0.0005115961801 -2.664563438E-05
353.8 0.0005229678962 -8.004610656E-05
354 0.000534370725 5.798781137E-21
354.2 0.0005458047945 5.351027397E-05
354.4 0.0005572702332 2.679183813E-05
354.6 0.0005687671703 -2.682864011E-05
354.8 0.0005802957359 -5.373108666E-05
355 0.0005918560606 -2.799638118E-20
355.2 0.0006034482759 5.387931034E-05
355.4 0.0006150725138 2.697686464E-05
355.6 0.0006267289073 -8.104253112E-05
355.8 0.0006492382271 -0.0001082063712
356 0.0006501386963 5.417822469E-05
356.2 0.0006618923611 0.0001085069444
356.4 0.0006736787204 -2.716446453E-05
356.6 0.0006746169916 -8.160689415E-05
356.8 0.0006755578801 -2.72402371E-05
357 0.0006655900838 -6.490562219E-20
357.2 0.000666520979 -2.731643357E-05
357.4 0.0006783963585 -5.470938375E-05
357.6 0.0006683906031 -0.0001369652875
357.8 0.0006803019663 -2.74315309E-05
358 0.0006812587904 8.241033755E-05
358.2 0.0006822183099 -5.501760563E-05
358.4 0.000683180536 1.534242903E-20
358.6 0.0006841454802 5.51730226E-05
358.8 0.0006851131542 -2.762553041E-05
359 0.0006860835694 -5.532932011E-05
359.2 0.0006870567376 -5.540780142E-05
359.4 0.0006880326705 -8.322975852E-05
359.6 0.0006667852063 -0.0001111308677
359.8 0.0006788639601 -2.782229345E-05
360 0.0006909771755 2.786198288E-05
360.2 0.0006919642857 -2.790178571E-05
360.4 0.0007041309013 -8.38251073E-05
360.6 0.0007051396848 -8.394520057E-05
360.8 0.0006949426112 -2.802187948E-05
361 0.000695941092 -5.612428161E-05
361.2 0.000696942446 -2.810251799E-05
361.4 0.0006866894813 9.788046631E-21
361.6 0.0006764069264 -5.636724387E-05
361.8 0.0006660946532 -2.822434971E-05
362 0.0006557525326 1.129629089E-20
362.2 0.0006453804348 -6.712970488E-22
362.4 0.0006349782293 1.002780684E-20
362.6 0.0006245457849 -1.158960538E-20
362.8 0.0006140829694 -2.84297671E-05
363 0.0006035896501 4.9361234E-21
363.2 0.0005930656934 2.851277372E-05
363.4 0.0005825109649 -9.562584116E-21
363.6 0.0005719253294 -5.390114899E-20
363.8 0.000561308651 -6.54829462E-20
364 0.000550660793 -2.006066603E-20
364.2 0.0005399816176 -4.246107261E-20
364.4 0.0005292709867 -7.430803088E-20
364.6 0.0005185287611 1.921620366E-21
364.8 0.0005077548006 -5.053948494E-20
365 0.0004969489645 2.548511636E-20
365.2 0.0004861111111 7.972391861E-20
365.4 0.0004752410979 -2.897811573E-05
365.6 0.0004759472511 -2.902117385E-05
365.8 0.000476655506 -3.425433075E-20
366 0.0004773658718 -2.659674712E-20
366.2 0.0004780783582 -7.720735779E-20
366.4 0.0004787929746 -3.187868985E-20
366.6 0.0004795097305 -1.031412908E-20
366.8 0.0004802286357 -4.891902049E-20
367 0.0004809496997 -5.964962058E-21
367.2 0.0004816729323 -2.937030075E-05
367.4 0.0004823983434 -2.941453313E-05
367.6 0.0004831259427 -1.661354096E-20
367.8 0.0004838557402 -3.784419719E-20
368 0.0004845877458 -2.954803328E-05
368.2 0.0004853219697 5.43024165E-20
368.4 0.0004860584219 2.963770865E-05
368.6 0.0004986702128 2.968275076E-05
368.8 0.0004994292237 5.945585997E-05
369 0.0005001905488 2.977324695E-05
369.2 0.0005128816794 5.963740458E-05
369.4 0.0005017201835 -5.972859327E-05
369.6 0.0005024885145 -2.991003063E-05
369.8 0.0004912768405 8.986771472E-05
370 0.000480030722 3.000192012E-05
370.2 0.0004807692308 3.004807692E-05
370.4 0.000469472265 -3.009437596E-05
370.6 0.0004701967593 -5.710860312E-20
370.8 0.000470923493 3.01874034E-05
371 0.0004716524768 -6.046826625E-05
371.2 0.0004723837209 -3.028100775E-05
371.4 0.000473117236 6.754932005E-20
371.6 0.0004738530327 2.295202817E-20
371.8 0.0004745911215 -1.286593263E-20
372 0.0004753315133 -4.469837348E-21
372.2 0.0004760742188 3.051757812E-05
372.4 0.0004645931142 3.230449544E-20
372.6 0.0004530760188 -3.061324451E-05
372.8 0.000441522763 -3.066130298E-05
373 0.0004299331761 -3.070951258E-05
373.2 0.0004183070866 -3.075787402E-05
373.4 0.0004066443218 3.080638801E-05
373.6 0.0003949447077 6.429831483E-20
373.8 0.0003832080696 3.132938762E-20
374 0.0003714342314 3.095285261E-05
374.2 0.0003596230159 2.810271994E-20
374.4 0.0003477742448 3.849384715E-20
374.6 0.0003358877389 -3.641044183E-20
374.8 0.0003239633174 -1.00541685E-20
375 0.0003120007987 5.801149741E-20
375.2 0.0003 6.356189665E-20
375.4 0.0002879607372 2.54238495E-20
375.6 0.000275882825 -3.685938676E-20
375.8 0.0002637660772 -6.902205278E-20
376 0.000251610306 2.668627852E-20
376.2 0.0002394153226 3.942685853E-20
376.4 0.0002398021002 5.095474372E-20
376.6 0.0002401901294 3.16039644E-05
376.8 0.000227917342 3.165518639E-05
377 0.0002029220779 -3.170657468E-05
377.2 0.0001778455285 -6.351626016E-05
377.4 0.0001654112378 -3.180985342E-05
377.6 0.0001529363785 -8.740311815E-21
377.8 0.0001404207516 -3.191380719E-05
378 0.0001278641571 -9.589811784E-05
378.2 0.0001280737705 -6.403688525E-05
378.4 0.0001282840722 -1.956492452E-20
378.6 0.0001156455592 9.849449605E-21
378.8 0.0001158360791 1.189079074E-20
379 0.0001031353135 -4.251581998E-20
379.2 9.039256198E-05 -2.915353762E-20
379.4 7.760761589E-05 1.414788411E-20
379.6 6.478026534E-05 3.239013267E-05
379.8 5.1910299E-05 -3.694275742E-20
380 3.899750416E-05 -3.249792013E-05
380.2 2.604166667E-05 -3.255208333E-05
380.4 1.304257095E-05 -6.521285476E-05
380.6 0 -3.266095318E-05
380.8 0 -3.271566164E-05
381 0 -3.277055369E-05
381.2 0 -3.282563025E-05
381.4 0 -3.288089226E-05
381.6 0 -6.02152314E-20
381.8 0 3.299197635E-05
382 0 6.609560068E-05
382.2 0 3.310381356E-05
382.4 0 -1.02806344E-19
382.6 0 -3.321641156E-05
382.8 0 -3.32729983E-05
383 0 -4.570691108E-20
383.2 0 -6.880184041E-20
383.4 0 2.889826073E-20
383.6 0 1.067993985E-20
383.8 0 -3.35588488E-05
384 0 -3.361660929E-05
384.2 0 -1.077902399E-19
384.4 0 -1.100347436E-19
384.6 0 3.379108997E-05
384.8 0 -7.042645288E-20
385 0 -3.390842014E-05
385.2 0 2.063323821E-20
385.4 0 -4.922855445E-20
385.6 0 -3.227334253E-20
385.8 0 1.271261214E-20
386 0 3.420534151E-05
386.2 0 3.426535088E-05
386.4 0 1.591942282E-20
386.6 0 7.055464805E-20
386.8 0 3.444664903E-05
387 0 3.450750883E-05
387.2 0 4.780769408E-20
387.4 0 5.343411454E-20
387.6 0 2.817599663E-20
387.8 0 4.691746697E-20
388 0 -6.963012478E-05
388.2 0 -0.0001046316964
388.4 0 -3.493962433E-05
388.6 0 2.211026644E-20
388.8 0 -3.662059504E-21
389 0 8.841053939E-21
389.2 0 6.800157444E-21
389.4 0 2.577268665E-20
389.6 0 2.261963786E-20
389.8 0 3.538269928E-05
390 0 7.08938294E-05
390.2 0 3.146252931E-20
390.4 0 3.557604736E-05
390.6 0 7.128193431E-05
390.8 0 -2.892177867E-20
391 0 -7.154304029E-05
391.2 0 -3.583715596E-05
391.4 0 7.180606618E-05
391.6 0 0.0001079074586
391.8 0 7.207103321E-05
392 0 -3.610212569E-05
392.2 0 -7.233796296E-05
392.4 1.449443414E-05 -2.996683647E-20
392.6 2.904275093E-05 -6.448786156E-22
392.8 4.36452514E-05 -7.274208566E-05
393 5.830223881E-05 -7.287779851E-05
393.2 7.301401869E-05 -3.650700935E-05
393.4 7.315074906E-05 3.657537453E-05
393.6 7.32879925E-05 7.32879925E-05
393.8 7.342575188E-05 7.342575188E-05
394 7.356403013E-05 0.0001103460452
394.2 7.370283019E-05 0.0001105542453
394.4 7.384215501E-05 7.384215501E-05
394.6 7.398200758E-05 7.398200758E-05
394.8 7.412239089E-05 7.412239089E-05
395 7.426330798E-05 7.426330798E-05
395.2 7.44047619E-05 7.44047619E-05
395.4 7.454675573E-05 7.454675573E-05
395.6 7.468929254E-05 0.0001120339388
395.8 7.483237548E-05 7.483237548E-05
396 7.497600768E-05 1.33184144E-21
396.2 7.512019231E-05 -7.512019231E-05
396.4 7.526493256E-05 -3.763246628E-05
396.6 6.032818533E-05 3.770511583E-05
396.8 4.533365571E-05 7.555609284E-05
397 3.028100775E-05 1.546458913E-20
397.2 1.516990291E-05 -3.792475728E-05
397.4 0 3.799854086E-05
397.6 0 3.807261209E-05
397.8 0 0.000114440918
398 0 7.644324853E-05
398.2 0 -4.898042756E-20
398.4 0 0.0001534872299
398.6 0 0.0002306840551
398.8 0 0.0001540927022
399 0 0.0001157979249
399.2 0 3.867574257E-05
399.4 0 3.875248016E-05
399.6 0 0.0001164885686
399.8 0 0.0001167206175
400 0 7.796906188E-05
400.2 0 7.8125E-05
400.4 1.565631263E-05 0.0001174223447
400.6 1.5687751E-05 0.0001176581325
400.8 1.57193159E-05 7.859657948E-05
401 1.575100806E-05 7.875504032E-05
401.2 1.578282828E-05 0.0001183712121
401.4 0 0.00011861083
401.6 0 7.923427992E-05
401.8 0 0.0001190929878
402 0 0.0001193355397
402.2 0 0.0001195790816
402.4 0 0.0001198236196
402.6 0 8.004610656E-05
402.8 0 5.62805563E-20
403 0 1.041324105E-20
403.2 0 4.027061856E-05
403.4 0 -6.160434129E-20
403.6 0 -4.559699472E-20
403.8 0 3.476550632E-20
404 0 6.461972544E-20
404.2 0 4.818654811E-20
404.4 0 4.077505219E-05
404.6 0 8.17207113E-05
404.8 0 0.0001228380503
405 0 0.0001641281513
405.2 0 0.0001644736842
405.4 0 0.0001648206751
405.6 0 0.0001651691332
405.8 0 0.0001655190678
406 0 4.146762208E-05
406.2 0 -4.155585106E-05
406.4 0 2.95901659E-21
406.6 0 4.173344017E-05
406.8 0 9.657989374E-21
407 0 -4.191255365E-05
407.2 0 4.200268817E-05
407.4 0 0.0001262796336
407.6 0 0.0001265523758
407.8 0 8.45508658E-05
408 0 0.00012710141
408.2 0 0.0001698369565
408.4 0 0.0001276552288
408.6 0 8.528930131E-05
408.8 0 0.00017095186
409 0 0.0001284950658
409.2 0 -6.111443778E-20
409.4 0 -1.440584153E-19
409.6 0 0.0001293460265
409.8 0 4.321073009E-05
410 0 -0.0001299196231
410.2 0 -4.340277778E-05
410.4 0 -1.262488436E-20
410.6 0 4.359654018E-05
410.8 0 4.369407159E-05
411 0 -4.379204036E-05
411.2 0 -4.915553852E-20
411.4 0 8.79786036E-05
411.6 0 4.408860045E-05
411.8 0 0.0001767533937
412 0 0.0002657312925
412.2 0 0.0002219460227
412.4 0 0.0002224515945
412.6 0 0.0002229594749
412.8 0 0.0001787757437
413 0 4.479644495E-05
413.2 0 8.979885057E-05
413.4 0 9.000576037E-05
413.6 0 -2.082485416E-19
413.8 0 -1.394435058E-20
414 0 -1.183314854E-19
414.2 0 -1.621764738E-19
414.4 0 -9.785619608E-20
414.6 0 -4.563376168E-05
414.8 0 -0.000137221897
415 0 -9.169600939E-05
415.2 0 -1.129787917E-19
415.4 0 -4.606426887E-05
415.6 0 -9.23463357E-05
415.8 0 -9.256516588E-05
416 0 2.141122246E-20
416.2 0 4.650297619E-05
416.4 0 -4.661396181E-05
416.6 0 3.942895515E-21
416.8 0 4.683752998E-05
417 0 -1.736402662E-21
417.2 0 -1.462401111E-19
417.4 0 -1.296033861E-19
417.6 0 -1.076764575E-19
417.8 0 -9.017384326E-20
418 0 -4.752128954E-05
418.2 0 -4.763719512E-05
418.4 0 -3.141138362E-21
418.6 0 4.787071078E-05
418.8 0 9.597665848E-05
419 0 4.810652709E-05
419.2 0 -6.160885144E-21
419.4 0 4.834467822E-05
419.6 0 4.84646402E-05
419.8 0 -1.332134896E-19
420 0 2.063795588E-20
420.2 0 -4.8828125E-05
420.4 0 -4.895050125E-05
420.6 0 2.030578671E-20
420.8 0 3.480148224E-20
421 0 -9.864267677E-05
421.2 0 -4.944620253E-05
421.4 0 -4.957170051E-05
421.6 0 -0.0001490935115
421.8 0 -1.786412464E-20
422 0 4.995204604E-05
422.2 0 7.389326124E-20
422.4 0 -3.763348325E-20
422.6 0 -1.049192971E-19
422.8 0 -1.16491945E-20
423 0 4.278178959E-20
423.2 0 5.073051948E-05
423.4 2.034505208E-05 0.0001017252604
423.6 2.039817232E-05 4.75198161E-20
423.8 0 -5.11289267E-05
424 2.050524934E-05 5.126312336E-05
424.2 2.055921053E-05 5.139802632E-05
424.4 2.061345646E-05 5.153364116E-05
424.6 2.066798942E-05 3.446594964E-20
424.8 2.072281167E-05 -5.180702918E-05
425 2.077792553E-05 5.194481383E-05
425.2 2.083333333E-05 -2.222416125E-20
425.4 2.088903743E-05 -4.382619944E-20
425.6 2.094504021E-05 5.236260054E-05
425.8 2.100134409E-05 -1.629465649E-20
426 2.105795148E-05 5.264487871E-05
426.2 2.111486486E-05 -3.00703561E-20
426.4 2.117208672E-05 -5.29302168E-05
426.6 2.122961957E-05 5.307404891E-05
426.8 2.128746594E-05 5.321866485E-05
427 2.134562842E-05 -1.004166454E-19
427.2 2.140410959E-05 7.31539199E-20
427.4 2.146291209E-05 -7.650444912E-20
427.6 2.152203857E-05 -7.5181722E-20
427.8 2.158149171E-05 -4.315702068E-20
428 2.164127424E-05 -3.468242439E-20
428.2 2.170138889E-05 -1.085471552E-19
428.4 2.176183844E-05 5.44045961E-05
428.6 2.18226257E-05 0.0001091131285
428.8 2.18837535E-05 -9.330174222E-21
429 0 -5.48630618E-05
429.2 2.200704225E-05 5.501760563E-05
429.4 2.206920904E-05 5.51730226E-05
429.6 2.213172805E-05 -3.167723475E-20
429.8 2.219460227E-05 -5.548650568E-05
430 2.225783476E-05 -5.564458689E-05
430.2 2.232142857E-05 5.580357143E-05
430.4 2.238538682E-05 2.385033976E-20
430.6 2.244971264E-05 1.805024582E-20
430.8 2.251440922E-05 5.628602305E-05
431 0 -5.644869942E-05
431.2 2.264492754E-05 -4.678727002E-20
431.4 2.271075581E-05 5.677688953E-05
431.6 0 -0.0001138848397
431.8 0 -0.0001142178363
432 0 -2.101397281E-20
432.2 0 5.744485294E-05
432.4 0 -5.761430678E-05
432.6 0 -0.0001155695266
432.8 0 9.233661458E-20
433 0 -5.812872024E-05
433.2 0 -5.830223881E-05
433.4 0 5.847679641E-05
433.6 0 3.684616909E-20
433.8 0 5.882906627E-05
434 0 0.0001770203927
434.2 0 8.200710681E-20
434.4 0 3.103149136E-20
434.6 0 5.95464939E-05
434.8 0 8.251379455E-20
435 0 5.991180982E-05
435.2 0 0.0001201923077
435.4 0 6.02816358E-05
435.6 0 7.702058785E-20
435.8 0 1.073493358E-19
436 0 4.43486222E-20
436.2 0 -6.103515625E-05
436.4 0 -0.0001224529781
436.6 0 -0.0001228380503
436.8 0 -6.161277603E-05
437 0 6.180775316E-05
437.2 0 -1.013498498E-20
437.4 2.488057325E-05 -6.220143312E-05
437.6 2.49600639E-05 -6.240015974E-05
437.8 2.50400641E-05 -6.260016026E-05
438 2.512057878E-05 4.383874665E-20
438.2 2.52016129E-05 6.916838656E-20
438.4 2.528317152E-05 6.32079288E-05
438.6 0 1.06335245E-19
438.8 2.544788274E-05 -6.361970684E-05
439 2.553104575E-05 1.722794113E-19
439.2 2.56147541E-05 8.569001356E-20
439.4 2.569901316E-05 -5.569298225E-20
439.6 2.578382838E-05 1.398928678E-19
439.8 2.58692053E-05 5.674260536E-20
440 2.59551495E-05 2.049611691E-19
440.2 2.604166667E-05 1.743495786E-19
440.4 2.612876254E-05 8.301344246E-20
440.6 2.621644295E-05 -8.250672438E-20
440.8 2.63047138E-05 -1.336180881E-19
441 2.639358108E-05 1.314529332E-20
441.2 2.648305085E-05 1.155222611E-19
441.4 2.657312925E-05 -9.340911199E-21
441.6 0 -6.665955631E-05
441.8 0 -0.0002006635274
442 0 -0.0001342353952
442.2 0 -6.821926512E-20
442.4 0 -5.965876416E-20
442.6 0 -2.157256263E-19
442.8 0 -5.113320285E-20
443 0 -1.689614603E-19
443.2 0 -4.589025498E-20
443.4 0 1.465810345E-20
443.6 0 2.898911314E-20
443.8 0 9.655381509E-21
444 0 1.681289E-20
444.2 0 -7.340515412E-20
444.4 2.800179211E-05 0.0001400089606
444.6 0 7.025629496E-05
444.8 2.820397112E-05 6.553697452E-20
445 2.830615942E-05 1.992262856E-19
445.2 2.840909091E-05 7.102272727E-05
445.4 2.851277372E-05 7.128193431E-05
445.6 2.861721612E-05 -7.154304029E-05
445.8 2.872242647E-05 0.0001436121324
446 2.882841328E-05 0.0001441420664
446.2 2.893518519E-05 0.0001446759259
446.4 2.904275093E-05 0.000217820632
446.6 2.91511194E-05 0.000145755597
446.8 2.926029963E-05 7.315074906E-05
447 5.87406015E-05 7.342575188E-05
447.2 8.844339623E-05 -2.047250398E-20
447.4 0.0001183712121 -2.518234674E-19
447.6 0.000148526616 6.608248732E-20
447.8 0.0001789122137 -0.0001490935115
448 0.0002095306513 -7.483237548E-05
448.2 0.0002403846154 7.140144926E-20
448.4 0.000271476834 7.541023166E-05
448.6 0.0002725290698 7.570251938E-05
448.8 0.0002735894942 6.279444565E-20
449 0.0002746582031 1.032441261E-19
449.2 0.0002757352941 -9.231992956E-21
449.4 0.0002768208661 -1.266476121E-20
449.6 0.0002779150198 -7.71986166E-05
449.8 0.0002790178571 -7.750496032E-05
450 0.0002801294821 -8.028841414E-20
450.2 0.0003125 3.732023055E-20
450.4 0.0003451305221 -5.568590736E-20
450.6 0.0003780241935 -2.02592057E-19
450.8 0.0004111842105 -9.901926205E-20
451 0.0004446138211 -2.87468127E-21
451.2 0.0004783163265 7.971938776E-05
451.4 0.0004802766393 0.0001600922131
451.6 0.0005144032922 8.03755144E-05
451.8 0.0005488119835 2.052194782E-19
452 0.0005835062241 -2.512073297E-20
452.2 0.0006184895833 -3.474304972E-20
452.4 0.0006210774059 2.22926754E-21
452.6 0.000656512605 -6.060830336E-21
452.8 0.0006922468354 -8.473575543E-20
453 0.0007282838983 -5.45019743E-20
453.2 0.0007646276596 -8.311170213E-05
453.4 0.0008012820513 -0.000250400641
453.6 0.000838251073 -0.0001676502146
453.8 0.0008755387931 -8.418642241E-05
454 0.0009131493506 -8.45508658E-05
454.2 0.0009510869565 8.491847826E-05
454.4 0.0009552401747 -1.059890569E-20
454.6 0.0009594298246 -0.0001713267544
454.8 0.0009636563877 -0.0001720814978
455 0.000967920354 -0.0001728429204
455.2 0.0009375 -8.680555556E-05
455.4 0.0009068080357 -9.111973348E-20
455.6 0.0008758408072 8.758408072E-05
455.8 0.0008445945946 8.79786036E-05
456 0.0008130656109 2.361923326E-20
456.2 0.00078125 -4.882005152E-20
456.4 0.0007491438356 8.918378995E-05
456.6 0.0007167431193 1.723316811E-19
456.8 0.0007200460829 -9.000576037E-05
457 0.0007233796296 1.40893372E-19
457.2 0.000726744186 -8.957983051E-20
457.4 0.0007301401869 -4.107066249E-21
457.6 0.0007335680751 2.356454538E-20
457.8 0.0007370283019 -3.341470926E-20
458 0.000740521327 1.344996342E-22
458.2 0.000744047619 -8.457476388E-21
458.4 0.0007476076555 -9.345095694E-05
458.6 0.0007136418269 -9.390024038E-05
458.8 0.0006793478261 -3.073940424E-21
459 0.0006447208738 9.48118932E-05
459.2 0.0006097560976 -9.527439024E-05
459.4 0.0005744485294 -0.0001914828431
459.6 0.0005387931034 -9.621305419E-05
459.8 0.000541460396 4.981562466E-20
460 0.0005052860697 2.794836711E-20
460.2 0.00046875 -9.765625E-05
460.4 0.0004318467337 -1.23557296E-19
460.6 0.0003945707071 -4.852912576E-20
460.8 0.0003569162437 -5.310174574E-20
461 0.000318877551 1.36952984E-19
461.2 0.0002804487179 -3.216339639E-19
461.4 0.0002416237113 -2.163896396E-19
461.6 0.0002023963731 7.270010657E-20
461.8 0.0001627604167 1.886175741E-20
462 0.0001227094241 -7.825181088E-20
462.2 8.223684211E-05 -8.815446237E-20
462.4 4.133597884E-05 -1.689240377E-19
462.6 0 -1.771931132E-19
462.8 0 6.78513193E-20
463 0 1.881321548E-20
463.2 0 -1.402721091E-19
463.4 0 -1.937958907E-19
463.6 0 8.679011446E-20
463.8 0 1.866986592E-19
464 0 1.340331699E-19
464.2 0 -2.255123779E-19
464.4 0 1.874994375E-20
464.6 0 2.338037178E-19
464.8 0 -2.52736025E-20
465 0 -2.392849537E-20
465.2 0 -4.779837948E-20
465.4 0 2.907240179E-20
465.6 0 -5.411256223E-20
465.8 0 7.323950963E-20
466 0 5.557689911E-20
466.2 0 3.825261001E-19
466.4 0 -1.938538005E-19
466.6 0 -2.414111997E-19
466.8 0 7.429578806E-20
467 0 2.787743325E-19
467.2 0 5.924337904E-20
467.4 0 -1.1775316E-20
467.6 0 5.191684375E-20
467.8 0 7.386398858E-20
468 0 -2.872288196E-19
468.2 0 -1.386886735E-19
468.4 0 -1.80891471E-19
468.6 0 3.408461145E-19
468.8 0 -1.552203909E-20
469 0 -1.585693171E-19
469.2 0 -4.340202561E-21
469.4 0 -1.280178997E-19
469.6 0 1.671161246E-19
469.8 0 0.0001284950658
470 0 -6.269901733E-20
470.2 0 -0.0001302083333
470.4 0 1.838327949E-19
470.6 0 1.425855629E-19
470.8 0 1.633496601E-19
471 0 -1.674237024E-20
471.2 0 -8.342167644E-20
471.4 0 -9.383052543E-20
471.6 0 -1.652254774E-19
471.8 0 4.595391952E-20
472 0 7.563525201E-20
472.2 0 -6.83928158E-20
472.4 0 -8.394452364E-20
472.6 0 8.551718569E-20
472.8 0 -5.745604076E-20
473 0 -3.203954234E-19
473.2 0 -8.504900307E-20
473.4 0 5.143832424E-20
473.6 0 2.895088277E-19
473.8 0 1.246232796E-19
474 0 1.903569539E-19
474.2 0 8.399466051E-20
474.4 0 2.561974557E-19
474.6 0 3.815352841E-19
474.8 0 -1.274555764E-19
475 0 1.397306533E-19
475.2 0 2.302881358E-19
475.4 0 2.526305493E-19
475.6 0 -6.581149268E-20
475.8 0 3.166586204E-19
476 0 2.094552839E-20
476.2 0 -3.571499997E-19
476.4 0 -1.3151772E-19
476.6 0 -8.82894101E-20
476.8 0 -3.065548045E-19
477 0 -2.89003694E-19
477.2 0 -2.995626716E-19
477.4 0 3.053209056E-19
477.6 0 1.290795264E-19
477.8 0 -1.819851059E-19
478 0 -2.934188431E-19
478.2 0 -2.561693493E-19
478.4 0 1.416896637E-19
478.6 0 -2.548434166E-19
478.8 0 -2.012512385E-19
479 0 2.059201767E-20
479.2 0 4.127944997E-19
479.4 0 1.974621231E-19
479.6 0 1.558183265E-19
479.8 0 3.94586935E-19
480 0 5.022172278E-19
480.2 0 2.077639939E-19
480.4 0 2.92892112E-19
480.6 0 3.109366148E-19
480.8 0 -5.858282225E-20
481 0 -8.411916068E-19
481.2 0 -1.338673333E-19
481.4 0 1.645226319E-19
481.6 0 2.686561975E-19
481.8 0 2.85904789E-20
482 0 2.863538491E-19
482.2 0 1.473213088E-19
482.4 0 -4.402799456E-20
482.6 0 -2.975081866E-19
482.8 0 -3.288369297E-20
483 0 -1.048593392E-20
483.2 0 6.662212993E-20
483.4 0 -1.620854255E-19
483.6 0 6.889144812E-20
483.8 0 3.789714951E-19
484 0 4.954001959E-19
484.2 0 2.711763746E-19
484.4 0 -1.413324513E-20
484.6 0 -5.679055212E-20
484.8 0 5.420308525E-19
485 0 2.115458821E-19
485.2 0 6.749147071E-19
485.4 0 5.458203547E-19
485.6 0 3.835984771E-19
485.8 0 7.385305892E-19
486 0 7.155080423E-19
486.2 0 3.482624747E-19
486.4 0 5.261652547E-19
486.6 0 1.980219597E-19
486.8 0 1.983109242E-19
487 0 3.411320326E-19
487.2 0 5.542093738E-19
487.4 0 4.163792529E-20
487.6 0 4.12821402E-19
487.8 0 2.332369394E-19
488 0 2.200367074E-19
488.2 0 8.091956092E-20
488.4 0 7.031710872E-20
488.6 0 -4.837357394E-19
488.8 0 1.638193814E-19
489 0 -3.707341092E-19
489.2 0 -5.557554397E-19
489.4 0 2.577094894E-19
489.6 0 5.901299981E-19
489.8 0 4.704199219E-19
490 0 -4.350330393E-19
490.2 0 5.885438873E-19
490.4 0 6.023427691E-19
490.6 0 6.308766675E-19
490.8 0 -1.439546815E-19
491 0 5.934685956E-19
491.2 0 1.511160278E-19
491.4 0 3.925995881E-20
491.6 0 -7.971832989E-19
491.8 0 -3.717036958E-19
492 0 4.754136917E-19
492.2 0 1.087339655E-18
492.4 0 1.058268369E-18
492.6 0 -7.50466526E-21
492.8 0 1.522620269E-19
493 0 -9.241045065E-19
493.2 0 6.777092553E-20
493.4 0 5.50545014E-19
493.6 0 -1.279525388E-18
493.8 0 -1.725726287E-18
494 0 -1.188512163E-18
494.2 0 -1.424165807E-18
494.4 0 -1.620120739E-18
494.6 0 -1.690740472E-18
494.8 0 -1.21132696E-19
495 0 -1.625298563E-18
495.2 0 -1.603790732E-18
495.4 0 -1.374306801E-18
495.6 0 -9.910975372E-19
495.8 0 -2.817819649E-18
496 0 -3.387099435E-18
496.2 0 -3.147422711E-18
496.4 0 8.279415331E-20
496.6 0 -1.856774938E-18
496.8 0 -1.170168423E-18
497 0 -3.077504398E-18
497.2 0 -1.391405685E-18
497.4 0 -1.814980453E-18
497.6 0 -1.825696916E-18
497.8 0 -2.558539289E-18
498 0 7.574284111E-19
498.2 0 3.24989447E-19
498.4 0 -3.773688161E-18
498.6 0 -3.499187325E-18
498.8 0 4.382041505E-19
499 0 -8.551804658E-18
499.2 0 -4.551242265E-18
499.4 0 -1.978520088E-18
499.6 0 -1.161610557E-17
499.8 0 -2.842772456E-18
500 0 1.26113697E-18
