0 0.007234606158 -2.342812875E-05
0.2 0.006325 0.001609375
0.4 0.005993022209 0.0003595188075
0.6 0.005692053643 0.0003753002402
0.8 0.005428389067 0.0003206973368
1 0.005186423277 0.0001721504407
1.2 0.00494739479 0.0001565631263
1.4 0.004730102245 0.0002114449679
1.6 0.00454083935 0.0003055430205
1.8 0.004335749398 0.0002586401485
2 0.004158721397 0.0001724959855
2.2 0.003981551205 0.000109814257
2.4 0.003835626758 -2.354108076E-05
2.6 0.003673884646 4.710108521E-05
2.8 0.003512012465 -4.712002413E-05
3 0.003387721239 -4.713897828E-05
3.2 0.003222459759 7.859657948E-06
3.4 0.003079081119 -9.435386473E-05
3.6 0.002948172573 3.146395489E-05
3.8 0.002807715552 9.442989525E-05
4 0.002686038896 -5.510630794E-05
4.2 0.002570564516 -4.725302419E-05
4.4 0.002445542557 3.93934046E-05
4.6 0.002323572437 5.51730226E-05
4.8 0.002214119903 8.673546629E-05
5 0.002104578958 7.099404281E-05
5.2 0.002010732323 1.578282828E-05
5.4 0.001913651981 -7.105143492E-05
5.6 0.001835447837 -0.0001105691468
5.8 0.001750859628 -2.37029733E-05
6 0.001663041279 -2.948538486E-20
6.2 0.001575151822 -7.116649798E-05
6.4 0.001493519644 -7.910591333E-06
6.6 0.001424483387 4.748277958E-05
6.8 0.001339557154 6.333603567E-05
7 0.00127357056 6.336171938E-05
7.2 0.001210699797 -3.169371197E-05
7.4 0.001150948661 -0.0001109730114
7.6 0.00110066484 -7.929861957E-05
7.8 0.001050340171 7.933082859E-06
8 0.001015847217 -3.174522552E-05
8.2 0.0009749745935 -2.381859756E-05
8.4 0.0009340687271 -5.518395028E-21
8.6 0.0008899511798 -2.383797803E-05
8.8 0.0008648758649 -2.088819267E-20
9 0.0008270561889 -2.385739007E-05
9.2 0.0007923879837 -0.0001432026477
9.4 0.000776792991 -4.775366748E-05
9.6 0.0007325214024 1.592437831E-05
9.8 0.0007041445759 7.965436378E-06
10 0.0006789320685 -7.968686251E-06
10.2 0.0006409438776 -4.783163265E-05
10.4 0.0006061147407 -3.190077583E-05
10.6 0.0005808312908 -7.180606618E-05
10.8 0.0005523344912 1.59634246E-05
11 0.0005238143908 -7.98497547E-06
11.2 0.0005144427403 -7.988241309E-05
11.4 0.0004922770049 1.598301964E-05
11.6 0.0004732910356 -7.994781007E-06
11.8 0.0004638871826 -6.398443898E-05
12 0.0004512750922 -4.000665711E-05
12.2 0.0004386526639 -4.802766393E-05
12.4 0.0004260198852 -4.804735547E-05
12.6 0.0003973543888 1.602235439E-05
12.8 0.0003718711531 -2.404339352E-05
13 0.0003527811987 -5.612428161E-05
13.2 0.0003400924025 8.021047228E-06
13.4 0.0003145542317 -2.407302794E-05
13.6 0.0003050503494 -4.816584464E-05
13.8 0.0002859015214 -5.621659128E-05
14 0.0002635232415 -8.034245167E-06
14.2 0.0002507716049 4.822530864E-05
14.4 0.0002251440922 4.824516262E-05
14.6 0.0002155838138 1.608834432E-05
14.8 0.0002027966625 8.047486609E-06
15 0.0002028802556 -6.440643034E-05
15.2 0.0001900773196 -4.027061856E-05
15.4 0.0001869327558 -2.417233911E-05
15.6 0.0001741126702 -5.642540239E-05
15.8 0.0001741845582 -1.612819983E-05
16 0.0001613486163 -8.067430814E-05
16.2 0.0001517303719 -3.448387603E-20
16.4 0.0001421041753 7.266690781E-05
16.6 0.0001324700165 2.42323201E-05
16.8 0.0001292925114 5.656547373E-05
17 0.0001196450745 -2.425237997E-05
17.2 0.0001229296066 -7.278726708E-05
17.4 0.0001197442005 2.427247307E-05
17.6 0.0001230314961 3.237670949E-05
17.8 0.0001133654643 6.478026534E-05
18 0.000106931771 4.860535048E-05
18.2 0.0001069761411 -2.431275934E-05
18.4 0.0001070205479 -8.107617269E-06
18.6 0.0001070649917 -1.622196844E-05
18.8 0.0001136009555 2.43430619E-05
19 0.00010715399 3.247090607E-05
19.2 0.0001104469854 -3.248440748E-05
19.4 0.0001169925125 -2.43734401E-05
19.6 0.0001137900541 2.438358302E-05
19.8 0.0001138374271 6.504995837E-05
20 0.000104123282 4.067315702E-05
20.2 0.0001041666667 8.138020833E-06
20.4 0.0001042100875 -1.638273671E-20
20.6 0.0001042535446 -8.144808173E-06
20.8 0.000104297038 -2.444461827E-05
21 0.0001108618531 -5.706124791E-05
21.2 0.0001206941545 -0.0001223251566
21.4 0.0001272713033 -0.00013053467
21.6 0.000133853949 -6.529460928E-05
21.8 0.0001306438127 -7.348714465E-05
22 0.0001274309912 -6.534922627E-05
22.2 0.0001209466527 -6.537656904E-05
22.4 0.0001079164923 -2.452647551E-05
22.6 9.814698492E-05 -8.17891541E-06
22.8 0.0001047339757 -5.727639296E-05
23 0.0001047778709 -5.730039816E-05
23.2 0.0001048218029 -9.00812369E-05
23.4 0.0001146969379 -3.277055369E-05
23.6 0.0001114666387 3.27843055E-05
23.8 0.0001082336272 -3.279806885E-05
24 0.0001017167157 -5.742072659E-05
24.2 9.519432773E-05 -1.641281513E-05
24.4 9.851828499E-05 -8.209857083E-06
24.6 9.527439024E-05 -1.642661901E-05
24.8 8.545435423E-05 -2.465029449E-05
25 7.891414141E-05 -4.110111532E-05
25.2 6.907894737E-05 -6.578947368E-05
25.4 6.252632687E-05 -0.0001151800758
25.6 5.926042984E-05 -0.0001152286136
25.8 5.599177909E-05 -7.410676644E-05
26 4.613032476E-05 -9.885069591E-05
26.2 3.955696203E-05 -4.944620253E-05
26.4 3.297804981E-05 5.858078433E-21
26.6 2.969277872E-05 -6.59839527E-05
26.8 3.630650613E-05 -0.0001072692226
27 4.292582418E-05 -0.0001155695266
27.2 3.964059197E-05 -4.955073996E-05
27.4 3.635258037E-05 -2.478585025E-05
27.6 3.967414304E-05 -9.091991113E-05
27.8 3.969093988E-05 -0.0001157652413
28 3.639877171E-05 -8.272448115E-05
28.2 2.97934322E-05 -4.137976695E-05
28.4 2.649427724E-05 -3.311784655E-05
28.6 2.981870229E-05 -8.282972858E-05
28.8 3.314594824E-05 -0.0001242973059
29 3.647601868E-05 -9.948005093E-05
29.2 3.317409766E-05 -4.97611465E-05
29.4 3.318819031E-05 -1.659409516E-05
29.6 2.656183595E-05 -2.490172121E-05
29.8 3.321641156E-05 -4.152051446E-05
30 2.990748618E-05 -4.984581029E-05
30.2 2.992021277E-05 -3.324468085E-05
30.4 2.993295019E-05 -8.314708387E-06
30.6 2.661839864E-05 1.073589571E-20
30.8 2.330102258E-05 3.328717512E-05
31 1.665068201E-05 -8.325341006E-06
31.2 9.99466951E-06 -4.164445629E-05
31.4 6.665955631E-06 -1.666488908E-05
31.6 3.334400341E-06 -5.835200598E-05
31.8 0 -5.003736123E-05
32 0 -1.668624519E-05
32.2 0 -8.346688034E-06
32.4 3.340102608E-06 -8.35025652E-06
32.6 3.341531223E-06 -8.903627764E-21
32.8 6.685922122E-06 3.342961061E-05
33 1.003317637E-05 3.344392123E-05
33.2 1.003747323E-05 -4.182280514E-05
33.4 1.338903171E-05 -5.020886889E-05
33.6 6.697385341E-06 8.371731676E-06
33.8 1.005038593E-05 -1.675064322E-05
34 1.340626341E-05 -1.190715385E-20
34.2 1.341201717E-05 1.676502146E-05
34.4 1.677221984E-05 -2.515832976E-05
34.6 1.67794244E-05 -8.389712199E-05
34.8 2.685861624E-05 -6.714654061E-05
35 3.358770421E-05 2.866192717E-21
35.2 3.360215054E-05 2.52016129E-05
35.4 4.033993115E-05 -2.88450117E-20
35.6 4.03572966E-05 -5.885439087E-05
35.8 4.0374677E-05 -5.88797373E-05
36 4.039207238E-05 8.41501508E-06
36.2 3.704202586E-05 4.209321121E-05
36.4 4.042690815E-05 -3.368909013E-05
36.6 4.718507334E-05 -2.527771786E-05
36.8 4.383362106E-05 8.429542512E-06
37 5.059909326E-05 -1.686636442E-05
37.2 5.737041037E-05 -1.687365011E-05
37.4 5.401901469E-05 -8.440471046E-06
37.6 6.417531345E-05 -2.533236057E-05
37.8 6.420307093E-05 7.514835893E-21
38 6.423085244E-05 7.606285158E-05
38.2 6.087662338E-05 9.300595238E-05
38.4 5.751948896E-05 5.921123863E-05
38.6 7.10842721E-05 2.538724003E-05
38.8 6.434221933E-05 -1.693216298E-05
39 6.437012142E-05 -5.928826973E-05
39.2 7.117678959E-05 -5.931399132E-05
39.4 6.781684028E-05 -4.238552517E-05
39.6 6.784628745E-05 -8.480785931E-06
39.8 7.126954822E-05 -1.010756024E-20
40 7.130052151E-05 -3.395262929E-05
40.2 7.133152174E-05 -5.095108696E-05
40.4 6.796433232E-05 -5.946879078E-05
40.6 7.139360313E-05 -6.799390775E-05
40.8 7.142468437E-05 -3.401175446E-05
41 7.485844948E-05 -8.506641986E-06
41.2 7.489106754E-05 -7.43483095E-21
41.4 7.492371404E-05 -4.257029207E-05
41.6 7.495638901E-05 -7.665994331E-05
41.8 7.49890925E-05 -5.11289267E-05
42 7.843190746E-05 -4.262603667E-05
42.2 8.870087336E-05 -3.411572052E-05
42.4 8.873962429E-05 -2.559796855E-05
42.6 8.877840909E-05 -5.121831294E-05
42.8 9.223327503E-05 -2.562035418E-05
43 9.56911636E-05 -2.563156168E-05
43.2 0.000102571116 -6.838074398E-05
43.4 0.0001094570928 -5.130801226E-05
43.6 0.0001129270696 -3.422032413E-05
43.8 0.0001198236196 3.423531989E-05
44 0.0001233011837 3.42503288E-05
44.2 0.0001199287281 -1.713267544E-05
44.4 0.0001165533129 -3.133822391E-21
44.6 0.0001131749342 -2.572157594E-05
44.8 0.0001063625384 -6.004336847E-05
45 9.954415641E-05 -2.574417838E-05
45.2 9.615384615E-05 -1.952139647E-20
45.4 9.276055409E-05 -8.588940193E-06
45.6 9.280136384E-05 -3.437087549E-05
45.8 8.59650088E-05 -4.29825044E-05
46 8.600286218E-05 -1.720057244E-05
46.2 8.259911894E-05 -2.581222467E-05
46.4 8.952181578E-05 2.582360071E-05
46.6 8.267195767E-05 6.02816358E-05
46.8 8.615460962E-05 5.169276577E-05
47 8.619263019E-05 1.723852604E-05
47.2 8.96799117E-05 -4.311534216E-05
47.4 8.971952297E-05 8.626877208E-06
47.6 8.975916924E-05 4.315344675E-05
47.8 8.634504863E-05 8.634504863E-06
48 8.983856701E-05 -8.638323751E-06
48.2 8.642146018E-05 -3.456858407E-05
48.4 8.645971669E-05 -4.322985834E-05
48.6 8.649800709E-05 -6.054860496E-05
48.8 8.999778467E-05 -8.653633141E-05
49 9.00376773E-05 -4.328734486E-05
49.2 9.007760532E-05 -1.732261641E-05
49.4 9.011756877E-05 -2.599545253E-05
49.6 9.015756769E-05 -3.467598757E-05
49.8 9.019760213E-05 -2.601853908E-05
50 9.023767215E-05 -1.735339849E-05
50.2 9.027777778E-05 -2.604166667E-05
50.4 9.031791908E-05 1.736883059E-05
50.6 9.035809609E-05 1.737655694E-05
50.8 9.039830886E-05 -8.692145082E-06
51 8.696015138E-05 8.696015138E-06
51.2 8.00389755E-05 -2.331818494E-20
51.4 7.659313725E-05 2.611129679E-05
51.6 7.314422648E-05 4.353823005E-05
51.8 6.969223907E-05 2.613458965E-05
52 6.623717091E-05 4.357708612E-05
52.2 6.277901786E-05 3.487723214E-05
52.4 5.931777579E-05 3.489280929E-05
52.6 5.585344057E-05 4.363550045E-05
52.8 5.238600805E-05 6.111700939E-05
53 4.542151163E-05 2.620471825E-05
53.2 4.544183445E-05 8.738814318E-06
53.4 3.846799463E-05 5.245635631E-05
53.6 3.498656516E-05 3.498656516E-05
53.8 3.150201613E-05 1.750112007E-05
54 2.801434334E-05 1.750896459E-05
54.2 2.45235426E-05 8.758408072E-06
54.4 2.102960969E-05 2.628701211E-05
54.6 1.753254039E-05 1.753254039E-05
54.8 1.403233049E-05 3.508082622E-05
55 7.019317161E-06 3.50965858E-05
55.2 7.02247191E-06 -6.237208004E-21
55.4 7.025629496E-06 -8.782036871E-06
55.6 1.054318489E-05 -2.635796221E-05
55.8 1.054792979E-05 1.757988299E-05
56 1.055267897E-05 1.758779829E-05
56.2 1.055743243E-05 -2.639358108E-05
56.4 1.408292023E-05 -2.640547544E-05
56.6 2.113390442E-05 6.256892609E-21
56.8 1.76195309E-05 1.76195309E-05
57 1.410198556E-05 -1.762748195E-05
57.2 1.410835214E-05 -6.172404063E-05
57.4 1.76434056E-05 -6.17519196E-05
57.6 2.118165386E-05 -3.530275644E-05
57.8 1.765935805E-05 -6.180775316E-05
58 2.120081411E-05 -3.533469019E-05
58.2 2.121040724E-05 1.767533937E-05
58.4 2.122000905E-05 -3.536668176E-05
58.6 2.476788949E-05 -2.653702446E-05
58.8 3.185885818E-05 8.849682827E-06
59 3.541477788E-05 -8.85369447E-06
59.2 3.89739229E-05 -2.657312925E-05
59.4 4.253629764E-05 -2.658518603E-05
59.6 4.610190649E-05 -1.77315025E-05
59.8 4.967075386E-05 -8.869777475E-06
60 4.969332122E-05 8.87380736E-06
60.2 4.971590909E-05 -1.775568182E-05
60.4 4.973851751E-05 -8.881878126E-06
60.6 4.97611465E-05 1.777183803E-05
60.8 4.978379609E-05 3.555985435E-05
61 4.624886157E-05 6.225808288E-05
61.2 4.271070615E-05 3.559225513E-05
61.4 3.20476299E-05 4.451059708E-05
61.6 2.1374829E-05 6.234325125E-05
61.8 1.782048358E-05 4.455120894E-05
62 1.069717024E-05 2.67429256E-05
62.2 1.426940639E-05 6.242865297E-05
62.4 7.13796254E-06 5.353471905E-05
62.6 7.141224863E-06 4.463265539E-05
62.8 3.572245085E-06 8.03755144E-05
63 0 3.573879231E-05
63.2 3.575514874E-06 8.938787185E-06
63.4 3.577152015E-06 3.577152015E-05
63.6 3.578790655E-06 3.578790655E-05
63.8 3.580430797E-06 1.790215399E-05
64 3.582072444E-06 2.686554333E-05
64.2 0 3.583715596E-05
64.4 0 1.792680128E-05
64.6 0 8.96751607E-06
64.8 0 2.691490583E-05
65 0 -2.55455145E-21
65.2 3.591954023E-06 -8.979885057E-06
65.4 0 2.695204692E-05
65.6 3.595260009E-06 8.988150023E-06
65.8 3.596915285E-06 1.798457643E-05
66 3.598572087E-06 3.598572087E-05
66.2 3.600230415E-06 4.500288018E-05
66.4 3.601890272E-06 7.203780544E-05
66.6 3.603551661E-06 4.504439576E-05
66.8 3.605214582E-06 4.506518228E-05
67 3.60687904E-06 4.5085988E-05
67.2 3.608545035E-06 6.890818427E-21
67.4 3.610212569E-06 -9.025531423E-06
67.6 3.611881646E-06 -7.028026803E-21
67.8 3.613552266E-06 9.033880666E-06
68 3.615224433E-06 9.038061083E-06
68.2 3.616898148E-06 2.712673611E-05
68.4 3.618573414E-06 1.809286707E-05
68.6 7.240500463E-06 -9.050625579E-06
68.8 7.243857209E-06 1.810964302E-05
69 7.247217069E-06 9.059021336E-06
69.2 7.250580046E-06 -9.063225058E-06
69.4 7.253946147E-06 2.157518429E-20
69.6 7.257315374E-06 -3.628657687E-05
69.8 7.260687732E-06 -3.630343866E-05
70 7.264063226E-06 -2.72402371E-05
70.2 1.090116279E-05 4.868379032E-22
70.4 7.270823639E-06 1.81770591E-05
70.6 7.274208566E-06 -3.637104283E-05
70.8 3.638798323E-06 -4.548497904E-05
71 3.640493942E-06 -1.820246971E-05
71.2 0 -5.463286713E-05
71.4 0 -7.287779851E-05
71.6 0 -4.556987867E-05
71.8 0 -9.118230626E-05
72 0 -4.561244745E-05
72.2 0 -1.825350467E-05
72.4 3.652407667E-06 -9.131019168E-05
72.6 7.308231993E-06 -7.308231993E-05
72.8 1.46233037E-05 -3.655825924E-05
73 1.828768727E-05 -6.400690543E-05
73.2 2.195550351E-05 -6.403688525E-05
73.4 2.562675726E-05 -9.152413308E-06
73.6 2.563877168E-05 9.156704173E-06
73.8 2.565079737E-05 5.34012543E-21
74 2.932895354E-05 -1.833059596E-05
74.2 3.301056338E-05 -2.750880282E-05
74.4 3.669563175E-05 1.834781588E-05
74.6 3.671287594E-05 4.589109492E-05
74.8 3.673013634E-05 3.673013634E-05
75 3.674741298E-05 6.430797272E-05
75.2 4.044117647E-05 5.514705882E-05
75.4 4.413841808E-05 1.839100753E-05
75.6 4.415920867E-05 3.594242579E-20
75.8 4.786168709E-05 1.96506791E-20
76 5.156765677E-05 -9.208510137E-06
76.2 5.159198113E-05 -1.842570755E-05
76.4 4.792944785E-05 -9.21720151E-06
76.6 4.057483475E-05 -3.688621341E-05
76.8 4.797472839E-05 -2.767772792E-05
77 5.168950851E-05 9.230269376E-06
77.2 5.171394799E-05 -9.23463357E-06
77.4 5.17384106E-05 -4.619500946E-05
77.6 5.176289636E-05 -1.84867487E-05
77.8 5.17874053E-05 -4.798532901E-21
78 5.181193747E-05 -3.700852676E-05
78.2 5.183649289E-05 -2.776954976E-05
78.4 5.18610716E-05 -2.778271693E-05
78.6 5.188567362E-05 -9.265298861E-06
78.8 5.56181775E-05 1.85393925E-05
79 5.935422602E-05 -2.782229345E-05
79.2 5.93824228E-05 -6.494952494E-05
79.4 5.941064639E-05 -1.8565827E-05
79.6 5.572396576E-05 9.660719521E-21
79.8 5.575047574E-05 -3.716698382E-05
80 5.205854355E-05 3.718467396E-05
80.2 4.464285714E-05 7.44047619E-05
80.4 4.466412577E-05 -8.661508498E-21
80.6 3.723784557E-05 -3.723784557E-05
80.8 3.353004292E-05 -9.313900811E-06
81 2.981870229E-05 -2.79550334E-05
81.2 2.983293556E-05 -4.661396181E-05
81.4 2.611628462E-05 -1.865448902E-05
81.6 2.612876254E-05 -5.543704352E-22
81.8 2.614125239E-05 9.336161568E-06
82 2.241750359E-05 1.868125299E-05
82.2 1.495215311E-05 4.672547847E-05
82.4 7.479655337E-06 9.349569172E-06
82.6 3.741618774E-06 -9.354046935E-06
82.8 0 1.386943979E-22
83 0 -1.872603068E-05
83.2 0 -8.102735484E-21
83.4 0 -9.37200096E-06
83.6 0 -2.812950072E-05
83.8 0 1.876200768E-05
84 0 9.385511773E-06
84.2 0 -2.817007212E-05
84.4 0 -2.818362193E-05
84.6 0 -3.757877685E-21
84.8 0 -1.203379918E-20
85 0 1.612590336E-21
85.2 0 9.412650602E-06
85.4 3.766875603E-06 3.766875603E-05
85.6 0 2.826519537E-05
85.8 0 -9.426278958E-06
86 0 2.829249155E-05
86.2 0 1.887077295E-05
86.4 0 -1.887989367E-05
86.6 0 -1.888902321E-05
86.8 0 1.889816159E-05
87 0 9.453654405E-06
87.2 0 -4.729116223E-05
87.4 0 -2.838844477E-05
87.6 0 1.893480368E-05
87.8 0 7.313988816E-21
88 0 -4.738294517E-05
88.2 3.792475728E-06 -9.48118932E-06
88.4 3.79431763E-06 3.79431763E-05
88.6 7.592322643E-06 9.490403304E-06
88.8 7.596013612E-06 2.848505105E-05
89 7.599708171E-06 2.849890564E-05
89.2 7.603406326E-06 -9.504257908E-06
89.4 7.607108082E-06 -3.803554041E-05
89.6 7.610813444E-06 -4.27395276E-21
89.8 7.614522417E-06 9.518153021E-06
90 7.618235007E-06 -9.522793759E-06
90.2 7.62195122E-06 -9.527439024E-06
90.4 3.81283553E-06 -3.81283553E-05
90.6 7.629394531E-06 -1.907348633E-05
90.8 3.816560821E-06 1.90828041E-05
91 1.145527859E-05 -2.863819648E-05
91.2 1.528117359E-05 -1.910146699E-05
91.4 1.911081213E-05 -1.911081213E-05
91.6 2.294419971E-05 -1.912016642E-05
91.8 2.295543585E-05 2.869429481E-05
92 3.0622244E-05 -9.569451249E-06
92.2 3.829656863E-05 1.503112629E-20
92.4 4.214688573E-05 2.8736513E-05
92.6 4.983439647E-05 9.583537782E-06
92.8 5.752945508E-05 9.588242514E-06
93 6.139489194E-05 2.87788556E-05
93.2 6.526412776E-05 5.758599509E-05
93.4 6.913716814E-05 7.681907571E-05
93.6 7.685686178E-05 2.882132317E-05
93.8 8.458415354E-05 -3.844734252E-05
94 8.847242738E-05 -3.846627277E-05
94.2 9.621305419E-05 9.621305419E-06
94.4 9.241005421E-05 2.887814194E-05
94.6 9.24556213E-05 2.889238166E-05
94.8 8.864701529E-05 4.81777257E-05
95 8.097852912E-05 4.820150543E-05
95.2 8.101851852E-05 3.804634558E-21
95.4 7.71986166E-05 -9.649827075E-06
95.6 7.723677706E-05 1.930919427E-05
95.8 6.954747774E-05 9.659371909E-06
96 6.185056903E-05 -9.66415141E-06
96.2 5.801361386E-05 2.199760368E-20
96.4 5.80423477E-05 -2.902117385E-05
96.6 5.807111001E-05 -1.935703667E-05
96.8 5.422657412E-05 1.936663361E-05
97 5.037822421E-05 -1.937624008E-05
97.2 5.040322581E-05 -2.907878412E-05
97.4 5.042825223E-05 -2.909322244E-05
97.6 5.045330353E-05 9.702558371E-06
97.8 4.659542744E-05 4.853690358E-05
98 4.273371457E-05 -9.712207857E-06
98.2 4.275497512E-05 -2.91511194E-05
98.4 4.277625684E-05 2.894552603E-20
98.6 4.279755976E-05 -2.918015438E-05
98.8 4.281888391E-05 -4.865782262E-05
99 4.673479561E-05 2.89345555E-20
99.2 5.065461347E-05 6.818890274E-05
99.4 5.067989022E-05 3.898453094E-05
99.6 5.070519221E-05 9.750998502E-06
99.8 5.073051948E-05 4.877934565E-05
100 5.075587206E-05 9.760744628E-06
100.2 4.296875E-05 -9.765625E-06
100.4 4.299024512E-05 1.954102051E-05
100.6 3.91016016E-05 7.82032032E-05
100.8 3.129694542E-05 7.824236355E-05
101 2.348446894E-05 1.957039078E-05
101.2 1.95802005E-05 -1.95802005E-05
101.4 1.959002006E-05 -9.79501003E-06
101.6 1.959984947E-05 9.799924737E-06
101.8 1.960968876E-05 1.002097904E-20
102 2.35434455E-05 -9.80976896E-06
102.2 2.748115578E-05 -3.925879397E-05
102.4 3.142282554E-05 -9.819632981E-06
102.6 3.536846076E-05 1.964914487E-05
102.8 3.538626069E-05 -3.14293131E-20
103 3.540407855E-05 3.933786506E-05
103.2 3.542191436E-05 4.919710327E-05
103.4 3.543976815E-05 1.968876008E-05
103.6 3.545763994E-05 4.924672214E-05
103.8 3.94172553E-05 5.912588295E-05
104 4.338086825E-05 4.929644119E-05
104.2 4.734848485E-05 6.904987374E-05
104.4 5.132011117E-05 2.960775644E-05
104.6 5.134605662E-05 -3.508035341E-21
104.8 5.137202833E-05 3.951694487E-05
105 4.744433198E-05 3.953694332E-05
105.2 4.746835443E-05 2.966772152E-05
105.4 4.749240122E-05 1.978850051E-05
105.6 5.147617841E-05 1.979853016E-05
105.8 5.150228195E-05 1.980856998E-05
106 5.152841197E-05 -1.981861999E-05
106.2 5.155456853E-05 -9.914340102E-06
106.4 5.158075165E-05 -5.091946066E-22
106.6 5.160696138E-05 9.92441565E-06
106.8 4.766141332E-05 -9.929461108E-06
107 4.768565615E-05 9.934511699E-06
107.2 4.770992366E-05 4.969783715E-05
107.4 4.773421589E-05 9.94462831E-06
107.6 4.775853286E-05 9.949694345E-06
107.8 4.778287462E-05 2.986429664E-05
108 4.78072412E-05 9.959841917E-06
108.2 4.783163265E-05 -9.964923469E-06
108.4 4.386804492E-05 2.991003063E-05
108.6 4.389044944E-05 1.995020429E-05
108.8 3.992079714E-05 -1.996039857E-05
109 4.39353272E-05 2.995590491E-05
109.2 4.395780051E-05 5.994245524E-05
109.4 4.797850563E-05 -1.999104401E-05
109.6 4.000256016E-05 -4.000256016E-05
109.8 3.602074795E-05 1.54239857E-20
110 3.203485392E-05 3.003267555E-05
110.2 2.804487179E-05 8.012820513E-05
110.4 2.405079528E-05 5.01058235E-05
110.6 2.406314168E-05 -5.013154517E-05
110.8 3.210066769E-05 -5.015729327E-05
111 2.408787256E-05 -3.01098407E-05
111.2 2.008354756E-05 -5.020886889E-05
111.4 2.00938786E-05 -2.00938786E-05
111.6 1.608337622E-05 -1.005211014E-05
111.8 1.206874356E-05 -1.00572863E-05
112 8.04997424E-06 1.00624678E-05
112.2 1.208118557E-05 -1.006765464E-05
112.4 1.208741619E-05 -5.036423414E-05
112.6 1.6124871E-05 -3.023413313E-05
112.8 2.41997935E-05 2.016649458E-05
113 2.017691116E-05 -1.008845558E-05
113.2 2.42248062E-05 -4.0374677E-05
113.4 2.423733195E-05 -2.019777663E-05
113.6 2.424987067E-05 -2.020822556E-05
113.8 2.426242236E-05 1.010934265E-05
114 1.61833247E-05 4.045831176E-05
114.2 2.023963731E-05 6.071891192E-05
114.4 2.02501296E-05 3.03751944E-05
114.6 2.026063278E-05 -1.013031639E-05
114.8 1.216268812E-05 -5.067786715E-05
115 8.112668744E-06 -6.084501558E-05
115.2 8.116883117E-06 -5.073051948E-05
115.4 4.060550936E-06 -6.090826403E-05
115.6 0 2.031331253E-05
115.8 1.219432882E-05 3.048582206E-05
116 8.133784487E-06 -3.050169183E-05
116.2 1.220703125E-05 -1.017252604E-05
116.4 8.142261595E-06 -2.035565399E-05
116.6 1.221976017E-05 -2.036626694E-05
116.8 1.222613459E-05 -1.018844549E-05
117 1.631002088E-05 -2.03875261E-05
117.2 1.223890339E-05 -3.059725849E-05
117.4 1.632706374E-05 -4.081765935E-05
117.6 1.633559854E-05 1.020974909E-05
117.8 1.634414226E-05 3.064526674E-05
118 1.226452119E-05 3.066130298E-05
118.2 1.636125654E-05 5.11289267E-05
118.4 1.636982713E-05 6.138685175E-05
118.6 2.047300839E-05 0.0001126015461
118.8 1.638699528E-05 8.19349764E-05
119 2.049449108E-05 3.074173662E-05
119.2 2.050524934E-05 6.151574803E-05
119.4 2.051601891E-05 8.206407563E-05
119.6 2.052679979E-05 0.0001026339989
119.8 2.053759201E-05 9.241916404E-05
120 2.054839558E-05 0.0001130161757
120.2 2.055921053E-05 0.0001233552632
120.4 2.057003686E-05 0.0001028501843
120.6 2.05808746E-05 7.203306112E-05
120.8 2.471006853E-05 4.118344755E-05
121 2.472310127E-05 5.150646097E-05
121.2 2.885883905E-05 4.122691293E-05
121.4 3.299894403E-05 5.156085005E-05
121.6 3.714342314E-05 2.063523508E-05
121.8 4.12922833E-05 -6.193842495E-05
122 4.544553146E-05 -5.164264939E-05
122.2 4.96031746E-05 1.033399471E-05
122.4 4.962943356E-05 2.067893065E-05
122.6 5.793167373E-05 1.034494174E-05
122.8 5.796237414E-05 3.677209276E-21
123 5.79931071E-05 -1.035591198E-05
123.2 7.045755968E-05 5.180702918E-05
123.4 7.049495754E-05 6.220143312E-05
123.6 7.053239511E-05 -3.111723314E-05
123.8 7.472104145E-05 -6.226753454E-05
124 8.306751728E-05 -4.153375864E-05
124.2 8.726728723E-05 -3.11668883E-05
124.4 8.315593401E-05 -2.07889835E-05
124.6 8.736022364E-05 -3.120007987E-05
124.8 9.156899307E-05 -4.162226958E-05
125 9.578224947E-05 -8.328891258E-05
125.2 0.0001 -9.375E-05
125.4 0.0001000533618 -0.0001146444771
125.6 0.0001126201281 -6.256673785E-05
125.8 0.0001168536325 2.78000557E-20
126 0.0001252672368 -3.131680919E-05
126.2 0.0001378676471 -9.400066845E-05
126.4 0.0001546615837 -5.225053505E-05
126.6 0.00016310894 2.091140257E-05
126.8 0.0001715653455 7.433201825E-21
127 0.0001758440514 2.093381565E-05
127.2 0.0001801273458 1.047252011E-05
127.4 0.0001927977468 -2.095627682E-05
127.6 0.0002054817499 -1.048376275E-05
127.8 0.0001972005908 -3.146817938E-05
128 0.0002015045674 -3.148508866E-05
128.2 0.0002016129032 -7.35047043E-05
128.4 0.0002185314685 -5.253160301E-05
128.6 0.0002144442949 -2.102395048E-05
128.8 0.000227180937 -8.414108778E-05
129 0.0002357219828 -3.156990841E-05
129.2 0.0002358490566 -4.211590296E-05
129.4 0.0002486178533 -0.000105346548
129.6 0.0002571842957 -7.378237992E-05
129.8 0.0002531047516 -3.163809395E-05
130 0.0002701242572 1.05517288E-05
130.2 0.0002533783784 2.111486486E-05
130.4 0.0002704164413 1.056314224E-05
130.6 0.0002663352273 -4.22754329E-05
130.8 0.0002749390904 -7.40220628E-05
131 0.0002750880282 -1.058030878E-05
131.2 0.0002837059621 2.117208672E-05
131.4 0.0002753863883 -1.059178416E-05
131.6 0.0002755358112 -3.17925936E-05
131.8 0.0002756853963 -3.180985342E-05
132 0.0002800787615 2.1218088E-05
132.2 0.0002632472826 3.184442935E-05
132.4 0.0002548939641 1.062058184E-05
132.6 0.0002507821001 6.375816104E-05
132.8 0.0002381600435 3.18964344E-05
133 0.0002340345861 2.127587146E-05
133.2 0.0002299046322 -3.403272214E-20
133.4 0.0002385496183 -3.026780329E-20
133.6 0.0002301554828 3.480432306E-21
133.8 0.0002345455786 -2.132232533E-05
134 0.0002261400874 -1.066698525E-05
134.2 0.0002348019126 -1.067281421E-05
134.4 0.00023065883 -3.203594861E-05
134.6 0.0002265112144 -2.136898249E-05
134.8 0.0002138067871 -2.138067871E-05
135 0.0002182023549 -3.20885816E-05
135.2 0.000209760274 1.070205479E-05
135.4 0.0001970257675 3.804218149E-21
135.6 0.0001928483269 -1.071379594E-05
135.8 0.0001843784303 -2.285036412E-20
136 0.0001758992312 -5.362781439E-05
136.2 0.0001759958791 -5.365728022E-05
136.4 0.0001675027488 -2.864961621E-20
136.6 0.000159000275 -2.148652365E-05
136.8 0.0001633874518 -3.224752339E-05
137 0.000154873348 -5.377546806E-05
137.2 0.00015065427 -3.228305785E-05
137.4 0.0001421237596 4.306780595E-05
137.6 0.0001292746828 2.154578047E-05
137.8 0.0001250344923 -2.155767108E-05
138 0.000120789619 -3.235436223E-05
138.2 0.0001122237569 2.158149171E-05
138.4 0.0001079671089 2.159342178E-05
138.6 0.0001037057522 -3.240804757E-05
138.8 9.511621472E-05 1.920003847E-21
139 8.651716501E-05 2.162929125E-05
139.2 8.223684211E-05 -1.082063712E-05
139.4 7.795177384E-05 3.496505645E-21
139.6 7.799500832E-05 2.898304407E-21
139.8 7.370283019E-05 -2.1677303E-05
140 7.374375347E-05 -3.253400888E-05
140.2 8.246527778E-05 -8.680555556E-05
140.4 8.685380767E-05 -6.514035575E-05
140.6 9.124721913E-05 1.363337544E-20
140.8 9.564552031E-05 2.173761825E-05
141 9.134883073E-05 -3.863526673E-20
141.2 9.139972145E-05 -2.176183844E-05
141.4 9.580546265E-05 -2.177396878E-05
141.6 0.0001002161182 -5.446528165E-05
141.8 0.0001046316964 -4.359654018E-05
142 9.596594082E-05 -1.090522055E-05
142.2 0.0001003840782 -1.091131285E-05
142.4 0.0001004401901 -2.183482392E-05
142.6 0.0001004963647 -4.369407159E-05
142.8 0.0001005526021 -6.190967051E-21
143 0.0001049832027 1.357197757E-20
143.2 0.0001050420168 -2.18837535E-05
143.4 9.634248879E-05 -2.189602018E-05
143.6 8.763320247E-05 1.556678386E-20
143.8 7.891414141E-05 2.192059484E-05
144 7.895845031E-05 1.096645143E-05
144.2 6.583567416E-05 1.097261236E-05
144.4 5.269814503E-05 1.097878021E-05
144.6 3.954583802E-05 7.253245315E-21
144.8 3.077518289E-05 -3.297341024E-05
145 2.639358108E-05 -3.299197635E-05
145.2 2.200704225E-05 -1.100352113E-05
145.4 1.761555806E-05 1.100972379E-05
145.6 1.321912014E-05 2.203186689E-05
145.8 8.81772009E-06 -3.306645034E-05
146 8.82269904E-06 -3.30851214E-05
146.2 8.827683616E-06 3.310381356E-05
146.4 8.832673827E-06 1.029076773E-20
146.6 8.837669683E-06 -3.314126131E-05
146.8 8.842671194E-06 4.421335597E-05
147 4.423839185E-06 8.847678369E-05
147.2 4.426345609E-06 3.319759207E-05
147.4 8.857709751E-06 1.107213719E-05
147.6 8.862733976E-06 3.323525241E-05
147.8 8.867763905E-06 1.108470488E-05
148 8.872799546E-06 -4.436399773E-05
148.2 8.877840909E-06 -3.329190341E-05
148.4 1.776577601E-05 -1.110361001E-05
148.6 2.22198521E-05 -9.969176496E-22
148.8 2.223249858E-05 -1.111624929E-05
149 1.779612756E-05 -3.336773918E-05
149.2 1.780626781E-05 8.752852685E-21
149.4 2.227052452E-05 3.340578677E-05
149.6 3.119652025E-05 1.114161438E-05
149.8 3.121432648E-05 -6.700192059E-21
150 3.123215306E-05 1.115434038E-05
150.2 3.571428571E-05 4.464285714E-05
150.4 3.126786735E-05 4.466838193E-05
150.6 3.575514874E-05 2.234696796E-05
150.8 4.024756726E-05 -1.117987979E-05
151 4.92196449E-05 -3.35588488E-05
151.2 4.9247851E-05 1.581826E-21
151.4 5.375573394E-05 -4.479644495E-05
151.6 5.378657487E-05 -8.964429145E-05
151.8 6.278702641E-05 -6.727181401E-05
152 6.731045376E-05 -3.365522688E-05
152.2 7.183908046E-05 -4.489942529E-05
152.4 7.188039103E-05 -5.615655549E-05
152.6 7.192174914E-05 -6.742663982E-05
152.8 8.095854922E-05 -2.24884859E-05
153 8.550547235E-05 -5.435149374E-22
153.2 8.555475504E-05 1.125720461E-05
153.4 9.46150519E-05 4.505478662E-05
153.6 9.466964801E-05 1.127019619E-05
153.8 9.021362587E-05 -3.933830398E-21
154 9.477902946E-05 -1.128321779E-05
154.2 9.483381503E-05 -1.128973988E-05
154.4 9.488866397E-05 1.129626952E-05
154.6 9.494357639E-05 -1.130280671E-05
154.8 9.952229299E-05 -2.261870295E-05
155 9.505359212E-05 -1.131590382E-05
155.2 9.963768116E-05 -3.39673913E-05
155.4 0.0001087587007 -3.398709397E-05
155.6 0.0001088218224 8.705024377E-21
155.8 0.0001088850174 4.536875726E-05
156 0.0001089482859 4.539511912E-05
156.2 0.0001090116279 1.135537791E-05
156.4 0.0001090750436 2.272396742E-05
156.6 0.0001091385332 2.273719441E-05
156.8 0.0001092020967 -2.275043681E-05
157 0.0001047129953 1.010911117E-20
157.2 0.0001047740525 2.832201593E-20
157.4 0.0001048351809 -6.837077013E-05
157.6 0.0001048963806 -1.14017805E-05
157.8 0.0001049576519 2.281688084E-05
158 0.0001050189947 -2.283021625E-05
158.2 0.0001050804094 2.63759125E-20
158.4 0.0001051418958 3.428540082E-05
158.6 0.0001006293911 -1.143515808E-05
158.8 9.61115993E-05 -3.432557118E-05
159 0.0001053267878 1.144856389E-05
159.2 9.622434018E-05 5.727639296E-05
159.4 9.169600939E-05 1.146200117E-05
159.6 9.17498532E-05 1.146873165E-05
159.8 8.721357227E-05 2.295094007E-05
160 8.726484421E-05 2.296443269E-05
160.2 8.272058824E-05 5.744485294E-05
160.4 7.357268982E-05 6.89743967E-05
160.6 6.441401649E-05 5.751251472E-05
160.8 5.984826164E-05 4.603712434E-05
161 5.067069575E-05 3.454820165E-05
161.2 4.609144543E-05 3.456858407E-05
161.4 4.150678867E-05 -1.152966352E-05
161.6 4.614589486E-05 -3.460942115E-05
161.8 4.617316785E-05 -1.154329196E-05
162 4.158042578E-05 -1.155011827E-05
162.2 3.235946746E-05 -3.467085799E-05
162.4 2.775310835E-05 -5.781897573E-05
162.6 2.314129147E-05 -1.157064573E-05
162.8 1.852400711E-05 -2.315500889E-05
163 1.390124555E-05 -3.475311388E-05
163.2 9.272997033E-06 -5.795623145E-05
163.4 4.639251781E-06 -3.479438836E-05
163.6 4.642008318E-06 -2.321004159E-05
163.8 4.644768133E-06 -2.322384067E-05
164 0 -8.255673889E-21
164.2 0 -1.162574405E-05
164.4 0 -2.326533651E-05
164.6 0 2.327920143E-05
164.8 0 3.493962433E-05
165 0 1.165349045E-05
165.2 4.664179104E-06 -2.332089552E-05
165.4 4.666965352E-06 -1.166741338E-05
165.6 4.669754931E-06 -8.51446571E-21
165.8 4.672547847E-06 1.168136962E-05
166 4.675344105E-06 1.168836026E-05
166.2 4.678143713E-06 -1.169535928E-05
166.4 4.680946675E-06 -1.170236669E-05
166.6 9.367505995E-06 -3.223601306E-21
166.8 4.686562687E-06 1.873126729E-20
167 1.406812725E-05 -1.172343938E-05
167.2 9.384384384E-06 -2.346096096E-05
167.4 1.408503606E-05 1.173753005E-05
167.6 1.879134095E-05 3.523376428E-05
167.8 1.880264741E-05 -1.687320942E-20
168 3.292444311E-05 -1.175872968E-05
168.2 3.765060241E-05 1.176581325E-05
168.4 4.238245931E-05 1.773141457E-20
168.6 5.654402895E-05 -2.356001206E-05
168.8 6.12929994E-05 -1.178711527E-05
169 7.076539855E-05 -2.358846618E-05
169.2 8.496978852E-05 -1.180135952E-05
169.4 8.974455865E-05 -2.361698912E-05
169.6 9.925136116E-05 -2.363127647E-05
169.8 0.0001087696731 2.364558111E-05
170 0.0001135675348 -4.731980618E-05
170.2 0.0001231060606 -3.551136364E-05
170.4 0.0001231807156 1.184429958E-05
170.6 0.0001279960558 -2.37029733E-05
170.8 0.0001328172435 -1.185868245E-05
171 0.0001376442892 1.1865887E-05
171.2 0.0001329787234 3.561930091E-05
171.4 0.0001378117397 1.188032238E-05
171.6 0.0001426506391 1.689322922E-20
171.8 0.0001474954324 1.189479294E-05
172 0.0001523461304 -3.570612431E-05
172.2 0.0001619664634 -2.381859756E-05
172.4 0.0001572986577 1.191656498E-05
172.6 0.0001573946886 -1.192384005E-05
172.8 0.0001574908369 -2.386224801E-05
173 0.0001575871027 1.158268464E-20
173.2 0.0001576834862 3.583715596E-05
173.4 0.0001577799878 4.78121175E-05
173.6 0.0001530924679 2.39206981E-05
173.8 0.0001531862745 -1.19676777E-05
174 0.0001484901901 -5.987507664E-05
174.2 0.0001437883436 -3.594708589E-05
174.4 0.0001342848373 4.795887047E-05
174.6 0.0001295684889 5.998541155E-05
174.8 0.0001200445605 4.801782422E-05
175 0.0001153136531 -1.201183887E-05
175.2 0.0001105769231 -1.201923077E-05
175.4 0.0001010237069 6.013315887E-05
175.6 9.627233518E-05 3.610212569E-05
175.8 9.151510481E-05 -1.111500997E-20
176 8.675200494E-05 -3.614666872E-05
176.2 7.716049383E-05 1.205632716E-05
176.4 7.720815318E-05 9.651019148E-05
176.6 6.277039555E-05 1.207122991E-05
176.8 6.280921459E-05 1.701220632E-20
177 5.317914604E-05 6.043084777E-05
177.2 4.8374613E-05 2.41873065E-05
177.4 4.356412639E-05 3.630343866E-05
177.6 3.874767514E-05 2.421729696E-05
177.8 3.392524814E-05 -6.058080025E-05
178 3.879577902E-05 -3.637104283E-05
178.2 3.881987578E-05 -3.639363354E-05
178.4 4.36995028E-05 -8.497125544E-05
178.6 4.37266791E-05 -3.643889925E-05
178.8 4.861543248E-05 -3.646157436E-05
179 4.864570361E-05 -3.648427771E-05
179.2 5.354361371E-05 3.650700935E-05
179.4 4.87063591E-05 -1.367827943E-20
179.6 5.361041797E-05 -1.21841859E-05
179.8 4.876716604E-05 2.607034111E-20
180 4.391786384E-05 -2.439881324E-05
180.2 3.90625E-05 -2.44140625E-05
180.4 3.420106316E-05 -3.664399625E-05
180.6 3.422246558E-05 -1.222230914E-05
180.8 2.935190983E-05 -3.668988729E-05
181 1.95802005E-05 -2.447525063E-05
181.2 1.469435737E-05 1.224529781E-05
181.4 9.80238394E-06 -2.450595985E-05
181.6 4.904268675E-06 -3.678201507E-05
181.8 0 -1.226837312E-05
182 0 1.696479481E-20
182.2 0 -3.685141509E-05
182.4 0 -4.916614223E-05
182.6 0 3.364609838E-20
182.8 0 2.461405167E-05
183 0 4.92591425E-05
183.2 0 2.464511041E-05
183.4 0 1.23303346E-05
183.6 0 7.402874289E-05
183.8 0 8.642146018E-05
184 0 7.412239089E-05
184.2 0 3.70846519E-05
184.4 0 -1.236937935E-05
184.6 0 -3.415645203E-22
184.8 0 2.477013316E-05
185 0 -4.671317902E-21
185.2 0 -2.48015873E-05
185.4 0 -1.240867217E-05
185.6 0 1.241656071E-05
185.8 0 3.727337786E-05
186 0 3.729710376E-05
186.2 0 1.244028662E-05
186.4 0 4.97928617E-05
186.6 0 9.964923469E-05
186.8 0 3.739231015E-05
187 0 -5.31880706E-21
187.2 0 1.248003195E-05
187.4 0 1.248801151E-05
187.6 0 4.998400512E-05
187.8 0 2.631734154E-20
188 0 -8.758408072E-05
188.2 0 -6.260016026E-05
188.4 0 -1.405118451E-20
188.6 0 -5.014441592E-05
188.8 0 -6.272077714E-05
189 0 -1.255221722E-05
189.2 0 -2.512057878E-05
189.4 5.027348777E-06 -5.027348777E-05
189.6 5.030585963E-06 -3.772939472E-05
189.8 5.03382732E-06 -4.887540793E-21
190 5.037072856E-06 1.648933953E-20
190.2 5.040322581E-06 -1.260080645E-05
190.4 5.043576501E-06 -3.94381563E-21
190.6 5.046834625E-06 2.931109824E-21
190.8 1.010019392E-05 1.26252424E-05
191 5.053363519E-06 2.526681759E-05
191.2 0 -1.264158576E-05
191.4 5.059909326E-06 -1.56688363E-21
191.6 5.063188594E-06 2.531594297E-05
191.8 5.066472114E-06 -1.594973731E-20
192 5.069759896E-06 1.267439974E-05
192.2 5.073051948E-06 2.536525974E-05
192.4 5.076348278E-06 -1.562704609E-20
192.6 5.079648895E-06 -1.269912224E-05
192.8 5.082953806E-06 -1.270738452E-05
193 5.086263021E-06 -2.443772739E-21
193.2 5.089576547E-06 -1.272394137E-05
193.4 5.092894394E-06 -1.273223598E-05
193.6 5.096216569E-06 -1.274054142E-05
193.8 5.099543081E-06 -1.732967747E-20
194 0 1.275718485E-05
194.2 5.10620915E-06 1.276552288E-05
194.4 0 2.554774362E-05
194.6 5.11289267E-06 2.556446335E-05
194.8 5.116240995E-06 -1.279060249E-05
195 5.119593709E-06 -3.839695282E-05
195.2 5.12295082E-06 -3.842213115E-05
195.4 5.126312336E-06 -6.40789042E-05
195.6 5.129678267E-06 -5.129678267E-05
195.8 5.13304862E-06 -5.13304862E-05
196 5.136423406E-06 -6.420529257E-05
196.2 5.139802632E-06 -6.424753289E-05
196.4 5.143186307E-06 -6.428982883E-05
196.6 5.14657444E-06 -5.14657444E-05
196.8 5.14996704E-06 -6.4374588E-05
197 5.153364116E-06 -5.153364116E-05
197.2 5.156765677E-06 -5.156765677E-05
197.4 5.160171731E-06 -5.160171731E-05
197.6 5.163582287E-06 -2.581791143E-05
197.8 5.166997354E-06 -5.166997354E-05
198 5.170416942E-06 -6.463021178E-05
198.2 5.17384106E-06 -2.58692053E-05
198.4 5.177269715E-06 1.294317429E-05
198.6 0 4.185546274E-22
198.8 0 -2.592070338E-05
199 5.187583001E-06 1.29689575E-05
199.2 0 1.297757475E-05
199.4 5.194481383E-06 -1.298620346E-05
199.6 5.197937458E-06 3.013141796E-21
199.8 0 -1.300349534E-05
200 0 -1.301215856E-05
200.2 0 -2.604166667E-05
200.4 0 -2.605903936E-05
200.6 0 -1.741587697E-20
200.8 0 -1.304692719E-05
201 0 -3.62688797E-20
201.2 0 -1.034248617E-20
201.4 0 -4.403730796E-21
201.6 0 1.308188212E-05
201.8 0 -1.309065013E-05
202 0 -1.309942991E-05
202.2 0 -2.767997141E-20
202.4 0 -3.425966388E-20
202.6 0 -9.514501328E-21
202.8 0 2.193519656E-20
203 0 1.857070399E-20
203.2 0 -1.31523569E-05
203.4 0 -1.316121968E-05
203.6 0 -1.31700944E-05
203.8 0 5.595807227E-20
204 0 -4.184687197E-20
204.2 0 1.319679054E-05
204.4 0 2.641142664E-05
204.6 0 1.321464817E-05
204.8 0 2.644719025E-05
205 0 3.96976626E-05
205.2 0 2.648305085E-05
205.4 5.300203528E-06 -2.650101764E-05
205.6 0 -1.325950441E-05
205.8 0 3.104744127E-20
206 0 -2.655506458E-05
206.2 0 -1.328656463E-05
206.4 0 1.329560926E-05
206.6 0 6.103883489E-21
206.8 0 -1.331373551E-05
207 0 2.812432597E-20
207.2 0 2.558367006E-20
207.4 0 4.002305328E-05
207.6 0 4.005041012E-05
207.8 0 1.335926813E-05
208 0 1.257756377E-20
208.2 0 -2.675513699E-05
208.4 0 -1.338673749E-05
208.6 0 1.339591907E-05
208.8 0 4.585421353E-20
209 0 1.341432005E-05
209.2 0 -1.71621745E-21
209.4 0 -4.029831499E-05
209.6 0 -1.344201652E-05
209.8 0 1.34512741E-05
210 0 -1.346054445E-05
210.2 0 -1.346982759E-05
210.4 0 2.695824707E-05
210.6 0 -1.348843232E-05
210.8 0 1.905404844E-20
211 0 1.350708852E-05
211.2 0 -1.351643599E-05
211.4 0 1.35257964E-05
211.6 0 4.24259082E-20
211.8 0 -1.354455617E-05
212 0 2.710791117E-05
212.2 0 1.356336806E-05
212.4 0 -2.714558721E-05
212.6 0 2.614049521E-21
212.8 0 2.287428558E-20
213 0 4.628738674E-20
213.2 0 4.083188153E-05
213.4 0 1.362011855E-05
213.6 0 1.587602576E-20
213.8 0 2.727828212E-05
214 0 -1.364867226E-05
214.2 0 -1.365821678E-05
214.4 0 2.733554934E-05
214.6 0 2.735469188E-05
214.8 0 2.737386125E-05
215 5.478611501E-06 1.369652875E-05
215.2 5.48245614E-06 -4.758204782E-21
215.4 5.48630618E-06 2.74315309E-05
215.6 5.49016163E-06 4.117621223E-05
215.8 5.494022504E-06 2.747011252E-05
216 5.497888811E-06 1.374472203E-05
216.2 5.501760563E-06 -2.750880282E-05
216.4 5.505637773E-06 1.733914856E-20
216.6 5.509520451E-06 5.509520451E-05
216.8 5.51340861E-06 1.378352152E-05
217 5.51730226E-06 -1.379325565E-05
217.2 0 -1.172479004E-20
217.4 0 1.596634462E-20
217.6 0 -2.764508139E-05
217.8 0 -1.383233003E-05
218 0 1.384213324E-05
218.2 0 -6.524859117E-21
218.4 0 -8.404919479E-21
218.6 0 -1.387162642E-05
218.8 0 1.817549963E-22
219 0 1.798921007E-20
219.2 0 -2.78024911E-05
219.4 0 6.184905308E-21
219.6 0 2.784212402E-05
219.8 0 -2.746105758E-20
220 0 -1.843687709E-20
220.2 0 -3.444013291E-20
220.4 0 -7.026100089E-21
220.6 0 -6.423173644E-21
220.8 0 -1.398085183E-05
221 0 1.399086676E-05
221.2 0 1.400089606E-05
221.4 0 1.043078367E-20
221.6 0 2.704453197E-20
221.8 0 -8.503914352E-21
222 0 -1.404115744E-05
222.2 0 -2.810251799E-05
222.4 0 -1.406137509E-05
222.6 0 1.179891546E-20
222.8 0 -4.546310473E-21
223 0 1.409181097E-05
223.2 0 1.368685861E-20
223.4 0 6.109639813E-21
223.6 0 1.133156504E-21
223.8 0 1.413259768E-05
224 0 1.184316159E-21
224.2 0 -2.830615942E-05
224.4 0 -1.4163343E-05
224.6 0 -1.878928516E-20
224.8 0 -1.647248526E-20
225 0 1.556183084E-20
225.2 0 1.420454545E-05
225.4 0 1.517605329E-20
225.6 0 1.422523671E-05
225.8 0 -1.423560496E-05
226 0 -1.424598833E-05
226.2 0 1.425638686E-05
226.4 0 2.853360117E-05
226.6 0 2.855445906E-05
226.8 0 -1.428767374E-05
227 0 -2.859626647E-05
227.2 0 -2.861721612E-05
227.4 0 1.186812692E-20
227.6 0 1.432960382E-05
227.8 0 -1.434012482E-05
228 0 -5.740264511E-05
228.2 0 -5.744485294E-05
228.4 0 -1.437178072E-05
228.6 0 -1.438236377E-05
228.8 0 -2.878592483E-05
229 0 2.148697045E-21
229.2 0 1.441420664E-05
229.4 0 1.442485229E-05
229.6 0 2.887102735E-05
229.8 0 -1.444619083E-05
230 0 -2.891376758E-05
230.2 0 -2.916079163E-20
230.4 0 -3.725913556E-20
230.6 0 3.798415892E-21
230.8 0 -1.44998144E-05
231 0 -1.451058692E-05
231.2 0 1.452137546E-05
231.4 0 4.359654018E-05
231.6 0 2.908600149E-05
231.8 0 -9.550184647E-21
232 0 -3.317524526E-20
232.2 0 1.45755597E-05
232.4 0 2.917289022E-05
232.6 0 1.459734679E-05
232.8 0 2.234922056E-20
233 0 2.92383982E-05
233.2 0 4.389044944E-05
233.4 0 4.392335082E-05
233.6 0 4.395630158E-05
233.8 0 1.46631006E-05
234 0 -1.467411721E-05
234.2 0 3.151583244E-20
234.4 0 1.489344932E-20
234.6 0 8.820258441E-21
234.8 0 1.471834966E-05
235 0 -1.53140952E-21
235.2 5.896226415E-06 -1.474056604E-05
235.4 1.180135952E-05 -2.950339879E-05
235.6 1.77154195E-05 -2.952569917E-05
235.8 2.363842663E-05 -2.954803328E-05
236 2.957040121E-05 -2.957040121E-05
236.2 3.551136364E-05 -2.959280303E-05
236.4 4.146133434E-05 -2.961523882E-05
236.6 4.742033384E-05 -2.963770865E-05
236.8 4.745634017E-05 -2.96602126E-05
237 4.749240122E-05 -2.561585903E-21
237.2 4.752851711E-05 1.48526616E-05
237.4 4.161910198E-05 -1.486396499E-05
237.6 3.570068545E-05 -4.63903908E-21
237.8 2.977324695E-05 -6.929136653E-21
238 2.383676583E-05 -2.979595728E-05
238.2 1.789122137E-05 -2.981870229E-05
238.4 1.193659282E-05 1.018691501E-20
238.6 5.972859327E-06 1.493214832E-05
238.8 0 -1.494357307E-05
239 0 -2.991003063E-05
239.2 0 1.023515684E-20
239.4 0 1.497795245E-05
239.6 0 1.498944743E-05
239.8 0 3.62857707E-20
240 0 -4.503747118E-05
240.2 0 -3.004807692E-05
240.4 0 1.557991217E-20
240.6 0 -1.504718798E-05
240.8 0 1.505878951E-05
241 0 4.521122685E-05
241.2 0 -2.02268273E-20
241.4 0 -2.845765228E-20
241.6 0 -1.856013993E-20
241.8 0 -1.511706656E-05
242 0 -1.859156903E-20
242.2 0 3.432007276E-21
242.4 0 -2.153551076E-20
242.6 0 -3.56505602E-20
242.8 0 1.684713858E-20
243 0 -1.51875972E-05
243.2 0 -1.519941634E-05
243.4 0 1.253957176E-20
243.6 0 1.52231099E-05
243.8 0 1.52349844E-05
244 0 1.538970404E-20
244.2 0 -5.760670037E-20
244.4 0 -1.527071931E-05
244.6 0 -1.528266823E-05
244.8 0 -1.520616381E-20
245 0 -1.290649086E-20
245.2 0 5.256709151E-21
245.4 0 4.489309601E-20
245.6 0 1.483399813E-20
245.8 0 -7.828353392E-21
246 0 3.499117498E-20
246.2 0 3.210300747E-20
246.4 0 -1.539105595E-05
246.6 0 2.674993675E-20
246.8 0 1.98947837E-20
247 6.171011058E-06 -1.542752765E-05
247.2 6.175889328E-06 1.543972332E-05
247.4 1.854232595E-05 6.180775316E-05
247.6 6.185669042E-06 6.185669042E-05
247.8 6.190570523E-06 1.547642631E-05
248 1.239095956E-05 1.548869944E-05
248.2 1.860119048E-05 3.100198413E-05
248.4 1.861596505E-05 1.551330421E-05
248.6 2.484101749E-05 -4.454046564E-21
248.8 2.486077963E-05 1.88408226E-20
249 1.866042994E-05 1.555035828E-05
249.2 1.24501992E-05 4.668824701E-05
249.4 1.869019139E-05 6.246670431E-21
249.6 1.247007183E-05 -1.312252942E-20
249.8 6.240015974E-06 4.680011981E-05
250 1.249000799E-05 3.126822302E-20
250.2 6.25E-06 3.125E-05
250.4 0 6.255004003E-05
250.6 0 6.260016026E-05
250.8 0 7.831295108E-05
251 0 1.392233929E-20
251.2 0 -1.5687751E-05
251.4 0 3.140072347E-05
251.6 0 4.713897828E-05
251.8 0 4.717693237E-05
252 0 6.29532635E-05
252.2 0 7.875504032E-05
252.4 0 4.729116223E-05
252.6 0 1.577645396E-05
252.8 0 1.682836032E-20
253 0 -1.58019822E-05
253.2 0 3.162955466E-05
253.4 0 7.913796596E-05
253.6 0 4.752128954E-05
253.8 0 1.585328734E-05
254 0 -3.173233144E-05
254.2 0 -6.351626016E-05
254.4 0 -3.178397071E-05
254.6 0 -3.180985342E-05
254.8 0 -2.429161659E-20
255 0 1.593087276E-05
255.2 0 1.594387755E-05
255.4 0 -5.669030967E-21
255.6 0 -3.193990188E-05
255.8 0 -5.30716452E-20
256 0 1.599610975E-05
256.2 0 -1.600922131E-05
256.4 0 -1.602235439E-05
256.6 0 4.810652709E-05
256.8 0 6.419474117E-05
257 0 -1.606188322E-05
257.2 0 -8.03755144E-05
257.4 0 -3.217668863E-05
257.6 0 3.220321517E-05
257.8 0 3.222978548E-05
258 0 7.312751451E-21
258.2 0 2.6694069E-20
258.4 0 -3.230976013E-05
258.6 0 -8.084126656E-05
258.8 0 -6.472659486E-05
259 0 -3.239013267E-05
259.2 0 -3.241701245E-05
259.4 0 -3.244393688E-05
259.6 0 -3.247090607E-05
259.8 0 -4.87468802E-05
260 0 -4.878746878E-05
260.2 0 -3.469446952E-20
260.4 0 -5.208510854E-20
260.6 0 -1.630321369E-05
260.8 0 1.631683375E-05
261 0 3.266095318E-05
261.2 0 3.268828452E-05
261.4 0 1.635783082E-05
261.6 0 -3.274308466E-05
261.8 0 -1.638527685E-05
262 0 -2.913053696E-20
262.2 0 9.187185972E-21
262.4 0 -1.642661901E-05
262.6 0 -1.644044613E-05
262.8 0 4.936288964E-05
263 0 3.293634064E-05
263.2 0 3.296413502E-05
263.4 0 8.247994088E-05
263.6 0 8.254966188E-05
263.8 0 4.957170051E-05
264 0 6.615156647E-05
264.2 0 6.620762712E-05
264.4 0 1.656594572E-05
264.6 0 4.974002547E-05
264.8 0 6.637638063E-05
265 0 1.660820578E-05
265.2 0 -3.324468085E-05
265.4 0 -3.32729983E-05
265.6 0 -1.665068201E-05
265.8 0 -1.666488908E-05
266 0 1.777684177E-20
266.2 0 -1.18613571E-20
266.4 0 -3.341531223E-05
266.6 0 -1.672196062E-05
266.8 0 -3.347257926E-05
267 0 -6.70025729E-05
267.2 0 -6.706008584E-05
267.4 0 -1.67794244E-05
267.6 0 4.119526876E-20
267.8 0 -8.404152324E-05
268 0 -6.729112834E-05
268.2 0 -3.367456897E-05
268.4 0 -1.685181191E-05
268.6 0 2.696461362E-20
268.8 0 1.688094209E-05
269 0 3.379108997E-05
269.2 0 -1.691017316E-05
269.4 0 -3.384965338E-05
269.6 0 2.509039416E-20
269.8 0 -1.695421007E-05
270 0 -3.39378801E-05
270.2 0 -1.698369565E-05
270.4 0 -1.699847694E-05
270.6 0 -5.103985192E-05
270.8 0 -3.405623365E-05
271 0 1.39225447E-20
271.2 0 -3.411572052E-05
271.4 0 -6.829108392E-05
271.6 0 -5.126312336E-05
271.8 0 -3.420534151E-05
272 0 7.886314652E-21
272.2 0 3.426535088E-05
272.4 0 3.429543459E-05
272.6 0 4.578752352E-20
272.8 0 -3.435576077E-05
273 0 -5.157900528E-05
273.2 0 -6.883259912E-05
273.4 0 -5.166997354E-05
273.6 0 -3.447705207E-05
273.8 0 -5.176126325E-05
274 0 -3.453801945E-05
274.2 0 1.728429204E-05
274.4 0 6.919840567E-05
274.6 0 6.925975177E-05
274.8 0 3.466060337E-05
275 0 5.203707815E-05
275.2 0 1.736111111E-05
275.4 0 4.560333488E-20
275.6 0 5.217609083E-05
275.8 0 5.222259358E-05
276 0 -3.484611954E-05
276.2 0 -6.975446429E-05
276.4 0 -3.490840036E-05
276.6 0 1.00983729E-20
276.8 0 1.74854521E-05
277 0 5.250336022E-05
277.2 0 7.006726457E-05
277.4 0 -1.753254039E-05
277.6 0 -3.50965858E-05
277.8 0 1.756407374E-05
278 0 7.031953195E-05
278.2 0 8.79786036E-05
278.4 0 7.044634806E-05
278.6 0 8.813740975E-05
278.8 0 0.0001058604336
279 0 7.063743219E-05
279.2 0 8.837669683E-05
279.4 0 0.0001061480978
279.6 0 7.082955576E-05
279.8 0 7.08938294E-05
280 0 7.09582198E-05
280.2 0 5.326704545E-05
280.4 0 -3.554367607E-05
280.6 0 -5.336407104E-05
280.8 0 -1.012625182E-21
281 0 -3.564096715E-05
281.2 0 1.783675799E-05
281.4 0 3.570612431E-05
281.6 0 3.573879231E-05
281.8 0 5.365728022E-05
282 0 1.790215399E-05
282.2 0 1.791857798E-05
282.4 0 1.793503214E-05
282.6 0 3.590303309E-05
282.8 0 3.593606256E-05
283 0 5.395372928E-05
283.2 0 -5.802692581E-20
283.4 0 -9.008879151E-05
283.6 0 -7.213758079E-05
283.8 0 -3.610212569E-05
284 0 -2.757660925E-20
284.2 0 1.374887726E-20
284.4 0 -5.430375348E-05
284.6 0 -5.435412801E-05
284.8 0 3.626973073E-05
285 0 3.630343866E-05
285.2 0 -3.63372093E-05
285.4 0 -3.637104283E-05
285.6 0 -5.460740913E-05
285.8 0 -3.643889925E-05
286 0 4.296992205E-21
286.2 0 -5.476051402E-05
286.4 7.308231993E-06 -5.481173994E-05
286.6 1.463014981E-05 -1.828768727E-05
286.8 1.464386129E-05 2.861448289E-20
287 1.46575985E-05 -1.832199812E-05
287.2 1.46713615E-05 -9.169600939E-05
287.4 1.468515038E-05 -9.178218985E-05
287.6 1.469896519E-05 -3.674741298E-05
287.8 1.471280603E-05 3.678201507E-05
288 2.209000943E-05 1.840834119E-05
288.2 3.685141509E-05 -5.527712264E-05
288.4 4.426345609E-05 -3.688621341E-05
288.6 5.168950851E-05 3.69210775E-05
288.8 5.17384106E-05 5.543401135E-05
289 5.918560606E-05 2.14625571E-20
289.2 5.924170616E-05 -1.027363389E-20
289.4 5.929791271E-05 5.559179317E-05
289.6 5.935422602E-05 7.419278253E-05
289.8 5.941064639E-05 5.569748099E-05
290 5.203377735E-05 7.433396765E-05
290.2 4.464285714E-05 0.0001116071429
290.4 4.468541468E-05 3.723784557E-05
290.6 5.218272901E-05 2.660172089E-20
290.8 5.969436485E-05 1.865448902E-05
291 5.228250478E-05 7.468929254E-05
291.2 3.738038278E-05 5.607057416E-05
291.4 4.489942529E-05 -1.870809387E-05
291.6 3.745206136E-05 1.872603068E-05
291.8 3.748800384E-05 9.790966468E-22
292 3.752401537E-05 -1.876200768E-05
292.2 3.756009615E-05 -3.756009615E-05
292.4 3.759624639E-05 -7.519249278E-05
292.6 4.515895954E-05 -1.881623314E-05
292.8 3.766875603E-05 -1.644399973E-20
293 4.5246139E-05 -3.056527245E-21
293.2 4.528985507E-05 3.774154589E-05
293.4 4.533365571E-05 1.888902321E-05
293.6 4.537754114E-05 3.099704727E-21
293.8 4.542151163E-05 3.053105505E-20
294 4.546556741E-05 -8.87929822E-21
294.2 4.550970874E-05 1.896237864E-05
294.4 4.555393586E-05 1.898080661E-05
294.6 3.799854086E-05 2.943707741E-20
294.8 3.042843233E-05 2.570872236E-20
295 2.284356725E-05 1.903630604E-05
295.2 1.524390244E-05 1.905487805E-05
295.4 7.629394531E-06 -1.907348633E-05
295.6 7.636852395E-06 5.589321658E-20
295.8 0 1.911081213E-05
296 0 1.912952987E-05
296.2 0 3.500241391E-21
296.4 0 -3.833415113E-05
296.6 0 -7.674361493E-05
296.8 0 -0.0001152286136
297 0 -9.61183563E-05
297.2 0 -7.697044335E-05
297.4 0 -9.630793886E-05
297.6 0 -0.000115683613
297.8 0 -0.0001157979249
298 0 -7.727497527E-05
298.2 0 -5.801361386E-05
298.4 0 -5.807111001E-05
298.6 0 -3.875248016E-05
298.8 0 -3.879096326E-05
299 0 -1.941476143E-05
299.2 0 -1.94340796E-05
299.4 0 4.602036695E-21
299.6 0 3.894566301E-05
299.8 0 1.949226547E-05
300 0 1.951173826E-05
300.2 0 3.645753963E-21
300.4 0 -5.86524024E-05
300.6 0 -3.914078156E-05
300.8 0 -1.959002006E-05
301 0 -1.960968876E-05
301.2 0 1.962939698E-05
301.4 0 3.929828974E-05
301.6 0 3.933786506E-05
301.8 0 1.968876008E-05
302 0 3.94172553E-05
302.2 0 1.972853535E-05
302.4 0 -1.974848332E-05
302.6 0 1.839001524E-21
302.8 0 1.978850051E-05
303 0 1.980856998E-05
303.2 0 3.34137938E-21
303.4 0 -1.98488313E-05
303.6 0 1.097250104E-20
303.8 0 1.988925662E-05
304 0 6.361002279E-21
304.2 0 1.992984694E-05
304.4 0 1.130520072E-20
304.6 0 -1.997060327E-05
304.8 0 3.711159951E-20
305 0 -2.001152664E-05
305.2 0 -4.006410256E-05
305.4 0 -4.010523614E-05
305.6 0 -2.007322713E-05
305.8 0 -2.00938786E-05
306 0 -2.011457261E-05
306.2 0 -3.398751339E-20
306.4 0 -2.071640036E-20
306.6 0 -3.900310371E-20
306.8 0 -4.214424698E-20
307 0 -9.887396325E-20
307.2 0 -6.348804711E-20
307.4 0 5.397679464E-20
307.6 0 1.880380481E-20
307.8 0 2.030275468E-05
308 0 2.032388137E-05
308.2 0 1.458116762E-20
308.4 0 -4.147849423E-20
308.6 0 1.005629627E-20
308.8 0 2.440393223E-20
309 0 -2.043017782E-05
309.2 0 -2.045157068E-05
309.4 0 2.047300839E-05
309.6 0 4.098898216E-05
309.8 0 2.839579925E-21
310 0 -2.053759201E-05
310.2 0 -1.045992885E-20
310.4 0 -2.05808746E-05
310.6 0 -1.925327801E-20
310.8 0 2.062434002E-05
311 0 9.442571296E-21
311.2 0 -4.207223342E-20
311.4 0 -1.986636827E-20
311.6 0 2.071182397E-05
311.8 0 4.146762208E-05
312 0 2.075584485E-05
312.2 0 4.155585106E-05
312.4 8.320021299E-06 4.16001065E-05
312.6 1.665778252E-05 -4.164445629E-05
312.8 2.501334045E-05 -4.168890075E-05
313 3.338675214E-05 -2.086672009E-05
313.2 4.177807487E-05 4.141731357E-20
313.4 3.345824411E-05 4.182280514E-05
313.6 3.349410504E-05 2.907501039E-21
313.8 2.514753219E-05 -2.095627682E-05
314 1.6783029E-05 4.19575725E-05
314.2 8.400537634E-06 -2.100134409E-05
314.4 8.409580194E-06 -0.0001051197524
314.6 0 -2.10466056E-05
314.8 0 8.42772384E-05
315 0 4.218412527E-05
315.2 0 4.222972973E-05
315.4 0 6.341314935E-05
315.6 0 -2.116061755E-05
315.8 0 -8.473427332E-05
316 0 -6.361970684E-05
316.2 0 -4.245923913E-05
316.4 0 -4.25054407E-05
316.6 0 4.401051536E-21
316.8 0 2.129907306E-05
317 0 6.396697598E-05
317.2 0 4.269125683E-05
317.4 0 -2.136898249E-05
317.6 0 3.309700887E-21
317.8 0 2.14158443E-05
318 0 2.143935236E-05
318.2 0 4.292582418E-05
318.4 0 6.445957096E-05
318.6 0 6.453056167E-05
318.8 0 4.306780595E-05
319 0 -6.467301325E-05
319.2 0 -6.474447514E-05
319.4 0 -4.321073009E-05
319.6 0 -4.32585825E-05
319.8 0 -1.166850238E-20
320 0 2.1677303E-05
320.2 8.680555556E-06 4.340277778E-05
320.4 8.690211346E-06 -4.345105673E-05
320.6 8.699888641E-06 -2.17497216E-05
320.8 8.709587514E-06 2.177396878E-05
321 0 -1.105415277E-20
321.2 8.729050279E-06 -2.18226257E-05
321.4 8.738814318E-06 -4.369407159E-05
321.6 8.748600224E-06 -1.231191466E-20
321.8 0 2.189602018E-05
322 8.768237935E-06 3.531310646E-20
322.2 8.778089888E-06 4.389044944E-05
322.4 8.787964004E-06 0.0001098495501
322.6 8.79786036E-06 6.59839527E-05
322.8 8.80777903E-06 -4.403889515E-05
323 8.81772009E-06 -6.613290068E-05
323.2 0 -2.206920904E-05
323.4 0 -4.418834842E-05
323.6 0 -4.423839185E-05
323.8 0 4.209510028E-20
324 8.867763905E-06 7.944998454E-21
324.2 8.877840909E-06 2.219460227E-05
324.4 8.887940842E-06 4.443970421E-05
324.6 8.898063781E-06 4.449031891E-05
324.8 8.908209806E-06 2.227052452E-05
325 8.918378995E-06 2.229594749E-05
325.2 8.928571429E-06 2.935559535E-20
325.4 8.938787185E-06 4.469393593E-05
325.6 8.949026346E-06 6.711769759E-05
325.8 8.959288991E-06 2.239822248E-05
326 8.969575201E-06 6.727181401E-05
326.2 8.979885057E-06 2.244971264E-05
326.4 8.990218642E-06 -2.247554661E-05
326.6 9.000576037E-06 2.250144009E-05
326.8 9.010957324E-06 2.252739331E-05
327 9.021362587E-06 -4.317452792E-21
327.2 9.031791908E-06 2.257947977E-05
327.4 9.04224537E-06 -2.260561343E-05
327.6 9.052723059E-06 6.789542294E-05
327.8 0 4.531612529E-05
328 9.073751452E-06 -4.536875726E-05
328.2 0 0.0001135537791
328.4 9.094877765E-06 2.273719441E-05
328.6 9.105477855E-06 -7.610326316E-21
328.8 9.116102684E-06 9.116102684E-05
329 0 9.126752336E-05
329.2 0 1.954932269E-22
329.4 9.148126464E-06 2.287031616E-05
329.6 9.158851114E-06 6.869138335E-05
329.8 0 2.292400235E-05
330 0 9.180376028E-05
330.2 0 2.297794118E-05
330.4 0 0.0001150250294
330.6 0 6.90964033E-05
330.8 0 -6.917798111E-05
331 0 -2.308658392E-05
331.2 0 -4.622781065E-05
331.4 9.256516588E-06 2.314129147E-05
331.6 0 2.316874259E-05
331.8 9.278503563E-06 -1.609448416E-20
332 9.289536266E-06 -2.322384067E-05
332.2 9.300595238E-06 4.865879606E-20
332.4 9.311680572E-06 6.983760429E-05
332.6 9.322792363E-06 4.661396181E-05
332.8 9.333930705E-06 4.666965352E-05
333 9.345095694E-06 7.00882177E-05
333.2 9.356287425E-06 4.678143713E-05
333.4 9.367505995E-06 4.683752998E-05
333.6 9.378751501E-06 1.570480049E-20
333.8 9.390024038E-06 -9.390024038E-05
334 9.401323706E-06 -2.330986914E-20
334.2 9.412650602E-06 7.059487952E-05
334.4 9.424004825E-06 -2.356001206E-05
334.6 9.435386473E-06 2.358846618E-05
334.8 9.446795647E-06 4.723397823E-05
335 9.458232446E-06 -9.458232446E-05
335.2 9.46969697E-06 -7.102272727E-05
335.4 9.48118932E-06 -2.37029733E-05
335.6 0 2.3731774E-05
335.8 0 7.128193431E-05
336 0 -4.757917174E-05
336.2 0 -7.145579268E-05
336.4 0 -2.152833016E-20
336.6 0 -7.163050122E-05
336.8 0 -0.0001195302938
337 0 2.393535539E-05
337.2 0 7.189417178E-05
337.4 0 4.798832924E-05
337.6 0 7.207103321E-05
337.8 0 2.405326355E-05
338 0 2.408292232E-05
338.2 0 2.411265432E-05
338.4 0 2.414245983E-05
338.6 0 4.834467822E-05
338.8 0 7.260687732E-05
339 0 7.26969603E-05
339.2 0 4.852484472E-05
339.4 0 4.8585199E-05
339.6 0 4.864570361E-05
339.8 0 4.87063591E-05
340 0 4.876716604E-05
340.2 0 2.44140625E-05
340.4 0 2.004989246E-20
340.6 0 4.21311505E-20
340.8 0 2.450595985E-05
341 0 2.453674623E-05
341.2 0 -2.84114493E-20
341.4 0 2.459855164E-05
341.6 0 2.462957125E-05
341.8 0 2.466066919E-05
342 0 7.407553729E-05
342.2 0 7.41693038E-05
342.4 0 1.576234159E-20
342.6 0 -2.478585025E-05
342.8 0 4.963468869E-05
343 0 9.93956743E-05
343.2 0 -2.488057325E-05
343.4 0 -4.982461735E-05
343.6 0 7.483237548E-05
343.8 0 2.837600384E-20
344 0 -2.500800256E-05
344.2 0 2.50400641E-05
344.4 0 -5.014441592E-05
344.6 0 -7.531330334E-05
344.8 0 -2.513674389E-05
345 0 -2.51691366E-05
345.2 0 -5.040322581E-05
345.4 0 -2.523417313E-05
345.6 0 2.800588285E-20
345.8 0 -2.529954663E-05
346 0 -2.533236057E-05
346.2 0 -2.536525974E-05
346.4 0 -5.079648895E-05
346.6 0 -5.086263021E-05
346.8 0 -1.69275531E-20
347 0 5.099543081E-05
347.2 0 5.10620915E-05
347.4 0 -1.069786023E-20
347.6 0 -5.119593709E-05
347.8 0 -5.126312336E-05
348 0 -5.13304862E-05
348.2 0 -2.138468068E-20
348.4 0 -5.102323127E-20
348.6 0 -5.153364116E-05
348.8 0 -9.175417274E-20
349 0 -7.830826953E-21
349.2 0 -5.17384106E-05
349.4 0 -2.071774867E-20
349.6 0 5.187583001E-05
349.8 0 5.194481383E-05
350 0 5.201398136E-05
350.2 0 5.208333333E-05
350.4 0 7.822930574E-05
350.6 0 2.611129679E-05
350.8 0 -2.614625167E-05
351 0 2.618130027E-05
351.2 0 2.621644295E-05
351.4 0 2.812573225E-20
351.6 0 2.808900087E-20
351.8 0 2.632243935E-05
352 0 5.271592443E-05
352.2 0 7.128347411E-22
352.4 0 -2.642929635E-05
352.6 0 3.110863981E-20
352.8 0 2.650101764E-05
353 0 2.653702446E-05
353.2 0 2.657312925E-05
353.4 0 5.321866485E-05
353.6 0 1.269014973E-20
353.8 0 -5.336407104E-05
354 0 -8.015560876E-05
354.2 0 -5.351027397E-05
354.4 0 2.679183813E-05
354.6 0 -5.365728022E-05
354.8 0 -8.059662999E-05
355 0 -2.403307466E-20
355.2 0 -2.693965517E-05
355.4 0 -0.0001079074586
355.6 0 -8.104253112E-05
355.8 0 -5.195938093E-20
356 0 -2.708911234E-05
356.2 0 -0.0001085069444
356.4 0 -2.716446453E-05
356.6 0 2.720229805E-05
356.8 0 -3.00719373E-20
357 0 -2.727828212E-05
357.2 0 2.703775899E-20
357.4 0 8.206407563E-05
357.6 0 2.73930575E-05
357.8 0 -8.22945927E-05
358 0 -8.241033755E-05
358.2 0 -2.750880282E-05
358.4 0 -2.754760226E-05
358.6 0 -2.75865113E-05
358.8 0 2.762553041E-05
359 0 2.766466006E-05
359.2 0 -2.770390071E-05
359.4 1.109730114E-05 -2.774325284E-05
359.6 0 -2.778271693E-05
359.8 0 -2.782229345E-05
360 0 1.197278576E-20
360.2 0 2.790178571E-05
360.4 0 9.37971663E-21
360.6 0 4.00427387E-20
360.8 0 -5.604375897E-05
361 0 -5.612428161E-05
361.2 0 -2.810251799E-05
361.4 0 -5.628602305E-05
361.6 0 -2.818362193E-05
361.8 0 -5.644869942E-05
362 0 -8.479558611E-05
362.2 0 -5.661231884E-05
362.4 0 -8.504172714E-05
362.6 0 -8.51653343E-05
362.8 0 -2.84297671E-05
363 0 -5.694241983E-05
363.2 0 -8.553832117E-05
363.4 0 -2.855445906E-05
363.6 0 -5.719253294E-05
363.8 0 -5.727639296E-05
364 0 -5.736049927E-05
364.2 0 -8.616727941E-05
364.4 0 -5.752945508E-05
364.6 0 -8.642146018E-05
364.8 0 -5.769940916E-05
365 0 -2.889238166E-05
365.2 0 -5.787037037E-05
365.4 0 -5.795623145E-05
365.6 0 -2.902117385E-05
365.8 0 -5.812872024E-05
366 0 -5.821535022E-05
366.2 0 5.489992331E-20
366.4 0 -2.919469357E-05
366.6 0 -2.92383982E-05
366.8 0 5.16981678E-20
367 0 -2.93262012E-05
367.2 0 -5.87406015E-05
367.4 0 -5.882906627E-05
367.6 0 -2.945889894E-05
367.8 0 -1.508742591E-20
368 0 -2.954803328E-05
368.2 0 -2.959280303E-05
368.4 0 5.067605176E-20
368.6 0 2.968275076E-05
368.8 0 5.945585997E-05
369 0 8.931974085E-05
369.2 0 8.945610687E-05
369.4 0 -8.447003937E-21
369.6 0 -3.046605319E-20
369.8 0 5.991180982E-05
370 0 9.000576037E-05
370.2 0 0.0001201923077
370.4 0 9.028312789E-05
370.6 0 3.01408179E-05
370.8 0 3.022810403E-20
371 0 8.098369329E-21
371.2 0 3.028100775E-05
371.4 0 6.06560559E-05
371.6 0 9.11255832E-05
371.8 0 0.0001216900312
372 0 6.09399376E-05
372.2 0 -3.051757812E-05
372.4 0 -3.056533646E-05
372.6 0 3.061324451E-05
372.8 0 9.198390895E-05
373 0 0.0001228380503
373.2 0 6.151574803E-05
373.4 0 -2.490624722E-20
373.6 0 6.171011058E-05
373.8 0 9.271162975E-05
374 0 1.847671688E-21
374.2 0 -3.100198413E-05
374.4 0 3.105127186E-05
374.6 0 6.220143312E-05
374.8 0 6.230063796E-05
375 0 6.240015974E-05
375.2 0 6.25E-05
375.4 0 3.130008013E-05
375.6 0 -2.161503384E-20
375.8 0 -5.212506778E-20
376 0 -5.105444442E-20
376.2 0 -8.756928688E-20
376.4 0 2.854022161E-20
376.6 0 3.431867168E-21
376.8 0 1.588406181E-20
377 0 4.872375148E-20
377.2 0 5.590152346E-20
377.4 0 9.79518141E-20
377.6 0 4.773502038E-20
377.8 0 -5.352742536E-20
378 0 2.73724737E-20
378.2 0 -3.319800277E-20
378.4 0 7.766465529E-21
378.6 0 9.450531194E-20
378.8 0 8.255335278E-20
379 0 -3.222978548E-05
379.2 0 -3.228305785E-05
379.4 0 -3.233650662E-05
379.6 0 -3.239013267E-05
379.8 0 6.282865962E-20
380 0 -3.990988908E-20
380.2 0 3.255208333E-05
380.4 0 4.982945621E-20
380.6 0 -3.266095318E-05
380.8 0 1.656940956E-20
381 0 2.432472523E-20
381.2 0 4.70150524E-20
381.4 0 2.007221236E-20
381.6 0 -3.575046853E-21
381.8 0 7.82483945E-21
382 0 -7.780053715E-21
382.2 0 -5.776810739E-20
382.4 0 -7.56703788E-20
382.6 0 -9.765380034E-22
382.8 0 3.32729983E-05
383 0 3.332977816E-05
383.2 0 -6.334002796E-20
383.4 0 2.163582776E-20
383.6 0 1.152968219E-20
383.8 0 3.632088048E-20
384 0 -4.270879612E-20
384.2 0 -1.269991274E-19
384.4 0 1.991299541E-21
384.6 0 3.379108997E-05
384.8 0 6.769930676E-05
385 1.356336806E-05 3.390842014E-05
385.2 1.358695652E-05 9.52383032E-20
385.4 1.361062718E-05 -3.402656794E-05
385.6 1.363438045E-05 1.017929228E-20
385.8 0 3.414554196E-05
386 1.36821366E-05 -6.841068301E-05
386.2 1.370614035E-05 1.090280112E-19
386.4 0 3.432557118E-05
386.6 0 -6.877200704E-05
386.8 0 4.731090141E-20
387 0 3.450750883E-05
387.2 0 -3.456858407E-05
387.4 0 -6.925975177E-05
387.6 0 -3.469138544E-05
387.8 0 -3.475311388E-05
388 0 -3.481506239E-05
388.2 0 -3.487723214E-05
388.4 0 -0.000104818873
388.6 0 -0.0001050067204
388.8 0 -7.013016158E-05
389 0 -7.025629496E-05
389.2 0 -7.038288288E-05
389.4 0 -7.05099278E-05
389.6 0 -7.063743219E-05
389.8 0 -7.076539855E-05
390 0 -7.08938294E-05
390.2 0 -7.102272727E-05
390.4 0 -3.557604736E-05
390.6 0 -7.128193431E-05
390.8 0 -0.0001071183729
391 0 -7.154304029E-05
391.2 0 -0.0001075114679
391.4 0 -0.0001436121324
391.6 0 -7.193830571E-05
391.8 0 -2.562364052E-20
392 1.444085028E-05 -3.610212569E-05
392.2 1.446759259E-05 -3.616898148E-05
392.4 0 -3.623608534E-05
392.6 1.452137546E-05 -7.260687732E-05
392.8 1.454841713E-05 -0.0001091131285
393 1.45755597E-05 -0.0001093166978
393.2 1.460280374E-05 -7.301401869E-05
393.4 1.463014981E-05 -7.315074906E-05
393.6 1.46575985E-05 -7.32879925E-05
393.8 0 -3.671287594E-05
394 1.471280603E-05 -9.178283109E-21
394.2 1.474056604E-05 3.880397433E-20
394.4 1.4768431E-05 -2.398579097E-20
394.6 1.479640152E-05 -4.316545114E-20
394.8 1.482447818E-05 9.102455124E-21
395 1.48526616E-05 2.813827183E-20
395.2 1.488095238E-05 -1.627078688E-20
395.4 1.490935115E-05 -2.136266302E-21
395.6 1.493785851E-05 -1.315894899E-20
395.8 1.49664751E-05 -8.900102496E-20
396 1.499520154E-05 -2.613722552E-20
396.2 1.502403846E-05 -2.826739528E-20
396.4 1.505298651E-05 -2.644431741E-20
396.6 1.508204633E-05 -7.09994884E-20
396.8 1.511121857E-05 -2.667437737E-20
397 1.514050388E-05 3.785125969E-05
397.2 0 3.630900789E-20
397.4 0 -3.799854086E-05
397.6 0 5.043556207E-21
397.8 0 8.102772963E-20
398 0 6.26313414E-20
398.2 0 -1.09938338E-20
398.4 0 3.837180747E-05
398.6 0 7.689468504E-05
398.8 0 7.704635108E-05
399 0 7.71986166E-05
399.2 0 7.735148515E-05
399.4 0 3.875248016E-05
399.6 0 3.882952286E-05
399.8 0 3.890687251E-05
400 0 4.285477347E-20
400.2 0 -4.699551909E-20
400.4 0 -7.455167072E-20
400.6 0 -3.262301657E-20
400.8 0 -5.235695321E-21
401 0 -6.894849319E-20
401.2 0 -1.225022124E-19
401.4 0 -1.148288283E-19
401.6 0 -5.043289429E-20
401.8 0 -4.69919987E-20
402 0 -7.923261488E-20
402.2 0 -6.183283658E-20
402.4 0 -5.445777756E-20
402.6 0 -7.418365185E-20
402.8 0 -1.933267772E-20
403 0 1.405652282E-20
403.2 0 -2.833949016E-20
403.4 0 -1.317155668E-19
403.6 0 4.04373706E-05
403.8 0 -4.815505374E-20
404 0 -4.060550936E-05
404.2 0 4.069010417E-05
404.4 0 1.473756019E-20
404.6 0 -4.494010331E-20
404.8 0 4.094601677E-05
405 0 -4.394211879E-20
405.2 0 -6.836266675E-20
405.4 0 4.120516878E-05
405.6 0 6.332684131E-20
405.8 0 -4.137976695E-05
406 0 1.285124372E-19
406.2 0 9.591856669E-20
406.4 0 2.047276682E-20
406.6 0 4.173344017E-05
406.8 0 4.182280514E-05
407 0 1.571283023E-20
407.2 0 -1.808837087E-22
407.4 0 -3.430909566E-20
407.6 0 -2.841939507E-20
407.8 0 6.678035117E-20
408 0 -4.236713666E-05
408.2 0 -4.245923913E-05
408.4 0 -3.137035027E-20
408.6 0 -4.264465066E-05
408.8 0 2.36669076E-21
409 0 7.148514138E-20
409.2 0 -4.292582418E-05
409.4 0 -5.08585654E-20
409.6 0 -1.24780148E-20
409.8 0 1.235284021E-21
410 0 -2.881934606E-20
410.2 0 -1.102342921E-20
410.4 0 8.541341671E-21
410.6 0 4.359654018E-05
410.8 0 4.369407159E-05
411 0 8.409464184E-20
411.2 0 -4.389044944E-05
411.4 0 -4.39893018E-05
411.6 0 -4.408860045E-05
411.8 0 -8.837669683E-05
412 0 -8.857709751E-05
412.2 0 -8.877840909E-05
412.4 0 -4.449031891E-05
412.6 0 -4.459189498E-05
412.8 0 -8.938787185E-05
413 0 6.380555379E-20
413.2 0 4.489942529E-05
413.4 0 4.500288018E-05
413.6 0 4.510681293E-05
413.8 0 4.505224608E-20
414 0 4.531612529E-05
414.2 0 -7.186308351E-21
414.4 0 -4.552738928E-05
414.6 0 -4.563376168E-05
414.8 0 -4.574063232E-05
415 0 4.584800469E-05
415.2 0 5.955291244E-22
415.4 0 -4.606426887E-05
415.6 0 9.965578914E-20
415.8 0 -3.746323392E-21
416 0 -2.263606144E-20
416.2 0 -3.696781521E-20
416.4 0 6.196315821E-20
416.6 0 6.45860575E-20
416.8 0 -4.683752998E-05
417 0 2.994308027E-20
417.2 0 4.706325301E-05
417.4 0 -5.343858274E-20
417.6 0 -2.479976018E-20
417.8 0 8.310215628E-21
418 0 7.694602105E-20
418.2 0 -1.838851117E-21
418.4 0 -1.41860274E-19
418.6 0 7.062555526E-20
418.8 0 -7.867554797E-20
419 0 -2.018407048E-20
419.2 0 -7.192992777E-20
419.4 0 -1.050889865E-19
419.6 0 -4.84646402E-05
419.8 0 -6.15892479E-20
420 0 -8.032622594E-20
420.2 0 -1.256864746E-19
420.4 0 4.895050125E-05
420.6 0 1.788813187E-21
420.8 0 -1.486827012E-20
421 0 5.957324745E-20
421.2 0 -2.53727311E-20
421.4 0 9.171378091E-21
421.6 0 -4.141319111E-20
421.8 0 -9.593508931E-20
422 0 -8.742436146E-21
422.2 0 -6.200948654E-20
422.4 0 -9.318482142E-20
422.6 0 6.578923214E-20
422.8 0 -1.591204449E-20
423 0 -1.255267999E-19
423.2 0 -6.697327127E-20
423.4 0 -1.061629031E-20
423.6 0 3.828379429E-20
423.8 0 -3.997623423E-20
424 0 4.332226651E-20
424.2 0 -5.139802632E-05
424.4 0 -5.153364116E-05
424.6 0 5.166997354E-05
424.8 0 -3.965688814E-20
425 0 5.262020147E-20
425.2 0 5.208333333E-05
425.4 0 -5.222259358E-05
425.6 0 -5.236260054E-05
425.8 0 1.37781418E-20
426 0 -3.15466976E-20
426.2 0 1.054595842E-19
426.4 0 9.025928187E-20
426.6 0 -4.019875827E-20
426.8 0 -1.012891094E-19
427 0 1.279383091E-20
427.2 0 1.236286511E-20
427.4 0 6.405900531E-21
427.6 0 1.100670582E-21
427.8 0 2.916998635E-20
428 0 5.042507874E-20
428.2 0 5.425347222E-05
428.4 0 5.44045961E-05
428.6 0 -2.219707441E-20
428.8 0 6.100656034E-20
429 0 1.343344193E-20
429.2 0 4.451430515E-20
429.4 0 8.369750643E-20
429.6 0 2.487482909E-20
429.8 0 1.206447242E-19
430 0 2.132744964E-20
430.2 0 5.07308356E-20
430.4 0 3.820444176E-20
430.6 0 -2.862594888E-20
430.8 0 4.879379989E-20
431 0 -2.181395203E-20
431.2 0 -5.53565277E-20
431.4 0 9.178849062E-20
431.6 0 -4.547765302E-20
431.8 0 -5.710891813E-05
432 0 -5.727639296E-05
432.2 0 5.744485294E-05
432.4 0 5.761430678E-05
432.6 0 -8.125531707E-20
432.8 0 2.131522651E-20
433 0 7.735651345E-20
433.2 0 -5.830223881E-05
433.4 0 -5.847679641E-05
433.6 0 -6.412580299E-20
433.8 0 -2.544560705E-20
434 0 3.416493812E-20
434.2 0 3.20440614E-20
434.4 0 1.477157547E-20
434.6 0 -3.364886416E-20
434.8 0 1.160451614E-19
435 0 1.268832836E-19
435.2 0 -6.421220935E-20
435.4 0 1.555396823E-20
435.6 0 -7.77432952E-20
435.8 0 6.59051181E-21
436 0 2.555142894E-20
436.2 0 6.442591497E-20
436.4 0 1.137972094E-19
436.6 0 1.372195632E-19
436.8 0 3.394453361E-20
437 0 -8.825375548E-20
437.2 0 1.768639128E-21
437.4 0 1.442146404E-19
437.6 0 -5.791342434E-20
437.8 0 -5.193870696E-21
438 0 1.076434028E-19
438.2 0 1.095647428E-19
438.4 0 -1.17265549E-19
438.6 0 -9.901034172E-20
438.8 0 -2.825727686E-20
439 0 -2.898336667E-20
439.2 0 -1.939856663E-19
439.4 0 -1.456866787E-19
439.6 0 -1.827576722E-20
439.8 0 1.087550334E-19
440 0 -1.198734344E-20
440.2 0 -1.008551598E-19
440.4 0 -3.304464881E-20
440.6 0 -5.900835567E-20
440.8 0 6.777345942E-20
441 0 -1.245361196E-20
441.2 0 -3.055682047E-20
441.4 0 1.158750038E-19
441.6 0 9.080691191E-20
441.8 0 -5.756052611E-20
442 0 -2.176702118E-20
442.2 0 -9.631228155E-20
442.4 0 6.117489137E-21
442.6 0 -5.293790662E-20
442.8 0 4.311348207E-20
443 0 -1.646923991E-19
443.2 0 -1.024026022E-19
443.4 0 5.721346308E-20
443.6 0 -6.774019026E-20
443.8 0 -1.601473358E-20
444 0 7.105751468E-20
444.2 0 5.193413492E-20
444.4 0 1.851532546E-19
444.6 0 1.507483882E-19
444.8 0 9.788891811E-20
445 0 3.541226211E-19
445.2 0 7.311533851E-20
445.4 0 8.148198718E-20
445.6 0 2.077575492E-19
445.8 0 7.162243637E-20
446 0 6.059788333E-20
446.2 0 4.857961615E-20
446.4 0 1.963620112E-19
446.6 0 2.516100428E-19
446.8 0 -6.9467602E-20
447 0 -2.299659236E-20
447.2 0 1.167477958E-19
447.4 0 -1.219718347E-19
447.6 0 -6.139406673E-20
447.8 0 2.143365263E-20
448 0 2.024737699E-19
448.2 0 3.195986272E-19
448.4 0 -3.052274571E-20
448.6 0 9.96473434E-20
448.8 0 1.202350507E-19
449 0 8.812569717E-20
449.2 0 9.382100739E-20
449.4 0 9.902931177E-21
449.6 0 1.616028036E-19
449.8 0 1.47110798E-19
450 0 -7.767078246E-21
450.2 0 2.870855476E-20
450.4 0 5.999553895E-20
450.6 0 -3.021301134E-20
450.8 0 -8.783670996E-20
451 0 5.151917678E-20
451.2 0 1.175373044E-19
451.4 0 -1.475664164E-19
451.6 0 -9.110693353E-20
451.8 0 2.588724507E-20
452 0 4.690646812E-20
452.2 0 9.651831692E-20
452.4 0 5.05875774E-20
452.6 0 9.654807592E-20
452.8 0 2.782611269E-19
453 0 8.591519389E-20
453.2 0 -4.332868239E-20
453.4 0 -1.65896959E-19
453.6 0 3.777209791E-21
453.8 0 1.752975799E-19
454 0 1.972113282E-19
454.2 0 1.978817927E-20
454.4 0 -1.085630752E-20
454.6 0 2.03317117E-19
454.8 0 -5.970658606E-20
455 0 -2.634123524E-22
455.2 0 5.658817781E-20
455.4 0 -1.830088462E-19
455.6 0 3.26679569E-20
455.8 0 -2.421368744E-20
456 0 -3.176031754E-20
456.2 0 6.78001187E-20
456.4 0 -1.217812098E-19
456.6 0 2.749162179E-21
456.8 0 1.197580738E-19
457 0 1.009959266E-19
457.2 0 -1.482521947E-19
457.4 0 -1.24346692E-19
457.6 0 6.547655176E-20
457.8 0 -5.110978061E-20
458 0 -1.007785598E-19
458.2 0 -1.00924469E-20
458.4 0 9.345095694E-05
458.6 0 0.0001878004808
458.8 0 0.0001887077295
459 0 0.0001896237864
459.2 0 0.0001905487805
459.4 0 9.574142157E-05
459.6 0 7.147504475E-20
459.8 0 -9.668935644E-05
460 0 -9.717039801E-05
460.2 0 1.922982232E-19
460.4 0 5.92094551E-20
460.6 0 2.419792893E-20
460.8 0 9.914340102E-05
461 0 9.964923469E-05
461.2 0 3.262601755E-19
461.4 0 2.176394755E-19
461.6 0 1.243261636E-19
461.8 0 6.659298995E-20
462 0 1.501348251E-19
462.2 0 -0.0001027960526
462.4 0 -0.0001033399471
462.6 0 1.012010199E-19
462.8 0 1.146340412E-19
463 0 8.851712952E-20
463.2 0 0.0001055743243
463.4 0 0.0001061480978
463.6 0 6.517408216E-20
463.8 0 9.500579944E-21
464 0 4.491066243E-20
464.2 0 -1.632656772E-19
464.4 0 -1.157888422E-19
464.6 0 -1.755725932E-19
464.8 0 -4.694966063E-20
465 0 -3.083367217E-19
465.2 0 -3.458249861E-20
465.4 0 -2.600215663E-19
465.6 0 -2.611238003E-20
465.8 0 -3.890523857E-20
466 0 -2.500222246E-20
466.2 0 1.865451533E-19
466.4 0 4.398973884E-20
466.6 0 3.941022153E-20
466.8 0 -5.684858474E-20
467 0 2.359687315E-19
467.2 0 2.620778133E-19
467.4 0 -1.356700886E-19
467.6 0 1.664952839E-19
467.8 0 5.919132159E-20
468 0 -4.117951471E-20
468.2 0 -1.002340561E-19
468.4 0 -1.118245404E-19
468.6 0 -2.919121485E-20
468.8 0 -1.570666298E-19
469 0 -2.075168832E-19
469.2 0 -2.294875273E-19
469.4 0 -1.817842197E-19
469.6 0 -2.324693761E-19
469.8 0 -9.092566553E-20
470 0 -3.186232183E-19
470.2 0 -1.889769792E-20
470.4 0 1.430559182E-19
470.6 0 -6.826610208E-20
470.8 0 -6.305893005E-20
471 0 -1.117240455E-19
471.2 0 -8.079308059E-20
471.4 0 -2.570397526E-19
471.6 0 -1.723835407E-19
471.8 0 3.73748389E-20
472 0 5.277940756E-19
472.2 0 4.090330361E-20
472.4 0 -4.470732513E-19
472.6 0 -9.465821201E-20
472.8 0 -1.412979572E-19
473 0 -2.823446146E-19
473.2 0 -8.542690268E-20
473.4 0 -2.572454241E-19
473.6 0 5.316096635E-20
473.8 0 4.6321841E-19
474 0 2.261647595E-19
474.2 0 3.823420083E-19
474.4 0 3.17354777E-19
474.6 0 -1.842133877E-19
474.8 0 -9.688256029E-20
475 0 3.338505412E-21
475.2 0 -2.881026813E-20
475.4 0 -1.087344859E-19
475.6 0 -5.488016206E-20
475.8 0 -2.155014977E-19
476 0 -2.170816467E-19
476.2 0 1.493975837E-19
476.4 0 -2.149076277E-19
476.6 0 -3.02600899E-19
476.8 0 2.44364386E-19
477 0 -3.549529466E-19
477.2 0 -3.273841054E-19
477.4 0 -7.79050219E-20
477.6 0 -4.308449209E-19
477.8 0 -3.573396985E-19
478 0 -3.22604751E-19
478.2 0 -1.308011017E-19
478.4 0 5.255689587E-20
478.6 0 1.495569406E-19
478.8 0 -1.379766454E-19
479 0 -1.967320473E-19
479.2 0 -1.547677403E-19
479.4 0 -1.674193137E-19
479.6 0 -3.699075383E-19
479.8 0 -1.573925868E-19
480 0 2.87117666E-19
480.2 0 4.079147785E-19
480.4 0 3.105669223E-19
480.6 0 -6.695276977E-20
480.8 0 -2.477381368E-19
481 0 -1.047726277E-19
481.2 0 -4.631471266E-19
481.4 0 4.257766033E-19
481.6 0 2.672646712E-19
481.8 0 -5.541845593E-19
482 0 1.535607334E-19
482.2 0 -1.697206299E-19
482.4 0 3.994367799E-19
482.6 0 4.917430369E-19
482.8 0 1.779500755E-19
483 0 4.226739355E-19
483.2 0 -2.124370934E-19
483.4 0 -4.143771916E-19
483.6 0 -6.504089466E-21
483.8 0 -1.325062968E-19
484 0 1.946337728E-19
484.2 0 8.134653349E-20
484.4 0 2.48505815E-19
484.6 0 2.390716453E-19
484.8 0 -1.501906678E-19
485 0 -1.735238114E-19
485.2 0 2.728150702E-19
485.4 0 -2.49496639E-19
485.6 0 2.340864677E-19
485.8 0 2.851844556E-19
486 0 8.395297691E-19
486.2 0 2.433136471E-20
486.4 0 1.771132206E-19
486.6 0 1.349758687E-18
486.8 0 6.247920387E-19
487 0 -7.758549973E-20
487.2 0 1.985437921E-19
487.4 0 6.81164865E-19
487.6 0 1.209545864E-18
487.8 0 6.124906167E-19
488 0 3.347207571E-19
488.2 0 6.702711508E-20
488.4 0 7.450925658E-19
488.6 0 4.714959632E-19
488.8 0 -2.202637204E-19
489 0 2.377860969E-19
489.2 0 5.364835583E-19
489.4 0 6.969102907E-19
489.6 0 8.052292271E-19
489.8 0 9.311343814E-19
490 0 1.365683453E-18
490.2 0 7.427564653E-19
490.4 0 7.102208252E-19
490.6 0 1.477075494E-18
490.8 0 5.615183613E-19
491 0 6.427641498E-19
491.2 0 8.673125253E-19
491.4 0 1.15387033E-18
491.6 0 8.831442794E-19
491.8 0 -3.751077489E-19
492 0 1.271397453E-18
492.2 0 1.215953636E-18
492.4 0 -2.015192197E-19
492.6 0 9.771028139E-19
492.8 0 -4.695793429E-19
493 0 8.152808438E-19
493.2 0 7.525266271E-19
493.4 0 9.666710654E-19
493.6 0 5.943451084E-19
493.8 0 6.18071561E-19
494 0 1.507436993E-18
494.2 0 1.719485338E-18
494.4 0 1.294919012E-18
494.6 0 2.977858674E-20
494.8 0 8.324867919E-19
495 0 -4.922563067E-20
495.2 0 1.776683337E-19
495.4 0 2.313114467E-18
495.6 0 2.329219541E-19
495.8 0 3.180535241E-18
496 0 9.601870602E-19
496.2 0 9.017748999E-19
496.4 0 -2.240113682E-18
496.6 0 -1.202332215E-18
496.8 0 6.341818455E-19
497 0 -2.475744528E-18
497.2 0 -1.978436783E-19
497.4 0 -1.002181598E-19
497.6 0 -2.033242226E-18
497.8 0 -2.071257213E-18
498 0 1.404294433E-19
498.2 0 -2.279891733E-18
498.4 0 1.086839811E-18
498.6 0 -9.455001014E-19
498.8 0 -1.839240088E-18
499 0 -1.098642154E-18
499.2 0 -6.150184569E-18
499.4 0 -5.406452054E-19
499.6 0 3.991044801E-18
499.8 0 -3.955543462E-18
500 0 1.872867844E-18
