0 0.007350184926 -7.80937625E-05
0.2 0.00645 0.001484375
0.4 0.006058673469 0.000406412565
0.6 0.005779623699 0.0004222127702
0.8 0.005475320384 0.0002737660192
1 0.005208333333 0.0001565004006
1.2 0.004956788577 0.0002739854709
1.4 0.004723837209 0.0002819266239
1.6 0.004509501604 0.0001566887284
1.8 0.004276183788 0.0001802643459
2 0.004067768968 2.352217985E-05
2.2 0.00390938755 -9.412650602E-05
2.4 0.003703796706 5.492918843E-05
2.6 0.003516881029 0.000117752713
2.8 0.003348663048 0.0001806267591
3 0.00318973753 0.0001806994167
3.2 0.003036971831 0.0001178948692
3.4 0.002899808776 5.503975443E-05
3.6 0.002768828031 -2.676371061E-20
3.8 0.002640889404 1.642114282E-20
4 0.00252544337 -1.574465941E-05
4.2 0.002431955645 -3.150201613E-05
4.4 0.002341543969 -5.515076644E-05
4.6 0.002235295601 7.881860371E-06
4.8 0.002138423496 4.731025434E-05
5 0.002050939015 -3.944113489E-05
5.2 0.00196969697 -3.945707071E-05
5.4 0.001885231407 -2.664490383E-20
5.6 0.001800697533 -5.528457339E-05
5.8 0.001744538835 -7.11089199E-05
6 0.001675687981 3.952094294E-05
6.2 0.001613107287 0.0001502403846
6.4 0.001547311665 3.164236533E-05
6.6 0.001494124797 -5.539657618E-05
6.8 0.001447228415 1.583400892E-05
7 0.001393957826 2.81382559E-21
7.2 0.001331135903 6.338742394E-05
7.4 0.001274604302 1.585328734E-05
7.6 0.001230714576 -8.722848153E-05
7.8 0.001186789196 -6.346466288E-05
8 0.001133304551 -0.0001507898212
8.2 0.001092479675 -0.0001190929878
8.4 0.001045267385 -6.354209028E-05
8.6 0.001004373474 -3.178397071E-05
8.8 0.0009602665853 -2.38476801E-05
9 0.0009224857492 -8.747709691E-05
9.2 0.0008751272912 -5.568991853E-05
9.4 0.0008404645477 -3.97947229E-05
9.6 0.0008089584183 -0.0001194328373
9.8 0.0007774265905 -0.0001832050367
10 0.0007490565075 -9.562423501E-05
10.2 0.0007206632653 -7.174744898E-05
10.4 0.0007081972234 -7.975193957E-05
10.6 0.000670189951 -3.989225899E-05
10.8 0.000641729669 -7.981712301E-06
11 0.0006196340965 7.98497547E-06
11.2 0.0005911298569 5.186541341E-22
11.4 0.0005657988953 2.397452946E-05
11.6 0.0005468430209 3.197912403E-05
11.8 0.0005214731777 -1.036825618E-20
12 0.0004960825481 2.400399426E-05
12.2 0.0004866803279 7.20414959E-05
12.4 0.0004644577696 0.0001361341738
12.6 0.0004326035685 0.0001682347211
12.8 0.0004135463685 0.0001362458966
13 0.0003944735222 7.215979064E-05
13.2 0.0003785934292 1.604209446E-05
13.4 0.0003659100247 7.221908381E-05
13.6 0.0003467940814 6.422112618E-05
13.8 0.0003244500411 1.606188322E-05
14 0.0003085150144 -1.606849033E-05
14.2 0.0002893518519 -3.215020576E-05
14.4 0.000276605599 3.216344175E-05
14.6 0.0002670665157 7.239754942E-05
14.8 0.0002478625876 8.047486609E-06
15 0.0002350834707 -2.415241138E-05
15.2 0.0002287371134 -2.413131167E-20
15.4 0.0002127165842 8.05744637E-06
15.6 0.0002031314486 -1.612154354E-05
15.8 0.0001903127581 -0.0001128973988
16 0.0001742565056 -0.0001452137546
16.2 0.000164643595 -8.070764463E-05
16.4 0.0001647116577 -5.651870608E-05
16.6 0.0001583178246 -0.0001211616005
16.8 0.0001486863881 -0.0001454540753
17 0.0001487479305 -5.658888659E-05
17.2 0.0001326345756 -1.617494824E-05
17.4 0.00012621686 -5.663577051E-05
17.6 0.0001230314961 -6.475341898E-05
17.8 0.0001133654643 -4.8585199E-05
18 0.0001004510577 -0.0001458160514
18.2 9.076763485E-05 -0.0001863978216
18.4 7.783312578E-05 -6.486093815E-05
18.6 6.813226744E-05 -4.05549211E-05
18.8 5.842334857E-05 -4.057176984E-05
19 5.195344971E-05 -1.623545303E-05
19.2 5.197505198E-05 8.121101871E-05
19.4 4.87468802E-05 7.31203203E-05
19.6 4.551602164E-05 -4.876716604E-05
19.8 4.553497086E-05 -1.626248959E-05
20 4.23000833E-05 1.626926281E-05
20.2 3.90625E-05 -8.138020833E-05
20.4 3.907878283E-05 -0.0001139797832
20.6 3.909507923E-05 -6.515846539E-05
20.8 3.58521068E-05 -8.148206091E-06
21 3.586707012E-05 -1.630321369E-05
21.2 3.588204593E-05 -0.0001141701461
21.4 3.589703425E-05 -7.342575188E-05
21.6 3.59120351E-05 2.448547848E-05
21.8 3.592704849E-05 1.633047659E-05
22 3.267461313E-05 8.168653283E-06
22.2 2.941945607E-05 -4.086035565E-05
22.4 3.270196735E-05 -0.0001144568857
22.6 3.598722781E-05 -6.543132328E-05
22.8 3.600230415E-05 -4.091170926E-05
23 3.274308466E-05 -5.730039816E-05
23.2 3.275681342E-05 -1.637840671E-05
23.4 2.949349832E-05 2.254130901E-20
23.6 2.950587495E-05 -6.556861099E-05
23.8 2.951826196E-05 -4.919710327E-05
24 2.953065939E-05 -1.640592188E-05
24.2 3.610819328E-05 -6.56512605E-05
24.4 3.9407314E-05 -8.209857083E-05
24.6 3.942388562E-05 -3.285323802E-05
24.8 4.272717711E-05 -4.108382415E-05
25 4.274515993E-05 -4.110111532E-05
25.2 4.276315789E-05 -8.223684211E-06
25.4 3.949031171E-05 -3.290859309E-05
25.6 4.279919933E-05 -1.646123051E-05
25.8 3.952360877E-05 -2.470225548E-05
26 4.283530156E-05 -4.118778996E-05
26.2 4.614978903E-05 -4.944620253E-05
26.4 4.946707472E-05 -0.0001071786619
26.6 4.618876689E-05 -0.0001319679054
26.8 5.280946346E-05 -8.251478665E-05
27 4.952979713E-05 -1.650993238E-05
27.2 4.624735729E-05 8.25845666E-06
27.4 4.296214044E-05 -5.269805476E-20
27.6 3.636796445E-05 1.653089293E-05
27.8 3.307578323E-05 -2.480683743E-05
28 2.978081321E-05 -6.617958492E-05
28.2 2.648305085E-05 -4.965572034E-05
28.4 2.649427724E-05 -2.483838491E-05
28.6 2.650551315E-05 -2.484891858E-05
28.8 2.320216377E-05 -4.14324353E-05
29 1.989601019E-05 -9.948005093E-05
29.2 2.653927813E-05 -0.0001161093418
29.4 2.323173322E-05 -9.956457094E-05
29.6 2.324160646E-05 -9.960688483E-05
29.8 1.328656463E-05 -0.0001079533376
30 1.993832412E-05 -7.476871544E-05
30.2 2.32712766E-05 -1.098353033E-20
30.4 2.328118348E-05 -5.820295871E-05
30.6 2.994569847E-05 -4.990949744E-05
30.8 3.661589263E-05 -1.664358756E-05
31 4.329177323E-05 -4.162670503E-05
31.2 4.664179104E-05 -2.498667377E-05
31.4 4.999466724E-05 -4.16622227E-05
31.6 5.001600512E-05 -3.334400341E-05
31.8 5.003736123E-05 -8.339560205E-06
32 4.672148654E-05 -8.343122597E-06
32.2 5.008012821E-05 2.211354771E-20
32.4 4.676143651E-05 8.35025652E-06
32.6 4.34399059E-05 7.518445252E-05
32.8 4.34584938E-05 0.0001002888318
33 4.34770976E-05 5.852686216E-05
33.2 5.018736617E-05 5.855192719E-05
33.4 5.355612682E-05 1.673628963E-05
33.6 4.688169739E-05 -1.674346335E-05
33.8 4.020154374E-05 5.025192967E-05
34 3.016409266E-05 1.675782926E-05
34.2 2.347103004E-05 8.38251073E-06
34.4 1.677221984E-05 5.031665951E-05
34.6 1.342353952E-05 -8.389712199E-06
34.8 6.714654061E-06 -3.357327031E-05
35 3.358770421E-06 -3.358770421E-05
35.2 3.360215054E-06 -4.200268817E-05
35.4 3.361660929E-06 -1.680830465E-05
35.6 3.36310805E-06 3.36310805E-05
35.8 3.364556417E-06 -8.411391042E-06
36 0 -4.20750754E-05
36.2 3.367456897E-06 1.374403935E-20
36.4 0 1.126928123E-20
36.6 0 -1.685181191E-05
36.8 3.371817005E-06 -1.845780603E-20
37 3.373272884E-06 8.433182211E-06
37.2 3.374730022E-06 -8.436825054E-06
37.4 3.376188418E-06 -6.31919587E-21
37.6 3.377648076E-06 4.222060095E-05
37.8 3.379108997E-06 2.534331747E-05
38 3.380571181E-06 8.451427953E-06
38.2 3.382034632E-06 -8.45508658E-06
38.4 3.38349935E-06 -1.691749675E-05
38.6 3.384965338E-06 -3.833227785E-21
38.8 3.386432596E-06 -8.722493421E-21
39 3.387901127E-06 3.387901127E-05
39.2 3.389370933E-06 5.084056399E-05
39.4 0 3.390842014E-05
39.6 0 3.392314373E-05
39.8 0 4.242235013E-05
40 0 8.488157323E-06
40.2 0 8.491847826E-06
40.4 0 -8.49554154E-06
40.6 3.399695387E-06 -8.499238468E-06
40.8 3.401175446E-06 8.502938616E-06
41 6.805313589E-06 -8.506641986E-06
41.2 1.02124183E-05 -1.702069717E-05
41.4 1.702811683E-05 -1.702811683E-05
41.6 2.384976014E-05 -3.407108591E-05
41.8 3.067735602E-05 -2.556446335E-05
42 3.06907464E-05 -2.684160387E-20
42.2 3.752729258E-05 -8.528930131E-06
42.4 3.75436872E-05 -8.955509356E-21
42.6 4.097465035E-05 -1.707277098E-05
42.8 4.44086139E-05 -3.416047223E-05
43 4.78455818E-05 -8.543853893E-06
43.2 5.128555799E-05 -3.419037199E-05
43.4 5.472854641E-05 -5.130801226E-05
43.6 5.817455103E-05 -1.711016207E-05
43.8 6.162357581E-05 -2.567648992E-05
44 6.165059185E-05 -3.42503288E-05
44.2 6.167763158E-05 -4.28316886E-05
44.4 6.513273366E-05 -4.285048267E-05
44.6 6.516132572E-05 -1.71477173E-05
44.8 5.832784365E-05 -1.715524813E-05
45 5.8353471E-05 -5.148835677E-05
45.2 5.494505495E-05 -3.434065934E-05
45.4 5.840479332E-05 -8.588940193E-06
45.6 5.499340079E-05 -3.437087549E-05
45.8 5.157900528E-05 -1.719300176E-05
46 4.816160282E-05 -1.720057244E-05
46.2 4.474118943E-05 -3.441629956E-05
46.4 4.131776113E-05 -4.303933451E-05
46.6 3.789131393E-05 -1.722332451E-05
46.8 3.790802823E-05 -7.197775508E-21
47 3.447705207E-05 -8.619263019E-06
47.2 3.449227373E-05 3.449227373E-05
47.4 3.450750883E-05 8.626877208E-06
47.6 3.797503314E-05 -1.72613787E-05
47.8 3.79918214E-05 2.590351459E-05
48 4.1463954E-05 2.591497125E-05
48.2 4.493915929E-05 1.728429204E-05
48.4 4.841744135E-05 2.593791501E-05
48.6 4.843888397E-05 -1.729960142E-05
48.8 4.846034559E-05 1.730726628E-05
49 4.848182624E-05 6.925975177E-05
49.2 4.850332594E-05 -5.989668001E-21
49.4 4.852484472E-05 -1.733030169E-05
49.6 4.85463826E-05 8.668996893E-06
49.8 5.203707815E-05 -6.503035739E-21
50 4.858951577E-05 8.676699245E-06
50.2 4.513888889E-05 2.604166667E-05
50.4 4.515895954E-05 1.736883059E-05
50.6 4.170373665E-05 1.737655694E-05
50.8 3.824543836E-05 3.476858033E-05
51 3.13056545E-05 7.826413624E-05
51.2 2.783964365E-05 7.829899777E-05
51.4 2.088903743E-05 -8.703765597E-06
51.6 1.741529202E-05 -5.224587606E-05
51.8 1.045383586E-05 -5.22691793E-05
52 1.394466756E-05 -1.743083445E-05
52.2 1.395089286E-05 2.615792411E-05
52.4 1.395712372E-05 4.361601161E-05
52.6 1.396336014E-05 2.618130027E-05
52.8 2.095440322E-05 -1.746200268E-05
53 2.795169946E-05 -4.367453041E-05
53.2 3.145973154E-05 -3.495525727E-05
53.4 3.147381379E-05 -1.74854521E-05
53.6 3.498656516E-05 -1.749328258E-05
53.8 3.500224014E-05 -1.750112007E-05
54 3.501792918E-05 -3.501792918E-05
54.2 3.853699552E-05 -3.503363229E-05
54.4 4.205921938E-05 -1.752467474E-05
54.6 4.558460503E-05 -8.766270197E-06
54.8 4.911315671E-05 -2.631061967E-05
55 5.264487871E-05 -6.141902516E-05
55.2 5.617977528E-05 -3.511235955E-05
55.4 5.971785072E-05 -1.756407374E-05
55.6 6.325910931E-05 -2.635796221E-05
55.8 6.680355536E-05 -5.273964896E-05
56 7.035119316E-05 -6.155729401E-05
56.2 7.038288288E-05 -8.79786036E-06
56.4 7.041460117E-05 1.446625923E-20
56.6 7.044634806E-05 -1.761158702E-05
56.8 7.047812359E-05 -1.76195309E-05
57 7.403542419E-05 -2.644122292E-05
57.2 7.759593679E-05 -2.645316027E-05
57.4 7.763098464E-05 -8.8217028E-06
57.6 7.766606417E-05 8.82568911E-06
57.8 7.770117541E-05 8.829679024E-06
58 7.773631841E-05 -8.833672546E-06
58.2 7.777149321E-05 -5.578579993E-22
58.4 7.427003169E-05 -2.007719986E-20
58.6 7.076539855E-05 -3.538269928E-05
58.8 7.079746262E-05 -6.194777979E-05
59 6.728807797E-05 -6.197586129E-05
59.2 6.37755102E-05 -4.428854875E-05
59.4 6.025975499E-05 -3.54469147E-05
59.6 5.674080799E-05 -4.432875624E-05
59.8 5.321866485E-05 -4.434888738E-05
60 4.969332122E-05 -5.017191273E-22
60.2 4.616477273E-05 8.877840909E-06
60.4 4.263301501E-05 -3.552751251E-05
60.6 3.909804368E-05 -2.665775705E-05
60.8 3.555985435E-05 -2.666989076E-05
61 3.201844262E-05 -5.336407104E-05
61.2 2.491457859E-05 -3.559225513E-05
61.4 1.780423883E-05 1.780423883E-05
61.6 1.4249886E-05 2.671853625E-05
61.8 1.069229015E-05 -8.073069439E-22
62 1.069717024E-05 1.782861707E-05
62.2 1.070205479E-05 2.675513699E-05
62.4 1.070694381E-05 1.784490635E-05
62.6 1.428244973E-05 2.677959324E-05
62.8 1.428898034E-05 2.679183813E-05
63 1.429551693E-05 1.786939616E-05
63.2 1.43020595E-05 1.787757437E-05
63.4 1.430860806E-05 2.682864011E-05
63.6 1.431516262E-05 2.684092991E-05
63.8 1.432172319E-05 8.951076994E-06
64 1.432828978E-05 1.791036222E-05
64.2 1.433486239E-05 2.687786697E-05
64.4 1.075608077E-05 1.470976727E-20
64.6 7.174012856E-06 -4.483758035E-05
64.8 7.177308222E-06 -5.382981167E-05
65 7.180606618E-06 -3.590303309E-05
65.2 7.183908046E-06 8.979885057E-06
65.4 7.187212511E-06 1.044941599E-21
65.6 7.190520018E-06 -3.595260009E-05
65.8 7.193830571E-06 -6.834763312E-21
66 7.197144173E-06 1.589460863E-20
66.2 7.200460829E-06 -2.700172811E-05
66.4 7.203780544E-06 -2.701417704E-05
66.6 3.603551661E-06 9.008879151E-06
66.8 0 9.115637424E-21
67 0 -1.80343952E-05
67.2 0 -1.963091984E-20
67.4 0 2.011218214E-21
67.6 0 9.029704115E-06
67.8 0 9.033880666E-06
68 0 -9.038061083E-06
68.2 3.616898148E-06 -1.808449074E-05
68.4 7.237146827E-06 4.557206163E-21
68.6 1.08607507E-05 9.050625579E-06
68.8 1.086578581E-05 -1.551091275E-20
69 7.247217069E-06 9.059021336E-06
69.2 1.087587007E-05 1.812645012E-05
69.4 1.450789229E-05 -1.813486537E-05
69.6 2.177194612E-05 -1.814328843E-05
69.8 2.541240706E-05 1.815171933E-05
70 2.542422129E-05 9.080079033E-06
70.2 2.906976744E-05 -9.084302326E-06
70.4 3.271870638E-05 9.088529549E-06
70.6 3.637104283E-05 2.727828212E-05
70.8 4.002678156E-05 2.729098742E-05
71 4.368592731E-05 5.460740913E-05
71.2 4.370629371E-05 3.642191142E-05
71.4 4.737056903E-05 3.643889925E-05
71.6 5.103826412E-05 9.113975735E-06
71.8 5.8356676E-05 -1.823646125E-05
72 6.203292854E-05 3.648995796E-05
72.2 6.206191589E-05 3.650700935E-05
72.4 6.574333801E-05 9.131019168E-06
72.6 6.577408793E-05 2.740586997E-05
72.8 6.580486664E-05 4.569782405E-05
73 6.949321161E-05 -3.280344865E-21
73.2 6.952576112E-05 -1.829625293E-05
73.4 6.955834114E-05 9.152413308E-06
73.6 6.226558837E-05 1.831340835E-05
73.8 5.8630394E-05 -9.160999062E-06
74 6.232402628E-05 -9.165297982E-06
74.2 5.868544601E-05 -2.750880282E-05
74.4 5.504344763E-05 -2.752172381E-05
74.6 5.506931391E-05 2.753465695E-05
74.8 5.509520451E-05 2.754760226E-05
75 5.512111947E-05 -2.19047416E-20
75.2 5.514705882E-05 3.244687685E-21
75.4 5.149482109E-05 9.195503766E-06
75.6 4.783914272E-05 9.199835139E-06
75.8 4.418001885E-05 7.41773604E-21
76 4.05174446E-05 -4.604255068E-05
76.2 4.05365566E-05 -9.212853774E-06
76.4 3.686880604E-05 3.686880604E-05
76.6 3.688621341E-05 -1.314967299E-20
76.8 3.32132735E-05 -1.845181861E-05
77 2.9536862E-05 9.230269376E-06
77.2 2.5856974E-05 3.693853428E-05
77.4 2.217360454E-05 2.771700568E-05
77.6 2.218409844E-05 2.773012305E-05
77.8 2.219460227E-05 2.774325284E-05
78 1.850426338E-05 2.775639507E-05
78.2 2.221563981E-05 3.702606635E-05
78.4 2.59305358E-05 5.556543385E-05
78.6 2.964895636E-05 4.632649431E-05
78.8 2.9663028E-05 9.269696251E-06
79 2.967711301E-05 -9.274097816E-06
79.2 3.340261283E-05 9.278503563E-06
79.4 3.713165399E-05 1.8565827E-05
79.6 4.086424156E-05 8.206764141E-21
79.8 4.088368221E-05 -1.858349191E-05
80 4.462160876E-05 -3.718467396E-05
80.2 4.092261905E-05 -4.650297619E-05
80.4 4.466412577E-05 -5.583015722E-05
80.6 4.468541468E-05 7.792857524E-21
80.8 4.470672389E-05 9.313900811E-06
81 5.218272901E-05 -2.79550334E-05
81.2 4.847852029E-05 -1.864558473E-05
81.4 4.850167144E-05 1.865448902E-05
81.6 4.852484472E-05 1.866340182E-05
81.8 4.854804015E-05 1.708612211E-20
82 4.857125777E-05 9.340626495E-06
82.2 4.859449761E-05 -9.345095694E-06
82.4 4.861775969E-05 -8.126782334E-21
82.6 4.864104406E-05 1.870809387E-05
82.8 4.866435074E-05 1.871705798E-05
83 4.868767977E-05 -9.36301534E-06
83.2 4.871103118E-05 -1.679368895E-20
83.4 4.123680422E-05 7.497600768E-05
83.6 3.750600096E-05 4.68825012E-05
83.8 3.377161383E-05 -3.752401537E-05
84 3.003363767E-05 -9.385511773E-06
84.2 2.253605769E-05 1.878004808E-05
84.4 2.254689755E-05 -9.394540645E-06
84.6 1.87981232E-05 -3.759624639E-05
84.8 1.504573905E-05 -6.582510833E-05
85 1.128973988E-05 -1.881623314E-05
85.2 7.530120482E-06 -1.119032396E-20
85.4 7.533751205E-06 -2.825156702E-05
85.6 7.537385432E-06 9.42173179E-06
85.8 7.541023166E-06 -9.426278958E-06
86 7.544664413E-06 -3.772332207E-05
86.2 7.548309179E-06 -9.435386473E-06
86.4 3.775978734E-06 -1.887989367E-05
86.6 0 -1.888902321E-05
86.8 0 9.449080793E-06
87 0 -9.453654405E-06
87.2 0 -3.783292978E-05
87.4 0 -1.892562984E-05
87.6 0 -1.893480368E-05
87.8 0 -4.735996605E-05
88 0 -4.738294517E-05
88.2 0 3.613451717E-21
88.4 0 -9.485794075E-06
88.6 3.796161322E-06 -4.745201652E-05
88.8 3.798006806E-06 -2.848505105E-05
89 0 -3.799854086E-05
89.2 3.801703163E-06 -3.801703163E-05
89.4 3.803554041E-06 -2.852665531E-05
89.6 0 -1.902703361E-05
89.8 0 -1.903630604E-05
90 0 -9.522793759E-06
90.2 0 1.905487805E-05
90.4 0 3.81283553E-05
90.6 0 3.814697266E-05
90.8 0 2.862420616E-05
91 0 2.863819648E-05
91.2 0 9.550733496E-06
91.4 0 -4.092718262E-22
91.6 3.824033284E-06 9.560083211E-06
91.8 3.825905975E-06 -1.912952987E-05
92 0 -2.870835375E-05
92.2 3.829656863E-06 -1.914828431E-05
92.4 7.663070132E-06 -2.8736513E-05
92.6 3.833415113E-06 -2.875061335E-05
92.8 3.835297005E-06 -9.588242514E-06
93 3.837180747E-06 1.918590373E-05
93.2 3.839066339E-06 -9.597665848E-06
93.4 0 -1.920476893E-05
93.6 0 4.803553861E-05
93.8 0 5.767101378E-05
94 0 3.846627277E-05
94.2 0 2.886391626E-05
94.4 0 2.887814194E-05
94.6 0 6.74155572E-05
94.8 0 8.671990627E-05
95 0 7.712240869E-05
95.2 0 5.787037037E-05
95.4 3.85993083E-06 5.789896245E-05
95.6 7.723677706E-06 7.723677706E-05
95.8 1.159124629E-05 5.795623145E-05
96 1.546264226E-05 1.932830282E-05
96.2 1.933787129E-05 2.997837343E-20
96.4 2.708642893E-05 -9.673724616E-06
96.6 3.097125867E-05 -9.678518335E-06
96.8 3.485994051E-05 -1.936663361E-05
97 4.262772817E-05 -9.68812004E-06
97.2 5.040322581E-05 9.69292804E-06
97.4 6.206554121E-05 1.939548163E-05
97.6 6.985842027E-05 -9.702558371E-06
97.8 7.765904573E-05 -7.765904573E-05
98 8.546742914E-05 -4.856103928E-05
98.2 9.328358209E-05 -3.730512632E-21
98.4 0.0001011075162 1.944375311E-05
98.6 0.0001050485558 9.726718127E-06
98.8 0.0001167787743 -9.731564524E-06
99 0.0001246261216 9.736415753E-06
99.2 0.000128584788 -9.74127182E-06
99.4 0.0001325474052 -1.949226547E-05
99.6 0.000136513979 -3.900399401E-05
99.8 0.0001482892108 -9.755869131E-06
100 0.0001522676162 1.952148926E-05
100.2 0.00015625 -9.765625E-06
100.4 0.0001641445723 9.770510255E-06
100.6 0.000172047047 1.95508008E-05
100.8 0.0001799574362 9.780295443E-06
101 0.0001878757515 -2.048373469E-20
101.2 0.000195802005 -1.84317496E-20
101.4 0.0002037362086 3.918004012E-05
101.6 0.0002116783743 4.899962368E-05
101.8 0.0002196285141 3.921937751E-05
102 0.0002275866399 1.961953792E-05
102.2 0.0002355527638 9.814698492E-06
102.4 0.0002395990447 9.819632981E-06
102.6 0.0002436493964 -3.164287995E-21
102.8 0.0002477038249 1.06792264E-20
103 0.0002478285498 -1.966893253E-05
103.2 0.000255824937 -5.903652393E-05
103.4 0.0002598916331 -3.937752016E-05
103.6 0.0002600226929 9.849344428E-06
103.8 0.000260153885 9.854313824E-06
104 0.0002602852095 -9.859288238E-06
104.2 0.0002604166667 -9.864267677E-06
104.4 0.0002566005558 -1.780433094E-20
104.6 0.0002567302831 3.949696663E-05
104.8 0.0002489567527 1.975847243E-05
105 0.0002451290486 -3.953694332E-05
105.2 0.0002373417722 -3.955696203E-05
105.4 0.0002414197062 -3.957700101E-05
105.6 0.0002375823619 -4.861794062E-20
105.8 0.0002258176978 9.90428499E-06
106 0.0002219685439 -1.981861999E-05
106.2 0.0002181154822 -9.914340102E-06
106.4 0.0002142585069 1.983875063E-05
106.6 0.0002103976118 -7.811227715E-21
106.8 0.0002105045755 -3.971784443E-05
107 0.0002066378433 -1.98690234E-05
107.2 0.0001987913486 -4.317931937E-21
107.4 0.0001949147149 -9.94462831E-06
107.6 0.0001910341314 -3.979877738E-05
107.8 0.000183167686 -4.977382773E-05
108 0.0001752932177 -4.979920959E-05
108.2 0.0001674107143 -3.985969388E-05
108.4 0.0001595201633 9.970010209E-06
108.6 0.0001516215526 -2.605759643E-20
108.8 0.0001477069494 -1.996039857E-05
109 0.0001437883436 9.985301636E-06
109.2 0.0001278772379 -1.857033456E-20
109.4 0.0001199462641 -9.995522006E-06
109.6 0.0001120071685 1.000064004E-05
109.8 0.0001040599385 -1.516505248E-20
110 9.610456176E-05 2.00217837E-05
110.2 8.814102564E-05 3.004807692E-05
110.4 8.01693176E-05 -4.00846588E-05
110.6 7.218942505E-05 -3.00789271E-05
110.8 6.420133539E-05 1.003145865E-05
111 6.423432682E-05 -2.007322713E-05
111.2 6.426735219E-05 -5.020886889E-05
111.4 5.626286008E-05 -6.02816358E-05
111.6 5.227097272E-05 -6.031266083E-05
111.8 4.827497425E-05 -4.022914521E-05
112 4.427485832E-05 -4.02498712E-05
112.2 4.027061856E-05 -4.027061856E-05
112.4 4.029138731E-05 -5.036423414E-05
112.6 4.03121775E-05 -3.023413313E-05
112.8 3.629969024E-05 -1.221182723E-20
113 3.228305785E-05 -1.863328148E-20
113.2 3.22997416E-05 6.874314799E-21
113.4 2.827688728E-05 -2.019777663E-05
113.6 2.424987067E-05 -2.020822556E-05
113.8 2.02186853E-05 -1.010934265E-05
114 1.61833247E-05 -1.011457794E-05
114.2 1.214378238E-05 -4.636695075E-21
114.4 8.10005184E-06 1.01250648E-05
114.6 8.104253112E-06 1.013031639E-05
114.8 8.108458744E-06 2.027114686E-05
115 8.112668744E-06 -2.028167186E-05
115.2 4.058441558E-06 -1.01461039E-05
115.4 4.060550936E-06 3.045413202E-05
115.6 4.062662507E-06 -1.283821274E-20
115.8 4.064776275E-06 1.016194069E-05
116 4.066892244E-06 -1.016723061E-05
116.2 4.069010417E-06 -1.017252604E-05
116.4 4.071130797E-06 4.071130797E-05
116.6 4.073253389E-06 1.018313347E-05
116.8 4.075378195E-06 2.037689098E-05
117 4.077505219E-06 6.116257829E-05
117.2 4.079634465E-06 4.079634465E-05
117.4 4.081765935E-06 2.040882968E-05
117.6 4.083899634E-06 3.062924726E-05
117.8 0 1.021508891E-05
118 0 -3.066130298E-05
118.2 0 -1.022578534E-05
118.4 0 -2.046228392E-05
118.6 0 -3.070951258E-05
118.8 0 1.024187205E-05
119 0 2.049449108E-05
119.2 0 2.050524934E-05
119.4 0 2.051601891E-05
119.6 0 3.079019968E-05
119.8 0 4.107518402E-05
120 0 2.054839558E-05
120.2 0 -2.814982402E-20
120.4 0 1.028501843E-05
120.6 0 5.145218651E-05
120.8 0 7.207103321E-05
121 0 5.150646097E-05
121.2 0 3.09201847E-05
121.4 0 1.031217001E-05
121.6 0 1.165003431E-20
121.8 0 1.032307082E-05
122 0 3.098558964E-05
122.2 0 4.133597884E-05
122.4 4.13578613E-06 3.101839598E-05
122.6 8.27595339E-06 1.034494174E-05
122.8 8.280339163E-06 5.175211977E-05
123 4.142364793E-06 7.249138388E-05
123.2 8.289124668E-06 3.108421751E-05
123.4 2.073381104E-05 1.466242729E-21
123.6 2.904275093E-05 3.111723314E-05
123.8 2.490701382E-05 5.188961211E-05
124 2.907363105E-05 -5.950977809E-21
124.2 3.740026596E-05 -1.038896277E-05
124.4 4.1577967E-05 2.07889835E-05
124.6 4.16001065E-05 2.080005325E-05
124.8 3.746004262E-05 1.040556739E-05
125 3.331556503E-05 -1.969593812E-20
125.2 3.75E-05 1.041666667E-05
125.4 4.168890075E-05 2.084445037E-05
125.6 4.171115857E-05 -2.057886937E-20
125.8 5.425347222E-05 2.086672009E-05
126 5.845804383E-05 1.04389364E-05
126.2 5.848930481E-05 -2.088903743E-05
126.4 5.852059925E-05 2.142341658E-20
126.6 5.436964668E-05 1.045570128E-05
126.8 5.021424746E-05 1.252554052E-21
127 5.024115756E-05 -2.093381565E-05
127.2 5.445710456E-05 -1.047252011E-05
127.4 4.610380901E-05 2.095627682E-05
127.6 5.032206119E-05 2.707864607E-21
127.8 5.0349087E-05 3.166490691E-20
128 5.037614186E-05 2.596534046E-20
128.2 5.460349462E-05 2.100134409E-05
128.4 5.463286713E-05 3.151896181E-05
128.6 5.886706136E-05 2.102395048E-05
128.8 5.469170705E-05 4.949287108E-21
129 6.313981681E-05 -3.156990841E-05
129.2 5.896226415E-05 -3.158692722E-05
129.4 5.899406688E-05 -3.16039644E-05
129.6 5.902590394E-05 -3.162101997E-05
129.8 5.905777538E-05 -1.054603132E-05
130 5.908968125E-05 1.05517288E-05
130.2 5.912162162E-05 -4.222972973E-05
130.4 5.915359654E-05 -8.450513791E-05
130.6 5.918560606E-05 -5.284429113E-05
130.8 5.921765024E-05 -4.22983216E-05
131 5.924972914E-05 -2.116061755E-05
131.2 5.081300813E-05 6.154801032E-21
131.4 4.660385033E-05 -5.295892082E-05
131.6 4.23901248E-05 -3.17925936E-05
131.8 3.81718241E-05 3.180985342E-05
132 3.819255839E-05 1.363035451E-20
132.2 3.821331522E-05 -1.061480978E-05
132.4 3.823409462E-05 4.248232735E-05
132.6 3.825489663E-05 3.187908052E-05
132.8 3.827572128E-05 2.12642896E-05
133 4.255174292E-05 1.063793573E-05
133.2 4.683242507E-05 3.193119891E-05
133.4 4.685796074E-05 5.324768266E-05
133.6 5.114566285E-05 2.131069285E-05
133.8 5.117358079E-05 1.066116266E-05
134 5.546832332E-05 1.066698525E-05
134.2 5.12295082E-05 3.201844262E-05
134.4 5.125751777E-05 4.271459814E-05
134.6 5.128555799E-05 3.205347374E-05
134.8 5.558976464E-05 4.276135742E-05
135 4.706325301E-05 1.069619387E-05
135.2 4.70890411E-05 -3.210616438E-05
135.4 4.711485746E-05 -1.070792215E-05
135.6 4.714070214E-05 2.630821194E-20
135.8 4.287870472E-05 3.215902854E-05
136 3.861202636E-05 1.431654891E-20
136.2 3.434065934E-05 -2.146291209E-05
136.4 2.576965366E-05 -1.073735569E-05
136.6 2.578382838E-05 2.389320802E-20
136.8 2.149834893E-05 2.172144691E-21
137 1.720814978E-05 -4.302037445E-05
137.2 1.721763085E-05 -1.076101928E-05
137.4 1.722712238E-05 -1.076695149E-05
137.6 1.723662438E-05 -6.463734142E-05
137.8 1.293460265E-05 -5.38941777E-05
138 8.627829928E-06 -1.078478741E-05
138.2 4.316298343E-06 -3.237223757E-05
138.4 0 -5.398355445E-05
138.6 0 -6.481609513E-05
138.8 0 -7.566062535E-05
139 4.32585825E-06 -5.407322813E-05
139.2 4.328254848E-06 -3.246191136E-05
139.4 4.330654102E-06 -3.247990576E-05
139.6 4.333056018E-06 -2.166528009E-05
139.8 4.335460599E-06 -1.08386515E-05
140 4.337867851E-06 -5.422334814E-05
140.2 0 -5.425347222E-05
140.4 0 -2.171345192E-05
140.6 0 2.819337325E-20
140.8 0 2.173761825E-05
141 0 -2.17497216E-05
141.2 0 -5.44045961E-05
141.4 0 1.088698439E-05
141.6 0 7.625139431E-05
141.8 0 3.269740513E-05
142 0 -2.181044109E-05
142.2 0 3.820427429E-21
142.4 0 1.091741196E-05
142.6 0 4.369407159E-05
142.8 0 7.650741466E-05
143 0 2.187150056E-05
143.2 0 2.18837535E-05
143.4 0 6.568806054E-05
143.6 0 4.381660123E-05
143.8 0 5.480148709E-05
144 0 8.773161145E-05
144.2 0 5.48630618E-05
144.4 0 3.293634064E-05
144.6 0 4.393982002E-05
144.8 0 3.297341024E-05
145 0 4.39893018E-05
145.2 0 5.501760563E-05
145.4 0 3.302917136E-05
145.6 0 4.406373378E-05
145.8 0 2.204430023E-05
146 4.41134952E-06 -3.30851214E-05
146.2 4.413841808E-06 -2.206920904E-05
146.4 4.416336914E-06 -1.104084228E-05
146.6 8.837669683E-06 -2.209417421E-05
146.8 8.842671194E-06 -6.632003396E-05
147 1.327151755E-05 -5.529798981E-05
147.2 1.327903683E-05 -3.319759207E-05
147.4 1.77154195E-05 -5.536068594E-05
147.6 1.772546795E-05 -1.107841747E-05
147.8 1.773552781E-05 -1.108470488E-05
148 2.661839864E-05 -3.32729983E-05
148.2 2.663352273E-05 -3.329190341E-05
148.4 3.553155202E-05 -5.551805003E-05
148.6 3.110779295E-05 -9.998933447E-05
148.8 3.557199772E-05 -7.781374502E-05
149 3.559225513E-05 -5.561289863E-05
149.2 4.006410256E-05 -5.564458689E-05
149.4 4.008694413E-05 1.052832733E-20
149.6 4.010981175E-05 -3.342484313E-05
149.8 4.013270548E-05 -3.344392123E-05
150 4.015562536E-05 2.991123492E-21
150.2 4.017857143E-05 -5.580357143E-05
150.4 4.020154374E-05 -4.466838193E-05
150.6 3.575514874E-05 1.921440957E-21
150.8 3.577561534E-05 1.117987979E-05
151 3.579610538E-05 1.118628293E-05
151.2 3.581661891E-05 1.387839834E-20
151.4 3.583715596E-05 -1.119911124E-05
151.6 3.585771658E-05 -2.241107286E-05
151.8 4.03630884E-05 1.1211969E-05
152 3.589890867E-05 1.121840896E-05
152.2 3.591954023E-05 2.244971264E-05
152.4 3.594019551E-05 3.369393329E-05
152.6 4.045598389E-05 3.371331991E-05
152.8 3.598157743E-05 5.622121474E-05
153 3.150201613E-05 2.250144009E-05
153.2 2.701729107E-05 3.377161383E-05
153.4 2.252739331E-05 4.505478662E-05
153.6 1.803231391E-05 5.635098096E-05
153.8 1.353204388E-05 1.127670323E-05
154 1.353986135E-05 -3.384965338E-05
154.2 9.031791908E-06 7.7803394E-21
154.4 9.037015616E-06 3.388880856E-05
154.6 9.04224537E-06 2.260561343E-05
154.8 1.357122177E-05 -1.130935148E-05
155 1.810544612E-05 3.394771147E-05
155.2 2.264492754E-05 4.528985507E-05
155.4 2.718967517E-05 6.797418794E-05
155.6 2.72054556E-05 3.40068195E-05
155.8 3.175813008E-05 -5.671094657E-05
156 3.631609529E-05 -1.134877978E-05
156.2 4.087936047E-05 3.406613372E-05
156.4 4.090314136E-05 3.408595113E-05
156.6 4.092694994E-05 5.684298603E-05
156.8 4.095078626E-05 1.13752184E-05
157 4.097465035E-05 -4.552738928E-05
157.2 4.099854227E-05 -4.555393586E-05
157.4 4.102246208E-05 -2.279025671E-05
157.6 3.648569761E-05 2.2803561E-05
157.8 3.194363318E-05 1.140844042E-05
158 2.73962595E-05 -2.283021625E-05
158.2 2.284356725E-05 -1.142178363E-05
158.4 1.82855471E-05 3.428540082E-05
158.6 1.37221897E-05 3.287259615E-20
158.8 1.373022847E-05 -5.72092853E-05
159 9.158851114E-06 -3.434569168E-05
159.2 4.582111437E-06 9.1725786E-21
159.4 0 2.944086926E-20
159.6 0 -3.440619495E-05
159.8 4.590188014E-06 2.295094007E-05
160 4.592886537E-06 3.444664903E-05
160.2 4.595588235E-06 -6.893382353E-05
160.4 4.598293114E-06 -6.89743967E-05
160.6 4.601001178E-06 -4.601001178E-05
160.8 4.603712434E-06 -3.452784325E-05
161 4.606426887E-06 -3.454820165E-05
161.2 4.609144543E-06 -6.913716814E-05
161.4 4.611865407E-06 -5.764831759E-05
161.6 4.614589486E-06 -2.307294743E-05
161.8 4.617316785E-06 -2.308658392E-05
162 4.620047309E-06 -3.465035482E-05
162.2 4.622781065E-06 1.155695266E-05
162.4 4.625518058E-06 -4.625518058E-05
162.6 4.628258294E-06 -0.0001041358116
162.8 4.631001778E-06 -2.315500889E-05
163 4.633748517E-06 -2.316874259E-05
163.2 4.636498516E-06 -4.636498516E-05
163.4 4.639251781E-06 -1.159812945E-05
163.6 4.642008318E-06 -1.16050208E-05
163.8 4.644768133E-06 -3.4835761E-05
164 4.647531231E-06 -4.647531231E-05
164.2 4.650297619E-06 -5.812872024E-05
164.4 0 -2.326533651E-05
164.6 0 2.327920143E-05
164.8 0 2.329308289E-05
165 0 3.496047136E-05
165.2 0 2.332089552E-05
165.4 0 -1.166741338E-05
165.6 0 1.167438733E-05
165.8 0 3.504410885E-05
166 0 5.367398064E-21
166.2 0 -2.339071856E-05
166.4 0 1.170236669E-05
166.6 4.683752998E-06 3.512814748E-05
166.8 4.686562687E-06 2.343281344E-05
167 4.68937575E-06 -2.922422858E-20
167.2 4.692192192E-06 1.173048048E-05
167.4 0 2.34750601E-05
167.6 4.697835238E-06 1.174458809E-05
167.8 4.700661853E-06 2.350330927E-05
168 4.703491872E-06 3.527618904E-05
168.2 4.706325301E-06 1.176581325E-05
168.4 4.709162146E-06 -2.354581073E-05
168.6 4.712002413E-06 1.980506595E-20
168.8 4.714846107E-06 -1.178711527E-05
169 4.717693237E-06 -1.179423309E-05
169.2 4.720543807E-06 5.716639582E-21
169.4 4.723397823E-06 -4.723397823E-05
169.6 9.452510587E-06 -5.907819117E-05
169.8 9.458232446E-06 -3.546837167E-05
170 9.463961236E-06 -5.809466318E-21
170.2 9.46969697E-06 3.551136364E-05
170.4 9.47543966E-06 1.184429958E-05
170.6 9.48118932E-06 -5.925743325E-05
170.8 9.486945962E-06 -3.557604736E-05
171 4.7463548E-06 -1.1865887E-05
171.2 9.498480243E-06 -1.18731003E-05
171.4 4.752128954E-06 -3.564096715E-05
171.6 4.755021302E-06 -4.755021302E-05
171.8 4.757917174E-06 6.885225169E-21
172 4.760816575E-06 -2.380408288E-05
172.2 4.763719512E-06 -1.190929878E-05
172.4 4.766625991E-06 -1.191656498E-05
172.6 4.76953602E-06 1.192384005E-05
172.8 4.772449603E-06 5.965562004E-05
173 4.775366748E-06 3.581525061E-05
173.2 4.778287462E-06 1.194571865E-05
173.4 4.78121175E-06 -2.390605875E-05
173.6 4.78413962E-06 -3.588104715E-05
173.8 0 -5.721103761E-21
174 0 1.197501533E-05
174.2 0 1.198236196E-05
174.4 0 1.198971762E-05
174.6 0 2.399416462E-05
174.8 0 4.801782422E-05
175 0 2.402367774E-05
175.2 0 1.911173237E-20
175.4 0 3.607989532E-05
175.6 0 4.813616759E-05
175.8 0 -1.204146116E-05
176 0 -1.204888957E-05
176.2 0 2.411265432E-05
176.4 0 1.206377393E-05
176.6 0 -2.414245983E-05
176.8 0 -3.623608534E-05
177 0 1.208616955E-05
177.2 0 3.628095975E-05
177.4 0 2.420229244E-05
177.6 0 2.421729696E-05
177.8 0 3.634848015E-05
178 0 -1.275896739E-22
178.2 0 -4.852484472E-05
178.4 4.855500311E-06 -2.427750155E-05
178.6 4.8585199E-06 1.214629975E-05
178.8 4.861543248E-06 3.646157436E-05
179 4.864570361E-06 1.21614259E-05
179.2 4.867601246E-06 -2.433800623E-05
179.4 4.87063591E-06 -2.435317955E-05
179.6 4.873674361E-06 2.43683718E-05
179.8 4.876716604E-06 1.219179151E-05
180 4.879762648E-06 -2.439881324E-05
180.2 4.8828125E-06 9.136761998E-21
180.4 4.885866166E-06 -1.221466542E-05
180.6 4.888923655E-06 -1.222230914E-05
180.8 4.891984972E-06 1.222996243E-05
181 4.895050125E-06 -1.223762531E-05
181.2 4.898119122E-06 -4.898119122E-05
181.4 0 -2.450595985E-05
181.6 0 -4.904268675E-05
181.8 0 -4.907349246E-05
182 0 4.007080797E-20
182.2 0 -3.685141509E-05
182.4 0 -4.916614223E-05
182.6 0 -3.689782746E-05
182.8 0 -1.230702583E-05
183 0 1.231478562E-05
183.2 0 -1.232255521E-05
183.4 0 -1.23303346E-05
183.6 0 -1.233812382E-05
183.8 0 -1.234592288E-05
184 0 -2.470746363E-05
184.2 0 -4.944620253E-05
184.4 0 -3.710813806E-05
184.6 0 1.2377218E-05
184.8 0 1.238506658E-05
185 0 -2.478585025E-05
185.2 0 -1.240079365E-05
185.4 0 2.109953054E-20
185.6 0 -1.972750934E-21
185.8 0 6.867811034E-21
186 0 3.57851859E-20
186.2 0 5.173470776E-21
186.4 0 -8.897840129E-21
186.6 0 -2.491230867E-05
186.8 0 -3.739231015E-05
187 0 -2.494412516E-05
187.2 0 -1.248003195E-05
187.4 0 -1.248801151E-05
187.6 0 -1.249600128E-05
187.8 0 5.001600512E-05
188 0 3.753603459E-05
188.2 0 2.05177397E-20
188.4 0 1.252806286E-05
188.6 0 4.683841021E-20
188.8 0 1.254415543E-05
189 0 4.41853703E-21
189.2 0 -1.256028939E-05
189.4 0 2.513674389E-05
189.6 0 1.257646491E-05
189.8 5.03382732E-06 -1.25845683E-05
190 1.007414571E-05 -1.259268214E-05
190.2 1.512096774E-05 1.260080645E-05
190.4 2.0174306E-05 2.52178825E-05
190.6 2.523417313E-05 -3.01836081E-21
190.8 3.030058177E-05 1.26252424E-05
191 3.537354463E-05 1.26334088E-05
191.2 4.045307443E-05 -1.264158576E-05
191.4 4.553918394E-05 -3.794931995E-05
191.6 5.063188594E-05 -3.797391445E-05
191.8 5.573119326E-05 -1.266023881E-20
192 6.083711875E-05 1.267439974E-05
192.2 6.087662338E-05 -1.268262987E-05
192.4 6.599252762E-05 2.954495983E-20
192.6 6.603543563E-05 1.269912224E-05
192.8 7.116135329E-05 1.270738452E-05
193 7.629394531E-05 4.041847154E-20
193.2 8.65228013E-05 -2.544788274E-05
193.4 9.676499348E-05 4.749471085E-20
193.6 9.682811481E-05 2.548108284E-05
193.8 9.689131854E-05 2.978374454E-21
194 0.0001020574788 -1.546385334E-21
194.2 9.701797386E-05 1.276552288E-05
194.4 9.197187704E-05 2.448345565E-20
194.6 9.203206806E-05 1.872800593E-20
194.8 8.697609692E-05 2.558120498E-05
195 7.679390564E-05 2.559796855E-05
195.2 7.172131148E-05 1.280737705E-05
195.4 6.664206037E-05 2.563156168E-05
195.6 6.15561392E-05 2.564839133E-05
195.8 5.646353482E-05 -1.845419281E-20
196 5.650065746E-05 2.568211703E-05
196.2 5.139802632E-05 3.854851974E-05
196.4 5.143186307E-05 3.85738973E-05
196.6 4.631916996E-05 7.71986166E-05
196.8 4.119973632E-05 0.0001029993408
197 3.607354881E-05 6.441705145E-05
197.2 3.094059406E-05 3.867574257E-05
197.4 2.580085865E-05 9.030300528E-05
197.6 2.065432915E-05 7.74537343E-05
197.8 1.550099206E-05 1.291749339E-05
198 1.034083388E-05 -5.4588567E-21
198.2 5.17384106E-06 2.58692053E-05
198.4 0 -1.294317429E-05
198.6 0 5.049446737E-21
198.8 0 1.296035169E-05
199 0 -1.29689575E-05
199.2 0 -3.893272425E-05
199.4 0 -5.194481383E-05
199.6 0 -5.197937458E-05
199.8 0 -6.50174767E-05
200 5.204863424E-06 -5.204863424E-05
200.2 5.208333333E-06 -3.90625E-05
200.4 5.211807872E-06 -1.302951968E-05
200.6 5.215287049E-06 -1.303821762E-05
200.8 5.218770875E-06 -1.304692719E-05
201 0 2.611129679E-05
201.2 0 -1.225473725E-21
201.4 0 -2.614625167E-05
201.6 0 1.308188212E-05
201.8 0 -1.97360907E-20
202 0 -3.696874483E-20
202.2 0 2.621644295E-05
202.4 0 2.62340497E-05
202.6 0 3.937752016E-05
202.8 0 2.626933423E-05
203 0 2.628701211E-05
203.2 0 2.63047138E-05
203.4 0 3.948365903E-05
203.6 0 2.634018881E-05
203.8 0 1.317898111E-05
204 0 5.275151924E-05
204.2 0 3.959037162E-05
204.4 0 1.320571332E-05
204.6 0 -1.018325194E-19
204.8 0 1.322359513E-05
205 0 3.96976626E-05
205.2 0 1.324152542E-05
205.4 0 -2.650101764E-05
205.6 0 1.325950441E-05
205.8 0 2.653702446E-05
206 0 2.413187007E-20
206.2 0 1.123475807E-20
206.4 0 1.329560926E-05
206.6 0 2.660933243E-05
206.8 0 1.331373551E-05
207 0 1.332281719E-05
207.2 0 2.666382253E-05
207.4 0 1.252487638E-20
207.6 0 1.64134493E-20
207.8 0 2.671853625E-05
208 0 1.236326863E-20
208.2 0 2.399012191E-20
208.4 0 2.677347498E-05
208.6 0 1.339591907E-05
208.8 0 -1.340511325E-05
209 0 -1.341432005E-05
209.2 0 -1.342353952E-05
209.4 0 5.387350898E-21
209.6 0 -1.344201652E-05
209.8 0 -2.690254821E-05
210 5.384217781E-06 5.989904802E-21
210.2 5.387931034E-06 -2.693965517E-05
210.4 5.391649413E-06 -5.391649413E-05
210.6 5.395372928E-06 -4.046529696E-05
210.8 5.399101589E-06 -4.049326192E-05
211 5.402835408E-06 -1.350708852E-05
211.2 5.406574394E-06 -2.703287197E-05
211.4 5.41031856E-06 -4.05773892E-05
211.6 5.414067914E-06 2.44520628E-20
211.8 0 2.708911234E-05
212 5.421582235E-06 1.355395559E-05
212.2 5.425347222E-06 -1.356336806E-05
212.4 5.429117443E-06 -2.438745608E-20
212.6 5.432892907E-06 -1.358223227E-05
212.8 0 -5.436673626E-05
213 5.44045961E-06 -5.44045961E-05
213.2 5.444250871E-06 -5.444250871E-05
213.4 5.44804742E-06 -2.72402371E-05
213.6 5.451849267E-06 -1.362962317E-05
213.8 5.455656425E-06 -2.727828212E-05
214 5.459468903E-06 -1.364867226E-05
214.2 5.463286713E-06 1.365821678E-05
214.4 5.467109867E-06 5.467109867E-05
214.6 5.470938375E-06 1.563910697E-21
214.8 5.474772249E-06 -4.106079187E-05
215 5.478611501E-06 -1.369652875E-05
215.2 1.096491228E-05 1.514741588E-20
215.4 1.097261236E-05 1.371576545E-05
215.6 5.49016163E-06 -2.320613207E-20
215.8 1.098804501E-05 2.223570352E-20
216 1.649366643E-05 1.374472203E-05
216.2 1.650528169E-05 1.782444055E-20
216.4 1.651691332E-05 1.376409443E-05
216.6 1.10190409E-05 4.132140339E-05
216.8 1.102681722E-05 5.51340861E-05
217 5.51730226E-06 1.379325565E-05
217.2 5.521201413E-06 -2.760600707E-05
217.4 1.105021216E-05 2.370900918E-20
217.6 1.105803255E-05 2.764508139E-05
217.8 1.106586402E-05 1.383233003E-05
218 1.107370659E-05 -3.7802755E-20
218.2 1.108156028E-05 -3.107154092E-21
218.4 1.108942512E-05 -1.311475423E-20
218.6 1.109730114E-05 2.774325284E-05
218.8 5.552594172E-06 2.776297086E-05
219 0 -1.389135846E-05
219.2 0 1.803495757E-20
219.4 0 2.782229345E-05
219.6 0 1.392106201E-05
219.8 0 2.423727371E-20
220 0 2.18136216E-20
220.2 0 -1.422959333E-20
220.4 0 1.39608649E-05
220.6 0 2.794170243E-05
220.8 0 1.398085183E-05
221 0 1.396993204E-20
221.2 0 -1.400089606E-05
221.4 0 -2.802187948E-05
221.6 0 -1.402099785E-05
221.8 0 -1.40310704E-05
222 0 -2.808231488E-05
222.2 0 -1.405125899E-05
222.4 0 -2.361753373E-21
222.6 0 1.391429592E-20
222.8 0 3.414270413E-20
223 0 1.358840352E-20
223.2 0 9.58062733E-21
223.4 0 -2.805328112E-21
223.6 0 1.412237889E-05
223.8 0 1.413259768E-05
224 0 -1.414283128E-05
224.2 0 -1.415307971E-05
224.4 0 2.152857483E-20
224.6 0 1.417362119E-05
224.8 0 1.418391431E-05
225 0 -1.419422238E-05
225.2 0 1.681167815E-20
225.4 0 1.421488355E-05
225.6 0 1.422523671E-05
225.8 0 1.423560496E-05
226 0 1.424598833E-05
226.2 0 -8.280142028E-21
226.4 0 -2.853360117E-05
226.6 0 -1.427722953E-05
226.8 0 -2.857534748E-05
227 0 -4.289439971E-05
227.2 5.723443223E-06 -2.861721612E-05
227.4 5.727639296E-06 -1.431909824E-05
227.6 1.146368305E-05 1.432960382E-05
227.8 1.720814978E-05 -2.868024963E-05
228 1.722079353E-05 -2.870132256E-05
228.2 1.723345588E-05 3.286856335E-20
228.4 2.299484915E-05 2.692313051E-20
228.6 1.725883652E-05 1.438236377E-05
228.8 2.302873987E-05 1.968613022E-20
229 2.880715339E-05 7.004400793E-21
229.2 2.882841328E-05 -1.441420664E-05
229.4 3.461964549E-05 -4.327455687E-05
229.6 4.041943829E-05 -2.887102735E-05
229.8 3.467085799E-05 -1.182157169E-22
230 3.46965211E-05 1.281270616E-20
230.2 3.472222222E-05 1.446759259E-05
230.4 3.474796145E-05 -1.447831727E-05
230.6 2.897811573E-05 -2.897811573E-05
230.8 2.89996288E-05 -1.44998144E-05
231 2.321693908E-05 -2.902117385E-05
231.2 1.742565056E-05 -1.452137546E-05
231.4 1.743861607E-05 -1.453218006E-05
231.6 1.16344006E-05 -4.362900223E-05
231.8 1.746460507E-05 3.00279861E-20
232 1.165175242E-05 2.912938106E-05
232.2 1.749067164E-05 -2.91511194E-05
232.4 1.166915609E-05 -4.375933532E-05
232.6 1.167787743E-05 -8.758408072E-05
232.8 1.168661182E-05 -7.304132386E-05
233 2.339071856E-05 -4.385759731E-05
233.2 2.34082397E-05 -8.778089888E-05
233.4 2.928223388E-05 -4.392335082E-05
233.6 3.516504126E-05 1.465210053E-05
233.8 4.105668168E-05 2.93262012E-05
234 4.108752817E-05 1.467411721E-05
234.2 4.111842105E-05 -1.769585039E-20
234.4 3.527088036E-05 -4.022075581E-20
234.6 3.529743976E-05 -2.941453313E-05
234.8 4.121137905E-05 -1.265202116E-20
235 3.535067873E-05 4.418834842E-05
235.2 3.537735849E-05 -1.909405302E-21
235.4 4.720543807E-05 -1.47516994E-05
235.6 4.724111867E-05 2.952569917E-05
235.8 4.727685325E-05 -1.477401664E-05
236 4.731264194E-05 -1.478520061E-05
236.2 4.734848485E-05 2.959280303E-05
236.4 4.738438211E-05 -1.480761941E-05
236.6 4.742033384E-05 -2.963770865E-05
236.8 4.745634017E-05 -2.96602126E-05
237 4.155585106E-05 -1.484137538E-05
237.2 4.752851711E-05 1.48526616E-05
237.4 4.161910198E-05 -1.486396499E-05
237.6 3.570068545E-05 -1.97311898E-20
237.8 3.572789634E-05 2.977324695E-05
238 3.575514874E-05 -1.403002389E-20
238.2 3.578244275E-05 1.357110462E-20
238.4 3.580977846E-05 -1.000055187E-21
238.6 2.986429664E-05 -7.295977095E-21
238.8 2.390971691E-05 -1.494357307E-05
239 1.196401225E-05 -1.495501531E-05
239.2 5.986590038E-06 -1.49664751E-05
239.4 0 -1.497795245E-05
239.6 0 1.498944743E-05
239.8 0 -1.500096006E-05
240 0 -3.002498078E-05
240.2 0 -1.502403846E-05
240.4 0 1.503560431E-05
240.6 0 3.009437596E-05
240.8 0 -1.505878951E-05
241 0 1.258582096E-21
241.2 0 1.508204633E-05
241.4 0 -2.839720342E-20
241.6 0 2.5606846E-21
241.8 0 4.535119969E-05
242 0 3.025755229E-05
242.2 0 -1.514050388E-05
242.4 0 1.515224981E-05
242.6 0 4.549204193E-05
242.8 0 1.517579643E-05
243 0 -1.51875972E-05
243.2 0 -1.822891664E-20
243.4 0 2.909710968E-20
243.6 0 -3.476817813E-20
243.8 6.09399376E-06 -1.52349844E-05
244 6.098750976E-06 2.677945884E-20
244.2 6.103515625E-06 1.525878906E-05
244.4 6.108287725E-06 -1.527071931E-05
244.6 6.113067293E-06 -4.584800469E-05
244.8 0 -1.529463587E-05
245 6.122648903E-06 3.061324451E-05
245.2 6.12745098E-06 4.595588235E-05
245.4 6.132260597E-06 4.599195447E-05
245.6 0 -1.534269442E-05
245.8 0 -4.606426887E-05
246 6.146734854E-06 -1.536683714E-05
246.2 0 -1.537893701E-05
246.4 0 -1.539105595E-05
246.6 0 -2.321255629E-20
246.8 0 2.481548857E-21
247 0 -6.386900744E-21
247.2 0 1.543972332E-05
247.4 0 1.545193829E-05
247.6 0 -4.639251781E-05
247.8 6.190570523E-06 -3.095285261E-05
248 0 -1.548869944E-05
248.2 0 -1.303718454E-20
248.4 6.205321684E-06 1.551330421E-05
248.6 6.210254372E-06 -3.105127186E-05
248.8 6.215194909E-06 -1.473589238E-20
249 6.220143312E-06 -1.555035828E-05
249.2 1.24501992E-05 -3.112549801E-05
249.4 1.246012759E-05 1.557515949E-05
249.6 1.247007183E-05 3.117517957E-05
249.8 6.240015974E-06 1.560003994E-05
250 6.245003997E-06 1.561250999E-05
250.2 6.25E-06 3.125E-05
250.4 6.255004003E-06 5.620677497E-22
250.6 6.260016026E-06 -1.609220673E-20
250.8 6.265036087E-06 -3.313441324E-20
251 6.270064205E-06 -1.567516051E-05
251.2 6.275100402E-06 1.686057144E-21
251.4 6.280144695E-06 1.570036174E-05
251.6 6.285197104E-06 1.571299276E-05
251.8 6.290257649E-06 -1.572564412E-05
252 6.29532635E-06 -1.266738102E-20
252.2 6.300403226E-06 1.575100806E-05
252.4 6.305488297E-06 1.576372074E-05
252.6 6.310581583E-06 1.577645396E-05
252.8 6.315683104E-06 1.578920776E-05
253 6.32079288E-06 1.047960958E-20
253.2 6.325910931E-06 3.162955466E-05
253.4 0 1.582759319E-05
253.6 0 -1.584042985E-05
253.8 0 -8.824199916E-21
254 0 -1.586616572E-05
254.2 0 -4.863857858E-21
254.4 0 -3.0684006E-20
254.6 0 -3.178248205E-20
254.8 0 -1.591788916E-05
255 0 -3.186174551E-05
255.2 0 -3.773134638E-21
255.4 0 1.595690359E-05
255.6 0 -4.06040853E-21
255.8 0 -3.196603928E-05
256 0 -3.199221949E-05
256.2 0 1.531120792E-20
256.4 0 -1.602235439E-05
256.6 0 -1.603550903E-05
256.8 0 1.604868529E-05
257 0 3.212376645E-05
257.2 0 4.822530864E-05
257.4 0 4.826503295E-05
257.6 0 3.220321517E-05
257.8 0 3.222978548E-05
258 0 -1.612819983E-05
258.2 0 -8.070764463E-05
258.4 0 -4.84646402E-05
258.6 0 -1.616825331E-05
258.8 0 -1.618164872E-05
259 0 -1.187320364E-20
259.2 0 1.620850622E-05
259.4 0 3.244393688E-05
259.6 0 4.87063591E-05
259.8 0 6.499584027E-05
260 0 4.878746878E-05
260.2 0 3.255208333E-05
260.4 0 3.257923269E-05
260.6 0 -5.840673245E-21
260.8 0 -1.631683375E-05
261 0 -1.633047659E-05
261.2 0 5.002923768E-20
261.4 0 3.271566164E-05
261.6 0 1.637154233E-05
261.8 0 1.386633131E-21
262 0 3.279806885E-05
262.2 0 8.206407563E-05
262.4 0 3.285323802E-05
262.6 0 1.644044613E-05
262.8 0 3.290859309E-05
263 0 -1.646817032E-05
263.2 0 -4.944620253E-05
263.4 0 -4.948796453E-05
263.6 0 -8.254966188E-05
263.8 0 -3.304780034E-05
264 0 1.653789162E-05
264.2 0 -3.310381356E-05
264.4 0 -4.969783715E-05
264.6 0 -1.658000849E-05
264.8 0 1.659409516E-05
265 6.643282313E-06 1.660820578E-05
265.2 6.64893617E-06 -4.706247046E-20
265.4 6.654599659E-06 -3.32729983E-05
265.6 1.332054561E-05 1.665068201E-05
265.8 1.999786689E-05 4.999466724E-05
266 2.668659266E-05 1.667912041E-05
266.2 3.338675214E-05 -3.338675214E-05
266.4 4.009837468E-05 -6.683062447E-05
266.6 4.682148973E-05 -3.344392123E-05
266.8 5.355612682E-05 -3.347257926E-05
267 6.030231561E-05 -5.025192967E-05
267.2 6.706008584E-05 -3.353004292E-05
267.4 7.382946735E-05 1.211660865E-20
267.6 8.061049011E-05 3.358770421E-05
267.8 8.067986231E-05 -1.680830465E-05
268 9.420757967E-05 -3.364556417E-05
268.2 0.0001010237069 -1.683728448E-05
268.4 0.0001011108714 -1.685181191E-05
268.6 0.0001011981865 4.621288875E-20
268.8 0.0001080380294 -3.376188418E-05
269 0.0001148897059 -3.379108997E-05
269.2 0.0001149891775 1.691017316E-05
269.4 0.0001150888215 2.0866664E-20
269.6 0.0001151886383 -1.693950564E-05
269.8 0.0001152886285 -1.695421007E-05
270 0.0001153887924 1.696894005E-05
270.2 0.0001154891304 5.095108696E-05
270.4 0.0001155896432 1.699847694E-05
270.6 0.0001088850174 1.701328397E-05
270.8 0.0001089799477 1.702811683E-05
271 0.0001022578534 1.704297557E-05
271.2 9.552401747E-05 5.117358079E-05
271.4 8.877840909E-05 1.707277098E-05
271.6 8.885608049E-05 -3.568575794E-21
271.8 8.893388792E-05 3.420534151E-05
272 8.901183173E-05 5.135297984E-05
272.2 7.538377193E-05 3.426535088E-05
272.4 7.54499561E-05 3.071976732E-20
272.6 7.551625659E-05 -1.716278559E-05
272.8 7.55826737E-05 1.717788039E-05
273 7.564920775E-05 6.877200704E-05
273.2 6.883259912E-05 1.720814978E-05
273.4 7.578262787E-05 1.722332451E-05
273.6 7.584951456E-05 5.171557811E-05
273.8 7.591651943E-05 3.450750883E-05
274 7.598364279E-05 -1.726900973E-05
274.2 8.296460177E-05 -3.456858407E-05
274.4 8.995792737E-05 -5.189880425E-05
274.6 9.696365248E-05 1.731493794E-05
274.8 9.704968944E-05 8.665150843E-05
275 0.0001040741563 -2.977409582E-20
275.2 0.0001319444444 -1.736111111E-05
275.4 0.0001390124555 1.737655694E-05
275.6 0.0001530498664 3.478406055E-05
275.8 0.000160149287 1.740753119E-05
276 0.0001672613738 -1.108061803E-20
276.2 0.0001813616071 -1.743861607E-05
276.4 0.0001885053619 -3.490840036E-05
276.6 0.0001886739714 -3.493962433E-05
276.8 0.0001958370636 -1.652141859E-20
277 0.0001960125448 1.750112007E-05
277.2 0.0002031950673 7.093904269E-21
277.4 0.0002033774686 -3.506508079E-05
277.6 0.0002105795148 -5.264487871E-05
277.8 0.0002107688849 -3.512814748E-05
278 0.0002109585959 1.757988299E-05
278.2 0.0002041103604 7.038288288E-05
278.4 0.0002042944094 -2.108964709E-20
278.6 0.0002115297834 -3.52549639E-05
278.8 0.0002187782294 -3.52868112E-05
279 0.000226039783 -3.542028113E-20
279.2 0.0002262443439 3.535067873E-05
279.4 0.0002335258152 5.127386066E-21
279.6 0.0002408204896 -1.770738894E-05
279.8 0.0002481284029 3.455286367E-20
280 0.0002412579473 -1.773955495E-05
280.2 0.000234375 -3.551136364E-05
280.4 0.0002416969973 -1.777183803E-05
280.6 0.0002490323315 -7.115209472E-05
280.8 0.0002563810392 -5.34127165E-05
281 0.0002637431569 -3.564096715E-05
281.2 0.0002782534247 -3.567351598E-05
281.4 0.0002856489945 6.386846342E-20
281.6 0.0003002058554 -1.786939616E-05
281.8 0.0003004807692 -1.788576007E-05
282 0.0003150779102 3.206776322E-20
282.2 0.0003225344037 -1.791857798E-05
282.4 0.0003443526171 3.22380204E-20
282.6 0.0003446691176 3.590303309E-05
282.8 0.000337798988 5.390409384E-05
283 0.0003381100368 7.193830571E-05
283.2 0.0003456221198 5.400345622E-05
283.4 0.0003459409594 3.603551661E-05
283.6 0.0003462603878 3.60687904E-05
283.8 0.0003321395564 3.610212569E-05
284 0.0003324468085 3.613552266E-05
284.2 0.0003399884259 5.425347222E-05
284.4 0.0003330630213 7.240500463E-05
284.6 0.0003261247681 7.247217069E-05
284.8 0.0003119196843 3.626973073E-05
285 0.000297688197 1.815171933E-05
285.2 0.0002834302326 9.084302326E-05
285.4 0.0002691457169 7.274208566E-05
285.6 0.0002621155638 7.039032172E-21
285.8 0.0002623600746 -2.089377917E-20
286 0.0002553104575 3.64729225E-05
286.2 0.0002482476636 3.650700935E-05
286.4 0.0002411716558 1.827057998E-05
286.6 0.000234082397 3.657537453E-05
286.8 0.00022697985 1.830482662E-05
287 0.0002125351782 3.664399625E-05
287.2 0.0001980633803 1.833920188E-05
287.4 0.0001909069549 -2.74392365E-20
287.6 0.0001837370649 1.837370649E-05
287.8 0.0001765536723 2.852266007E-20
288 0.0001767200754 1.689061992E-20
288.2 0.0001695165094 -1.842570755E-05
288.4 0.000162299339 -5.532932011E-05
288.6 0.0001550685255 -1.846053875E-05
288.8 0.0001478240303 -1.847800378E-05
289 0.0001405658144 -3.699100379E-05
289.2 0.0001332938389 3.702606635E-05
289.4 0.0001260080645 5.559179317E-05
289.6 0.000118708452 3.709639126E-05
289.8 0.0001188212928 -3.713165399E-05
290 0.0001189343482 -3.716698382E-05
290.2 0.000119047619 1.860119048E-05
290.4 0.0001266086749 1.861892278E-05
290.6 0.0001341841603 -1.863668893E-05
290.8 0.0001417741165 -7.461795606E-05
291 0.0001493785851 -7.468929254E-05
291.2 0.0001495215311 -5.607057416E-05
291.4 0.000149664751 4.972378162E-20
291.6 0.0001498082454 -1.282482051E-21
291.8 0.0001499520154 -0.0001124640115
292 0.0001500960615 -5.628602305E-05
292.2 0.0001352163462 1.878004808E-05
292.4 0.0001428657363 -1.87981232E-05
292.6 0.0001354768786 -3.229320791E-20
292.8 0.0001431412729 -3.766875603E-05
293 0.000135738417 -3.770511583E-05
293.2 0.000128321256 -1.887077295E-05
293.4 0.0001133341393 -2.016190507E-20
293.6 0.0001058809293 -1.914649415E-20
293.8 9.841327519E-05 -7.570251938E-05
294 9.093113482E-05 -1.894398642E-05
294.2 8.343446602E-05 7.584951456E-05
294.4 7.592322643E-05 -3.796161322E-05
294.6 8.359678988E-05 -5.699781128E-05
294.8 8.36781889E-05 1.90177702E-05
295 8.375974659E-05 -3.73064111E-20
295.2 8.384146341E-05 -3.397190896E-20
295.4 8.392333984E-05 -5.722045898E-05
295.6 7.636852395E-05 -1.909213099E-05
295.8 6.879892368E-05 3.822162427E-05
296 6.886630754E-05 -7.651811949E-05
296.2 6.12745098E-05 -1.914828431E-05
296.4 5.366781158E-05 5.750122669E-05
296.6 4.604616896E-05 3.114391586E-20
296.8 4.609144543E-05 1.920476893E-05
297 3.844734252E-05 5.767101378E-05
297.2 3.078817734E-05 -1.924261084E-05
297.4 2.311390533E-05 1.858332729E-20
297.6 2.313672261E-05 5.784180652E-05
297.8 0 -1.929965415E-05
298 7.727497527E-06 -3.863748764E-05
298.2 2.320544554E-05 -1.933787129E-05
298.4 1.548562934E-05 5.807111001E-05
298.6 1.550099206E-05 9.68812004E-05
298.8 2.327457795E-05 1.939548163E-05
299 3.106361829E-05 -1.941476143E-05
299.2 4.664179104E-05 -5.830223881E-05
299.4 4.668824701E-05 -7.781374502E-05
299.6 5.452392822E-05 7.258653242E-20
299.8 6.23752495E-05 -3.898453094E-05
300 6.243756244E-05 -7.804695305E-05
300.2 7.03125E-05 -3.914450165E-20
300.4 7.82032032E-05 3.91016016E-05
300.6 7.828156313E-05 7.828156313E-05
300.8 8.619608826E-05 5.877006018E-05
301 8.628263052E-05 3.377701366E-21
301.2 8.636934673E-05 -5.888819095E-05
301.4 8.645623742E-05 -3.929828974E-05
301.6 8.654330312E-05 -6.226792862E-20
301.8 8.663054435E-05 -1.968876008E-05
302 8.671796165E-05 1.495174035E-20
302.2 8.680555556E-05 -1.972853535E-05
302.4 8.689332659E-05 -3.949696663E-05
302.6 8.69812753E-05 4.287148111E-21
302.8 7.915400203E-05 -2.422777626E-20
303 8.715770791E-05 -1.980856998E-05
303.2 7.931472081E-05 -1.98286802E-05
303.4 7.93953252E-05 -1.140634751E-20
303.6 7.947609359E-05 1.98690234E-05
303.8 7.160132383E-05 5.966776986E-05
304 6.371049949E-05 7.963812436E-05
304.2 5.580357143E-05 3.985969388E-05
304.4 4.78804903E-05 7.980081716E-05
304.6 3.994120654E-05 3.994120654E-05
304.8 3.198567042E-05 8.546617006E-21
305 2.401383197E-05 1.787683642E-20
305.2 1.602564103E-05 -2.003205128E-05
305.4 8.021047228E-06 -2.005261807E-05
305.6 8.029290853E-06 -4.014645427E-05
305.8 8.03755144E-06 -2.00938786E-05
306 1.609165808E-05 2.011457261E-05
306.2 2.416237113E-05 2.013530928E-05
306.4 3.2249742E-05 -1.132271002E-20
306.6 3.228305785E-05 -5.213882538E-21
306.8 4.039555326E-05 8.079110651E-05
307 4.04373706E-05 6.06560559E-05
307.2 4.047927461E-05 -4.047927461E-05
307.4 4.862551867E-05 1.01502326E-19
307.6 5.67886812E-05 2.028167186E-05
307.8 7.308991684E-05 -4.060550936E-05
308 8.942507804E-05 6.097164412E-05
308.2 8.951822917E-05 0.0001017252604
308.4 9.775808133E-05 6.063717509E-20
308.6 0.0001060151357 -2.03875261E-05
308.8 0.0001142894462 -6.122648903E-05
309 0.0001225810669 -6.129053347E-05
309.2 0.0001308900524 2.045157068E-05
309.4 0.000139216457 4.094601677E-05
309.6 0.0001475603358 -2.049449108E-05
309.8 0.0001559217437 -4.103203782E-05
310 0.0001643007361 -8.215036803E-05
310.2 0.0001726973684 -2.055921053E-05
310.4 0.0001811116965 3.002724327E-20
310.6 0.0001895437764 -6.180775316E-05
310.8 0.0001979936642 -4.124868004E-05
311 0.0002064614165 -2.064614165E-05
311.2 0.0002149470899 -4.133597884E-05
311.4 0.0002234507415 4.689601441E-20
311.6 0.0002319724284 4.142364793E-05
311.8 0.0002405122081 -2.073381104E-05
312 0.0002490701382 2.075584485E-05
312.2 0.0002576462766 2.077792553E-05
312.4 0.0002662406816 -4.16001065E-05
312.6 0.0002748534115 -4.164445629E-05
312.8 0.0002834845251 -2.084445037E-05
313 0.0002921340812 -2.086672009E-05
313.2 0.000300802139 2.088903743E-05
313.4 0.000301124197 4.182280514E-05
313.6 0.0003014469453 -5.203384959E-21
313.8 0.0003017703863 -2.095627682E-05
314 0.0002937030075 -4.19575725E-05
314.2 0.0002940188172 2.100134409E-05
314.4 0.0002943353068 2.102395048E-05
314.6 0.0003030711207 -6.030439777E-21
314.8 0.0003118257821 -1.191605006E-20
315 0.0003037257019 -6.32761879E-05
315.2 0.0002956081081 -4.222972973E-05
315.4 0.0002874729437 -2.113771645E-05
315.6 0.0002793201517 2.116061755E-05
315.8 0.000279623102 6.355070499E-05
316 0.0002714440825 4.241313789E-05
316.2 0.0002632472826 0.0001061480978
316.4 0.0002550326442 8.501088139E-05
316.6 0.0002553104575 -1.378785417E-20
316.8 0.0002470692475 -2.129907306E-05
317 0.0002388100437 -4.264465066E-05
317.2 0.0002305327869 -2.134562842E-05
317.4 0.0002222374179 -2.136898249E-05
317.6 0.0002139238773 3.756755795E-20
317.8 0.0002055921053 2.14158443E-05
318 0.0001972420417 2.143935236E-05
318.2 0.0001888736264 6.438873626E-05
318.4 0.0001804867987 6.445957096E-05
318.6 0.0001720814978 4.302037445E-05
318.8 0.0001550441014 -4.352163849E-20
319 0.0001465921634 -2.155767108E-05
319.2 0.000138121547 2.372186093E-20
319.4 0.0001296321903 -1.155014833E-20
319.6 0.000121124031 2.858078888E-20
319.8 0.0001125970067 2.165327051E-05
320 0.0001040510544 2.1677303E-05
320.2 9.548611111E-05 -2.170138889E-05
320.4 9.559232481E-05 -4.345105673E-05
320.6 8.699888641E-05 -4.624689382E-20
320.8 7.838628763E-05 4.354793757E-05
321 6.975446429E-05 2.179827009E-05
321.2 6.110335196E-05 1.338406651E-20
321.4 5.243288591E-05 1.714325177E-20
321.6 4.374300112E-05 2.187150056E-05
321.8 3.503363229E-05 2.189602018E-05
322 2.63047138E-05 -2.192059484E-05
322.2 1.755617978E-05 4.389044944E-05
322.4 8.787964004E-06 8.787964004E-05
322.6 8.79786036E-06 4.39893018E-05
322.8 8.80777903E-06 8.80777903E-05
323 8.81772009E-06 6.613290068E-05
323.2 8.827683616E-06 4.413841808E-05
323.4 8.837669683E-06 6.628252262E-05
323.6 8.847678369E-06 2.211919592E-05
323.8 8.857709751E-06 4.428854875E-05
324 8.867763905E-06 6.650822928E-05
324.2 8.877840909E-06 2.219460227E-05
324.4 8.887940842E-06 2.22198521E-05
324.6 8.898063781E-06 2.224515945E-05
324.8 8.908209806E-06 4.454104903E-05
325 8.918378995E-06 6.688784247E-05
325.2 8.928571429E-06 6.696428571E-05
325.4 8.938787185E-06 4.469393593E-05
325.6 8.949026346E-06 -2.237256586E-05
325.8 8.959288991E-06 -4.479644495E-05
326 8.969575201E-06 -4.4847876E-05
326.2 8.979885057E-06 -4.489942529E-05
326.4 0 -4.495109321E-05
326.6 9.000576037E-06 -6.750432028E-05
326.8 9.010957324E-06 -4.505478662E-05
327 9.021362587E-06 4.510681293E-05
327.2 9.031791908E-06 6.773843931E-05
327.4 9.04224537E-06 4.521122685E-05
327.6 9.052723059E-06 4.52636153E-05
327.8 9.063225058E-06 -1.212177277E-20
328 9.073751452E-06 2.666482404E-20
328.2 9.084302326E-06 -2.271075581E-05
328.4 0 2.427744699E-20
328.6 9.105477855E-06 -2.276369464E-05
328.8 2.734830805E-05 -4.558051342E-05
329 3.650700935E-05 9.126752336E-05
329.2 2.74122807E-05 0.0001370614035
329.4 1.829625293E-05 0.000137221897
329.6 0 0.0001144856389
329.8 9.169600939E-06 -2.292400235E-05
330 9.180376028E-06 -9.180376028E-05
330.2 9.191176471E-06 -5.284658023E-20
330.4 9.202002356E-06 9.202002356E-05
330.6 0 9.212853774E-05
330.8 9.223730815E-06 2.305932704E-05
331 9.23463357E-06 2.308658392E-05
331.2 9.24556213E-06 9.24556213E-05
331.4 9.256516588E-06 4.628258294E-05
331.6 0 4.633748517E-05
331.8 0 6.958877672E-05
332 0 -5.285126242E-21
332.2 0 -2.32514881E-05
332.4 0 -2.327920143E-05
332.6 0 -4.661396181E-05
332.8 0 -9.333930705E-05
333 0 -9.345095694E-05
333.2 0 -7.017215569E-05
333.4 0 2.553099254E-20
333.6 0 2.344687875E-05
333.8 0 -4.695012019E-05
334 0 -7.05099278E-05
334.2 0 -1.205838156E-20
334.4 0 -2.356001206E-05
334.6 0 -2.358846618E-05
334.8 0 -2.361698912E-05
335 0 -7.093674334E-05
335.2 0 -4.734848485E-05
335.4 0 -4.74059466E-05
335.6 0 -2.3731774E-05
335.8 0 1.680661195E-20
336 0 -2.378958587E-05
336.2 0 -4.763719512E-05
336.4 0 -4.76953602E-05
336.6 0 -7.163050122E-05
336.8 0 -4.78121175E-05
337 0 -1.710530071E-20
337.2 0 -2.396472393E-05
337.4 0 -2.399416462E-05
337.6 0 -2.402367774E-05
337.8 0 -4.412272324E-20
338 0 -2.408292232E-05
338.2 0 -2.411265432E-05
338.4 0 -2.414245983E-05
338.6 0 -7.251701733E-05
338.8 0 -4.840458488E-05
339 0 -4.84646402E-05
339.2 0 -4.852484472E-05
339.4 0 -2.42925995E-05
339.6 0 -2.432285181E-05
339.8 0 -4.87063591E-05
340 0 -2.438358302E-05
340.2 0 -2.44140625E-05
340.4 0 -1.538376787E-20
340.6 0 2.447525063E-05
340.8 0 -2.450595985E-05
341 0 -4.907349246E-05
341.2 0 -2.456761006E-05
341.4 0 -7.379565491E-05
341.6 0 -7.388871375E-05
341.8 0 -1.277635348E-20
342 0 4.938369153E-05
342.2 0 7.41693038E-05
342.4 0 4.950887199E-05
342.6 0 2.478585025E-05
342.8 0 4.963468869E-05
343 0 7.454675573E-05
343.2 0 4.97611465E-05
343.4 0 4.982461735E-05
343.6 0 9.977650064E-05
343.8 0 9.990409207E-05
344 0 2.500800256E-05
344.2 0 2.50400641E-05
344.4 0 2.591381043E-20
344.6 0 5.020886889E-05
344.8 0 0.0001256837194
345 1.006765464E-05 5.03382732E-05
345.2 2.016129032E-05 -2.52016129E-05
345.4 3.028100775E-05 5.046834625E-05
345.6 4.042690815E-05 0.0001010672704
345.8 4.047927461E-05 7.740946082E-21
346 5.066472114E-05 -5.066472114E-05
346.2 6.087662338E-05 -2.536525974E-05
346.4 7.111508453E-05 -3.671446058E-20
346.6 9.155273438E-05 -7.629394531E-05
346.8 0.0001120436767 -5.092894394E-05
347 0.0001325881201 6.629828506E-20
347.2 0.0001531862745 -7.659313725E-05
347.4 0.0001738383508 -7.669339005E-05
347.6 0.0001945445609 -5.119593709E-05
347.8 0.0002153051181 -5.126312336E-05
348 0.0002258541393 -2.56652431E-05
348.2 0.0002364309211 -5.139802632E-05
348.4 0.0002470355731 -7.71986166E-05
348.6 0.0002576682058 -5.153364116E-05
348.8 0.00026832893 -5.160171731E-05
349 0.0002686838624 -2.583498677E-05
349.2 0.0002793874172 1.068120905E-20
349.4 0.0002693965517 -9.47515311E-21
349.6 0.0002697543161 -1.013817318E-20
349.8 0.0002597240691 -5.194481383E-05
350 0.0002496671105 -5.201398136E-05
350.2 0.0002291666667 5.208333333E-05
350.4 0.000208611482 7.822930574E-05
350.6 0.0001880013369 2.611129679E-05
350.8 0.0001777945114 1.324166182E-20
351 0.0001570878016 -2.386646326E-20
351.2 0.0001363255034 -1.833104419E-20
351.4 0.0001155073925 8.264344491E-21
351.6 0.0001051480485 -2.628701211E-05
351.8 8.423180593E-05 2.632243935E-05
352 5.271592443E-05 5.271592443E-05
352.2 4.222972973E-05 -5.278716216E-05
352.4 3.171515562E-05 -2.642929635E-05
352.6 2.117208672E-05 -2.64651084E-05
352.8 1.060040706E-05 -0.0001060040706
353 1.061480978E-05 -7.961107337E-05
353.2 1.06292517E-05 -2.657312925E-05
353.4 1.064373297E-05 -2.660933243E-05
353.6 0 -5.329126876E-05
353.8 1.067281421E-05 -5.336407104E-05
354 1.06874145E-05 -8.015560876E-05
354.2 1.070205479E-05 -2.675513699E-05
354.4 1.071673525E-05 5.358367627E-05
354.6 1.073145604E-05 5.365728022E-05
354.8 1.074621733E-05 8.059662999E-05
355 2.152203857E-05 5.380509642E-05
355.2 2.155172414E-05 2.693965517E-05
355.4 2.158149171E-05 5.395372928E-05
355.6 3.241701245E-05 2.701417704E-05
355.8 4.328254848E-05 -2.70515928E-05
356 5.417822469E-05 -2.708911234E-05
356.2 6.510416667E-05 -1.340919125E-20
356.4 5.432892907E-05 5.432892907E-05
356.6 6.528551532E-05 8.160689415E-05
356.8 8.716875872E-05 -2.72402371E-05
357 9.820181564E-05 -2.727828212E-05
357.2 0.0001092657343 2.731643357E-05
357.4 0.0001094187675 5.470938375E-05
357.6 0.00010957223 5.478611501E-05
357.8 0.0001097261236 -2.74315309E-05
358 0.0001098804501 2.747011252E-05
358.2 0.0001100352113 0.0001100352113
358.4 0.000110190409 0.000110190409
358.6 8.827683616E-05 5.51730226E-05
358.8 7.735148515E-05 2.762553041E-05
359 7.746104816E-05 8.299398017E-05
359.2 6.64893617E-05 0.0001108156028
359.4 6.658380682E-05 0.0001109730114
359.6 5.556543385E-05 0.0001389135846
359.8 3.338675214E-05 0.0001391114672
360 1.114479315E-05 0.0001114479315
360.2 0 5.580357143E-05
360.4 0 5.588340486E-05
360.6 0 8.394520057E-05
360.8 0 8.406563845E-05
361 0 0.0001122485632
361.2 0 5.620503597E-05
361.4 0 2.814301153E-05
361.6 0 5.636724387E-05
361.8 0 2.822434971E-05
362 0 3.557642995E-20
362.2 0 -1.663510057E-20
362.4 0 1.64007468E-20
362.6 0 5.677688953E-05
362.8 0 8.528930131E-05
363 0 5.694241983E-05
363.2 0 5.702554745E-05
363.4 0 -8.004520706E-21
363.6 0 -2.859626647E-05
363.8 0 2.863819648E-05
364 0 2.868024963E-05
364.2 0 9.355119041E-21
364.4 0 2.876472754E-05
364.6 0 5.761430678E-05
364.8 0 -7.846956378E-21
365 0 -8.667714497E-05
365.2 0 -5.787037037E-05
365.4 0 2.211513806E-20
365.6 0 4.104522549E-20
365.8 0 5.004886163E-21
366 0 5.037301678E-21
366.2 0 -1.946732864E-21
366.4 0 2.919469357E-05
366.6 0 1.423269278E-20
366.8 0 2.958997438E-20
367 0 2.93262012E-05
367.2 0 -2.937030075E-05
367.4 0 -2.941453313E-05
367.6 0 5.891779789E-05
367.8 0 -5.54129679E-20
368 0 -2.954803328E-05
368.2 0 -2.959280303E-05
368.4 0 -0.0001185508346
368.6 0 -5.936550152E-05
368.8 0 5.062388629E-21
369 0 -2.977324695E-05
369.2 1.192748092E-05 -5.963740458E-05
369.4 3.583715596E-05 -8.24807821E-20
369.6 5.982006126E-05 -4.720676471E-20
369.8 8.387653374E-05 -1.70780201E-21
370 9.600614439E-05 4.210405416E-20
370.2 0.0001081730769 -3.004807692E-05
370.4 0.0001203775039 3.009437596E-05
370.6 0.0001326195988 3.01408179E-05
370.8 0.0001448995363 3.01874034E-05
371 0.0001572174923 0.0001209365325
371.2 0.0001574612403 6.05620155E-05
371.4 0.0001698369565 -3.032802795E-05
371.6 0.0001822511664 7.178137183E-20
371.8 0.0001947040498 -3.042250779E-05
372 0.0001828198128 -2.875189476E-20
372.2 0.0001708984375 9.155273437E-05
372.4 0.0001589397496 6.113067293E-05
372.6 0.0001591888715 -2.17953045E-20
372.8 0.0001594387755 3.066130298E-05
373 0.0001596894654 3.070951258E-05
373.2 0.0001599409449 -5.538690373E-21
373.4 0.0001601932177 6.161277603E-05
373.6 0.0001604462875 9.453055165E-20
373.8 0.0001607001582 7.303937927E-20
374 0.0001609548336 6.190570523E-05
374.2 0.0001612103175 3.43464694E-20
374.4 0.0001614666137 3.105127186E-05
374.6 0.0001741640127 6.220143312E-05
374.8 0.0001869019139 6.230063796E-05
375 0.0001996805112 3.120007987E-05
375.2 0.0002125 2.389394327E-20
375.4 0.0002128405449 4.887197451E-21
375.6 0.000213182183 6.270064205E-05
375.8 0.0002135249196 6.280144695E-05
376 0.0002138687601 9.435386473E-05
376.2 0.0002142137097 9.450604839E-05
376.4 0.0002145597738 -3.155290792E-05
376.6 0.0002149069579 9.48118932E-05
376.8 0.0002152552674 0.0001266207455
377 0.0002156047078 6.341314935E-05
377.2 0.0002159552846 6.351626016E-05
377.4 0.0002163070033 -6.361970684E-05
377.6 0.0002166598695 -1.329352763E-19
377.8 0.0002170138889 6.382761438E-05
378 0.0002173690671 -4.429345696E-22
378.2 0.0002177254098 -3.201844262E-05
378.4 0.0002180829228 -3.207101806E-05
378.6 0.0002055921053 -0.0001284950658
378.8 0.0002059308072 -9.65300659E-05
379 0.0001933787129 2.148065772E-20
379.2 0.000180785124 -3.228305785E-05
379.4 0.0001681498344 -6.467301325E-05
379.6 0.0001684286899 -0.0001619506633
379.8 0.0001687084718 -0.0001622196844
380 0.0001689891847 -9.74937604E-05
380.2 0.0001692708333 -3.255208333E-05
380.4 0.0001695534224 -9.781928214E-05
380.6 0.0001698369565 -0.0001306438127
380.8 0.0001701214405 -6.543132328E-05
381 0.0001704068792 -9.831166107E-05
381.2 0.0001706932773 -0.000131302521
381.4 0.0001841329966 -0.000131523569
381.6 0.0001844435076 -0.0001317453626
381.8 0.0001979518581 -0.0001649598818
382 0.0002115059222 -0.0001321912014
382.2 0.0002251059322 -6.620762712E-05
382.4 0.0002254881154 -6.632003396E-05
382.6 0.0002258715986 -0.0001660820578
382.8 0.0002262563884 -0.0001996379898
383 0.0002266424915 3.553082798E-20
383.2 0.0002270299145 4.652646085E-20
383.4 0.0002274186644 -0.0001003317637
383.6 0.0002278087479 -6.70025729E-05
383.8 0.0002282001718 -6.711769759E-05
384 0.0002285929432 -0.0002016996558
384.2 0.000228987069 -0.0001010237069
384.4 0.0002023963731 6.746545769E-05
384.6 0.0001892301038 -3.379108997E-05
384.8 0.0001760181976 -3.384965338E-05
385 0.0001763237847 -0.0001356336806
385.2 0.0001766304348 -0.0001698369565
385.4 0.0001769381533 -6.805313589E-05
385.6 0.0001772469459 -6.817190227E-05
385.8 0.0001775568182 -6.829108392E-05
386 0.0001778677758 -3.420534151E-05
386.2 0.0001781798246 -6.853070175E-05
386.4 0.0001784929701 -0.0001029767135
386.6 0.0001788072183 -3.438600352E-05
386.8 0.0001929012346 3.444664903E-05
387 0.000207045053 5.150723373E-20
387.2 0.0002350663717 -6.913716814E-05
387.4 0.0002493351064 -6.925975177E-05
387.6 0.0002636545293 -6.938277087E-05
387.8 0.000278024911 -3.475311388E-05
388 0.0002645944742 5.674732023E-20
388.2 0.0002511160714 4.405769882E-20
388.4 0.0002375894454 3.493962433E-05
388.6 0.0002240143369 0.0001050067204
388.8 0.0001963644524 7.013016158E-05
389 0.0001826663669 2.351785344E-20
389.2 0.0001689189189 -2.035721581E-21
389.4 0.0001551218412 -8.279940316E-20
389.6 0.0001412748644 2.840629049E-20
389.8 0.0001273777174 -3.538269928E-05
390 0.0001276088929 4.150682321E-20
390.2 0.0001136363636 7.102272727E-05
390.4 8.538251366E-05 7.115209472E-05
390.6 5.702554745E-05 7.128193431E-05
390.8 5.71297989E-05 7.141224863E-05
391 5.723443223E-05 0.0001073145604
391.2 5.733944954E-05 0.0001075114679
391.4 5.744485294E-05 7.180606618E-05
391.6 5.755064457E-05 7.193830571E-05
391.8 5.765682657E-05 3.603551661E-05
392 4.332255083E-05 4.571281309E-20
392.2 2.893518519E-05 3.616898148E-05
392.4 1.449443414E-05 7.247217069E-05
392.6 0 7.260687732E-05
392.8 0 7.274208566E-05
393 0 0.0001093166978
393.2 0 0.0001460280374
393.4 0 0.0001463014981
393.6 0 0.0001099319887
393.8 0 7.342575188E-05
394 0 7.356403013E-05
394.2 0 3.685141509E-05
394.4 0 8.377403275E-20
394.6 0 3.699100379E-05
394.8 0 3.706119545E-05
395 0 -3.713165399E-05
395.2 0 -3.720238095E-05
395.4 0 3.727337786E-05
395.6 0 -3.734464627E-05
395.8 0 -0.0001122485632
396 0 -0.0001124640115
396.2 0 -7.512019231E-05
396.4 0 -3.763246628E-05
396.6 0 -7.541023166E-05
396.8 0 -3.777804642E-05
397 0 -2.384626575E-20
397.2 0 -7.490517038E-20
397.4 0 -3.828767114E-20
397.6 0 -3.807261209E-05
397.8 0 -7.629394531E-05
398 0 -0.0001146648728
398.2 0 -3.829656863E-05
398.4 0 3.837180747E-05
398.6 0 2.51990772E-20
398.8 0 1.822916897E-20
399 0 -1.019878836E-19
399.2 0 -3.867574257E-05
399.4 0 -7.750496032E-05
399.6 0 -3.882952286E-05
399.8 0 -3.890687251E-05
400 0 -7.796906188E-05
400.2 0 -7.8125E-05
400.4 0 -7.828156313E-05
400.6 0 -7.843875502E-05
400.8 0 -7.859657948E-05
401 0 -7.875504032E-05
401.2 0 -7.891414141E-05
401.4 0 -7.907388664E-05
401.6 0 -3.961713996E-05
401.8 0 -3.96976626E-05
402 0 -7.955702648E-05
402.2 0 -7.971938776E-05
402.4 0 -7.988241309E-05
402.6 0 -8.004610656E-05
402.8 0 -4.010523614E-05
403 0 -1.049302557E-19
403.2 0 -1.439072407E-20
403.4 0 -1.145149344E-20
403.6 0 4.04373706E-05
403.8 0 8.104253112E-05
404 0 4.060550936E-05
404.2 0 -8.138020833E-05
404.4 0 -8.155010438E-05
404.6 0 1.219073131E-19
404.8 0 5.901062515E-20
405 0 2.836840717E-20
405.2 0 3.410140902E-21
405.4 0 4.983413843E-20
405.6 0 -4.938930886E-20
405.8 0 -9.488567558E-21
406 0 -2.271524215E-20
406.2 0 3.122205543E-21
406.4 0 -4.164445629E-05
406.6 0 8.959539215E-21
406.8 0 4.182280514E-05
407 0 -4.191255365E-05
407.2 0 -4.200268817E-05
407.4 0 -1.44334468E-20
407.6 0 -1.060542167E-20
407.8 0 -2.598576679E-20
408 0 4.236713666E-05
408.2 0 4.43531491E-20
408.4 1.702069717E-05 -4.429406411E-21
408.6 1.705786026E-05 8.528930131E-05
408.8 1.7095186E-05 0.000128213895
409 1.713267544E-05 0.0001713267544
409.2 1.717032967E-05 0.0001717032967
409.4 1.720814978E-05 0.0002151018722
409.6 1.724613687E-05 0.000258692053
409.8 1.728429204E-05 0.0002592643805
410 1.732261641E-05 0.0001732261641
410.2 1.736111111E-05 8.680555556E-05
410.4 1.739977728E-05 0.0001304983296
410.6 1.743861607E-05 0.0001307896205
410.8 1.747762864E-05 8.738814318E-05
411 1.751681614E-05 0.0001313761211
411.2 0 0.0001316713483
411.4 0 8.79786036E-05
411.6 0 8.81772009E-05
411.8 0 0.0001325650452
412 0 8.857709751E-05
412.2 0 1.926585671E-20
412.4 0 -4.449031891E-05
412.6 0 3.92866137E-20
412.8 0 4.469393593E-05
413 0 1.17555674E-19
413.2 0 -4.489942529E-05
413.4 0 -9.000576037E-05
413.6 0 -9.021362587E-05
413.8 0 -9.04224537E-05
414 0 -9.063225058E-05
414.2 0 -9.084302326E-05
414.4 0 -9.105477855E-05
414.6 0 -9.126752336E-05
414.8 0 -4.574063232E-05
415 0 4.108784729E-20
415.2 0 -4.595588235E-05
415.4 0 -9.212853774E-05
415.6 0 -4.617316785E-05
415.8 0 -4.628258294E-05
416 0 -9.278503563E-05
416.2 0 -9.300595238E-05
416.4 0 -4.661396181E-05
416.6 0 3.028500835E-20
416.8 0 -2.115366944E-20
417 0 3.495907815E-20
417.2 0 4.108127421E-20
417.4 0 -7.233273002E-21
417.6 0 7.55631666E-21
417.8 0 2.557110023E-20
418 0 2.870983144E-20
418.2 0 -5.778319032E-20
418.4 0 -1.694979054E-21
418.6 0 9.73591929E-20
418.8 0 -1.709982394E-20
419 0 8.166892338E-20
419.2 0 -4.822530864E-05
419.4 1.933787129E-05 -9.668935644E-05
419.6 3.877171216E-05 -9.69292804E-05
419.8 5.830223881E-05 -9.717039801E-05
420 7.793017456E-05 -9.74127182E-05
420.2 9.765625E-05 -9.765625E-05
420.4 0.000117481203 -9.790100251E-05
420.6 0.0001177763819 -9.814698492E-05
420.8 0.0001180730479 -4.919710327E-05
421 0.0001183712121 -4.932133838E-05
421.2 0.0001186708861 -4.944620253E-05
421.4 0.0001189720812 1.160743553E-19
421.6 0.0001192748092 5.138451134E-20
421.8 0.0001195790816 -3.387311195E-21
422 0.0001198849105 3.83078939E-20
422.2 0.0001201923077 2.635210681E-20
422.4 0.0001205012853 -1.741324512E-20
422.6 0.0001208118557 5.03382732E-05
422.8 0.0001009366925 0.0001009366925
423 8.095854922E-05 0.0001011981865
423.2 6.087662338E-05 0.000101461039
423.4 4.069010417E-05 0.0001017252604
423.6 2.039817232E-05 0.0001019908616
423.8 0 0.0001022578534
424 0 0.0001025262467
424.2 0 0.0001027960526
424.4 0 5.153364116E-05
424.6 0 4.547325116E-20
424.8 0 1.696571978E-20
425 0 -3.650591676E-20
425.2 0 -8.759686065E-20
425.4 0 -1.485566132E-19
425.6 0 -1.263489538E-19
425.8 0 -1.395102255E-20
426 0 -4.446430546E-20
426.2 0 -8.987695634E-20
426.4 0 -1.070547032E-19
426.6 0 -1.051524474E-19
426.8 0 7.094004804E-20
427 0 -1.843044418E-21
427.2 0 -2.361737865E-20
427.4 0 3.027677344E-20
427.6 0 6.617087447E-20
427.8 0 6.175146843E-20
428 0 -5.41031856E-05
428.2 0 -0.0001085069444
428.4 0 -0.0001088091922
428.6 0 -0.0001091131285
428.8 0 -0.0001094187675
429 0 -0.0001097261236
429.2 0 -0.0001100352113
429.4 0 -0.0001103460452
429.6 0 -0.0001106586402
429.8 0 -0.0001109730114
430 0 -0.0001112891738
430.2 0 -0.0001116071429
430.4 0 -0.0001119269341
430.6 0 -0.0001122485632
430.8 0 -0.0001125720461
431 0 -0.0001128973988
431.2 0 -0.0001132246377
431.4 0 5.457604086E-20
431.6 0 5.694241983E-05
431.8 0 -1.610805874E-19
432 0 -5.727639296E-05
432.2 0 -5.744485294E-05
432.4 0 5.761430678E-05
432.6 0 5.778476331E-05
432.8 0 1.659372102E-20
433 0 7.073456523E-20
433.2 0 -2.194674473E-20
433.4 0 1.288002769E-19
433.6 0 1.280903787E-19
433.8 0 4.225332873E-20
434 0 5.900679758E-05
434.2 0 0.0001183712121
434.4 0 0.000118731003
434.6 0 0.0001190929878
434.8 0 0.0001194571865
435 0 0.0001198236196
435.2 0 6.009615385E-05
435.4 0 -1.970443271E-20
435.6 0 -7.162559228E-20
435.8 0 3.292146689E-20
436 0 -3.428823003E-20
436.2 0 -6.23615046E-20
436.4 0 -6.122648903E-05
436.6 0 -6.141902516E-05
436.8 0 6.442092762E-20
437 0 6.180775316E-05
437.2 0 6.200396825E-05
437.4 0 -6.220143312E-05
437.6 0 -0.0001248003195
437.8 0 -0.0001252003205
438 0 -0.0001256028939
438.2 0 -0.0001890120968
438.4 0 -0.0001896237864
438.6 0 -9.495162436E-22
438.8 0 0.0001272394137
439 0 6.382761438E-05
439.2 0 -6.403688525E-05
439.4 0 -6.424753289E-05
439.6 0 6.445957096E-05
439.8 0 2.381442625E-20
440 0 -1.255322514E-19
440.2 0 6.510416667E-05
440.4 0 6.532190635E-05
440.6 0 6.554110738E-05
440.8 0 -8.160021643E-21
441 0 3.720370563E-20
441.2 0 6.620762712E-05
441.4 0 -2.595569892E-20
441.6 0 -8.513530646E-20
441.8 0 6.688784247E-05
442 0 6.711769759E-05
442.2 0 -6.734913793E-05
442.4 0 6.758217993E-05
442.6 0 0.0001356336806
442.8 0 -2.241595002E-20
443 0 6.829108392E-05
443.2 0 -6.853070175E-05
443.4 0 -7.914141411E-20
443.6 0 -4.285621184E-20
443.8 0 -6.925975177E-05
444 0 9.36015252E-21
444.2 0 2.593471228E-19
444.4 0 -4.124221929E-21
444.6 0 -4.978400289E-21
444.8 0 7.05099278E-05
445 0 3.745847533E-19
445.2 0 7.102272727E-05
445.4 0 0.0001425638686
445.6 0 7.154304029E-05
445.8 0 7.180606618E-05
446 0 -7.207103321E-05
446.2 0 -7.233796296E-05
446.4 0 1.027315165E-19
446.6 0 1.805006093E-19
446.8 0 7.315074906E-05
447 0 -2.709481941E-20
447.2 0 -7.370283019E-05
447.4 0 7.398200758E-05
447.6 0 0.000222789924
447.8 0 0.0001490935115
448 0 7.483237548E-05
448.2 0 1.071334794E-19
448.4 0 -0.0001508204633
448.6 0 -7.570251938E-05
448.8 0 -0.0001519941634
449 0 -7.629394531E-05
449.2 0 0.0001531862745
449.4 0 0.0001537893701
449.6 0 3.449678891E-20
449.8 0 7.750496032E-05
450 0 0.00015562749
450.2 0 -1.661942133E-19
450.4 0 7.843875502E-05
450.6 0 0.0001575100806
450.8 0 7.907388664E-05
451 0 1.799471098E-21
451.2 0 1.557854836E-19
451.4 0 -8.004610656E-05
451.6 0 -8.03755144E-05
451.8 0 -6.803065624E-20
452 0 -3.04862569E-20
452.2 0 8.138020833E-05
452.4 0 0.0001634414226
452.6 0 -1.092424971E-20
452.8 0 1.142663393E-19
453 0 0.0001655190678
453.2 0 0.0001662234043
453.4 0 8.346688034E-05
453.6 0 -8.38251073E-05
453.8 0 -3.350919731E-20
454 0 0.0001691017316
454.2 0 8.491847826E-05
454.4 0 8.528930131E-05
454.6 0 0.0001713267544
454.8 0 0.0001720814978
455 0 8.642146018E-05
455.2 0 0.0001736111111
455.4 0 0.0002615792411
455.6 0 8.758408072E-05
455.8 0 0.0002639358108
456 0 0.0001767533937
456.2 0 0.0001775568182
456.4 0 0.0003567351598
456.6 0 8.959288991E-05
456.8 0 1.115140339E-20
457 0 -3.526962715E-20
457.2 0 -1.766059007E-20
457.4 0 -9.126752336E-05
457.6 0 9.169600939E-05
457.8 0 0.0001842570755
458 0 -9.256516588E-05
458.2 0 1.391911789E-19
458.4 0 8.940498729E-20
458.6 0 -1.531743879E-19
458.8 0 9.435386473E-05
459 0 8.938079699E-20
459.2 0 8.268349987E-20
459.4 0 8.13987515E-20
459.6 0 4.304261217E-20
459.8 0 2.079729354E-19
460 0 5.226232217E-20
460.2 0 -9.765625E-05
460.4 0 -0.0001962939698
460.6 0 -0.0001972853535
460.8 0 -9.914340102E-05
461 0 2.912352223E-19
461.2 0 -6.423381402E-20
461.4 0 -6.383037444E-20
461.6 0 1.403461104E-19
461.8 0 -0.0001017252604
462 0 -0.0001022578534
462.2 0 -0.0001027960526
462.4 0 -0.0001033399471
462.6 0 1.059508681E-19
462.8 0 1.206932032E-19
463 0 -1.328098718E-20
463.2 0 -1.938130483E-21
463.4 0 1.036451843E-19
463.6 0 0.0001067281421
463.8 0 0.0001073145604
464 0 0.0001079074586
464.2 0 0.0001085069444
464.4 0 1.068007604E-20
464.6 0 -2.665990997E-19
464.8 0 -2.010823755E-19
465 0 -2.985141267E-19
465.2 0 -3.400852041E-20
465.4 0 3.665395225E-20
465.6 0 -4.4981285E-21
465.8 0 -5.168047584E-20
466 0 -3.448917735E-20
466.2 0 7.23298732E-20
466.4 0 5.56322814E-20
466.6 0 9.452972655E-21
466.8 0 7.029913132E-21
467 0 9.018383663E-20
467.2 0 1.028120961E-19
467.4 0 1.033009046E-19
467.6 0 -1.180916255E-19
467.8 0 -2.611972548E-19
468 0 3.809263416E-20
468.2 0 4.075719118E-19
468.4 0 -0.0001228380503
468.6 0 -0.0001236155063
468.8 0 -0.0001244028662
469 0 -0.0001252003205
469.2 0 -9.861752057E-20
469.4 0 -1.53028218E-19
469.6 0 2.212891736E-19
469.8 0 3.282184896E-20
470 0 4.324542318E-20
470.2 0 1.630272694E-20
470.4 0 -5.987634778E-20
470.6 0 1.208346068E-19
470.8 0 3.001430144E-19
471 0 2.391806798E-19
471.2 0 9.968786521E-21
471.4 0 5.213832976E-20
471.6 0 3.144377109E-19
471.8 0 2.419174692E-19
472 0 1.703228079E-19
472.2 0 2.828783669E-19
472.4 0 5.427213151E-20
472.6 0 -5.029774167E-20
472.8 0 -5.147787681E-20
473 0 -5.749617269E-20
473.2 0 -6.105440124E-20
473.4 0 7.076167635E-20
473.6 0 2.516335306E-19
473.8 0 3.9957791E-20
474 0 1.393001058E-19
474.2 0 1.582078848E-20
474.4 0 -5.189302829E-20
474.6 0 1.351058731E-19
474.8 0 -6.828490637E-20
475 0 2.024573191E-19
475.2 0 1.090754305E-19
475.4 0 7.847419903E-21
475.6 0 -3.622417337E-19
475.8 0 -2.26165867E-19
476 0 -1.988146349E-19
476.2 0 -4.137456124E-19
476.4 0 -3.387469509E-19
476.6 0 -8.643478835E-20
476.8 0 -3.12655115E-19
477 0 -1.901705542E-19
477.2 0 1.599627855E-19
477.4 0 -1.169156057E-19
477.6 0 -1.600102023E-19
477.8 0 -2.478904763E-19
478 0 -2.479939538E-19
478.2 0 -8.774543852E-20
478.4 0 8.421057141E-20
478.6 0 1.152271312E-19
478.8 0 -2.337704026E-19
479 0 -7.359971726E-20
479.2 0 -1.239556386E-19
479.4 0 -9.684710275E-20
479.6 0 1.334901228E-19
479.8 0 -2.964443887E-19
480 0 -2.440435314E-19
480.2 0 1.973395826E-19
480.4 0 5.910295299E-19
480.6 0 1.513452949E-19
480.8 0 3.714397624E-20
481 0 3.526207939E-20
481.2 0 3.531739637E-19
481.4 0 1.46530984E-19
481.6 0 1.955775431E-19
481.8 0 2.995243099E-19
482 0 4.904032646E-19
482.2 0 2.613808855E-19
482.4 0 -1.505398315E-19
482.6 0 1.667092383E-19
482.8 0 2.216651397E-19
483 0 1.77068554E-19
483.2 0 -1.91173031E-19
483.4 0 4.03726287E-20
483.6 0 1.367229042E-19
483.8 0 -2.688917963E-19
484 0 -1.745392416E-19
484.2 0 -1.92040721E-19
484.4 0 8.49404712E-20
484.6 0 -7.779850282E-20
484.8 0 2.360189127E-19
485 0 6.079544681E-19
485.2 0 -2.986335301E-19
485.4 0 2.957774518E-19
485.6 0 3.326816976E-19
485.8 0 4.590234734E-19
486 0 -3.588374565E-19
486.2 0 -5.870721286E-19
486.4 0 2.11435505E-19
486.6 0 1.508545724E-19
486.8 0 2.125555573E-19
487 0 3.484647897E-19
487.2 0 -6.289543935E-20
487.4 0 4.437929115E-19
487.6 0 -4.251474067E-19
487.8 0 -6.568959076E-19
488 0 -8.432379362E-20
488.2 0 -3.655467041E-19
488.4 0 -1.893064255E-19
488.6 0 -2.713965135E-20
488.8 0 -9.376281794E-19
489 0 3.30269643E-19
489.2 0 5.986707019E-19
489.4 0 4.119683359E-19
489.6 0 -7.976106424E-20
489.8 0 3.513553629E-19
490 0 4.869068125E-19
490.2 0 6.198147366E-19
490.4 0 1.253041056E-18
490.6 0 1.726365164E-19
490.8 0 -2.406026107E-19
491 0 7.214921293E-19
491.2 0 1.336287468E-18
491.4 0 1.409333722E-18
491.6 0 -7.228338294E-19
491.8 0 8.542103191E-20
492 0 1.21879051E-18
492.2 0 1.995996864E-18
492.4 0 2.432973543E-20
492.6 0 -7.662844327E-20
492.8 0 -1.647952517E-19
493 0 -1.437558638E-19
493.2 0 -3.312451824E-19
493.4 0 4.499542505E-19
493.6 0 1.093688939E-18
493.8 0 1.573206113E-18
494 0 7.316860457E-19
494.2 0 6.722224022E-19
494.4 0 5.487040724E-19
494.6 0 1.266946775E-18
494.8 0 1.997053263E-18
495 0 2.142820428E-18
495.2 0 6.71280333E-19
495.4 0 5.890536631E-19
495.6 0 5.426415424E-19
495.8 0 -1.744185881E-19
496 0 7.13644973E-19
496.2 0 8.458477336E-19
496.4 0 -2.621818658E-19
496.6 0 -2.125914794E-18
496.8 0 6.907484753E-19
497 0 -6.469848903E-19
497.2 0 -2.283405285E-18
497.4 0 -4.322368975E-20
497.6 0 1.941783631E-19
497.8 0 1.122627566E-18
498 0 -3.816805821E-18
498.2 0 -4.143915696E-19
498.4 0 7.625488872E-19
498.6 0 2.786851003E-18
498.8 0 -4.949356772E-18
499 0 -9.14512484E-19
499.2 0 2.396076183E-18
499.4 0 6.676943994E-19
499.6 0 -5.915785085E-18
499.8 0 -1.203416039E-17
500 0 1.622790558E-17
