0 0.00737517493 -0.0001015218912
0.2 0.0065625 0.0013984375
0.4 0.006180597239 0.00031262505
0.6 0.005873448759 0.0002345626501
0.8 0.00559734181 0.0001877252703
1 0.005367963742 0.000234750601
1.2 0.005129008016 0.0002348446894
1.4 0.004933715918 0.0001487946071
1.6 0.004757069795 0.0001175165463
1.8 0.004580281902 9.405096308E-05
2 0.00441589723 6.272581293E-05
2.2 0.004257655622 8.628263052E-05
2.4 0.004108703294 9.416432302E-05
2.6 0.003962771302 0.000117752713
2.8 0.003797873945 0.000133506735
3 0.003648556919 0.0001178474457
3.2 0.003492831992 2.357897384E-05
3.4 0.003374723229 7.862822061E-06
3.6 0.003243933749 7.865988723E-06
3.8 0.003141367849 4.721494762E-05
4 0.003022974607 0.0001180849456
4.2 0.00291078629 5.512852823E-05
4.4 0.002814264825 -1.575736184E-05
4.6 0.002730276433 -8.670046408E-05
4.8 0.002646220226 -1.577008478E-05
5 0.002558940832 8.677049677E-05
5.2 0.002455808081 7.891414141E-06
5.4 0.002368381164 2.368381164E-05
5.6 0.002271406187 7.897796199E-05
5.8 0.002180673544 5.53069377E-05
6 0.002108837515 3.161675435E-05
6.2 0.00203694332 2.669488057E-21
6.4 0.00197131936 3.955295666E-05
6.6 0.001899311183 7.913796596E-06
6.8 0.001839911836 1.950395971E-20
7 0.001774128143 -7.920214923E-06
7.2 0.001705121704 -6.338742394E-05
7.4 0.001632888596 -7.926643669E-05
7.6 0.001566940723 -6.343889566E-05
7.8 0.00151363221 5.553158002E-05
8 0.001450756806 6.349045104E-05
8.2 0.001400533537 -7.93953252E-05
8.4 0.001359800732 -5.5599329E-05
8.6 0.00131267799 3.178397071E-05
8.8 0.001265516891 -3.97461335E-05
9 0.001227860342 -6.361970684E-05
9.2 0.001193355397 -1.828297878E-20
9.4 0.001155638753 3.296422687E-20
9.6 0.001121076233 -4.777313494E-05
9.8 0.001076926998 -2.389630914E-05
10 0.001042304162 -7.968686251E-06
10.2 0.001014030612 -3.18877551E-05
10.4 0.0009857339731 -7.975193957E-06
10.6 0.000954222835 -3.191380719E-05
10.8 0.0009258786269 -7.981712301E-05
11 0.000900705233 -5.589482829E-05
11.2 0.0008691206544 -4.792944785E-05
11.4 0.0008471000409 -3.99575491E-05
11.6 0.0008090718379 -6.395824806E-05
11.8 0.0007966062654 -0.0001439649877
12 0.000771328349 -8.001331422E-05
12.2 0.0007364241803 -2.401383197E-05
12.4 0.000711100861 -7.207103321E-05
12.6 0.0006889612387 -1.602235439E-05
12.8 0.0006700092327 -1.602892901E-05
13 0.0006510416667 -8.017754516E-05
13.2 0.0006352669405 -8.823151951E-05
13.4 0.0006291084634 -7.221908381E-05
13.6 0.0006197338677 -8.83040485E-05
13.8 0.0006071391859 -8.834035773E-05
14 0.0005977478404 1.606849033E-05
14.2 0.0005787037037 7.233796296E-05
14.4 0.0005660765747 1.608172087E-05
14.6 0.0005566567133 2.413251647E-05
14.8 0.0005407911001 3.218994644E-05
15 0.0005345733718 -4.025401896E-05
15.2 0.000525128866 -2.416237113E-05
15.4 0.0005156765677 -1.611489274E-05
15.6 0.0005062164672 -3.224308708E-05
15.8 0.0004967485549 -8.064099917E-06
16 0.0004808188765 1.613486163E-05
16.2 0.0004777892562 -2.421229339E-05
16.4 0.0004586089293 -7.266690781E-05
16.6 0.0004523366419 -3.230976013E-05
16.8 0.0004460591643 4.040390981E-05
17 0.0004365428394 6.467301325E-05
17.2 0.0004302536232 2.426242236E-05
17.4 0.0004207228666 1.618164872E-05
17.6 0.0004144218815 6.475341898E-05
17.8 0.0004113546849 3.239013267E-05
18 0.0004050445873 -1.620178349E-05
18.2 0.0003954875519 -6.48340249E-05
18.4 0.0003924086758 -8.107617269E-05
18.6 0.0003893272425 -3.244393688E-05
18.8 0.000392734732 -3.245741587E-05
19 0.0003896508728 -2.435317955E-05
19.2 0.0003930613306 4.060550936E-05
19.4 0.0003867252496 4.87468802E-05
19.6 0.0003803838951 1.625572201E-05
19.8 0.0003707847627 2.439373439E-05
20 0.0003611776343 -8.134631404E-06
20.2 0.0003580729167 -8.951822917E-05
20.4 0.0003517090454 -0.0001058383702
20.6 0.0003485977898 -4.886884904E-05
20.8 0.0003422246558 -4.888923655E-05
21 0.0003423674875 -5.706124791E-05
21.2 0.0003425104384 -2.446503132E-05
21.4 0.0003361267753 -6.5267335E-05
21.6 0.0003330025073 -5.713278312E-05
21.8 0.0003331417224 -2.449571488E-05
22 0.0003300135926 -4.084326642E-05
22.2 0.0003268828452 -6.537656904E-05
22.4 0.0003237494768 -6.54039347E-05
22.6 0.0003173419179 -8.17891541E-06
22.8 0.0003142019271 -4.091170926E-05
23 0.0003012363789 -7.367194049E-05
23.2 0.0002980870021 -8.189203354E-05
23.4 0.0003047661493 -9.831166107E-05
23.6 0.0003048940411 -7.376468737E-05
23.8 0.0003115816541 -7.379565491E-05
24 0.0003084313314 -4.10148047E-05
24.2 0.0002987132353 -1.641281513E-05
24.4 0.0002988387978 -1.641971417E-05
24.6 0.0002989644659 -4.106654752E-05
24.8 0.0002990902398 -3.286705932E-05
25 0.0002992161195 -2.466066919E-05
25.2 0.0002960526316 -1.644736842E-05
25.4 0.0002928864785 8.227148273E-05
25.6 0.0002864254109 9.876738306E-05
25.8 0.0002799588954 1.646817032E-05
26 0.0002800769717 4.942534795E-05
26.2 0.0002670094937 4.120516878E-05
26.4 0.0002638243985 -4.122256226E-05
26.6 0.0002573374155 8.247994088E-06
26.8 0.0002475443599 3.300591466E-05
27 0.0002410450127 8.254966188E-06
27.2 0.0002444503171 -4.955073996E-05
27.4 0.0002478585025 -9.914340102E-05
27.6 0.0002512695726 -6.612357173E-05
27.8 0.0002447607959 -4.961367485E-05
28 0.000241555485 -9.099692927E-05
28.2 0.0002383474576 -7.448358051E-05
28.4 0.0002285131412 -4.967676982E-05
28.6 0.0002286100509 -6.626378287E-05
28.8 0.0002287070429 -3.314594824E-05
29 0.0002288041171 -1.658000849E-05
29.2 0.0002255838641 -3.317409766E-05
29.4 0.000215723237 -3.318819031E-05
29.6 0.0002191351466 -8.300573736E-06
29.8 0.0002159066752 -4.152051446E-05
30 0.0002093524032 -5.815344534E-05
30.2 0.0002061170213 -2.493351064E-05
30.4 0.0001962271179 -8.314708387E-06
30.6 0.0001896560903 2.495474872E-05
30.8 0.0001864081807 -2.661381827E-21
31 0.0001831575021 -4.162670503E-05
31.2 0.0001832356077 -8.328891258E-06
31.4 0.0001766478242 -3.332977816E-05
31.6 0.0001800576184 -6.668800683E-05
31.8 0.0001801345004 -2.501868061E-05
32 0.0001868859462 5.937957635E-21
32.2 0.000186965812 -8.346688034E-06
32.4 0.0001937259513 -8.35025652E-06
32.6 0.0001904672797 -8.353828058E-06
32.8 0.0001905487805 8.357402653E-06
33 0.0001872859589 -8.360980308E-06
33.2 0.0001806745182 -2.509368308E-05
33.4 0.000180751928 -8.368144816E-06
33.6 0.0001908754822 -5.023039006E-05
33.8 0.0001976575901 -4.187660806E-05
34 0.0002010939511 -5.027348777E-05
34.2 0.0002011802575 -2.514753219E-05
34.4 0.0001945577501 -8.386109918E-06
34.6 0.000194641323 -4.1948561E-05
34.8 0.0001980822948 -5.875322303E-05
35 0.0002015262253 -8.396926053E-05
35.2 0.0002049731183 -5.880376344E-05
35.4 0.0002084229776 -5.882906627E-05
35.6 0.0002085126991 -5.044662075E-05
35.8 0.0001985088286 -4.205695521E-05
36 0.0001952283498 -3.366006032E-05
36.2 0.0001953125 8.418642241E-06
36.4 0.0001953967227 -1.684454506E-05
36.6 0.0001988513805 9.195854945E-21
36.8 0.0001989372033 1.685908502E-05
37 0.0002023963731 -1.686636442E-05
37.2 0.0002024838013 -8.436825054E-06
37.4 0.0002025713051 4.220235523E-05
37.6 0.0002026588846 6.755296152E-05
37.8 0.0002027465398 2.534331747E-05
38 0.0001994536997 3.380571181E-05
38.2 0.0001995400433 8.45508658E-06
38.4 0.0001996264617 -6.766998701E-05
38.6 0.0001963279896 -2.538724003E-05
38.8 0.000193026658 -8.466081491E-06
39 0.0001964982654 -4.234876409E-05
39.2 0.0001931941432 -2.5420282E-05
39.4 0.0001966688368 -2.54313151E-05
39.6 0.0002035388624 -1.696157186E-05
39.8 0.0002002334926 8.484470026E-06
40 0.0002003205128 3.395262929E-05
40.2 0.0001970108696 5.944293478E-05
40.4 0.0001936983471 8.49554154E-06
40.6 0.0001937826371 -5.949466928E-05
40.8 0.000190465825 -1.700587723E-05
41 0.0001871461237 1.701328397E-05
41.2 0.0001940359477 -8.510348584E-06
41.4 0.0002009317786 2.554217524E-05
41.6 0.0002044265155 3.407108591E-05
41.8 0.0002079243019 -1.876680803E-21
42 0.0002114251419 -8.525207333E-06
42.2 0.0002115174672 -2.558679039E-05
42.4 0.0002081968108 -2.559796855E-05
42.6 0.0002082878059 -2.560915647E-05
42.8 0.0002083788806 8.540118059E-06
43 0.000208470035 4.271926947E-05
43.2 0.0002085612691 2.564277899E-05
43.4 0.0002120731173 6.841068301E-05
43.6 0.0002053219448 8.555081034E-05
43.8 0.0002054119194 8.558829974E-06
44 0.0002055019728 -8.562582201E-06
44.2 0.0002055921053 8.566337719E-06
44.4 0.0002091103554 3.428038613E-05
44.6 0.0002126316945 5.144315189E-05
44.8 0.0002161561265 1.715524813E-05
45 0.0002162510984 8.581392794E-06
45.2 0.0002163461538 4.292582418E-05
45.4 0.000219876869 5.153364116E-05
45.6 0.0002234106907 1.718543775E-05
45.8 0.0002269476232 1.719300176E-05
46 0.0002270475561 1.720057244E-05
46.2 0.000230589207 3.441629956E-05
46.4 0.0002272476862 3.443146761E-05
46.6 0.0002307925485 2.583498677E-05
46.8 0.0002377867225 3.446184385E-05
47 0.0002413393645 6.35503706E-21
47.2 0.0002414459161 -2.58692053E-05
47.4 0.0002450033127 -1.725375442E-05
47.6 0.0002451115776 -4.315344675E-05
47.8 0.0002486737401 -6.90760389E-05
48 0.000248783724 -6.910659E-05
48.2 0.0002454369469 -5.185287611E-05
48.4 0.0002420872067 -2.593791501E-05
48.6 0.0002352745793 -3.459920283E-05
48.8 0.0002353788214 -3.461453257E-05
49 0.000235483156 -2.597240691E-05
49.2 0.0002286585366 -3.464523282E-05
49.4 0.0002218278616 -2.599545253E-05
49.6 0.0002149911229 -8.668996893E-06
49.8 0.0002081483126 -1.572803139E-20
50 0.0002047701022 -1.735339849E-05
50.2 0.0002013888889 -1.736111111E-05
50.4 0.0002014784349 -8.684415296E-06
50.6 0.0002015680605 -8.68827847E-06
50.8 0.0002051346239 2.607643525E-05
51 0.0002052259573 -5.217609083E-05
51.2 0.0002053173719 -5.219933185E-05
51.4 0.0001984458556 -1.740753119E-05
51.6 0.0001950512706 -7.836881409E-05
51.8 0.0001951382694 -6.969223907E-05
52 0.000188253012 -4.357708612E-05
52.2 0.0001813616071 -4.359654018E-05
52.4 0.0001849318892 -3.489280929E-05
52.6 0.000191996202 -1.745420018E-05
52.8 0.000188589629 -8.731001341E-06
53 0.0001886739714 8.734906082E-06
53.2 0.0001852628635 8.738814318E-06
53.4 0.0001853457923 -1.74854521E-05
53.6 0.0001959247649 -3.498656516E-05
53.8 0.0001925123208 -2.625168011E-05
54 0.0001996021963 -3.501792918E-05
54.2 0.0001961883408 -5.255044843E-05
54.4 0.0001892664872 -1.752467474E-05
54.6 0.0001928579443 -6.012562305E-21
54.8 0.0001929445442 -1.136712042E-20
55 0.0001860119048 1.051243922E-20
55.2 0.0001860955056 8.778089888E-06
55.4 0.0001826663669 8.782036871E-06
55.6 0.000179234143 -5.271592443E-05
55.8 0.0001793148065 -3.515976598E-05
56 0.0001688428636 -1.758779829E-05
56.2 0.0001689189189 -2.639358108E-05
56.4 0.0001619535827 2.640547544E-05
56.6 0.0001479373309 3.522317403E-05
56.8 0.0001409562472 1.76195309E-05
57 0.0001304433664 5.288244585E-05
57.2 0.0001128668172 5.290632054E-05
57.4 0.0001023317525 1.76434056E-05
57.6 0.0001023779937 2.647706733E-05
57.8 9.182866184E-05 1.765935805E-05
58 8.126978743E-05 1.766734509E-05
58.2 7.777149321E-05 4.418834842E-05
58.4 7.073336351E-05 1.768334088E-05
58.6 7.076539855E-05 -1.769134964E-05
58.8 7.079746262E-05 2.654904848E-05
59 6.728807797E-05 2.656108341E-05
59.2 6.37755102E-05 -3.5430839E-05
59.4 5.671506352E-05 -2.658518603E-05
59.6 5.319450749E-05 8.865751248E-06
59.8 3.902702089E-05 3.54791099E-05
60 2.839618355E-05 5.324284416E-05
60.2 2.485795455E-05 2.663352273E-05
60.4 2.842201E-05 -1.776375625E-05
60.6 2.843494086E-05 -8.885919017E-06
60.8 2.844788348E-05 -8.889963587E-06
61 3.557604736E-05 -1.778802368E-05
61.2 3.203302961E-05 8.898063781E-06
61.4 3.20476299E-05 4.451059708E-05
61.6 2.8499772E-05 6.234325125E-05
61.8 2.494867701E-05 3.564096715E-05
62 3.209151073E-05 6.240015974E-05
62.2 2.853881279E-05 5.351027397E-05
62.4 3.212083143E-05 8.922453175E-06
62.6 3.927673675E-05 2.677959324E-05
62.8 4.286694102E-05 3.572245085E-05
63 4.646043001E-05 2.680409424E-05
63.2 5.005720824E-05 -8.938787185E-06
63.4 5.365728022E-05 -8.942880037E-06
63.6 5.726065048E-05 -1.748232546E-20
63.8 6.086732356E-05 -4.475538497E-05
64 6.447730399E-05 -3.582072444E-05
64.2 6.809059633E-05 -3.583715596E-05
64.4 7.170720514E-05 -4.481700321E-05
64.6 7.532713499E-05 -5.380509642E-05
64.8 7.895039045E-05 -4.485817639E-05
65 7.898667279E-05 -4.487879136E-05
65.2 7.902298851E-05 -6.28591954E-05
65.4 8.265294388E-05 -1.796803128E-05
65.6 8.269098021E-05 -1.797630005E-05
65.8 7.913213628E-05 -6.29460175E-05
66 7.916858591E-05 -6.297501152E-05
66.2 7.560483871E-05 -9.000576037E-06
66.4 6.843591517E-05 9.00472568E-06
66.6 6.846748155E-05 -1.80177583E-05
66.8 6.849907707E-05 -1.802607291E-05
67 6.131694367E-05 9.017197599E-06
67.2 5.412817552E-05 9.021362587E-06
67.4 5.776340111E-05 7.452851761E-21
67.6 6.140198798E-05 2.708911234E-05
67.8 6.143038853E-05 1.806776133E-05
68 6.50740398E-05 -9.038061083E-06
68.2 6.510416667E-05 4.521122685E-05
68.4 6.513432145E-05 6.332503474E-05
68.6 6.87847544E-05 9.050625579E-06
68.8 7.243857209E-05 1.810964302E-05
69 7.609577922E-05 6.341314935E-05
69.2 7.975638051E-05 2.718967517E-05
69.4 7.979340761E-05 1.127489724E-20
69.6 7.983046911E-05 2.721493265E-05
69.8 8.712825279E-05 1.815171933E-05
70 9.080079033E-05 1.816015807E-05
70.2 9.447674419E-05 4.542151163E-05
70.4 9.452070731E-05 1.81770591E-05
70.6 9.820181564E-05 1.548817849E-20
70.8 9.824755473E-05 3.097720038E-21
71 9.46528425E-05 9.101234856E-06
71.2 9.105477855E-05 2.731643357E-05
71.4 9.109724813E-05 3.643889925E-05
71.6 9.478534764E-05 5.468385441E-05
71.8 9.482959851E-05 4.559115313E-05
72 9.487389071E-05 4.561244745E-05
72.2 9.126752336E-05 6.388726636E-05
72.4 8.035296868E-05 5.478611501E-05
72.6 7.308231993E-05 2.740586997E-05
72.8 6.946069256E-05 4.569782405E-05
73 6.583567416E-05 3.657537453E-05
73.2 5.854800937E-05 2.744437939E-05
73.4 5.491447985E-05 6.406689316E-05
73.6 5.494022504E-05 5.494022504E-05
73.8 5.496599437E-05 6.412699343E-05
74 5.499178789E-05 3.666119193E-05
74.2 5.868544601E-05 9.169600939E-06
74.4 5.504344763E-05 -2.752172381E-05
74.6 5.506931391E-05 -1.835643797E-05
74.8 5.509520451E-05 1.836506817E-05
75 5.512111947E-05 -2.756055974E-05
75.2 5.882352941E-05 9.191176471E-06
75.4 5.885122411E-05 1.839100753E-05
75.6 5.887894489E-05 -2.759950542E-05
75.8 5.522502356E-05 -4.602085297E-05
76 5.525106082E-05 -1.841702027E-05
76.2 5.896226415E-05 5.527712264E-05
76.4 6.267697027E-05 2.765160453E-05
76.6 6.27065628E-05 9.221553352E-06
76.8 6.273618328E-05 9.225909306E-06
77 6.276583176E-05 5.240137433E-21
77.2 6.64893617E-05 -1.846926714E-05
77.4 7.391201514E-05 -2.771700568E-05
77.6 7.764434453E-05 9.243374349E-06
77.8 8.138020833E-05 -3.699100379E-05
78 8.511961156E-05 -8.326918522E-05
78.2 8.886255924E-05 -7.40521327E-05
78.4 9.631341868E-05 -4.630452821E-05
78.6 0.0001037713472 -4.632649431E-05
78.8 0.0001075284765 -2.780908875E-05
79 0.0001112891738 -9.274097816E-06
79.2 0.000122476247 -2.783551069E-05
79.4 0.000129960789 -1.8565827E-05
79.6 0.0001300225868 1.857465525E-05
79.8 0.0001338011418 -9.291745956E-06
80 0.0001413017611 -9.296168491E-06
80.2 0.0001488095238 9.300595238E-06
80.4 0.0001526024297 -2.791507861E-05
80.6 0.0001601227359 -3.723784557E-05
80.8 0.0001676502146 -4.656950405E-05
81 0.0001714575382 -2.79550334E-05
81.2 0.0001715393795 5.593675418E-05
81.4 0.0001716212989 3.730897803E-05
81.6 0.0001791686574 -1.866340182E-05
81.8 0.0001755198375 -9.336161568E-06
82 0.0001756037781 -1.456686598E-20
82.2 0.0001682117225 2.803528708E-05
82.4 0.0001645524174 9.349569172E-06
82.6 0.0001683728448 -9.354046935E-06
82.8 0.0001609666986 -2.807558697E-05
83 0.00016478907 -1.872603068E-05
83.2 0.0001611211031 -9.367505995E-06
83.4 0.0001574496161 -1.874400192E-05
83.6 0.0001537746039 9.37650024E-06
83.8 0.0001463436599 -9.381003842E-06
84 0.000142659779 -8.318736931E-21
84.2 0.0001314603365 2.817007212E-05
84.4 0.0001240079365 9.394540645E-06
84.6 0.0001203079885 3.028675689E-20
84.8 0.0001203659124 3.33793581E-20
85 0.0001128973988 -9.40811657E-06
85.2 0.0001054216867 9.412650602E-06
85.4 9.793876567E-05 -1.326152943E-20
85.6 9.42173179E-05 -1.811783368E-20
85.8 8.672176641E-05 4.713139479E-05
86 7.544664413E-05 3.772332207E-05
86.2 6.416062802E-05 -9.435386473E-06
86.4 5.663968101E-05 -2.83198405E-05
86.6 4.911146035E-05 -4.722255803E-05
86.8 4.157595549E-05 -3.779632317E-05
87 3.403315586E-05 1.890730881E-05
87.2 2.648305085E-05 -2.782747305E-21
87.4 1.892562984E-05 -2.838844477E-05
87.6 1.514784295E-05 -1.668105434E-21
87.8 1.136639185E-05 9.47199321E-06
88 1.137190684E-05 1.895317807E-05
88.2 7.584951456E-06 2.844356796E-05
88.4 7.58863526E-06 2.845738222E-05
88.6 7.592322643E-06 3.796161322E-05
88.8 3.798006806E-06 5.697010209E-05
89 0 3.799854086E-05
89.2 0 9.504257908E-06
89.4 0 1.90177702E-05
89.6 0 3.805406722E-05
89.8 0 2.855445906E-05
90 0 1.596443402E-21
90.2 0 -1.905487805E-05
90.4 0 -2.859626647E-05
90.6 0 -1.907348633E-05
90.8 3.816560821E-06 -2.862420616E-05
91 1.145527859E-05 -9.546065494E-06
91.2 1.14608802E-05 4.775366748E-05
91.4 1.146648728E-05 4.777703033E-05
91.6 7.648066569E-06 -9.284134973E-22
91.8 7.651811949E-06 -1.912952987E-05
92 7.655561E-06 -1.91389025E-05
92.2 7.659313725E-06 -3.829656863E-05
92.4 7.663070132E-06 -2.8736513E-05
92.6 7.666830226E-06 1.916707556E-05
92.8 7.670594011E-06 1.917648503E-05
93 7.674361493E-06 4.226558422E-20
93.2 7.678132678E-06 -9.597665848E-06
93.4 7.681907571E-06 -9.602384464E-06
93.6 1.152852927E-05 3.842843089E-05
93.8 1.153420276E-05 5.767101378E-05
94 7.693254554E-06 9.616568193E-06
94.2 7.697044335E-06 -2.886391626E-05
94.4 7.700837851E-06 -1.925209463E-05
94.6 7.704635108E-06 -9.630793886E-06
94.8 7.708436112E-06 -9.635545141E-06
95 7.712240869E-06 -1.342079217E-20
95.2 7.716049383E-06 -9.645061728E-06
95.4 7.71986166E-06 1.929965415E-05
95.6 7.723677706E-06 3.861838853E-05
95.8 7.727497527E-06 3.863748764E-05
96 7.731321128E-06 4.832075705E-05
96.2 3.867574257E-06 1.933787129E-05
96.4 0 1.738616555E-20
96.6 0 1.935703667E-05
96.8 0 3.873326723E-05
97 0 1.937624008E-05
97.2 0 -1.938585608E-05
97.4 0 -4.848870407E-05
97.6 0 -2.910767511E-05
97.8 0 -9.707380716E-06
98 0 -4.856103928E-05
98.2 0 -3.88681592E-05
98.4 0 -9.721876556E-06
98.6 0 -9.726718127E-06
98.8 0 1.946312905E-05
99 0 7.820413747E-21
99.2 0 -1.948254364E-05
99.4 0 -1.949226547E-05
99.6 0 -5.850599101E-05
99.8 0 -2.926760739E-05
100 0 -9.760744628E-06
100.2 0 -2.9296875E-05
100.4 0 -2.931153077E-05
100.6 0 -4.8877002E-05
100.8 0 -2.934088633E-05
101 0 -1.957039078E-05
101.2 0 -4.895050125E-05
101.4 0 -3.918004012E-05
101.6 0 -1.959984947E-05
101.8 0 -2.941453313E-05
102 0 -4.90488448E-05
102.2 0 -3.925879397E-05
102.4 0 -1.963926596E-05
102.6 0 1.978601518E-20
102.8 0 -1.965903372E-05
103 0 -4.917233132E-05
103.2 0 -6.887594458E-05
103.4 3.937752016E-06 -5.906628024E-05
103.6 7.879475542E-06 -5.909606657E-05
103.8 1.182517659E-05 -5.912588295E-05
104 1.183114589E-05 -9.859288238E-06
104.2 1.183712121E-05 -3.945707071E-05
104.4 1.184310258E-05 -5.921551289E-05
104.6 1.184908999E-05 -1.974848332E-05
104.8 1.185508346E-05 2.963770865E-05
105 7.907388664E-06 3.953694332E-05
105.2 7.911392405E-06 1.977848101E-05
105.4 7.915400203E-06 -1.978850051E-05
105.6 1.187911809E-05 -4.949632539E-05
105.8 1.188514199E-05 -9.90428499E-06
106 1.189117199E-05 -9.909309995E-06
106.2 1.189720812E-05 -1.98286802E-05
106.4 1.190325038E-05 9.322221939E-21
106.6 1.190929878E-05 -9.92441565E-06
106.8 1.191535333E-05 -2.978838332E-05
107 1.192141404E-05 -1.98690234E-05
107.2 1.192748092E-05 3.292044124E-21
107.4 1.193355397E-05 -1.126011303E-20
107.6 7.959755476E-06 2.984908304E-05
107.8 3.981906218E-06 2.986429664E-05
108 0 1.991968383E-05
108.2 0 9.964923469E-06
108.4 0 9.970010209E-06
108.6 0 3.990040858E-05
108.8 0 -9.980199285E-06
109 3.994120654E-06 -5.991180982E-05
109.2 3.996163683E-06 -6.993286445E-05
109.4 7.996417605E-06 -7.996417605E-05
109.6 1.200076805E-05 -4.000256016E-05
109.8 1.600922131E-05 -3.014946118E-20
110 2.402614044E-05 1.001089185E-05
110.2 3.205128205E-05 -1.001602564E-05
110.4 3.607619292E-05 -4.00846588E-05
110.6 3.609471253E-05 -5.013154517E-05
110.8 3.210066769E-05 -5.015729327E-05
111 3.613180884E-05 -4.014645427E-05
111.2 4.016709512E-05 -1.004177378E-05
111.4 4.420653292E-05 2.00938786E-05
111.6 4.825012867E-05 1.005211014E-05
111.8 5.229788877E-05 -5.028643151E-05
112 5.634981968E-05 -9.05622102E-05
112.2 6.040592784E-05 -3.020296392E-05
112.4 6.44662197E-05 -2.014569366E-05
112.6 7.659313725E-05 -6.046826625E-05
112.8 8.469927723E-05 -3.024974187E-05
113 8.877840909E-05 4.836061446E-21
113.2 8.882428941E-05 -1.009366925E-05
113.4 8.887021717E-05 -3.029666494E-05
113.6 9.699948267E-05 -4.041645111E-05
113.8 9.300595238E-05 -3.032802795E-05
114 8.900828586E-05 -1.449362737E-20
114.2 8.500647668E-05 -4.181473939E-21
114.4 8.505054432E-05 1.01250648E-05
114.6 8.509465768E-05 1.013031639E-05
114.8 8.919304619E-05 7.100286147E-21
115 8.112668744E-05 -2.919341204E-20
115.2 7.711038961E-05 -2.029220779E-05
115.4 7.715046778E-05 -5.213263206E-23
115.6 8.125325013E-05 3.04699688E-05
115.8 7.723074922E-05 3.048582206E-05
116 7.320406039E-05 3.050169183E-05
116.2 7.32421875E-05 3.051757812E-05
116.4 7.328035435E-05 2.035565399E-05
116.6 7.739181439E-05 4.073253389E-05
116.8 7.743218571E-05 1.018844549E-05
117 7.747259916E-05 -4.077505219E-05
117.2 7.751305483E-05 -4.079634465E-05
117.4 7.347178683E-05 -4.081765935E-05
117.6 7.759409305E-05 -2.041949817E-05
117.8 7.763467573E-05 1.765720298E-20
118 7.358712716E-05 4.088173731E-05
118.2 6.953534031E-05 7.158049738E-05
118.4 7.366422211E-05 6.138685175E-05
118.6 7.779743187E-05 6.141902516E-05
118.8 7.374147876E-05 4.09674882E-05
119 7.787906611E-05 -1.024724554E-05
119.2 8.202099738E-05 -2.757437151E-21
119.4 8.206407563E-05 1.025800945E-05
119.6 8.210719916E-05 7.843294388E-23
119.8 7.804284963E-05 3.080638801E-05
120 8.219358233E-05 2.054839558E-05
120.2 8.223684211E-05 4.111842105E-05
120.4 6.582411796E-05 3.085505529E-05
120.6 6.585879874E-05 -2.05808746E-05
120.8 6.177517132E-05 -5.528575545E-21
121 5.356671941E-05 3.090387658E-05
121.2 4.947229551E-05 3.09201847E-05
121.4 4.537354805E-05 3.093651003E-05
121.6 4.539751717E-05 1.966537487E-20
121.8 4.12922833E-05 -3.096921247E-05
122 3.305129561E-05 -4.131411951E-05
122.2 3.306878307E-05 -3.100198413E-05
122.4 3.308628904E-05 -2.067893065E-05
122.6 3.310381356E-05 -3.103482521E-05
122.8 2.898118707E-05 -2.070084791E-05
123 2.485418876E-05 -3.106773595E-05
123.2 2.486737401E-05 -1.560901317E-20
123.4 2.073381104E-05 2.073381104E-05
123.6 1.659585767E-05 1.037241105E-05
123.8 1.245350691E-05 1.037792242E-05
124 8.306751728E-06 -3.115031898E-05
124.2 4.155585106E-06 -7.272273936E-05
124.4 0 -4.1577967E-05
124.6 0 2.080005325E-05
124.8 4.162226958E-06 3.121670218E-05
125 4.164445629E-06 1.041111407E-05
125.2 0 1.041666667E-05
125.4 0 -2.302514929E-20
125.6 0 -1.042778964E-05
125.8 0 2.086672009E-05
126 0 3.131680919E-05
126.2 0 3.133355615E-05
126.4 0 3.135032103E-05
126.6 0 -1.541625425E-20
126.8 0 -2.092260311E-05
127 0 -2.163093975E-20
127.2 0 -4.189008043E-05
127.4 4.191255365E-06 -5.239069206E-05
127.6 4.193505099E-06 -5.583537328E-21
127.8 4.19575725E-06 2.097878625E-05
128 0 5.247514777E-05
128.2 0 2.065558497E-20
128.4 0 -4.202528241E-05
128.6 0 -2.102395048E-05
128.8 0 1.938350818E-20
129 0 3.156990841E-05
129.2 0 5.264487871E-05
129.4 0 5.2673274E-05
129.6 0 -1.054033999E-05
129.8 0 -1.054603132E-05
130 0 2.110345759E-05
130.2 4.222972973E-06 3.16722973E-05
130.4 4.225256896E-06 3.168942672E-05
130.6 4.22754329E-06 3.170657468E-05
130.8 4.22983216E-06 3.17237412E-05
131 1.269637053E-05 2.116061755E-05
131.2 2.117208672E-05 -3.175813008E-05
131.4 2.965699566E-05 -7.414248915E-05
131.6 3.391209984E-05 -5.199009019E-21
131.8 3.81718241E-05 -2.254134738E-20
132 4.243617599E-05 1.0609044E-05
132.2 4.245923913E-05 4.245923913E-05
132.4 4.673056009E-05 4.248232735E-05
132.6 4.675598477E-05 6.375816104E-05
132.8 5.103429505E-05 2.12642896E-05
133 5.10620915E-05 -1.063793573E-05
133.2 5.960490463E-05 4.257493188E-05
133.4 5.963740458E-05 3.19486096E-05
133.6 5.966993999E-05 -1.065534643E-05
133.8 5.970251092E-05 1.066116266E-05
134 5.973511742E-05 -1.066698525E-05
134.2 5.976775956E-05 -2.134562842E-05
134.4 5.98004374E-05 -5.339324768E-05
134.6 5.983315098E-05 -3.205347374E-05
134.8 5.986590038E-05 -2.138067871E-05
135 5.989868565E-05 -7.487335706E-05
135.2 5.565068493E-05 -2.140410959E-05
135.4 5.139802632E-05 4.28316886E-05
135.6 4.714070214E-05 6.428277564E-05
135.8 4.716657519E-05 3.215902854E-05
136 4.290225151E-05 -1.298104484E-20
136.2 4.292582418E-05 -1.073145604E-05
136.4 4.294942276E-05 3.221206707E-05
136.6 4.29730473E-05 8.594609461E-05
136.8 3.869702807E-05 3.224752339E-05
137 3.441629956E-05 4.302037445E-05
137.2 3.013085399E-05 5.380509642E-05
137.4 2.584068357E-05 -2.153390298E-05
137.6 2.585493657E-05 -2.154578047E-05
137.8 1.724613687E-05 -4.311534216E-05
138 1.725565986E-05 -6.470872446E-05
138.2 1.294889503E-05 -1.079074586E-05
138.4 8.637368712E-06 3.239013267E-05
138.6 4.321073009E-06 4.321073009E-05
138.8 4.323464305E-06 2.161732153E-05
139 0 1.081464563E-05
139.2 0 -1.373122083E-20
139.4 0 -2.165327051E-05
139.6 0 -1.083264004E-05
139.8 0 -1.08386515E-05
140 0 1.084466963E-05
140.2 0 -1.085069444E-05
140.4 0 -1.085672596E-05
140.6 0 1.086276418E-05
140.8 0 1.086880913E-05
141 0 1.08748608E-05
141.2 0 -2.176183844E-05
141.4 0 -3.266095318E-05
141.6 0 -3.267916899E-05
141.8 0 -4.359654018E-05
142 0 -5.452610274E-05
142.2 0 -1.091131285E-05
142.4 0 2.183482392E-05
142.6 0 -1.09235179E-05
142.8 0 -3.2788892E-05
143 0 -2.187150056E-05
143.2 0 -3.282563025E-05
143.4 0 -1.094801009E-05
143.6 0 1.095415031E-05
143.8 0 1.096029742E-05
144 0 -2.193290286E-05
144.2 0 -4.389044944E-05
144.4 0 -2.195756043E-05
144.6 4.393982002E-06 -2.196991001E-05
144.8 4.396454699E-06 -3.297341024E-05
145 4.39893018E-06 -3.837911789E-21
145.2 4.401408451E-06 6.602112676E-05
145.4 4.403889515E-06 4.403889515E-05
145.6 4.406373378E-06 1.203165886E-20
145.8 4.408860045E-06 3.306645034E-05
146 4.41134952E-06 4.41134952E-05
146.2 4.413841808E-06 2.206920904E-05
146.4 4.416336914E-06 -1.104084228E-05
146.6 4.418834842E-06 -1.831016176E-22
146.8 4.421335597E-06 5.526669496E-05
147 4.423839185E-06 7.741718573E-05
147.2 4.426345609E-06 6.639518414E-05
147.4 4.428854875E-06 1.696147488E-20
147.6 4.431366988E-06 2.215683494E-05
147.8 4.433881952E-06 4.433881952E-05
148 4.436399773E-06 -1.109099943E-05
148.2 4.438920455E-06 -2.219460227E-05
148.4 4.441444002E-06 -1.110361001E-05
148.6 8.887940842E-06 -1.110992605E-05
148.8 1.333949915E-05 -2.223249858E-05
149 1.779612756E-05 -1.112257973E-05
149.2 2.225783476E-05 2.18536338E-20
149.4 2.672462942E-05 1.853955555E-20
149.6 3.119652025E-05 3.342484313E-05
149.8 3.121432648E-05 2.229594749E-05
150 3.123215306E-05 2.230868075E-05
150.2 3.571428571E-05 5.580357143E-05
150.4 4.020154374E-05 5.583547742E-05
150.6 4.022454233E-05 7.821438787E-05
150.8 3.577561534E-05 7.825915856E-05
151 2.684707904E-05 3.35588488E-05
151.2 3.133954155E-05 6.715616046E-05
151.4 2.239822248E-05 7.839377867E-05
151.6 1.344664372E-05 2.241107286E-05
151.8 1.34543628E-05 4.4847876E-05
152 8.974727168E-06 2.243681792E-05
152.2 1.346982759E-05 -2.244971264E-05
152.4 8.985048879E-06 1.12313111E-05
152.6 4.495109321E-06 2.247554661E-05
152.8 4.497697179E-06 1.124424295E-05
153 4.500288018E-06 1.125072005E-05
153.2 4.502881844E-06 -2.251440922E-05
153.4 4.505478662E-06 -2.252739331E-05
153.6 0 -3.381058857E-05
153.8 0 -5.638351617E-05
154 0 -3.384965338E-05
154.2 0 -1.128973988E-05
154.4 0 -2.259253904E-05
154.6 0 -5.651403356E-05
154.8 4.523740591E-06 -6.785610886E-05
155 4.52636153E-06 -5.657951912E-05
155.2 4.528985507E-06 -4.528985507E-05
155.4 0 -6.797418794E-05
155.6 4.5342426E-06 -5.66780325E-05
155.8 4.536875726E-06 -6.805313589E-05
156 4.539511912E-06 -5.67438989E-05
156.2 4.542151163E-06 -3.406613372E-05
156.4 4.544793485E-06 -5.680991856E-05
156.6 4.547438882E-06 -4.547438882E-05
156.8 4.550087362E-06 -6.825131043E-05
157 4.552738928E-06 -7.967293124E-05
157.2 4.555393586E-06 -4.555393586E-05
157.4 9.116102684E-06 -2.279025671E-05
157.6 4.560712201E-06 -4.450922264E-21
157.8 9.126752336E-06 2.281688084E-05
158 9.132086499E-06 6.849064874E-05
158.2 9.137426901E-06 6.853070175E-05
158.4 9.142773552E-06 -5.71423347E-05
158.6 4.574063232E-06 -6.861094848E-05
158.8 9.153485647E-06 -1.144185706E-05
159 9.158851114E-06 -4.579425557E-05
159.2 9.164222874E-06 1.145527859E-05
159.4 4.584800469E-06 9.169600939E-05
159.6 4.58749266E-06 -8.132956788E-21
159.8 4.590188014E-06 -4.590188014E-05
160 0 2.296443269E-05
160.2 0 4.595588235E-05
160.4 0 3.448719835E-05
160.6 4.601001178E-06 -3.450750883E-05
160.8 4.603712434E-06 -8.056496759E-05
161 9.212853774E-06 -1.151606722E-05
161.2 1.382743363E-05 6.913716814E-05
161.4 1.844746163E-05 2.305932704E-05
161.6 1.845835794E-05 -2.307294743E-05
161.8 2.308658392E-05 1.154329196E-05
162 1.848018924E-05 -1.325078169E-20
162.2 2.311390533E-05 -2.311390533E-05
162.4 2.312759029E-05 -4.625518058E-05
162.6 2.314129147E-05 -3.47119372E-05
162.8 2.778601067E-05 3.473251334E-05
163 2.316874259E-05 5.840756785E-21
163.2 2.318249258E-05 -2.318249258E-05
163.4 1.855700713E-05 2.319625891E-05
163.6 1.392602496E-05 -2.321004159E-05
163.8 9.289536266E-06 -3.4835761E-05
164 4.647531231E-06 1.161882808E-05
164.2 4.650297619E-06 1.162574405E-05
164.4 0 -1.163266825E-05
164.6 4.655840286E-06 -2.518261892E-20
164.8 4.658616577E-06 3.493962433E-05
165 4.661396181E-06 5.826745227E-05
165.2 4.664179104E-06 1.166044776E-05
165.4 4.666965352E-06 -2.333482676E-05
165.6 9.339509863E-06 -1.167438733E-05
165.8 0 9.999644353E-21
166 4.675344105E-06 -2.337672053E-05
166.2 4.678143713E-06 1.169535928E-05
166.4 4.680946675E-06 3.510710006E-05
166.6 4.683752998E-06 1.170938249E-05
166.8 9.373125375E-06 4.686562687E-05
167 4.68937575E-06 4.68937575E-05
167.2 4.692192192E-06 2.346096096E-05
167.4 4.695012019E-06 1.173753005E-05
167.6 4.697835238E-06 4.697835238E-05
167.8 4.700661853E-06 8.226158243E-05
168 4.703491872E-06 8.231110777E-05
168.2 0 4.706325301E-05
168.4 0 3.531871609E-05
168.6 0 1.178000603E-05
168.8 0 2.357423054E-05
169 0 7.076539855E-05
169.2 0 7.08081571E-05
169.4 0 7.085096735E-05
169.6 4.726255293E-06 1.181563823E-05
169.8 4.729116223E-06 -3.546837167E-05
170 1.419594185E-05 2.365990309E-05
170.2 1.420454545E-05 2.367424242E-05
170.4 1.421315949E-05 -2.368859915E-05
170.6 1.896237864E-05 1.185148665E-05
170.8 1.897389192E-05 4.743472981E-05
171 1.42390644E-05 2.3731774E-05
171.2 1.899696049E-05 1.18731003E-05
171.4 1.900851582E-05 3.564096715E-05
171.6 1.426506391E-05 1.188755326E-05
171.8 1.90316687E-05 1.189479294E-05
172 1.90432663E-05 2.380408288E-05
172.2 1.905487805E-05 -7.493740406E-21
172.4 1.906650397E-05 7.447447286E-21
172.6 1.907814408E-05 -5.061808321E-21
172.8 1.908979841E-05 -1.168560379E-20
173 2.387683374E-05 -1.193841687E-05
173.2 2.866972477E-05 -1.194571865E-05
173.4 2.86872705E-05 -1.195302938E-05
173.6 2.870483772E-05 -3.588104715E-05
173.8 2.872242647E-05 -5.983838848E-05
174 2.874003679E-05 -7.185009197E-05
174.2 2.875766871E-05 -4.792944785E-05
174.4 2.877532228E-05 -4.795887047E-05
174.6 2.399416462E-05 -2.399416462E-05
174.8 2.400891211E-05 -1.200445605E-05
175 2.882841328E-05 1.201183887E-05
175.2 2.884615385E-05 4.807692308E-05
175.4 2.405326355E-05 2.405326355E-05
175.6 1.925446704E-05 6.017020949E-05
175.8 1.926633785E-05 8.429022811E-05
176 1.927822332E-05 8.434222702E-05
176.2 1.929012346E-05 9.645061728E-05
176.4 1.93020383E-05 6.031886967E-05
176.6 1.931396786E-05 2.130097067E-20
176.8 1.932591218E-05 -3.623608534E-05
177 1.450340347E-05 -4.834467822E-05
177.2 1.93498452E-05 -1.209365325E-05
177.4 1.936183395E-05 1.210114622E-05
177.6 1.937383757E-05 1.210864848E-05
177.8 1.938585608E-05 -1.211616005E-05
178 2.909683426E-05 1.212368094E-05
178.2 2.426242236E-05 2.426242236E-05
178.4 2.427750155E-05 -1.213875078E-05
178.6 3.40096393E-05 -4.8585199E-05
178.8 3.889234599E-05 -3.646157436E-05
179 3.891656289E-05 -2.432285181E-05
179.2 4.867601246E-05 1.216900312E-05
179.4 3.896508728E-05 1.217658978E-05
179.6 4.386306925E-05 -7.310511541E-05
179.8 4.876716604E-05 -8.534254057E-05
180 5.367738913E-05 -6.09970331E-05
180.2 5.859375E-05 -4.8828125E-05
180.4 6.351626016E-05 -4.885866166E-05
180.6 7.333385482E-05 -3.666692741E-05
180.8 7.337977458E-05 2.445992486E-05
181 7.342575188E-05 4.895050125E-05
181.2 7.347178683E-05 -1.224529781E-05
181.4 7.841907152E-05 2.450595985E-05
181.6 7.356403013E-05 4.904268675E-05
181.8 7.361023869E-05 2.453674623E-05
182 7.365650534E-05 3.682825267E-05
182.2 7.86163522E-05 1.228380503E-05
182.4 7.374921334E-05 -3.687460667E-05
182.6 7.871536524E-05 1.229927582E-05
182.8 6.891934468E-05 1.230702583E-05
183 6.89627995E-05 -1.231478562E-05
183.2 6.900630915E-05 -3.696766562E-05
183.4 6.41177399E-05 -1.23303346E-05
183.6 6.415824384E-05 3.701437145E-05
183.8 6.419879899E-05 -1.234592288E-05
184 6.423940544E-05 -1.235373182E-05
184.2 6.428006329E-05 2.472310127E-05
184.4 6.432077264E-05 1.236937935E-05
184.6 6.436153359E-05 4.949977437E-20
184.8 6.440234623E-05 -1.238506658E-05
185 6.444321066E-05 1.044415339E-20
185.2 6.448412698E-05 2.48015873E-05
185.4 6.45250953E-05 -1.240867217E-05
185.6 5.959949142E-05 2.483312142E-05
185.8 5.466762087E-05 1.242445929E-05
186 5.470241884E-05 -3.729710376E-05
186.2 5.97133758E-05 1.244028662E-05
186.4 6.971000637E-05 4.97928617E-05
186.6 6.477200255E-05 3.736846301E-05
186.8 5.982769623E-05 1.246410338E-05
187 5.986590038E-05 1.247206258E-05
187.2 5.990415335E-05 1.248003195E-05
187.4 5.994245524E-05 -2.497602302E-05
187.6 5.998080614E-05 -3.748800384E-05
187.8 6.001920615E-05 -2.500800256E-05
188 6.005765535E-05 2.748415702E-20
188.2 6.009615385E-05 1.252003205E-05
188.4 6.013470173E-05 1.400370625E-20
188.6 6.01732991E-05 1.253610398E-05
188.8 6.021194605E-05 1.254415543E-05
189 6.025064267E-05 2.510443445E-05
189.2 6.028938907E-05 1.3965936E-21
189.4 6.032818533E-05 -6.284185972E-05
189.6 6.036703155E-05 -2.515292981E-05
189.8 6.543975515E-05 3.77537049E-05
190 6.044487427E-05 2.912112195E-21
190.2 6.552419355E-05 -3.780241935E-05
190.4 6.556649451E-05 1.260894125E-05
190.6 6.05620155E-05 -1.261708656E-05
190.8 6.060116354E-05 -5.050096962E-05
191 5.558699871E-05 -2.526681759E-05
191.2 6.067961165E-05 -1.264158576E-05
191.4 6.071891192E-05 1.264977332E-05
191.6 6.075826312E-05 -2.531594297E-05
191.8 6.079766537E-05 -2.533236057E-05
192 6.083711875E-05 1.267439974E-05
192.2 6.087662338E-05 -2.536525974E-05
192.4 5.583983106E-05 -6.345435348E-05
192.6 5.587613784E-05 -5.079648895E-05
192.8 5.591249187E-05 -1.270738452E-05
193 5.594889323E-05 -1.271565755E-05
193.2 5.598534202E-05 2.544788274E-05
193.4 5.602183833E-05 3.819670795E-05
193.6 6.115459883E-05 -3.822162427E-05
193.8 6.119451697E-05 -2.54977154E-05
194 6.123448726E-05 2.551436969E-05
194.2 6.12745098E-05 -6.968891264E-22
194.4 6.13145847E-05 3.971484489E-21
194.6 6.135471204E-05 -1.278223168E-05
194.8 6.139489194E-05 -3.837180747E-05
195 6.143512451E-05 1.279898427E-05
195.2 6.147540984E-05 2.56147541E-05
195.4 6.151574803E-05 9.202111892E-21
195.6 6.15561392E-05 -2.564839133E-05
195.8 6.159658344E-05 2.56652431E-05
196 5.650065746E-05 3.852317554E-05
196.2 5.139802632E-05 -1.284950658E-05
196.4 4.628867676E-05 -3.85738973E-05
196.6 4.117259552E-05 -3.85993083E-05
196.8 4.119973632E-05 2.57498352E-05
197 4.122691293E-05 5.153364116E-05
197.2 4.125412541E-05 3.867574257E-05
197.4 4.128137384E-05 2.580085865E-05
197.6 4.647224058E-05 3.872686715E-05
197.8 4.650297619E-05 2.583498677E-05
198 4.653375248E-05 1.292604236E-05
198.2 4.656456954E-05 -1.293460265E-05
198.4 4.659542744E-05 -5.177269715E-05
198.6 4.662632626E-05 -7.771054377E-05
198.8 5.184140677E-05 -9.072246184E-05
199 5.706341301E-05 -6.484478752E-05
199.2 5.1910299E-05 -5.1910299E-05
199.4 5.194481383E-05 -3.895861037E-05
199.6 5.197937458E-05 -2.598968729E-05
199.8 5.721537949E-05 2.732435979E-20
200 5.725349767E-05 -1.301215856E-05
200.2 5.729166667E-05 -3.90625E-05
200.4 5.211807872E-05 -2.605903936E-05
200.6 5.215287049E-05 -2.388795925E-20
200.8 5.218770875E-05 -1.304692719E-05
201 5.222259358E-05 -1.30556484E-05
201.2 5.225752508E-05 1.427906118E-20
201.4 5.752175368E-05 -3.921937751E-05
201.6 5.756028131E-05 -5.232752847E-05
201.8 6.80713807E-05 -2.618130027E-05
202 7.859657948E-05 -8.963536826E-21
202.2 8.913590604E-05 -2.439195133E-20
202.4 9.444257891E-05 -1.311702485E-05
202.6 0.0001050067204 1.110394148E-20
202.8 9.982347007E-05 1.313466711E-05
203 0.0001051480485 -1.314350606E-05
203.2 0.0001157407407 -2.63047138E-05
203.4 0.000121083221 -1.316121968E-05
203.6 0.0001211648685 -1.31700944E-05
203.8 0.0001317898111 1.317898111E-05
204 0.000142429102 1.318787981E-05
204.2 0.0001478040541 -7.718834783E-21
204.4 0.0001479039892 3.961713996E-05
204.6 0.0001480040595 3.964394452E-05
204.8 0.0001481042654 2.644719025E-05
205 0.000148204607 2.64651084E-05
205.2 0.0001536016949 2.648305085E-05
205.4 0.0001484056988 2.650101764E-05
205.6 0.0001485064494 -4.877712209E-21
205.8 0.000148607337 -2.653702446E-05
206 0.0001540193746 -1.327753229E-05
206.2 0.0001541241497 1.328656463E-05
206.4 0.0001489108237 -1.329560926E-05
206.6 0.0001490122616 -5.321866485E-05
206.8 0.0001491138378 -6.656867757E-05
207 0.0001545446794 -6.661408595E-05
207.2 0.0001546501706 -5.332764505E-05
207.4 0.0001494193989 -4.002305328E-05
207.6 0.0001441814764 -2.670027341E-05
207.8 0.0001389363885 -1.335926813E-05
208 0.0001443788501 1.336841205E-05
208.2 0.0001444777397 1.337756849E-05
208.4 0.0001499314599 -1.338673749E-05
208.6 0.0001553926612 -1.339591907E-05
208.8 0.0001662234043 -1.340511325E-05
209 0.0001717032967 -1.341432005E-05
209.2 0.0001771907216 1.342353952E-05
209.4 0.000177312586 2.726246174E-20
209.6 0.0001828114246 -2.688403304E-05
209.8 0.0001775568182 1.34512741E-05
210 0.000172294969 5.384217781E-05
210.2 0.0001670258621 3.616932072E-20
210.4 0.0001617494824 -4.04373706E-05
210.6 0.0001564658149 -1.348843232E-05
210.8 0.0001511748445 2.699550795E-05
211 0.000145876556 5.402835408E-05
211.2 0.0001405709343 5.406574394E-05
211.4 0.000135257964 1.35257964E-05
211.6 0.0001299376299 -2.707033957E-05
211.8 0.0001191920943 -2.708911234E-05
212 0.0001084316447 -4.066186676E-05
212.2 9.765625E-05 -4.069010417E-05
212.4 8.686587908E-05 -2.714558721E-05
212.6 7.60605007E-05 -8.525157383E-21
212.8 6.524008351E-05 4.077505219E-05
213 5.44045961E-05 5.44045961E-05
213.2 4.355400697E-05 2.722125436E-05
213.4 3.813633194E-05 -2.72402371E-05
213.6 3.27110956E-05 -6.814811584E-05
213.8 2.727828212E-05 -5.455656425E-05
214 2.729734451E-05 -1.364867226E-05
214.2 2.731643357E-05 2.731643357E-05
214.4 2.733554934E-05 2.733554934E-05
214.6 2.735469188E-05 -4.103203782E-05
214.8 2.737386125E-05 -4.106079187E-05
215 3.83502805E-05 -1.369652875E-05
215.2 4.385964912E-05 -1.370614035E-05
215.4 4.937675562E-05 -1.371576545E-05
215.6 4.941145467E-05 -1.372540408E-05
215.8 4.944620253E-05 2.747011252E-05
216 4.398311049E-05 2.748944405E-05
216.2 4.401408451E-05 -5.501760563E-05
216.4 4.404510218E-05 -6.882047216E-05
216.6 4.958568406E-05 -2.754760226E-05
216.8 5.51340861E-05 -1.378352152E-05
217 5.51730226E-05 9.625323708E-21
217.2 5.521201413E-05 -1.026193777E-20
217.4 5.525106082E-05 -6.906382603E-05
217.6 6.081917905E-05 -6.911270347E-05
217.8 5.532932011E-05 -2.766466006E-05
218 6.090538625E-05 -4.152639972E-05
218.2 6.094858156E-05 -4.155585106E-05
218.4 5.544712562E-05 -2.772356281E-05
218.6 4.993785511E-05 1.387162642E-05
218.8 4.442075338E-05 1.388148543E-05
219 3.88958037E-05 1.389135846E-05
219.2 3.336298932E-05 4.170373665E-05
219.4 2.782229345E-05 2.782229345E-05
219.6 2.784212402E-05 1.860761655E-21
219.8 2.228958631E-05 -1.393099144E-05
220 1.672912206E-05 -1.394093505E-05
220.2 1.116071429E-05 5.758825496E-21
220.4 1.116869192E-05 -2.792172981E-05
220.6 5.588340486E-06 -4.191255365E-05
220.8 5.59234073E-06 1.398085183E-05
221 5.596346705E-06 4.197260029E-05
221.2 5.600358423E-06 1.400089606E-05
221.4 5.604375897E-06 1.90356935E-20
221.6 5.608399139E-06 1.565879009E-20
221.8 0 1.40310704E-05
222 5.616462976E-06 2.808231488E-05
222.2 5.620503597E-06 1.405125899E-05
222.4 5.624550036E-06 1.406137509E-05
222.6 5.628602305E-06 1.224473829E-20
222.8 0 -1.408165105E-05
223 0 -6.62198822E-21
223.2 0 1.410198556E-05
223.4 0 1.411217486E-05
223.6 0 2.800224073E-20
223.8 0 -2.826519537E-05
224 0 -1.414283128E-05
224.2 0 2.830615942E-05
224.4 0 -2.8326686E-05
224.6 0 -4.252086357E-05
224.8 0 -1.528184409E-20
225 0 -5.441257253E-20
225.2 0 -1.420454545E-05
225.4 0 -1.421488355E-05
225.6 0 -1.173296197E-20
225.8 0 -5.180379346E-20
226 0 -1.424598833E-05
226.2 0 -4.276916058E-05
226.4 0 -1.426680058E-05
226.6 0 2.855445906E-05
226.8 0 1.428767374E-05
227 0 -8.278517435E-21
227.2 0 -1.430860806E-05
227.4 0 -2.863819648E-05
227.6 0 -4.133816065E-20
227.8 0 4.302037445E-05
228 5.740264511E-06 1.204839098E-20
228.2 1.148897059E-05 -4.308363971E-05
228.4 1.724613687E-05 -2.874356144E-05
228.6 2.301178203E-05 -2.876472754E-05
228.8 2.878592483E-05 -1.439296242E-05
229 3.456858407E-05 -2.880715339E-05
229.2 4.03597786E-05 -1.441420664E-05
229.4 4.038958641E-05 1.442485229E-05
229.6 4.619364375E-05 -1.443551367E-05
229.8 5.200628698E-05 1.444619083E-05
230 5.204478164E-05 4.337065137E-05
230.2 5.208333333E-05 2.893518519E-05
230.4 5.212194218E-05 2.895663454E-05
230.6 5.216060831E-05 1.098307964E-20
230.8 5.219933185E-05 2.041611204E-20
231 5.223811293E-05 5.80423477E-05
231.2 5.808550186E-05 8.712825279E-05
231.4 5.812872024E-05 8.719308036E-05
231.6 6.398920328E-05 2.908600149E-05
231.8 6.985842027E-05 -1.715206643E-20
232 7.573639075E-05 5.825876212E-05
232.2 8.162313433E-05 5.830223881E-05
232.4 8.168409261E-05 4.375933532E-05
232.6 8.758408072E-05 2.919469357E-05
232.8 8.764958863E-05 -1.460826477E-05
233 8.771519461E-05 8.358121437E-21
233.2 8.778089888E-05 2.926029963E-05
233.4 8.784670165E-05 2.928223388E-05
233.6 8.791260315E-05 2.930420105E-05
233.8 9.384384384E-05 4.39893018E-05
234 8.804470323E-05 5.869646882E-05
234.2 9.398496241E-05 1.468515038E-05
234.4 9.993416102E-05 -1.469620015E-05
234.6 0.0001000094127 2.941453313E-05
234.8 0.0001059721176 2.943669932E-05
235 0.000111943816 7.465113349E-21
235.2 0.0001179245283 1.474056604E-05
235.4 0.0001180135952 1.47516994E-05
235.6 0.0001240079365 -1.476284958E-05
235.8 0.0001241017398 -5.909606657E-05
236 0.0001241956851 -4.435560182E-05
236.2 0.0001242897727 -2.959280303E-05
236.4 0.000124384003 -2.961523882E-05
236.6 0.0001244783763 -1.818649444E-21
236.8 0.0001245728929 2.762575835E-20
237 0.0001306041033 1.535203888E-20
237.2 0.0001366444867 -1.48526616E-05
237.4 0.0001426940639 -4.459189498E-05
237.6 0.0001487528561 -2.975057121E-05
237.8 0.0001488662348 1.971811372E-21
238 0.0001489797864 -1.204744246E-20
238.2 0.0001490935115 -1.490935115E-05
238.4 0.0001432391138 -1.492074102E-05
238.6 0.0001433486239 -2.986429664E-05
238.8 0.0001434583015 -1.313125423E-20
239 0.000143568147 1.495501531E-05
239.2 0.000149664751 -1.49664751E-05
239.4 0.0001497795245 -1.497795245E-05
239.6 0.0001498944743 1.498944743E-05
239.8 0.0001500096006 4.500288018E-05
240 0.0001501249039 1.501249039E-05
240.2 0.0001442307692 -5.055255553E-21
240.4 0.0001383275597 1.503560431E-05
240.6 0.0001324152542 3.009437596E-05
240.8 0.0001264938319 3.011757903E-05
241 0.0001265914352 1.507040895E-05
241.2 0.0001327220077 -1.438536363E-20
241.4 0.0001388620556 -3.01874034E-05
241.6 0.0001450116009 -6.042150039E-05
241.8 0.0001511706656 -3.023413313E-05
242 0.0001512877614 -1.512877614E-05
242.2 0.0001514050388 4.542151163E-05
242.4 0.0001454615981 9.091349884E-05
242.6 0.0001455745342 -1.516401398E-05
242.8 0.0001456876457 -3.035159285E-05
243 0.0001458009331 -6.051332358E-20
243.2 0.0001459143969 -4.559824903E-05
243.4 0.0001460280374 -4.563376168E-05
243.6 0.000146141855 -1.089723663E-21
243.8 0.0001462558502 1.52349844E-05
244 0.0001463700234 -3.049375488E-05
244.2 0.000146484375 -1.525878906E-05
244.4 0.0001465989054 -1.527071931E-05
244.6 0.000146713615 -4.584800469E-05
244.8 0.00014071065 -1.529463587E-05
245 0.000128575627 1.530662226E-05
245.2 0.0001225490196 3.06372549E-05
245.4 0.0001165129513 3.066130298E-05
245.6 0.0001104673998 3.672761333E-20
245.8 0.0001105542453 -1.535475629E-05
246 0.0001106412274 1.536683714E-05
246.2 0.0001107283465 2.310225739E-20
246.4 0.0001108156028 -3.07821119E-05
246.6 0.0001170642744 -1.540319401E-05
246.8 0.0001171566693 -4.624605367E-05
247 0.0001172492101 -4.628258294E-05
247.2 0.0001173418972 -1.543972332E-05
247.4 0.000117434731 -3.090387658E-05
247.6 0.0001175277118 -1.54641726E-05
247.8 0.0001176208399 -2.412268712E-20
248 0.0001177141158 -1.548869944E-05
248.2 0.0001178075397 -4.650297619E-05
248.4 0.000117901112 -1.551330421E-05
248.6 0.0001179948331 4.657690779E-05
248.8 0.0001180887033 4.632640831E-20
249 0.0001244028662 -4.665107484E-05
249.2 0.0001307270916 3.112549801E-05
249.4 0.0001308313397 4.672547847E-05
249.6 0.0001309357542 -1.558758978E-05
249.8 0.0001310403355 -1.560003994E-05
250 0.0001311450839 -1.561250999E-05
250.2 0.00013125 2.870801369E-21
250.4 0.0001313550841 -1.563751001E-05
250.6 0.0001314603365 -4.695012019E-05
250.8 0.0001315657578 2.548432767E-21
251 0.0001316713483 -2.285043552E-20
251.2 0.0001317771084 -3.137550201E-05
251.4 0.0001318830386 -1.570036174E-05
251.6 0.0001319891392 4.983539112E-21
251.8 0.0001320954106 -1.572564412E-05
252 0.0001322018533 -1.573831587E-05
252.2 0.0001323084677 3.150201613E-05
252.4 0.0001324152542 3.152744149E-05
252.6 0.0001325222132 1.577645396E-05
252.8 0.0001326293452 4.736762328E-05
253 0.0001327366505 4.74059466E-05
253.2 0.0001391700405 7.907388664E-05
253.4 0.0001392828201 6.331037277E-05
253.6 0.0001393957826 -7.920214923E-05
253.8 0.0001395089286 -6.341314935E-05
254 0.000133275792 1.586616572E-05
254.2 0.0001333841463 6.351626016E-05
254.4 0.000133492677 4.767595606E-05
254.6 0.0001336013844 3.180985342E-05
254.8 0.0001337102689 6.367155664E-05
255 0.0001338193312 -1.448815514E-20
255.2 0.0001339285714 -3.18877551E-05
255.4 0.0001340379902 -2.496072199E-20
255.6 0.0001341475879 1.596995094E-05
255.8 0.000134257365 1.598301964E-05
256 0.0001343673219 1.599610975E-05
256.2 0.000134477459 3.201844262E-05
256.4 0.0001345877769 6.408941756E-05
256.6 0.0001346982759 4.810652709E-05
256.8 0.0001348089565 6.419474117E-05
257 0.0001349198191 3.212376645E-05
257.2 0.0001350308642 3.215020576E-05
257.4 0.0001351420923 3.217668863E-05
257.6 0.0001352535037 -1.610160758E-05
257.8 0.000135365099 3.222978548E-05
258 0.0001354768786 3.225639967E-05
258.2 0.000135588843 1.614152893E-05
258.4 0.0001357009926 1.615488007E-05
258.6 0.0001293460265 3.233650662E-05
258.8 0.0001229805302 9.708989229E-05
259 0.0001166044776 6.478026534E-05
259.2 0.0001102178423 1.620850622E-05
259.4 0.000103820598 -1.622196844E-05
259.6 9.74127182E-05 -4.87063591E-05
259.8 9.099417637E-05 -1.624896007E-05
260 8.456494588E-05 1.203641465E-21
260.2 7.8125E-05 -1.236329261E-20
260.4 7.167431193E-05 1.628961635E-05
260.6 6.521285476E-05 4.890964107E-05
260.8 5.87406015E-05 3.26336675E-05
261 5.225752508E-05 1.633047659E-05
261.2 4.576359833E-05 -1.634414226E-05
261.4 3.925879397E-05 -6.543132328E-05
261.6 3.274308466E-05 -8.185771165E-05
261.8 2.621644295E-05 -8.192638423E-05
262 1.967884131E-05 -4.919710327E-05
262.2 1.31302521E-05 -4.923844538E-05
262.4 6.570647603E-06 -8.213309504E-05
262.6 0 -3.288089226E-05
262.8 0 3.290859309E-05
263 6.587268128E-06 3.293634064E-05
263.2 1.318565401E-05 1.648206751E-05
263.4 1.979518581E-05 -4.948796453E-05
263.6 2.64158918E-05 -6.60397295E-05
263.8 3.965736041E-05 -1.652390017E-05
264 4.630609653E-05 1.653789162E-05
264.2 5.296610169E-05 1.655190678E-05
264.4 5.963740458E-05 4.969783715E-05
264.6 6.632003396E-05 3.316001698E-05
264.8 7.301401869E-05 -1.659409516E-05
265 7.971938776E-05 3.321641156E-05
265.2 8.643617021E-05 1.662234043E-05
265.4 9.316439523E-05 -4.990949744E-05
265.6 9.990409207E-05 1.462003068E-21
265.8 0.0001066552901 -1.369653777E-20
266 0.0001134180188 -1.667912041E-05
266.2 0.0001135149573 -1.669337607E-05
266.4 0.000120295124 -6.683062447E-05
266.6 0.0001270869007 -1.672196062E-05
266.8 0.0001338903171 -2.295490251E-20
267 0.0001340051458 -1.675064322E-05
267.2 0.0001408261803 -1.676502146E-05
267.4 0.0001476589347 -1.67794244E-05
267.6 0.0001477858985 -1.679385211E-05
267.8 0.0001546364028 -1.680830465E-05
268 0.0001547695952 1.682278208E-05
268.2 0.0001549030172 3.367456897E-05
268.4 0.0001550366695 1.685181191E-05
268.6 0.0001551705527 1.686636442E-05
268.8 0.0001553046672 3.376188418E-05
269 0.0001554390138 3.379108997E-05
269.2 0.0001488095238 5.073051948E-05
269.4 0.0001557084055 3.384965338E-05
269.6 0.0001558434519 3.387901127E-05
269.8 0.0001491970486 1.695421007E-05
270 0.0001493266725 1.696894005E-05
270.2 0.0001494565217 5.095108696E-05
270.4 0.000149586597 5.099543081E-05
270.6 0.0001429115854 5.103985192E-05
270.8 0.0001362249346 3.405623365E-05
271 0.0001295266143 5.11289267E-05
271.2 0.0001228165939 1.705786026E-05
271.4 0.0001160948427 -1.707277098E-05
271.6 0.0001093613298 -2.253235184E-20
271.8 0.0001026160245 1.710267075E-05
272 9.585889571E-05 5.135297984E-05
272.2 8.908991228E-05 3.426535088E-05
272.4 8.230904302E-05 1.758651275E-20
272.6 7.551625659E-05 1.716278559E-05
272.8 6.871152155E-05 6.871152155E-05
273 6.189480634E-05 8.59650088E-05
273.2 5.50660793E-05 3.441629956E-05
273.4 6.200396825E-05 -3.444664903E-05
273.6 6.205869373E-05 -3.447705207E-05
273.8 6.21135159E-05 -6.901501767E-05
274 6.216843501E-05 -3.453801945E-05
274.2 5.530973451E-05 1.728429204E-05
274.4 6.22785651E-05 2.066620176E-20
274.6 5.540780142E-05 3.976532824E-21
274.8 5.545696539E-05 -1.733030169E-05
275 6.244449378E-05 -2.185619736E-20
275.2 6.944444444E-05 -1.736111111E-05
275.4 6.255560498E-05 -3.475311388E-05
275.6 6.261130899E-05 -1.739203028E-05
275.8 6.26671123E-05 -1.740753119E-05
276 6.272301517E-05 3.484611954E-05
276.2 5.580357143E-05 3.487723214E-05
276.4 4.88717605E-05 -1.745420018E-05
276.6 4.192754919E-05 1.746981216E-05
276.8 3.497090421E-05 6.994180842E-05
277 2.800179211E-05 7.000448029E-05
277.2 2.802690583E-05 -2.26882505E-20
277.4 2.805206463E-05 -1.753254039E-05
277.6 2.807726864E-05 -3.50965858E-05
277.8 2.810251799E-05 -1.756407374E-05
278 2.109585959E-05 -1.757988299E-05
278.2 2.111486486E-05 -8.79786036E-05
278.4 2.113390442E-05 -3.522317403E-05
278.6 2.115297834E-05 3.391825222E-20
278.8 3.52868112E-05 9.128189648E-21
279 4.238245931E-05 5.297807414E-05
279.2 4.949095023E-05 -1.41334642E-20
279.4 5.661231884E-05 -5.307404891E-05
279.6 6.374660018E-05 -1.770738894E-05
279.8 7.08938294E-05 -1.772345735E-05
280 7.805404178E-05 3.54791099E-05
280.2 7.8125E-05 5.326704545E-05
280.4 7.819608735E-05 3.554367607E-05
280.6 7.826730419E-05 3.557604736E-05
280.8 8.54603464E-05 -5.542380661E-21
281 9.26665146E-05 1.782048358E-05
281.2 9.988584475E-05 -1.783675799E-05
281.4 0.0001071183729 -1.785306216E-05
281.6 0.0001143641354 3.573879231E-05
281.8 0.0001216231685 1.788576007E-05
282 0.0001217346471 -6.557414656E-20
282.2 0.0001218463303 1.791857798E-05
282.4 0.0001219582185 3.587006428E-05
282.6 0.0001292509191 -3.225945267E-20
282.8 0.0001293698252 3.593606256E-05
283 0.0001294889503 0.000125892035
283.2 0.0001368087558 0.0001260080645
283.4 0.0001441420664 0.0001261243081
283.6 0.0001514889197 9.017197599E-05
283.8 0.000158849353 3.610212569E-05
284 0.0001662234043 1.806776133E-05
284.2 0.0001663773148 -5.425347222E-05
284.4 0.0001810125116 -5.430375348E-05
284.6 0.0001956748609 -3.623608534E-05
284.8 0.0002031104921 -0.0001088091922
285 0.0002105599442 -0.000108910316
285.2 0.0002180232558 -3.63372093E-05
285.4 0.000218226257 1.818552142E-05
285.6 0.0002257106244 3.640493942E-05
285.8 0.0002259211754 -3.279238664E-20
286 0.000233426704 -1.823646125E-05
286.2 0.0002409462617 -2.581396214E-20
286.4 0.0002484798877 -7.308231993E-05
286.6 0.0002560276217 -1.828768727E-05
286.8 0.0002562675726 9.152413308E-05
287 0.0002565079737 -1.122782558E-20
287.2 0.0002567488263 -3.667840376E-05
287.4 0.0002643327068 -3.671786267E-20
287.6 0.0002645813735 -5.512111947E-05
287.8 0.0002721869115 1.839100753E-05
288 0.0002724434496 7.363336475E-05
288.2 0.0002653301887 -1.842570755E-05
288.4 0.0002582034939 -1.84431067E-05
288.6 0.0002584475425 -3.847265606E-20
288.8 0.000258692053 -5.543401135E-05
289 0.0002589370265 -5.548650568E-05
289.2 0.0002591824645 -1.851303318E-05
289.4 0.0002742528463 3.706119545E-05
289.6 0.0002745132953 0.0001298373694
289.8 0.0002673479087 0.000129960789
290 0.0002676022835 1.858349191E-05
290.2 0.0002678571429 -5.580357143E-05
290.4 0.000260664919 -1.861892278E-05
290.6 0.0002534589695 5.591006679E-05
290.8 0.0002313156638 3.730897803E-05
291 0.0002315368069 -1.867232314E-05
291.2 0.0002242822967 -1.869019139E-05
291.4 0.0002095306513 -1.870809387E-05
291.6 0.0002097315436 -1.872603068E-05
291.8 0.0002174304223 -1.874400192E-05
292 0.0002101344861 2.211055641E-20
292.2 0.0002103365385 -5.634014423E-05
292.4 0.0002105389798 -9.399061598E-05
292.6 0.0002107418112 -0.0001693460983
292.8 0.0002109450338 -0.0001695094021
293 0.0001960666023 -3.770511583E-05
293.2 0.0001887077295 -9.435386473E-05
293.4 0.0001737790135 -9.444511605E-05
293.6 0.000173947241 3.781461762E-05
293.8 0.0001665455426 5.677688953E-05
294 0.0001591294859 1.894398642E-05
294.2 0.0001516990291 -1.896237864E-05
294.4 0.0001442541302 5.694241983E-05
294.6 0.0001215953307 7.599708171E-05
294.8 0.0001141066212 1.90177702E-05
295 0.0001142178363 -1.168988229E-20
295.2 0.0001067073171 -3.81097561E-05
295.4 9.918212891E-05 -5.722045898E-05
295.6 9.164222874E-05 -7.636852395E-05
295.8 8.408757339E-05 -1.911081213E-05
296 7.651811949E-05 5.738858962E-05
296.2 6.893382353E-05 7.659313725E-05
296.4 6.133464181E-05 3.833415113E-05
296.6 5.372053045E-05 -2.722760133E-20
296.8 4.609144543E-05 2.596365661E-20
297 3.844734252E-05 -5.767101378E-05
297.2 3.848522167E-05 -7.697044335E-05
297.4 2.311390533E-05 -5.778476331E-05
297.6 2.313672261E-05 -9.640301086E-05
297.8 3.087944664E-05 3.85993083E-05
298 2.318249258E-05 9.659371909E-05
298.2 1.547029703E-05 -5.801361386E-05
298.4 1.548562934E-05 -1.935703667E-05
298.6 1.550099206E-05 1.937624008E-05
298.8 1.55163853E-05 9.697740814E-05
299 1.553180915E-05 0.00013590333
299.2 1.554726368E-05 9.717039801E-05
299.4 1.5562749E-05 0.0001361740538
299.6 1.55782652E-05 5.841849452E-05
299.8 1.559381238E-05 3.898453094E-05
300 1.560939061E-05 -3.902347652E-05
300.2 1.5625E-05 -3.90625E-05
300.4 7.82032032E-06 3.91016016E-05
300.6 1.565631263E-05 3.914078156E-05
300.8 1.567201605E-05 -4.004766607E-20
301 2.353162651E-05 -1.960968876E-05
301.2 2.355527638E-05 1.962939698E-05
301.4 2.357897384E-05 -5.894743461E-05
301.6 2.360271903E-05 -9.834466264E-05
301.8 1.575100806E-05 -3.937752016E-05
302 1.576690212E-05 -1.970862765E-05
302.2 1.578282828E-05 -1.972853535E-05
302.4 1.579878665E-05 -1.974848332E-05
302.6 1.581477733E-05 1.976847166E-05
302.8 1.583080041E-05 -2.582971734E-20
303 1.584685598E-05 -7.923427992E-05
303.2 1.586294416E-05 -1.98286802E-05
303.4 1.587906504E-05 1.378817138E-20
303.6 1.589521872E-05 -5.960707019E-05
303.8 1.59114053E-05 -7.955702648E-05
304 1.592762487E-05 -3.981906218E-05
304.2 1.594387755E-05 1.992984694E-05
304.4 1.596016343E-05 1.995020429E-05
304.6 1.597648262E-05 -1.26964932E-20
304.8 1.599283521E-05 -1.999104401E-05
305 1.600922131E-05 -2.001152664E-05
305.2 1.602564103E-05 -1.064361491E-20
305.4 8.021047228E-06 -2.005261807E-05
305.6 1.605858171E-05 -2.340114792E-21
305.8 8.03755144E-06 6.02816358E-05
306 8.045829042E-06 2.011457261E-05
306.2 1.610824742E-05 -4.027061856E-05
306.4 1.6124871E-05 -2.015608875E-05
306.6 8.070764463E-06 -2.017691116E-05
306.8 8.079110651E-06 -4.039555326E-05
307 8.08747412E-06 -2.02186853E-05
307.2 8.095854922E-06 2.023963731E-05
307.4 8.104253112E-06 -2.026063278E-05
307.6 8.112668744E-06 4.359657252E-21
307.8 8.121101871E-06 6.090826403E-05
308 8.129552549E-06 2.032388137E-05
308.2 8.138020833E-06 -2.034505208E-05
308.4 8.146506778E-06 -2.036626694E-05
308.6 1.631002088E-05 -4.748871274E-20
308.8 1.632706374E-05 -2.040882968E-05
309 2.451621339E-05 4.310971161E-20
309.2 3.272251309E-05 2.045157068E-05
309.4 4.094601677E-05 -2.047300839E-05
309.6 4.918677859E-05 2.723118717E-20
309.8 5.744485294E-05 1.839702251E-20
310 6.572029443E-05 4.397641431E-20
310.2 7.401315789E-05 4.977757954E-22
310.4 8.232349842E-05 -2.05808746E-05
310.6 9.065137131E-05 -7.337399249E-21
310.8 9.074709609E-05 -6.187302006E-05
311 9.084302326E-05 -0.0001445229915
311.2 9.920634921E-05 -0.0001033399471
311.4 0.0001075873941 3.21315161E-20
311.6 0.0001159862142 -1.281777385E-20
311.8 0.0001244028662 -2.073381104E-05
312 0.000132837407 -2.075584485E-05
312.2 0.0001412898936 1.454192774E-20
312.4 0.0001497603834 4.16001065E-05
312.6 0.0001582489339 4.164445629E-05
312.8 0.000166755603 -2.084445037E-05
313 0.0001752804487 -6.260016026E-05
313.2 0.0001838235294 -2.088903743E-05
313.4 0.0001840203426 -8.364561028E-05
313.6 0.0002009646302 -8.373526259E-05
313.8 0.0002095627682 -2.095627682E-05
314 0.0002097878625 -8.391514501E-05
314.2 0.0002268145161 -6.300403226E-05
314.4 0.0002270586652 2.102395048E-05
314.6 0.0002357219828 2.10466056E-05
314.8 0.0002444039914 4.36355792E-20
315 0.0002531047516 -2.109206263E-05
315.2 0.0002618243243 4.83405735E-21
315.4 0.0002705627706 2.113771645E-05
315.6 0.0002793201517 2.116061755E-05
315.8 0.000279623102 -4.236713666E-05
316 0.0002968919653 -6.361970684E-05
316.2 0.0003057065217 1.408128944E-20
316.4 0.000306039173 -2.125272035E-05
316.6 0.0003233932462 -2.127587146E-05
316.8 0.0003322655398 7.166142878E-21
317 0.0003411572052 -2.132232533E-05
317.2 0.000350068306 4.269125683E-05
317.4 0.0003589989059 8.547592998E-05
317.6 0.000367949069 4.278477547E-05
317.8 0.0003769188596 4.28316886E-05
318 0.0003859083425 2.143935236E-05
318.2 0.0003949175824 8.585164835E-05
318.4 0.0003953520352 8.594609461E-05
318.6 0.0004129955947 2.467834557E-20
318.8 0.0004220644983 4.306780595E-05
319 0.0004225303532 -6.467301325E-05
319.2 0.0004402624309 -6.474447514E-05
319.4 0.0004321073009 2.160536504E-05
319.6 0.0004412375415 4.32585825E-05
319.8 0.0004417267184 0.0001082663525
320 0.0004422169811 6.503190899E-05
320.2 0.0004427083333 6.510416667E-05
320.4 0.00045189099 6.517658509E-05
320.6 0.0004523942094 6.524916481E-05
320.8 0.0004528985507 6.532190635E-05
321 0.0004534040179 0.0001307896205
321.2 0.0004451815642 0.0001091131285
321.4 0.0004544183445 6.554110738E-05
321.6 0.0004549272116 6.561450168E-05
321.8 0.0004554372197 6.568806054E-05
322 0.0004559483726 0.000131523569
322.2 0.0004564606742 0.000153616573
322.4 0.0004481861642 0.0001318194601
322.6 0.000439893018 4.39893018E-05
322.8 0.0004403889515 8.80777903E-05
323 0.0004408860045 0.0001763544018
323.2 0.0004413841808 0.0001324152542
323.4 0.0004507211538 4.418834842E-05
323.6 0.0004600792752 4.423839185E-05
323.8 0.0004694586168 2.913308386E-20
324 0.0004788592509 -4.433881952E-05
324.2 0.00048828125 -2.219460227E-05
324.4 0.0004977246871 -4.443970421E-05
324.6 0.0005071896355 -2.224515945E-05
324.8 0.0005166761688 3.154213944E-21
325 0.0005083476027 -2.229594749E-05
325.2 0.0005089285714 4.464285714E-05
325.4 0.0005095108696 0.0001117348398
325.6 0.0005279925544 6.711769759E-05
325.8 0.0005375573394 2.239822248E-05
326 0.0005471440873 4.4847876E-05
326.2 0.0005477729885 6.734913793E-05
326.4 0.0005484033372 6.742663982E-05
326.6 0.0005490351382 4.500288018E-05
326.8 0.0005586793541 2.252739331E-05
327 0.0005593244804 6.76602194E-05
327.2 0.0005599710983 0.0001128973988
327.4 0.0005696614583 9.04224537E-05
327.6 0.0005793742758 2.263180765E-05
327.8 0.0005981728538 -2.265806265E-05
328 0.0005988675958 2.268437863E-05
328.2 0.0006086482558 0.0001135537791
328.4 0.0006093568102 0.0001364231665
328.6 0.0006009615385 9.105477855E-05
328.8 0.0006107788798 2.279025671E-05
329 0.0006114924065 4.563376168E-05
329.2 0.0006122076023 4.56871345E-05
329.4 0.0006129244731 -4.135606936E-20
329.6 0.0006136430246 -2.289712778E-05
329.8 0.0006143632629 -9.672964874E-20
330 0.0005967244418 -4.590188014E-05
330.2 0.0006066176471 -6.893382353E-05
330.4 0.0005981301531 5.651888612E-21
330.6 0.0006080483491 2.01314997E-21
330.8 0.0006087662338 -4.721290095E-21
331 0.000600251182 -4.617316785E-05
331.2 0.0006102071006 -4.622781065E-05
331.4 0.0006109300948 -5.934622182E-20
331.6 0.0006116548043 -2.316874259E-05
331.8 0.0006216597387 -2.319625891E-05
332 0.0006223989298 5.830907356E-21
332.2 0.000623139881 1.937437458E-20
332.4 0.0006238825983 -2.327920143E-05
332.6 0.0006246270883 2.330698091E-05
332.8 0.0006160394265 2.333482676E-05
333 0.0006074312201 2.349956224E-21
333.2 0.0006175149701 4.678143713E-05
333.4 0.0006088878897 -4.492863287E-20
333.6 0.000600240096 -5.586062543E-20
333.8 0.0006009615385 2.34750601E-05
334 0.0006110860409 2.350330927E-05
334.2 0.0006024096386 2.353162651E-05
334.4 0.000593712304 -4.712002413E-05
334.6 0.0005944293478 -4.717693237E-05
334.8 0.0005951481258 -7.085096735E-05
335 0.0005958686441 -7.093674334E-05
335.2 0.0005871212121 -2.96368915E-20
335.4 0.0005688713592 -4.74059466E-05
335.6 0.0005600698663 -7.119532199E-05
335.8 0.0005607512165 -9.504257908E-05
336 0.0005614342266 -0.0001427375152
336.2 0.0005621189024 -9.527439024E-05
336.4 0.0005437271062 -9.539072039E-05
336.6 0.0005252903423 -0.0001432610024
336.8 0.0005068084455 -9.562423501E-05
337 0.00048828125 -7.180606618E-05
337.2 0.000469708589 -2.396472393E-05
337.4 0.0004606879607 4.798832924E-05
337.6 0.0004516451415 9.609471095E-05
337.8 0.0004233374384 0.0001443195813
338 0.000394959926 4.816584464E-05
338.2 0.0003858024691 4.822530864E-05
338.4 0.0003862793572 9.656983931E-05
338.6 0.0003964263614 7.251701733E-05
338.8 0.000396917596 0.0001210114622
339 0.0003877171216 0.0001211616005
339.2 0.0003784937888 9.704968944E-05
339.4 0.0003789645522 2.357203816E-20
339.6 0.0003794364882 -9.729140722E-05
339.8 0.000379909601 -4.87063591E-05
340 0.0003803838951 2.438358302E-05
340.2 0.000380859375 7.32421875E-05
340.4 0.0003715581977 7.333385482E-05
340.6 0.000352443609 -2.447525063E-05
340.8 0.0003528858218 -7.351787955E-05
341 0.0003533291457 -9.814698492E-05
341.2 0.0003537735849 -9.827044025E-05
341.4 0.0003640585642 -2.459855164E-05
341.6 0.000374369483 -2.462957125E-05
341.8 0.0003748421717 -4.932133838E-05
342 0.0003753160556 -9.876738306E-05
342.2 0.0003757911392 -7.41693038E-05
342.4 0.0003663656527 4.950887199E-05
342.6 0.0003569162437 9.914340102E-05
342.8 0.0003474428208 9.926937738E-05
343 0.0003280057252 9.93956743E-05
343.2 0.0003184713376 4.97611465E-05
343.4 0.000318877551 -4.982461735E-05
343.6 0.000319284802 -7.483237548E-05
343.8 0.0003097026854 2.497602302E-05
344 0.0002900928297 0.0001000320102
344.2 0.0002804487179 5.008012821E-05
344.4 0.000270779846 2.507220796E-05
344.6 0.000271127892 2.510443445E-05
344.8 0.0002513674389 -5.027348777E-05
345 0.000251691366 -7.550740979E-05
345.2 0.0002419354839 -7.560483871E-05
345.4 0.0002321543928 -5.046834625E-05
345.6 0.0002223479948 -2.526681759E-05
345.8 0.0002023963731 -2.529954663E-05
346 0.0002026588846 2.533236057E-05
346.2 0.000192775974 7.015239042E-21
346.4 0.0002031859558 2.539824447E-05
346.6 0.0001932779948 2.54313151E-05
346.8 0.0002037157757 2.546447197E-05
347 0.0002039817232 7.649314621E-05
347.2 0.000204248366 5.10620915E-05
347.4 0.0001942899215 2.556446335E-05
347.6 0.0002047837484 -2.559796855E-05
347.8 0.0002050524934 -5.126312336E-05
348 0.0002053219448 2.56652431E-05
348.2 0.0001953125 2.569901316E-05
348.4 0.0001955698287 -2.57328722E-05
348.6 0.0001855211082 -3.698071557E-20
348.8 0.0001754458388 -5.160171731E-05
349 0.0001756779101 -2.583498677E-05
349.2 0.000175910596 2.58692053E-05
349.4 0.000186505305 7.041670723E-21
349.6 0.000186752988 -2.593791501E-05
349.8 0.0001870013298 -2.597240691E-05
350 0.0001976531292 2.600699068E-05
350.2 0.00021875 5.208333333E-05
350.4 0.0002399032043 5.215287049E-05
350.6 0.0002506684492 5.222259358E-05
350.8 0.0002719210174 0.0001307312584
351 0.0002722855228 0.0001570878016
351.2 0.0002831375839 2.621644295E-05
351.4 0.0002940188172 -2.625168011E-05
351.6 0.0002838997308 -0.0001051480485
351.8 0.0003053402965 -0.0001316121968
352 0.0003162955466 -0.0001054318489
352.2 0.0003272804054 -7.918074324E-05
352.4 0.0003382949932 -2.642929635E-05
352.6 0.0003599254743 -2.64651084E-05
352.8 0.0003710142469 -2.650101764E-05
353 0.0003715183424 -2.653702446E-05
353.2 0.0003932823129 2.657312925E-05
353.4 0.0004044618529 -2.660933243E-05
353.6 0.0004156718963 -7.993690314E-05
353.8 0.0004375853825 2.668203552E-05
354 0.000448871409 5.34370725E-05
354.2 0.0004601883562 -3.37394939E-20
354.4 0.0004715363512 8.03755144E-05
354.6 0.000482915522 0.0001073145604
354.8 0.0004728335626 5.513834002E-20
355 0.0004734848485 3.908308257E-21
355.2 0.000474137931 0.0001077586207
355.4 0.0004747928177 0.0001079074586
355.6 0.0004754495159 5.402835408E-05
355.8 0.0004761080332 2.70515928E-05
356 0.0004767683773 5.417822469E-05
356.2 0.0004774305556 8.839805661E-21
356.4 0.0004780945758 -0.0001086578581
356.6 0.0004787604457 -8.160689415E-05
356.8 0.0004794281729 1.980422659E-21
357 0.0004800977654 -5.455656425E-05
357.2 0.0004807692308 -0.0001365821678
357.4 0.000481442577 -5.470938375E-05
357.6 0.0004711605891 -2.73930575E-05
357.8 0.0004608497191 3.647196629E-20
358 0.0004614978903 8.241033755E-05
358.2 0.0004621478873 -2.750880282E-05
358.4 0.0004627997179 -0.0001377380113
358.6 0.0004524187853 -4.567405407E-20
358.8 0.0004420084866 2.762553041E-05
359 0.0004315686969 5.532932011E-05
359.2 0.0004210992908 8.311170213E-05
359.4 0.000410600142 2.774325284E-05
359.6 0.0004000711238 2.442929567E-20
359.8 0.0003895121083 -2.662592049E-21
360 0.0003789229672 -3.675360649E-20
360.2 0.0003683035714 -5.580357143E-05
360.4 0.0003576537911 -5.588340486E-05
360.6 0.0003469734957 -5.596346705E-05
360.8 0.0003474713056 -2.802187948E-05
361 0.0003367456897 5.612428161E-05
361.2 0.0003147482014 8.430755396E-05
361.4 0.0003039445245 -2.814301153E-05
361.6 0.0002818362193 -5.636724387E-05
361.8 0.0002596640173 8.467304913E-05
362 0.0002374276411 0.0001130607815
362.2 0.0002264492754 5.661231884E-05
362.4 0.0002154390421 2.834724238E-05
362.6 0.0002043968023 -2.966615659E-20
362.8 0.0001933224163 2.84297671E-05
363 0.0001822157434 -2.847120991E-05
363.2 0.0001710766423 -8.553832117E-05
363.4 0.0001484831871 -5.710891813E-05
363.6 0.0001372620791 -2.245665344E-20
363.8 0.0001260080645 8.591458944E-05
364 0.0001032488987 0.0001147209985
364.2 8.042279412E-05 0.0001148897059
364.4 5.752945508E-05 -2.876472754E-05
364.6 5.761430678E-05 -5.761430678E-05
364.8 5.769940916E-05 8.654911374E-05
365 3.467085799E-05 5.778476331E-05
365.2 3.472222222E-05 -2.893518519E-05
365.4 3.477373887E-05 -2.897811573E-05
365.6 3.482540862E-05 1.311003123E-20
365.8 3.487723214E-05 -2.906436012E-05
366 3.492921013E-05 -2.910767511E-05
366.2 3.498134328E-05 2.91511194E-05
366.4 3.503363229E-05 9.485759072E-21
366.6 3.508607784E-05 -5.847679641E-05
366.8 2.342578711E-05 -5.856446777E-05
367 1.173048048E-05 -5.86524024E-05
367.2 1.17481203E-05 -2.937030075E-05
367.4 1.176581325E-05 -2.941453313E-05
367.6 1.178355958E-05 -2.945889894E-05
367.8 1.180135952E-05 5.900679758E-05
368 0 -3.40417153E-20
368.2 0 -5.918560606E-05
368.4 0 -5.92754173E-05
368.6 0 -5.936550152E-05
368.8 0 2.972792998E-05
369 0 2.977324695E-05
369.2 0 1.974456619E-20
369.4 0 -2.986429664E-05
369.6 0 -2.991003063E-05
369.8 0 -2.995590491E-05
370 0 -6.000384025E-05
370.2 0 6.682631415E-20
370.4 0 6.018875193E-05
370.6 0 3.01408179E-05
370.8 0 -3.01874034E-05
371 0 -3.023413313E-05
371.2 0 -1.289235109E-20
371.4 0 3.473067341E-20
371.6 0 -3.676854955E-21
371.8 0 9.018763636E-21
372 0 -1.92259459E-20
372.2 0 4.71502571E-20
372.4 0 -2.126516313E-20
372.6 0 3.061324451E-05
372.8 0 3.066130298E-05
373 0 9.156745124E-20
373.2 0 3.075787402E-05
373.4 0 5.082007782E-20
373.6 0 -3.085505529E-05
373.8 0 3.090387658E-05
374 0 3.095285261E-05
374.2 0 8.499524218E-20
374.4 0 -6.210254372E-05
374.6 0 -1.496490264E-20
374.8 0 9.345095694E-05
375 0 3.120007987E-05
375.2 0 3.019306312E-20
375.4 0 -6.38126036E-20
375.6 0 6.478366594E-21
375.8 0 -1.565349515E-20
376 0 -3.145128824E-05
376.2 0 -6.300403226E-05
376.4 0 -6.310581583E-05
376.6 0 -6.32079288E-05
376.8 0 -6.331037277E-05
377 0 -6.341314935E-05
377.2 0 -6.351626016E-05
377.4 0 -3.180985342E-05
377.6 0 -5.287638953E-20
377.8 0 -3.191380719E-05
378 0 -6.393207856E-05
378.2 0 3.201844262E-05
378.4 0 6.414203612E-05
378.6 0 -1.394383389E-20
378.8 0 -3.217668863E-05
379 0 7.155000159E-21
379.2 0 3.228305785E-05
379.4 0 -2.265212161E-20
379.6 0 3.239013267E-05
379.8 0 6.488787375E-05
380 0 -9.446939583E-21
380.2 0 -3.255208333E-05
380.4 0 -9.700026524E-20
380.6 0 -8.084991786E-20
380.8 0 3.271566164E-05
381 0 2.664141549E-20
381.2 0 1.182202636E-20
381.4 0 -1.20433884E-20
381.6 0 4.592651789E-20
381.8 0 3.299197635E-05
382 0 -1.561621729E-20
382.2 0 -1.662167794E-21
382.4 0 -6.632003396E-05
382.6 0 -6.643282313E-05
382.8 0 -6.654599659E-05
383 0 -6.665955631E-05
383.2 0 4.452904442E-21
383.4 0 -3.109318938E-20
383.6 0 -3.350128645E-05
383.8 0 -6.711769759E-05
384 0 7.515806444E-20
384.2 0 3.367456897E-05
384.4 0 3.618410371E-21
384.6 0 -1.042782774E-20
384.8 0 2.584194059E-20
385 0 -7.307334503E-20
385.2 0 -3.718738453E-20
385.4 0 -7.145679747E-21
385.6 0 6.583166757E-20
385.8 0 -8.561716717E-21
386 0 5.516814209E-21
386.2 0 6.171602055E-21
386.4 0 7.111639216E-21
386.6 0 -8.997586778E-20
386.8 0 -7.280338256E-20
387 0 6.719975254E-20
387.2 0 -3.456858407E-05
387.4 0 -3.462987589E-05
387.6 0 5.614705044E-20
387.8 0 3.596198915E-20
388 0 -8.523388041E-21
388.2 0 -7.044365458E-20
388.4 0 -8.180743363E-20
388.6 0 -3.500224014E-05
388.8 0 -4.625144194E-20
389 0 3.512814748E-05
389.2 0 -5.671676261E-20
389.4 0 -3.52549639E-05
389.6 0 -3.531871609E-05
389.8 0 3.538269928E-05
390 0 3.54469147E-05
390.2 0 3.551136364E-05
390.4 0 1.584966554E-20
390.6 0 -8.37308731E-20
390.8 0 -9.574431894E-20
391 0 -3.577152015E-05
391.2 0 3.583715596E-05
391.4 0 3.590303309E-05
391.6 0 3.596915285E-05
391.8 0 -5.077643873E-20
392 0 -3.683391605E-20
392.2 0 -7.959852098E-20
392.4 0 3.623608534E-05
392.6 0 7.260687732E-05
392.8 0 -3.637104283E-05
393 0 -6.573611962E-20
393.2 0 3.650700935E-05
393.4 1.463014981E-05 1.417784787E-20
393.6 0 -4.43208071E-20
393.8 0 -1.027534871E-19
394 0 -3.678201507E-05
394.2 0 1.772767696E-20
394.4 0 -2.691617871E-20
394.6 0 -0.0001109730114
394.8 0 -3.706119545E-05
395 0 3.713165399E-05
395.2 0 -3.720238095E-05
395.4 0 -3.727337786E-05
395.6 0 -3.802705102E-20
395.8 0 -8.968739715E-20
396 0 -1.286903944E-19
396.2 0 -7.284134866E-20
396.4 0 -6.71834269E-20
396.6 0 -8.119486506E-20
396.8 0 4.167957919E-20
397 0 3.785125969E-05
397.2 0 3.792475728E-05
397.4 0 -5.093104994E-20
397.6 0 3.807261209E-05
397.8 0 3.814697266E-05
398 0 -7.342729903E-20
398.2 0 -1.550155324E-20
398.4 0 3.837180747E-05
398.6 0 3.844734252E-05
398.8 0 -9.786422293E-20
399 0 -3.85993083E-05
399.2 0 -3.867574257E-05
399.4 0 -1.077717829E-19
399.6 0 -7.765904573E-05
399.8 0 -3.890687251E-05
400 0 -7.461632139E-20
400.2 0 8.909757815E-21
400.4 0 7.828156313E-05
400.6 0 3.921937751E-05
400.8 0 3.929828974E-05
401 0 7.875504032E-05
401.2 0 3.945707071E-05
401.4 0 -3.953694332E-05
401.6 0 -7.923427992E-05
401.8 0 -7.93953252E-05
402 0 -3.977851324E-05
402.2 0 -3.985969388E-05
402.4 0 -7.988241309E-05
402.6 0 -4.002305328E-05
402.8 0 -2.267177444E-21
403 0 4.305065069E-20
403.2 0 4.944345168E-20
403.4 0 1.044091786E-20
403.6 0 5.993856783E-20
403.8 0 -7.679010936E-20
404 0 -6.264739711E-21
404.2 0 -6.889939395E-20
404.4 0 -1.257425738E-19
404.6 0 -2.944335167E-20
404.8 0 -2.812456083E-20
405 0 5.019544482E-20
405.2 0 6.369258537E-21
405.4 0 1.53964618E-20
405.6 0 -8.917594449E-21
405.8 0 -4.912772062E-20
406 0 1.035619881E-19
406.2 0 -1.126272802E-20
406.4 0 1.741877196E-20
406.6 0 4.49211322E-20
406.8 0 1.905614425E-20
407 0 4.191255365E-05
407.2 0 8.400537634E-05
407.4 0 8.418642241E-05
407.6 0 8.436825054E-05
407.8 0 8.45508658E-05
408 0 8.473427332E-05
408.2 0 8.491847826E-05
408.4 0 4.255174292E-05
408.6 0 2.502726719E-20
408.8 0 2.561005241E-20
409 0 -6.701238995E-21
409.2 0 -7.656497517E-21
409.4 0 -1.691599301E-19
409.6 0 4.311534216E-05
409.8 0 8.642146018E-05
410 0 4.330654102E-05
410.2 0 -4.340277778E-05
410.4 0 -4.349944321E-05
410.6 0 9.222174969E-20
410.8 0 -4.369407159E-05
411 0 -8.758408072E-05
411.2 0 -4.389044944E-05
411.4 0 5.67111464E-20
411.6 0 4.408860045E-05
411.8 0 4.418834842E-05
412 0 4.428854875E-05
412.2 0 4.438920455E-05
412.4 0 -1.108967633E-19
412.6 0 -4.459189498E-05
412.8 0 -8.938787185E-05
413 0 -8.959288991E-05
413.2 0 -4.489942529E-05
413.4 0 -4.500288018E-05
413.6 0 -4.510681293E-05
413.8 0 3.135374898E-21
414 0 -8.288927846E-21
414.2 0 6.642829508E-20
414.4 0 -4.552738928E-05
414.6 0 1.155353814E-21
414.8 0 9.148126464E-05
415 0 4.584800469E-05
415.2 0 9.191176471E-05
415.4 0 0.0001381928066
415.6 0 0.0001385195035
415.8 0 4.628258294E-05
416 0 -4.639251781E-05
416.2 0 4.650297619E-05
416.4 0 2.898110591E-20
416.6 0 -4.672547847E-05
416.8 0 -4.683752998E-05
417 0 -0.0001408503606
417.2 0 -4.706325301E-05
417.4 0 9.435386473E-05
417.6 0 3.927715048E-20
417.8 0 -9.48118932E-05
418 0 4.752128954E-05
418.2 0 9.527439024E-05
418.4 0 4.775366748E-05
418.6 0 1.297609113E-19
418.8 0 -2.328100468E-20
419 0 8.359519302E-20
419.2 0 -9.645061728E-05
419.4 0 -9.668935644E-05
419.6 0 9.69292804E-05
419.8 0 0.000194340796
420 0 4.87063591E-05
420.2 0 -4.8828125E-05
420.4 0 -9.790100251E-05
420.6 0 9.952875546E-22
420.8 0 -1.61468569E-20
421 0 -4.932133838E-05
421.2 0 -3.747608006E-21
421.4 0 -4.957170051E-05
421.6 0 -1.09092549E-19
421.8 0 4.982461735E-05
422 0 -4.995204604E-05
422.2 0 -5.008012821E-05
422.4 0 -5.020886889E-05
422.6 0 -5.03382732E-05
422.8 0 -0.0001009366925
423 0 -0.0001517972798
423.2 0 -5.073051948E-05
423.4 0 5.086263021E-05
423.6 0 0.0001019908616
423.8 0 -5.11289267E-05
424 0 -0.0001025262467
424.2 0 -5.139802632E-05
424.4 0 -0.0001030672823
424.6 0 8.289957119E-20
424.8 0 5.180702918E-05
425 0 3.538171095E-20
425.2 0 -5.208333333E-05
425.4 0 -5.222259358E-05
425.6 0 -1.436407086E-20
425.8 0 -6.675940285E-20
426 0 5.264487871E-05
426.2 0 0.0001055743243
426.4 0 0.0001058604336
426.6 0 0.0001061480978
426.8 0 0.0001064373297
427 0 5.336407104E-05
427.2 0 -5.351027397E-05
427.4 0 -0.0001073145604
427.6 0 -0.0001076101928
427.8 0 -5.395372928E-05
428 0 -5.41031856E-05
428.2 0 -2.474052059E-20
428.4 0 0.0001088091922
428.6 0 0.0001636696927
428.8 0 0.0001641281513
429 0 0.0001097261236
429.2 0 5.501760563E-05
429.4 0 -1.866966667E-20
429.6 0 -3.821622744E-20
429.8 0 -0.0001109730114
430 0 -0.0001112891738
430.2 0 -0.0001116071429
430.4 0 -0.0001678904011
430.6 0 -5.612428161E-05
430.8 0 8.548381204E-23
431 0 6.796541474E-20
431.2 0 5.661231884E-05
431.4 0 5.677688953E-05
431.6 0 5.694241983E-05
431.8 0 0.0001713267544
432 0 0.0001718291789
432.2 0 5.744485294E-05
432.4 0 5.761430678E-05
432.6 0 -1.678354763E-20
432.8 0 -5.795623145E-05
433 0 -1.585286692E-19
433.2 0 -5.830223881E-05
433.4 0 -5.847679641E-05
433.6 0 5.86524024E-05
433.8 0 0.0001176581325
434 0 0.0001180135952
434.2 0 0.0001183712121
434.4 0 0.000118731003
434.6 0 0.0001190929878
434.8 0 0.0001194571865
435 0 5.991180982E-05
435.2 0 -1.106206204E-20
435.4 0 1.185705191E-19
435.6 0 6.767927397E-20
435.8 0 -6.06560559E-05
436 0 -0.0001216900312
436.2 0 -0.0001220703125
436.4 0 -0.0001224529781
436.6 0 -0.0001228380503
436.8 0 -6.161277603E-05
437 0 -4.357353172E-20
437.2 0 -6.200396825E-05
437.4 0 2.183494037E-19
437.6 0 6.240015974E-05
437.8 0 -6.260016026E-05
438 0 -0.0001256028939
438.2 0 -0.0001260080645
438.4 0 -0.0001264158576
438.6 0 -0.0001268262987
438.8 0 -0.0001272394137
439 0 -0.0001276552288
439.2 0 -0.0001280737705
439.4 0 -6.424753289E-05
439.6 0 1.204139893E-20
439.8 0 -4.118825013E-21
440 0 6.488787375E-05
440.2 0 0.0001302083333
440.4 0 0.0001306438127
440.6 0 6.554110738E-05
440.8 0 -6.576178451E-05
441 0 1.69038577E-19
441.2 0 6.620762712E-05
441.4 0 -6.643282313E-05
441.6 0 -6.665955631E-05
441.8 0 -9.147988729E-20
442 0 1.449405052E-19
442.2 0 1.850503885E-19
442.4 0 1.802809549E-19
442.6 0 1.015433666E-19
442.8 0 1.278052174E-19
443 0 5.140923448E-20
443.2 0 -1.238005621E-20
443.4 0 -7.318472506E-20
443.6 0 1.64356674E-19
443.8 0 2.051472068E-19
444 0 1.246788891E-19
444.2 0 1.23450079E-19
444.4 0 8.44429368E-20
444.6 0 8.769344021E-21
444.8 0 1.268335913E-19
445 0 3.813854141E-19
445.2 0 2.474102704E-19
445.4 0 -1.983643884E-20
445.6 0 -2.060045899E-20
445.8 0 7.180606618E-05
446 0 0.0001441420664
446.2 0 0.0002893518519
446.4 0 0.0003630343866
446.6 0 0.000291511194
446.8 0 0.0002926029963
447 0 0.0001468515038
447.2 0 0.0001474056604
447.4 0 0.0001479640152
447.6 0 -7.426330798E-05
447.8 0 -7.454675573E-05
448 0 -1.754094728E-20
448.2 0 1.709141001E-19
448.4 0 -1.963598267E-20
448.6 0 7.570251938E-05
448.8 0 0.0001519941634
449 0 0.0001525878906
449.2 0 7.659313725E-05
449.4 0 7.689468504E-05
449.6 0 0.0001543972332
449.8 0 7.750496032E-05
450 0 3.214093309E-20
450.2 0 -2.562205998E-20
450.4 0 1.956186959E-20
450.6 0 7.875504032E-05
450.8 0 0.0001581477733
451 0 0.0001587906504
451.2 0 0.0001594387755
451.4 0 0.0001600922131
451.6 0 0.0001607510288
451.8 0 0.0001614152893
452 0 0.0001620850622
452.2 0 8.138020833E-05
452.4 0 1.104167181E-19
452.6 0 8.206407563E-05
452.8 0 8.241033755E-05
453 0 2.011671876E-19
453.2 0 -8.311170213E-05
453.4 0 2.574926438E-20
453.6 0 8.38251073E-05
453.8 0 -4.336611048E-20
454 0 -8.45508658E-05
454.2 0 -8.491847826E-05
454.4 0 3.690684748E-21
454.6 0 -0.0001713267544
454.8 0 -8.60407489E-05
455 0 8.642146018E-05
455.2 0 -5.088584223E-21
455.4 0 1.416185995E-19
455.6 0 8.758408072E-05
455.8 0 8.79786036E-05
456 0 0.0002651300905
456.2 0 0.0001775568182
456.4 0 -8.918378995E-05
456.6 0 -8.959288991E-05
456.8 0 -0.0001800115207
457 0 -0.0003616898148
457.2 0 -0.0004542151163
457.4 0 -0.0001825350467
457.6 0 -9.169600939E-05
457.8 0 -0.0001842570755
458 0 1.595160594E-20
458.2 0 9.300595238E-05
458.4 0 -4.639445554E-20
458.6 0 1.480001902E-19
458.8 0 -9.435386473E-05
459 0 -0.0001896237864
459.2 0 -0.0001905487805
459.4 0 1.922486941E-20
459.6 0 9.621305419E-05
459.8 0 2.03216804E-19
460 0 -3.415171704E-20
460.2 0 9.765625E-05
460.4 0 9.814698492E-05
460.6 0 -9.864267677E-05
460.8 0 5.767635696E-20
461 0 5.494968483E-22
461.2 0 0.0001001602564
461.4 0 0.0002013530928
461.6 0 0.0001011981865
461.8 0 0.0002034505208
462 0 0.0002045157068
462.2 0 0.0002055921053
462.4 0 0.0002066798942
462.6 0 0.0001038896277
462.8 0 -0.0002088903743
463 0 -0.0002100134409
463.2 0 1.811924671E-20
463.4 0 0.0002122961957
463.6 0 0.0003201844262
463.8 0 0.0003219436813
464 0 0.0002158149171
464.2 0 0.0001085069444
464.4 0 0.0001091131285
464.6 0 -0.0003291783708
464.8 0 -0.0003310381356
465 0 -0.0002219460227
465.2 0 -0.0005580357143
465.4 0 -0.0004489942529
465.6 0 -0.0001128973988
465.8 0 0.0001135537791
466 0 0.0002284356725
466.2 0 0.0001148897059
466.4 0 -0.0001155695266
466.6 0 -0.000232514881
466.8 0 -0.0001169535928
467 0 -1.842405685E-19
467.2 0 -0.0001183712121
467.4 0 -0.0002381859756
467.6 0 3.493863868E-20
467.8 0 0.0002411265432
468 0 0.0002426242236
468.2 0 0.000244140625
468.4 0 0.0002456761006
468.6 0 0.0001236155063
468.8 0 0.0001244028662
469 0 0.0001252003205
469.2 0 0.000252016129
469.4 0 0.0002536525974
469.6 0 1.887667148E-19
469.8 0 8.189700269E-20
470 0 3.815602222E-20
470.2 0 4.87415262E-22
470.4 0 4.713088907E-20
470.6 0 1.616555165E-19
470.8 0 5.118265542E-20
471 0 5.749774418E-20
471.2 0 2.029247702E-19
471.4 0 -0.0001356336806
471.6 0 -0.0002731643357
471.8 0 -0.0002750880282
472 0 -0.0002770390071
472.2 0 -0.0002790178571
472.4 0 -0.0002810251799
472.6 0 -0.0002830615942
472.8 0 -0.0002851277372
473 0 -0.0002872242647
473.2 0 -0.0001446759259
473.4 0 -0.000145755597
473.6 0 -0.0002937030075
473.8 0 -0.0002959280303
474 0 -0.0002981870229
474.2 0 -0.0001502403846
474.4 0 1.692162054E-19
474.6 0 8.826132393E-20
474.8 0 -2.163526946E-19
475 0 0.0001550099206
475.2 0 0.0003125
475.4 0 0.0003150201613
475.6 0 0.0003175813008
475.8 0 0.0003201844262
476 0 0.0003228305785
476.2 0 0.0003255208333
476.4 0 0.0003282563025
476.6 0 0.0003310381356
476.8 0 0.0003338675214
477 0 0.0003367456897
477.2 0 0.0001698369565
477.4 0 0.0001713267544
477.6 0 0.0001728429204
477.8 0 -0.0001743861607
478 0 -0.0003519144144
478.2 0 -0.0001775568182
478.4 0 -0.0001791857798
478.6 7.233796296E-05 -0.0003616898148
478.8 0.0001460280374 -0.0003650700935
479 0.0002211084906 -0.0003685141509
479.2 0.0002976190476 -0.0003720238095
479.4 0.0003004807692 -0.0003756009615
479.6 0.0003033980583 -0.0003792475728
479.8 0.000306372549 -0.0001914828431
480 0.0003094059406 -2.751868188E-20
480.2 0.0003125 -0.0001953125
480.4 0.0003945707071 -0.0001972853535
480.6 0.0003985969388 -0.0001992984694
480.8 0.0003221649485 -0.0004027061856
481 0.0003255208333 -0.0004069010417
481.2 0.0003289473684 -0.0002055921053
481.4 0.0003324468085 9.163035897E-20
481.6 0.0003360215054 3.387093232E-19
481.8 0.000339673913 -0.0002122961957
482 0.0003434065934 -0.0002146291209
482.2 0.0002604166667 -1.756068158E-19
482.4 0.0001755617978 7.225255141E-19
482.6 8.877840909E-05 0.0002219460227
482.8 0 0.0002244971264
483 0 0.0002271075581
483.2 0 0.0004595588235
483.4 0 0.000232514881
483.6 0 -0.0002353162651
483.8 0 -0.0004763719512
484 0 -0.0004822530864
484.2 0 -0.000244140625
484.4 0 0.0002472310127
484.6 0 -7.850409072E-19
484.8 0 -0.0002536525974
485 0 1.114013375E-19
485.2 0 0.0002604166667
485.4 0 0.0005278716216
485.6 0 0.0002675513699
485.8 0 -0.0002712673611
486 0 -0.0005501760563
486.2 0 -0.0002790178571
486.4 0 0.0002830615942
486.6 0 0.0005744485294
486.8 0 0.000291511194
487 0 -2.281491299E-20
487.2 0 1.369503518E-19
487.4 0 4.594690835E-19
487.6 0 5.962203907E-19
487.8 0 1.306445679E-19
488 0 2.625282125E-19
488.2 0 5.153776824E-19
488.4 0 1.81728339E-21
488.6 0 1.704925395E-20
488.8 0 8.376128414E-19
489 0 6.471826018E-20
489.2 0 -4.770428809E-19
489.4 0 -1.277565717E-19
489.6 0 -3.157590111E-19
489.8 0 -2.610895778E-19
490 0 0.0003829656863
490.2 0 0.00078125
490.4 0 0.0003985969388
490.6 0 0.0004069010417
490.8 0 0.0004155585106
491 0 -1.101306257E-18
491.2 0 -7.372257046E-19
491.4 0 1.162719976E-18
491.6 0 -0.0004542151163
491.8 0 -0.0009300595238
492 0 -0.0004763719512
492.2 0 -1.436217299E-19
492.4 0 0.0005008012821
492.6 0 0.0005139802632
492.8 0 0.0005278716216
493 0 0.0005425347222
493.2 0 -1.30404677E-18
493.4 0 8.761761003E-19
493.6 0 -1.005694019E-19
493.8 0 -1.788403678E-19
494 0 0.0006300403226
494.2 0 0.001302083333
494.4 0 0.001346982759
494.6 0 0.001395089286
494.8 0 0.0007233796296
495 0 0.0007512019231
495.2 0 0.0015625
495.4 0 0.0008138020833
495.6 0 -0.0008491847826
495.8 0 -0.001775568182
496 0 -0.001860119048
496.2 0 -0.0009765625
496.4 0 0.001027960526
496.6 0 0.001085069444
496.8 0 3.381316244E-18
497 0 1.359037671E-18
497.2 0 0.001302083333
497.4 0 0.002790178571
497.6 0 0.001502403846
497.8 0 3.32377463E-18
498 0 -1.866376397E-18
498.2 0 -3.135931858E-18
498.4 0 7.983681165E-19
498.6 0 1.89141501E-18
498.8 0 -5.520577474E-18
499 0 -8.88237953E-18
499.2 0 7.377854865E-18
499.4 0 1.647624027E-18
499.6 0 -3.762391014E-18
499.8 0 -7.370172908E-19
500 0 -3.127257224E-17
