0 0.007215863655 1.56187525E-05
0.2 0.006296875 0.001453125
0.4 0.005871098439 0.000281362545
0.6 0.005535678543 0.0003283877102
0.8 0.005268822587 0.0001955471566
1 0.005033052885 0.0002269255809
1.2 0.004787700401 0.0002035320641
1.4 0.004548416199 0.0002506014435
1.6 0.004315207581 0.000352549639
1.8 0.004113162119 0.0002664777287
2 0.003936044761 0.0001489738057
2.2 0.003730547189 0.0001176581325
2.4 0.003562550221 0.0001647875653
2.6 0.003391278135 0.0001334530748
2.8 0.003232433655 0.0001178000603
3 0.003070318785 7.070846742E-05
3.2 0.002939512072 2.357897384E-05
3.4 0.002805454911 3.145128824E-05
3.6 0.002668143375 6.292790979E-05
3.8 0.002546459508 4.721494762E-05
4 0.002427826481 -5.510630794E-05
4.2 0.002318548387 3.937752016E-05
4.4 0.002206030658 0.0001260588947
4.6 0.002115491324 3.940930186E-05
4.8 0.002028032903 -1.577008478E-05
5 0.001959435582 -2.366468094E-05
5.2 0.001871843434 5.523989899E-05
5.4 0.001799969685 7.105143492E-05
5.6 0.00172487869 -7.897796199E-06
5.8 0.001652887338 4.74059466E-05
6 0.001571352691 4.742513153E-05
6.2 0.001486589069 1.581477733E-05
6.4 0.00141441373 2.3731774E-05
6.6 0.001354841977 -3.956898298E-05
6.8 0.001298388731 -1.583400892E-05
7 0.001245057786 -3.168085969E-05
7.2 0.001201191684 -7.923427992E-05
7.4 0.001150948661 -9.511972403E-05
7.6 0.001103836784 -8.722848153E-05
7.8 0.001050340171 2.379924858E-05
8 0.001006323649 -1.587261276E-05
8.2 0.0009813262195 -0.0001190929878
8.4 0.0009594855632 -6.354209028E-05
8.6 0.0009312703417 -7.151393409E-05
8.8 0.0008903133903 -3.17969068E-05
9 0.0008588660423 3.180985342E-05
9.2 0.0008401221996 2.386710794E-05
9.4 0.0008118123472 7.95894458E-06
9.6 0.00079303404 -3.981094578E-05
9.8 0.0007837989396 -3.186174551E-05
10 0.000771368829 -1.59373725E-05
10.2 0.0007589285714 -3.18877551E-05
10.4 0.0007432880768 3.987596978E-05
10.6 0.0007308261846 -3.191380719E-05
10.8 0.0007151614221 -7.183541071E-05
11 0.000696289861 -1.596995094E-05
11.2 0.0006742075665 -5.591768916E-05
11.4 0.0006553038052 2.397452946E-05
11.6 0.0006363845682 1.598956201E-05
11.8 0.0006206490581 -7.998054873E-05
12 0.0006049006555 -8.801464564E-05
12.2 0.0005795338115 -4.802766393E-05
12.4 0.0005573493235 -6.406314063E-05
12.6 0.0005479645201 -8.011177194E-05
12.8 0.0005481893722 6.411571604E-05
13 0.0005387931034 9.621305419E-05
13.2 0.0005197638604 8.021047228E-06
13.4 0.0005135579293 4.012171323E-05
13.6 0.0004912916153 0.00010435933
13.8 0.0004690069901 8.030941612E-06
14 0.0004595588235 -7.23082065E-05
14.2 0.0004533179012 -5.626286008E-05
14.4 0.0004406391519 -1.608172087E-05
14.6 0.0004182969522 4.022086079E-05
14.8 0.0003927173465 1.609497322E-05
15 0.000379997939 -5.635562655E-05
15.2 0.0003737113402 -4.027061856E-05
15.4 0.0003641965759 2.926335123E-20
15.6 0.0003546739579 -6.448617416E-05
15.8 0.0003451434765 -8.064099917E-05
16 0.0003291511772 -8.067430814E-05
16.2 0.0003389721074 -8.070764463E-05
16.4 0.0003261936751 -7.266690781E-05
16.6 0.0003198666253 -5.654208023E-05
16.8 0.0003135343401 8.080781961E-06
17 0.0003104304636 1.616825331E-05
17.2 0.0003073240166 1.683625078E-20
17.4 0.0003009786661 -3.236329743E-05
17.6 0.0002913903854 -4.856506424E-05
17.8 0.000291511194 -2.42925995E-05
18 0.0002851513895 -8.100891746E-06
18.2 0.0002658195021 -7.734323163E-21
18.4 0.0002594437526 -8.918378995E-05
18.6 0.0002627958887 -0.0001054427949
18.8 0.0002564135854 -4.057176984E-05
19 0.0002435317955 8.117726517E-06
19.2 0.0002306392931 -8.121101871E-06
19.4 0.0002177360649 -8.936928037E-05
19.6 0.000201570953 -6.502288806E-05
19.8 0.0001853923813 -2.439373439E-05
20 0.0001757080383 -6.507705123E-05
20.2 0.0001725260417 -8.138020833E-05
20.4 0.0001595716965 -3.256565236E-05
20.6 0.0001498644704 -1.628961635E-05
20.8 0.0001401491448 -6.518564873E-05
21 0.000136946995 -9.781928214E-05
21.2 0.0001402661795 -9.786012526E-05
21.4 0.0001240079365 -4.895050125E-05
21.6 0.0001142655662 -7.345643544E-05
21.8 0.0001110472408 -0.0001143133361
22 0.000104558762 -8.985518611E-05
22.2 0.000101333682 -8.17207113E-05
22.4 9.810590205E-05 -8.175491838E-05
22.6 9.16038526E-05 -0.0001145048157
22.8 9.164222874E-05 -0.0001390998115
23 8.513202012E-05 -0.0001391581098
23.2 8.189203354E-05 -9.827044025E-05
23.4 7.864932886E-05 -2.457791527E-05
23.6 7.540390264E-05 1.155929477E-20
23.8 6.887594458E-05 -1.639903442E-05
24 5.57801344E-05 -7.382664847E-05
24.2 4.923844538E-05 -9.847689076E-05
24.4 4.597519966E-05 -4.104928541E-05
24.6 4.270920942E-05 -8.213309504E-06
24.8 4.601388305E-05 8.21676483E-06
25 4.932133838E-05 8.220223064E-06
25.2 4.934210526E-05 -2.467105263E-05
25.4 5.594460826E-05 -8.227148273E-06
25.6 5.596818373E-05 4.115307627E-05
25.8 5.928541315E-05 -1.646817032E-05
26 6.260544074E-05 -5.766290595E-05
26.2 6.263185654E-05 -5.768723629E-05
26.4 6.265829464E-05 -8.244512453E-05
26.6 6.59839527E-05 -8.247994088E-05
26.8 6.601182932E-05 -9.076626531E-05
27 6.934171598E-05 -9.905959425E-05
27.2 6.606765328E-05 -8.25845666E-05
27.4 7.270516074E-05 -4.957170051E-05
27.6 7.27359289E-05 -4.132723233E-05
27.8 7.276672312E-05 -8.268945809E-06
28 7.279754341E-05 8.272448115E-06
28.2 6.951800847E-05 4.137976695E-05
28.4 6.954747774E-05 2.483838491E-05
28.6 6.957697201E-05 3.313189143E-05
28.8 6.629189648E-05 5.800540942E-05
29 6.963603565E-05 2.487001273E-05
29.2 7.298301486E-05 3.290111391E-21
29.4 7.633283772E-05 -1.659409516E-05
29.6 7.636527837E-05 2.490172121E-05
29.8 7.307610544E-05 -3.321641156E-05
30 6.978413441E-05 1.66152701E-05
30.2 6.316489362E-05 1.662234043E-05
30.4 5.654001703E-05 -4.988825032E-05
30.6 4.990949744E-05 3.32729983E-05
30.8 4.327332765E-05 5.825255646E-05
31 3.663150043E-05 3.330136402E-05
31.2 2.998400853E-05 4.164445629E-05
31.4 2.666382253E-05 7.499200085E-05
31.6 2.334080239E-05 6.668800683E-05
31.8 2.001494449E-05 1.667912041E-05
32 1.668624519E-05 8.343122597E-06
32.2 1.669337607E-05 7.512019231E-05
32.4 2.004061565E-05 4.17512826E-05
32.6 2.339071856E-05 1.482079076E-20
32.8 3.008664955E-05 1.671480531E-05
33 3.678831336E-05 -5.639319797E-21
33.2 4.684154176E-05 -9.19103766E-22
33.4 5.020886889E-05 -6.337791001E-22
33.6 5.023039006E-05 -8.371731676E-06
33.8 4.690180103E-05 -1.675064322E-05
34 4.357035607E-05 -2.513674389E-05
34.2 4.02360515E-05 -8.38251073E-06
34.4 4.025332761E-05 -1.677221984E-05
34.6 4.027061856E-05 -4.1948561E-05
34.8 4.36452514E-05 -6.714654061E-05
35 4.030524506E-05 -6.717540843E-05
35.2 3.696236559E-05 -5.040322581E-05
35.4 3.361660929E-05 -4.202076162E-05
35.6 3.36310805E-05 -3.36310805E-05
35.8 3.028100775E-05 -2.523417313E-05
36 3.366006032E-05 -1.683003016E-05
36.2 3.704202586E-05 8.418642241E-06
36.4 3.368909013E-05 1.684454506E-05
36.6 3.033326143E-05 3.162071221E-20
36.8 2.697453604E-05 2.528862754E-05
37 2.361291019E-05 3.373272884E-05
37.2 2.362311015E-05 5.062095032E-05
37.4 2.363331893E-05 2.532141314E-05
37.6 2.364353653E-05 2.854940662E-21
37.8 2.703287197E-05 -8.447772491E-06
38 2.704456945E-05 -5.070856772E-05
38.2 3.382034632E-05 -6.764069264E-05
38.4 4.06019922E-05 -3.38349935E-05
38.6 4.738951473E-05 -1.692482669E-05
38.8 5.418292154E-05 -4.233040746E-05
39 5.759431917E-05 -3.387901127E-05
39.2 6.100867679E-05 -2.5420282E-05
39.4 6.781684028E-05 -2.54313151E-05
39.6 6.445397308E-05 -6.784628745E-05
39.8 6.787576021E-05 -6.787576021E-05
40 6.790525858E-05 -1.958204167E-20
40.2 6.793478261E-05 1.698369565E-05
40.4 6.45661157E-05 -4.497888995E-21
40.6 6.119451697E-05 2.689544876E-20
40.8 5.781998259E-05 8.502938616E-06
41 5.444250871E-05 -9.426583709E-21
41.2 5.10620915E-05 8.510348584E-06
41.4 5.108435048E-05 3.405623365E-05
41.6 4.429241169E-05 -8.517771478E-06
41.8 4.090314136E-05 -3.408595113E-05
42 4.09209952E-05 -2.5575622E-05
42.2 4.093886463E-05 6.20541716E-21
42.4 3.75436872E-05 1.706531236E-05
42.6 3.756009615E-05 8.53638549E-06
42.8 3.757651946E-05 8.540118059E-06
43 4.101049869E-05 -8.543853893E-06
43.2 4.444748359E-05 -2.564277899E-05
43.4 4.446694396E-05 -4.275667688E-05
43.6 4.448642138E-05 -2.56652431E-05
43.8 4.108238387E-05 -2.567648992E-05
44 4.110039456E-05 -4.2812911E-05
44.2 4.111842105E-05 -4.28316886E-05
44.4 4.113646336E-05 -4.285048267E-05
44.6 4.115452151E-05 -2.572157594E-05
44.8 4.117259552E-05 -2.57328722E-05
45 4.119068541E-05 -1.716278559E-05
45.2 4.120879121E-05 -1.717032967E-05
45.4 4.122691293E-05 -6.012258135E-05
45.6 4.124505059E-05 -6.014903212E-05
45.8 3.782460387E-05 -3.438600352E-05
46 3.440114487E-05 -1.720057244E-05
46.2 3.09746696E-05 -3.441629956E-05
46.4 3.443146761E-05 -4.303933451E-05
46.6 3.444664903E-05 -2.583498677E-05
46.8 3.790802823E-05 -1.723092192E-05
47 4.48201677E-05 1.324887707E-20
47.2 4.483995585E-05 1.724613687E-05
47.4 4.14090106E-05 -2.588063163E-05
47.6 4.487958462E-05 -2.589206805E-05
47.8 4.489942529E-05 8.634504863E-06
48 4.1463954E-05 -8.638323751E-06
48.2 4.493915929E-05 -8.642146018E-06
48.4 4.150066401E-05 -1.729194334E-05
48.6 4.15190434E-05 1.646929014E-21
48.8 3.807598582E-05 -2.596089942E-05
49 3.809286348E-05 -3.462987589E-05
49.2 4.157427938E-05 -3.464523282E-05
49.4 4.505878438E-05 -5.199090506E-05
49.6 4.85463826E-05 -1.733799379E-05
49.8 5.203707815E-05 -8.672846359E-06
50 5.553087517E-05 -4.338349622E-05
50.2 5.902777778E-05 -5.208333333E-05
50.4 6.252779013E-05 -8.684415296E-06
50.6 6.603091637E-05 8.68827847E-06
50.8 6.953716066E-05 -8.692145082E-06
51 7.304652716E-05 -1.739203028E-05
51.2 7.655902004E-05 -1.739977728E-05
51.4 7.659313725E-05 -3.481506239E-05
51.6 7.662728489E-05 -1.741529202E-05
51.8 7.666146298E-05 1.742305977E-05
52 7.669567158E-05 2.614625167E-05
52.2 7.672991071E-05 2.615792411E-05
52.4 7.676418044E-05 3.489280929E-05
52.6 7.679848079E-05 3.490840036E-05
52.8 7.68328118E-05 5.238600805E-05
53 7.686717352E-05 3.493962433E-05
53.2 8.039709172E-05 1.747762864E-05
53.4 8.043307968E-05 2.622817816E-05
53.6 8.396775638E-05 2.623992387E-05
53.8 8.400537634E-05 2.625168011E-05
54 8.754482295E-05 -8.754482295E-06
54.2 8.758408072E-05 8.758408072E-06
54.4 8.411843876E-05 5.257402423E-05
54.6 8.41561939E-05 3.506508079E-05
54.8 8.419398294E-05 8.770206556E-06
55 8.423180593E-05 8.774146451E-06
55.2 8.075842697E-05 1.755617978E-05
55.4 8.430755396E-05 3.512814748E-05
55.6 8.434547908E-05 5.271592443E-05
55.8 8.789941494E-05 5.273964896E-05
56 9.14565511E-05 5.276339487E-05
56.2 9.501689189E-05 3.519144144E-05
56.4 9.858044164E-05 8.801825146E-06
56.6 9.510256988E-05 8.805793508E-06
56.8 9.162156067E-05 8.809765449E-06
57 9.166290614E-05 -8.813740975E-06
57.2 8.465011287E-05 -4.408860045E-05
57.4 8.468834688E-05 -3.52868112E-05
57.6 8.472661545E-05 -8.82568911E-06
57.8 8.476491863E-05 -8.829679024E-06
58 8.480325645E-05 -1.766734509E-05
58.2 8.484162896E-05 -3.535067873E-05
58.4 8.488003622E-05 -4.42083522E-05
58.6 8.138020833E-05 -2.653702446E-05
58.8 8.141708201E-05 -8.849682827E-06
59 8.145398912E-05 8.85369447E-06
59.2 8.149092971E-05 8.857709751E-06
59.4 8.152790381E-05 -8.861728675E-06
59.6 8.156491148E-05 -8.865751248E-06
59.8 8.514986376E-05 -8.869777475E-06
60 8.87380736E-05 8.87380736E-06
60.2 9.232954545E-05 -8.877840909E-06
60.4 9.947703502E-05 -2.664563438E-05
60.6 9.952229299E-05 -2.665775705E-05
60.8 0.0001031235776 -8.889963587E-06
61 0.0001067281421 -4.267718357E-21
61.2 0.0001138952164 3.153093483E-21
61.4 0.0001175079763 -1.780423883E-05
61.6 0.0001175615595 -2.671853625E-05
61.8 0.0001140510949 -3.01967091E-21
62 0.0001141031492 8.914308535E-06
62.2 0.0001141552511 1.725888023E-20
62.4 0.0001142074006 -1.784490635E-05
62.6 0.0001106889854 2.677959324E-05
62.8 0.0001035951075 2.679183813E-05
63 9.649473925E-05 -3.573879231E-05
63.2 8.938787185E-05 -1.787757437E-05
63.4 8.227449634E-05 1.788576007E-05
63.6 7.515460376E-05 2.684092991E-05
63.8 6.802818515E-05 2.685323098E-05
64 6.089523155E-05 4.477590555E-05
64.2 5.375573394E-05 1.791857798E-05
64.4 5.01950436E-05 -1.792680128E-05
64.6 5.021808999E-05 1.793503214E-05
64.8 5.024115756E-05 3.588654111E-05
65 4.667394301E-05 3.590303309E-05
65.2 4.310344828E-05 -8.979885057E-06
65.4 3.952966881E-05 -3.593606256E-05
65.6 3.595260009E-05 -1.797630005E-05
65.8 3.237223757E-05 -1.798457643E-05
66 2.878857669E-05 -1.799286043E-05
66.2 2.52016129E-05 1.800115207E-05
66.4 2.52132319E-05 9.00472568E-06
66.6 2.882841328E-05 -9.008879151E-06
66.8 3.244693124E-05 4.506518228E-05
67 3.246191136E-05 3.60687904E-05
67.2 2.886836028E-05 9.021362587E-06
67.4 2.888170055E-05 1.859023413E-21
67.6 2.889505317E-05 -8.283387402E-21
67.8 3.613552266E-05 9.033880666E-06
68 4.33826932E-05 -1.807612217E-05
68.2 4.701967593E-05 3.616898148E-05
68.4 5.066002779E-05 4.523216767E-05
68.6 5.430375348E-05 -9.050625579E-06
68.8 5.795085767E-05 -9.054821511E-06
69 5.797773655E-05 -1.811804267E-05
69.2 6.162993039E-05 -1.812645012E-05
69.4 6.528551532E-05 1.813486537E-05
69.6 6.894449605E-05 3.628657687E-05
69.8 6.897653346E-05 -2.482496842E-20
70 7.264063226E-05 -4.540039517E-05
70.2 7.630813953E-05 -3.63372093E-05
70.4 7.997906003E-05 1.82140816E-20
70.6 7.637918994E-05 2.727828212E-05
70.8 7.641476479E-05 4.548497904E-05
71 7.645037279E-05 1.820246971E-05
71.2 8.012820513E-05 -9.105477855E-06
71.4 7.652168843E-05 -1.821944963E-05
71.6 7.291180588E-05 9.113975735E-06
71.8 7.2945845E-05 6.382761438E-05
72 7.297991593E-05 4.561244745E-05
72.2 7.666471963E-05 9.126752336E-06
72.4 8.035296868E-05 -9.131019168E-06
72.6 8.404466791E-05 -2.740586997E-05
72.8 8.773982218E-05 -5.483738886E-05
73 9.509597378E-05 -1.828768727E-05
73.2 9.514051522E-05 3.659250585E-05
73.4 9.884606373E-05 -1.445546425E-20
73.6 0.0001025550867 -1.912071268E-20
73.8 0.0001026031895 -9.160999062E-06
74 9.898521821E-05 -5.499178789E-05
74.2 9.903169014E-05 -4.942422877E-21
74.4 0.0001027477689 9.173907938E-06
74.6 0.0001027960526 -5.506931391E-05
74.8 0.0001028443818 -4.591267043E-05
75 9.921801505E-05 -2.756055974E-05
75.2 9.558823529E-05 1.838235294E-05
75.4 9.563323917E-05 2.75865113E-05
75.6 9.199835139E-05 -2.759950542E-05
75.8 9.572337418E-05 -3.681668238E-05
76 9.576850542E-05 -2.762553041E-05
76.2 9.581367925E-05 -9.212853774E-06
76.4 9.585889571E-05 9.21720151E-06
76.6 9.221553352E-05 -9.221553352E-06
76.8 9.225909306E-05 -3.997852194E-21
77 9.599480151E-05 2.769080813E-05
77.2 9.604018913E-05 1.846926714E-05
77.4 9.239001892E-05 1.847800378E-05
77.6 9.243374349E-05 1.84867487E-05
77.8 9.247750947E-05 -9.247750947E-06
78 9.252131691E-05 1.850426338E-05
78.2 9.256516588E-05 3.702606635E-05
78.4 9.260905642E-05 9.260905642E-06
78.6 9.265298861E-05 9.265298861E-06
78.8 9.269696251E-05 6.488787375E-05
79 8.903133903E-05 5.564458689E-05
79.2 8.165083135E-05 1.173222853E-20
79.4 8.168963878E-05 2.167842855E-20
79.6 7.801355207E-05 -9.287327627E-06
79.8 7.433396765E-05 9.291745956E-06
80 7.065088053E-05 1.859233698E-05
80.2 6.696428571E-05 2.790178571E-05
80.4 5.95521677E-05 1.861005241E-05
80.6 5.585676835E-05 9.309461392E-06
80.8 5.215784454E-05 2.794170243E-05
81 4.845539122E-05 1.863668893E-05
81.2 5.220763723E-05 -9.322792363E-06
81.4 4.850167144E-05 -5.596346705E-05
81.6 4.105948399E-05 -6.532190635E-05
81.8 3.734464627E-05 -1.867232314E-05
82 3.362625538E-05 2.802187948E-05
82.2 3.36423445E-05 9.345095694E-06
82.4 3.365844902E-05 1.869913834E-05
82.6 2.993295019E-05 9.354046935E-05
82.8 2.620388117E-05 7.486823191E-05
83 2.247123682E-05 -1.872603068E-05
83.2 1.873501199E-05 -1.873501199E-05
83.4 1.499520154E-05 1.874400192E-05
83.6 1.875300048E-05 2.812950072E-05
83.8 1.500960615E-05 1.876200768E-05
84 1.126261413E-05 5.833874124E-21
84.2 7.512019231E-06 9.390024038E-06
84.4 3.757816258E-06 2.818362193E-05
84.6 0 4.990634265E-22
84.8 0 9.403586904E-06
85 0 2.822434971E-05
85.2 0 3.765060241E-05
85.4 0 5.650313404E-05
85.6 0 4.710865895E-05
85.8 0 4.713139479E-05
86 0 2.829249155E-05
86.2 0 4.717693237E-05
86.4 0 5.663968101E-05
86.6 0 4.722255803E-05
86.8 0 4.724540397E-05
87 0 5.672192643E-05
87.2 0 4.729116223E-05
87.4 0 1.892562984E-05
87.6 0 1.638218288E-20
87.8 0 4.735996605E-05
88 0 9.476589034E-05
88.2 0 6.636832524E-05
88.4 0 2.845738222E-05
88.6 0 -2.800241573E-20
88.8 0 9.495017015E-06
89 0 9.499635214E-06
89.2 0 -9.504257908E-06
89.4 0 -2.852665531E-05
89.6 0 -9.513516805E-06
89.8 0 9.518153021E-06
90 0 -9.522793759E-06
90.2 0 -9.527439024E-06
90.4 0 1.906417765E-05
90.6 0 2.062908235E-20
90.8 0 -9.541402052E-06
91 0 -1.909213099E-05
91.2 0 -4.775366748E-05
91.4 0 9.555406067E-06
91.6 0 3.824033284E-05
91.8 0 1.912952987E-05
92 0 9.569451249E-06
92.2 0 2.872242647E-05
92.4 0 4.789418833E-05
92.6 3.833415113E-06 1.916707556E-05
92.8 7.670594011E-06 -9.588242514E-06
93 1.151154224E-05 -6.715066306E-05
93.2 1.535626536E-05 -5.758599509E-05
93.4 1.536381514E-05 1.920476893E-05
93.6 1.537137236E-05 1.560836701E-20
93.8 1.537893701E-05 -5.767101378E-05
94 1.538650911E-05 -4.808284097E-05
94.2 1.539408867E-05 1.812103839E-20
94.4 1.54016757E-05 1.925209463E-05
94.6 1.926158777E-05 -3.852317554E-05
94.8 1.927109028E-05 -4.81777257E-05
95 1.928060217E-05 9.640301086E-06
95.2 1.929012346E-05 2.893518519E-05
95.4 1.929965415E-05 5.789896245E-05
95.6 1.930919427E-05 1.930919427E-05
95.8 1.931874382E-05 -1.931874382E-05
96 1.932830282E-05 3.865660564E-05
96.2 1.933787129E-05 5.801361386E-05
96.4 1.934744923E-05 3.869489846E-05
96.6 2.3228444E-05 1.935703667E-05
96.8 2.323996034E-05 -2.034680502E-21
97 1.937624008E-05 9.68812004E-06
97.2 1.938585608E-05 5.815756824E-05
97.4 1.55163853E-05 3.879096326E-05
97.6 1.164307004E-05 -3.881023348E-05
97.8 1.553180915E-05 -2.912214215E-05
98 1.553953257E-05 -3.884883143E-05
98.2 1.94340796E-05 -5.830223881E-05
98.4 2.333250373E-05 -2.916562967E-05
98.6 1.945343625E-05 9.726718127E-06
98.8 1.557050324E-05 3.89262581E-05
99 7.789132602E-06 1.947283151E-05
99.2 7.793017456E-06 1.171718689E-20
99.4 7.796906188E-06 -2.92383982E-05
99.6 1.17011982E-05 -4.875499251E-05
99.8 1.560939061E-05 -9.755869131E-06
100 1.56171914E-05 -2.928223388E-05
100.2 1.171875E-05 -6.8359375E-05
100.4 7.816408204E-06 -3.908204102E-05
100.6 3.91016016E-06 -1.567193401E-21
100.8 3.912118177E-06 -9.780295443E-06
101 0 1.957039078E-05
101.2 3.9160401E-06 1.95802005E-05
101.4 3.918004012E-06 -9.79501003E-06
101.6 3.919969895E-06 -9.799924737E-06
101.8 3.921937751E-06 -2.482233491E-22
102 3.923907584E-06 3.923907584E-05
102.2 3.925879397E-06 2.944409548E-05
102.4 3.927853193E-06 1.963926596E-05
102.6 0 3.929828974E-05
102.8 0 1.965903372E-05
103 0 9.834466264E-06
103.2 0 -1.967884131E-05
103.4 1.181325605E-05 -3.937752016E-05
103.6 1.575895108E-05 9.849344428E-06
103.8 1.576690212E-05 -1.42064994E-20
104 1.971857648E-05 -1.971857648E-05
104.2 1.972853535E-05 -1.972853535E-05
104.4 1.97385043E-05 -4.934626074E-05
104.6 1.974848332E-05 -3.949696663E-05
104.8 1.975847243E-05 -9.879236216E-06
105 1.976847166E-05 -1.976847166E-05
105.2 1.977848101E-05 -1.977848101E-05
105.4 1.978850051E-05 -3.957700101E-05
105.6 1.979853016E-05 -5.939559047E-05
105.8 1.584685598E-05 -5.942570994E-05
106 1.585489599E-05 -3.963723998E-05
106.2 1.189720812E-05 -9.914340102E-06
106.4 7.935500254E-06 1.983875063E-05
106.6 3.96976626E-06 9.92441565E-06
106.8 0 -2.978838332E-05
107 0 -1.98690234E-05
107.2 0 -9.93956743E-06
107.4 0 -9.94462831E-06
107.6 0 -1.989938869E-05
107.8 3.981906218E-06 -3.981906218E-05
108 3.983936767E-06 -1.991968383E-05
108.2 3.985969388E-06 -2.989477041E-05
108.4 7.976008167E-06 -4.985005105E-05
108.6 7.980081716E-06 -4.987551073E-05
108.8 3.992079714E-06 -3.992079714E-05
109 7.988241309E-06 -1.997060327E-05
109.2 7.992327366E-06 -8.442626731E-21
109.4 7.996417605E-06 1.999104401E-05
109.6 1.200076805E-05 1.000064004E-05
109.8 1.200691598E-05 -2.001152664E-05
110 8.00871348E-06 -1.001089185E-05
110.2 8.012820513E-06 2.003205128E-05
110.4 8.01693176E-06 1.00211647E-05
110.6 4.010523614E-06 1.580845715E-20
110.8 4.012583462E-06 3.009437596E-05
111 4.014645427E-06 2.007322713E-05
111.2 8.033419023E-06 -1.004177378E-05
111.4 1.205632716E-05 1.00469393E-05
111.6 1.206253217E-05 2.010422028E-05
111.8 1.206874356E-05 3.017185891E-05
112 1.609994848E-05 8.04997424E-05
112.2 2.013530928E-05 0.000110744201
112.4 2.417483239E-05 7.05099278E-05
112.6 2.015608875E-05 6.046826625E-05
112.8 2.016649458E-05 3.024974187E-05
113 2.017691116E-05 -2.515067559E-20
113.2 2.01873385E-05 4.0374677E-05
113.4 2.019777663E-05 5.049444157E-05
113.6 2.020822556E-05 6.062467667E-05
113.8 2.02186853E-05 6.06560559E-05
114 2.022915588E-05 4.045831176E-05
114.2 2.023963731E-05 -2.023963731E-05
114.4 2.02501296E-05 -2.02501296E-05
114.6 2.026063278E-05 4.052126556E-05
114.8 1.621691749E-05 -1.013557343E-05
115 1.216900312E-05 -3.042250779E-05
115.2 1.623376623E-05 1.01461039E-05
115.4 2.030275468E-05 -2.030275468E-05
115.6 2.031331253E-05 -2.031331253E-05
115.8 2.032388137E-05 -3.048582206E-05
116 2.440135346E-05 -7.117061426E-05
116.2 2.44140625E-05 -4.069010417E-05
116.4 2.442678478E-05 -1.017782699E-05
116.6 2.851277372E-05 1.018313347E-05
116.8 2.852764737E-05 1.018844549E-05
117 3.262004175E-05 1.019376305E-05
117.2 3.263707572E-05 1.019908616E-05
117.4 3.673589342E-05 2.040882968E-05
117.6 3.675509671E-05 3.062924726E-05
117.8 4.086035565E-05 7.813474769E-21
118 4.088173731E-05 -3.066130298E-05
118.2 3.681282723E-05 -4.090314136E-05
118.4 3.683211105E-05 -5.11557098E-05
118.6 3.275681342E-05 -1.023650419E-05
118.8 3.277399056E-05 2.04837441E-05
119 3.689008395E-05 -2.049449108E-05
119.2 4.101049869E-05 -3.075787402E-05
119.4 4.103203782E-05 -3.077402836E-05
119.6 4.105359958E-05 -3.079019968E-05
119.8 3.696766562E-05 -1.0268796E-05
120 3.287743293E-05 -1.027419779E-05
120.2 3.289473684E-05 -4.111842105E-05
120.4 3.291205898E-05 -6.171011058E-05
120.6 3.292939937E-05 -9.261393572E-05
120.8 3.294675804E-05 -9.266275698E-05
121 3.296413502E-05 -5.150646097E-05
121.2 3.298153034E-05 -1.030672823E-05
121.4 2.887407603E-05 -4.124868004E-05
121.6 2.888932911E-05 -0.0001238114105
121.8 2.890459831E-05 -8.25845666E-05
122 2.891988366E-05 -1.032852988E-05
122.2 2.48015873E-05 2.066798942E-05
122.4 2.067893065E-05 4.13578613E-05
122.6 2.482786017E-05 3.103482521E-05
122.8 2.898118707E-05 8.771830535E-22
123 3.313891835E-05 -1.035591198E-05
123.2 2.901193634E-05 -1.036140584E-05
123.4 2.488057325E-05 -1.036690552E-05
123.6 2.489378651E-05 1.037241105E-05
123.8 2.905818278E-05 1.037792242E-05
124 3.322700691E-05 -1.038343966E-05
124.2 3.324468085E-05 1.5013694E-20
124.4 3.32623736E-05 -1.039449175E-05
124.6 3.32800852E-05 -1.040002662E-05
124.8 3.329781566E-05 3.121670218E-05
125 2.91511194E-05 4.164445629E-05
125.2 2.5E-05 2.083333333E-05
125.4 2.501334045E-05 3.126667556E-05
125.6 2.502669514E-05 3.128336893E-05
125.8 2.50400641E-05 5.216680021E-05
126 2.505344735E-05 6.263361839E-05
126.2 2.506684492E-05 2.088903743E-05
126.4 2.508025682E-05 -1.045010701E-05
126.6 2.509368308E-05 -1.447526507E-20
126.8 2.510712373E-05 3.138390466E-05
127 2.512057878E-05 2.093381565E-05
127.2 2.93230563E-05 2.094504021E-05
127.4 3.353004292E-05 7.334696888E-05
127.6 3.354804079E-05 6.290257649E-05
127.8 2.937030075E-05 2.646648787E-20
128 2.938608275E-05 1.332263018E-20
128.2 2.940188172E-05 2.100134409E-05
128.4 3.362022593E-05 4.202528241E-05
128.6 3.784311087E-05 4.204790097E-05
128.8 3.78634895E-05 6.310581583E-05
129 3.367456897E-05 2.10466056E-05
129.2 2.948113208E-05 3.158692722E-05
129.4 2.949703344E-05 7.37425836E-05
129.6 2.951295197E-05 4.216135996E-05
129.8 2.952888769E-05 -1.15855878E-20
130 2.532414911E-05 -1.05517288E-05
130.2 2.111486486E-05 -3.16722973E-05
130.4 2.535154137E-05 -5.28157112E-05
130.6 2.536525974E-05 -8.795106815E-21
130.8 2.960882512E-05 3.17237412E-05
131 3.385698808E-05 -4.762413037E-21
131.2 3.81097561E-05 -2.117208672E-05
131.4 4.236713666E-05 -1.51142742E-20
131.6 4.23901248E-05 1.05975312E-05
131.8 4.241313789E-05 6.361970684E-05
132 3.819255839E-05 6.365426399E-05
132.2 4.245923913E-05 -1.061480978E-05
132.4 5.097879282E-05 6.537617387E-21
132.6 5.950761697E-05 9.231293055E-21
132.8 6.379286881E-05 -2.12642896E-05
133 5.957244009E-05 -1.063793573E-05
133.2 5.534741144E-05 2.128746594E-05
133.4 4.259814613E-05 3.19486096E-05
133.6 4.262138571E-05 2.131069285E-05
133.8 4.264465066E-05 6.396697598E-05
134 4.266794102E-05 5.333492627E-05
134.2 4.269125683E-05 2.134562842E-05
134.4 3.844313833E-05 2.135729907E-05
134.6 4.273796499E-05 -2.073256624E-20
134.8 4.276135742E-05 3.207101806E-05
135 3.422782037E-05 4.278477547E-05
135.2 3.424657534E-05 2.140410959E-05
135.4 3.426535088E-05 3.212376645E-05
135.6 3.428414701E-05 3.214138782E-05
135.8 3.430296378E-05 3.215902854E-05
136 3.432180121E-05 4.290225151E-05
136.2 2.575549451E-05 3.219436813E-05
136.4 2.147471138E-05 3.060520471E-20
136.6 2.578382838E-05 4.29730473E-05
136.8 2.579801871E-05 2.149834893E-05
137 3.011426211E-05 -3.226528084E-05
137.2 3.443526171E-05 1.076101928E-05
137.4 3.014746417E-05 -1.076695149E-05
137.6 3.016409266E-05 -1.061020277E-20
137.8 3.449227373E-05 7.545184879E-05
138 3.019740475E-05 5.392393705E-05
138.2 2.158149171E-05 2.158149171E-05
138.4 3.023079049E-05 2.159342178E-05
138.6 3.024751106E-05 5.401341261E-05
138.8 2.161732153E-05 -1.242169593E-20
139 1.7303433E-05 -5.407322813E-05
139.2 1.298476454E-05 -2.164127424E-05
139.4 1.299196231E-05 -2.165327051E-05
139.6 1.299916805E-05 -4.333056018E-05
139.8 1.73418424E-05 -2.1677303E-05
140 1.301360355E-05 -3.253400888E-05
140.2 1.302083333E-05 -6.510416667E-05
140.4 1.302807115E-05 -3.257017788E-05
140.6 8.690211346E-06 -3.258829255E-05
140.8 8.695047301E-06 -5.434404563E-05
141 8.699888641E-06 -4.349944321E-05
141.2 8.704735376E-06 -1.088091922E-05
141.4 8.709587514E-06 -2.177396878E-05
141.6 4.357222532E-06 8.341754519E-21
141.8 0 -2.179827009E-05
142 0 -7.633654383E-05
142.2 4.36452514E-06 -5.455656425E-05
142.4 8.73392957E-06 -5.458705981E-05
142.6 1.310822148E-05 -6.554110738E-05
142.8 2.185926133E-05 -6.5577784E-05
143 2.624580067E-05 -6.561450168E-05
143.2 3.06372549E-05 -6.56512605E-05
143.4 3.065442825E-05 -6.568806054E-05
143.6 2.628996074E-05 -4.381660123E-05
143.8 2.192059484E-05 -4.384118967E-05
144 2.193290286E-05 -4.386580573E-05
144.2 2.194522472E-05 -3.291783708E-05
144.4 2.634907251E-05 -2.195756043E-05
144.6 2.196991001E-05 -3.295486502E-05
144.8 2.198227349E-05 -5.495568374E-05
145 2.19946509E-05 -5.498662725E-05
145.2 2.64084507E-05 -6.602112676E-05
145.4 3.523111612E-05 -5.504861894E-05
145.6 3.965736041E-05 -4.406373378E-05
145.8 3.967974041E-05 -2.204430023E-05
146 3.087944664E-05 1.10283738E-05
146.2 2.648305085E-05 1.103460452E-05
146.4 2.649802148E-05 -2.208168457E-05
146.6 2.651300905E-05 -3.314126131E-05
146.8 2.210667799E-05 -2.210667799E-05
147 1.769535674E-05 -1.105959796E-05
147.2 8.852691218E-06 1.511992053E-21
147.4 8.857709751E-06 1.844188196E-20
147.6 4.431366988E-06 -2.215683494E-05
147.8 4.433881952E-06 -4.433881952E-05
148 4.436399773E-06 -3.32729983E-05
148.2 4.438920455E-06 -4.047610855E-21
148.4 4.441444002E-06 2.220722001E-05
148.6 0 -2.22198521E-05
148.8 0 -4.446499715E-05
149 0 -4.449031891E-05
149.2 0 -1.112891738E-05
149.4 0 2.227052452E-05
149.6 0 -2.392914669E-21
149.8 0 -1.6808238E-20
150 0 1.115434038E-05
150.2 0 1.116071429E-05
150.4 0 -1.464241797E-20
150.6 0 -6.537044641E-21
150.8 0 1.117987979E-05
151 0 1.118628293E-05
151.2 0 -1.119269341E-05
151.4 0 -2.239822248E-05
151.6 0 -2.241107286E-05
151.8 0 -2.016884771E-20
152 0 1.121840896E-05
152.2 0 2.244971264E-05
152.4 0 1.12313111E-05
152.6 0 3.371331991E-05
152.8 0 2.24884859E-05
153 0 -2.250144009E-05
153.2 0 -2.251440922E-05
153.4 0 -5.501169991E-21
153.6 0 2.254039238E-05
153.8 0 2.700927556E-21
154 0 -2.096199416E-20
154.2 0 -2.257947977E-05
154.4 0 -3.388880856E-05
154.6 0 -1.130280671E-05
154.8 0 -2.261870295E-05
155 0 -2.263180765E-05
155.2 0 -1.132246377E-05
155.4 0 3.597936643E-20
155.6 0 -1.13356065E-05
155.8 0 1.934191439E-20
156 0 4.539511912E-05
156.2 0 4.542151163E-05
156.4 0 5.680991856E-05
156.6 0 5.684298603E-05
156.8 0 3.412565521E-05
157 0 3.414554196E-05
157.2 0 4.555393586E-05
157.4 0 2.279025671E-05
157.6 0 3.420534151E-05
157.8 0 2.281688084E-05
158 0 1.803127334E-20
158.2 0 2.284356725E-05
158.4 0 1.142846694E-05
158.6 0 1.143515808E-05
158.8 0 1.144185706E-05
159 0 1.144856389E-05
159.2 4.582111437E-06 1.145527859E-05
159.4 9.169600939E-06 1.146200117E-05
159.6 1.376247798E-05 1.146873165E-05
159.8 2.295094007E-05 2.0718546E-21
160 2.296443269E-05 1.148221634E-05
160.2 2.757352941E-05 1.148897059E-05
160.4 3.678634491E-05 2.299146557E-05
160.6 4.14090106E-05 3.450750883E-05
160.8 4.603712434E-05 2.301856217E-05
161 5.067069575E-05 1.151606722E-05
161.2 5.991887906E-05 7.370761406E-21
161.4 6.45661157E-05 1.923369679E-21
161.6 7.383343178E-05 -1.153647372E-05
161.8 8.311170213E-05 -1.154329196E-05
162 8.778089888E-05 2.310023655E-05
162.2 8.783284024E-05 3.467085799E-05
162.4 9.251036116E-05 1.643314128E-20
162.6 9.719342417E-05 -4.628258294E-05
162.8 9.725103734E-05 -4.631001778E-05
163 9.730871886E-05 -3.475311388E-05
163.2 9.272997033E-05 -2.318249258E-05
163.4 8.350653207E-05 3.479438836E-05
163.6 7.42721331E-05 -2.321004159E-05
163.8 6.9671522E-05 -4.644768133E-05
164 6.971296847E-05 -1.161882808E-05
164.2 6.510416667E-05 -3.487723214E-05
164.4 6.514294223E-05 -3.489800476E-05
164.6 6.5181764E-05 -2.327920143E-05
164.8 6.987924866E-05 -3.493962433E-05
165 7.45823389E-05 -5.826745227E-05
165.2 6.996268657E-05 -4.664179104E-05
165.4 7.000448029E-05 -4.666965352E-05
165.6 6.537656904E-05 -7.004632397E-05
165.8 6.541566986E-05 -4.672547847E-05
166 6.077947337E-05 -1.416504199E-20
166.2 6.081586826E-05 -9.434550317E-21
166.4 6.085230677E-05 -2.340473337E-05
166.6 6.088878897E-05 -3.512814748E-05
166.8 6.092531494E-05 -1.171640672E-05
167 6.096188475E-05 1.172343938E-05
167.2 6.09984985E-05 -1.173048048E-05
167.4 6.573016827E-05 -4.695012019E-05
167.6 7.046752856E-05 -3.523376428E-05
167.8 7.521058965E-05 -2.350330927E-05
168 7.525586996E-05 -1.175872968E-05
168.2 7.530120482E-05 2.33619985E-20
168.4 7.063743219E-05 6.266440029E-21
168.6 6.596803378E-05 -2.356001206E-05
168.8 6.12929994E-05 -2.357423054E-05
169 5.661231884E-05 -3.538269928E-05
169.2 5.664652568E-05 -1.180135952E-05
169.4 5.195737606E-05 2.361698912E-05
169.6 4.726255293E-05 -1.181563823E-05
169.8 4.729116223E-05 -3.546837167E-05
170 4.731980618E-05 -3.548985463E-05
170.2 4.734848485E-05 2.367424242E-05
170.4 4.263947847E-05 1.184429958E-05
170.6 4.266535194E-05 -1.185148665E-05
170.8 3.794778385E-05 1.185868245E-05
171 3.32244836E-05 2.3731774E-05
171.2 2.849544073E-05 3.561930091E-05
171.4 2.376064477E-05 -2.472719806E-20
171.6 1.902008521E-05 -3.566265977E-05
171.8 1.427375152E-05 -1.189479294E-05
172 9.521633151E-06 3.570612431E-05
172.2 4.763719512E-06 1.190929878E-05
172.4 0 -4.766625991E-05
172.6 0 -1.470064422E-20
172.8 0 1.193112401E-05
173 0 -3.581525061E-05
173.2 0 -4.778287462E-05
173.4 0 -5.976514688E-05
173.6 0 -3.588104715E-05
173.8 0 -3.590303309E-05
174 0 1.194513477E-20
174.2 0 1.198236196E-05
174.4 4.795887047E-06 -2.397943524E-05
174.6 4.798832924E-06 -2.399416462E-05
174.8 4.801782422E-06 -4.801782422E-05
175 4.804735547E-06 -2.402367774E-05
175.2 4.807692308E-06 -2.403846154E-05
175.4 4.810652709E-06 -4.835188809E-22
175.6 0 -1.140815732E-20
175.8 4.816584464E-06 -3.612438348E-05
176 0 -2.191113748E-20
176.2 4.822530864E-06 -2.176592496E-21
176.4 4.825509574E-06 -8.624699551E-21
176.6 4.828491965E-06 -1.207122991E-05
176.8 4.831478046E-06 -2.415739023E-05
177 4.834467822E-06 -3.625850866E-05
177.2 4.8374613E-06 -2.41873065E-05
177.4 4.840458488E-06 -1.210114622E-05
177.6 4.843459392E-06 -1.210864848E-05
177.8 0 -1.03821381E-20
178 0 1.339008856E-21
178.2 0 -4.63276992E-21
178.4 0 -1.213875078E-05
178.6 0 -2.42925995E-05
178.8 0 -2.430771624E-05
179 0 -2.432285181E-05
179.2 0 -1.216900312E-05
179.4 0 1.217658978E-05
179.6 0 1.21841859E-05
179.8 0 1.219179151E-05
180 0 2.439881324E-05
180.2 0 1.220703125E-05
180.4 0 -2.442933083E-05
180.6 0 -2.444461827E-05
180.8 0 -1.222996243E-05
181 0 -3.671287594E-05
181.2 0 -7.634501847E-21
181.4 0 2.450595985E-05
181.6 0 1.226067169E-05
181.8 0 2.453674623E-05
182 0 4.91043369E-05
182.2 0 6.141902516E-05
182.4 0 4.916614223E-05
182.6 0 3.689782746E-05
182.8 0 1.230702583E-05
183 0 2.462957125E-05
183.2 0 3.696766562E-05
183.4 0 2.466066919E-05
183.6 0 1.233812382E-05
183.8 0 1.234592288E-05
184 0 3.706119545E-05
184.2 0 -9.252218405E-21
184.4 0 -3.710813806E-05
184.6 0 -3.713165399E-05
184.8 0 -4.954026633E-05
185 0 -1.239292513E-05
185.2 0 3.720238095E-05
185.4 0 3.722601652E-05
185.6 0 2.483312142E-05
185.8 0 6.212229644E-05
186 0 7.459420751E-05
186.2 0 2.488057325E-05
186.4 0 2.489643085E-05
186.6 0 6.228077168E-05
186.8 0 6.232051691E-05
187 0 6.23603129E-05
187.2 0 4.99201278E-05
187.4 0 4.615519614E-21
187.6 0 -2.31797246E-20
187.8 0 3.751200384E-05
188 0 2.502402306E-05
188.2 0 2.748416704E-20
188.4 0 -4.305371959E-20
188.6 0 -1.253610398E-05
188.8 0 -5.017662171E-05
189 0 -6.276108612E-05
189.2 0 -3.768086817E-05
189.4 0 -1.256837194E-05
189.6 0 7.454259901E-21
189.8 5.03382732E-06 1.25845683E-05
190 1.007414571E-05 1.059676919E-21
190.2 1.008064516E-05 -2.52016129E-05
190.4 1.0087153E-05 -1.260894125E-05
190.6 1.009366925E-05 -1.261708656E-05
190.8 1.010019392E-05 -1.26252424E-05
191 1.010672704E-05 -2.526681759E-05
191.2 1.011326861E-05 -1.264158576E-05
191.4 1.011981865E-05 2.277553983E-20
191.6 1.012637719E-05 -2.531594297E-05
191.8 1.013294423E-05 -1.266618029E-05
192 1.013951979E-05 1.267439974E-05
192.2 1.01461039E-05 3.187162998E-20
192.4 5.076348278E-06 2.538174139E-05
192.6 0 5.079648895E-05
192.8 0 -1.270738452E-05
193 0 -3.814697266E-05
193.2 0 1.272394137E-05
193.4 0 5.092894394E-05
193.6 5.096216569E-06 6.370270711E-05
193.8 0 5.099543081E-05
194 0 2.551436969E-05
194.2 0 3.829656863E-05
194.4 0 6.386935906E-05
194.6 0 3.834669503E-05
194.8 5.116240995E-06 -2.558120498E-05
195 0 -2.559796855E-05
195.2 0 2.023260444E-20
195.4 0 3.449238519E-20
195.6 0 1.282419567E-05
195.8 0 3.849786465E-05
196 0 -1.535329256E-20
196.2 0 -3.854851974E-05
196.4 0 2.571593153E-05
196.6 0 3.85993083E-05
196.8 0 -1.28749176E-05
197 0 1.288341029E-05
197.2 0 5.156765677E-05
197.4 0 3.870128798E-05
197.6 0 1.290895572E-05
197.8 0 6.764556471E-21
198 0 2.422945271E-20
198.2 0 3.897212386E-20
198.4 0 9.529710748E-21
198.6 0 2.590351459E-05
198.8 0 5.184140677E-05
199 0 1.29689575E-05
199.2 0 -1.297757475E-05
199.4 0 -2.620254258E-21
199.6 0 -1.09316349E-20
199.8 0 2.600699068E-05
200 0 5.204863424E-05
200.2 0 1.302083333E-05
200.4 0 -2.605903936E-05
200.6 0 -1.303821762E-05
200.8 0 4.409289302E-20
201 0 2.611129679E-05
201.2 0 1.306438127E-05
201.4 0 1.307312584E-05
201.6 0 -2.014460994E-21
201.8 0 -1.441760782E-21
202 0 5.239771965E-05
202.2 0 2.621644295E-05
202.4 0 2.895485931E-21
202.6 0 1.312584005E-05
202.8 0 2.626933423E-05
203 0 2.813080621E-21
203.2 0 -2.63047138E-05
203.4 0 -2.632243935E-05
203.6 0 1.31700944E-05
203.8 0 3.953694332E-05
204 0 5.275151924E-05
204.2 0 1.319679054E-05
204.4 0 -2.641142664E-05
204.6 0 1.321464817E-05
204.8 0 1.322359513E-05
205 0 -1.32325542E-05
205.2 0 1.324152542E-05
205.4 0 5.300203528E-05
205.6 0 2.651900883E-05
205.8 0 5.307404891E-05
206 0 9.294272604E-05
206.2 0 7.971938776E-05
206.4 0 6.647804629E-05
206.6 0 6.652333106E-05
206.8 0 6.656867757E-05
207 0 2.664563438E-05
207.2 0 1.333191126E-05
207.4 0 2.668203552E-05
207.6 0 5.340054682E-05
207.8 0 5.34370725E-05
208 0 -1.464588151E-20
208.2 0 2.675513699E-05
208.4 0 4.016021247E-05
208.6 0 2.679183813E-05
208.8 0 2.681022649E-05
209 0 -1.341432005E-05
209.2 5.369415808E-06 -5.369415808E-05
209.4 5.373108666E-06 -4.029831499E-05
209.6 5.376806607E-06 1.344201652E-05
209.8 5.380509642E-06 -1.519550099E-20
210 5.384217781E-06 -5.384217781E-05
210.2 5.387931034E-06 -5.387931034E-05
210.4 5.391649413E-06 -2.695824707E-05
210.6 0 -4.046529696E-05
210.8 0 -4.049326192E-05
211 0 -1.350708852E-05
211.2 0 -1.351643599E-05
211.4 0 -1.35257964E-05
211.6 0 -2.707033957E-05
211.8 0 -4.063366852E-05
212 0 -2.710791117E-05
212.2 0 -2.712673611E-05
212.4 0 -2.714558721E-05
212.6 0 -4.07466968E-05
212.8 5.436673626E-06 -2.718336813E-05
213 1.088091922E-05 -1.360114903E-05
213.2 1.633275261E-05 -1.361062718E-05
213.4 1.634414226E-05 -1.362011855E-05
213.6 1.63555478E-05 -2.725924634E-05
213.8 2.18226257E-05 -2.727828212E-05
214 1.637840671E-05 -5.459468903E-05
214.2 2.185314685E-05 -2.731643357E-05
214.4 2.733554934E-05 2.733554934E-05
214.6 3.829656863E-05 -2.735469188E-05
214.8 4.3798178E-05 -8.212158374E-05
215 3.83502805E-05 -9.587570126E-05
215.2 4.385964912E-05 -6.853070175E-05
215.4 5.48630618E-05 -2.74315309E-05
215.6 6.588193956E-05 -6.36407927E-21
215.8 6.592827004E-05 1.920613442E-20
216 5.497888811E-05 3.849412516E-20
216.2 4.951584507E-05 2.750880282E-05
216.4 4.404510218E-05 -1.376409443E-05
216.6 4.958568406E-05 -4.132140339E-05
216.8 4.962067749E-05 -1.378352152E-05
217 4.413841808E-05 3.996830742E-20
217.2 4.416961131E-05 2.760600707E-05
217.4 3.867574257E-05 3.759914186E-20
217.6 4.423213022E-05 2.729438128E-20
217.8 4.97963881E-05 4.149699008E-05
218 4.983167966E-05 1.384213324E-05
218.2 4.986702128E-05 -9.938494017E-21
218.4 4.990241306E-05 8.687285193E-21
218.6 4.993785511E-05 2.774325284E-05
218.8 4.997334755E-05 5.552594172E-05
219 5.000889047E-05 4.167407539E-05
219.2 4.448398577E-05 5.560498221E-05
219.4 4.451566952E-05 5.564458689E-05
219.6 5.011582324E-05 2.784212402E-05
219.8 5.015156919E-05 1.393099144E-05
220 5.018736617E-05 1.394093505E-05
220.2 5.022321429E-05 2.790178571E-05
220.4 5.025911365E-05 5.584345961E-05
220.6 5.029506438E-05 0.0001117668097
220.8 5.033106657E-05 9.786596278E-05
221 5.036712034E-05 6.995433381E-05
221.2 5.600358423E-05 1.400089606E-05
221.4 6.164813486E-05 -4.203281923E-05
221.6 7.29091888E-05 2.804199569E-05
221.8 6.734913793E-05 2.80621408E-05
222 6.178109274E-05 -1.404115744E-05
222.2 6.182553957E-05 2.810251799E-05
222.4 6.18700504E-05 2.812275018E-05
222.6 6.191462536E-05 -2.899217025E-20
222.8 6.19592646E-05 -1.408165105E-05
223 6.200396825E-05 -1.409181097E-05
223.2 5.640794224E-05 2.820397112E-05
223.4 5.080382948E-05 -3.91807742E-20
223.6 5.084056399E-05 -1.412237889E-05
223.8 5.087735166E-05 4.239779305E-05
224 5.091419261E-05 2.828566256E-05
224.2 5.095108696E-05 1.415307971E-05
224.4 5.098803481E-05 -1.665098474E-20
224.6 5.102503628E-05 -4.419967456E-21
224.8 5.10620915E-05 4.255174292E-05
225 5.109920058E-05 1.419422238E-05
225.2 5.113636364E-05 -2.840909091E-05
225.4 5.685953421E-05 -4.264465066E-05
225.6 5.690094683E-05 -1.422523671E-05
225.8 4.555393586E-05 2.847120991E-05
226 3.988876732E-05 4.273796499E-05
226.2 3.991788321E-05 4.276916058E-05
226.4 3.994704164E-05 -4.645279015E-21
226.6 3.997624269E-05 1.427722953E-05
226.8 4.000548647E-05 2.857534748E-05
227 4.003477306E-05 1.429813324E-05
227.2 4.006410256E-05 1.430860806E-05
227.4 4.009347507E-05 -2.863819648E-05
227.6 4.585473221E-05 -2.865920763E-05
227.8 4.588839941E-05 -2.843628142E-20
228 4.592211609E-05 1.435066128E-05
228.2 4.595588235E-05 1.107396245E-20
228.4 4.598969831E-05 -8.623068433E-05
228.6 4.602356406E-05 -5.752945508E-05
228.8 4.605747973E-05 1.441402894E-21
229 4.609144543E-05 -1.44035767E-05
229.2 4.612546125E-05 -5.765682657E-05
229.4 4.615952733E-05 -4.327455687E-05
229.6 4.619364375E-05 1.443551367E-05
229.8 4.622781065E-05 -1.444619083E-05
230 4.626202813E-05 -1.445688379E-05
230.2 4.050925926E-05 -1.446759259E-05
230.4 3.474796145E-05 -1.447831727E-05
230.6 3.477373887E-05 -2.897811573E-05
230.8 3.479955457E-05 -4.349944321E-05
231 3.482540862E-05 -1.451058692E-05
231.2 3.485130112E-05 -1.452137546E-05
231.4 3.487723214E-05 -2.906436012E-05
231.6 3.490320179E-05 -5.817200298E-05
231.8 4.075074516E-05 -7.276918778E-05
232 4.660700969E-05 -1.456469053E-05
232.2 4.664179104E-05 2.91511194E-05
232.4 4.667662435E-05 2.917289022E-05
232.6 4.671150972E-05 2.919469357E-05
232.8 4.674644727E-05 4.382479432E-05
233 4.093375749E-05 2.92383982E-05
233.2 4.096441948E-05 -2.091448139E-20
233.4 4.099512744E-05 -1.464111694E-05
233.6 4.102588147E-05 -2.930420105E-05
233.8 4.105668168E-05 -4.39893018E-05
234 4.695717506E-05 1.467411721E-05
234.2 4.69924812E-05 2.937030075E-05
234.4 4.114936042E-05 -2.93924003E-05
234.6 4.706325301E-05 -1.470726657E-05
234.8 4.709871891E-05 2.943669932E-05
235 4.713423831E-05 1.472944947E-05
235.2 4.716981132E-05 -1.474056604E-05
235.4 4.720543807E-05 1.47516994E-05
235.6 4.724111867E-05 2.952569917E-05
235.8 4.727685325E-05 2.954803328E-05
236 4.731264194E-05 1.478520061E-05
236.2 4.142992424E-05 1.479640152E-05
236.4 4.146133434E-05 3.817355334E-20
236.6 4.149279211E-05 -1.481885432E-05
236.8 4.152429765E-05 -1.48301063E-05
237 4.155585106E-05 2.662881117E-20
237.2 4.158745247E-05 1.48526616E-05
237.4 4.161910198E-05 1.486396499E-05
237.6 4.16507997E-05 -4.462585682E-05
237.8 4.763719512E-05 -7.443311738E-05
238 4.767353166E-05 -1.489797864E-05
238.2 5.367366412E-05 2.981870229E-05
238.4 5.968296409E-05 2.984148205E-05
238.6 5.972859327E-05 -2.807905559E-20
238.8 5.977429227E-05 -1.494357307E-05
239 5.982006126E-05 -4.486504594E-05
239.2 5.986590038E-05 -7.483237548E-05
239.4 5.991180982E-05 -5.991180982E-05
239.6 5.995778972E-05 1.498944743E-05
239.8 6.000384025E-05 2.211754472E-20
240 6.004996157E-05 -1.501249039E-05
240.2 6.610576923E-05 -4.507211538E-05
240.4 7.217090069E-05 -0.0001052492302
240.6 7.82453775E-05 -7.523593991E-05
240.8 8.432922128E-05 -4.517636854E-05
241 9.04224537E-05 -6.02816358E-05
241.2 9.652509653E-05 -3.016409266E-05
241.4 9.659969088E-05 1.50937017E-05
241.6 9.667440062E-05 -1.51053751E-05
241.8 9.674922601E-05 -3.023413313E-05
242 0.0001028756778 -4.538632843E-05
242.2 0.0001090116279 -3.028100775E-05
242.4 0.0001030352987 1.515224981E-05
242.6 9.704968944E-05 -1.516401398E-05
242.8 9.712509713E-05 -4.552738928E-05
243 9.11255832E-05 1.51875972E-05
243.2 9.119649805E-05 1.519941634E-05
243.4 9.126752336E-05 -3.042250779E-05
243.6 9.133865939E-05 -3.04462198E-05
243.8 9.14099064E-05 -1.52349844E-05
244 9.148126464E-05 -4.574063232E-05
244.2 8.544921875E-05 -4.577636719E-05
244.4 7.940774042E-05 -3.171548188E-20
244.6 7.335680751E-05 -4.584800469E-05
244.8 6.729639781E-05 -7.647317933E-05
245 6.122648903E-05 -4.591986677E-05
245.2 5.514705882E-05 -4.595588235E-05
245.4 4.905808477E-05 1.533065149E-05
245.6 4.909662215E-05 4.602808327E-05
245.8 4.913522013E-05 -1.535475629E-05
246 4.917387884E-05 -4.610051141E-05
246.2 4.306102362E-05 -3.075787402E-05
246.4 3.693853428E-05 -1.392497673E-20
246.6 3.696766562E-05 -1.540319401E-05
246.8 3.699684294E-05 1.541535122E-05
247 3.085505529E-05 3.085505529E-05
247.2 3.087944664E-05 -4.631916996E-05
247.4 2.472310127E-05 -1.545193829E-05
247.6 1.855700713E-05 3.092834521E-05
247.8 1.238114105E-05 -1.547642631E-05
248 6.195479778E-06 -3.097739889E-05
248.2 0 2.243322388E-21
248.4 0 7.756652105E-05
248.6 0 0.0001086794515
248.8 0 4.661396181E-05
249 0 1.555035828E-05
249.2 0 6.225099602E-05
249.4 0 6.230063796E-05
249.6 0 4.676276935E-05
249.8 0 7.800019968E-05
250 0 3.122501998E-05
250.2 0 1.5625E-05
250.4 0 4.691253002E-05
250.6 0 1.565004006E-05
250.8 0 1.566259022E-05
251 0 1.567516051E-05
251.2 0 -1.5687751E-05
251.4 0 -3.140072347E-05
251.6 0 1.571299276E-05
251.8 0 3.145128824E-05
252 0 1.573831587E-05
252.2 0 1.575100806E-05
252.4 0 1.576372074E-05
252.6 0 1.577645396E-05
252.8 0 -1.578920776E-05
253 0 3.16039644E-05
253.2 0 6.325910931E-05
253.4 0 1.582759319E-05
253.6 0 2.39119213E-20
253.8 0 -1.585328734E-05
254 0 -7.395295763E-21
254.2 0 1.149630106E-20
254.4 0 -6.356794142E-05
254.6 0 -6.361970684E-05
254.8 0 -4.775366748E-05
255 0 -1.593087276E-05
255.2 0 -1.594387755E-05
255.4 0 -9.574142157E-05
255.6 0 -9.581970564E-05
255.8 6.393207856E-06 -3.196603928E-05
256 6.398443898E-06 -3.910899972E-22
256.2 6.403688525E-06 -1.600922131E-05
256.4 6.408941756E-06 -1.602235439E-05
256.6 1.282840722E-05 2.324947059E-21
256.8 1.283894823E-05 1.389269018E-21
257 1.284950658E-05 -3.212376645E-05
257.2 1.28600823E-05 -1.607510288E-05
257.4 1.287067545E-05 3.217668863E-05
257.6 1.93219291E-05 1.610160758E-05
257.8 1.933787129E-05 -3.222978548E-05
258 1.93538398E-05 -3.225639967E-05
258.2 1.936983471E-05 -1.614152893E-05
258.4 2.584780811E-05 -3.230976013E-05
258.6 3.233650662E-05 -3.233650662E-05
258.8 3.236329743E-05 -1.618164872E-05
259 3.88681592E-05 -3.366043889E-20
259.2 3.890041494E-05 1.620850622E-05
259.4 3.893272425E-05 3.244393688E-05
259.6 3.896508728E-05 1.623545303E-05
259.8 3.899750416E-05 3.249792013E-05
260 3.252497918E-05 1.626248959E-05
260.2 3.90625E-05 1.627604167E-05
260.4 3.257923269E-05 3.257923269E-05
260.6 3.260642738E-05 1.630321369E-05
260.8 3.26336675E-05 -7.501331841E-21
261 3.266095318E-05 -1.633047659E-05
261.2 3.268828452E-05 3.77108416E-20
261.4 3.271566164E-05 5.360275836E-20
261.6 3.274308466E-05 2.90005383E-21
261.8 3.277055369E-05 1.638527685E-05
262 3.279806885E-05 -1.432385535E-20
262.2 3.282563025E-05 -1.641281513E-05
262.4 3.285323802E-05 -7.544507963E-21
262.6 3.288089226E-05 2.09614682E-20
262.8 3.290859309E-05 1.645429655E-05
263 3.293634064E-05 -3.293634064E-05
263.2 3.296413502E-05 -6.592827004E-05
263.4 3.299197635E-05 -3.299197635E-05
263.6 3.301986475E-05 -3.301986475E-05
263.8 2.643824027E-05 -3.304780034E-05
264 3.307578323E-05 -3.307578323E-05
264.2 3.310381356E-05 -3.310381356E-05
264.4 3.313189143E-05 1.656594572E-05
264.6 2.652801358E-05 3.316001698E-05
264.8 1.991291419E-05 -1.659409516E-05
265 1.992984694E-05 -3.321641156E-05
265.2 1.994680851E-05 -3.324468085E-05
265.4 1.996379898E-05 -1.663649915E-05
265.6 1.332054561E-05 -1.665068201E-05
265.8 6.665955631E-06 -3.332977816E-05
266 6.671648164E-06 -3.335824082E-05
266.2 0 -5.008012821E-05
266.4 0 -3.341531223E-05
266.6 0 -1.672196062E-05
266.8 0 -5.020886889E-05
267 0 -5.025192967E-05
267.2 0 -1.676502146E-05
267.4 0 -1.67794244E-05
267.6 0 -5.038155632E-05
267.8 0 -1.680830465E-05
268 0 1.682278208E-05
268.2 0 -1.683728448E-05
268.4 0 -1.685181191E-05
268.6 0 3.373272884E-05
268.8 0 1.688094209E-05
269 0 -1.689554498E-05
269.2 0 1.691017316E-05
269.4 0 1.692482669E-05
269.6 0 3.387901127E-05
269.8 0 6.781684028E-05
270 0 -3.819581556E-20
270.2 0 -1.698369565E-05
270.4 0 3.399695387E-05
270.6 0 3.402656794E-05
270.8 0 -1.702811683E-05
271 0 -1.704297557E-05
271.2 0 1.705786026E-05
271.4 0 -1.707277098E-05
271.6 0 -1.708770779E-05
271.8 0 2.047962219E-20
272 0 3.423531989E-05
272.2 0 6.853070175E-05
272.4 0 5.144315189E-05
272.6 0 -1.1676284E-20
272.8 0 -1.717788039E-05
273 0 3.438600352E-05
273.2 0 1.720814978E-05
273.4 0 -5.166997354E-05
273.6 0 -6.895410415E-05
273.8 6.901501767E-06 -3.450750883E-05
274 1.381520778E-05 -1.726900973E-05
274.2 2.074115044E-05 -1.728429204E-05
274.4 2.07595217E-05 1.729960142E-05
274.6 1.385195035E-05 -1.621092092E-21
274.8 6.932120674E-06 -3.466060337E-05
275 0 -1.734569272E-05
275.2 0 1.338841761E-20
275.4 0 1.737655694E-05
275.6 6.95681211E-06 -1.739203028E-05
275.8 1.392602496E-05 1.345507077E-20
276 2.090767172E-05 5.22691793E-05
276.2 2.092633929E-05 -3.487723214E-05
276.4 2.094504021E-05 -8.727100089E-05
276.6 2.09637746E-05 -3.493962433E-05
276.8 2.098254252E-05 1.74854521E-05
277 2.100134409E-05 1.750112007E-05
277.2 2.102017937E-05 1.751681614E-05
277.4 2.103904847E-05 3.506508079E-05
277.6 2.105795148E-05 1.75482929E-05
277.8 2.107688849E-05 -1.756407374E-05
278 2.109585959E-05 -5.389098323E-20
278.2 1.407657658E-05 -4.727482501E-20
278.4 7.044634806E-06 -1.761158702E-05
278.6 0 -1.421226352E-20
278.8 0 -1.76434056E-05
279 7.063743219E-06 -2.130810869E-21
279.2 0 1.767533937E-05
279.4 0 1.769134964E-05
279.6 0 3.541477788E-05
279.8 0 5.317037205E-05
280 0 5.321866485E-05
280.2 0 5.326704545E-05
280.4 0 7.108735214E-05
280.6 0 3.557604736E-05
280.8 0 3.560847767E-05
281 0 5.346145073E-05
281.2 0 7.134703196E-05
281.4 0 0.0001071183729
281.6 0 5.360818847E-05
281.8 0 -3.577152015E-05
282 0 -3.580430797E-05
282.2 0 -2.592288867E-20
282.4 0 -1.793503214E-05
282.6 0 -3.507489263E-20
282.8 0 1.796803128E-05
283 0 1.798457643E-05
283.2 0 1.800115207E-05
283.4 0 -3.603551661E-05
283.6 0 -1.80343952E-05
283.8 0 7.220425139E-05
284 0 7.227104533E-05
284.2 0 3.616898148E-05
284.4 0 1.810125116E-05
284.6 0 -5.435412801E-05
284.8 0 -9.067432683E-05
285 0 -1.815171933E-05
285.2 0 5.450581395E-05
285.4 0 3.637104283E-05
285.6 0 8.041844709E-21
285.8 0 1.821944963E-05
286 0 5.470938375E-05
286.2 0 5.476051402E-05
286.4 0 5.481173994E-05
286.6 0 -2.383332703E-20
286.8 0 -0.0001098289597
287 0 -0.0001099319887
287.2 0 -1.833920188E-05
287.4 0 3.671287594E-05
287.6 0 7.349482596E-05
287.8 0 7.356403013E-05
288 0 7.363336475E-05
288.2 0 1.842570755E-05
288.4 0 -9.221553352E-05
288.6 0 -3.69210775E-05
288.8 0 7.391201514E-05
289 0 7.398200758E-05
289.2 0 -1.973505921E-20
289.4 0 -1.853059772E-05
289.6 0 -1.854819563E-05
289.8 0 -1.8565827E-05
290 0 -3.716698382E-05
290.2 0 -5.580357143E-05
290.4 0 -3.723784557E-05
290.6 0 -1.863668893E-05
290.8 0 -3.730897803E-05
291 0 -5.601696941E-05
291.2 0 1.452034802E-20
291.4 0 3.741618774E-05
291.6 0 1.872603068E-05
291.8 0 -1.874400192E-05
292 0 -3.752401537E-05
292.2 0 -1.878004808E-05
292.4 0 1.840104016E-23
292.6 0 -2.68880768E-21
292.8 0 -3.766875603E-05
293 0 -5.655767375E-05
293.2 0 -2.01469244E-20
293.4 0 -5.666706963E-05
293.6 0 -0.0001134438529
293.8 0 4.89808886E-21
294 0 7.577594568E-05
294.2 0 5.688713592E-05
294.4 7.592322643E-06 3.796161322E-05
294.6 1.519941634E-05 3.799854086E-05
294.8 1.521421616E-05 1.90177702E-05
295 1.522904483E-05 4.060957892E-20
295.2 1.524390244E-05 1.905487805E-05
295.4 1.525878906E-05 3.814697266E-05
295.6 1.527370479E-05 5.727639296E-05
295.8 1.528864971E-05 7.644324853E-05
296 2.295543585E-05 1.912952987E-05
296.2 3.06372549E-05 -1.914828431E-05
296.4 3.06673209E-05 3.316482066E-20
296.6 3.069744597E-05 1.918590373E-05
296.8 3.072763029E-05 3.840953786E-05
297 2.306840551E-05 1.922367126E-05
297.2 2.3091133E-05 6.17933134E-20
297.4 2.311390533E-05 1.926158777E-05
297.6 3.084896347E-05 1.928060217E-05
297.8 4.631916996E-05 1.929965415E-05
298 3.863748764E-05 1.931874382E-05
298.2 5.41460396E-05 -1.933787129E-05
298.4 5.419970268E-05 -1.935703667E-05
298.6 5.425347222E-05 1.937624008E-05
298.8 4.654915591E-05 -1.939548163E-05
299 6.212723658E-05 1.471399558E-20
299.2 5.441542289E-05 1.94340796E-05
299.4 6.225099602E-05 -1.945343625E-05
299.6 5.452392822E-05 -1.947283151E-05
299.8 6.23752495E-05 -1.949226547E-05
300 5.463286713E-05 1.696752372E-20
300.2 6.25E-05 -1.953125E-05
300.4 6.256256256E-05 -5.999265174E-20
300.6 5.479709419E-05 5.871117234E-05
300.8 4.701604814E-05 -1.959002006E-05
301 5.490712851E-05 -5.882906627E-05
301.2 5.496231156E-05 -3.925879397E-05
301.4 5.501760563E-05 -9.824572435E-05
301.6 4.720543807E-05 -7.867573011E-05
301.8 3.150201613E-05 -1.968876008E-05
302 2.365035318E-05 -1.970862765E-05
302.2 1.578282828E-05 2.662004901E-20
302.4 7.899393327E-06 -7.222134898E-21
302.6 0 -3.953694332E-05
302.8 0 -3.957700101E-05
303 0 -3.961713996E-05
303.2 0 -7.931472081E-05
303.4 0 -7.93953252E-05
303.6 0 -2.118374264E-21
303.8 0 3.977851324E-05
304 0 -1.896069794E-20
304.2 0 -1.992984694E-05
304.4 0 -1.995020429E-05
304.6 0 -3.994120654E-05
304.8 0 -1.999104401E-05
305 0 4.002305328E-05
305.2 0 6.009615385E-05
305.4 0 2.005261807E-05
305.6 0 -2.007322713E-05
305.8 0 -4.01877572E-05
306 0 -4.022914521E-05
306.2 0 -4.027061856E-05
306.4 0 -2.015608875E-05
306.6 0 2.017691116E-05
306.8 0 2.019777663E-05
307 0 -2.02186853E-05
307.2 0 -2.023963731E-05
307.4 0 -2.026063278E-05
307.6 0 2.638525851E-20
307.8 0 2.030275468E-05
308 0 4.064776275E-05
308.2 0 6.103515625E-05
308.4 8.146506778E-06 4.073253389E-05
308.6 8.155010438E-06 2.03875261E-05
308.8 8.16353187E-06 4.081765935E-05
309 8.17207113E-06 4.086035565E-05
309.2 8.180628272E-06 2.045157068E-05
309.4 8.189203354E-06 4.094601677E-05
309.6 8.197796432E-06 2.049449108E-05
309.8 8.206407563E-06 2.051601891E-05
310 8.215036803E-06 6.161277603E-05
310.2 8.223684211E-06 -2.055921053E-05
310.4 8.232349842E-06 -2.05808746E-05
310.6 8.241033755E-06 4.120516878E-05
310.8 8.249736008E-06 6.696823539E-21
311 8.25845666E-06 2.064614165E-05
311.2 0 4.133597884E-05
311.4 0 4.137976695E-05
311.6 0 8.284729586E-05
311.8 0 8.293524416E-05
312 0 7.285928473E-21
312.2 0 4.155585106E-05
312.4 0 2.080005325E-05
312.6 0 -2.082222814E-05
312.8 0 1.053224084E-20
313 0 4.780051839E-20
313.2 0 4.177807487E-05
313.4 0 4.182280514E-05
313.6 0 6.280144695E-05
313.8 0 6.286883047E-05
314 0 4.19575725E-05
314.2 0 4.200268817E-05
314.4 0 6.307185145E-05
314.6 0 6.313981681E-05
314.8 0 4.21386192E-05
315 0 4.218412527E-05
315.2 0 4.222972973E-05
315.4 0 4.22754329E-05
315.6 0 -1.05558958E-20
315.8 0 -4.236713666E-05
316 0 -4.241313789E-05
316.2 0 -4.245923913E-05
316.4 0 -2.125272035E-05
316.6 0 2.127587146E-05
316.8 0 3.78418896E-20
317 0 -6.396697598E-05
317.2 0 -2.134562842E-05
317.4 0 -2.136898249E-05
317.6 0 -6.41771632E-05
317.8 0 2.837593456E-20
318 0 -2.143935236E-05
318.2 0 -8.585164835E-05
318.4 0 -4.29730473E-05
318.6 0 -8.60407489E-05
318.8 0 -0.0001507373208
319 0 -8.623068433E-05
319.2 0 1.314834301E-20
319.4 0 2.160536504E-05
319.6 0 -2.162929125E-05
319.8 0 2.165327051E-05
320 0 8.670921199E-05
320.2 0 4.340277778E-05
320.4 0 2.172552836E-05
320.6 0 4.349944321E-05
320.8 0 6.532190635E-05
321 0 4.359654018E-05
321.2 0 5.108922901E-20
321.4 0 2.184703579E-05
321.6 0 2.187150056E-05
321.8 0 7.924367827E-20
322 0 6.307633406E-20
322.2 0 3.695865467E-20
322.4 0 2.196991001E-05
322.6 8.79786036E-06 6.697984052E-20
322.8 1.761555806E-05 2.201944758E-05
323 2.645316027E-05 2.204430023E-05
323.2 2.648305085E-05 -4.413841808E-05
323.4 2.651300905E-05 -6.628252262E-05
323.6 3.539071348E-05 -8.847678369E-05
323.8 4.428854875E-05 -6.643282313E-05
324 5.320658343E-05 -2.949630137E-20
324.2 6.214488636E-05 2.219460227E-05
324.4 7.110352673E-05 -4.443970421E-05
324.6 8.008257403E-05 -8.898063781E-05
324.8 8.908209806E-05 -8.908209806E-05
325 9.810216895E-05 -0.0001114797374
325.2 9.821428571E-05 -8.928571429E-05
325.4 9.832665904E-05 -8.938787185E-05
325.6 9.843928981E-05 -8.949026346E-05
325.8 0.0001075114679 -4.479644495E-05
326 0.0001166044776 -4.4847876E-05
326.2 0.0001077586207 -4.489942529E-05
326.4 9.889240506E-05 -4.495109321E-05
326.6 9.000576037E-05 4.945688716E-20
326.8 8.109861592E-05 -4.505478662E-05
327 8.119226328E-05 -2.255340647E-05
327.2 8.128612717E-05 4.515895954E-05
327.4 7.233796296E-05 2.260561343E-05
327.6 7.242178447E-05 -2.263180765E-05
327.8 7.250580046E-05 -4.531612529E-05
328 6.351626016E-05 4.536875726E-05
328.2 5.450581395E-05 2.271075581E-05
328.4 5.456926659E-05 -4.547438882E-05
328.6 5.463286713E-05 2.276369464E-05
328.8 5.46966161E-05 9.116102684E-05
329 5.476051402E-05 6.845064252E-05
329.2 5.48245614E-05 2.284356725E-05
329.4 5.488875878E-05 6.861094848E-05
329.6 5.495310668E-05 6.869138335E-05
329.8 5.501760563E-05 -4.009608516E-20
330 6.42626322E-05 -2.295094007E-05
330.2 7.352941176E-05 2.297794118E-05
330.4 7.361601885E-05 6.901501767E-05
330.6 8.291568396E-05 2.303213443E-05
330.8 8.301357733E-05 6.917798111E-05
331 9.23463357E-05 6.925975177E-05
331.2 0.0001017011834 -2.311390533E-05
331.4 0.0001110781991 -6.942387441E-05
331.6 0.0001112099644 2.923966418E-20
331.8 9.278503563E-05 9.278503563E-05
332 0.0001114744352 -4.644768133E-05
332.2 0.0001116071429 -2.32514881E-05
332.4 0.0001024284863 2.327920143E-05
332.6 9.322792363E-05 -4.661396181E-05
332.8 7.467144564E-05 2.333482676E-05
333 7.476076555E-05 -4.672547847E-05
333.2 5.613772455E-05 -9.356287425E-05
333.4 5.620503597E-05 2.341876499E-05
333.6 3.7515006E-05 0.0001172343938
333.8 1.878004808E-05 7.042518029E-05
334 9.401323706E-06 -4.700661853E-05
334.2 0 -2.353162651E-05
334.4 0 2.718492699E-20
334.6 0 -4.717693237E-05
334.8 0 -2.361698912E-05
335 0 4.729116223E-05
335.2 0 4.734848485E-05
335.4 0 -0.0001422178398
335.6 0 -0.000213585966
335.8 0 -4.752128954E-05
336 0 -2.378958587E-05
336.2 0 2.854455365E-20
336.4 0 7.154304029E-05
336.6 0 4.941287609E-20
336.8 0 2.015188542E-20
337 0 4.787071078E-05
337.2 0 7.189417178E-05
337.4 0 7.198249386E-05
337.6 0 9.609471095E-05
337.8 0 0.0001443195813
338 0 4.816584464E-05
338.2 0 -2.866084759E-20
338.4 0 5.711164493E-20
338.6 0 -2.417233911E-05
338.8 0 -2.420229244E-05
339 9.69292804E-06 -2.42323201E-05
339.2 9.704968944E-06 -2.426242236E-05
339.4 9.717039801E-06 -7.287779851E-05
339.6 9.729140722E-06 -4.864570361E-05
339.8 9.74127182E-06 -7.305953865E-05
340 9.753433208E-06 -7.315074906E-05
340.2 9.765625E-06 -4.8828125E-05
340.4 9.777847309E-06 -7.333385482E-05
340.6 9.790100251E-06 -4.895050125E-05
340.8 9.80238394E-06 -9.80238394E-05
341 9.814698492E-06 -7.361023869E-05
341.2 9.827044025E-06 -2.456761006E-05
341.4 0 -7.379565491E-05
341.6 9.851828499E-06 -7.388871375E-05
341.8 9.864267677E-06 -2.466066919E-05
342 9.876738306E-06 -2.051133727E-20
342.2 9.889240506E-06 -4.944620253E-05
342.4 9.901774398E-06 -2.475443599E-05
342.6 0 2.478585025E-05
342.8 9.926937738E-06 -2.481734435E-05
343 9.93956743E-06 -7.454675573E-05
343.2 9.952229299E-06 -2.488057325E-05
343.4 9.964923469E-06 7.473692602E-05
343.6 9.977650064E-06 4.988825032E-05
343.8 0 -8.787635008E-20
344 1.000320102E-05 2.500800256E-05
344.2 0 -5.062228938E-21
344.4 1.002888318E-05 9.291579947E-21
344.6 0 5.493804578E-21
344.8 0 -5.027348777E-05
345 0 2.47222508E-20
345.2 0 2.52016129E-05
345.4 0 2.523417313E-05
345.6 0 2.526681759E-05
345.8 0 5.059909326E-05
346 0 5.066472114E-05
346.2 0 -1.080664343E-20
346.4 0 -7.619473342E-05
346.6 0 -0.0001271565755
346.8 0 -5.092894394E-05
347 0 -2.871224882E-20
347.2 0 -5.632174704E-21
347.4 0 1.203483382E-20
347.6 0 2.630033069E-20
347.8 0 2.563156168E-05
348 0 2.458434386E-20
348.2 0 -2.569901316E-05
348.4 0 -4.776363079E-20
348.6 0 -3.624213849E-20
348.8 0 -2.226588995E-20
349 0 1.389542405E-20
349.2 0 5.431358125E-20
349.4 0 2.590351459E-05
349.6 0 8.648712351E-21
349.8 0 -2.597240691E-05
350 0 -1.526014636E-20
350.2 0 2.604166667E-05
350.4 0 1.711132067E-20
350.6 0 -2.611129679E-05
350.8 0 7.671271538E-21
351 0 -2.910013685E-20
351.2 0 5.243288591E-05
351.4 0 -1.434387898E-21
351.6 0 -7.886103634E-05
351.8 0 3.687378505E-20
352 0 2.635796221E-05
352.2 0 5.102221728E-21
352.4 0 -5.285859269E-05
352.6 1.058604336E-05 -2.64651084E-05
352.8 1.060040706E-05 6.082520628E-20
353 1.061480978E-05 -2.653702446E-05
353.2 1.06292517E-05 1.841046887E-20
353.4 0 1.838154112E-20
353.6 0 2.664563438E-05
353.8 0 5.336407104E-05
354 1.06874145E-05 5.34370725E-05
354.2 2.140410959E-05 2.675513699E-05
354.4 3.215020576E-05 5.358367627E-05
354.6 2.146291209E-05 8.048592033E-05
354.8 1.074621733E-05 8.059662999E-05
355 1.076101928E-05 8.070764463E-05
355.2 2.155172414E-05 5.387931034E-05
355.4 3.237223757E-05 2.697686464E-05
355.6 3.241701245E-05 -2.701417704E-05
355.8 3.246191136E-05 -8.060166012E-21
356 3.250693481E-05 2.708911234E-05
356.2 3.255208333E-05 5.425347222E-05
356.4 3.259735744E-05 8.14933936E-05
356.6 3.264275766E-05 5.44045961E-05
356.8 3.268828452E-05 8.17207113E-05
357 3.273393855E-05 0.0001091131285
357.2 3.277972028E-05 8.19493007E-05
357.4 3.282563025E-05 5.470938375E-05
357.6 2.1914446E-05 8.217917251E-05
357.8 1.097261236E-05 8.22945927E-05
358 0 2.800566802E-20
358.2 1.100352113E-05 -5.501760563E-05
358.4 2.203808181E-05 -0.000110190409
358.6 4.413841808E-05 -8.27595339E-05
358.8 4.420084866E-05 -3.25295842E-20
359 5.532932011E-05 -8.299398017E-05
359.2 6.64893617E-05 -0.0001108156028
359.4 6.658380682E-05 2.774325284E-05
359.6 6.667852063E-05 2.778271693E-05
359.8 6.677350427E-05 -8.346688034E-05
360 7.801355207E-05 -8.358594864E-05
360.2 7.8125E-05 -2.790178571E-05
360.4 5.588340486E-05 -5.097381983E-20
360.6 3.357808023E-05 3.33848509E-20
360.8 2.241750359E-05 2.802187948E-05
361 3.367456897E-05 -2.80621408E-05
361.2 5.620503597E-05 -8.430755396E-05
361.4 5.628602305E-05 -2.814301153E-05
361.6 5.636724387E-05 2.818362193E-05
361.8 3.386921965E-05 8.467304913E-05
362 3.391823444E-05 5.653039074E-05
362.2 4.528985507E-05 2.830615942E-05
362.4 3.401669086E-05 2.834724238E-05
362.6 4.542151163E-05 -2.838844477E-05
362.8 4.548762737E-05 -3.913253673E-20
363 2.277696793E-05 1.837472215E-20
363.2 2.281021898E-05 -2.851277372E-05
363.4 1.142178363E-05 -1.299479495E-20
363.6 0 2.859626647E-05
363.8 0 2.863819648E-05
364 1.147209985E-05 -2.868024963E-05
364.2 1.148897059E-05 -5.744485294E-05
364.4 0 1.17357697E-20
364.6 0 2.880715339E-05
364.8 0 -2.053041037E-20
365 0 1.014264798E-20
365.2 1.157407407E-05 2.893518519E-05
365.4 1.159124629E-05 2.897811573E-05
365.6 1.160846954E-05 -5.580424615E-20
365.8 1.162574405E-05 -1.995503481E-20
366 1.164307004E-05 -3.134417091E-20
366.2 1.166044776E-05 -2.91511194E-05
366.4 1.167787743E-05 -1.563056806E-20
366.6 1.169535928E-05 -6.573856792E-20
366.8 1.171289355E-05 -5.856446777E-05
367 1.173048048E-05 -2.93262012E-05
367.2 0 -1.445915494E-20
367.4 0 2.941453313E-05
367.6 0 5.891779789E-05
367.8 0 -7.455303692E-20
368 0 -5.909606657E-05
368.2 0 2.847791378E-20
368.4 0 -2.963770865E-05
368.6 0 -5.936550152E-05
368.8 0 -2.972792998E-05
369 0 -1.998662572E-21
369.2 0 -1.004984399E-19
369.4 0 -2.986429664E-05
369.6 0 -8.527943749E-21
369.8 0 -9.095795184E-21
370 0 2.120658034E-20
370.2 0 4.886459567E-20
370.4 0 3.694510546E-21
370.6 0 -5.179409781E-20
370.8 0 -5.10654588E-20
371 0 1.851816286E-20
371.2 0 3.802580083E-20
371.4 0 3.358472394E-20
371.6 0 -5.028353649E-20
371.8 0 3.042250779E-05
372 0 6.09399376E-05
372.2 0 3.051757812E-05
372.4 0 -3.056533646E-05
372.6 0 -3.061324451E-05
372.8 0 3.066130298E-05
373 0 -1.991100028E-21
373.2 1.230314961E-05 -3.075787402E-05
373.4 2.464511041E-05 1.533233555E-20
373.6 2.468404423E-05 1.216837487E-22
373.8 2.472310127E-05 -2.476267546E-21
374 2.476228209E-05 -3.095285261E-05
374.2 3.720238095E-05 -3.100198413E-05
374.4 3.726152623E-05 -6.854112249E-20
374.6 3.732085987E-05 -6.630795026E-20
374.8 3.738038278E-05 3.115031898E-05
375 3.744009585E-05 -4.317233132E-20
375.2 5E-05 -3.125E-05
375.4 5.008012821E-05 3.130008013E-05
375.6 2.508025682E-05 -5.470288337E-20
375.8 2.512057878E-05 -3.140072347E-05
376 1.25805153E-05 -8.574300119E-20
376.2 1.260080645E-05 3.150201613E-05
376.4 1.262116317E-05 3.155290792E-05
376.6 1.264158576E-05 -4.328782371E-20
376.8 1.266207455E-05 -3.165518639E-05
377 1.268262987E-05 -4.067178244E-20
377.2 1.270325203E-05 6.351626016E-05
377.4 1.272394137E-05 6.361970684E-05
377.6 0 -1.834410278E-20
377.8 0 -3.795925972E-20
378 0 9.589811784E-05
378.2 0 9.605532787E-05
378.4 0 3.207101806E-05
378.6 0 -3.212376645E-05
378.8 0 -6.435337727E-05
379 0 -3.222978548E-05
379.2 0 -6.45661157E-05
379.4 0 -6.467301325E-05
379.6 0 -3.239013267E-05
379.8 0 -6.488787375E-05
380 0 -3.461354839E-20
380.2 0 -3.44790527E-20
380.4 0 -2.920996661E-20
380.6 0 -3.786747546E-20
380.8 0 -3.271566164E-05
381 0 -2.062228717E-20
381.2 0 -1.183385995E-20
381.4 0 6.376711938E-21
381.6 0 5.379354458E-21
381.8 0 -2.367000382E-20
382 0 -3.304780034E-05
382.2 0 -6.620762712E-05
382.4 0 -3.316001698E-05
382.6 0 -3.321641156E-05
382.8 0 -6.654599659E-05
383 0 -6.665955631E-05
383.2 0 -6.677350427E-05
383.4 0 -0.0001003317637
383.6 0 -6.70025729E-05
383.8 0 -8.517425894E-21
384 0 -5.360854836E-20
384.2 0 -3.367456897E-05
384.4 0 -3.373272884E-05
384.6 0 -3.379108997E-05
384.8 0 -2.911298049E-20
385 0 3.390842014E-05
385.2 0 -5.040959278E-20
385.4 0 -4.81406155E-20
385.6 0 -3.408595113E-05
385.8 0 -3.414554196E-05
386 0 5.917891598E-21
386.2 0 -3.437422202E-20
386.4 0 -3.867870178E-20
386.6 0 3.438600352E-05
386.8 0 3.444664903E-05
387 0 3.343791461E-20
387.2 0 -2.922252909E-20
387.4 0 -3.462987589E-05
387.6 0 -7.963146166E-20
387.8 0 3.475311388E-05
388 0 -1.260264755E-19
388.2 0 -6.557929528E-20
388.4 0 -6.303573776E-20
388.6 0 -4.057413411E-21
388.8 0 -4.281084726E-20
389 0 2.102186136E-20
389.2 0 -3.322226956E-20
389.4 0 4.111711504E-21
389.6 0 -3.204576711E-20
389.8 0 -1.234635827E-20
390 0 -4.195135365E-20
390.2 0 -4.416772935E-20
390.4 0 -6.93139014E-20
390.6 0 3.564096715E-05
390.8 0 3.570612431E-05
391 0 -1.030594749E-19
391.2 0 -3.583715596E-05
391.4 0 -3.590303309E-05
391.6 0 -5.513850892E-20
391.8 0 3.603551661E-05
392 0 0.0001083063771
392.2 0 7.233796296E-05
392.4 0 -3.397243516E-22
392.6 0 7.260687732E-05
392.8 0 0.0001091131285
393 0 0.0001093166978
393.2 0 7.301401869E-05
393.4 0 -3.657537453E-05
393.6 0 -3.664399625E-05
393.8 0 -6.523768648E-20
394 1.471280603E-05 3.678201507E-05
394.2 2.948113208E-05 -3.685141509E-05
394.4 4.430529301E-05 -1.542355194E-20
394.6 5.918560606E-05 7.398200758E-05
394.8 5.929791271E-05 3.706119545E-05
395 7.426330798E-05 -3.713165399E-05
395.2 8.928571429E-05 -3.720238095E-05
395.4 8.945610687E-05 3.727337786E-05
395.6 8.962715105E-05 -1.534539498E-20
395.8 8.979885057E-05 -3.741618774E-05
396 0.0001049664107 -3.748800384E-05
396.2 0.0001051682692 -3.756009615E-05
396.4 0.0001053709056 -3.763246628E-05
396.6 0.0001055743243 -9.021735978E-20
396.8 0.00010577853 7.555609284E-05
397 0.0001059835271 3.785125969E-05
397.2 9.101941748E-05 -7.584951456E-05
397.4 9.119649805E-05 3.799854086E-05
397.6 9.137426901E-05 -3.807261209E-05
397.8 7.629394531E-05 -0.000114440918
398 9.173189824E-05 -7.644324853E-05
398.2 9.191176471E-05 -7.659313725E-05
398.4 9.209233792E-05 -2.994905376E-20
398.6 9.227362205E-05 -3.844734252E-05
398.8 9.24556213E-05 -8.829689611E-20
399 9.263833992E-05 3.85993083E-05
399.2 7.735148515E-05 -1.046840253E-19
399.4 9.300595238E-05 -2.622447011E-20
399.6 9.319085487E-05 -5.46607362E-20
399.8 9.337649402E-05 -3.890687251E-05
400 9.356287425E-05 -3.898453094E-05
400.2 7.8125E-05 3.90625E-05
400.4 6.26252505E-05 3.914078156E-05
400.6 4.706325301E-05 -3.75232391E-20
400.8 3.143863179E-05 3.929828974E-05
401 1.575100806E-05 3.937752016E-05
401.2 1.578282828E-05 7.891414141E-05
401.4 1.581477733E-05 0.0001581477733
401.6 1.584685598E-05 8.175210973E-20
401.8 1.587906504E-05 -3.96976626E-05
402 1.59114053E-05 3.977851324E-05
402.2 1.594387755E-05 -1.092693197E-19
402.4 0 -1.044881277E-19
402.6 0 -4.002305328E-05
402.8 0 -8.021047228E-05
403 0 -8.03755144E-05
403.2 0 4.027061856E-05
403.4 0 0.0001210614669
403.6 1.617494824E-05 8.08747412E-05
403.8 3.241701245E-05 0.0001215637967
404 4.872661123E-05 0.0001218165281
404.2 6.510416667E-05 4.069010417E-05
404.4 8.155010438E-05 4.077505219E-05
404.6 8.17207113E-05 8.17207113E-05
404.8 8.189203354E-05 0.0001228380503
405 8.206407563E-05 8.206407563E-05
405.2 8.223684211E-05 -1.396618787E-19
405.4 8.241033755E-05 8.241033755E-05
405.6 8.25845666E-05 -4.12922833E-05
405.8 8.27595339E-05 -8.27595339E-05
406 6.634819533E-05 0.0001244028662
406.2 6.64893617E-05 0.0001662234043
406.4 6.663113006E-05 8.328891258E-05
406.6 6.677350427E-05 -4.173344017E-05
406.8 6.691648822E-05 -5.440180411E-20
407 0.0001005901288 -8.38251073E-05
407.2 0.0001008064516 -8.400537634E-05
407.4 0.0001010237069 8.418642241E-05
407.6 0.0001012419006 4.218412527E-05
407.8 0.000101461039 -6.657617096E-20
408 0.000101681128 -4.236713666E-05
408.2 0.0001019021739 4.245923913E-05
408.4 0.000102124183 4.255174292E-05
408.6 0.0001023471616 4.264465066E-05
408.8 0.000102571116 8.547592998E-05
409 0.0001027960526 -4.28316886E-05
409.2 0.000103021978 -4.292582418E-05
409.4 0.0001032488987 8.60407489E-05
409.6 0.0001034768212 8.623068433E-05
409.8 0.0001037057522 -4.321073009E-05
410 8.661308204E-05 -8.661308204E-05
410.2 8.680555556E-05 -4.340277778E-05
410.4 8.699888641E-05 8.699888641E-05
410.6 8.719308036E-05 0.0001307896205
410.8 8.738814318E-05 0.0002621644295
411 7.006726457E-05 0.0001751681614
411.2 7.02247191E-05 4.389044944E-05
411.4 5.278716216E-05 0.000219946509
411.6 3.527088036E-05 0.0001322658014
411.8 1.767533937E-05 4.418834842E-05
412 1.77154195E-05 0.0001328656463
412.2 0 0.0002219460227
412.4 0 0.0001334709567
412.6 0 4.459189498E-05
412.8 0 0.0001340818078
413 1.791857798E-05 4.479644495E-05
413.2 3.591954023E-05 -3.354000402E-20
413.4 3.600230415E-05 -7.62277944E-20
413.6 5.412817552E-05 -0.0001353204388
413.8 7.233796296E-05 -0.0001356336806
414 9.063225058E-05 -0.0001359483759
414.2 0.0001090116279 -0.0001362645349
414.4 0.00012747669 -9.105477855E-05
414.6 0.0001460280374 6.358839546E-20
414.8 0.0001463700234 4.574063232E-05
415 0.000146713615 -3.046293573E-20
415.2 0.0001470588235 -1.065104878E-19
415.4 0.0001474056604 -0.0001381928066
415.6 0.0001477541371 -0.0001846926714
415.8 0.0001481042654 -4.628258294E-05
416 0.000148456057 -0.0001855700713
416.2 0.0001488095238 -0.000232514881
416.4 0.0001491646778 4.661396181E-05
416.6 0.0001495215311 0.0001869019139
416.8 0.0001498800959 -9.367505995E-05
417 0.0001502403846 -9.390024038E-05
417.2 0.0001506024096 0.000141189759
417.4 0.0001509661836 -7.859975087E-20
417.6 0.0001513317191 -9.458232446E-05
417.8 0.0001516990291 -9.48118932E-05
418 0.0001520681265 -9.504257908E-05
418.2 0.0001333841463 -4.763719512E-05
418.4 0.000114608802 1.348328957E-20
418.6 0.0001148897059 0.0001436121324
418.8 9.597665848E-05 0.0002879299754
419 7.697044335E-05 0.0001443195813
419.2 5.787037037E-05 9.645061728E-05
419.4 3.867574257E-05 0.0001450340347
419.6 1.938585608E-05 0.0001938585608
419.8 0 0.000340096393
420 0 0.0002922381546
420.2 0 6.528021628E-20
420.4 0 0.0001468515038
420.6 0 0.0003925879397
420.8 0 0.0003443797229
421 0 0.0002959280303
421.2 0 9.889240506E-05
421.4 0 4.957170051E-05
421.6 1.987913486E-05 4.969783715E-05
421.8 3.985969388E-05 0.0002491230867
422 3.996163683E-05 0.0002497602302
422.2 6.009615385E-05 5.008012821E-05
422.4 8.033419023E-05 -0.0001004177378
422.6 0.0001006765464 -0.0001510148196
422.8 0.000121124031 -0.0001009366925
423 0.0001416774611 -5.059909326E-05
423.2 0.0001623376623 2.961868502E-20
423.4 0.0001627604167 0.0001017252604
423.6 0.0001631853786 5.59807904E-20
423.8 0.0001636125654 -0.0001022578534
424 0.0001435367454 -2.231424893E-20
424.2 0.0001439144737 -0.0001027960526
424.4 0.0001649076517 -0.0001030672823
424.6 0.0001446759259 -5.166997354E-05
424.8 0.0001450596817 0.0001036140584
425 0.0001454454787 4.166259721E-21
425.2 0.0001458333333 -0.0001041666667
425.4 0.000146223262 -6.596431584E-20
425.6 0.0001466152815 -0.0001047252011
425.8 0.0001680107527 -5.250336022E-05
426 0.0001684636119 0.0001052897574
426.2 0.0001689189189 -5.278716216E-05
426.4 0.0001693766938 -5.29302168E-05
426.6 0.0001698369565 5.307404891E-05
426.8 0.0001702997275 -5.321866485E-05
427 0.0001707650273 5.336407104E-05
427.2 0.0001712328767 5.351027397E-05
427.4 0.0001717032967 -5.365728022E-05
427.6 0.0001721763085 -5.380509642E-05
427.8 0.0001726519337 0.0001079074586
428 0.0001731301939 0.0002164127424
428.2 0.0001736111111 -1.554318135E-19
428.4 0.000195856546 -0.0001088091922
428.6 0.000218226257 -0.0001091131285
428.8 0.0002407212885 5.470938375E-05
429 0.0002194522472 -1.993626671E-19
429.2 0.0002200704225 -0.0001650528169
429.4 0.0002206920904 0.0001103460452
429.6 0.0001770538244 5.532932011E-05
429.8 0.0001775568182 -0.000166459517
430 0.0001558048433 -5.564458689E-05
430.2 0.0001339285714 -5.580357143E-05
430.4 0.0001119269341 -0.0001119269341
430.6 8.979885057E-05 -0.0001122485632
430.8 9.005763689E-05 -5.628602305E-05
431 6.773843931E-05 -5.644869942E-05
431.2 6.793478261E-05 -0.0002264492754
431.4 6.813226744E-05 -0.0003406613372
431.6 6.833090379E-05 -0.0001708272595
431.8 6.853070175E-05 -2.316996637E-19
432 6.873167155E-05 5.727639296E-05
432.2 6.893382353E-05 5.744485294E-05
432.4 6.913716814E-05 -0.0001152286136
432.6 6.934171598E-05 -0.0001155695266
432.8 6.954747774E-05 4.667792007E-20
433 6.975446429E-05 -5.812872024E-05
433.2 6.996268657E-05 -0.0001166044776
433.4 7.017215569E-05 6.507445215E-20
433.6 4.692192192E-05 0.0001173048048
433.8 2.353162651E-05 6.590144268E-21
434 0 -0.0001180135952
434.2 0 -5.918560606E-05
434.4 0 3.241680505E-20
434.6 0 -5.533863333E-21
434.8 0 8.640197039E-20
435 0 2.487749198E-20
435.2 0 2.078751674E-20
435.4 0 -6.02816358E-05
435.6 0 -6.046826625E-05
435.8 0 -1.468471615E-19
436 0 -1.286186423E-19
436.2 0 -6.385010339E-20
436.4 2.449059561E-05 -1.70440723E-19
436.6 2.456761006E-05 6.141902516E-05
436.8 2.464511041E-05 -6.161277603E-05
437 9.889240506E-05 -0.0001236155063
437.2 0.0001240079365 -1.466151387E-19
437.4 0.0001741640127 -6.488063615E-20
437.6 0.0001996805112 -6.240015974E-05
437.8 0.0002253605769 -0.0001252003205
438 0.0002512057878 -6.280144695E-05
438.2 0.000252016129 -6.300403226E-05
438.4 0.0002781148867 -1.025887119E-20
438.6 0.0003043831169 6.341314935E-05
438.8 0.0003053745928 -0.0001272394137
439 0.0003319035948 -0.0001276552288
439.2 0.0003586065574 6.403688525E-05
439.4 0.0003597861842 -8.192858552E-20
439.6 0.0004125412541 -0.0001289191419
439.8 0.0004397764901 -0.0001940190397
440 0.0004931478405 -0.0001946636213
440.2 0.0005208333333 -6.510416667E-05
440.4 0.0005487040134 -6.532190635E-05
440.6 0.000576761745 -0.0001310822148
440.8 0.0005787037037 -0.0001972853535
441 0.0005806587838 -0.0001979518581
441.2 0.0005826271186 -0.0002648305085
441.4 0.0005846088435 -0.0001992984694
441.6 0.0005866040956 -6.665955631E-05
441.8 0.0005886130137 -0.0001337756849
442 0.0005906357388 -0.0001342353952
442.2 0.0005926724138 4.31401618E-20
442.4 0.0005947231834 -0.0001351643599
442.6 0.0006239149306 -0.0003390842014
442.8 0.0006533101045 -0.0002722125436
443 0.0006555944056 -0.0001365821678
443.2 0.0006578947368 -6.853070175E-05
443.4 0.0006327024648 -0.0002063160211
443.6 0.0006349381625 -0.0001380300353
443.8 0.0006094858156 -0.0001385195035
444 0.0005838523132 -0.0002085186833
444.2 0.0005580357143 -0.0001395089286
444.4 0.0005040322581 -0.0001400089606
444.6 0.0004777428058 7.025629496E-05
444.8 0.0004230595668 -5.92774334E-20
445 0.0003962862319 -0.0001415307971
445.2 0.0003409090909 -7.102272727E-05
445.4 0.0003136405109 -2.771608225E-20
445.6 0.0002861721612 7.154304029E-05
445.8 0.0002585018382 7.489562976E-20
446 0.0002306273063 7.334206524E-20
446.2 0.0002025462963 -7.233796296E-05
446.4 0.0001742565056 -1.100669478E-19
446.6 0.000145755597 1.187693166E-19
446.8 0.0001170411985 -7.315074906E-05
447 8.811090226E-05 -7.30143953E-20
447.2 8.844339623E-05 -5.29609654E-20
447.4 5.918560606E-05 -1.195298024E-19
447.6 2.970532319E-05 -7.426330798E-05
447.8 2.981870229E-05 -7.454675573E-05
448 2.993295019E-05 -1.173212298E-19
448.2 3.004807692E-05 2.217606268E-20
448.4 3.016409266E-05 1.295353759E-19
448.6 3.028100775E-05 7.570251938E-05
448.8 0 -5.542867775E-20
449 0 -7.629394531E-05
449.2 0 6.88728968E-20
449.4 0 -5.106801692E-21
449.6 0 2.482159021E-20
449.8 0 7.750496032E-05
450 0 7.781374502E-05
450.2 0 -7.8125E-05
450.4 0 -7.843875502E-05
450.6 0 -1.864703678E-19
450.8 0 2.346267771E-20
451 0 9.55211543E-20
451.2 0 -3.97992809E-20
451.4 0 -1.042712815E-19
451.6 0 8.03755144E-05
451.8 0 -6.04912925E-20
452 0 -8.104253112E-05
452.2 0 8.138020833E-05
452.4 0 -1.757808894E-19
452.6 0 -8.206407563E-05
452.8 0 -1.018039738E-19
453 0 6.255998979E-20
453.2 0 0.0001662234043
453.4 0 8.346688034E-05
453.6 0 -8.38251073E-05
453.8 0 8.418642241E-05
454 0 0.0001691017316
454.2 0 0.0001698369565
454.4 0 -6.909036877E-20
454.6 0 1.88804975E-19
454.8 0 -8.60407489E-05
455 0 -0.0001728429204
455.2 0 0.0001736111111
455.4 0 0.0003487723214
455.6 0 8.758408072E-05
455.8 3.519144144E-05 -2.261793805E-20
456 3.535067873E-05 0.0001767533937
456.2 3.551136364E-05 8.877840909E-05
456.4 3.567351598E-05 0.0001783675799
456.6 0 -1.196014456E-19
456.8 3.600230415E-05 -0.0001800115207
457 3.616898148E-05 -0.0001808449074
457.2 3.63372093E-05 -9.084302326E-05
457.4 3.650700935E-05 0.0001825350467
457.6 7.335680751E-05 0.0001833920188
457.8 0.0001105542453 0.0001842570755
458 0.0001481042654 0.0002776954976
458.2 0.0001860119048 0.0001860119048
458.4 0.0002242822967 -9.345095694E-05
458.6 0.0002253605769 -0.0002817007212
458.8 0.0002264492754 -0.0003774154589
459 0.0002275485437 -0.0001896237864
459.2 0.0001905487805 8.258729935E-20
459.4 0.0001531862745 9.574142157E-05
459.6 0.000115455665 9.621305419E-05
459.8 0.0001160272277 9.668935644E-05
460 0.0001166044776 9.717039801E-05
460.2 0.00015625 1.070219498E-19
460.4 0.0001962939698 -9.814698492E-05
460.6 0.0002367424242 -0.0001972853535
460.8 0.0002379441624 -9.914340102E-05
461 0.0002391581633 -9.964923469E-05
461.2 0.0002403846154 -0.0001001602564
461.4 0.0002416237113 0.0001006765464
461.6 0.0002428756477 3.228199601E-20
461.8 0.000244140625 -0.0002034505208
462 0.0002454188482 -0.0002045157068
462.2 0.0002467105263 -0.0002055921053
462.4 0.000248015873 -0.0001033399471
462.6 0.0002077792553 7.76241066E-20
462.8 0.0001671122995 0.0001044451872
463 0.0001260080645 0.0001050067204
463.2 8.445945946E-05 -0.0001055743243
463.4 8.491847826E-05 -0.0001061480978
463.6 8.538251366E-05 -6.518781896E-20
463.8 4.292582418E-05 1.671764248E-19
464 4.316298343E-05 0.0001079074586
464.2 0 -7.374197511E-20
464.4 4.36452514E-05 -0.0001091131285
464.6 4.389044944E-05 -1.166027432E-19
464.8 4.413841808E-05 8.96185863E-20
465 4.438920455E-05 -0.0001109730114
465.2 4.464285714E-05 -0.0002232142857
465.4 4.489942529E-05 -0.0001122485632
465.6 4.515895954E-05 -6.373816743E-20
465.8 4.542151163E-05 -9.898565147E-20
466 4.56871345E-05 -1.459261151E-20
466.2 4.595588235E-05 2.118566984E-19
466.4 4.622781065E-05 9.518354886E-20
466.6 4.650297619E-05 1.118175024E-19
466.8 4.678143713E-05 -3.42842306E-20
467 4.706325301E-05 1.437218401E-20
467.2 4.734848485E-05 1.7199243E-19
467.4 4.763719512E-05 -4.969851031E-21
467.6 4.792944785E-05 0.0001198236196
467.8 4.822530864E-05 0.0001205632716
468 4.852484472E-05 -7.774065006E-20
468.2 4.8828125E-05 0.0001220703125
468.4 4.913522013E-05 -6.606452579E-20
468.6 4.944620253E-05 -0.0001236155063
468.8 4.97611465E-05 0.0001244028662
469 5.008012821E-05 -8.007566298E-21
469.2 5.040322581E-05 -0.0001260080645
469.4 5.073051948E-05 0.0001268262987
469.6 5.10620915E-05 0.0001276552288
469.8 5.139802632E-05 0.0001284950658
470 5.17384106E-05 0.000258692053
470.2 5.208333333E-05 0.0001302083333
470.4 5.243288591E-05 -0.0001310822148
470.6 5.278716216E-05 5.243091741E-20
470.8 5.31462585E-05 0.0001328656463
471 5.351027397E-05 0.0001337756849
471.2 5.387931034E-05 0.0002693965517
471.4 0 0.0001356336806
471.6 0 -6.497180406E-21
471.8 0 0.0001375440141
472 0 0.0001385195035
472.2 0 -8.135025312E-20
472.4 0 -1.237954451E-19
472.6 0 -0.0002830615942
472.8 0 -0.0002851277372
473 0 0.0001436121324
473.2 0 0.0002893518519
473.4 0 0.000291511194
473.6 0 0.0002937030075
473.8 0 0.0002959280303
474 0 0.0002981870229
474.2 0 0.0003004807692
474.4 0 0.0001514050388
474.6 0 -3.944173622E-20
474.8 0 -0.0001537893701
475 0 -1.504939019E-19
475.2 0 0.0003125
475.4 0 0.0001575100806
475.6 6.351626016E-05 1.073017942E-20
475.8 0.0001280737705 0.0001600922131
476 0.0001291322314 -3.112246813E-20
476.2 0.0001953125 -0.0003255208333
476.4 0.000262605042 -0.0001641281513
476.6 0.0003310381356 6.976883271E-20
476.8 0.0004006410256 -0.0001669337607
477 0.0004714439655 -2.846682505E-19
477.2 0.0004755434783 0.0005095108696
477.4 0.0004111842105 0.0005139802632
477.6 0.0004148230088 0.0001728429204
477.8 0.0004185267857 -0.0001743861607
478 0.0004222972973 -0.0001759572072
478.2 0.0003551136364 -0.0001775568182
478.4 0.0003583715596 -0.0003583715596
478.6 0.0003616898148 -0.0003616898148
478.8 0.0003650700935 -0.0005476051402
479 0.0004422169811 -0.0005527712264
479.2 0.0005208333333 -0.0001860119048
479.4 0.0006009615385 7.439229016E-20
479.6 0.0006067961165 -1.154816557E-19
479.8 0.000612745098 -1.190000762E-19
480 0.0006188118812 -1.033417899E-19
480.2 0.000625 4.61843356E-19
480.4 0.0006313131313 0.0001972853535
480.6 0.0005580357143 0.0001992984694
480.8 0.0004832474227 -0.0002013530928
481 0.00048828125 -2.828930381E-19
481.2 0.0004111842105 0.0006167763158
481.4 0.0003324468085 0.000623337766
481.6 0.000252016129 0.0002100134409
481.8 0.0001698369565 3.543650873E-20
482 8.585164835E-05 0.0002146291209
482.2 0 0.0002170138889
482.4 0 1.017304213E-19
482.6 0 0.0002219460227
482.8 0 0.0004489942529
483 0 0.0004542151163
483.2 0 0.0004595588235
483.4 0 0.0004650297619
483.6 0 0.0004706325301
483.8 0 0.0004763719512
484 0 0.0002411265432
484.2 0 2.879075335E-19
484.4 0 0.0002472310127
484.6 0 0.0005008012821
484.8 0 0.0002536525974
485 0 -3.945217495E-20
485.2 0 6.580222089E-19
485.4 0 0.0002639358108
485.6 0 0.0005351027397
485.8 0 0.0005425347222
486 0 0.0002750880282
486.2 0 -3.072549819E-19
486.4 0 7.451366853E-20
486.6 0 -6.391589144E-19
486.8 0 0.000291511194
487 0 0.0005918560606
487.2 0 0.0006009615385
487.4 0 0.0003051757812
487.6 0 0.0003100198413
487.8 0 0.0006300403226
488 0 0.0006403688525
488.2 0 0.0006510416667
488.4 0 0.0006620762712
488.6 0 0.0006734913793
488.8 0 0.0006853070175
489 0 0.0006975446429
489.2 0 0.0003551136364
489.4 0 -1.434589273E-19
489.6 0 -0.0003685141509
489.8 0 -0.0007512019231
490 0 -0.0003829656863
490.2 0 0.000390625
490.4 0 0.0003985969388
490.6 0 7.324711742E-19
490.8 0 -0.0004155585106
491 0.0001698369565 -0.001273777174
491.2 0.0003472222222 -0.001736111111
491.4 0.0005326704545 -0.001331676136
491.6 0.0005450581395 -0.001362645349
491.8 0.0005580357143 -0.001395089286
492 0.0005716463415 -0.001905487805
492.2 0.0005859375 -0.00244140625
492.4 0.0006009615385 -0.001502403846
492.6 0.0006167763158 -0.0005139802632
492.8 0.0002111486486 -0.0005278716216
493 0.0002170138889 -0.002170138889
493.2 0.0004464285714 -0.002790178571
493.4 0.0006893382353 -0.001723345588
493.6 0.0007102272727 -0.001183712121
493.8 0.0009765625 -0.001220703125
494 0.001008064516 -0.001260080645
494.2 0.001041666667 -0.0006510416667
494.4 0.0008081896552 -0.002020474138
494.6 0.001116071429 -0.002790178571
494.8 0.001157407407 -0.001446759259
495 0.001201923077 -0.0007512019231
495.2 0.00125 -0.00078125
495.4 0.0009765625 -0.001627604167
495.6 0.001019021739 -0.001698369565
495.8 0.001065340909 -0.0008877840909
496 0.000744047619 2.824572414E-18
496.2 0.000390625 2.59856794E-19
496.4 0 -0.001027960526
496.6 0 -0.001085069444
496.8 0 -3.649175379E-18
497 0 -1.227657124E-18
497.2 0 -9.065989589E-19
497.4 0 -4.47771528E-18
497.6 0 1.037108281E-19
497.8 0 -0.001627604167
498 0 -0.001775568182
498.2 0 1.35167868E-18
498.4 0 2.244620981E-18
498.6 0 3.462728346E-18
498.8 0 -3.521258695E-19
499 0 -1.867773798E-18
499.2 0 1.425802348E-18
499.4 0 -6.669101647E-18
499.6 0 -5.490192346E-18
499.8 0 7.822065501E-18
500 0 -2.624628135E-17
