0 0.007240853659 -7.80937625E-05
0.2 0.006240625 0.00159375
0.4 0.005808573429 0.0004454906963
0.6 0.005410578463 0.0005629503603
0.8 0.005099869844 0.0004223818582
1 0.00478891226 0.0003599509215
1.2 0.004483967936 0.0002896417836
1.4 0.004203839214 0.0001331320168
1.6 0.00399869635 0.0002271986562
1.8 0.003762038523 0.0002037770867
2 0.003565962465 8.624799277E-05
2.2 0.003376004016 3.137550201E-05
2.4 0.003195309361 7.062324227E-05
2.6 0.003027029743 6.280144695E-05
2.8 0.002877462807 0.0001020933856
3 0.002702634755 0.000164986424
3.2 0.002562248491 0.0001336141851
3.4 0.002415458937 0.0001493936192
3.6 0.002287429521 6.292790979E-05
3.8 0.002162444601 7.869157937E-06
4 0.002027912132 7.872329706E-05
4.2 0.001909022177 0.0001811365927
4.4 0.001812096612 9.454417104E-05
4.6 0.001715092817 5.09415983E-22
4.8 0.001633780783 -1.577008478E-05
5 0.001549247779 3.944113489E-05
5.2 0.001477272727 9.46969697E-05
5.4 0.001427344382 6.315683104E-05
5.6 0.00137105742 0.000118466943
5.8 0.001292602144 7.9009911E-05
6 0.001226730069 3.161675435E-05
6.2 0.001173456478 -4.744433198E-05
6.4 0.001126468206 -0.0001582118267
6.6 0.00109210393 -6.331037277E-05
6.8 0.001045044589 3.166801784E-05
7 0.001023291768 6.336171938E-05
7.2 0.0009856744422 3.169371197E-05
7.4 0.0009765625 2.377993101E-05
7.6 0.0009452395453 7.136875761E-05
7.8 0.0009297573111 1.586616572E-05
8 0.0009142624949 -7.142675742E-05
8.2 0.0008828760163 -4.763719512E-05
8.4 0.0008578182188 1.588552257E-05
8.6 0.0008359184296 4.767595606E-05
8.8 0.000804461742 -4.76953602E-05
9 0.0007920653502 -6.361970684E-05
9.2 0.0007701120163 -7.955702648E-06
9.4 0.000757691524 -4.775366748E-05
9.6 0.000745260905 -7.962189156E-05
9.8 0.0007391924959 -0.0001672741639
10 0.000726744186 -0.00012749898
10.2 0.0007015306122 -7.174744898E-05
10.4 0.000695436913 -0.0001355782973
10.6 0.0006733813317 -0.0001037198734
10.8 0.0006513077237 -5.587198611E-05
11 0.000629216067 -7.186477923E-05
11.2 0.0006039110429 -9.585889571E-05
11.4 0.0005849785188 -9.589811784E-05
11.6 0.0005596346705 -0.0001199217151
11.8 0.0005278716216 -0.000127968878
12 0.000512085211 -2.400399426E-05
12.2 0.0004802766393 -4.002305328E-05
12.4 0.0004580514555 -0.0001041026035
12.6 0.0004358080394 -4.005588597E-05
12.8 0.0004135463685 -0.0001362458966
13 0.0004073019294 -8.819529967E-05
13.2 0.0003882186858 8.823151951E-05
13.4 0.0003691197617 1.604868529E-05
13.6 0.000353216194 -7.224876695E-05
13.8 0.0003469366776 -4.818564967E-05
14 0.0003310109009 -6.427396133E-05
14.2 0.0003215020576 -2.411265432E-05
14.4 0.0003023363524 -9.150327104E-21
14.6 0.0002863725288 -8.044172158E-05
14.8 0.0002736145447 -7.242737948E-05
15 0.0002511850783 -5.635562655E-05
15.2 0.0002416237113 -0.0001530283505
15.4 0.0002385004125 -0.0001611489274
15.6 0.0002289259183 -4.836463062E-05
15.8 0.0002161178778 -9.676919901E-05
16 0.0002162071458 -0.0001210114622
16.2 0.000209839876 -3.228305785E-05
16.4 0.0002034673419 -5.651870608E-05
16.6 0.0002003205128 -1.615488007E-05
16.8 0.0001907064543 -4.848469177E-05
17 0.0001940190397 -9.700951987E-05
17.2 0.0001908643892 3.234989648E-05
17.4 0.0001844707954 3.236329743E-05
17.6 0.000187784915 -4.047088686E-05
17.8 0.0001878627695 -5.668273217E-05
18 0.0001814599751 8.100891746E-06
18.2 0.0001782935685 2.431275934E-05
18.4 0.000175124533 2.432285181E-05
18.6 0.0001751972591 1.622196844E-05
18.8 0.0001752700457 1.622870794E-05
19 0.0001656016209 5.682408562E-05
19.2 0.0001624220374 1.624220374E-05
19.4 0.0001559900166 5.687136023E-05
19.6 0.0001495526425 0.0001381736371
19.8 0.0001463624063 0.0001707561407
20 0.000133407955 0.0001301541025
20.2 0.0001302083333 6.510416667E-05
20.4 0.0001237494789 1.628282618E-05
20.6 0.000120543161 -2.443442452E-05
20.8 0.0001173341677 -4.074103045E-05
21 0.0001206437813 -6.521285476E-05
21.2 0.0001239561587 -2.446503132E-05
21.4 0.0001207445698 -1.631683375E-05
21.6 0.0001077361053 -1.632365232E-05
21.8 0.0001077811455 1.633047659E-05
22 0.0001078262233 2.450595985E-05
22.2 0.0001111401674 6.537656904E-05
22.4 0.0001046462955 2.452647551E-05
22.6 9.814698492E-05 3.271566164E-05
22.8 0.000101461039 0.0001145527859
23 0.0001080521794 1.637154233E-05
23.2 0.0001048218029 -4.913522013E-05
23.4 9.831166107E-05 -8.995603596E-21
23.6 9.179605539E-05 1.639215275E-05
23.8 9.183459278E-05 3.279806885E-05
24 9.515434691E-05 6.562368753E-05
24.2 8.206407563E-05 5.744485294E-05
24.4 8.866645649E-05 1.641971417E-05
24.6 9.855971405E-05 -1.642661901E-05
24.8 9.860117796E-05 -8.21676483E-06
25 0.0001052188552 -3.288089226E-05
25.2 9.868421053E-05 -3.289473684E-05
25.4 9.543491997E-05 -6.581718618E-05
25.6 9.876738306E-05 -9.05367678E-05
25.8 9.222175379E-05 -5.763859612E-05
26 9.555567271E-05 -6.590046394E-05
26.2 9.229957806E-05 -6.592827004E-05
26.4 9.563634445E-05 -3.297804981E-05
26.6 0.0001121727196 6.419832159E-21
26.8 0.0001122201098 -8.251478665E-06
27 0.0001122675402 -7.429469569E-05
27.2 0.0001222251586 -0.0001238768499
27.4 0.0001288864213 -5.783365059E-05
27.6 0.000135553322 -3.306178587E-05
27.8 0.0001422258679 -1.653789162E-05
28 0.0001522130453 -8.272448115E-06
28.2 0.0001655190678 -3.310381356E-05
28.4 0.0001755245867 -6.623569309E-05
28.6 0.000185538592 -4.141486429E-05
28.8 0.0001955610946 3.314594824E-05
29 0.0002055921053 -2.487001273E-05
29.2 0.0002222664544 -2.488057325E-05
29.4 0.0002223608751 2.489114274E-05
29.6 0.0002324160646 -1.660114747E-05
29.8 0.0002424798044 -8.304102891E-06
30 0.0002425829434 -8.307635049E-06
30.2 0.000236037234 -8.311170213E-05
30.4 0.0002294859515 -8.314708387E-06
30.6 0.0002229290886 4.990949744E-05
30.8 0.0002196953558 3.328717512E-05
31 0.0002197890026 4.162670503E-05
31.2 0.0002165511727 -8.328891258E-06
31.4 0.0002099776024 8.332444539E-06
31.6 0.0002033984208 8.336000854E-05
31.8 0.0001901419727 7.505604184E-05
32 0.00017353695 -2.502936779E-05
32.2 0.000156917735 -3.338675214E-05
32.4 0.0001503046174 4.17512826E-05
32.6 0.0001370027802 3.341531223E-05
32.8 0.0001270325203 2.507220796E-05
33 0.0001203981164 4.180490154E-05
33.2 0.0001171038544 1.672912206E-05
33.4 0.0001104595116 8.368144816E-06
33.6 0.0001071581655 -8.371731676E-06
33.8 9.380360206E-05 -8.375321612E-06
34 8.714071214E-05 -3.351565852E-05
34.2 7.376609442E-05 -6.706008584E-05
34.4 6.708887935E-05 -3.354443967E-05
34.6 6.376181271E-05 8.389712199E-06
34.8 6.043188655E-05 1.678663515E-05
35 5.709909716E-05 -2.519077816E-05
35.2 5.712365591E-05 -5.040322581E-05
35.4 5.71482358E-05 -6.723321859E-05
35.6 5.717283685E-05 -0.0001008932415
35.8 5.719745909E-05 -0.0001009366925
36 5.722210254E-05 -5.890510556E-05
36.2 5.724676724E-05 -8.418642241E-05
36.4 5.727145321E-05 -8.422272531E-05
36.6 5.729616048E-05 -8.425905953E-05
36.8 5.732088908E-05 -9.272496763E-05
37 5.734563903E-05 -5.903227547E-05
37.2 6.411987041E-05 -3.374730022E-05
37.4 5.401901469E-05 -1.688094209E-05
37.6 5.742001729E-05 -1.688824038E-05
37.8 4.392841696E-05 -9.29254974E-05
38 4.732799654E-05 -8.451427953E-05
38.2 4.734848485E-05 -5.918560606E-05
38.4 5.413598961E-05 -4.229374188E-05
38.6 5.415944541E-05 -2.538724003E-05
38.8 5.418292154E-05 -0.0001100590594
39 5.081851691E-05 -0.0001101067866
39.2 5.761930586E-05 -9.320770065E-05
39.4 5.764431424E-05 -0.0001186794705
39.6 7.123860182E-05 -0.0001356925749
39.8 6.787576021E-05 -0.0001102981103
40 7.130052151E-05 -6.790525858E-05
40.2 6.793478261E-05 -2.547554348E-05
40.4 6.45661157E-05 4.24777077E-05
40.6 6.459421236E-05 1.36131804E-21
40.8 6.802350892E-05 -8.502938616E-06
41 6.465047909E-05 -4.253320993E-05
41.2 6.467864924E-05 -7.659313725E-05
41.4 6.470684394E-05 -1.824438375E-20
41.6 6.473506324E-05 -8.517771478E-06
41.8 6.476330716E-05 -8.521487784E-06
42 7.16117416E-05 -8.525207333E-06
42.2 7.505458515E-05 5.712447844E-21
42.4 7.167431193E-05 -3.413062473E-05
42.6 6.829108392E-05 -5.121831294E-05
42.8 6.148885002E-05 -5.978082641E-05
43 6.493328959E-05 -5.126312336E-05
43.2 6.496170678E-05 -1.7095186E-05
43.4 7.183121716E-05 -5.985934764E-05
43.6 7.870674551E-05 -6.844064827E-05
43.8 8.216476775E-05 -6.847063979E-05
44 8.562582201E-05 -5.993807541E-05
44.2 8.908991228E-05 -4.28316886E-05
44.4 9.598508118E-05 -3.428038613E-05
44.6 0.0001028863038 -8.573858648E-06
44.8 0.0001097935881 -1.715524813E-05
45 0.000116706942 -8.581392794E-06
45.2 0.0001201923077 -2.575549451E-05
45.4 0.0001236807388 -5.153364116E-05
45.6 0.0001271722393 -2.577815662E-05
45.8 0.0001341054137 -8.59650088E-06
46 0.000134164465 1.720057244E-05
46.2 0.0001307819383 3.441629956E-05
46.4 0.0001239532834 8.607866902E-06
46.6 0.0001136739418 -8.611662257E-06
46.8 0.0001068317159 6.354105961E-21
47 0.0001034311562 -1.723852604E-05
47.2 0.0001034768212 -5.17384106E-05
47.4 0.0001069732774 -8.626877208E-05
47.6 0.0001104728237 -6.90455148E-05
47.8 0.0001174292661 -4.317252431E-05
48 0.0001209365325 -6.910659E-05
48.2 0.0001209900442 -6.049502212E-05
48.4 0.000124501992 -1.729194334E-05
48.6 0.0001245571302 2.594940213E-05
48.8 0.0001280737705 2.596089942E-05
49 0.0001315935284 -1.731493794E-05
49.2 0.0001385809313 -8.661308204E-06
49.4 0.0001386424135 1.759442986E-20
49.6 0.0001387039503 3.467598757E-05
49.8 0.0001318272647 5.203707815E-05
50 0.0001353565082 8.676699245E-06
50.2 0.0001354166667 1.82994643E-20
50.4 0.0001424244108 3.070629247E-21
50.6 0.0001390124555 -3.374037157E-21
50.8 0.0001425511794 1.738429016E-05
51 0.0001391362422 5.217609083E-05
51.2 0.0001426781737 6.089922049E-05
51.4 0.0001392602496 5.222259358E-05
51.6 0.0001358392778 4.353823005E-05
51.8 0.0001324152542 8.711529884E-06
52 0.0001289881749 8.715417224E-06
52.2 0.0001255580357 2.615792411E-05
52.4 0.0001221248325 1.744640464E-05
52.6 0.0001221794013 9.6300771E-21
52.8 0.0001257264193 -3.492400536E-05
53 0.0001257826476 -5.240943649E-05
53.2 0.0001293344519 -5.243288591E-05
53.4 0.000132889436 -8.742726052E-06
53.6 0.0001364476041 1.749328258E-05
53.8 0.0001435091846 8.750560036E-06
54 0.0001435735096 8.754482295E-06
54.2 0.0001471412556 1.751681614E-05
54.4 0.0001437023329 2.628701211E-05
54.6 0.0001437668312 -3.885238686E-20
54.8 0.0001438313875 8.770206556E-06
55 0.0001403863432 2.632243935E-05
55.2 0.0001404494382 8.778089888E-06
55.4 0.0001405125899 1.756407374E-05
55.6 0.0001370614035 3.514394962E-05
55.8 0.0001336071107 4.394970747E-05
56 0.000133667267 2.638169743E-05
56.2 0.0001302083333 -1.759572072E-05
56.4 0.0001302670122 8.801825146E-06
56.6 0.0001303257439 2.641738052E-05
56.8 0.0001268606225 3.52390618E-05
57 0.0001198668773 5.288244585E-05
57.2 0.0001163939052 2.645316027E-05
57.4 0.0001199751581 3.52868112E-05
57.6 0.0001235596475 1.765137822E-05
57.8 0.0001236155063 6.219936317E-21
58 0.0001236714156 1.766734509E-05
58.2 0.0001201923077 -1.767533937E-05
58.4 0.000120246718 -3.536668176E-05
58.6 0.0001203011775 -1.452820988E-20
58.8 0.0001203556865 2.654904848E-05
59 0.0001133272892 8.85369447E-06
59.2 0.0001204648526 1.77154195E-05
59.4 0.00012051951 4.430864338E-05
59.6 0.000120574217 5.319450749E-05
59.8 0.0001206289737 3.54791099E-05
60 0.0001206837801 -8.87380736E-06
60.2 0.0001171875 8.877840909E-06
60.4 0.0001172407913 3.552751251E-05
60.6 0.000117294131 4.442959509E-05
60.8 0.0001173475193 5.333978152E-05
61 0.0001174009563 -8.89401184E-06
61.2 0.0001138952164 -5.338838269E-05
61.4 0.0001139471285 -1.780423883E-05
61.6 0.000113999088 5.34370725E-05
61.8 0.0001140510949 8.910241788E-06
62 0.0001212345961 -5.348585121E-05
62.2 0.0001248573059 -5.615353026E-21
62.4 0.0001249143444 1.025824881E-20
62.6 0.0001249714351 -3.570612431E-05
62.8 0.000128600823 -3.572245085E-05
63 0.0001286596523 -3.573879231E-05
63.2 0.0001322940503 -2.681636156E-05
63.4 0.0001323546245 1.788576007E-05
63.6 0.0001288364636 3.578790655E-05
63.8 0.0001288955087 5.370646196E-05
64 0.0001325366804 1.791036222E-05
64.2 0.0001397649083 -1.791857798E-05
64.4 0.00013982905 8.963400642E-06
64.6 0.0001363062443 8.96751607E-06
64.8 0.0001399575103 2.691490583E-05
65 0.000140021829 2.692727482E-05
65.2 0.0001400862069 5.387931034E-05
65.4 0.0001329634315 5.390409384E-05
65.6 0.0001294293603 1.797630005E-05
65.8 0.0001186982044 3.596915285E-05
66 0.0001151543068 3.598572087E-05
66.2 0.000104406682 2.700172811E-05
66.4 0.0001008529276 9.00472568E-06
66.6 0.0001008994465 -2.702663745E-05
66.8 0.0001009460083 -1.802607291E-05
67 9.738573407E-05 9.381607662E-22
67.2 9.021362587E-05 -1.022181941E-20
67.4 8.303488909E-05 -1.805106285E-05
67.6 7.584951456E-05 -3.611881646E-05
67.8 7.227104533E-05 -3.613552266E-05
68 7.230448866E-05 -9.038061083E-06
68.2 6.872106481E-05 -3.015881626E-20
68.4 6.513432145E-05 -4.523216767E-05
68.6 6.87847544E-05 -3.620250232E-05
68.8 6.881664349E-05 -2.716446453E-05
69 6.884856215E-05 -5.435412801E-05
69.2 6.525522042E-05 -3.625290023E-05
69.4 6.528551532E-05 -9.067432683E-06
69.6 6.531583837E-05 -9.071644217E-06
69.8 6.897653346E-05 -2.7227579E-05
70 6.900860065E-05 -6.356055323E-05
70.2 7.26744186E-05 -4.542151163E-05
70.4 6.907282457E-05 1.174442808E-20
70.6 8.001629423E-05 -9.092760708E-06
70.8 8.733115976E-05 -3.638798323E-05
71 9.101234856E-05 -3.640493942E-05
71.2 9.46969697E-05 -9.105477855E-06
71.4 9.838502799E-05 -4.554862407E-05
71.6 9.113975735E-05 -9.113975735E-05
71.8 8.753501401E-05 -1.823646125E-05
72 8.027790752E-05 9.122489491E-06
72.2 8.39661215E-05 2.738025701E-05
72.4 8.035296868E-05 5.478611501E-05
72.6 7.308231993E-05 6.394702993E-05
72.8 7.311651848E-05 4.569782405E-05
73 6.949321161E-05 -9.143843633E-06
73.2 6.586651054E-05 1.829625293E-05
73.4 5.125351453E-05 5.491447985E-05
73.6 5.494022504E-05 5.494022504E-05
73.8 4.763719512E-05 3.664399625E-05
74 4.032731112E-05 3.666119193E-05
74.2 3.667840376E-05 4.584800469E-05
74.4 3.302606858E-05 4.586953969E-05
74.6 2.937030075E-05 9.178218985E-06
74.8 2.571109544E-05 -4.591267043E-05
75 2.204844779E-05 -2.756055974E-05
75.2 2.941176471E-05 9.191176471E-06
75.4 2.942561205E-05 -1.031105994E-21
75.6 2.943947244E-05 -1.839967028E-05
75.8 2.94533459E-05 1.840834119E-05
76 2.946723244E-05 4.604255068E-05
76.2 3.685141509E-05 6.448997642E-05
76.4 3.686880604E-05 3.686880604E-05
76.6 3.688621341E-05 -4.610776676E-05
76.8 3.690363722E-05 9.225909306E-06
77 4.061318526E-05 9.230269376E-06
77.2 4.432624113E-05 9.23463357E-06
77.4 4.434720908E-05 9.36953264E-21
77.6 4.436819688E-05 -2.773012305E-05
77.8 4.438920455E-05 5.548650568E-05
78 4.811108479E-05 3.700852676E-05
78.2 4.813388626E-05 -2.124905183E-21
78.4 4.815670934E-05 -9.260905642E-06
78.6 5.188567362E-05 -2.779589658E-05
78.8 5.9326056E-05 -4.634848125E-05
79 6.306386515E-05 -2.782229345E-05
79.2 6.680522565E-05 -5.567102138E-05
79.4 7.055014259E-05 -7.426330798E-05
79.6 8.172848312E-05 -2.786198288E-05
79.8 8.920076118E-05 -4.645872978E-05
80 9.668015231E-05 -6.507317944E-05
80.2 9.672619048E-05 -9.300595238E-06
80.4 9.677227251E-05 9.305026203E-06
80.6 9.681839847E-05 9.309461392E-06
80.8 0.0001043156891 9.313900811E-06
81 0.0001080927958 -4.659172233E-05
81.2 0.0001081443914 -2.796837709E-05
81.4 0.0001081960363 9.327244508E-06
81.6 0.0001157130913 -1.866340182E-05
81.8 0.0001157684034 -2.80084847E-05
82 0.0001158237685 -1.868125299E-05
82.2 0.0001121411483 -4.672547847E-05
82.4 0.0001047151747 -9.349569172E-06
82.6 0.0001047653257 -1.870809387E-05
82.8 0.0001048155247 1.871705798E-05
83 9.36301534E-05 3.745206136E-05
83.2 8.618105516E-05 -6.557254197E-05
83.4 8.622240883E-05 -4.68600048E-05
83.6 9.37650024E-05 -1.875300048E-05
83.8 0.0001013148415 -2.814301153E-05
84 0.0001013635272 -1.877102355E-05
84.2 9.765625E-05 -3.756009615E-05
84.4 0.0001052188552 -2.818362193E-05
84.6 0.0001165483638 3.759624639E-05
84.8 0.0001166044776 -8.926808283E-21
85 0.0001166606455 -2.822434971E-05
85.2 0.0001129518072 -9.412650602E-06
85.4 0.0001092393925 -9.417189007E-06
85.6 0.0001017547033 -1.884346358E-05
85.8 9.426278958E-05 -2.827883687E-05
86 9.053597296E-05 1.886166103E-05
86.2 8.303140097E-05 4.717693237E-05
86.4 8.307153214E-05 2.83198405E-05
86.6 8.688950677E-05 1.888902321E-05
86.8 7.937227866E-05 1.889816159E-05
87 6.806631171E-05 -3.763491534E-22
87.2 6.053268765E-05 -1.891646489E-05
87.4 5.677688953E-05 -1.892562984E-05
87.6 4.544352884E-05 -1.893480368E-05
87.8 4.167677013E-05 -9.47199321E-06
88 3.790635614E-05 -9.476589034E-06
88.2 4.171723301E-05 1.896237864E-05
88.4 4.173749393E-05 2.845738222E-05
88.6 3.796161322E-05 -1.898080661E-05
88.8 3.798006806E-05 -4.747508508E-05
89 3.799854086E-05 -1.899927043E-05
89.2 3.04136253E-05 1.051039519E-20
89.4 2.662487829E-05 2.852475468E-20
89.6 3.044325377E-05 9.513516805E-06
89.8 2.665082846E-05 1.903630604E-05
90 2.285470502E-05 -1.904558752E-05
90.2 1.905487805E-05 -2.858231707E-05
90.4 1.143850659E-05 -5.556511956E-21
90.6 1.14440918E-05 -3.814697266E-05
90.8 1.526624328E-05 -6.678981436E-05
91 1.909213099E-05 -4.773032747E-05
91.2 2.292176039E-05 -4.775366748E-05
91.4 2.293297456E-05 -7.644324853E-05
91.6 2.676823299E-05 -5.736049927E-05
91.8 3.443315377E-05 -1.912952987E-05
92 3.44500245E-05 -9.569451249E-06
92.2 3.446691176E-05 1.914828431E-05
92.4 3.831535066E-05 2.8736513E-05
92.6 4.216756624E-05 1.707465222E-21
92.8 4.602356406E-05 9.588242514E-06
93 4.988334971E-05 2.87788556E-05
93.2 4.990786241E-05 1.772168023E-20
93.4 4.993239921E-05 1.920476893E-05
93.6 4.995696016E-05 3.842843089E-05
93.8 4.998154528E-05 3.844734252E-05
94 5.00061546E-05 1.923313639E-05
94.2 5.003078818E-05 -2.886391626E-05
94.4 5.775628388E-05 4.142037729E-20
94.6 6.163708087E-05 3.852317554E-05
94.8 6.552170696E-05 1.927109028E-05
95 6.941016782E-05 2.509641386E-20
95.2 7.330246914E-05 1.086612497E-20
95.4 7.333868577E-05 -9.649827075E-06
95.6 8.109861592E-05 -8.102223743E-21
95.8 8.50024728E-05 1.931874382E-05
96 8.504453241E-05 2.899245423E-05
96.2 8.895420792E-05 -1.933787129E-05
96.4 9.286775632E-05 -3.869489846E-05
96.6 9.678518335E-05 9.678518335E-06
96.8 9.295984135E-05 2.904995042E-05
97 8.913070437E-05 -1.237842026E-20
97.2 8.917493797E-05 9.69292804E-06
97.4 8.921921549E-05 4.354638937E-21
97.6 8.926353701E-05 -1.940511674E-05
97.8 8.930790258E-05 9.707380716E-06
98 8.935231228E-05 -9.712207857E-06
98.2 8.939676617E-05 -2.91511194E-05
98.4 9.333001493E-05 1.804676161E-20
98.6 8.948580677E-05 2.918015438E-05
98.8 8.563776781E-05 1.946312905E-05
99 8.178589232E-05 6.700627303E-21
99.2 8.182668329E-05 -9.74127182E-06
99.4 8.186751497E-05 -4.705409206E-20
99.6 7.800798802E-05 -2.463035913E-20
99.8 7.414460539E-05 -2.473789399E-20
100 7.027736132E-05 9.760744628E-06
100.2 6.640625E-05 -1.953125E-05
100.4 6.253126563E-05 -1.954102051E-05
100.6 5.86524024E-05 -1.95508008E-05
100.8 5.476965448E-05 -2.934088633E-05
101 5.088301603E-05 9.785195391E-06
101.2 4.69924812E-05 -1.95802005E-05
101.4 4.309804413E-05 -9.79501003E-06
101.6 3.919969895E-05 3.919969895E-05
101.8 3.529743976E-05 3.921937751E-05
102 3.139126067E-05 2.942930688E-05
102.2 3.140703518E-05 2.856885715E-20
102.4 3.535067873E-05 1.963926596E-05
102.6 3.536846076E-05 4.912286217E-05
102.8 2.752264721E-05 8.846565174E-05
103 2.360271903E-05 4.917233132E-05
103.2 2.755037783E-05 1.20529068E-20
103.4 3.150201613E-05 2.068213319E-20
103.6 3.151790217E-05 -1.969868886E-05
103.8 3.547552977E-05 -9.854313824E-06
104 3.943715295E-05 9.859288238E-06
104.2 3.551136364E-05 9.864267677E-06
104.4 3.552930773E-05 -1.97385043E-05
104.6 3.554726997E-05 -3.949696663E-05
104.8 3.951694487E-05 -2.963770865E-05
105 4.349063765E-05 -1.976847166E-05
105.2 4.746835443E-05 -2.966772152E-05
105.4 5.145010132E-05 -4.947125127E-05
105.6 5.543588444E-05 -5.939559047E-05
105.8 5.942570994E-05 -5.942570994E-05
106 6.341958397E-05 -9.909309995E-06
106.2 6.741751269E-05 9.914340102E-06
106.4 7.141950229E-05 5.967068889E-21
106.6 7.542555894E-05 1.98488313E-05
106.8 7.546390442E-05 9.929461108E-06
107 7.550228891E-05 -2.98035351E-05
107.2 7.554071247E-05 -2.981870229E-05
107.4 7.557917515E-05 -3.977851324E-05
107.6 7.561767702E-05 -3.979877738E-05
107.8 7.565621814E-05 -2.986429664E-05
108 7.569479857E-05 -3.983936767E-05
108.2 7.573341837E-05 -8.850629979E-21
108.4 7.577207759E-05 2.352631156E-21
108.6 7.182073544E-05 -2.992530644E-05
108.8 7.185743485E-05 -3.992079714E-05
109 7.189417178E-05 -3.994120654E-05
109.2 7.193094629E-05 -1.998081841E-05
109.4 6.796954964E-05 -9.995522006E-06
109.6 6.400409626E-05 -3.000192012E-05
109.8 6.003457992E-05 -1.000576332E-05
110 5.606099436E-05 2.00217837E-05
110.2 5.208333333E-05 9.997138918E-23
110.4 4.810159056E-05 -1.00211647E-05
110.6 4.812628337E-05 1.002630903E-05
110.8 4.413841808E-05 1.003145865E-05
111 4.014645427E-05 5.018306783E-05
111.2 3.61503856E-05 6.025064267E-05
111.4 3.215020576E-05 2.797770127E-20
111.6 2.814590839E-05 1.005211014E-05
111.8 2.413748713E-05 3.017185891E-05
112 2.414992272E-05 2.01249356E-05
112.2 2.013530928E-05 3.020296392E-05
112.4 1.208741619E-05 2.109015219E-21
112.6 1.209365325E-05 -3.023413313E-05
112.8 8.066597832E-06 -1.008324729E-05
113 4.035382231E-06 -2.017691116E-05
113.2 4.0374677E-06 -2.01873385E-05
113.4 4.039555326E-06 2.019777663E-05
113.6 8.083290222E-06 5.052056389E-05
113.8 1.213121118E-05 2.02186853E-05
114 1.213749353E-05 1.011457794E-05
114.2 1.214378238E-05 -1.011981865E-05
114.4 1.215007776E-05 -1.01250648E-05
114.6 1.620850622E-05 1.013031639E-05
114.8 2.432537623E-05 -4.054229372E-05
115 2.83943406E-05 -3.042250779E-05
115.2 2.840909091E-05 1.01461039E-05
115.4 2.842385655E-05 5.075688669E-05
115.6 2.843863755E-05 6.09399376E-05
115.8 2.845343392E-05 3.048582206E-05
116 2.846824571E-05 5.083615305E-05
116.2 2.44140625E-05 4.069010417E-05
116.4 2.035565399E-05 1.671169297E-20
116.6 2.036626694E-05 1.018313347E-05
116.8 2.037689098E-05 3.056533646E-05
117 1.631002088E-05 7.135634134E-05
117.2 1.223890339E-05 4.079634465E-05
117.4 8.16353187E-06 1.020441484E-05
117.6 4.083899634E-06 2.041949817E-05
117.8 4.086035565E-06 -3.064526674E-05
118 4.088173731E-06 -4.088173731E-05
118.2 4.090314136E-06 -1.022578534E-05
118.4 4.092456784E-06 -7.500998913E-21
118.6 4.094601677E-06 1.023650419E-05
118.8 0 3.072561615E-05
119 0 4.098898216E-05
119.2 0 2.050524934E-05
119.4 0 2.051601891E-05
119.6 0 2.052679979E-05
119.8 0 -7.622782516E-22
120 0 -1.027419779E-05
120.2 0 -2.055921053E-05
120.4 0 -3.085505529E-05
120.6 0 -4.116174921E-05
120.8 0 -3.088758566E-05
121 0 -5.150646097E-05
121.2 0 -6.184036939E-05
121.4 0 -5.156085005E-05
121.6 0 -3.095285261E-05
121.8 0 1.032307082E-05
122 0 1.927134278E-20
122.2 0 1.435453055E-20
122.4 0 -9.592209501E-21
122.6 0 2.068988347E-05
122.8 0 3.105127186E-05
123 0 1.547639949E-20
123.2 0 -2.072281167E-05
123.4 0 -4.146762208E-05
123.6 0 -1.037241105E-05
123.8 0 -1.037792242E-05
124 4.153375864E-06 -2.076687932E-05
124.2 0 2.077792553E-05
124.4 4.1577967E-06 -1.871160826E-20
124.6 8.320021299E-06 -2.080005325E-05
124.8 8.324453916E-06 -4.593391216E-21
125 8.328891258E-06 1.041111407E-05
125.2 8.333333333E-06 -4.915861488E-21
125.4 8.337780149E-06 1.042222519E-05
125.6 4.171115857E-06 3.128336893E-05
125.8 4.173344017E-06 -2.086672009E-05
126 8.351149118E-06 -2.08778728E-05
126.2 8.355614973E-06 -5.75286201E-21
126.4 8.360085607E-06 -1.045010701E-05
126.6 8.364561028E-06 -2.091140257E-05
126.8 8.369041243E-06 -1.046130155E-05
127 8.373526259E-06 1.046690782E-05
127.2 1.256702413E-05 1.047252011E-05
127.4 1.257376609E-05 4.191255365E-05
127.6 8.387010199E-06 2.09675255E-05
127.8 8.391514501E-06 3.843859253E-20
128 8.396023643E-06 8.380536095E-21
128.2 4.200268817E-06 1.050067204E-05
128.4 0 4.202528241E-05
128.6 0 4.204790097E-05
128.8 0 3.155290792E-05
129 0 4.209321121E-05
129.2 0 7.370283019E-05
129.4 0 5.2673274E-05
129.6 0 1.054033999E-05
129.8 0 1.054603132E-05
130 0 1.05517288E-05
130.2 0 2.013842399E-20
130.4 0 -1.056314224E-05
130.6 0 -2.113771645E-05
130.8 0 2.612919003E-20
131 0 -2.116061755E-05
131.2 0 -5.29302168E-05
131.4 0 -3.177535249E-05
131.6 0 -6.358518719E-05
131.8 0 -8.482627579E-05
132 0 1.998050267E-20
132.2 0 4.245923913E-05
132.4 0 1.062058184E-05
132.6 0 -1.062636017E-05
132.8 0 1.06321448E-05
133 0 5.318967865E-05
133.2 0 5.321866485E-05
133.4 0 2.129907306E-05
133.6 0 2.131069285E-05
133.8 4.264465066E-06 4.264465066E-05
134 8.533588203E-06 4.266794102E-05
134.2 8.538251366E-06 3.201844262E-05
134.4 1.281437944E-05 -4.271459814E-05
134.6 1.28213895E-05 -5.342245624E-05
134.8 2.138067871E-05 -5.958422919E-21
135 2.139238773E-05 -1.069619387E-05
135.2 2.140410959E-05 -1.070205479E-05
135.4 2.14158443E-05 1.070792215E-05
135.6 2.571311026E-05 2.142759188E-05
135.8 2.572722283E-05 2.143935236E-05
136 2.574135091E-05 1.072556288E-05
136.2 2.575549451E-05 1.36299739E-21
136.4 2.576965366E-05 1.073735569E-05
136.6 2.578382838E-05 -1.074326183E-05
136.8 2.579801871E-05 -2.149834893E-05
137 2.581222467E-05 2.151018722E-05
137.2 2.582644628E-05 -4.906078642E-21
137.4 3.014746417E-05 -2.153390298E-05
137.6 3.447324876E-05 1.077289024E-05
137.8 3.880380795E-05 2.155767108E-05
138 4.313914964E-05 1.078478741E-05
138.2 4.747928177E-05 -3.237223757E-05
138.4 4.750552792E-05 -2.159342178E-05
138.6 5.617394912E-05 1.080268252E-05
138.8 6.052850028E-05 2.059393275E-20
139 6.488787375E-05 -2.162929125E-05
139.2 6.925207756E-05 -2.164127424E-05
139.4 6.929046563E-05 -1.082663525E-05
139.6 7.36619523E-05 3.249792013E-05
139.8 6.936736959E-05 2.1677303E-05
140 6.506801777E-05 1.084466963E-05
140.2 6.510416667E-05 5.425347222E-05
140.4 6.514035575E-05 -8.980308082E-21
140.6 6.517658509E-05 -1.086276418E-05
140.8 6.521285476E-05 1.086880913E-05
141 6.524916481E-05 2.17497216E-05
141.2 6.528551532E-05 1.088091922E-05
141.4 6.09671126E-05 -1.088698439E-05
141.6 5.664389292E-05 -3.267916899E-05
141.8 6.103515625E-05 -2.179827009E-05
142 6.106923506E-05 3.271566164E-05
142.2 4.800977654E-05 -1.862885279E-20
142.4 5.240357742E-05 4.366964785E-05
142.6 4.369407159E-05 3.277055369E-05
142.8 4.371852266E-05 -1.092963067E-05
143 3.49944009E-05 1.093575028E-05
143.2 3.06372549E-05 -3.282563025E-05
143.4 3.065442825E-05 -4.379204036E-05
143.6 2.628996074E-05 -3.286245093E-05
143.8 2.63047138E-05 -1.096029742E-05
144 2.631948344E-05 -3.28993543E-05
144.2 2.633426966E-05 -4.389044944E-05
144.4 3.07405846E-05 -2.364577488E-20
144.6 2.196991001E-05 -1.350076221E-20
144.8 2.198227349E-05 -2.769415732E-20
145 1.759572072E-05 -1.099732545E-05
145.2 1.76056338E-05 -2.67333978E-20
145.4 1.321166855E-05 3.302917136E-05
145.6 4.406373378E-06 2.203186689E-05
145.8 0 1.102215011E-05
146 0 1.10283738E-05
146.2 0 1.45795957E-20
146.4 0 -4.416336914E-05
146.6 0 -2.209417421E-05
146.8 0 1.105333899E-05
147 0 1.105959796E-05
147.2 0 -3.319759207E-05
147.4 0 -5.536068594E-05
147.6 0 -1.107841747E-05
147.8 0 1.108470488E-05
148 0 2.218199886E-05
148.2 0 -4.245918294E-21
148.4 0 -1.110361001E-05
148.6 0 1.110992605E-05
148.8 0 -4.12396502E-20
149 0 -3.336773918E-05
149.2 0 -4.451566952E-05
149.4 0 -3.340578677E-05
149.6 0 -3.342484313E-05
149.8 0 -4.459189498E-05
150 0 -5.577170188E-05
150.2 0 -3.348214286E-05
150.4 0 3.350128645E-05
150.6 0 1.762898366E-20
150.8 0 -6.707927876E-05
151 0 -3.35588488E-05
151.2 0 -3.357808023E-05
151.4 0 -2.239822248E-05
151.6 0 -4.482214573E-05
151.8 0 -3.3635907E-05
152 0 -5.60920448E-05
152.2 0 -4.489942529E-05
152.4 0 -1.12313111E-05
152.6 0 -5.618886651E-05
152.8 0 -4.497697179E-05
153 0 -5.625360023E-05
153.2 0 -2.251440922E-05
153.4 0 2.275286377E-20
153.6 0 -1.127019619E-05
153.8 0 -1.067914271E-20
154 0 -2.282703628E-20
154.2 0 -4.515895954E-05
154.4 0 -1.129626952E-05
154.6 0 4.521122685E-05
154.8 0 1.130935148E-05
155 0 -3.394771147E-05
155.2 0 -5.661231884E-05
155.4 0 -5.664515661E-05
155.6 0 -2.2671213E-05
155.8 0 -1.134218931E-05
156 0 -4.565884296E-21
156.2 0 5.677688953E-05
156.4 0 2.272396742E-05
156.6 0 -4.547438882E-05
156.8 0 -1.491559884E-20
157 0 4.552738928E-05
157.2 0 2.277696793E-05
157.4 4.558051342E-06 1.139512835E-05
157.6 4.560712201E-06 -1.14017805E-05
157.8 0 3.492800526E-20
158 0 3.278779771E-20
158.2 0 -1.142178363E-05
158.4 0 3.428540082E-05
158.6 0 -2.287031616E-05
158.8 0 -3.432557118E-05
159 0 5.724281946E-05
159.2 0 6.873167155E-05
159.4 0 3.438600352E-05
159.6 0 3.440619495E-05
159.8 0 3.442641011E-05
160 0 3.444664903E-05
160.2 0 1.148897059E-05
160.4 0 -4.012849826E-21
160.6 0 3.450750883E-05
160.8 0 3.452784325E-05
161 0 1.151606722E-05
161.2 0 5.533128474E-21
161.4 0 3.794045359E-21
161.6 0 1.534610594E-20
161.8 0 1.154329196E-05
162 0 1.155011827E-05
162.2 0 3.467085799E-05
162.4 0 6.938277087E-05
162.6 0 6.942387441E-05
162.8 0 8.104253112E-05
163 0 5.792185647E-05
163.2 0 4.636498516E-05
163.4 0 1.159812945E-05
163.6 4.642008318E-06 -2.321004159E-05
163.8 9.289536266E-06 3.4835761E-05
164 9.295062463E-06 3.485648424E-05
164.2 9.300595238E-06 -1.812633821E-20
164.4 1.861226921E-05 -4.653067302E-05
164.6 2.793504172E-05 -5.819800358E-05
164.8 3.261031604E-05 -1.164654144E-05
165 3.729116945E-05 -1.165349045E-05
165.2 4.197761194E-05 -4.664179104E-05
165.4 4.666965352E-05 -2.333482676E-05
165.6 5.136730424E-05 6.457364599E-21
165.8 5.139802632E-05 -4.672547847E-05
166 5.142878516E-05 -5.844180132E-05
166.2 5.145958084E-05 -3.508607784E-05
166.4 5.61713601E-05 2.340473337E-05
166.6 5.620503597E-05 3.512814748E-05
166.8 5.155218956E-05 2.343281344E-05
167 4.68937575E-05 4.68937575E-05
167.2 4.222972973E-05 2.408953871E-20
167.4 4.225510817E-05 6.381570003E-21
167.6 3.75826819E-05 2.348917619E-05
167.8 2.820397112E-05 9.986808266E-21
168 2.822095123E-05 3.527618904E-05
168.2 2.823795181E-05 -6.970538666E-21
168.4 2.825497288E-05 -2.354581073E-05
168.6 2.827201448E-05 2.356001206E-05
168.8 2.357423054E-05 2.357423054E-05
169 1.887077295E-05 2.358846618E-05
169.2 1.888217523E-05 2.360271903E-05
169.4 2.361698912E-05 6.729017902E-21
169.6 2.835753176E-05 -1.181563823E-05
169.8 3.310381356E-05 2.364558111E-05
170 3.785584494E-05 5.914975772E-05
170.2 4.261363636E-05 4.734848485E-05
170.4 4.263947847E-05 2.368859915E-05
170.6 4.266535194E-05 3.555445995E-05
170.8 4.269125683E-05 3.557604736E-05
171 3.32244836E-05 -8.7925806E-21
171.2 2.374620061E-05 -1.18731003E-05
171.4 1.900851582E-05 -6.697824105E-21
171.6 1.426506391E-05 2.377510651E-05
171.8 9.515834348E-06 2.378958587E-05
172 0 1.190204144E-05
172.2 0 1.190929878E-05
172.4 0 -1.191656498E-05
172.6 0 -1.192384005E-05
172.8 0 -2.386224801E-05
173 0 -3.581525061E-05
173.2 0 -3.583715596E-05
173.4 0 -3.585908813E-05
173.6 0 -3.588104715E-05
173.8 0 2.393535539E-05
174 0 9.580012262E-05
174.2 0 7.189417178E-05
174.4 0 2.397943524E-05
174.6 0 1.199708231E-05
174.8 0 1.200445605E-05
175 0 2.402367774E-05
175.2 0 -1.201923077E-05
175.4 4.810652709E-06 -4.810652709E-05
175.6 4.813616759E-06 -6.017020949E-05
175.8 4.816584464E-06 -6.02073058E-05
176 9.639111659E-06 -3.614666872E-05
176.2 9.645061728E-06 -3.616898148E-05
176.4 9.651019148E-06 -2.412754787E-05
176.6 9.656983931E-06 -6.035614957E-05
176.8 9.662956092E-06 -8.45508658E-05
177 9.668935644E-06 -6.043084777E-05
177.2 9.674922601E-06 -4.8374613E-05
177.4 9.680916976E-06 -1.210114622E-05
177.6 9.686918785E-06 -2.421729696E-05
177.8 9.69292804E-06 4.735365561E-20
178 9.698944755E-06 6.047297649E-21
178.2 1.455745342E-05 -6.06560559E-05
178.4 1.456650093E-05 -4.855500311E-05
178.6 1.45755597E-05 -4.8585199E-05
178.8 9.723086497E-06 -4.861543248E-05
179 9.729140722E-06 -4.864570361E-05
179.2 9.735202492E-06 -3.650700935E-05
179.4 9.74127182E-06 -3.652976933E-05
179.6 9.747348721E-06 -2.43683718E-05
179.8 9.753433208E-06 -1.501964467E-20
180 9.759525297E-06 -5.9959608E-21
180.2 9.765625E-06 -3.519096251E-20
180.4 4.885866166E-06 -2.442933083E-05
180.6 4.888923655E-06 -1.222230914E-05
180.8 4.891984972E-06 2.445992486E-05
181 0 -5.236979051E-21
181.2 0 -2.438197857E-20
181.4 0 1.225297992E-05
181.6 0 -2.452134338E-05
181.8 0 -2.453674623E-05
182 0 1.445854298E-20
182.2 0 1.228380503E-05
182.4 0 1.229153556E-05
182.6 0 -3.689782746E-05
182.8 0 -2.461405167E-05
183 0 -1.771205619E-20
183.2 0 -1.322759867E-20
183.4 0 -3.659066756E-20
183.6 0 -2.018462325E-20
183.8 0 -2.232300813E-21
184 0 -1.235373182E-05
184.2 0 -6.405840166E-21
184.4 0 1.236937935E-05
184.6 0 2.475443599E-05
184.8 0 3.715519975E-05
185 0 2.478585025E-05
185.2 0 -1.240079365E-05
185.4 0 -1.651376839E-20
185.6 0 1.241656071E-05
185.8 0 -1.048522544E-20
186 0 -2.89425087E-21
186.2 0 -5.205713066E-21
186.4 0 -8.154093451E-21
186.6 0 -2.774840533E-21
186.8 0 -1.917328053E-20
187 0 1.247206258E-05
187.2 0 -1.248003195E-05
187.4 9.990409207E-06 -3.746403453E-05
187.6 1.499520154E-05 -2.499200256E-05
187.8 1.500480154E-05 4.426059634E-20
188 1.501441384E-05 3.753603459E-05
188.2 1.502403846E-05 2.50400641E-05
188.4 1.503367543E-05 2.749970635E-20
188.6 1.504332478E-05 1.253610398E-05
188.8 1.505298651E-05 2.508831085E-05
189 1.506266067E-05 2.510443445E-05
189.2 1.507234727E-05 -6.616799455E-21
189.4 1.508204633E-05 -1.256837194E-05
189.6 1.509175789E-05 -3.772939472E-05
189.8 1.006765464E-05 -5.03382732E-05
190 5.037072856E-06 -1.259268214E-05
190.2 5.040322581E-06 -1.260080645E-05
190.4 5.043576501E-06 -3.782682376E-05
190.6 5.046834625E-06 -3.785125969E-05
190.8 5.050096962E-06 -1.26252424E-05
191 5.053363519E-06 3.771906993E-20
191.2 5.056634304E-06 1.264158576E-05
191.4 5.059909326E-06 1.264977332E-05
191.6 5.063188594E-06 1.265797148E-05
191.8 5.066472114E-06 3.799854086E-05
192 0 2.534879948E-05
192.2 5.073051948E-06 1.268262987E-05
192.4 5.076348278E-06 2.538174139E-05
192.6 5.079648895E-06 1.135949266E-20
192.8 5.082953806E-06 -2.541476903E-05
193 5.086263021E-06 4.218304862E-20
193.2 5.089576547E-06 4.86460605E-20
193.4 0 3.234947383E-20
193.6 5.096216569E-06 -2.548108284E-05
193.8 5.099543081E-06 -5.099543081E-05
194 5.102873939E-06 -1.275718485E-05
194.2 1.02124183E-05 -1.977516291E-20
194.4 1.021909745E-05 -1.277387181E-05
194.6 5.11289267E-06 -2.556446335E-05
194.8 1.023248199E-05 -1.279060249E-05
195 5.119593709E-06 2.559796855E-05
195.2 5.12295082E-06 6.403688525E-05
195.4 5.126312336E-06 5.126312336E-05
195.6 5.129678267E-06 -4.668912745E-21
195.8 0 -1.283262155E-05
196 0 6.420529257E-05
196.2 0 0.0001156455592
196.4 0 7.71477946E-05
196.6 0 -1.28664361E-05
196.8 0 6.4374588E-05
197 0 0.0001288341029
197.2 0 6.445957096E-05
197.4 0 3.870128798E-05
197.6 0 7.74537343E-05
197.8 0 0.000167927414
198 0 0.0001034083388
198.2 0 9.054221854E-05
198.4 0 9.060222001E-05
198.6 5.180702918E-06 9.066230106E-05
198.8 1.036828135E-05 6.480175846E-05
199 1.0375166E-05 5.187583001E-05
199.2 1.55730897E-05 7.78654485E-05
199.4 2.077792553E-05 -3.895861037E-05
199.6 3.118762475E-05 -5.197937458E-05
199.8 4.161118509E-05 -2.600699068E-05
200 5.204863424E-05 -1.301215856E-05
200.2 6.25E-05 1.302083333E-05
200.4 7.296531021E-05 -1.302951968E-05
200.6 8.344459279E-05 -2.607643525E-05
200.8 8.871910488E-05 -1.751361849E-22
201 9.400066845E-05 1.30556484E-05
201.2 0.0001045150502 3.919314381E-05
201.4 0.0001045850067 2.614625167E-05
201.6 0.0001046550569 1.308188212E-05
201.8 0.0001047252011 1.309065013E-05
202 0.0001047954393 -1.309942991E-05
202.2 0.0001048657718 -3.932466443E-05
202.4 0.0001049361988 -1.311702485E-05
202.6 9.975638441E-05 1.312584005E-05
202.8 9.982347007E-05 -1.313466711E-05
203 9.463324361E-05 1.314350606E-05
203.2 9.46969697E-05 1.31523569E-05
203.4 8.423180593E-05 2.632243935E-05
203.6 7.375252866E-05 5.268037761E-05
203.8 6.325910931E-05 2.635796221E-05
204 5.275151924E-05 1.318787981E-05
204.2 4.222972973E-05 -1.319679054E-05
204.4 3.169371197E-05 -3.961713996E-05
204.6 2.114343708E-05 -3.964394452E-05
204.8 2.11577522E-05 -2.644719025E-05
205 1.058604336E-05 -3.96976626E-05
205.2 1.059322034E-05 -5.296610169E-05
205.4 1.060040706E-05 2.650101764E-05
205.6 1.060760353E-05 -1.325950441E-05
205.8 1.592221467E-05 -5.307404891E-05
206 2.124405167E-05 2.655506458E-05
206.2 2.657312925E-05 5.31462585E-05
206.4 3.190946222E-05 1.329560926E-05
206.6 3.72530654E-05 -6.097730092E-20
206.8 4.260395365E-05 1.331373551E-05
207 4.796214188E-05 3.996845157E-05
207.2 5.332764505E-05 7.999146758E-05
207.4 5.336407104E-05 5.336407104E-05
207.6 5.87406015E-05 1.029555537E-20
207.8 6.4124487E-05 2.671853625E-05
208 6.416837782E-05 6.684206023E-05
208.2 5.886130137E-05 1.337756849E-05
208.4 5.890164496E-05 1.338673749E-05
208.6 5.89420439E-05 4.01877572E-05
208.8 5.898249828E-05 5.362045299E-05
209 5.365728022E-05 8.048592033E-05
209.2 5.369415808E-05 8.054123711E-05
209.4 5.373108666E-05 5.373108666E-05
209.6 5.376806607E-05 4.032604955E-05
209.8 5.380509642E-05 2.690254821E-05
210 5.384217781E-05 1.346054445E-05
210.2 5.926724138E-05 2.693965517E-05
210.4 5.391649413E-05 1.347912353E-05
210.6 4.855835635E-05 -1.348843232E-05
210.8 4.319281272E-05 -2.699550795E-05
211 4.322268326E-05 -5.402835408E-05
211.2 4.325259516E-05 -8.109861592E-05
211.4 4.328254848E-05 -8.115477839E-05
211.6 3.78984754E-05 -5.414067914E-05
211.8 3.250693481E-05 -5.417822469E-05
212 2.710791117E-05 -4.066186676E-05
212.2 2.170138889E-05 8.620278668E-21
212.4 1.628735233E-05 -4.071838082E-05
212.6 2.173157163E-05 -6.791116134E-05
212.8 2.17466945E-05 -5.436673626E-05
213 2.176183844E-05 -5.44045961E-05
213.2 2.177700348E-05 -5.444250871E-05
213.4 2.72402371E-05 -4.086035565E-05
213.6 3.27110956E-05 -5.451849267E-05
213.8 3.818959497E-05 -2.727828212E-05
214 4.367575122E-05 -1.364867226E-05
214.2 4.916958042E-05 -2.731643357E-05
214.4 5.467109867E-05 1.366777467E-05
214.6 6.018032213E-05 2.735469188E-05
214.8 6.569726699E-05 -1.368693062E-05
215 7.122194951E-05 -2.73930575E-05
215.2 7.675438596E-05 -1.370614035E-05
215.4 8.22945927E-05 2.020514414E-20
215.6 8.784258609E-05 -2.745080815E-05
215.8 9.339838256E-05 -2.747011252E-05
216 9.896199859E-05 1.374472203E-05
216.2 0.0001045334507 -1.375440141E-05
216.4 0.0001101127555 -1.376409443E-05
216.6 0.0001156999295 -1.061372898E-20
216.8 0.0001212949894 -1.378352152E-05
217 0.000126897952 -2.75865113E-05
217.2 0.0001325088339 -1.380300353E-05
217.4 0.000132602546 -1.381276521E-05
217.6 0.0001271673744 -4.146762208E-05
217.8 0.0001217245042 -2.766466006E-05
218 0.0001162739192 5.116190215E-21
218.2 0.0001108156028 -1.385195035E-05
218.4 0.0001053495387 -2.772356281E-05
218.6 0.0001054243608 -4.161487926E-05
218.8 0.0001110518834 -5.552594172E-05
219 0.0001111308677 1.085883965E-20
219.2 0.0001112099644 4.170373665E-05
219.4 0.0001112891738 -7.323507429E-21
219.6 0.0001113684961 -2.784212402E-05
219.8 0.0001114479315 -2.786198288E-05
220 0.0001115274804 -1.180795843E-20
220.2 0.0001116071429 -2.790178571E-05
220.4 0.0001116869192 -4.188259471E-05
220.6 0.0001117668097 2.794170243E-05
220.8 0.0001118468146 9.568464463E-21
221 0.0001119269341 -4.197260029E-05
221.2 0.0001120071685 4.905064468E-20
221.4 0.000106483142 9.872153449E-21
221.6 0.0001065595836 -2.804199569E-05
221.8 0.0001010237069 -1.40310704E-05
222 0.0001010963336 -1.404115744E-05
222.2 0.0001011690647 -4.215377698E-05
222.4 0.0001068664507 -2.812275018E-05
222.6 0.0001125720461 -1.407150576E-05
222.8 0.0001182858688 -4.224495314E-05
223 0.0001240079365 -2.818362193E-05
223.2 0.0001297382671 1.410198556E-05
223.4 0.0001354768786 1.411217486E-05
223.6 0.0001242769342 -2.824475777E-05
223.8 0.0001130607815 -1.413259768E-05
224 0.0001131426503 -5.562394079E-21
224.2 0.0001132246377 -1.415307971E-05
224.4 0.000113306744 -1.645308222E-20
224.6 0.0001133889695 -1.417362119E-05
224.8 0.0001191448802 -2.836782861E-05
225 0.000119231468 -2.838844477E-05
225.2 0.0001193181818 -2.840909091E-05
225.4 0.0001194050218 -2.84297671E-05
225.6 0.0001138018937 -5.690094683E-05
225.8 0.0001195790816 -4.270681487E-05
226 0.000119666302 -1.424598833E-05
226.2 0.0001197536496 -4.276916058E-05
226.4 0.0001198411249 -2.853360117E-05
226.6 0.0001256396199 4.28316886E-05
226.8 0.0001314465984 7.143836869E-05
227 0.0001258235725 5.719253294E-05
227.2 0.0001259157509 4.292582418E-05
227.4 0.0001260080645 2.863819648E-05
227.6 0.000120368672 4.298881145E-05
227.8 0.0001261930984 4.302037445E-05
228 0.0001205455547 1.435066128E-05
228.2 0.0001263786765 4.739823475E-21
228.4 0.0001264716703 5.748712288E-05
228.6 0.0001265648012 8.629418262E-05
228.8 0.0001266580693 3.468886952E-20
229 0.0001325129056 -1.44035767E-05
229.2 0.0001326107011 1.564109395E-20
229.4 0.0001327086411 2.884970458E-05
229.6 0.0001270325203 5.774205469E-05
229.8 0.000121348003 1.444619083E-05
230 0.0001214378238 -1.445688379E-05
230.2 0.0001157407407 -1.091127928E-20
230.4 0.0001158265382 2.895663454E-05
230.6 0.0001101168398 1.448905786E-05
230.8 0.0001043986637 4.235230564E-21
231 9.867199108E-05 8.947647143E-21
231.2 9.293680297E-05 1.452137546E-05
231.4 8.719308036E-05 -4.359654018E-05
231.6 8.144080417E-05 -4.362900223E-05
231.8 7.567995529E-05 1.455383756E-05
232 6.991051454E-05 -6.444217257E-21
232.2 6.413246269E-05 -2.367558507E-20
232.4 5.834578043E-05 -2.917289022E-05
232.6 5.838938714E-05 9.808405433E-21
232.8 5.843305909E-05 -1.460826477E-05
233 5.847679641E-05 -1.46191991E-05
233.2 5.266853933E-05 1.463014981E-05
233.4 5.856446777E-05 2.928223388E-05
233.6 6.446924231E-05 5.86084021E-05
233.8 6.451764264E-05 1.46631006E-05
234 5.282682194E-05 4.402235162E-05
234.2 4.111842105E-05 4.405545113E-05
234.4 4.114936042E-05 5.87848006E-05
234.6 2.941453313E-05 5.882906627E-05
234.8 2.943669932E-05 1.471834966E-05
235 2.356711916E-05 -1.472944947E-05
235.2 2.358490566E-05 -2.890430109E-21
235.4 2.360271903E-05 5.900679758E-05
235.6 1.77154195E-05 4.428854875E-05
235.8 1.181921331E-05 1.609947968E-20
236 5.914080242E-06 1.593934851E-20
236.2 0 -1.479640152E-05
236.4 0 2.961523882E-05
236.6 0 8.891312595E-05
236.8 0 4.449031891E-05
237 0 -8.561763175E-21
237.2 0 2.970532319E-05
237.4 0 2.972792998E-05
237.6 5.950114242E-06 -1.487528561E-05
237.8 1.190929878E-05 -2.977324695E-05
238 1.787757437E-05 -2.979595728E-05
238.2 2.385496183E-05 -4.472805344E-05
238.4 2.984148205E-05 -8.952444614E-05
238.6 3.583715596E-05 -4.479644495E-05
238.8 4.184200459E-05 -1.494357307E-05
239 5.383805513E-05 -1.495501531E-05
239.2 6.585249042E-05 4.099499509E-20
239.4 7.788535276E-05 -1.497795245E-05
239.6 8.39409056E-05 -4.496834229E-05
239.8 9.000576037E-05 -4.500288018E-05
240 9.607993851E-05 -3.002498078E-05
240.2 9.615384615E-05 -3.004807692E-05
240.4 0.0001022421093 -6.014241724E-05
240.6 0.0001083397535 -6.018875193E-05
240.8 0.0001084232845 -1.505878951E-05
241 0.0001085069444 -3.01408179E-05
241.2 0.0001085907336 -6.032818533E-05
241.4 0.0001086746522 -1.50937017E-05
241.6 0.0001087587007 -4.448693192E-20
241.8 0.0001148897059 -4.535119969E-05
242 0.0001089271882 -6.051510457E-05
242.2 0.0001090116279 -6.05620155E-05
242.4 0.0001090961986 -0.0001060657486
242.6 0.0001091809006 -0.0001061480978
242.8 0.0001092657343 -6.07031857E-05
243 0.0001093506998 -6.07503888E-05
243.2 0.0001094357977 -4.559824903E-05
243.4 0.000109521028 -4.563376168E-05
243.6 0.0001096063913 -6.089243959E-05
243.8 0.0001035978939 -3.04699688E-05
244 9.148126464E-05 -3.049375488E-05
244.2 7.934570313E-05 -3.051757813E-05
244.4 6.719116497E-05 -1.527071931E-05
244.6 5.501760563E-05 -1.528266823E-05
244.8 4.282498042E-05 -4.58839076E-05
245 3.061324451E-05 -4.591986677E-05
245.2 2.450980392E-05 1.531862745E-05
245.4 1.226452119E-05 -1.748355555E-20
245.6 0 -3.068538885E-05
245.8 0 1.535475629E-05
246 0 -8.715708402E-21
246.2 0 -3.075787402E-05
246.4 0 1.539105595E-05
246.6 0 -1.114369539E-20
246.8 0 -1.541535122E-05
247 0 -4.532188835E-21
247.2 0 -4.029161383E-20
247.4 0 -4.152486128E-20
247.6 0 1.54641726E-05
247.8 0 4.642927892E-05
248 0 4.646609833E-05
248.2 0 4.650297619E-05
248.4 0 4.653991263E-05
248.6 0 1.552563593E-05
248.8 0 2.757926905E-20
249 0 1.555035828E-05
249.2 0 6.225099602E-05
249.4 0 4.672547847E-05
249.6 0 -1.558758978E-05
249.8 0 -1.969015558E-20
250 0 3.122501998E-05
250.2 0 -2.325827527E-20
250.4 0 -4.691253002E-05
250.6 0 -6.260016026E-05
250.8 0 -3.132518043E-05
251 0 3.135032103E-05
251.2 0 1.5687751E-05
251.4 0 -1.570036174E-05
251.6 0 -4.713897828E-05
251.8 0 -6.290257649E-05
252 0 -3.38736295E-20
252.2 0 4.725302419E-05
252.4 0 1.576372074E-05
252.6 0 1.577645396E-05
252.8 0 -3.245804744E-21
253 0 1.771446728E-20
253.2 0 4.744433198E-05
253.4 0 3.165518639E-05
253.6 0 -3.168085969E-05
253.8 1.268262987E-05 -8.608947617E-21
254 6.346466288E-06 4.759849716E-05
254.2 1.270325203E-05 1.587906504E-05
254.4 0 -4.767595606E-05
254.6 6.361970684E-06 -6.361970684E-05
254.8 6.367155664E-06 1.591788916E-05
255 6.372349103E-06 3.186174551E-05
255.2 6.37755102E-06 -6.316465576E-21
255.4 6.382761438E-06 -3.191380719E-05
255.6 6.387980376E-06 -1.596995094E-05
255.8 6.393207856E-06 -4.174791779E-20
256 6.398443898E-06 -1.599610975E-05
256.2 6.403688525E-06 7.254722364E-20
256.4 6.408941756E-06 3.204470878E-05
256.6 6.414203612E-06 1.331142489E-20
256.8 6.419474117E-06 -4.814605588E-05
257 6.424753289E-06 9.898690866E-21
257.2 6.430041152E-06 4.822530864E-05
257.4 6.435337727E-06 4.826503295E-05
257.6 6.440643034E-06 1.610160758E-05
257.8 6.445957096E-06 -4.834467822E-05
258 6.451279934E-06 1.612819983E-05
258.2 6.45661157E-06 4.842458678E-05
258.4 6.461952026E-06 1.615488007E-05
258.6 6.467301325E-06 -3.233650662E-05
258.8 0 -6.472659486E-05
259 0 -2.934097648E-20
259.2 0 4.862551867E-05
259.4 0 -1.618505927E-21
259.6 0 -1.623545303E-05
259.8 6.499584027E-06 -4.988464972E-21
260 6.504995837E-06 1.889941623E-20
260.2 6.510416667E-06 1.627604167E-05
260.4 6.515846539E-06 1.628961635E-05
260.6 6.521285476E-06 3.260642738E-05
260.8 6.5267335E-06 3.26336675E-05
261 6.532190635E-06 3.266095318E-05
261.2 6.537656904E-06 8.17207113E-05
261.4 0 8.17891541E-05
261.6 0 1.637154233E-05
261.8 0 6.554110738E-05
262 0 4.919710327E-05
262.2 0 1.641281513E-05
262.4 0 9.855971405E-05
262.6 0 3.288089226E-05
262.8 0 -1.645429655E-05
263 0 1.646817032E-05
263.2 0 9.889240506E-05
263.4 0 0.0001154719172
263.6 0 3.301986475E-05
263.8 0 -1.564005919E-20
264 0 -1.653789162E-05
264.2 0 3.310381356E-05
264.4 0 4.969783715E-05
264.6 0 3.316001698E-05
264.8 0 3.318819031E-05
265 0 3.321641156E-05
265.2 0 3.324468085E-05
265.4 0 3.32729983E-05
265.6 0 1.665068201E-05
265.8 0 1.666488908E-05
266 0 3.335824082E-05
266.2 0 3.338675214E-05
266.4 0 1.670765612E-05
266.6 0 5.016588185E-05
266.8 0 5.020886889E-05
267 0 -1.675064322E-05
267.2 0 -3.353004292E-05
267.4 0 1.67794244E-05
267.6 0 5.038155632E-05
267.8 0 -3.361660929E-05
268 0 -3.364556417E-05
268.2 0 2.749257642E-20
268.4 0 1.685181191E-05
268.6 0 -3.373272884E-05
268.8 0 -0.0001181665946
269 0 -0.0001013732699
269.2 0 -3.382034632E-05
269.4 0 -3.384965338E-05
269.6 0 -6.775802255E-05
269.8 0 -0.0001186794705
270 0 -8.484470026E-05
270.2 0 -3.39673913E-05
270.4 0 -6.799390775E-05
270.6 0 -5.103985192E-05
270.8 0 -6.811246731E-05
271 0 -6.817190227E-05
271.2 0 -6.823144105E-05
271.4 0 -5.121831294E-05
271.6 0 -2.262955076E-21
271.8 0 2.142761715E-20
272 0 -6.847063979E-05
272.2 0 -6.853070175E-05
272.4 0 -3.429543459E-05
272.6 0 -1.716278559E-05
272.8 0 3.078485009E-20
273 0 3.438600352E-05
273.2 0 1.720814978E-05
273.4 0 -1.060354688E-20
273.6 0 3.447705207E-05
273.8 0 0.0001207762809
274 0 8.634504863E-05
274.2 6.913716814E-06 5.185287611E-05
274.4 0 8.649800709E-05
274.6 0 3.462987589E-05
274.8 0 6.932120674E-05
275 0 8.672846359E-05
275.2 0 8.680555556E-05
275.4 0 5.212967082E-05
275.6 0 1.739203028E-05
275.8 6.963012478E-06 6.963012478E-05
276 6.969223907E-06 8.711529884E-05
276.2 0 3.487723214E-05
276.4 0 1.745420018E-05
276.6 0 6.987924866E-05
276.8 0 8.742726052E-05
277 0 8.750560036E-05
277.2 0 0.0001051008969
277.4 0 5.259762118E-05
277.6 0 4.37520724E-20
277.8 0 -1.756407374E-05
278 0 -7.031953195E-05
278.2 0 -3.519144144E-05
278.4 0 1.194588451E-21
278.6 0 2.221316925E-21
278.8 0 1.76434056E-05
279 0 -1.176325464E-20
279.2 0 -3.535067873E-05
279.4 0 2.749873474E-20
279.6 0 3.084070833E-21
279.8 0 -3.54469147E-05
280 0 -3.54791099E-05
280.2 0 -1.775568182E-05
280.4 0 -1.777183803E-05
280.6 0 -3.557604736E-05
280.8 0 -3.560847767E-05
281 0 -1.782048358E-05
281.2 0 -1.783675799E-05
281.4 0 -3.570612431E-05
281.6 0 -3.573879231E-05
281.8 0 -1.788576007E-05
282 0 -4.864113303E-20
282.2 0 -1.791857798E-05
282.4 0 -3.587006428E-05
282.6 0 -3.590303309E-05
282.8 0 -4.249313497E-20
283 7.193830571E-06 1.798457643E-05
283.2 7.200460829E-06 3.722333653E-20
283.4 7.207103321E-06 -1.80177583E-05
283.6 1.442751616E-05 1.80343952E-05
283.8 2.166127542E-05 1.805106285E-05
284 2.890841813E-05 -3.613552266E-05
284.2 2.893518519E-05 -1.808449074E-05
284.4 2.896200185E-05 -6.535693245E-21
284.6 2.898886827E-05 1.811804267E-05
284.8 2.901578459E-05 1.813486537E-05
285 2.904275093E-05 1.815171933E-05
285.2 2.906976744E-05 -9.592813121E-21
285.4 2.909683426E-05 -5.455656425E-05
285.6 2.912395154E-05 -3.640493942E-05
285.8 2.91511194E-05 1.821944963E-05
286 2.18837535E-05 1.823646125E-05
286.2 2.920560748E-05 -1.825350467E-05
286.4 2.923292797E-05 -1.827057998E-05
286.6 2.194522472E-05 1.828768727E-05
286.8 7.321930647E-06 1.830482662E-05
287 0 3.664399625E-05
287.2 0 -1.833920188E-05
287.4 0 -1.835643797E-05
287.6 7.349482596E-06 3.674741298E-05
287.8 7.356403013E-06 -3.678201507E-05
288 7.363336475E-06 -3.681668238E-05
288.2 1.474056604E-05 -1.842570755E-05
288.4 2.213172805E-05 -1.84431067E-05
288.6 3.69210775E-05 1.743327482E-20
288.8 4.434720908E-05 -1.847800378E-05
289 4.438920455E-05 1.131729878E-20
289.2 5.183649289E-05 1.851303318E-05
289.4 5.929791271E-05 -3.706119545E-05
289.6 5.935422602E-05 -1.854819563E-05
289.8 5.941064639E-05 1.8565827E-05
290 6.690057088E-05 -1.858349191E-05
290.2 6.696428571E-05 -3.349094516E-20
290.4 7.447569113E-05 -5.487031713E-21
290.6 9.691078244E-05 1.133713166E-21
290.8 0.0001044651385 3.730897803E-05
291 0.0001045650096 -1.867232314E-05
291.2 0.0001121411483 -1.869019139E-05
291.4 0.0001197318008 1.870809387E-05
291.6 0.0001198465964 1.872603068E-05
291.8 0.0001199616123 3.748800384E-05
292 0.0001200768492 3.752401537E-05
292.2 0.0001201923077 1.878004808E-05
292.4 0.0001203079885 3.759624639E-05
292.6 0.0001204238921 7.526493256E-05
292.8 0.0001130062681 1.037509547E-20
293 0.0001206563707 -3.770511583E-05
293.2 0.000128321256 1.887077295E-05
293.4 0.0001360009671 1.888902321E-05
293.6 0.0001361326234 -1.890730881E-05
293.8 0.0001438347868 -1.892562984E-05
294 0.0001515518914 1.941961837E-20
294.2 0.0001592839806 -3.938813559E-20
294.4 0.0001670310982 -3.266081834E-20
294.6 0.0001671935798 1.899927043E-05
294.8 0.0001673563778 1.90177702E-05
295 0.0001675194932 -1.903630604E-05
295.2 0.0001676829268 1.905487805E-05
295.4 0.0001678466797 5.722045898E-05
295.6 0.0001756476051 -5.412981157E-20
295.8 0.0001758194716 -2.469260989E-20
296 0.0001759916748 -1.63479846E-21
296.2 0.0001761642157 1.914828431E-05
296.4 0.000168670265 0.0001150024534
296.6 0.0001611615914 7.674361493E-05
296.8 0.0001536381514 3.840953786E-05
297 0.0001460999016 1.922367126E-05
297.2 0.000138546798 3.848522167E-05
297.4 0.0001309787968 5.778476331E-05
297.6 0.0001233958539 3.856120434E-05
297.8 0.0001157979249 7.71986166E-05
298 0.0001081849654 7.727497527E-05
298.2 0.0001005569307 9.668935644E-05
298.4 9.291377602E-05 -1.935703667E-05
298.6 8.525545635E-05 -3.875248016E-05
298.8 7.758192651E-05 -2.58947905E-20
299 6.989314115E-05 -1.941476143E-05
299.2 6.218905473E-05 -3.88681592E-05
299.4 7.003237052E-05 -7.781374502E-05
299.6 7.010219342E-05 -1.947283151E-05
299.8 7.017215569E-05 -1.949226547E-05
300 7.024225774E-05 -3.902347652E-05
300.2 7.03125E-05 -1.953125E-05
300.4 7.038288288E-05 1.95508008E-05
300.6 7.045340681E-05 1.957039078E-05
300.8 7.052407222E-05 3.781307057E-21
301 5.490712851E-05 -1.960968876E-05
301.2 4.711055276E-05 6.012000794E-21
301.4 3.929828974E-05 -3.93877876E-20
301.6 3.147029204E-05 -3.933786506E-05
301.8 2.36265121E-05 -3.937752016E-05
302 1.576690212E-05 -1.970862765E-05
302.2 7.891414141E-06 -2.877830316E-20
302.4 7.899393327E-06 -1.974848332E-05
302.6 7.907388664E-06 -3.953694332E-05
302.8 7.915400203E-06 -3.957700101E-05
303 7.923427992E-06 -1.42025429E-20
303.2 7.931472081E-06 -1.117340068E-20
303.4 0 -5.95464939E-05
303.6 0 -1.98690234E-05
303.8 0 1.988925662E-05
304 0 -1.397977455E-20
304.2 0 -1.512606171E-20
304.4 0 -3.532429282E-20
304.6 0 1.997060327E-05
304.8 0 3.998208802E-05
305 0 -1.305925387E-20
305.2 0 -2.003205128E-05
305.4 0 4.010523614E-05
305.6 0 0.0001204393628
305.8 0 8.03755144E-05
306 0 -9.790200462E-20
306.2 0 6.040592784E-05
306.4 8.062435501E-06 8.062435501E-05
306.6 1.614152893E-05 -3.637901504E-20
306.8 2.423733195E-05 -6.059332989E-05
307 3.234989648E-05 -8.08747412E-05
307.2 4.047927461E-05 -6.071891192E-05
307.4 4.862551867E-05 -8.104253112E-05
307.6 5.67886812E-05 -8.112668744E-05
307.8 6.496881497E-05 -6.090826403E-05
308 6.50364204E-05 -6.097164412E-05
308.2 6.510416667E-05 -2.034505208E-05
308.4 6.517205422E-05 4.073253389E-05
308.6 6.524008351E-05 4.077505219E-05
308.8 6.530825496E-05 -2.040882968E-05
309 6.537656904E-05 2.988051514E-20
309.2 6.544502618E-05 2.045157068E-05
309.4 6.551362683E-05 -6.613431145E-20
309.6 6.558237146E-05 2.049449108E-05
309.8 6.56512605E-05 2.051601891E-05
310 6.572029443E-05 2.347250099E-20
310.2 6.578947368E-05 4.111842105E-05
310.4 6.585879874E-05 4.116174921E-05
310.6 6.592827004E-05 -2.060258439E-05
310.8 6.599788807E-05 -4.124868004E-05
311 6.606765328E-05 -2.064614165E-05
311.2 6.613756614E-05 2.066798942E-05
311.4 6.620762712E-05 2.068988347E-05
311.6 6.627783669E-05 -3.354794926E-20
311.8 6.634819533E-05 -2.073381104E-05
312 6.641870351E-05 -4.98889551E-20
312.2 6.64893617E-05 2.077792553E-05
312.4 6.656017039E-05 -5.046381726E-20
312.6 6.663113006E-05 2.082222814E-05
312.8 6.67022412E-05 2.084445037E-05
313 5.842681624E-05 -2.086672009E-05
313.2 5.013368984E-05 -2.990701515E-20
313.4 4.182280514E-05 4.182280514E-05
313.6 3.349410504E-05 2.093381565E-05
313.8 2.514753219E-05 -2.095627682E-05
314 1.6783029E-05 -4.19575725E-05
314.2 8.400537634E-06 -2.100134409E-05
314.4 0 -2.102395048E-05
314.6 0 -2.10466056E-05
314.8 0 2.10693096E-05
315 0 4.218412527E-05
315.2 0 2.111486486E-05
315.4 0 -2.28501458E-21
315.6 0 2.116061755E-05
315.8 0 2.118356833E-05
316 0 2.120656895E-05
316.2 0 -2.221918373E-20
316.4 0 -4.25054407E-05
316.6 0 -2.127587146E-05
316.8 0 -2.129907306E-05
317 0 -2.132232533E-05
317.2 0 -4.269125683E-05
317.4 0 -4.273796499E-05
317.6 0 2.139238773E-05
317.8 0 4.28316886E-05
318 0 -5.992198164E-21
318.2 0 -2.989140642E-20
318.4 0 2.148652365E-05
318.6 0 -4.302037445E-05
318.8 0 -8.613561191E-05
319 0 -8.623068433E-05
319.2 0 -6.474447514E-05
319.4 0 -6.481609513E-05
319.6 0 -6.488787375E-05
319.8 0 -2.165327051E-05
320 0 -1.470015571E-20
320.2 0 -3.923572623E-20
320.4 0 2.172552836E-05
320.6 0 1.600031639E-20
320.8 0 -3.533210149E-21
321 0 4.359654018E-05
321.2 0 4.36452514E-05
321.4 0 4.369407159E-05
321.6 0 4.374300112E-05
321.8 0 4.379204036E-05
322 0 4.384118967E-05
322.2 0 4.389044944E-05
322.4 0 2.196991001E-05
322.6 0 6.59839527E-05
322.8 0 8.80777903E-05
323 0 2.204430023E-05
323.2 0 2.206920904E-05
323.4 0 4.418834842E-05
323.6 0 4.423839185E-05
323.8 0 2.214427438E-05
324 0 -6.580608362E-20
324.2 0 2.219460227E-05
324.4 0 2.22198521E-05
324.6 0 -6.514950747E-21
324.8 0 -4.800572616E-21
325 0 -3.916043701E-20
325.2 0 -2.467774184E-20
325.4 0 4.043820941E-20
325.6 0 9.671767394E-21
325.8 0 4.399873304E-21
326 0 -1.422687182E-20
326.2 0 -8.963954191E-21
326.4 0 4.495109321E-05
326.6 0 2.250144009E-05
326.8 0 -2.252739331E-05
327 0 1.858852779E-20
327.2 0 -8.640370218E-21
327.4 0 -2.260561343E-05
327.6 0 -4.52636153E-05
327.8 0 -4.960327018E-20
328 0 -3.055611344E-20
328.2 0 -6.813226744E-05
328.4 0 -9.094877765E-05
328.6 0 -9.105477855E-05
328.8 0 -6.837077013E-05
329 0 -6.845064252E-05
329.2 0 -4.56871345E-05
329.4 0 -2.287031616E-05
329.6 0 -6.869138335E-05
329.8 0 -4.584800469E-05
330 0 -2.295094007E-05
330.2 0 -4.595588235E-05
330.4 0 -2.300500589E-05
330.6 0 -3.935910555E-21
330.8 0 1.505126443E-20
331 0 -2.308658392E-05
331.2 0 -2.311390533E-05
331.4 0 -7.47441093E-20
331.6 0 7.146126255E-22
331.8 0 2.282658943E-21
332 0 4.644768133E-05
332.2 0 4.650297619E-05
332.4 0 2.327920143E-05
332.6 0 6.992094272E-05
332.8 0 7.000448029E-05
333 0 4.672547847E-05
333.2 0 2.339071856E-05
333.4 0 4.683752998E-05
333.6 0 0.0001172343938
333.8 0 9.390024038E-05
334 0 4.700661853E-05
334.2 0 2.353162651E-05
334.4 0 -2.519138175E-20
334.6 0 -3.075596169E-20
334.8 0 -7.085096735E-05
335 0 -9.458232446E-05
335.2 0 -7.102272727E-05
335.4 0 -7.11089199E-05
335.6 0 -1.860653429E-20
335.8 0 -2.376064477E-05
336 0 -9.515834348E-05
336.2 0 -4.763719512E-05
336.4 0 -2.38476801E-05
336.6 0 -4.775366748E-05
336.8 0 -9.562423501E-05
337 0 -7.180606618E-05
337.2 0 -1.50238015E-20
337.4 0 2.399416462E-05
337.6 0 4.804735547E-05
337.8 0 2.405326355E-05
338 0 -2.408292232E-05
338.2 0 2.411265432E-05
338.4 0 7.242737948E-05
338.6 0 4.834467822E-05
338.8 0 4.840458488E-05
339 0 4.84646402E-05
339.2 0 4.852484472E-05
339.4 0 2.42925995E-05
339.6 0 -2.432285181E-05
339.8 9.74127182E-06 -2.435317955E-05
340 0 -1.366459649E-20
340.2 0 5.867094062E-20
340.4 0 -9.528868447E-21
340.6 0 1.316208944E-20
340.8 0 -4.90119197E-05
341 0 -7.361023869E-05
341.2 0 -1.471163318E-20
341.4 0 5.831535278E-20
341.6 0 -4.92591425E-05
341.8 0 -2.466066919E-05
342 0 -2.469184576E-05
342.2 0 -6.020512076E-20
342.4 0 4.950887199E-05
342.6 0 4.957170051E-05
342.8 0 4.963468869E-05
343 0 4.969783715E-05
343.2 0 2.488057325E-05
343.4 9.964923469E-06 -4.529710026E-20
343.6 1.995530013E-05 -4.684590924E-20
343.8 2.997122762E-05 -5.464416946E-20
344 4.00128041E-05 3.842981869E-20
344.2 4.006410256E-05 2.50400641E-05
344.4 4.011553273E-05 5.114114626E-20
344.6 4.016709512E-05 -5.020886889E-05
344.8 4.021879022E-05 7.006119063E-21
345 4.027061856E-05 2.51691366E-05
345.2 4.032258065E-05 5.040322581E-05
345.4 4.0374677E-05 5.046834625E-05
345.6 4.042690815E-05 -5.053363519E-05
345.8 4.047927461E-05 -5.059909326E-05
346 4.053177691E-05 -5.066472114E-05
346.2 5.073051948E-05 -5.073051948E-05
346.4 4.063719116E-05 2.539824447E-05
346.6 4.069010417E-05 5.086263021E-05
346.8 4.074315515E-05 9.573451955E-21
347 4.079634465E-05 -5.099543081E-05
347.2 5.10620915E-05 -0.000102124183
347.4 5.11289267E-05 -2.556446335E-05
347.6 5.119593709E-05 5.119593709E-05
347.8 4.101049869E-05 -2.563156168E-05
348 5.13304862E-05 -4.544050253E-20
348.2 5.139802632E-05 -5.91303686E-21
348.4 5.14657444E-05 1.920450361E-20
348.6 4.122691293E-05 2.357748416E-20
348.8 4.128137384E-05 -5.160171731E-05
349 4.133597884E-05 -5.166997354E-05
349.2 3.104304636E-05 -1.56906232E-20
349.4 4.144562334E-05 2.590351459E-05
349.6 4.150066401E-05 -2.593791501E-05
349.8 4.155585106E-05 6.809114943E-21
350 4.161118509E-05 5.201398136E-05
350.2 4.166666667E-05 -2.104755764E-20
350.4 4.17222964E-05 -2.607643525E-05
350.6 4.177807487E-05 -2.611129679E-05
350.8 4.183400268E-05 4.456381241E-20
351 4.189008043E-05 5.236260054E-05
351.2 4.194630872E-05 7.864932886E-05
351.4 4.200268817E-05 0.0001050067204
351.6 4.205921938E-05 2.628701211E-05
351.8 4.211590296E-05 -2.632243935E-05
352 4.217273954E-05 -2.635796221E-05
352.2 4.222972973E-05 -2.639358108E-05
352.4 4.228687415E-05 2.867388002E-20
352.6 4.234417344E-05 9.958898888E-20
352.8 4.240162822E-05 1.277357691E-20
353 4.245923913E-05 2.653702446E-05
353.2 4.25170068E-05 2.657312925E-05
353.4 4.257493188E-05 -2.660933243E-05
353.6 4.263301501E-05 -5.329126876E-05
353.8 4.269125683E-05 -2.668203552E-05
354 4.2749658E-05 2.671853625E-05
354.2 4.280821918E-05 5.351027397E-05
354.4 4.286694102E-05 2.679183813E-05
354.6 4.292582418E-05 2.682864011E-05
354.8 4.298486933E-05 5.373108666E-05
355 4.304407713E-05 5.380509642E-05
355.2 4.310344828E-05 8.081896552E-05
355.4 4.316298343E-05 5.395372928E-05
355.6 4.322268326E-05 2.701417704E-05
355.8 4.328254848E-05 5.41031856E-05
356 4.334257975E-05 5.417822469E-05
356.2 4.340277778E-05 5.425347222E-05
356.4 4.346314325E-05 2.716446453E-05
356.6 4.352367688E-05 -2.720229805E-05
356.8 4.358437936E-05 -5.44804742E-05
357 4.36452514E-05 -2.727828212E-05
357.2 4.370629371E-05 -5.463286713E-05
357.4 4.3767507E-05 -0.0001094187675
357.6 4.382889201E-05 -8.217917251E-05
357.8 4.389044944E-05 -5.48630618E-05
358 4.395218003E-05 -5.494022504E-05
358.2 4.401408451E-05 -0.0001100352113
358.4 4.407616361E-05 -5.509520451E-05
358.6 4.413841808E-05 -9.655655451E-20
358.8 4.420084866E-05 -2.762553041E-05
359 3.319759207E-05 -3.613579058E-20
359.2 2.216312057E-05 -5.735140616E-20
359.4 1.109730114E-05 -8.532818173E-21
359.6 0 -3.658235604E-20
359.8 0 -2.782229345E-05
360 0 -2.786198288E-05
360.2 0 -6.746091479E-20
360.4 0 -5.126648656E-21
360.6 0 8.411011164E-20
360.8 0 3.670491364E-20
361 0 2.80621408E-05
361.2 0 5.620503597E-05
361.4 0 2.814301153E-05
361.6 0 -2.818362193E-05
361.8 0 -5.644869942E-05
362 0 -2.826519537E-05
362.2 0 1.76039703E-21
362.4 0 2.834724238E-05
362.6 0 2.838844477E-05
362.8 0 -2.84297671E-05
363 0 -2.847120991E-05
363.2 0 -2.851277372E-05
363.4 0 -2.641855118E-21
363.6 0 2.859626647E-05
363.8 0 -2.863819648E-05
364 0 -2.868024963E-05
364.2 0 -2.872242647E-05
364.4 0 -2.876472754E-05
364.6 0 -9.919433923E-22
364.8 0 1.0110627E-21
365 0 -5.69504263E-22
365.2 0 -1.489496823E-20
365.4 0 -4.913984764E-21
365.6 0 -1.96904455E-20
365.8 0 -2.906436012E-05
366 0 -2.910767511E-05
366.2 0 2.888836788E-20
366.4 0 4.465605763E-20
366.6 0 2.92383982E-05
366.8 0 1.120609586E-20
367 0 -3.189807885E-20
367.2 0 2.937030075E-05
367.4 0 5.882906627E-05
367.6 0 8.837669683E-05
367.8 0 2.950339879E-05
368 0 2.954803328E-05
368.2 0 8.877840909E-05
368.4 0 0.0001185508346
368.6 0 5.936550152E-05
368.8 0 2.972792998E-05
369 0 5.95464939E-05
369.2 0 8.945610687E-05
369.4 0 0.0001194571865
369.6 0 8.973009188E-05
369.8 0 5.991180982E-05
370 0 3.000192012E-05
370.2 0 3.004807692E-05
370.4 0 6.018875193E-05
370.6 0 3.01408179E-05
370.8 0 9.05622102E-05
371 0 0.0001209365325
371.2 0 6.05620155E-05
371.4 0 1.073944997E-19
371.6 0 2.815324333E-20
371.8 0 -3.042250779E-05
372 0 -3.04699688E-05
372.2 0 9.155273438E-05
372.4 0 9.169600939E-05
372.6 0 -3.061324451E-05
372.8 1.226452119E-05 -0.0001226452119
373 1.228380503E-05 -0.0001535475629
373.2 1.230314961E-05 -9.227362205E-05
373.4 0 -3.080638801E-05
373.6 0 -6.171011058E-05
373.8 0 -0.0001236155063
374 0 -0.0001238114105
374.2 0 3.100198413E-05
374.4 0 6.210254372E-05
374.6 1.244028662E-05 9.880542612E-21
374.8 2.492025518E-05 -3.115031898E-05
375 3.744009585E-05 -3.120007987E-05
375.2 5E-05 5.615819873E-20
375.4 6.260016026E-05 1.108539179E-19
375.6 7.524077047E-05 1.075090081E-19
375.8 7.536173633E-05 3.140072347E-05
376 7.548309179E-05 6.492943315E-20
376.2 7.560483871E-05 9.766025441E-20
376.4 7.5726979E-05 6.310581583E-05
376.6 8.849110032E-05 -3.16039644E-05
376.8 0.0001012965964 6.212476738E-20
377 8.877840909E-05 6.341314935E-05
377.2 8.892276423E-05 3.175813008E-05
377.4 8.906758958E-05 9.542956026E-05
377.6 8.921288744E-05 -3.186174551E-05
377.8 8.935866013E-05 -6.382761438E-05
378 8.950490998E-05 8.24110482E-21
378.2 0.0001024590164 6.403688525E-05
378.4 0.0001026272578 0.0001282840722
378.6 0.0001027960526 3.212376645E-05
378.8 0.0001029654036 6.435337727E-05
379 9.024339934E-05 6.445957096E-05
379.2 9.039256198E-05 6.45661157E-05
379.4 9.054221854E-05 9.700951987E-05
379.6 9.069237148E-05 3.239013267E-05
379.8 0.000103820598 -6.488787375E-05
380 0.0001169925125 -3.249792013E-05
380.2 0.0001041666667 3.255208333E-05
380.4 9.129799666E-05 -3.260642738E-05
380.6 9.14506689E-05 3.266095318E-05
380.8 7.851758794E-05 6.543132328E-05
381 6.554110738E-05 -3.277055369E-05
381.2 5.25210084E-05 -3.282563025E-05
381.4 3.945707071E-05 4.966967278E-20
381.6 3.952360877E-05 -3.293634064E-05
381.8 5.278716216E-05 -6.59839527E-05
382 5.287648054E-05 -6.609560068E-05
382.2 3.972457627E-05 -9.931144068E-05
382.4 2.652801358E-05 -9.948005093E-05
382.6 2.657312925E-05 -9.964923469E-05
382.8 2.661839864E-05 -0.0001330919932
383 2.666382253E-05 -0.0001333191126
383.2 2.670940171E-05 -0.0001335470085
383.4 2.675513699E-05 -0.0001337756849
383.6 2.680102916E-05 -0.0002010077187
383.8 2.684707904E-05 -0.0002013530928
384 2.689328744E-05 -0.0001008498279
384.2 2.693965517E-05 -6.734913793E-05
384.4 1.349309154E-05 -6.746545769E-05
384.6 0 -3.379108997E-05
384.8 0 -1.177858387E-19
385 0 3.390842014E-05
385.2 0 3.39673913E-05
385.4 0 -3.402656794E-05
385.6 0 3.408595113E-05
385.8 0 3.414554196E-05
386 0 -3.420534151E-05
386.2 0 3.426535088E-05
386.4 0 6.865114236E-05
386.6 0 6.877200704E-05
386.8 0 3.444664903E-05
387 0 0.0001035225265
387.2 0 0.0001728429204
387.4 0 6.925975177E-05
387.6 0 3.469138544E-05
387.8 1.390124555E-05 0.0001390124555
388 2.785204991E-05 0.0001392602496
388.2 1.395089286E-05 3.487723214E-05
388.4 1.397584973E-05 3.493962433E-05
388.6 2.800179211E-05 7.000448029E-05
388.8 2.805206463E-05 3.506508079E-05
389 2.810251799E-05 3.512814748E-05
389.2 2.815315315E-05 7.038288288E-05
389.4 2.820397112E-05 7.05099278E-05
389.6 2.825497288E-05 3.531871609E-05
389.8 2.830615942E-05 7.076539855E-05
390 2.835753176E-05 0.0001417876588
390.2 1.420454545E-05 0.0001065340909
390.4 0 3.557604736E-05
390.6 1.425638686E-05 3.564096715E-05
390.8 2.856489945E-05 7.141224863E-05
391 2.861721612E-05 7.154304029E-05
391.2 2.866972477E-05 7.167431193E-05
391.4 2.872242647E-05 7.180606618E-05
391.6 2.877532228E-05 7.193830571E-05
391.8 2.882841328E-05 3.603551661E-05
392 2.888170055E-05 5.355832498E-20
392.2 2.893518519E-05 3.285767377E-20
392.4 2.898886827E-05 -3.623608534E-05
392.6 2.904275093E-05 -0.000108910316
392.8 2.909683426E-05 -0.0001091131285
393 2.91511194E-05 -0.0001093166978
393.2 2.920560748E-05 -0.000109521028
393.4 2.926029963E-05 -3.657537453E-05
393.6 2.9315197E-05 -7.32879925E-05
393.8 2.937030075E-05 -0.0001468515038
394 2.942561205E-05 -0.0001471280603
394.2 2.948113208E-05 -0.0001105542453
394.4 2.9536862E-05 -7.384215501E-05
394.6 1.479640152E-05 -0.0001109730114
394.8 0 -0.0001111835863
395 0 1.960109071E-21
395.2 0 -1.868954845E-21
395.4 0 -3.727337786E-05
395.6 0 -3.734464627E-05
395.8 0 -7.483237548E-05
396 0 -3.748800384E-05
396.2 0 -3.756009615E-05
396.4 0 -7.526493256E-05
396.6 0 -0.0001131153475
396.8 0 -3.777804642E-05
397 0 0.0001135537791
397.2 0 7.584951456E-05
397.4 0 7.599708171E-05
397.6 0 0.0001142178363
397.8 0 7.629394531E-05
398 0 7.644324853E-05
398.2 0 0.0001148897059
398.4 0 0.0001151154224
398.6 0 0.0001153420276
398.8 0 3.852317554E-05
399 0 -2.672699419E-20
399.2 0 0.0001160272277
399.4 0 0.0001550099206
399.6 0 0.0001553180915
399.8 1.5562749E-05 7.781374502E-05
400 1.559381238E-05 3.898453094E-05
400.2 0 3.90625E-05
400.4 0 7.828156313E-05
400.6 0 0.0001176581325
400.8 0 7.859657948E-05
401 0 0.0001181325605
401.2 0 0.0001578282828
401.4 1.581477733E-05 0.0001581477733
401.6 1.584685598E-05 3.961713996E-05
401.8 1.587906504E-05 -4.878509773E-20
402 1.59114053E-05 0.0001193355397
402.2 1.594387755E-05 3.985969388E-05
402.4 1.597648262E-05 -3.994120654E-05
402.6 1.600922131E-05 1.820104622E-20
402.8 1.604209446E-05 -7.782786832E-21
403 1.607510288E-05 -8.03755144E-05
403.2 1.610824742E-05 -8.054123711E-05
403.4 0 -0.0001210614669
403.6 1.617494824E-05 -0.0001213121118
403.8 1.620850622E-05 4.70551025E-20
404 1.624220374E-05 -4.060550936E-05
404.2 1.627604167E-05 -4.069010417E-05
404.4 0 -0.0001223251566
404.6 1.634414226E-05 -0.0001225810669
404.8 1.637840671E-05 -4.094601677E-05
405 1.641281513E-05 -0.0001230961134
405.2 1.644736842E-05 -8.223684211E-05
405.4 3.296413502E-05 -4.120516878E-05
405.6 3.303382664E-05 -0.0001238768499
405.8 3.310381356E-05 -4.137976695E-05
406 1.658704883E-05 -4.146762208E-05
406.2 1.662234043E-05 -0.0001246675532
406.4 1.665778252E-05 -4.164445629E-05
406.6 0 -4.173344017E-05
406.8 1.672912206E-05 7.307779592E-20
407 1.676502146E-05 0.0001676502146
407.2 1.680107527E-05 0.0001260080645
407.4 1.683728448E-05 4.209321121E-05
407.6 1.687365011E-05 -4.563519918E-20
407.8 1.691017316E-05 6.318566872E-20
408 1.694685466E-05 4.236713666E-05
408.2 1.698369565E-05 -8.42609114E-20
408.4 1.702069717E-05 -1.149611561E-19
408.6 1.705786026E-05 4.264465066E-05
408.8 1.7095186E-05 0.000128213895
409 1.713267544E-05 8.566337719E-05
409.2 1.717032967E-05 8.585164835E-05
409.4 1.720814978E-05 0.0001290611233
409.6 1.724613687E-05 -4.311534216E-05
409.8 5.185287611E-05 -4.321073009E-05
410 6.929046563E-05 6.18713012E-22
410.2 6.944444444E-05 1.323927998E-20
410.4 6.959910913E-05 8.699888641E-05
410.6 5.231584821E-05 -3.05514037E-20
410.8 6.991051454E-05 -8.738814318E-05
411 5.255044843E-05 -4.379204036E-05
411.2 5.266853933E-05 4.389044944E-05
411.4 5.278716216E-05 8.79786036E-05
411.6 5.290632054E-05 0.0001322658014
411.8 5.30260181E-05 0.0001325650452
412 5.31462585E-05 -4.428854875E-05
412.2 5.326704545E-05 -0.0002219460227
412.4 5.338838269E-05 -0.0001334709567
412.6 5.351027397E-05 -0.0001337756849
412.8 5.363272311E-05 -0.0002234696796
413 5.375573394E-05 -8.959288991E-05
413.2 5.387931034E-05 -8.979885057E-05
413.4 5.400345622E-05 -0.0001350086406
413.6 5.412817552E-05 -9.021362587E-05
413.8 5.425347222E-05 -4.521122685E-05
414 5.437935035E-05 -9.063225058E-05
414.2 3.63372093E-05 -0.0001816860465
414.4 3.642191142E-05 -0.0001365821678
414.6 5.476051402E-05 -4.563376168E-05
414.8 3.659250585E-05 -4.574063232E-05
415 1.833920188E-05 -9.169600939E-05
415.2 1.838235294E-05 -9.191176471E-05
415.4 1.842570755E-05 -4.606426887E-05
415.6 1.846926714E-05 4.617316785E-05
415.8 1.851303318E-05 0.0001388477488
416 1.855700713E-05 0.0001855700713
416.2 1.860119048E-05 4.650297619E-05
416.4 1.864558473E-05 -4.661396181E-05
416.6 1.869019139E-05 4.672547847E-05
416.8 1.873501199E-05 0.0001405125899
417 0 9.390024038E-05
417.2 0 4.706325301E-05
417.4 0 4.717693237E-05
417.6 0 -4.729116223E-05
417.8 0 4.74059466E-05
418 0 0.0001900851582
418.2 0 9.527439024E-05
418.4 0 3.970833744E-20
418.6 0 1.458516367E-19
418.8 0 1.282302948E-19
419 0 -4.810652709E-05
419.2 0 -4.822530864E-05
419.4 0 2.008522062E-20
419.6 0 -9.69292804E-05
419.8 1.94340796E-05 -9.717039801E-05
420 1.948254364E-05 9.74127182E-05
420.2 1.953125E-05 4.8828125E-05
420.4 1.95802005E-05 -4.895050125E-05
420.6 1.962939698E-05 -4.907349246E-05
420.8 1.967884131E-05 -2.904294992E-20
421 0 1.285532509E-19
421.2 1.977848101E-05 -4.944620253E-05
421.4 1.98286802E-05 4.957170051E-05
421.6 0 4.969783715E-05
421.8 0 9.964923469E-05
422 0 4.995204604E-05
422.2 0 5.008012821E-05
422.4 0 0.0001004177378
422.6 0 1.546563577E-19
422.8 0 6.848346024E-20
423 0 -2.743077876E-20
423.2 0 5.630346588E-20
423.4 0 4.023912192E-20
423.6 0 -3.179246537E-20
423.8 0 4.823728913E-20
424 0 5.126312336E-05
424.2 0 5.139802632E-05
424.4 0 9.827076205E-20
424.6 0 1.561508542E-19
424.8 0 1.040446258E-19
425 0 1.1546045E-20
425.2 0 6.441930408E-22
425.4 0 2.702583779E-20
425.6 0 -4.081758592E-20
425.8 0 3.950335815E-20
426 0 4.215852337E-20
426.2 0 -6.073262365E-20
426.4 0 -5.638237989E-20
426.6 0 5.307404891E-05
426.8 0 5.321866485E-05
427 0 1.253225036E-19
427.2 0 -7.735523914E-21
427.4 0 5.365728022E-05
427.6 0 0.0001076101928
427.8 0 5.395372928E-05
428 0 5.41031856E-05
428.2 0 0.0001085069444
428.4 0 0.0001632137883
428.6 0 0.0001091131285
428.8 0 1.90997506E-20
429 0 2.65398293E-20
429.2 0 5.501760563E-05
429.4 0 0.0001103460452
429.6 0 0.0001106586402
429.8 0 0.0001109730114
430 0 5.564458689E-05
430.2 0 1.851890611E-19
430.4 0 5.596346705E-05
430.6 0 5.612428161E-05
430.8 0 5.628602305E-05
431 0 0.0001128973988
431.2 0 5.661231884E-05
431.4 0 -5.367629893E-20
431.6 0 3.14398046E-20
431.8 0 5.710891813E-05
432 0 -7.943781027E-20
432.2 0 -5.622185297E-20
432.4 0 -1.151973509E-19
432.6 0 -5.778476331E-05
432.8 0 5.795623145E-05
433 0 -5.812872024E-05
433.2 0 -0.0001166044776
433.4 0 -5.847679641E-05
433.6 0 -0.0001173048048
433.8 0 -0.0001764871988
434 0 -0.0002360271903
434.2 0 -0.0002367424242
434.4 0 -0.0001780965046
434.6 0 -0.0001190929878
434.8 0 -0.0001194571865
435 0 -0.0001198236196
435.2 0 -0.0001201923077
435.4 2.411265432E-05 -0.0001205632716
435.6 0 -0.0001209365325
435.8 0 -6.06560559E-05
436 0 -0.0001216900312
436.2 0 -0.0001831054687
436.4 0 -0.0001224529781
436.6 0 -6.141902516E-05
436.8 0 -6.161277603E-05
437 0 -6.180775316E-05
437.2 0 -6.200396825E-05
437.4 0 -0.0001244028662
437.6 0 -0.0001248003195
437.8 0 -0.0001252003205
438 0 -0.0001256028939
438.2 0 -0.0001890120968
438.4 2.528317152E-05 -0.0002528317152
438.6 5.073051948E-05 -0.0002536525974
438.8 7.634364821E-05 -0.0001272394137
439 5.10620915E-05 -6.382761438E-05
439.2 2.56147541E-05 -6.403688525E-05
439.4 0 -0.0001284950658
439.6 0 -0.0001933787129
439.8 0 -0.0001293460265
440 0 -6.488787375E-05
440.2 0 -6.510416667E-05
440.4 0 -6.532190635E-05
440.6 0 -4.046213959E-21
440.8 0 5.674263848E-20
441 0 6.424263633E-20
441.2 0 1.09100943E-20
441.4 0 5.234460127E-20
441.6 0 1.128056794E-21
441.8 0 -6.942921837E-20
442 0 -9.051023699E-20
442.2 0 -1.220986241E-19
442.4 0 -4.309070884E-20
442.6 0 -1.645422546E-19
442.8 0 6.805313589E-05
443 0 0.0001365821678
443.2 0 6.853070175E-05
443.4 0 -6.877200704E-05
443.6 0 -6.901501767E-05
443.8 0 -1.450783973E-20
444 0 -6.950622776E-05
444.2 0 -6.975446429E-05
444.4 0 4.582963281E-20
444.6 0 -4.970576625E-20
444.8 0 -3.07251156E-20
445 0 6.022147441E-20
445.2 0 -2.990003214E-21
445.4 0 -4.337575222E-20
445.6 0 1.183466554E-19
445.8 0 7.538631111E-20
446 0 7.207103321E-05
446.2 0 7.233796296E-05
446.4 0 6.864400392E-20
446.6 0 -7.287779851E-05
446.8 0 -7.315074906E-05
447 0 -6.925733343E-21
447.2 0 6.424591553E-21
447.4 0 -1.632608356E-19
447.6 0 -7.211472708E-20
447.8 0 4.198538526E-20
448 0 7.483237548E-05
448.2 0 7.512019231E-05
448.4 0 -7.541023166E-05
448.6 0 1.445029851E-19
448.8 0 0.0001519941634
449 0 0.0001525878906
449.2 0 5.851300846E-20
449.4 0 2.104372832E-19
449.6 0 7.71986166E-05
449.8 0 7.750496032E-05
450 0 0.00015562749
450.2 0 0.00015625
450.4 0 0.00015687751
450.6 0 0.0001575100806
450.8 0 0.0001581477733
451 0 0.0001587906504
451.2 0 0.0001594387755
451.4 0 8.004610656E-05
451.6 0 -8.03755144E-05
451.8 0 -0.0001614152893
452 3.241701245E-05 -0.0003241701245
452.2 3.255208333E-05 -0.0004069010417
452.4 3.268828452E-05 -0.0001634414226
452.6 3.282563025E-05 -8.206407563E-05
452.8 3.296413502E-05 -1.233113068E-19
453 3.310381356E-05 8.27595339E-05
453.2 3.324468085E-05 8.311170213E-05
453.4 3.338675214E-05 8.346688034E-05
453.6 3.353004292E-05 7.000999306E-20
453.8 3.367456897E-05 7.404193046E-20
454 3.382034632E-05 6.468357053E-20
454.2 3.39673913E-05 -1.180822071E-19
454.4 3.411572052E-05 -9.138348519E-20
454.6 3.426535088E-05 2.587821431E-20
454.8 3.441629956E-05 -8.60407489E-05
455 3.456858407E-05 -0.0002592643805
455.2 3.472222222E-05 -8.680555556E-05
455.4 3.487723214E-05 8.719308036E-05
455.6 3.503363229E-05 -1.775141916E-19
455.8 3.519144144E-05 1.258601485E-20
456 3.535067873E-05 4.850692791E-20
456.2 3.551136364E-05 2.999760509E-20
456.4 3.567351598E-05 -1.529665444E-19
456.6 3.583715596E-05 -1.217476258E-19
456.8 3.600230415E-05 1.703879752E-21
457 3.616898148E-05 -2.040764782E-21
457.2 3.63372093E-05 1.757558643E-20
457.4 3.650700935E-05 1.208703227E-19
457.6 3.667840376E-05 4.657098619E-20
457.8 3.685141509E-05 2.672976628E-19
458 3.702606635E-05 -1.633679495E-20
458.2 3.720238095E-05 -9.300595238E-05
458.4 0 -9.345095694E-05
458.6 0 -2.539164205E-19
458.8 0 -4.183287574E-20
459 0 8.290496313E-20
459.2 0 9.527439024E-05
459.4 0 9.574142157E-05
459.6 0 -9.621305419E-05
459.8 0 -9.668935644E-05
460 0 -1.948741936E-19
460.2 0 -9.765625E-05
460.4 0 -0.0001962939698
460.6 0 -0.0001972853535
460.8 0 -9.914340102E-05
461 0 -4.420822803E-20
461.2 0 5.618806431E-20
461.4 0 1.597787133E-20
461.6 0 2.355214496E-20
461.8 0 -9.97736509E-20
462 0 5.226936389E-20
462.2 0 1.232816532E-20
462.4 0 -3.832367112E-20
462.6 0 0.0001038896277
462.8 0 0.0001044451872
463 0 2.738518355E-19
463.2 0 1.98271918E-19
463.4 0 3.291915146E-20
463.6 0 9.173040831E-20
463.8 0 1.26084751E-19
464 0 0.0001079074586
464.2 0 0.0002170138889
464.4 0 0.000218226257
464.6 0 -6.359146715E-20
464.8 0 0.0001103460452
465 0 0.0003329190341
465.2 0 0.0003348214286
465.4 0 0.0001122485632
465.6 0 1.138576959E-20
465.8 0 0.0001135537791
466 0 0.0001142178363
466.2 0 -1.518778055E-19
466.4 0 -0.0001155695266
466.6 0 0.0001162574405
466.8 0 0.0001169535928
467 0 2.332081346E-20
467.2 0 -0.0001183712121
467.4 0 -0.0001190929878
467.6 0 -2.584733688E-19
467.8 0 -1.873000838E-19
468 0 0.0001213121118
468.2 0 0.0001220703125
468.4 9.827044025E-05 -1.378430327E-19
468.6 9.889240506E-05 6.468855552E-20
468.8 4.97611465E-05 -1.16273447E-19
469 0 -1.700142501E-19
469.2 0 -1.778962709E-19
469.4 0 -0.0001268262987
469.6 0 3.022543171E-19
469.8 0 0.0002569901316
470 0 0.000258692053
470.2 0 0.0001302083333
470.4 0 1.418912094E-19
470.6 0 2.215224976E-19
470.8 0 -2.80963956E-19
471 0 -2.881572996E-19
471.2 0 -1.044015365E-19
471.4 0 -5.284199103E-20
471.6 0 -8.873649615E-20
471.8 0 -3.364663602E-20
472 0 1.749921718E-19
472.2 0 5.198378098E-20
472.4 0 4.205774287E-20
472.6 0 -1.622127182E-19
472.8 0 0.0001425638686
473 0 -1.610895961E-19
473.2 0 -0.0004340277778
473.4 5.830223881E-05 -0.000437266791
473.6 5.87406015E-05 -0.0002937030075
473.8 0 -0.0002959280303
474 0 -0.0002981870229
474.2 0 -0.0003004807692
474.4 0 -0.0001514050388
474.6 0 -0.0001525878906
474.8 0 -0.0001537893701
475 0 -6.941238426E-20
475.2 0 1.872854055E-19
475.4 0 2.288313316E-20
475.6 0 -2.041625961E-19
475.8 0 -2.54435305E-19
476 0 -1.220366469E-20
476.2 0 4.146979316E-20
476.4 0 -1.110102451E-20
476.6 0 -2.311570435E-19
476.8 0 1.429976654E-19
477 0 -5.623769137E-19
477.2 0 -3.195079359E-19
477.4 0 -1.97668828E-19
477.6 0 2.344436533E-19
477.8 0 -8.207511131E-20
478 0 5.935251584E-20
478.2 0 2.617440555E-19
478.4 0 2.414871265E-19
478.6 0 1.752330172E-19
478.8 0 -2.427058614E-19
479 0 -6.233151584E-20
479.2 0 -1.594726921E-20
479.4 0 1.821093592E-19
479.6 0 3.184669547E-19
479.8 0 1.329462606E-19
480 0 0.0001933787129
480.2 0 0.0001953125
480.4 7.891414141E-05 -0.0001972853535
480.6 0.0001594387755 -0.0001992984694
480.8 0.0001610824742 3.062270494E-19
481 8.138020833E-05 1.641937667E-20
481.2 0 1.349228054E-19
481.4 0 3.886773269E-19
481.6 0 3.722103357E-19
481.8 0 1.907988601E-19
482 0 1.174531748E-19
482.2 0 -0.0002170138889
482.4 0 -0.0002194522472
482.6 0 4.457339322E-19
482.8 0 0.0002244971264
483 0 0.0002271075581
483.2 0 -1.151318823E-20
483.4 0 -1.957558504E-19
483.6 0 -2.682838895E-19
483.8 0 -3.721490751E-20
484 0 -1.282200413E-19
484.2 0 4.086880856E-20
484.4 0 3.615203365E-19
484.6 0 6.921583839E-19
484.8 0 5.110112408E-19
485 0 -2.865882214E-20
485.2 0 -0.0002604166667
485.4 0 -0.0005278716216
485.6 0 -0.0005351027397
485.8 0 -0.0002712673611
486 0 -4.683763532E-19
486.2 0 -5.712369495E-20
486.4 0 -2.626374077E-19
486.6 0 1.386899795E-20
486.8 0 5.970316632E-19
487 0 6.694286793E-19
487.2 0 2.789668955E-19
487.4 0 4.554029832E-19
487.6 0 4.311480049E-19
487.8 0 9.136326994E-20
488 0 3.309392178E-19
488.2 0 -3.037687519E-19
488.4 0 -2.572032753E-19
488.6 0 2.748062472E-19
488.8 0 0.0003426535088
489 0 0.0006975446429
489.2 0 0.0007102272727
489.4 0 0.0007233796296
489.6 0 0.0003685141509
489.8 0 4.076379217E-19
490 0 0.0003829656863
490.2 0 0.000390625
490.4 0 4.880610962E-19
490.6 0 1.339929099E-19
490.8 0 -0.0004155585106
491 0 -0.0008491847826
491.2 0 -0.0008680555556
491.4 0 -0.0008877840909
491.6 0 -0.0004542151163
491.8 0 -6.768686654E-19
492 0 -0.0004763719512
492.2 0 -0.00048828125
492.4 0 2.440459392E-19
492.6 0 1.079881836E-18
492.8 0 -4.765683818E-19
493 0 -1.175024104E-18
493.2 0 -9.175911441E-19
493.4 0 4.924137593E-19
493.6 0 4.006256775E-19
493.8 0 -5.668633865E-19
494 0 -4.890791723E-19
494.2 0 -2.091870889E-18
494.4 0 0.0006734913793
494.6 0 0.0006975446429
494.8 0 -1.127278857E-18
495 0 -3.254313454E-19
495.2 0 -0.00078125
495.4 0 -0.0008138020833
495.6 0 0.0008491847826
495.8 0 1.456478747E-19
496 0 -0.0009300595238
496.2 0 -3.007239081E-18
496.4 0 -1.399275019E-18
496.6 0 -2.102697267E-18
496.8 0 -5.76466979E-19
497 0 -2.370121399E-18
497.2 0 -1.349612448E-18
497.4 0 -2.025860308E-18
497.6 0 2.020509236E-18
497.8 0 -3.701290618E-18
498 0 -2.128782923E-18
498.2 0 -5.97897513E-18
498.4 0 -1.265338504E-18
498.6 0 1.609658463E-18
498.8 0 -3.353642431E-18
499 0 -9.36997412E-18
499.2 0 -4.445381485E-18
499.4 0 -3.955058456E-18
499.6 0 -1.306196721E-17
499.8 0 -3.390646591E-18
500 0 6.483930826E-17
