0 0.007387669932 -7.80937625E-06
0.2 0.006540625 0.00140625
0.4 0.006168092237 0.0003985969388
0.6 0.005814026221 0.0003909377502
0.8 0.005515994193 0.0002268347016
1 0.005239633413 0.0002191005609
1.2 0.004994363727 0.0002113602204
1.4 0.004745764836 0.0001331320168
1.6 0.00454083935 3.917218211E-05
1.8 0.004351424559 0.0001410764446
2 0.004152448816 0.0001881774388
2.2 0.003965863454 7.843875502E-06
2.4 0.003794822218 0.0001569405384
2.6 0.003620503416 0.000235505426
2.8 0.003474316446 8.63867109E-05
3 0.003340582261 9.427795656E-05
3.2 0.003213028169 0.0002200704225
3.4 0.003069645733 0.0002122961957
3.6 0.002945026178 7.079389851E-05
3.8 0.002820306205 7.869157937E-06
4 0.002720677146 -1.574465941E-05
4.2 0.002602066532 -1.575100806E-05
4.4 0.002483360226 3.93934046E-05
4.6 0.002367710856 4.729116223E-05
4.8 0.002277200242 -1.577008478E-05
5 0.002196082391 -3.155290792E-05
5.2 0.002118055556 -1.578282828E-05
5.4 0.00203364996 -4.736762328E-05
5.6 0.001946016983 -3.948898099E-05
5.8 0.001858313107 -4.74059466E-05
6 0.001798993323 -7.904188588E-05
6.2 0.001749114372 -1.581477733E-05
6.4 0.001677045362 -4.7463548E-05
6.6 0.001623911062 -3.956898298E-05
6.8 0.001570733685 5.541903121E-05
7 0.001514345093 -2.376064477E-05
7.2 0.00148326572 -0.0001346982759
7.4 0.001445819805 -5.548650568E-05
7.6 0.00139248376 -1.585972391E-05
7.8 0.001358143786 -5.553158002E-05
8 0.001314252336 2.380891914E-05
8.2 0.001270325203 -7.93953252E-06
8.4 0.001235893656 -1.588552257E-05
8.6 0.001191898902 -3.972996338E-05
8.8 0.00117012617 -0.0001351368539
9 0.001138792752 -0.0001272394137
9.2 0.001129709776 -9.546843177E-05
9.4 0.001107885086 -3.183577832E-05
9.6 0.001089227477 7.962189156E-06
9.8 0.001054623777 -3.982718189E-05
10 0.001039116687 -9.562423501E-05
10.2 0.001036352041 -7.971938776E-06
10.4 0.001017634749 -3.190077583E-05
10.6 0.001014859069 -8.776296977E-05
10.8 0.001008888435 -5.587198611E-05
11 0.001002912919 -3.992487735E-05
11.2 0.0009873466258 -8.78706544E-05
11.4 0.000978160802 -6.393207856E-05
11.6 0.0009625716332 -1.598956201E-05
11.8 0.0009565673628 -7.198249386E-05
12 0.0009633603032 -8.001331422E-05
12.2 0.0009445440574 -2.401383197E-05
12.4 0.0009353218532 -8.007892579E-06
12.6 0.0009132742002 -8.812294914E-05
12.8 0.0008976200246 -4.808678703E-05
13 0.0008691245895 -3.207101806E-05
13.2 0.0008438141684 -3.208418891E-05
13.4 0.0008120634758 4.814605588E-05
13.6 0.0007867087957 2.408292232E-05
13.8 0.0007709703947 -3.212376645E-05
14 0.0007616464418 2.41027355E-05
14.2 0.0007426697531 1.607510288E-05
14.4 0.0007172447509 -4.020430218E-05
14.6 0.0006982341433 -4.022086079E-05
14.8 0.0006824268644 -9.656983931E-05
15 0.0006633862325 -6.440643034E-05
15.2 0.0006411082474 -2.416237113E-05
15.4 0.0006284808168 -5.640212459E-05
15.6 0.0006255158894 -8.060771771E-06
15.8 0.0006225485136 8.064099917E-06
16 0.0006195786865 -3.226972325E-05
16.2 0.0006036931818 -4.842458678E-05
16.4 0.0005910241835 -2.42223026E-05
16.6 0.0005718827543 2.118243725E-21
16.8 0.0005494931734 -3.232312784E-05
17 0.0005335523593 -2.425237997E-05
17.2 0.000524068323 -8.08747412E-06
17.4 0.0005145764292 -2.427247307E-05
17.6 0.0005018389971 -1.618835475E-05
17.8 0.000472895937 -4.8585199E-05
18 0.000473092078 -2.430267524E-05
18.2 0.0004603215768 -1.620850622E-05
18.4 0.0004507835201 -2.432285181E-05
18.6 0.0004250155731 3.244393688E-05
18.8 0.00040896344 4.057176984E-05
19 0.0003993921446 3.247090607E-05
19.2 0.0004028066528 6.888402992E-21
19.4 0.0004029742097 -1.624896007E-05
19.6 0.0003901373283 2.438358302E-05
19.8 0.0003772897585 4.065622398E-05
20 0.0003676853394 1.626926281E-05
20.2 0.0003483072917 1.627604167E-05
20.4 0.0003386827845 3.256565236E-05
20.6 0.0003290502502 3.257923269E-05
20.8 0.0003226689612 4.074103045E-05
21 0.0003097610601 5.706124791E-05
21.2 0.0002935803758 8.155010438E-06
21.4 0.000287176274 -8.158416876E-06
21.6 0.0002938257417 -4.08091308E-05
21.8 0.0002906824833 1.633047659E-05
22 0.0002744667503 8.985518611E-05
22.2 0.00027458159 -2.451621339E-05
22.4 0.0002779667225 -1.635098368E-05
22.6 0.0002748115578 4.907349246E-05
22.8 0.000265107876 9.818810222E-05
23 0.0002553960604 0.0001064150251
23.2 0.0002555031447 2.456761006E-05
23.4 0.0002523332634 -3.277055369E-05
23.6 0.0002524391523 -8.196076374E-06
23.8 0.0002459855164 2.459855164E-05
24 0.0002460888282 2.460888282E-05
24.2 0.0002429096639 7.385766807E-05
24.4 0.0002397278268 5.746899958E-05
24.6 0.0002431139613 -2.463992851E-05
24.8 0.0002465029449 -8.21676483E-06
25 0.0002433186027 2.466066919E-05
25.2 0.0002368421053 -2.467105263E-05
25.4 0.0002369418703 -4.936288964E-05
25.6 0.0002370417193 8.230615255E-06
25.8 0.0002371416526 4.11704258E-05
26 0.000233946647 8.237557992E-06
26.2 0.0002340453586 1.648206751E-05
26.4 0.0002341441537 4.946707472E-05
26.6 0.0002375422297 2.474398226E-05
26.8 0.0002376425856 4.125739332E-05
27 0.0002377430262 1.815722968E-20
27.2 0.0002378435518 -3.303382664E-05
27.4 0.0002346393824 -1.652390017E-05
27.6 0.0002347386796 -1.653089293E-05
27.8 0.0002315304826 3.307578323E-05
28 0.000228319568 5.790713681E-05
28.2 0.0002284163136 4.137976695E-05
28.4 0.0002285131412 6.623569309E-05
28.6 0.00023192324 8.282972858E-06
28.8 0.0002320216377 -2.485946118E-05
29 0.0002288041171 1.658000849E-05
29.2 0.0002255838641 -2.488057325E-05
29.4 0.000215723237 -5.807933305E-05
29.6 0.0002091744581 -4.980344241E-05
29.8 0.0001992984694 1.660820578E-05
30 0.0001927371331 3.32305402E-05
30.2 0.0001861702128 -8.311170213E-06
30.4 0.0001829235845 -2.494412516E-05
30.6 0.0001796741908 -8.318249574E-06
30.8 0.0001764220281 1.274565965E-20
31 0.0001698369565 -8.325341006E-06
31.2 0.0001665778252 -8.328891258E-06
31.4 0.000163315913 -8.332444539E-06
31.6 0.000156716816 -4.168000427E-05
31.8 0.0001501120837 -3.335824082E-05
32 0.0001468389577 -8.343122597E-06
32.2 0.0001435630342 -1.669337607E-05
32.4 0.0001402843095 -8.35025652E-06
32.6 0.0001370027802 9.245588055E-21
32.8 0.0001337184424 5.80307597E-21
33 0.0001304312928 -1.672196062E-05
33.2 0.0001271413276 1.820159536E-21
33.4 0.0001271958012 2.510443445E-05
33.6 0.0001272503215 5.023039006E-05
33.8 0.0001273048885 5.862725129E-05
34 0.0001273595024 3.351565852E-05
34.2 0.0001274141631 1.676502146E-05
34.4 0.0001274688708 -8.386109918E-06
34.6 0.0001308795103 -8.389712199E-06
34.8 0.0001309357542 -5.182582734E-21
35 0.000127633276 8.396926053E-06
35.2 0.0001310483871 8.400537634E-06
35.4 0.0001344664372 8.404152324E-06
35.6 0.000134524322 1.02176494E-20
35.8 0.0001379468131 -1.682278208E-05
36 0.0001346402413 4.20750754E-05
36.2 0.000131330819 5.893049569E-05
36.4 0.0001246496335 2.526681759E-05
36.6 0.0001247034081 8.425905953E-06
36.8 0.0001247572292 3.140413193E-22
37 0.0001248110967 5.059909326E-05
37.2 0.0001214902808 7.593142549E-05
37.4 0.0001249189715 4.220235523E-05
37.6 0.000135105923 4.222060095E-05
37.8 0.0001317852509 1.689554498E-05
38 0.0001318422761 -3.380571181E-05
38.2 0.0001352813853 1.595586642E-20
38.4 0.0001319564747 5.921123863E-05
38.6 0.0001252437175 1.692482669E-05
38.8 0.0001320708713 -6.772865193E-05
39 0.0001355160451 -5.081851691E-05
39.2 0.0001389642082 -1.694685466E-05
39.4 0.0001390245226 -7.629394531E-05
39.6 0.000145869518 -0.000118731003
39.8 0.0001493266725 -9.332917029E-05
40 0.0001527868318 -7.639341591E-05
40.2 0.0001528532609 -5.095108696E-05
40.4 0.0001529197477 -3.398216616E-05
40.6 0.0001563859878 -2.54977154E-05
40.8 0.0001632564214 -4.251469308E-05
41 0.0001667301829 -7.655977787E-05
41.2 0.0001702069717 -8.510348584E-06
41.4 0.0001736867916 -2.554217524E-05
41.6 0.0001805767553 -5.110662887E-05
41.8 0.0001874727312 1.704297557E-05
42 0.0001943747272 5.193103956E-21
42.2 0.0002012827511 2.558679039E-05
42.4 0.0002047837484 5.972859327E-05
42.6 0.0002048732517 6.829108392E-05
42.8 0.0002049628334 5.124070835E-05
43 0.0002050524934 -3.506632078E-21
43.2 0.0002085612691 -8.547592998E-06
43.4 0.0002086525832 8.551335377E-06
43.6 0.0002087439772 8.555081034E-06
43.8 0.0002054119194 4.926602007E-20
44 0.0002089270057 8.562582201E-06
44.2 0.0002158717105 8.566337719E-06
44.4 0.0002159664326 2.57102896E-05
44.6 0.0002160612379 4.286929324E-05
44.8 0.0002127250769 8.577624067E-06
45 0.0002162510984 -4.290696397E-05
45.2 0.0002129120879 -3.434065934E-05
45.4 0.0002130057168 1.717788039E-05
45.6 0.0002130994281 1.718543775E-05
45.8 0.0002200704225 -4.091660905E-23
46 0.0002270475561 8.600286218E-06
46.2 0.000230589207 1.720814978E-05
46.4 0.0002341339797 5.164720141E-05
46.6 0.0002342372134 3.444664903E-05
46.8 0.0002308943538 1.483767623E-20
47 0.0002275485437 1.723852604E-05
47.2 0.0002241997792 5.17384106E-05
47.4 0.0002208480565 2.086865592E-21
47.6 0.0002174933716 -1.72613787E-05
47.8 0.0002141357206 8.634504863E-06
48 0.0002038644405 -7.774491375E-05
48.2 0.0002004977876 -2.592643805E-05
48.4 0.0001902113767 5.187583001E-05
48.6 0.000183375775 9.514780779E-05
48.8 0.0001730726628 5.192179885E-05
49 0.0001627604167 -2.597240691E-05
49.2 0.0001489745011 1.732261641E-05
49.4 0.0001386424135 2.599545253E-05
49.6 0.000128301154 1.733799379E-05
49.8 0.000121419849 -8.672846359E-06
50 0.00011453243 8.676699245E-06
50.2 0.0001041666667 -2.604166667E-05
50.4 0.0001007392174 -6.079090707E-05
50.6 9.730871886E-05 -2.606483541E-05
50.8 9.387516689E-05 -6.084501558E-05
51 9.391696349E-05 -3.478406055E-05
51.2 9.395879733E-05 -8.699888641E-06
51.4 9.400066845E-05 -1.740753119E-05
51.6 9.752563531E-05 -6.158662853E-21
51.8 0.0001010537467 2.613458965E-05
52 0.0001045850067 2.614625167E-05
52.2 0.0001046316964 -5.231584821E-05
52.4 0.0001081677088 -4.361601161E-05
52.6 0.000101234361 1.745420018E-05
52.8 0.0001012796156 -1.173071598E-20
53 9.433698569E-05 -4.367453041E-05
53.2 9.437919463E-05 -4.369407159E-05
53.4 9.092435094E-05 8.742726052E-06
53.6 9.096506941E-05 2.623992387E-05
53.8 9.100582437E-05 2.625168011E-05
54 9.104661587E-05 4.83819751E-21
54.2 9.108744395E-05 6.223223232E-21
54.4 9.112830866E-05 -8.762337371E-06
54.6 9.467571813E-05 -6.136389138E-05
54.8 9.822631343E-05 -5.262123934E-05
55 0.0001017800988 -5.264487871E-05
55.2 0.0001088483146 -3.511235955E-05
55.4 0.0001159228867 -5.269222122E-05
55.6 0.0001230038237 -8.785987404E-05
55.8 0.0001300911341 -7.910947345E-05
56 0.0001407023863 -0.0001055267897
56.2 0.0001513231982 -7.038288288E-05
56.4 0.0001549121226 -1.760365029E-05
56.6 0.0001585042831 -2.641738052E-05
56.8 0.0001585757781 -5.285859269E-05
57 0.0001586473375 -7.05099278E-05
57.2 0.0001587189616 -5.290632054E-05
57.4 0.0001623193315 -5.29302168E-05
57.6 0.0001623926796 -5.295413466E-05
57.8 0.000162466094 -3.531871609E-05
58 0.0001625395749 -1.766734509E-05
58.2 0.0001590780543 -3.535067873E-05
58.4 0.0001697600724 -5.305002263E-05
58.6 0.0001662986866 2.199830495E-20
58.8 0.0001522145446 5.309809696E-05
59 0.0001381176337 5.312216682E-05
59.2 0.0001310941043 8.857709751E-06
59.4 0.00012051951 -8.861728675E-06
59.6 0.000106389015 -1.77315025E-05
59.8 9.579359673E-05 -8.869777475E-06
60 8.87380736E-05 4.102803666E-21
60.2 8.167613636E-05 5.326704545E-05
60.4 7.460777626E-05 7.993690314E-05
60.6 6.753298453E-05 3.554367607E-05
60.8 6.045175239E-05 4.444981793E-05
61 5.336407104E-05 1.778802368E-05
61.2 4.626993166E-05 1.779612756E-05
61.4 4.27301732E-05 5.34127165E-05
61.6 3.91871865E-05 1.78123575E-05
61.8 3.564096715E-05 -2.673072536E-05
62 3.209151073E-05 6.6835596E-22
62.2 2.853881279E-05 6.242865297E-05
62.4 2.498286889E-05 8.030207857E-05
62.6 2.142367459E-05 4.463265539E-05
62.8 1.786122542E-05 -3.572245085E-05
63 1.429551693E-05 -3.573879231E-05
63.2 1.072654462E-05 2.681636156E-05
63.4 7.154304029E-06 8.942880037E-06
63.6 3.578790655E-06 1.789395328E-05
63.8 0 8.951076994E-06
64 0 7.2115199E-21
64.2 0 1.791857798E-05
64.4 0 -8.963400642E-06
64.6 0 -2.690254821E-05
64.8 0 8.971635278E-06
65 0 2.692727482E-05
65.2 0 2.693965517E-05
65.4 0 6.288810948E-05
65.6 0 1.797630005E-05
65.8 0 1.339077672E-20
66 0 1.799286043E-05
66.2 0 1.800115207E-05
66.4 0 9.00472568E-06
66.6 0 9.008879151E-06
66.8 0 -9.013036456E-06
67 0 -9.017197599E-06
67.2 0 1.804272517E-05
67.4 0 5.415318854E-05
67.6 0 4.514852057E-05
67.8 0 -9.033880666E-06
68 0 -9.038061083E-06
68.2 0 1.808449074E-05
68.4 0 4.523216767E-05
68.6 0 3.620250232E-05
68.8 0 -2.747346092E-20
69 0 -7.099647005E-21
69.2 0 6.344257541E-05
69.4 0 6.347202878E-05
69.6 3.628657687E-06 3.628657687E-05
69.8 7.260687732E-06 2.7227579E-05
70 1.089609484E-05 3.632031613E-05
70.2 1.090116279E-05 4.542151163E-05
70.4 1.090623546E-05 4.544264774E-05
70.6 1.091131285E-05 6.364932495E-05
70.8 1.091639497E-05 3.638798323E-05
71 1.092148183E-05 -6.636375548E-21
71.2 1.092657343E-05 9.105477855E-06
71.4 1.45755597E-05 3.643889925E-05
71.6 1.822795147E-05 1.822795147E-05
71.8 2.18837535E-05 1.823646125E-05
72 2.554297057E-05 2.736746847E-05
72.2 2.920560748E-05 -1.825350467E-05
72.4 3.2871669E-05 -1.826203834E-05
72.6 3.654115996E-05 9.135289991E-06
72.8 4.021408517E-05 -1.827912962E-05
73 4.389044944E-05 -4.571921816E-05
73.2 4.757025761E-05 -7.318501171E-05
73.4 5.125351453E-05 -4.576206654E-05
73.6 5.494022504E-05 -1.831340835E-05
73.8 5.8630394E-05 -7.32879925E-05
74 5.865790709E-05 -7.332238386E-05
74.2 5.868544601E-05 -2.750880282E-05
74.4 5.87130108E-05 2.752172381E-05
74.6 6.24118891E-05 3.671287594E-05
74.8 6.244123178E-05 9.182534086E-06
75 6.247060207E-05 -9.186853246E-06
75.2 6.25E-05 -4.595588235E-05
75.4 5.885122411E-05 -8.27595339E-05
75.6 6.255887894E-05 -0.0001195978568
75.8 6.258836004E-05 -0.0001104500471
76 6.630127298E-05 -5.525106082E-05
76.2 6.633254717E-05 -5.527712264E-05
76.4 6.636385087E-05 -7.373761208E-05
76.6 6.639518414E-05 -4.610776676E-05
76.8 6.273618328E-05 -5.535545583E-05
77 6.276583176E-05 -5.538161626E-05
77.2 5.540780142E-05 -6.464243499E-05
77.4 5.17384106E-05 -5.543401135E-05
77.6 5.176289636E-05 -9.243374349E-06
77.8 5.17874053E-05 -1.849550189E-05
78 4.811108479E-05 -2.775639507E-05
78.2 4.813388626E-05 -5.553909953E-05
78.4 4.815670934E-05 -4.630452821E-05
78.6 4.447343454E-05 -1.853059772E-05
78.8 4.4494542E-05 -1.85393925E-05
79 4.080603039E-05 -2.782229345E-05
79.2 3.711401425E-05 -3.711401425E-05
79.4 4.084481939E-05 -4.641456749E-05
79.6 4.086424156E-05 -5.572396576E-05
79.8 4.831707897E-05 1.834055034E-20
80 4.462160876E-05 -1.044051558E-20
80.2 4.092261905E-05 -9.300595238E-06
80.4 3.722010481E-05 1.861005241E-05
80.6 3.351406101E-05 9.309461392E-06
80.8 2.980448259E-05 6.519730567E-05
81 2.60913645E-05 6.522841126E-05
81.2 2.237470167E-05 3.729116945E-05
81.4 2.238538682E-05 6.529071156E-05
81.6 2.239608218E-05 6.532190635E-05
81.8 2.240678776E-05 1.867232314E-05
82 2.615375418E-05 9.340626495E-06
82.2 2.990430622E-05 7.476076555E-05
82.4 3.365844902E-05 2.804870752E-05
82.6 3.367456897E-05 -9.354046935E-06
82.8 3.369070436E-05 6.550970292E-05
83 3.370685523E-05 6.554110738E-05
83.2 3.372302158E-05 4.683752998E-05
83.4 3.373920345E-05 7.497600768E-05
83.6 3.375540086E-05 7.501200192E-05
83.8 3.752401537E-05 5.628602305E-05
84 4.12962518E-05 2.815653532E-05
84.2 4.131610577E-05 5.634014423E-05
84.4 4.509379509E-05 3.757816258E-05
84.6 4.887512031E-05 -9.399061598E-06
84.8 5.266008666E-05 2.821076071E-05
85 5.644869942E-05 8.467304913E-05
85.2 6.024096386E-05 0.0001223644578
85.4 6.780376085E-05 0.0001035890791
85.6 7.16051616E-05 7.537385432E-05
85.8 7.541023166E-05 8.483651062E-05
86 7.921897634E-05 7.544664413E-05
86.2 8.303140097E-05 4.717693237E-05
86.4 8.684751087E-05 0.000113279362
86.6 9.066731141E-05 9.444511605E-05
86.8 9.827044025E-05 4.724540397E-05
87 0.0001020994676 5.672192643E-05
87.2 0.0001059322034 8.512409201E-05
87.4 0.0001059835271 0.000123016594
87.6 0.0001098218614 7.573921474E-05
87.8 0.0001136639185 -4.652195355E-21
88 0.000117509704 9.476589034E-06
88.2 0.0001213592233 9.48118932E-06
88.4 0.0001252124818 -6.640055852E-05
88.6 0.0001366618076 -3.796161322E-05
88.8 0.0001481222654 9.495017015E-06
89 0.0001557940175 2.849890564E-05
89.2 0.0001672749392 2.851277372E-05
89.4 0.0001711599318 1.90177702E-05
89.6 0.0001750487092 -9.513516805E-06
89.8 0.0001789412768 9.518153021E-06
90 0.0001790285227 3.809117504E-05
90.2 0.0001791158537 -4.763719512E-05
90.4 0.0001868289409 -5.719253294E-05
90.6 0.0001945495605 -7.629394531E-05
90.8 0.0002099108451 -0.0001049554226
91 0.0002176502933 -6.682245846E-05
91.2 0.0002215770171 -4.775366748E-05
91.4 0.0002178632583 -9.555406067E-06
91.6 0.0002179698972 -9.560083211E-06
91.8 0.0002180766405 -9.564764936E-05
92 0.000222011269 -0.0001435417687
92.2 0.000222120098 -0.0001053155637
92.4 0.0002260605689 -7.663070132E-05
92.6 0.0002261714917 -3.833415113E-05
92.8 0.0002224472263 -1.917648503E-05
93 0.0002187193026 -9.592951866E-06
93.2 0.0002188267813 -1.91953317E-05
93.4 0.000215093412 -3.840953786E-05
93.6 0.0002113563699 -3.842843089E-05
93.8 0.0002076156496 -4.805917815E-05
94 0.000207717873 -2.884970458E-05
94.2 0.000207820197 -1.924261084E-05
94.4 0.000207922622 -1.925209463E-05
94.6 0.0002041728304 -5.778476331E-05
94.8 0.000204273557 -6.744881598E-05
95 0.0002005182626 -1.928060217E-05
95.2 0.0001967592593 1.929012346E-05
95.4 0.0001968564723 9.649827075E-06
95.6 0.0001969537815 -1.930919427E-05
95.8 0.0002009149357 -2.598807605E-21
96 0.0002010143493 -9.66415141E-06
96.2 0.0002011138614 -3.867574257E-05
96.4 0.0001973439822 -4.836862308E-05
96.6 0.000197441774 -4.839259167E-05
96.8 0.000182046356 -4.841658404E-05
97 0.0001705109127 -3.875248016E-05
97.2 0.0001589640199 -2.907878412E-05
97.4 0.0001512847567 -2.909322244E-05
97.6 0.0001435978639 -3.881023348E-05
97.8 0.00013590333 -4.853690358E-05
98 0.0001282011437 -4.856103928E-05
98.2 0.0001204912935 -5.830223881E-05
98.4 0.000112773768 -3.888750622E-05
98.6 0.0001050485558 -3.890687251E-05
98.8 9.342301943E-05 -2.919469357E-05
99 8.568045862E-05 1.947283151E-05
99.2 7.793017456E-05 3.896508728E-05
99.4 7.017215569E-05 -4.701694531E-20
99.6 6.630678982E-05 -5.850599101E-05
99.8 5.463286713E-05 -6.829108392E-05
100 4.685157421E-05 -9.760744628E-05
100.2 4.6875E-05 -7.8125E-05
100.4 4.689844922E-05 -2.931153077E-05
100.6 4.692192192E-05 -1.95508008E-05
100.8 4.694541813E-05 -2.934088633E-05
101 4.696893788E-05 -3.914078156E-05
101.2 4.69924812E-05 9.790100251E-06
101.4 5.093405216E-05 2.938503009E-05
101.6 5.487957852E-05 1.959984947E-05
101.8 5.882906627E-05 1.960968876E-05
102 5.885861376E-05 1.219795513E-20
102.2 5.888819095E-05 1.133236442E-20
102.4 5.49899447E-05 3.927853193E-05
102.6 5.501760563E-05 4.912286217E-05
102.8 6.29089079E-05 1.965903372E-05
103 7.08081571E-05 3.057166247E-20
103.2 7.084382872E-05 1.967884131E-05
103.4 6.694178427E-05 5.906628024E-05
103.6 6.697554211E-05 3.939737771E-05
103.8 6.700933401E-05 1.970862765E-05
104 6.704316002E-05 1.971857648E-05
104.2 6.313131313E-05 9.864267677E-06
104.4 6.316321374E-05 8.393818502E-21
104.6 6.319514661E-05 -1.174130703E-20
104.8 6.322711179E-05 9.879236216E-06
105 6.325910931E-05 -9.88423583E-06
105.2 6.329113924E-05 -1.977848101E-05
105.4 6.728090172E-05 -1.978850051E-05
105.6 6.731500253E-05 -1.979853016E-05
105.8 6.734913793E-05 1.210351472E-20
106 6.738330797E-05 2.056850622E-20
106.2 6.345177665E-05 -2.97430203E-05
106.4 5.95162519E-05 -2.975812595E-05
106.6 5.160696138E-05 -3.96976626E-05
106.8 5.163319776E-05 -2.978838332E-05
107 5.165946083E-05 -1.98690234E-05
107.2 5.566157761E-05 -9.93956743E-06
107.4 5.568991853E-05 2.983388493E-05
107.6 5.571828833E-05 3.888496288E-21
107.8 5.574668705E-05 1.990953109E-05
108 5.577511474E-05 4.979920959E-05
108.2 5.580357143E-05 1.992984694E-05
108.4 5.982006126E-05 -2.991003063E-05
108.6 5.985061287E-05 -2.992530644E-05
108.8 6.387327542E-05 4.990099642E-05
109 6.790005112E-05 4.992650818E-05
109.2 7.193094629E-05 1.998081841E-05
109.4 7.596596725E-05 6.924689413E-21
109.6 8.400537634E-05 -3.222414795E-21
109.8 8.805071721E-05 5.00288166E-05
110 9.210020502E-05 4.00435674E-05
110.2 9.615384615E-05 -1.001602564E-05
110.4 0.000100211647 -3.810122918E-21
110.6 0.000104273614 4.010523614E-05
110.8 0.0001083397535 4.554824899E-20
111 0.0001124100719 -3.01098407E-05
111.2 0.0001164845758 1.004177378E-05
111.4 0.0001205632716 -1.00469393E-05
111.6 0.0001206253217 -1.005211014E-05
111.8 0.0001206874356 -2.011457261E-05
112 0.0001207496136 -3.01874034E-05
112.2 0.0001208118557 -1.006765464E-05
112.4 0.0001168450232 1.007284683E-05
112.6 0.0001169053148 3.023413313E-05
112.8 0.0001088990707 3.024974187E-05
113 0.0001008845558 3.026536674E-05
113.2 9.286175711E-05 4.0374677E-05
113.4 8.483066184E-05 7.06922182E-05
113.6 7.679125711E-05 3.031233833E-05
113.8 6.874353002E-05 -1.010934265E-05
114 6.068746763E-05 -3.034373382E-05
114.2 5.262305699E-05 -5.059909326E-05
114.4 4.455028512E-05 -5.0625324E-05
114.6 4.052126556E-05 -2.026063278E-05
114.8 3.243383498E-05 -4.054229372E-05
115 2.433800623E-05 -3.042250779E-05
115.2 1.623376623E-05 1.01461039E-05
115.4 8.121101871E-06 -1.015137734E-05
115.6 4.062662507E-06 -2.031331253E-05
115.8 0 -8.129552549E-05
116 0 -9.150507548E-05
116.2 0 -8.138020833E-05
116.4 4.071130797E-06 -9.160044294E-05
116.6 4.073253389E-06 -7.128193431E-05
116.8 4.075378195E-06 -7.131911841E-05
117 4.077505219E-06 -7.135634134E-05
117.2 8.15926893E-06 -5.099543081E-05
117.4 1.224529781E-05 -4.081765935E-05
117.6 1.633559854E-05 -4.083899634E-05
117.8 1.634414226E-05 -7.150562238E-05
118 2.044086866E-05 -8.176347462E-05
118.2 2.454188482E-05 -6.135471204E-05
118.4 2.864719749E-05 -5.11557098E-05
118.6 3.275681342E-05 -3.070951258E-05
118.8 3.687073938E-05 -4.09674882E-05
119 4.098898216E-05 -4.098898216E-05
119.2 4.511154856E-05 -5.126312336E-05
119.4 4.923844538E-05 -4.103203782E-05
119.6 5.336967945E-05 -2.772405967E-21
119.8 5.750525762E-05 -1.0268796E-05
120 6.164518674E-05 -3.082259337E-05
120.2 6.167763158E-05 -3.083881579E-05
120.4 6.171011058E-05 -4.114007372E-05
120.6 6.174262381E-05 -1.02904373E-05
120.8 6.177517132E-05 1.029586189E-05
121 6.180775316E-05 -2.060258439E-05
121.2 6.184036939E-05 -3.09201847E-05
121.4 6.187302006E-05 -2.062434002E-05
121.6 6.190570523E-05 1.031761754E-05
121.8 6.193842495E-05 2.064614165E-05
122 6.197117927E-05 3.098558964E-05
122.2 6.200396825E-05 1.033399471E-05
122.4 6.203679195E-05 -1.033946533E-05
122.6 6.206965042E-05 3.103482521E-05
122.8 6.210254372E-05 4.140169581E-05
123 6.21354719E-05 3.106773595E-05
123.2 6.216843501E-05 3.108421751E-05
123.4 6.220143312E-05 2.073381104E-05
123.6 6.223446628E-05 2.074482209E-05
123.8 6.226753454E-05 -1.037792242E-05
124 6.230063796E-05 5.145025945E-22
124.2 5.817819149E-05 3.11668883E-05
124.4 5.820915381E-05 1.039449175E-05
124.6 5.824014909E-05 -2.080005325E-05
124.8 5.827117741E-05 -2.081113479E-05
125 5.830223881E-05 2.082222814E-05
125.2 5.833333333E-05 4.166666667E-05
125.4 5.836446105E-05 4.168890075E-05
125.6 5.8395622E-05 4.171115857E-05
125.8 5.842681624E-05 4.173344017E-05
126 5.428246927E-05 3.131680919E-05
126.2 5.848930481E-05 1.044451872E-05
126.4 6.270064205E-05 -5.346188176E-21
126.6 6.273420771E-05 4.182280514E-05
126.8 6.276780932E-05 5.230650777E-05
127 6.280144695E-05 2.093381565E-05
127.2 6.702412869E-05 4.189008043E-05
127.4 6.706008584E-05 3.152371188E-21
127.6 6.709608159E-05 -1.048376275E-05
127.8 6.7132116E-05 1.048939313E-05
128 7.136620097E-05 1.049502955E-05
128.2 7.560483871E-05 4.200268817E-05
128.4 8.405056482E-05 4.202528241E-05
128.6 8.409580194E-05 2.102395048E-05
128.8 8.834814216E-05 2.103527194E-05
129 9.260506466E-05 1.05233028E-05
129.2 9.265498652E-05 -3.158692722E-05
129.4 9.270496224E-05 -2.10693096E-05
129.6 9.275499191E-05 -1.054033999E-05
129.8 9.280507559E-05 3.163809395E-05
130 9.28552134E-05 4.220691518E-05
130.2 9.290540541E-05 3.16722973E-05
130.4 9.29556517E-05 5.28157112E-05
130.6 8.877840909E-05 5.284429113E-05
130.8 8.459664321E-05 9.517122361E-05
131 8.04103467E-05 9.522277898E-05
131.2 8.045392954E-05 6.351626016E-05
131.4 8.049755965E-05 2.118356833E-05
131.6 8.054123711E-05 -9.412498513E-21
131.8 8.0584962E-05 -3.180985342E-05
132 8.487235198E-05 -4.243617599E-05
132.2 9.341032609E-05 -5.307404891E-05
132.4 9.770935291E-05 -6.372349103E-05
132.6 0.0001020130577 -2.125272035E-05
132.8 0.000106321448 3.18964344E-05
133 0.0001106345316 4.255174292E-05
133.2 0.0001149523161 2.128746594E-05
133.4 0.0001150149945 3.19486096E-05
133.6 0.0001150777414 1.065534643E-05
133.8 0.0001108760917 -1.066116266E-05
134 0.0001152034407 5.318496947E-21
134.2 0.0001195355191 7.610234667E-21
134.4 0.0001238723346 -2.135729907E-05
134.6 0.000128213895 -1.379976934E-20
134.8 0.000132560208 -2.138067871E-05
135 0.0001326328039 -3.20885816E-05
135.2 0.0001327054795 -1.070205479E-05
135.4 0.0001327782346 -1.52168726E-20
135.6 0.0001328510697 2.142759188E-05
135.8 0.0001286361142 2.143935236E-05
136 0.0001244165294 5.362781439E-05
136.2 0.0001201923077 7.512019231E-05
136.4 0.0001159634415 6.442413414E-05
136.6 0.000111729923 2.148652365E-05
136.8 0.0001074917446 -2.149834893E-05
137 0.0001032488987 -1.075509361E-05
137.2 9.46969697E-05 -4.304407713E-05
137.4 9.04423925E-05 1.076695149E-05
137.6 8.18739658E-05 6.463734142E-05
137.8 7.760761589E-05 1.077883554E-05
138 7.333655439E-05 2.156957482E-05
138.2 7.337707182E-05 2.158149171E-05
138.4 6.478026534E-05 -2.159342178E-05
138.6 6.481609513E-05 -1.080268252E-05
138.8 6.485196458E-05 -1.080866076E-05
139 6.05620155E-05 3.650027247E-20
139.2 5.193905817E-05 3.246191136E-05
139.4 5.196784922E-05 4.330654102E-05
139.6 4.76636162E-05 4.333056018E-05
139.8 4.335460599E-05 2.1677303E-05
140 4.337867851E-05 3.253400888E-05
140.2 3.90625E-05 6.510416667E-05
140.4 3.039883268E-05 7.599708171E-05
140.6 3.041573971E-05 5.431382091E-05
140.8 2.60851419E-05 6.521285476E-05
141 1.739977728E-05 7.612402561E-05
141.2 1.305710306E-05 4.352367688E-05
141.4 8.709587514E-06 1.088698439E-05
141.6 8.714445064E-06 -9.931345649E-22
141.8 4.359654018E-06 -2.179827009E-05
142 4.362088219E-06 -1.090522055E-05
142.2 4.36452514E-06 1.091131285E-05
142.4 4.366964785E-06 1.087406803E-20
142.6 4.369407159E-06 2.184703579E-05
142.8 4.371852266E-06 2.185926133E-05
143 4.374300112E-06 4.490156726E-22
143.2 4.3767507E-06 1.094187675E-05
143.4 4.379204036E-06 1.094801009E-05
143.6 4.381660123E-06 2.546109901E-20
143.8 4.384118967E-06 -1.096029742E-05
144 4.386580573E-06 -1.096645143E-05
144.2 4.389044944E-06 1.097261236E-05
144.4 4.391512085E-06 4.391512085E-05
144.6 0 3.295486502E-05
144.8 0 4.396454699E-05
145 0 6.59839527E-05
145.2 0 1.100352113E-05
145.4 0 2.201944758E-05
145.6 0 3.304780034E-05
145.8 0 1.102215011E-05
146 0 2.20567476E-05
146.2 0 4.413841808E-05
146.4 0 3.312252685E-05
146.6 0 3.314126131E-05
146.8 0 4.421335597E-05
147 4.423839185E-06 -3.929158496E-21
147.2 8.852691218E-06 9.157612226E-21
147.4 8.857709751E-06 2.214427438E-05
147.6 8.862733976E-06 3.323525241E-05
147.8 8.867763905E-06 1.108470488E-05
148 1.330919932E-05 -2.218199886E-05
148.2 1.775568182E-05 -1.109730114E-05
148.4 2.220722001E-05 -1.110361001E-05
148.6 2.666382253E-05 1.110992605E-05
148.8 3.112549801E-05 1.111624929E-05
149 3.114322323E-05 1.112257973E-05
149.2 2.670940171E-05 2.225783476E-05
149.4 3.117873432E-05 -1.113526226E-05
149.6 3.119652025E-05 -2.770807606E-20
149.8 3.121432648E-05 2.229594749E-05
150 2.67704169E-05 -1.115434038E-05
150.2 2.232142857E-05 -5.580357143E-05
150.4 1.786735277E-05 -5.583547742E-05
150.6 1.787757437E-05 -1.117348398E-05
150.8 1.788780767E-05 -3.971891187E-21
151 1.342353952E-05 -4.474513173E-05
151.2 1.343123209E-05 -6.715616046E-05
151.4 8.959288991E-06 -6.719466743E-05
151.6 4.482214573E-06 -3.361660929E-05
151.8 0 3.3635907E-05
152 0 -1.195673849E-20
152.2 0 -2.244971264E-05
152.4 0 -2.24626222E-05
152.6 4.495109321E-06 -4.495109321E-05
152.8 8.995394358E-06 -2.24884859E-05
153 1.350086406E-05 -4.500288018E-05
153.2 1.801152738E-05 -5.628602305E-05
153.4 1.802191465E-05 -2.252739331E-05
153.6 1.803231391E-05 -4.003978017E-21
153.8 2.255340647E-05 1.127670323E-05
154 2.70797227E-05 2.256643559E-05
154.2 3.161127168E-05 -2.257947977E-05
154.4 3.614806246E-05 -3.388880856E-05
154.6 4.069010417E-05 -1.130280671E-05
154.8 4.523740591E-05 -1.607155508E-20
155 4.978997683E-05 1.688649673E-20
155.2 5.434782609E-05 -4.528985507E-05
155.4 5.437935035E-05 -6.797418794E-05
155.6 5.44109112E-05 -7.93492455E-05
155.8 4.990563298E-05 -4.536875726E-05
156 4.993463103E-05 1.134877978E-05
156.2 4.996366279E-05 2.271075581E-05
156.4 4.544793485E-05 -4.544793485E-05
156.6 5.002182771E-05 -3.410579162E-05
156.8 5.460104834E-05 -1.13752184E-05
157 5.463286713E-05 -5.69092366E-05
157.2 5.466472303E-05 -1.138848397E-05
157.4 5.013856476E-05 -1.139512835E-05
157.6 5.016783421E-05 -4.560712201E-05
157.8 5.019713785E-05 -3.422532126E-05
158 5.022647575E-05 -2.283021625E-05
158.2 5.025584795E-05 -6.853070175E-05
158.4 5.028525453E-05 -5.71423347E-05
158.6 5.488875878E-05 2.760142036E-20
158.8 5.949765671E-05 -3.432557118E-05
159 5.953253224E-05 -1.144856389E-05
159.2 5.956744868E-05 8.018695015E-05
159.4 5.96024061E-05 6.877200704E-05
159.6 5.963740458E-05 -2.29374633E-05
159.8 5.967244418E-05 -1.147547004E-05
160 5.970752499E-05 -4.592886537E-05
160.2 5.974264706E-05 -9.191176471E-05
160.4 5.977781048E-05 1.149573278E-05
160.6 6.441401649E-05 4.601001178E-05
160.8 5.984826164E-05 2.301856217E-05
161 5.988354953E-05 2.303213443E-05
161.2 5.991887906E-05 3.456858407E-05
161.4 5.99542503E-05 3.458899055E-05
161.6 5.998966332E-05 2.307294743E-05
161.8 6.00251182E-05 1.154329196E-05
162 6.006061502E-05 -3.465035482E-05
162.2 6.471893491E-05 -4.622781065E-05
162.4 6.475725281E-05 -1.156379515E-05
162.6 6.479561611E-05 1.157064573E-05
162.8 6.946502667E-05 2.315500889E-05
163 6.950622776E-05 -2.316874259E-05
163.2 6.954747774E-05 -3.477373887E-05
163.4 6.958877672E-05 1.159812945E-05
163.6 6.963012478E-05 3.481506239E-05
163.8 6.9671522E-05 2.322384067E-05
164 7.43604997E-05 -1.161882808E-05
164.2 7.44047619E-05 -9.503049597E-21
164.4 7.444907683E-05 1.163266825E-05
164.6 7.449344458E-05 -2.327920143E-05
164.8 7.453786524E-05 -2.329308289E-05
165 7.45823389E-05 -1.165349045E-05
165.2 7.462686567E-05 1.166044776E-05
165.4 7.467144564E-05 5.833706691E-05
165.6 7.47160789E-05 7.004632397E-05
165.8 7.476076555E-05 7.00882177E-05
166 7.480550569E-05 8.181852184E-05
166.2 7.48502994E-05 4.678143713E-05
166.4 7.489514679E-05 2.419356801E-21
166.6 7.494004796E-05 3.512814748E-05
166.8 7.4985003E-05 4.686562687E-05
167 7.5030012E-05 3.517031813E-05
167.2 7.507507508E-05 3.519144144E-05
167.4 7.512019231E-05 2.34750601E-05
167.6 7.51653638E-05 4.697835238E-05
167.8 7.521058965E-05 5.875827316E-05
168 7.525586996E-05 5.87936484E-05
168.2 7.530120482E-05 3.529743976E-05
168.4 7.534659433E-05 2.354581073E-05
168.6 7.068003619E-05 2.356001206E-05
168.8 6.60078455E-05 1.178711527E-05
169 6.133001208E-05 4.717693237E-05
169.2 6.136706949E-05 4.720543807E-05
169.4 5.668077388E-05 2.361698912E-05
169.6 5.198880823E-05 2.363127647E-05
169.8 4.729116223E-05 2.364558111E-05
170 4.258782556E-05 2.365990309E-05
170.2 3.787878788E-05 1.183712121E-05
170.4 3.316403881E-05 1.184429958E-05
170.6 3.318416262E-05 2.37029733E-05
170.8 3.320431087E-05 -1.185868245E-05
171 3.32244836E-05 -3.5597661E-05
171.2 3.324468085E-05 6.464467859E-21
171.4 3.801703163E-05 -2.376064477E-05
171.6 4.279519172E-05 -3.566265977E-05
171.8 4.757917174E-05 -3.568437881E-05
172 5.236898233E-05 -3.570612431E-05
172.2 5.716463415E-05 1.190929878E-05
172.4 5.71995119E-05 1.766580822E-21
172.6 6.200396825E-05 -3.577152015E-05
172.8 6.681429444E-05 -3.579337202E-05
173 6.685513447E-05 -3.581525061E-05
173.2 6.689602446E-05 1.079135082E-20
173.4 5.7374541E-05 5.976514688E-05
173.6 5.740967544E-05 9.568279241E-05
173.8 5.744485294E-05 7.180606618E-05
174 5.269006744E-05 -2.395003066E-05
174.2 4.792944785E-05 -2.396472393E-05
174.4 3.836709638E-05 2.007316239E-20
174.6 2.879299754E-05 1.199708231E-05
174.8 2.881069453E-05 1.816480575E-20
175 1.921894219E-05 -7.207103321E-05
175.2 1.442307692E-05 -2.403846154E-05
175.4 9.621305419E-06 3.607989532E-05
175.6 4.813616759E-06 1.512757738E-20
175.8 0 -1.204146116E-05
176 0 -4.81955583E-05
176.2 0 -6.02816358E-05
176.4 0 -2.406624277E-20
176.6 0 1.207122991E-05
176.8 4.831478046E-06 1.207869511E-05
177 9.668935644E-06 3.625850866E-05
177.2 1.93498452E-05 3.628095975E-05
177.4 2.420229244E-05 -2.420229244E-05
177.6 2.421729696E-05 -3.632594544E-05
177.8 2.907878412E-05 4.84646402E-05
178 3.394630664E-05 0.0001091131285
178.2 3.881987578E-05 4.852484472E-05
178.4 4.36995028E-05 -3.641625233E-05
178.6 4.8585199E-05 -3.643889925E-05
178.8 4.861543248E-05 1.215385812E-05
179 4.864570361E-05 3.648427771E-05
179.2 4.867601246E-05 1.216900312E-05
179.4 4.87063591E-05 -2.609078479E-20
179.6 4.873674361E-05 -4.873674361E-05
179.8 5.364388265E-05 -6.095895755E-05
180 5.367738913E-05 -7.319643973E-05
180.2 4.8828125E-05 -3.662109375E-05
180.4 4.39727955E-05 3.664399625E-05
180.6 3.911138924E-05 -6.111154568E-05
180.8 3.913587977E-05 -8.560973701E-05
181 4.405545113E-05 -4.895050125E-05
181.2 4.40830721E-05 -3.673589342E-05
181.4 3.920953576E-05 -4.90119197E-05
181.6 3.92341494E-05 -7.356403013E-05
181.8 3.925879397E-05 -3.680511935E-05
182 4.419390321E-05 1.227608422E-05
182.2 3.93081761E-05 1.228380503E-05
182.4 3.933291378E-05 -2.458307111E-05
182.6 3.935768262E-05 -4.919710327E-05
182.8 3.445967234E-05 -6.153512917E-05
183 2.95554855E-05 -1.231478562E-05
183.2 2.464511041E-05 2.464511041E-05
183.4 1.972853535E-05 2.466066919E-05
183.6 1.480574858E-05 1.910462071E-20
183.8 9.876738306E-06 1.502755292E-21
184 4.941492726E-06 2.470746363E-05
184.2 4.944620253E-06 1.236155063E-05
184.4 4.947751742E-06 1.236937935E-05
184.6 4.950887199E-06 -3.713165399E-05
184.8 4.954026633E-06 -1.238506658E-05
185 4.957170051E-06 4.957170051E-05
185.2 4.96031746E-06 2.48015873E-05
185.4 9.926937738E-06 2.175076532E-20
185.6 4.966624285E-06 -5.617602062E-21
185.8 4.969783715E-06 3.727337786E-05
186 9.945894335E-06 6.216183959E-05
186.2 9.952229299E-06 4.97611465E-05
186.4 9.958572339E-06 4.97928617E-05
186.6 9.964923469E-06 4.982461735E-05
186.8 9.971282706E-06 2.492820676E-05
187 9.977650064E-06 3.741618774E-05
187.2 9.984025559E-06 1.248003195E-05
187.4 9.990409207E-06 -1.248801151E-05
187.6 9.996801024E-06 3.98955893E-20
187.8 1.000320102E-05 1.250400128E-05
188 5.004804612E-06 -2.502402306E-05
188.2 1.001602564E-05 -2.50400641E-05
188.4 5.011225144E-06 1.252806286E-05
188.6 5.014441592E-06 -5.014441592E-05
188.8 5.017662171E-06 -2.508831085E-05
189 5.020886889E-06 6.276108612E-05
189.2 5.024115756E-06 5.33019517E-21
189.4 5.027348777E-06 -5.027348777E-05
189.6 5.030585963E-06 -3.772939472E-05
189.8 5.03382732E-06 -5.03382732E-05
190 5.037072856E-06 -5.037072856E-05
190.2 5.040322581E-06 -5.040322581E-05
190.4 5.043576501E-06 7.874083745E-21
190.6 5.046834625E-06 1.206487253E-20
190.8 5.050096962E-06 -7.575145443E-05
191 5.053363519E-06 -5.053363519E-05
191.2 5.056634304E-06 -2.528317152E-05
191.4 5.059909326E-06 -7.58986399E-05
191.6 5.063188594E-06 -6.328985742E-05
191.8 5.066472114E-06 -6.333090143E-05
192 5.069759896E-06 -8.872079818E-05
192.2 5.073051948E-06 -1.268262987E-05
192.4 5.076348278E-06 -0
192.6 5.079648895E-06 -7.619473342E-05
192.8 5.082953806E-06 -5.082953806E-05
193 5.086263021E-06 6.776263578E-20
193.2 5.089576547E-06 1.272394137E-05
193.4 0 2.546447197E-05
193.6 0 2.548108284E-05
193.8 0 6.793956172E-21
194 5.102873939E-06 -1.275718485E-05
194.2 5.10620915E-06 -1.276552288E-05
194.4 5.109548725E-06 -2.554774362E-05
194.6 5.11289267E-06 3.223805516E-20
194.8 5.116240995E-06 -1.279060249E-05
195 5.119593709E-06 -2.559796855E-05
195.2 5.12295082E-06 -2.56147541E-05
195.4 1.025262467E-05 -1.281578084E-05
195.6 1.025935653E-05 -2.564839133E-05
195.8 1.539914586E-05 -5.13304862E-05
196 2.054569362E-05 -2.568211703E-05
196.2 2.569901316E-05 -3.854851974E-05
196.4 3.085911784E-05 -3.85738973E-05
196.6 3.087944664E-05 -3.85993083E-05
196.8 3.604976928E-05 -2.57498352E-05
197 3.09201847E-05 -1.288341029E-05
197.2 3.094059406E-05 -3.867574257E-05
197.4 3.096103038E-05 -2.580085865E-05
197.6 3.098149372E-05 -1.290895572E-05
197.8 3.616898148E-05 -3.931343636E-20
198 3.61929186E-05 -1.292604236E-05
198.2 3.621688742E-05 -1.293460265E-05
198.4 3.106361829E-05 -1.149584808E-20
198.6 3.108421751E-05 -1.295175729E-05
198.8 3.110484406E-05 4.433164869E-21
199 3.112549801E-05 -5.326963729E-21
199.2 3.11461794E-05 3.893272425E-05
199.4 2.597240691E-05 1.694851456E-22
199.6 2.598968729E-05 1.585562569E-21
199.8 2.600699068E-05 2.600699068E-05
200 2.602431712E-05 1.301215856E-05
200.2 2.604166667E-05 5.208333333E-05
200.4 2.605903936E-05 2.605903936E-05
200.6 2.607643525E-05 5.215287049E-05
200.8 2.609385438E-05 6.523463594E-05
201 2.611129679E-05 3.916694519E-05
201.2 2.090301003E-05 3.919314381E-05
201.4 2.091700134E-05 5.229250335E-05
201.6 2.093101139E-05 5.232752847E-05
201.8 1.570878016E-05 5.236260054E-05
202 1.57193159E-05 1.309942991E-05
202.2 1.572986577E-05 -4.446709892E-20
202.4 2.098723976E-05 3.935107455E-05
202.6 2.625168011E-05 3.937752016E-05
202.8 2.626933423E-05 9.19426698E-05
203 2.628701211E-05 5.257402423E-05
203.2 2.63047138E-05 -2.63047138E-05
203.4 2.632243935E-05 -3.948365903E-05
203.6 2.634018881E-05 -3.951028321E-05
203.8 2.635796221E-05 -1.317898111E-05
204 2.637575962E-05 -1.318787981E-05
204.2 2.111486486E-05 -2.639358108E-05
204.4 2.112914131E-05 -2.641142664E-05
204.6 1.585757781E-05 -2.642929635E-05
204.8 1.05788761E-05 2.644719025E-05
205 5.29302168E-06 1.32325542E-05
205.2 0 5.554841993E-20
205.4 0 2.650101764E-05
205.6 0 2.651900883E-05
205.8 0 3.980553668E-05
206 0 2.655506458E-05
206.2 0 1.328656463E-05
206.4 0 3.988682777E-05
206.6 0 5.321866485E-05
206.8 0 2.662747103E-05
207 0 2.664563438E-05
207.2 0 -6.350686923E-21
207.4 0 4.002305328E-05
207.6 0 6.675068353E-05
207.8 0 4.007780438E-05
208 0 1.336841205E-05
208.2 0 5.351027397E-05
208.4 0 6.693368746E-05
208.6 0 1.339591907E-05
208.8 0 2.681022649E-05
209 0 2.682864011E-05
209.2 0 1.342353952E-05
209.4 0 2.686554333E-05
209.6 0 5.376806607E-05
209.8 0 1.34512741E-05
210 0 -1.346054445E-05
210.2 0 -1.070782122E-20
210.4 0 -2.695824707E-05
210.6 0 -1.348843232E-05
210.8 0 -1.219681785E-21
211 0 -5.402835408E-05
211.2 0 -4.054930796E-05
211.4 0 1.837602517E-20
211.6 0 -2.707033957E-05
211.8 5.417822469E-06 -2.708911234E-05
212 1.084316447E-05 1.355395559E-05
212.2 1.085069444E-05 2.712673611E-05
212.4 5.429117443E-06 4.071838082E-05
212.6 0 4.07466968E-05
212.8 0 1.359168406E-05
213 0 -1.360114903E-05
213.2 0 -2.722125436E-05
213.4 0 -1.362011855E-05
213.6 0 -1.362962317E-05
213.8 0 1.363914106E-05
214 0 5.459468903E-05
214.2 0 4.097465035E-05
214.4 0 1.366777467E-05
214.6 0 1.367734594E-05
214.8 0 1.368693062E-05
215 0 4.108958626E-05
215.2 0 5.48245614E-05
215.4 0 2.74315309E-05
215.6 5.49016163E-06 5.49016163E-05
215.8 1.098804501E-05 4.120516878E-05
216 1.649366643E-05 1.374472203E-05
216.2 2.200704225E-05 3.651008344E-20
216.4 2.752818887E-05 2.752818887E-05
216.6 3.305712271E-05 1.377380113E-05
216.8 3.859386027E-05 2.448445273E-21
217 3.862111582E-05 2.75865113E-05
217.2 3.864840989E-05 2.760600707E-05
217.4 3.867574257E-05 5.525106082E-05
217.6 3.870311394E-05 5.529016277E-05
217.8 3.873052408E-05 2.766466006E-05
218 3.875797307E-05 2.768426648E-05
218.2 3.878546099E-05 4.155585106E-05
218.4 4.43577005E-05 1.386178141E-05
218.6 4.438920455E-05 -2.774325284E-05
218.8 4.442075338E-05 -4.164445629E-05
219 4.445234708E-05 -9.723950925E-05
219.2 4.448398577E-05 -8.340747331E-05
219.4 4.451566952E-05 2.660816848E-20
219.6 4.454739843E-05 -1.392106201E-05
219.8 4.457917261E-05 -5.572396576E-05
220 5.018736617E-05 -2.788187009E-05
220.2 5.022321429E-05 2.790178571E-05
220.4 5.025911365E-05 2.792172981E-05
220.6 5.588340486E-05 -2.595263526E-22
220.8 6.151574803E-05 -4.194255548E-05
221 6.715616046E-05 -2.798173352E-05
221.2 7.28046595E-05 8.900430073E-21
221.4 7.846126255E-05 -1.401093974E-05
221.6 8.412598708E-05 -2.804199569E-05
221.8 8.418642241E-05 -1.40310704E-05
222 8.986340762E-05 1.404115744E-05
222.2 9.554856115E-05 2.810251799E-05
222.4 0.0001012419006 1.406137509E-05
222.6 0.0001069434438 1.407150576E-05
222.8 0.0001126532084 1.408165105E-05
223 0.0001183712121 -4.22754329E-05
223.2 0.0001297382671 -4.230595668E-05
223.4 0.0001354768786 2.822434971E-05
223.6 0.0001299258858 1.638990279E-20
223.8 0.0001356729378 -2.826519537E-05
224 0.0001470854453 -1.414283128E-05
224.2 0.0001528532609 -1.415307971E-05
224.4 0.0001529641044 -2.054058914E-20
224.6 0.0001530751089 2.834724238E-05
224.8 0.0001588598402 -1.826911098E-20
225 0.0001589752907 -5.677688953E-05
225.2 0.0001590909091 -4.261363636E-05
225.4 0.0001592066958 -4.264465066E-05
225.6 0.0001650127458 -4.267571012E-05
225.8 0.0001708272595 -4.270681487E-05
226 0.0001823486506 -7.122994165E-05
226.2 0.0001938868613 -8.553832117E-05
226.4 0.0001997352082 -5.706720234E-05
226.6 0.0001941703216 -1.427722953E-05
226.8 0.0001828822238 -2.857534748E-05
227 0.0001772968521 -5.719253294E-05
227.2 0.0001717032967 -2.861721612E-05
227.4 0.0001718291789 4.324090776E-20
227.6 0.0001604915627 1.432960382E-05
227.8 0.0001606093979 2.868024963E-05
228 0.0001664676708 -1.435066128E-05
228.2 0.0001665900735 -7.180606618E-05
228.4 0.0001667126564 -0.000100602465
228.6 0.0001668354197 -5.752945508E-05
228.8 0.0001554439941 -1.439296242E-05
229 0.000144035767 -4.321073009E-05
229.2 0.0001383763838 -4.324261993E-05
229.4 0.000138478582 -2.884970458E-05
229.6 0.0001385809313 -1.443551367E-05
229.8 0.000138683432 -1.444619083E-05
230 0.0001445688379 -2.891376758E-05
230.2 0.000150462963 4.340277778E-05
230.4 0.0001505744996 7.239158636E-05
230.6 0.0001506862018 5.795623145E-05
230.8 0.0001391982183 5.799925761E-05
231 0.0001334973997 1.451058692E-05
231.2 0.0001277881041 -1.452137546E-05
231.4 0.0001220703125 -2.906436012E-05
231.6 0.0001105268057 3.17309331E-20
231.8 9.896609538E-05 1.455383756E-05
232 9.321401939E-05 4.369407159E-05
232.2 8.745335821E-05 0.0001166044776
232.4 8.168409261E-05 0.0001166915609
232.6 8.1745142E-05 8.758408072E-05
232.8 8.180628272E-05 2.921652954E-05
233 8.186751497E-05 -1.46191991E-05
233.2 8.192883895E-05 -1.463014981E-05
233.4 8.199025487E-05 2.12863124E-20
233.6 8.205176294E-05 -1.879444796E-20
233.8 8.211336336E-05 -2.93262012E-05
234 8.217505635E-05 -4.402235162E-05
234.2 8.223684211E-05 -5.87406015E-05
234.4 8.229872084E-05 -8.81772009E-05
234.6 8.236069277E-05 -0.000102950866
234.8 8.24227581E-05 -5.887339864E-05
235 8.248491704E-05 -1.472944947E-05
235.2 8.844339623E-05 2.948113208E-05
235.4 9.441087613E-05 -1.47516994E-05
235.6 0.0001003873772 -5.905139834E-05
235.8 0.0001063729198 -5.909606657E-05
236 0.0001123675246 -0.0001034964042
236.2 0.0001183712121 -8.877840909E-05
236.4 0.000124384003 -4.442285823E-05
236.6 0.0001244783763 -4.445656297E-05
236.8 0.000136436978 -4.449031891E-05
237 0.0001365406535 -1.484137538E-05
237.2 0.0001366444867 5.211496747E-21
237.4 0.0001367484779 -2.941978657E-20
237.6 0.0001368526276 -1.487528561E-05
237.8 0.0001310022866 3.893436603E-20
238 0.0001311022121 2.979595728E-05
238.2 0.0001312022901 1.490935115E-05
238.4 0.000131302521 -8.46472338E-21
238.6 0.0001314029052 2.986429664E-05
238.8 0.000131503443 4.48307192E-05
239 0.0001316041348 4.486504594E-05
239.2 0.0001317049808 4.957437337E-21
239.4 0.0001318059816 -7.488976227E-05
239.6 0.0001319071374 -1.498944743E-05
239.8 0.0001320084485 3.000192012E-05
240 0.0001321099154 3.002498078E-05
240.2 0.0001322115385 3.004807692E-05
240.4 0.0001323133179 -1.068343942E-20
240.6 0.000126396379 1.392184638E-20
240.8 0.0001325173477 1.505878951E-05
241 0.0001326195988 1.507040895E-05
241.2 0.0001327220077 -1.508204633E-05
241.4 0.000132824575 -2.14494402E-20
241.6 0.0001329273009 -1.51053751E-05
241.8 0.0001209365325 -4.535119969E-05
242 0.0001210302091 -4.538632843E-05
242.2 0.0001271802326 -3.028100775E-05
242.4 0.0001272788984 1.515224981E-05
242.6 0.0001273777174 -3.108451324E-20
242.8 0.00012747669 -4.552738928E-05
243 0.0001275758165 -6.07503888E-05
243.2 0.0001276750973 -4.559824903E-05
243.4 0.0001216900312 -1.521125389E-05
243.6 0.0001156956352 1.52231099E-05
243.8 0.0001035978939 6.09399376E-05
244 9.758001561E-05 -1.524687744E-05
244.2 0.0001037597656 -7.629394531E-05
244.4 0.0001038408913 -6.108287725E-05
244.6 9.780907668E-05 -7.641334116E-05
244.8 9.176781519E-05 -5.162058895E-20
245 8.571708464E-05 1.530662226E-05
245.2 7.965686275E-05 -1.531862745E-05
245.4 7.358712716E-05 1.533065149E-05
245.6 6.137077769E-05 -3.725093788E-20
245.8 4.913522013E-05 3.070951258E-05
246 3.688040913E-05 1.536683714E-05
246.2 3.075787402E-05 -1.537893701E-05
246.4 2.462568952E-05 1.539105595E-05
246.6 1.848383281E-05 1.540319401E-05
246.8 1.233228098E-05 -3.083070245E-05
247 6.171011058E-06 -3.085505529E-05
247.2 0 1.543972332E-05
247.4 0 1.545193829E-05
247.6 0 4.639251781E-05
247.8 0 1.547642631E-05
248 0 6.195479778E-05
248.2 0 6.200396825E-05
248.4 0 -1.551330421E-05
248.6 0 -3.309488348E-20
248.8 0 -3.312121195E-20
249 0 -6.220143312E-05
249.2 0 -1.5562749E-05
249.4 0 3.115031898E-05
249.6 0 -4.676276935E-05
249.8 0 -4.680011981E-05
250 0 -3.296406256E-20
250.2 0 -3.125E-05
250.4 0 -6.255004003E-05
250.6 0 -1.565004006E-05
250.8 0 -7.891289857E-21
251 0 1.567516051E-05
251.2 0 4.706325301E-05
251.4 6.280144695E-06 3.140072347E-05
251.6 1.885559131E-05 1.571299276E-05
251.8 2.51610306E-05 1.572564412E-05
252 3.147663175E-05 -3.147663175E-05
252.2 3.780241935E-05 -3.150201613E-05
252.4 4.413841808E-05 -5.438420284E-20
252.6 5.048465267E-05 -1.577645396E-05
252.8 5.684114794E-05 -1.578920776E-05
253 6.32079288E-05 1.58019822E-05
253.2 6.958502024E-05 2.514798685E-20
253.4 7.597244733E-05 -1.582759319E-05
253.6 7.603406326E-05 3.168085969E-05
253.8 7.609577922E-05 1.585328734E-05
254 7.615759545E-05 -1.586616572E-05
254.2 7.62195122E-05 1.587906504E-05
254.4 7.62815297E-05 3.178397071E-05
254.6 7.634364821E-05 3.180985342E-05
254.8 7.640586797E-05 1.591788916E-05
255 7.646818923E-05 -2.302104231E-22
255.2 7.653061224E-05 4.783163265E-05
255.4 7.021037582E-05 4.787071078E-05
255.6 7.026778414E-05 3.197357018E-21
255.8 7.671849427E-05 6.393207856E-05
256 7.678132678E-05 9.597665848E-05
256.2 7.68442623E-05 1.600922131E-05
256.4 7.690730107E-05 4.806706317E-05
256.6 7.697044335E-05 9.621305419E-05
256.8 7.70336894E-05 9.629211175E-05
257 7.709703947E-05 8.030941612E-05
257.2 7.716049383E-05 3.215020576E-05
257.4 7.722405272E-05 4.826503295E-05
257.6 8.372835944E-05 3.220321517E-05
257.8 8.379744224E-05 1.611489274E-05
258 8.386663914E-05 3.225639967E-05
258.2 8.393595041E-05 -1.614152893E-05
258.4 8.400537634E-05 1.615488007E-05
258.6 7.114031457E-05 9.700951987E-05
258.8 6.472659486E-05 -3.236329743E-05
259 7.125829187E-05 -1.619506633E-05
259.2 7.131742739E-05 1.620850622E-05
259.4 7.137666113E-05 -6.488787375E-05
259.6 7.143599335E-05 8.117726517E-05
259.8 7.149542429E-05 -1.624896007E-05
260 7.15549542E-05 -4.878746878E-05
260.2 6.510416667E-05 8.138020833E-05
260.4 5.864261885E-05 -3.257923269E-05
260.6 5.217028381E-05 -9.781928214E-05
260.8 5.2213868E-05 -4.895050125E-05
261 5.225752508E-05 -3.425595953E-22
261.2 4.576359833E-05 -1.634414226E-05
261.4 3.925879397E-05 -6.543132328E-05
261.6 3.274308466E-05 -3.274308466E-05
261.8 1.966233221E-05 9.831166107E-05
262 6.55961377E-06 0.0001311922754
262.2 0 9.847689076E-05
262.4 6.570647603E-06 6.570647603E-05
262.6 6.576178451E-06 3.288089226E-05
262.8 6.581718618E-06 8.010632238E-21
263 1.317453626E-05 -3.293634064E-05
263.2 1.318565401E-05 1.648206751E-05
263.4 1.979518581E-05 6.59839527E-05
263.6 2.64158918E-05 8.254966188E-05
263.8 3.304780034E-05 4.957170051E-05
264 4.630609653E-05 1.653789162E-05
264.2 5.296610169E-05 1.655190678E-05
264.4 5.963740458E-05 1.656594572E-05
264.6 6.632003396E-05 -3.985975631E-20
264.8 6.637638063E-05 3.318819031E-05
265 6.643282313E-05 4.982461735E-05
265.2 7.313829787E-05 4.986702128E-05
265.4 7.320059625E-05 3.32729983E-05
265.6 7.992327366E-05 -6.660272805E-05
265.8 9.332337884E-05 -2.075866761E-20
266 0.0001000747225 5.003736123E-05
266.2 9.348290598E-05 -1.739994088E-20
266.4 9.356287425E-05 -1.670765612E-05
266.6 0.0001003317637 -2.313752391E-20
266.8 0.0001004177378 1.673628963E-05
267 0.0001072041166 3.350128645E-05
267.2 0.0001072961373 1.676502146E-05
267.4 0.0001141000859 3.35588488E-05
267.6 0.0001209157352 3.358770421E-05
267.8 0.0001210197935 -3.361660929E-05
268 0.000121124031 -3.364556417E-05
268.2 0.0001279633621 -1.683728448E-05
268.4 0.0001280737705 8.425905953E-05
268.6 0.0001281843696 6.746545769E-05
268.8 0.0001282951599 3.376188418E-05
269 0.0001284061419 6.758217993E-05
269.2 0.000128517316 1.691017316E-05
269.4 0.0001353986135 -1.692482669E-05
269.6 0.0001355160451 -3.356045117E-20
269.8 0.0001356336806 -3.352897021E-20
270 0.0001357515204 -5.090682016E-05
270.2 0.0001358695652 -3.39673913E-05
270.4 0.0001291884247 -1.699847694E-05
270.6 0.0001293009582 -6.805313589E-05
270.8 0.0001362249346 -0.000102168701
271 0.0001295266143 -5.11289267E-05
271.2 0.0001364628821 -8.528930131E-05
271.4 0.0001365821678 -0.0001365821678
271.6 0.0001435367454 -0.0001025262467
271.8 0.0001505035026 -5.130801226E-05
272 0.0001437883436 5.135297984E-05
272.2 0.0001439144737 5.139802632E-05
272.4 0.0001371817384 -8.156035987E-20
272.6 0.0001304371705 -3.432557118E-05
272.8 0.0001305518909 -5.576975663E-20
273 0.000116912412 1.719300176E-05
273.2 0.0001238986784 -1.720814978E-05
273.4 0.0001240079365 -3.444664903E-05
273.6 0.0001241173875 -6.895410415E-05
273.8 0.0001242270318 -6.901501767E-05
274 0.00012433687 1.726900973E-05
274.2 0.0001244469027 6.913716814E-05
274.4 0.0001314769708 6.919840567E-05
274.6 0.0001246675532 8.657468972E-05
274.8 0.0001317102928 1.733030169E-05
275 0.0001387655417 5.203707815E-05
275.2 0.0001388888889 6.944444444E-05
275.4 0.0001390124555 3.475311388E-05
275.6 0.0001391362422 5.217609083E-05
275.8 0.0001392602496 1.740753119E-05
276 0.0001393844781 3.484611954E-05
276.2 0.000146484375 0.0001046316964
276.4 0.0001396336014 0.0001047252011
276.6 0.0001467464222 3.493962433E-05
276.8 0.0001468777977 -1.74854521E-05
277 0.0001470094086 -1.032020516E-20
277.2 0.0001471412556 1.49887073E-21
277.4 0.0001472733393 -3.566547304E-20
277.6 0.0001474056604 5.264487871E-05
277.8 0.0001475382194 -1.756407374E-05
278 0.0001476710171 -3.515976598E-05
278.2 0.0001478040541 3.519144144E-05
278.4 0.0001479373309 1.761158702E-05
278.6 0.0001480708484 -7.05099278E-05
278.8 0.000148204607 -8.8217028E-05
279 0.0001483386076 2.964543596E-20
279.2 0.0001484728507 -1.767533937E-05
279.4 0.000148607337 -1.769134964E-05
279.6 0.0001416591115 5.312216682E-05
279.8 0.0001346982759 2.173125055E-21
280 0.0001277247956 -1.773955495E-05
280.2 0.0001207386364 5.326704545E-05
280.4 0.0001137397634 8.885919017E-05
280.6 0.0001067281421 3.557604736E-05
280.8 9.970373747E-05 -1.780423883E-05
281 9.26665146E-05 3.564096715E-05
281.2 8.561643836E-05 5.351027397E-05
281.4 7.855347349E-05 3.570612431E-05
281.6 7.147758463E-05 7.147758463E-05
281.8 6.438873626E-05 5.365728022E-05
282 6.444775435E-05 1.790215399E-05
282.2 6.450688073E-05 3.583715596E-05
282.4 6.45661157E-05 -7.621820072E-21
282.6 6.462545956E-05 -3.590303309E-05
282.8 6.46849126E-05 1.796803128E-05
283 6.474447514E-05 3.596915285E-05
283.2 6.480414747E-05 -3.600230415E-05
283.4 6.486392989E-05 -7.207103321E-05
283.6 7.213758079E-05 -1.80343952E-05
283.8 7.220425139E-05 -9.065679439E-21
284 7.949814986E-05 -9.033880666E-05
284.2 7.957175926E-05 -3.616898148E-05
284.4 7.96455051E-05 3.620250232E-05
284.6 7.971938776E-05 3.623608534E-05
284.8 7.979340761E-05 7.253946147E-05
285 7.986756506E-05 5.445515799E-05
285.2 7.994186047E-05 -1.793426928E-20
285.4 8.001629423E-05 1.818552142E-05
285.6 8.009086673E-05 3.640493942E-05
285.8 8.016557836E-05 3.643889925E-05
286 7.2945845E-05 1.823646125E-05
286.2 7.301401869E-05 1.825350467E-05
286.4 6.577408793E-05 7.308231993E-05
286.6 5.852059925E-05 1.828768727E-05
286.8 5.125351453E-05 7.321930647E-05
287 4.39727955E-05 0.0001282539869
287.2 3.667840376E-05 3.667840376E-05
287.4 2.937030075E-05 1.835643797E-05
287.6 2.204844779E-05 -1.347042446E-20
287.8 1.471280603E-05 3.668856852E-21
288 7.363336475E-06 9.201126663E-21
288.2 7.370283019E-06 2.091920199E-20
288.4 0 7.377242682E-05
288.6 0 5.538161626E-05
288.8 0 3.695600757E-05
289 0 5.548650568E-05
289.2 0 -1.851303318E-05
289.4 0 -1.853059772E-05
289.6 0 7.419278253E-05
289.8 0 9.282913498E-05
290 0 5.575047574E-05
290.2 0 3.720238095E-05
290.4 0 1.861892278E-05
290.6 0 -1.863668893E-05
290.8 7.461795606E-06 5.596346705E-05
291 0 9.336161568E-05
291.2 7.476076555E-06 3.738038278E-05
291.4 7.483237548E-06 5.612428161E-05
291.6 7.490412272E-06 5.617809204E-05
291.8 7.497600768E-06 7.497600768E-05
292 0 7.504803074E-05
292.2 0 3.756009615E-05
292.4 0 3.759624639E-05
292.6 0 -1.881623314E-05
292.8 0 -5.650313404E-05
293 0 -1.885255792E-05
293.2 0 -3.774154589E-05
293.4 0 -5.666706963E-05
293.6 0 5.672192643E-05
293.8 0 0.0001324794089
294 0 9.47199321E-05
294.2 0 7.584951456E-05
294.4 0 1.898080661E-05
294.6 0 5.699781128E-05
294.8 0 0.0001141066212
295 0 9.518153021E-05
295.2 0 7.62195122E-05
295.4 0 1.907348633E-05
295.6 0 -6.420023638E-21
295.8 0 1.911081213E-05
296 0 1.912952987E-05
296.2 0 3.829656863E-05
296.4 0 7.666830226E-05
296.6 0 5.75577112E-05
296.8 0 3.840953786E-05
297 0 7.689468504E-05
297.2 0 -1.924261084E-05
297.4 0 -9.630793886E-05
297.6 0 5.784180652E-05
297.8 0 3.85993083E-05
298 0 7.727497527E-05
298.2 0 0.0001547029703
298.4 0 5.807111001E-05
298.6 0 5.812872024E-05
298.8 0 0.0001163728898
299 0 0.00013590333
299.2 0 0.0001360385572
299.4 0 0.0001167206175
299.6 0 0.000116836989
299.8 0 0.0001754303892
300 0 0.0001365821678
300.2 0 0.0001171875
300.4 0 9.7754004E-05
300.6 0 5.871117234E-05
300.8 0 7.836008024E-05
301 0 7.843875502E-05
301.2 0 7.851758794E-05
301.4 0 7.859657948E-05
301.6 0 9.834466264E-05
301.8 0 7.875504032E-05
302 0 5.912588295E-05
302.2 0 5.918560606E-05
302.4 0 7.899393327E-05
302.6 0 0.0001581477733
302.8 0 0.0001583080041
303 0 9.90428499E-05
303.2 0 9.914340102E-05
303.4 0 9.92441565E-05
303.6 0 7.947609359E-05
303.8 0 7.955702648E-05
304 0 7.963812436E-05
304.2 0 0.0001594387755
304.4 0 0.0001596016343
304.6 0 9.985301636E-05
304.8 0 9.995522006E-05
305 0 2.001152664E-05
305.2 0 -2.003205128E-05
305.4 0 2.005261807E-05
305.6 0 -2.390982909E-20
305.8 0 -4.01877572E-05
306 0 -4.022914521E-05
306.2 0 -2.013530928E-05
306.4 0 6.046826625E-05
306.6 0 8.070764463E-05
306.8 0 2.019777663E-05
307 0 -9.454652666E-20
307.2 0 -1.94653061E-20
307.4 0 1.598214701E-20
307.6 0 4.056334372E-05
307.8 8.121101871E-06 2.030275468E-05
308 1.62591051E-05 -2.032388137E-05
308.2 1.627604167E-05 1.33397193E-20
308.4 1.629301356E-05 -4.073253389E-05
308.6 1.631002088E-05 -8.155010438E-05
308.8 1.632706374E-05 -2.653984465E-20
309 8.17207113E-06 4.086035565E-05
309.2 0 3.030429426E-20
309.4 0 -8.189203354E-05
309.6 8.197796432E-06 -0.0001024724554
309.8 8.206407563E-06 -4.103203782E-05
310 8.215036803E-06 -8.215036803E-05
310.2 8.223684211E-06 -8.223684211E-05
310.4 8.232349842E-06 -4.116174921E-05
310.6 0 -4.120516878E-05
310.8 0 -8.249736008E-05
311 0 -6.193842495E-05
311.2 0 -4.133597884E-05
311.4 0 -2.068988347E-05
311.6 0 -4.142364793E-05
311.8 0 -6.220143312E-05
312 0 4.151168969E-05
312.2 0 6.23337766E-05
312.4 0 -1.787003567E-20
312.6 0 -6.246668443E-05
312.8 0 -4.168890075E-05
313 0 -8.230469848E-37
313.2 0 2.088903743E-05
313.4 0 4.182280514E-05
313.6 0 4.728104981E-20
313.8 0 -4.191255365E-05
314 0 -4.19575725E-05
314.2 0 -2.100134409E-05
314.4 0 -2.102395048E-05
314.6 0 -4.209321121E-05
314.8 0 -6.32079288E-05
315 8.436825054E-06 -0.0001265523758
315.2 1.689189189E-05 -0.0002111486486
315.4 1.691017316E-05 -0.0001691017316
315.6 1.692849404E-05 -0.0001058030878
315.8 1.694685466E-05 -0.0001482849783
316 1.696525516E-05 -0.0001484459826
316.2 1.698369565E-05 -4.245923913E-05
316.4 1.700217628E-05 -6.375816104E-05
316.6 1.702069717E-05 -0.0001276552288
316.8 1.703925845E-05 -8.519629226E-05
317 1.705786026E-05 -0.0001705786026
317.2 1.707650273E-05 -0.0002348019126
317.4 1.7095186E-05 -0.0001495828775
317.6 1.711391019E-05 -0.0001283543264
317.8 1.713267544E-05 -0.0001713267544
318 2.572722283E-05 -0.0001500754665
318.2 3.434065934E-05 -0.0001287774725
318.4 3.437843784E-05 -0.0001074326183
318.6 3.441629956E-05 -8.60407489E-05
318.8 4.306780595E-05 -4.306780595E-05
319 5.17384106E-05 -4.311534216E-05
319.2 6.04281768E-05 -0.0001079074586
319.4 6.913716814E-05 -6.481609513E-05
319.6 7.78654485E-05 -4.32585825E-05
319.8 8.661308204E-05 -0.0001082663525
320 9.538013319E-05 -8.670921199E-05
320.2 0.0001041666667 -8.680555556E-05
320.4 0.0001129727475 -6.517658509E-05
320.6 0.000121798441 -2.17497216E-05
320.8 0.0001306438127 -6.532190635E-05
321 0.0001307896205 -4.359654018E-05
321.2 0.0001309357542 -6.546787709E-05
321.4 0.0001398210291 -0.000109235179
321.6 0.0001487262038 -4.374300112E-05
321.8 0.0001576513453 -2.189602018E-05
322 0.0001665965208 2.192059484E-05
322.2 0.0001843398876 2.194522472E-05
322.4 0.0002021231721 -6.590973003E-05
322.6 0.000219946509 -8.79786036E-05
322.8 0.0002378100338 -8.80777903E-05
323 0.0002557138826 -6.613290068E-05
323.2 0.0002648305085 -8.827683616E-05
323.4 0.0002739677602 -8.837669683E-05
323.6 0.0002831257078 -6.635758777E-05
323.8 0.0003011621315 -8.857709751E-05
324 0.0003015039728 -4.433881952E-05
324.2 0.0003018465909 -4.438920455E-05
324.4 0.0003021899886 -8.887940842E-05
324.6 0.0002936361048 -4.449031891E-05
324.8 0.0002850627138 -6.681157355E-05
325 0.0002764697489 -6.688784247E-05
325.2 0.0002678571429 -4.464285714E-05
325.4 0.0002592248284 -8.938787185E-05
325.6 0.0002505727377 -4.474513173E-05
325.8 0.0002419008028 -2.239822248E-05
326 0.0002332089552 -2.2423938E-05
326.2 0.0002244971264 -1.518168285E-20
326.4 0.0002067750288 -2.247554661E-05
326.6 0.0001890120968 -1.49622069E-21
326.8 0.0001802191465 -1.235684507E-20
327 0.0001623845266 -4.510681293E-05
327.2 0.0001445086705 -8.801510166E-20
327.4 0.0001265914352 2.260561343E-05
327.6 0.0001267381228 2.263180765E-05
327.8 0.0001268851508 2.265806265E-05
328 0.0001270325203 -4.536875726E-05
328.2 0.0001180959302 -2.271075581E-05
328.4 0.0001091385332 2.273719441E-05
328.6 0.0001001602564 2.276369464E-05
328.8 9.116102684E-05 6.837077013E-05
329 8.214077103E-05 2.281688084E-05
329.2 8.223684211E-05 -2.284356725E-05
329.4 8.233313817E-05 -3.513187496E-20
329.6 8.242966002E-05 -3.952749168E-20
329.8 8.252640845E-05 -1.9137215E-20
330 8.262338425E-05 -7.054265211E-20
330.2 8.272058824E-05 -2.297794118E-05
330.4 9.202002356E-05 -4.601001178E-05
330.6 9.212853774E-05 -4.606426887E-05
330.8 9.223730815E-05 -2.305932704E-05
331 0.0001015809693 -2.308658392E-05
331.2 0.0001109467456 -2.311390533E-05
331.4 0.0001110781991 -2.314129147E-05
331.6 0.0001204774614 -4.633748517E-05
331.8 0.0001298990499 -1.948573417E-20
332 0.000139343044 2.322384067E-05
332.2 0.0001488095238 2.32514881E-05
332.4 0.0001582985697 4.655840286E-05
332.6 0.0001584874702 4.661396181E-05
332.8 0.000158676822 4.666965352E-05
333 0.0001682117225 2.336273923E-05
333.2 0.0001777694611 -7.117024087E-21
333.4 0.0001873501199 2.341876499E-05
333.6 0.00018757503 2.344687875E-05
333.8 0.0001878004808 -2.34750601E-05
334 0.0001880264741 2.350330927E-05
334.2 0.0001788403614 9.412650602E-05
334.4 0.000160208082 4.712002413E-05
334.6 0.0001415307971 -4.886066015E-20
334.8 0.0001322551391 5.60914805E-21
335 0.0001324152542 -2.364558111E-05
335.2 0.0001325757576 3.088817349E-20
335.4 0.0001327366505 1.88354461E-20
335.6 0.000142390644 -2.3731774E-05
335.8 0.0001520681265 1.709737989E-20
336 0.0001522533496 4.757917174E-05
336.2 0.0001429115854 4.763719512E-05
336.4 0.0001335470085 1.266037186E-20
336.6 0.000114608802 -4.866794581E-20
336.8 0.000114749082 -5.353762661E-20
337 0.000124463848 -1.117756116E-20
337.2 0.000134202454 -4.264542448E-20
337.4 0.0001439649877 -4.798832924E-05
337.6 0.0001633610086 -4.804735547E-05
337.8 0.000182804803 4.810652709E-05
338 0.0001830302096 4.816584464E-05
338.2 0.0001929012346 7.645435713E-21
338.4 0.0002027966625 3.261919294E-20
338.6 0.0002030476485 2.417233911E-05
338.8 0.0002032992565 4.840458488E-05
339 0.0002035514888 4.84646402E-05
339.2 0.0002038043478 4.852484472E-05
339.4 0.0002040578358 4.8585199E-05
339.6 0.0002043119552 2.432285181E-05
339.8 0.00021430798 4.87063591E-05
340 0.0002048220974 4.876716604E-05
340.2 0.00021484375 2.844816944E-21
340.4 0.0002248904881 2.444461827E-05
340.6 0.0002251723058 4.895050125E-05
340.8 0.0002254548306 2.450595985E-05
341 0.0002257380653 2.453674623E-05
341.2 0.0002260220126 2.456761006E-05
341.4 0.0002263066751 -4.919710327E-05
341.6 0.0002265920555 -4.92591425E-05
341.8 0.0002268781566 -2.113111263E-20
342 0.000227164981 -2.142212842E-20
342.2 0.0002274525316 1.825265762E-20
342.4 0.0002376425856 -2.475443599E-05
342.6 0.0002379441624 1.481237823E-20
342.8 0.0002382465057 4.963468869E-05
343 0.0002385496183 2.484891858E-05
343.2 0.0002388535032 -2.207063421E-20
343.4 0.0002391581633 2.491230867E-05
343.6 0.0002394636015 1.77911352E-20
343.8 0.000239769821 -2.497602302E-05
344 0.0002400768246 -2.860894457E-20
344.2 0.0002303685897 5.008012821E-05
344.4 0.00022063543 -4.90876456E-20
344.6 0.0002108772494 -5.027546263E-21
344.8 0.0002010939511 5.027348777E-05
345 0.0002013530928 -2.51691366E-05
345.2 0.0002016129032 -5.040322581E-05
345.4 0.0002119670543 -2.523417313E-05
345.6 0.0002223479948 2.526681759E-05
345.8 0.000232755829 2.529954663E-05
346 0.0002431906615 5.066472114E-05
346.2 0.0002333603896 5.073051948E-05
346.4 0.0002235045514 1.169236827E-20
346.6 0.0002136230469 -2.279064636E-20
346.8 0.0002037157757 2.621907248E-20
347 0.0002039817232 2.54977154E-05
347.2 0.000204248366 -2.553104575E-05
347.4 0.0002147414921 -0.0001022578534
347.6 0.0002150229358 -5.119593709E-05
347.8 0.0002153051181 -5.126312336E-05
348 0.000215588042 -5.13304862E-05
348.2 0.0002055921053 -2.569901316E-05
348.4 0.0002058629776 -5.14657444E-05
348.6 0.0001958278364 -5.153364116E-05
348.8 0.0001960865258 -5.160171731E-05
349 0.0001963458995 -5.166997354E-05
349.2 0.0001966059603 -2.58692053E-05
349.4 0.0001968667109 -8.445832469E-21
349.6 0.0001971281541 3.471592941E-20
349.8 0.0002077792553 -7.113883579E-20
350 0.0002184587217 2.850439971E-20
350.2 0.0002291666667 -3.197899866E-21
350.4 0.0002399032043 -5.215287049E-05
350.6 0.0002402239305 -2.611129679E-05
350.8 0.0002405455154 3.641403333E-20
351 0.0002408679625 2.618130027E-05
351.2 0.0002411912752 2.621644295E-05
351.4 0.000241515457 -2.625168011E-05
351.6 0.0002418405114 2.628701211E-05
351.8 0.0002526954178 4.70077977E-20
352 0.0002424932524 -2.635796221E-05
352.2 0.0002428209459 -6.846045025E-21
352.4 0.0002431495264 -4.317162139E-20
352.6 0.0002434789973 2.64651084E-05
352.8 0.0002438093623 5.300203528E-05
353 0.000244140625 7.961107337E-05
353.2 0.0002444727891 2.657312925E-05
353.4 0.0002448058583 -2.660933243E-05
353.6 0.0002344815825 -5.329126876E-05
353.8 0.0002241290984 -2.668203552E-05
354 0.00021374829 2.671853625E-05
354.2 0.0002033390411 -2.675513699E-05
354.4 0.0002036179698 -1.935620742E-20
354.6 0.0001931662088 -5.484067249E-20
354.8 0.000193431912 -2.686554333E-05
355 0.0001936983471 -5.586472584E-20
355.2 0.0001939655172 3.157958756E-20
355.4 0.0001942334254 5.433166877E-20
355.6 0.0001836964039 -2.701417704E-05
355.8 0.0001731301939 -2.70515928E-05
356 0.0001625346741 -2.708911234E-05
356.2 0.0001519097222 -5.425347222E-05
356.4 0.0001412552156 -2.716446453E-05
356.6 0.0001305710306 -2.720229805E-05
356.8 0.0001307531381 2.72402371E-05
357 0.0001200244413 2.727828212E-05
357.2 0.0001092657343 -2.731643357E-05
357.4 9.847689076E-05 2.735469188E-05
357.6 8.765778401E-05 -2.779625817E-20
357.8 7.680828652E-05 2.74315309E-05
358 6.592827004E-05 5.494022504E-05
358.2 5.501760563E-05 -5.501760563E-05
358.4 4.407616361E-05 -5.509520451E-05
358.6 3.310381356E-05 -2.75865113E-05
358.8 2.210042433E-05 2.762553041E-05
359 1.106586402E-05 2.766466006E-05
359.2 0 -5.540780142E-05
359.4 0 -5.548650568E-05
359.6 0 -3.234429187E-20
359.8 0 -2.782229345E-05
360 0 -8.358594864E-05
360.2 0 -5.580357143E-05
360.4 0 -0.0001117668097
360.6 0 -0.0001119269341
360.8 0 -2.802187948E-05
361 0 -4.467408553E-20
361.2 0 -5.620503597E-05
361.4 0 -8.442903458E-05
361.6 0 -5.636724387E-05
361.8 0 -5.352724664E-20
362 0 2.826519537E-05
362.2 0 -5.502632793E-20
362.4 0 -2.834724238E-05
362.6 0 -2.838844477E-05
362.8 0 -4.109813837E-20
363 0 2.847120991E-05
363.2 0 2.851277372E-05
363.4 0 -2.855445906E-05
363.6 0 -2.859626647E-05
363.8 0 -6.981742263E-20
364 0 -3.675110605E-20
364.2 0 6.562779702E-21
364.4 0 4.471583791E-21
364.6 0 -2.880715339E-05
364.8 0 -2.884970458E-05
365 0 1.23179018E-20
365.2 0 1.108032913E-20
365.4 0 2.543520405E-20
365.6 0 8.209017678E-21
365.8 0 -4.686143093E-20
366 0 2.910767511E-05
366.2 0 2.91511194E-05
366.4 0 -2.398428091E-20
366.6 0 -1.145685644E-20
366.8 0 -1.278918999E-19
367 0 -1.115775485E-19
367.2 0 2.937030075E-05
367.4 0 5.882906627E-05
367.6 0 2.945889894E-05
367.8 0 -1.013187287E-19
368 0 2.954803328E-05
368.2 0 5.918560606E-05
368.4 0 5.92754173E-05
368.6 0 5.936550152E-05
368.8 0 5.945585997E-05
369 0 5.95464939E-05
369.2 0 2.981870229E-05
369.4 0 2.986429664E-05
369.6 0 8.973009188E-05
369.8 0 8.986771472E-05
370 0 9.000576037E-05
370.2 0 0.0001502403846
370.4 0 0.0001504718798
370.6 0 0.0001205632716
370.8 0 0.0001207496136
371 0 0.0001209365325
371.2 0 9.084302326E-05
371.4 0 3.032802795E-05
371.6 0 3.03751944E-05
371.8 0 9.126752336E-05
372 0 6.09399376E-05
372.2 0 8.293498622E-21
372.4 0 3.056533646E-05
372.6 0 6.122648903E-05
372.8 0 3.066130298E-05
373 0 3.070951258E-05
373.2 0 0.0001537893701
373.4 0 0.0001848383281
373.6 0 0.0001234202212
373.8 0 0.0001236155063
374 0 9.285855784E-05
374.2 0 6.200396825E-05
374.4 0 6.210254372E-05
374.6 0 3.86721794E-20
374.8 0 -6.230063796E-05
375 1.248003195E-05 -3.120007987E-05
375.2 2.5E-05 3.125E-05
375.4 2.50400641E-05 -4.47552705E-20
375.6 2.508025682E-05 -3.135032103E-05
375.8 1.256028939E-05 3.416323321E-20
376 0 -6.290257649E-05
376.2 0 -6.300403226E-05
376.4 0 2.125486815E-21
376.6 0 -5.67641E-20
376.8 0 3.165518639E-05
377 0 6.341314935E-05
377.2 0 3.175813008E-05
377.4 0 3.180985342E-05
377.6 0 -8.428666896E-21
377.8 0 -9.574142157E-05
378 0 6.491637801E-21
378.2 0 0.0001280737705
378.4 0 9.621305419E-05
378.6 0 9.637129934E-05
378.8 0 9.65300659E-05
379 0 6.445957096E-05
379.2 0 6.45661157E-05
379.4 0 6.467301325E-05
379.6 0 3.239013267E-05
379.8 0 3.244393688E-05
380 0 3.249792013E-05
380.2 0 -1.006119241E-19
380.4 0 -3.260642738E-05
380.6 0 3.266095318E-05
380.8 0 6.543132328E-05
381 0 6.554110738E-05
381.2 1.31302521E-05 -1.274116566E-19
381.4 2.63047138E-05 3.288089226E-05
381.6 2.634907251E-05 6.587268128E-05
381.8 2.639358108E-05 -9.897592905E-05
382 2.643824027E-05 -6.609560068E-05
382.2 2.648305085E-05 -3.310381356E-05
382.4 2.652801358E-05 4.46934937E-20
382.6 2.657312925E-05 6.643282313E-05
382.8 2.661839864E-05 3.32729983E-05
383 2.666382253E-05 -2.89683779E-20
383.2 2.670940171E-05 7.624708391E-21
383.4 1.337756849E-05 3.851377405E-20
383.6 1.340051458E-05 -6.70025729E-05
383.8 1.342353952E-05 -6.711769759E-05
384 1.344664372E-05 3.361660929E-05
384.2 1.346982759E-05 6.734913793E-05
384.4 1.349309154E-05 -3.373272884E-05
384.6 1.351643599E-05 -6.758217993E-05
384.8 1.353986135E-05 5.386851082E-20
385 1.356336806E-05 3.402007216E-20
385.2 1.358695652E-05 2.980339675E-20
385.4 1.361062718E-05 6.176164996E-20
385.6 1.363438045E-05 6.817190227E-05
385.8 1.365821678E-05 3.414554196E-05
386 1.36821366E-05 -3.420534151E-05
386.2 1.370614035E-05 -3.426535088E-05
386.4 1.373022847E-05 -3.432557118E-05
386.6 1.375440141E-05 2.365241926E-20
386.8 1.377865961E-05 6.889329806E-05
387 1.380300353E-05 3.450750883E-05
387.2 1.382743363E-05 -3.456858407E-05
387.4 1.385195035E-05 3.385939098E-20
387.6 0 3.469138544E-05
387.8 0 6.950622776E-05
388 0 3.481506239E-05
388.2 0 -7.777923032E-20
388.4 0 3.493962433E-05
388.6 0 7.000448029E-05
388.8 1.402603232E-05 -2.352357859E-20
389 1.405125899E-05 -1.264575264E-20
389.2 1.407657658E-05 -3.519144144E-05
389.4 2.820397112E-05 -0.0001410198556
389.6 2.825497288E-05 -7.063743219E-05
389.8 2.830615942E-05 7.076539855E-05
390 2.835753176E-05 7.08938294E-05
390.2 2.840909091E-05 2.056595528E-20
390.4 1.423041894E-05 2.804648814E-20
390.6 1.425638686E-05 -7.128193431E-05
390.8 1.428244973E-05 -7.141224863E-05
391 0 7.697779909E-20
391.2 0 -3.583715596E-05
391.4 0 -3.590303309E-05
391.6 0 -7.193830571E-05
391.8 0 -0.0001081065498
392 0 -3.610212569E-05
392.2 0 2.922631059E-20
392.4 0 -1.551545024E-20
392.6 0 3.630343866E-05
392.8 0 -6.423863355E-21
393 0 -7.287779851E-05
393.2 0 3.147441703E-20
393.4 0 1.106860346E-19
393.6 0 -0.000146575985
393.8 1.468515038E-05 -0.0001101386278
394 1.471280603E-05 -7.356403013E-05
394.2 2.948113208E-05 -0.0001842570755
394.4 4.430529301E-05 -0.00014768431
394.6 5.918560606E-05 -0.0001109730114
394.8 7.412239089E-05 -7.412239089E-05
395 8.911596958E-05 -3.713165399E-05
395.2 0.0001041666667 -7.44047619E-05
395.4 0.0001192748092 -3.727337786E-05
395.6 0.0001344407266 2.355475783E-20
395.8 0.000149664751 -3.741618774E-05
396 0.0001649472169 -3.748800384E-05
396.2 0.0001802884615 -4.665349171E-20
396.4 0.0001956888247 -5.307929591E-22
396.6 0.0002111486486 -3.770511583E-05
396.8 0.0002266682785 -0.0001133341393
397 0.000242248062 -7.570251938E-05
397.2 0.0002578883495 -7.584951456E-05
397.4 0.0002735894942 -0.0001519941634
397.6 0.0002893518519 -3.807261209E-05
397.8 0.0002899169922 -7.629394531E-05
398 0.0002904843444 -7.644324853E-05
398.2 0.0002757352941 3.829656863E-05
398.4 0.0002609282908 -3.837180747E-05
398.6 0.0002460629921 4.437857825E-21
398.8 0.0002311390533 7.704635108E-05
399 0.0002161561265 3.85993083E-05
399.2 0.0002011138614 7.47423801E-21
399.4 0.0001860119048 -5.183224838E-21
399.6 0.0001708499006 -2.006506993E-21
399.8 0.00015562749 -1.511705864E-19
400 0.0001403443114 -9.051444991E-21
400.2 0.000125 3.636934407E-20
400.4 0.0001095941884 -3.914078156E-05
400.6 9.412650602E-05 -3.921937751E-05
400.8 7.859657948E-05 -1.095763827E-20
401 6.300403226E-05 -3.937752016E-05
401.2 4.734848485E-05 -3.945707071E-05
401.4 3.162955466E-05 -3.953694332E-05
401.6 1.584685598E-05 -3.961713996E-05
401.8 0 -3.96976626E-05
402 0 -7.955702648E-05
402.2 0 -7.971938776E-05
402.4 0 -3.994120654E-05
402.6 0 1.481414342E-19
402.8 0 -7.896253758E-21
403 0 4.01877572E-05
403.2 0 8.054123711E-05
403.4 0 8.070764463E-05
403.6 0 8.08747412E-05
403.8 0 8.104253112E-05
404 0 8.121101871E-05
404.2 0 8.138020833E-05
404.4 0 8.155010438E-05
404.6 0 8.17207113E-05
404.8 0 4.094601677E-05
405 0 1.29929023E-20
405.2 0 -5.181517648E-20
405.4 0 4.120516878E-05
405.6 0 8.25845666E-05
405.8 0 8.27595339E-05
406 0 2.282624438E-20
406.2 0 -6.215301195E-20
406.4 0 0.0001665778252
406.6 0 4.173344017E-05
406.8 0 2.598863778E-20
407 0 4.191255365E-05
407.2 0 -8.400537634E-05
407.4 0 -4.209321121E-05
407.6 0 4.218412527E-05
407.8 0 4.22754329E-05
408 0 -4.236713666E-05
408.2 0 -4.245923913E-05
408.4 0 4.255174292E-05
408.6 0 4.264465066E-05
408.8 0 -1.135567741E-20
409 0 3.035543722E-20
409.2 0 -6.999215097E-20
409.4 0 -1.189565718E-19
409.6 0 3.918778245E-20
409.8 0 -1.281205605E-19
410 0 -1.109698836E-19
410.2 0 -9.300915432E-20
410.4 0 -4.636232007E-20
410.6 0 -1.548860246E-20
410.8 0 -4.369407159E-05
411 0 -0.0001313761211
411.2 0 -8.778089888E-05
411.4 0 -4.39893018E-05
411.6 0 -8.81772009E-05
411.8 0 -8.837669683E-05
412 0 -8.857709751E-05
412.2 0 -8.877840909E-05
412.4 0 -8.898063781E-05
412.6 0 -8.918378995E-05
412.8 0 -0.0001340818078
413 0 -8.959288991E-05
413.2 0 -4.489942529E-05
413.4 0 4.500288018E-05
413.6 0 4.510681293E-05
413.8 0 -4.521122685E-05
414 0 -4.531612529E-05
414.2 0 -9.084302326E-05
414.4 0 -4.552738928E-05
414.6 0 4.252704372E-20
414.8 0 2.966456949E-20
415 0 4.584800469E-05
415.2 0 9.191176471E-05
415.4 0 4.606426887E-05
415.6 0 1.64040045E-20
415.8 0 4.628258294E-05
416 0 4.639251781E-05
416.2 0 9.300595238E-05
416.4 0 9.322792363E-05
416.6 0 4.672547847E-05
416.8 0 0.0001873501199
417 0 0.0001408503606
417.2 0 0.000141189759
417.4 0 0.0002358846618
417.6 0 0.0002364558111
417.8 0 0.0001896237864
418 0 0.0001425638686
418.2 0 0.0001905487805
418.4 0 0.0001910146699
418.6 0 9.574142157E-05
418.8 0 4.798832924E-05
419 0 0.0001924261084
419.2 0 0.0001446759259
419.4 0 9.668935644E-05
419.6 0 4.84646402E-05
419.8 0 -4.8585199E-05
420 0 -4.87063591E-05
420.2 0 -9.765625E-05
420.4 0 -0.0001468515038
420.6 0 -0.0001962939698
420.8 0 -0.0001475913098
421 0 -0.0001479640152
421.2 0 -0.0001483386076
421.4 0 -9.914340102E-05
421.6 0 -0.0001490935115
421.8 0 -0.000149473852
422 0 -9.990409207E-05
422.2 0 -0.0001001602564
422.4 0 -0.0001004177378
422.6 0 -5.03382732E-05
422.8 0 -5.046834625E-05
423 0 -0.0001011981865
423.2 0 -5.073051948E-05
423.4 0 -0.0001017252604
423.6 0 -5.099543081E-05
423.8 0 -5.11289267E-05
424 0 3.642463992E-20
424.2 0 5.139802632E-05
424.4 0 -5.153364116E-05
424.6 0 -5.166997354E-05
424.8 0 -5.180702918E-05
425 0 -5.194481383E-05
425.2 0 -0.0001041666667
425.4 0 -5.222259358E-05
425.6 2.094504021E-05 8.090873458E-20
425.8 2.100134409E-05 5.250336022E-05
426 0 2.724686119E-20
426.2 2.111486486E-05 2.855986539E-20
426.4 0 5.29302168E-05
426.6 0 -5.307404891E-05
426.8 0 -5.321866485E-05
427 0 2.30588192E-21
427.2 0 -0.0001070205479
427.4 0 -0.0001073145604
427.6 0 -5.380509642E-05
427.8 0 -0.0001618611878
428 0 -0.0001623095568
428.2 0 -5.425347222E-05
428.4 0 -1.675213344E-20
428.6 0 3.876477041E-20
428.8 0 2.91550164E-20
429 0 -5.48630618E-05
429.2 0 5.25744493E-21
429.4 0 -7.942008008E-20
429.6 0 -2.179226087E-20
429.8 0 5.548650568E-05
430 0 8.443921327E-20
430.2 0 -1.005370553E-20
430.4 0 7.965317624E-20
430.6 0 5.612428161E-05
430.8 0 5.628602305E-05
431 0 3.572306726E-20
431.2 0 3.751365533E-20
431.4 0 4.510796815E-20
431.6 0 -4.724497086E-20
431.8 0 -1.750052446E-20
432 0 5.727639296E-05
432.2 0 1.450784033E-19
432.4 0 -5.761430678E-05
432.6 0 2.524400338E-20
432.8 0 1.465624741E-19
433 0 -2.187449254E-20
433.2 0 -1.044190541E-19
433.4 0 1.236776607E-19
433.6 0 -5.86524024E-05
433.8 0 -5.882906627E-05
434 0 -5.900679758E-05
434.2 0 1.081792015E-19
434.4 0 8.363301237E-20
434.6 0 5.95464939E-05
434.8 0 0.0001194571865
435 0 -5.991180982E-05
435.2 0 6.477995088E-20
435.4 0 9.229801622E-20
435.6 0 -4.890212055E-20
435.8 0 6.06560559E-05
436 0 1.028982818E-19
436.2 0 3.456962793E-20
436.4 0 -7.996997956E-20
436.6 0 -1.709835945E-20
436.8 0 -1.069556616E-19
437 0 -1.992989544E-20
437.2 0 -1.433117794E-19
437.4 0 -1.001126919E-19
437.6 0 -1.025867031E-19
437.8 0 -1.687639465E-19
438 0 -2.210115713E-19
438.2 0 -8.570407387E-20
438.4 0 -3.06131639E-20
438.6 0 -6.341314935E-05
438.8 0 -6.361970684E-05
439 0 3.611689056E-22
439.2 0 -5.059106119E-20
439.4 0 -1.033102087E-19
439.6 0 -6.445957096E-05
439.8 0 -6.467301325E-05
440 0 -2.481796672E-19
440.2 0 -1.675533249E-19
440.4 0 -3.258567866E-20
440.6 0 -6.65865264E-20
440.8 0 -7.225805937E-20
441 0 -1.434303245E-19
441.2 0 1.469968883E-20
441.4 0 6.715145447E-20
441.6 0 2.048112482E-20
441.8 0 -7.43878628E-20
442 0 -3.159898711E-20
442.2 0 -9.524655884E-20
442.4 0 -1.414467668E-19
442.6 0 -1.728041356E-19
442.8 0 -3.999674773E-20
443 0 -3.869974118E-20
443.2 0 -9.148066442E-20
443.4 0 -1.515413148E-19
443.6 0 -9.403160227E-20
443.8 0 -1.123533016E-20
444 0 -1.592475282E-20
444.2 0 -4.676795018E-20
444.4 0 -6.476383885E-20
444.6 0 -8.839211672E-20
444.8 0 1.078042548E-19
445 0 2.573343049E-19
445.2 0 3.637470805E-20
445.4 0 5.095230795E-20
445.6 0 8.444555515E-20
445.8 0 1.369319895E-19
446 0 -1.761824767E-20
446.2 0 9.43909054E-20
446.4 0 7.978566296E-20
446.6 0 1.34608155E-19
446.8 0 -1.852834359E-19
447 0 -2.883225988E-20
447.2 0 2.811225875E-20
447.4 0 -2.149581714E-19
447.6 0 -1.283469214E-19
447.8 0 -7.716486909E-20
448 0 1.162331944E-19
448.2 0 1.359644495E-19
448.4 0 2.719892905E-20
448.6 0 1.074784324E-19
448.8 0 3.458764218E-20
449 0 1.715873566E-19
449.2 0 1.177373971E-19
449.4 0 2.54639272E-20
449.6 0 5.177970655E-20
449.8 0 9.1917822E-20
450 0 1.860621584E-19
450.2 0 7.8125E-05
450.4 0 7.843875502E-05
450.6 0 -2.493530431E-19
450.8 0 -1.807195719E-19
451 0 -1.032119336E-19
451.2 0 7.857818825E-20
451.4 0 -1.505492959E-19
451.6 0 -7.882133337E-20
451.8 0 -8.070764463E-05
452 0 -8.104253112E-05
452.2 0 -2.619702145E-21
452.4 0 -6.768145999E-20
452.6 0 9.670763588E-20
452.8 0 -5.682164173E-20
453 0 -4.202671993E-20
453.2 0 1.353249958E-19
453.4 0 1.751065905E-19
453.6 0 4.501198725E-20
453.8 0 -2.528213503E-20
454 0 -1.725217369E-20
454.2 0 5.278553057E-20
454.4 0 2.023366858E-19
454.6 0 3.234943049E-19
454.8 0 1.583108918E-19
455 0 1.618248371E-19
455.2 0 -3.338848528E-20
455.4 0 6.973501274E-20
455.6 0 4.406683388E-20
455.8 0 1.099505126E-19
456 0 8.867219519E-20
456.2 0 6.32668218E-20
456.4 0 1.692051904E-19
456.6 0 -1.635124246E-19
456.8 0 -1.524888576E-20
457 0 2.19307364E-19
457.2 0 9.084302326E-05
457.4 0 1.463007921E-19
457.6 0 -9.169600939E-05
457.8 0 9.212853774E-05
458 0 -2.516099458E-21
458.2 0 -9.300595238E-05
458.4 0 9.345095694E-05
458.6 0 9.390024038E-05
458.8 0 -1.677058476E-19
459 0 9.48118932E-05
459.2 0 -2.441087388E-19
459.4 0 -9.574142157E-05
459.6 0 -2.552631233E-19
459.8 0 -9.668935644E-05
460 0 -9.717039801E-05
460.2 0 -1.299981452E-19
460.4 0 -1.902845602E-19
460.6 0 -3.632547339E-19
460.8 0 -5.112360416E-19
461 0 -3.747534757E-19
461.2 0 -1.150582054E-19
461.4 0 2.033475631E-20
461.6 0 9.475717209E-20
461.8 0 -1.932921641E-19
462 0 -1.640815388E-19
462.2 0 6.320606531E-20
462.4 0 -7.747747545E-20
462.6 0 -2.475684492E-19
462.8 0 -5.677354617E-20
463 0 -6.107978478E-20
463.2 0 8.577950994E-20
463.4 0 -1.098383446E-19
463.6 0 -2.301041549E-19
463.8 0 0.0001073145604
464 0 0.0002158149171
464.2 0 0.0001085069444
464.4 0 0.0001091131285
464.6 0 0.0002194522472
464.8 0 0.0002206920904
465 0 0.0002219460227
465.2 0 0.0002232142857
465.4 0 0.0002244971264
465.6 0 0.0002257947977
465.8 0 0.0002271075581
466 0 0.0002284356725
466.2 0 0.0002297794118
466.4 0 0.0002311390533
466.6 0 0.0001162574405
466.8 0 2.17546706E-19
467 0 0.0001176581325
467.2 0 0.0001183712121
467.4 0 1.35984357E-20
467.6 0 2.286628983E-20
467.8 0 1.399754237E-19
468 0 -2.594658095E-19
468.2 0 -8.677848932E-20
468.4 0 -1.83273568E-19
468.6 0 -9.218546161E-20
468.8 0 -3.704363107E-19
469 0 -2.267289675E-19
469.2 0 -0.0001260080645
469.4 0 -0.0002536525974
469.6 0 -0.0001276552288
469.8 0 -0.0002569901316
470 0 -0.0001293460265
470.2 0 -0.0001302083333
470.4 5.243288591E-05 -0.0001310822148
470.6 0 -0.0001319679054
470.8 5.31462585E-05 -0.0001328656463
471 5.351027397E-05 -0.0001337756849
471.2 5.387931034E-05 -0.0002693965517
471.4 5.425347222E-05 -4.986477085E-19
471.6 5.463286713E-05 -5.463442511E-19
471.8 5.501760563E-05 -0.0001375440141
472 5.540780142E-05 1.476148086E-19
472.2 5.580357143E-05 0.0002790178571
472.4 5.620503597E-05 0.0001405125899
472.6 5.661231884E-05 8.99392547E-20
472.8 5.702554745E-05 0.0001425638686
473 5.744485294E-05 0.0001436121324
473.2 5.787037037E-05 -1.227321217E-19
473.4 5.830223881E-05 -1.329270957E-19
473.6 5.87406015E-05 -1.398231468E-19
473.8 5.918560606E-05 0.0001479640152
474 5.963740458E-05 1.135524904E-19
474.2 6.009615385E-05 -0.0001502403846
474.4 6.05620155E-05 -6.213200061E-20
474.6 6.103515625E-05 -0.0003051757813
474.8 6.151574803E-05 -0.0003075787402
475 6.200396825E-05 -0.0001550099206
475.2 6.25E-05 -0.00015625
475.4 0 -0.0001575100806
475.6 0 -0.0001587906504
475.8 0 -0.0001600922131
476 0 -0.0001614152893
476.2 0 1.421216346E-21
476.4 0 -6.050733434E-20
476.6 0 -0.0001655190678
476.8 0 -0.0001669337607
477 0 -3.621455159E-19
477.2 0 -0.0001698369565
477.4 0 -0.0001713267544
477.6 0 -1.628081471E-20
477.8 0 -6.443779263E-19
478 0 -1.921394692E-19
478.2 0 -1.331612897E-19
478.4 0 3.286890557E-20
478.6 0 -2.499798534E-19
478.8 0 -0.0001825350467
479 0 -0.0001842570755
479.2 0 -4.398100583E-20
479.4 0 2.307726223E-20
479.6 0 1.648381364E-19
479.8 0 -7.472947121E-20
480 0 2.4951272E-19
480.2 0 -0.0001953125
480.4 0 -0.0001972853535
480.6 0 4.053896324E-19
480.8 0 -1.292428572E-19
481 0 -4.564328865E-22
481.2 0 7.49561483E-19
481.4 0 6.595797941E-19
481.6 0 2.229441906E-19
481.8 0 -1.618747025E-20
482 0 6.424286367E-19
482.2 0 2.8588813E-19
482.4 0 0.0002194522472
482.6 0 0.0002219460227
482.8 0 1.468660098E-19
483 0 -7.326872286E-20
483.2 0 1.83574949E-19
483.4 0 0.000232514881
483.6 0 0.0002353162651
483.8 0 -2.726405469E-19
484 0 2.031866089E-20
484.2 0 -3.062632004E-19
484.4 0 -5.759925689E-19
484.6 0 -6.196162532E-19
484.8 0 -1.632522841E-20
485 0 -3.772790515E-19
485.2 0 -0.0002604166667
485.4 0 -0.0002639358108
485.6 0 -3.917586822E-19
485.8 0 -6.61731483E-20
486 0 -4.859862202E-19
486.2 0 -0.0002790178571
486.4 0 -0.0002830615942
486.6 0 3.456350709E-19
486.8 0 1.527246407E-19
487 0 -3.488994299E-19
487.2 0 3.71924067E-19
487.4 0 -3.006521313E-19
487.6 0 -2.486245992E-19
487.8 0 -1.46914443E-19
488 0 1.334256107E-20
488.2 0 -5.795835218E-19
488.4 0 -4.704158092E-19
488.6 0 8.338196298E-19
488.8 0 -2.403204379E-19
489 0 1.881680458E-19
489.2 0 7.666009069E-19
489.4 0 3.894412581E-19
489.6 0 -2.577927601E-19
489.8 0 0.0003756009615
490 0 0.0003829656863
490.2 0 -2.102141847E-19
490.4 0 -8.077168092E-20
490.6 0 0.0004069010417
490.8 0 0.0004155585106
491 0 -7.058753191E-22
491.2 0 -6.477226101E-19
491.4 0 1.282870495E-19
491.6 0 7.888648676E-19
491.8 0 -1.386784778E-19
492 0 -1.260002823E-19
492.2 0 0.00048828125
492.4 0 0.0005008012821
492.6 0 0.0005139802632
492.8 0 0.001055743243
493 0 0.0005425347222
493.2 0 0.0005580357143
493.4 0 0.0005744485294
493.6 0 -1.396673254E-19
493.8 0 -6.598151702E-19
494 0 2.362506001E-19
494.2 0 8.59016608E-19
494.4 0 4.973336511E-19
494.6 0 5.909551522E-19
494.8 0 1.390574365E-18
495 0 1.770178295E-18
495.2 0 1.660019197E-18
495.4 0 -1.012444075E-19
495.6 0 -1.229887459E-19
495.8 0 -0.0008877840909
496 0 -4.679349163E-20
496.2 0 0.0009765625
496.4 0 4.585233159E-19
496.6 0 -0.001085069444
496.8 0 -6.538772105E-19
497 0 0.001220703125
497.2 0 -2.415300786E-18
497.4 0 2.892786144E-18
497.6 0 -2.775257479E-19
497.8 0 -6.854913466E-19
498 0 2.998902724E-18
498.2 0 -0.001953125
498.4 0 3.215994588E-18
498.6 0 -2.89837838E-18
498.8 0 -0.002790178571
499 0 0.003255208333
499.2 0 -2.781779135E-18
499.4 0 -8.238641122E-18
499.6 0 0.006510416667
499.8 0 -5.695956665E-18
500 0 -1.586509635E-17
