0 0.007268967413 2.342812875E-05
0.2 0.0063625 0.001609375
0.4 0.005974264706 0.0005158313325
0.6 0.005632631105 0.0003518439752
0.8 0.005390844013 0.0003832724269
1 0.005158253205 0.0004616761819
1.2 0.00498496994 0.000250501002
1.4 0.004817812751 0.0002271075581
1.6 0.004628585038 0.000203695347
1.8 0.004467420746 0.0001332388644
2 0.004302990767 0.000101929446
2.2 0.004176079317 0.0001176581325
2.4 0.004033371836 0.0001804816191
2.6 0.003896829783 6.280144695E-05
2.8 0.00376331926 6.282669883E-05
3 0.00362341613 5.499547466E-05
3.2 0.003508551308 -7.859657948E-06
3.4 0.003374723229 3.931411031E-05
3.6 0.003262812122 4.719593234E-05
3.8 0.003160253828 6.29532635E-05
4 0.003035570335 1.368465453E-20
4.2 0.002913936492 -5.512852823E-05
4.4 0.002804810407 2.363604276E-05
4.6 0.002705054479 3.940930186E-05
4.8 0.00262098809 -2.365512717E-05
5 0.002527387924 3.155290792E-05
5.2 0.002421085859 -2.367424242E-05
5.4 0.002352591956 -0.0001026298504
5.6 0.002280883542 2.36933886E-05
5.8 0.00218383394 1.008746879E-20
6 0.002124645892 -6.32335087E-05
6.2 0.002043269231 3.162955466E-05
6.4 0.00197131936 2.3731774E-05
6.6 0.001896145665 7.913796596E-06
6.8 0.001843078638 3.958502229E-05
7 0.001780464315 3.960107461E-05
7.2 0.001717799189 2.377028398E-05
7.4 0.001670936485 7.926643669E-06
7.6 0.001633551563 -1.585972391E-05
7.8 0.001570750406 8.120306206E-21
8 0.001523770825 -1.133629288E-20
8.2 0.001464049797 -3.175813008E-05
8.4 0.001410634404 -3.971380643E-05
8.6 0.001347640358 -5.562194874E-05
8.8 0.00131003256 -1.58984534E-05
9 0.001262851181 -1.590492671E-05
9.2 0.001237907332 -4.773421589E-05
9.4 0.001197025265 -4.775366748E-05
9.6 0.001156109865 -8.758408072E-05
9.8 0.001140650489 -3.186174551E-05
10 0.001096491228 -7.968686251E-06
10.2 0.001061862245 -9.566326531E-05
10.4 0.001020824826 -7.975193957E-05
10.6 0.0009829452614 7.978451797E-06
10.8 0.0009578054761 1.59634246E-05
11 0.0009230631643 -3.992487735E-05
11.2 0.0008978783231 -7.189417178E-05
11.4 0.0008790660802 -0.0001038896277
11.6 0.0008666342612 -8.794259108E-05
11.8 0.0008541922604 -7.998054873E-06
12 0.0008225368701 5.57868877E-21
12.2 0.0007908555328 -8.004610656E-06
12.4 0.0007687576876 8.007892579E-06
12.6 0.0007402327728 -8.814145635E-21
12.8 0.0007148902339 -1.602892901E-05
13 0.0006927339901 -5.612428161E-05
13.2 0.0006737679671 -3.208418891E-05
13.4 0.0006419474117 -2.850819188E-21
13.6 0.0006197338677 4.013820386E-05
13.8 0.0005942896793 -3.212376645E-05
14 0.000578465652 -0.0001687191485
14.2 0.0005754886831 -0.0001205632716
14.4 0.0005564275422 -0.0001768989296
14.6 0.0005437860379 -0.0001930601318
14.8 0.0005343531108 -0.0001046173259
15 0.0005249124073 -0.0001771176834
15.2 0.000525128866 -0.0001449742268
15.4 0.0005253455033 -4.834467822E-05
15.6 0.0005126650846 -4.030385885E-05
15.8 0.0005064254748 -5.644869942E-05
16 0.0004904997935 -8.067430814E-05
16.2 0.0004745609504 -0.0001210614669
16.4 0.0004682978504 -0.000121111513
16.6 0.0004555676179 -8.885184036E-05
16.8 0.000449291477 -0.0001373732933
17 0.0004397764901 -0.0001050936465
17.2 0.0004302536232 1.617494824E-05
17.4 0.0004110138774 1.618164872E-05
17.6 0.0003982335267 -4.047088686E-05
17.8 0.0003919206053 -4.048766584E-05
18 0.000375881377 -8.100891746E-05
18.2 0.0003663122407 -5.672977178E-05
18.4 0.0003534921129 -2.432285181E-05
18.6 0.0003503945183 8.110984219E-06
18.8 0.0003440486082 2.43430619E-05
19 0.0003376974231 8.117726517E-06
19.2 0.0003313409563 2.436330561E-05
19.4 0.0003184796173 -6.499584027E-05
19.6 0.0003121098627 -5.689502705E-05
19.8 0.0002992298085 -2.439373439E-05
20 0.000289592878 -4.880778842E-05
20.2 0.0002864583333 -2.44140625E-05
20.4 0.000276808045 -4.070706544E-05
20.6 0.0002704076314 -1.591489428E-20
20.8 0.0002640018773 3.259282436E-05
21 0.0002575907763 6.224172567E-21
21.2 0.0002576983299 -5.708507307E-05
21.4 0.0002545426065 -6.5267335E-05
21.6 0.0002481195153 -6.529460928E-05
21.8 0.0002416910535 -4.082619147E-05
22 0.0002319897532 1.633730657E-05
22.2 0.0002222803347 -2.451621339E-05
22.4 0.0002158329845 6.54039347E-05
22.6 0.000199565536 9.814698492E-05
22.8 0.000189830331 3.272936741E-05
23 0.0001800869656 8.185771165E-06
23.2 0.0001703354298 -5.732442348E-05
23.4 0.0001638527685 -5.734846896E-05
23.6 0.0001540862358 -5.737253462E-05
23.8 0.0001475913098 -4.099758606E-05
24 0.0001410909282 3.281184376E-05
24.2 0.0001378676471 5.744485294E-05
24.4 0.0001280737705 3.283942833E-05
24.6 0.0001215569807 3.285323802E-05
24.8 0.0001150347076 3.286705932E-05
25 0.0001085069444 3.288089226E-05
25.2 9.868421053E-05 2.467105263E-05
25.4 9.214406066E-05 2.468144482E-05
25.6 8.559839865E-05 3.292246102E-05
25.8 8.23408516E-05 1.646817032E-05
26 7.249051033E-05 -2.471267398E-05
26.2 6.922468354E-05 -8.241033755E-05
26.4 6.595609962E-05 -1.648902491E-05
26.6 5.938555743E-05 -2.623356987E-20
26.8 6.271123785E-05 -3.300591466E-05
27 6.60397295E-05 1.650993238E-05
27.2 6.937103594E-05 8.25845666E-06
27.4 7.600994078E-05 2.478585025E-05
27.6 8.265446466E-05 -8.265446466E-06
27.8 8.930461473E-05 -5.788262066E-05
28 9.596039814E-05 -1.654489623E-05
28.2 9.931144068E-05 -4.137976695E-05
28.4 0.0001026653243 -4.967676982E-05
28.6 0.0001060220526 -4.141486429E-05
28.8 0.0001060670344 -3.314594824E-05
29 0.0001127440577 8.290004244E-06
29.2 0.0001161093418 2.488057325E-05
29.4 0.0001194774851 4.148523789E-05
29.6 0.0001228484913 7.470516362E-05
29.8 0.0001295440051 4.982461735E-05
30 0.0001362452148 1.66152701E-05
30.2 0.0001429521277 3.324468085E-05
30.4 0.000149664751 -1.414746461E-20
30.6 0.000156383092 -2.495474872E-05
30.8 0.0001597784406 -2.496538134E-05
31 0.0001698369565 1.671141465E-20
31.2 0.0001765724947 3.331556503E-05
31.4 0.0001833137799 4.999466724E-05
31.6 0.0001833920188 7.502400768E-05
31.8 0.0001834703245 5.837692143E-05
32 0.0001835486971 3.337249039E-05
32.2 0.0001836271368 -2.50400641E-05
32.4 0.0001903858487 -7.515230868E-05
32.6 0.0001904672797 -5.847679641E-05
32.8 0.0001905487805 -6.685922122E-05
33 0.000190630351 -5.852686216E-05
33.2 0.0001907119914 -5.855192719E-05
33.4 0.0001941409597 -4.184072408E-05
33.6 0.0001908754822 -5.023039006E-05
33.8 0.0001943074614 -3.350128645E-05
34 0.0001977423852 -1.297534026E-20
34.2 0.0001978272532 -3.353004292E-05
34.4 0.0001979121941 -4.193054959E-05
34.6 0.000194641323 -2.51691366E-05
34.8 0.0001913676407 -1.678663515E-05
35 0.0001880911436 -2.519077816E-05
35.2 0.000184811828 -9.240591398E-05
35.4 0.0001848913511 -0.0001428705895
35.6 0.0001883340508 -0.0001261165519
35.8 0.0001884151593 -5.88797373E-05
36 0.0001884963378 3.366006032E-05
36.2 0.0001919450431 1.683728448E-05
36.4 0.0001987656317 -4.211136266E-05
36.6 0.0002055921053 -5.055543572E-05
36.8 0.0002124244713 -5.900679758E-05
37 0.0002192627375 -3.373272884E-05
37.2 0.0002193574514 -3.374730022E-05
37.4 0.000226204624 -8.440471046E-05
37.6 0.0002263024211 -5.910884133E-05
37.8 0.0002297794118 -3.379108997E-05
38 0.0002332594115 -2.535428386E-05
38.2 0.0002333603896 -5.073051948E-05
38.4 0.0002334614552 -6.766998701E-05
38.6 0.000240332539 -7.61617201E-05
38.8 0.0002472095795 -5.079648895E-05
39 0.0002473167823 -2.540925846E-05
39.2 0.00025420282 -5.084056399E-05
39.4 0.000254313151 -1.695421007E-05
39.6 0.0002544235779 2.047928947E-20
39.8 0.0002511403128 -2.545341008E-05
40 0.0002478541938 5.940064227E-21
40.2 0.0002479619565 1.698369565E-05
40.4 0.0002446715963 -2.548662462E-05
40.6 0.0002447780679 -5.099543081E-05
40.8 0.000251686983 -5.101763169E-05
41 0.0002517966028 -3.402656794E-05
41.2 0.0002450980392 -8.510348584E-06
41.4 0.0002349880122 5.108435048E-05
41.6 0.0002350904928 8.517771478E-05
41.8 0.0002420102531 4.260743892E-05
42 0.0002455259712 4.262603667E-05
42.2 0.0002422216157 4.264465066E-05
42.4 0.0002389143731 5.119593709E-05
42.6 0.0002287751311 3.414554196E-05
42.8 0.0002254591167 -4.270059029E-05
43 0.0002221402012 -8.543853893E-05
43.2 0.0002256564551 -5.983315098E-05
43.4 0.0002257552539 -5.985934764E-05
43.6 0.0002258541393 -5.13304862E-05
43.8 0.0002225295793 5.982894461E-21
44 0.0002226271372 -3.42503288E-05
44.2 0.0002261513158 -3.426535088E-05
44.4 0.0002262505485 1.714019307E-05
44.6 0.0002263498683 1.71477173E-05
44.8 0.0002161561265 6.469644785E-21
45 0.0002128185413 2.574417838E-05
45.2 0.000209478022 8.585164835E-06
45.4 0.0002061345646 -6.891187453E-21
45.6 0.000206225253 2.577815662E-05
45.8 0.0002063160211 8.59650088E-06
46 0.0002098469837 8.600286218E-06
46.2 0.0001961729075 -1.720814978E-05
46.4 0.0001962593654 8.607866902E-06
46.6 0.0001894565697 1.722332451E-05
46.8 0.0001826477724 -1.723092192E-05
47 0.0001758329656 1.723852604E-05
47.2 0.0001690121413 -1.396942628E-20
47.4 0.0001656360424 -8.626877208E-06
47.6 0.0001553524083 -8.63068935E-06
47.8 0.0001485134836 -3.453801945E-05
48 0.0001416685095 -1.72766475E-05
48.2 0.0001382743363 -8.642146018E-06
48.4 0.000134877158 -1.097372108E-20
48.6 0.0001280170505 -8.187270241E-21
48.8 0.0001280737705 -2.596089942E-05
49 0.0001281305408 -8.657468972E-06
49.2 0.0001281873614 2.598392461E-05
49.4 0.0001247781721 4.332575421E-05
49.6 0.0001178983577 2.600699068E-05
49.8 0.0001179507105 4.336423179E-05
50 0.0001110617503 6.073689471E-05
50.2 0.0001076388889 8.680555556E-06
50.4 0.0001042129835 -5.210649177E-05
50.6 0.0001042593416 -6.081794929E-05
50.8 9.735202492E-05 -3.476858033E-05
51 9.739536955E-05 8.696015138E-06
51.2 9.395879733E-05 8.699888641E-06
51.4 8.703765597E-05 9.277464879E-21
51.6 7.662728489E-05 2.892494784E-20
51.8 7.317685103E-05 -5.22691793E-05
52 7.320950469E-05 -2.614625167E-05
52.2 6.975446429E-05 8.719308036E-06
52.4 6.978561858E-05 1.917570613E-20
52.6 6.632596068E-05 -1.745420018E-05
52.8 6.635561019E-05 8.731001341E-06
53 5.590339893E-05 1.746981216E-05
53.2 4.893736018E-05 9.184595701E-21
53.4 5.245635631E-05 -1.74854521E-05
53.6 5.247984774E-05 -1.749328258E-05
53.8 5.600358423E-05 -8.750560036E-06
54 5.252689377E-05 -6.128137606E-05
54.2 6.306053812E-05 -2.999803678E-20
54.4 5.257402423E-05 3.504934948E-05
54.6 4.909111311E-05 -2.629881059E-05
54.8 4.209699147E-05 -2.631061967E-05
55 4.211590296E-05 8.774146451E-06
55.2 4.564606742E-05 -1.755617978E-05
55.4 4.566659173E-05 -1.128378032E-20
55.6 4.920152946E-05 5.271592443E-05
55.8 4.922367237E-05 1.757988299E-05
56 4.924583521E-05 -7.035119316E-05
56.2 5.278716216E-05 -1.879201612E-20
56.4 5.633168094E-05 8.801825146E-06
56.6 5.987939585E-05 -2.641738052E-05
56.8 5.285859269E-05 3.52390618E-05
57 5.993343863E-05 1.762748195E-05
57.2 6.348758465E-05 -2.645316027E-05
57.4 7.05736224E-05 -8.8217028E-05
57.6 7.413578852E-05 -0.0001059082693
57.8 7.770117541E-05 -5.297807414E-05
58 8.126978743E-05 1.766734509E-05
58.2 8.130656109E-05 4.292182268E-21
58.4 7.780669986E-05 8.841670439E-06
58.6 7.784193841E-05 -1.769134964E-05
58.8 8.141708201E-05 -5.309809696E-05
59 8.499546691E-05 -1.770738894E-05
59.2 8.149092971E-05 8.857709751E-06
59.4 7.443852087E-05 -1.428857585E-20
59.6 6.737970949E-05 -6.206025874E-05
59.8 7.450613079E-05 -5.321866485E-05
60 7.453998183E-05 -1.574494927E-20
60.2 7.102272727E-05 -5.326704545E-05
60.4 7.460777626E-05 -6.217314688E-05
60.6 7.108735214E-05 -2.286262754E-20
60.8 6.400773782E-05 -3.101853235E-20
61 6.403688525E-05 8.89401184E-06
61.2 6.050683371E-05 2.669419134E-05
61.4 6.053441203E-05 -1.780423883E-05
61.6 6.05620155E-05 -6.234325125E-05
61.8 6.415374088E-05 -1.782048358E-05
62 6.418302145E-05 5.046461782E-22
62.2 7.134703196E-05 -8.918378995E-06
62.4 6.781064413E-05 1.784490635E-05
62.6 6.78416362E-05 -2.234391672E-20
62.8 6.787265661E-05 -3.572245085E-05
63 7.505146386E-05 -1.786939616E-05
63.2 7.151029748E-05 8.938787185E-06
63.4 7.154304029E-05 -2.884196455E-20
63.6 7.15758131E-05 0.0001073637197
63.8 6.444775435E-05 0.0001342661549
64 6.447730399E-05 8.95518111E-06
64.2 6.450688073E-05 2.687786697E-05
64.4 7.170720514E-05 6.27438045E-05
64.6 7.174012856E-05 1.793503214E-05
64.8 6.818442811E-05 1.794327056E-05
65 6.821576287E-05 1.795151654E-05
65.2 6.106321839E-05 1.795977011E-05
65.4 5.390409384E-05 2.695204692E-05
65.6 5.392890014E-05 2.696445007E-05
65.8 5.0356814E-05 1.798457643E-05
66 3.958429295E-05 8.996430216E-06
66.2 3.960253456E-05 3.600230415E-05
66.4 3.601890272E-05 4.50236284E-05
66.6 3.243196494E-05 3.848630084E-20
66.8 2.884171666E-05 1.802607291E-05
67 2.524815328E-05 5.41031856E-05
67.2 2.525981524E-05 2.706408776E-05
67.4 2.527148799E-05 9.025531423E-06
67.6 2.528317152E-05 -9.029704115E-06
67.8 2.16813136E-05 2.780076368E-20
68 2.16913466E-05 -2.711418325E-05
68.2 2.170138889E-05 -4.521122685E-05
68.4 2.53300139E-05 -2.71393006E-05
68.6 2.534175162E-05 4.52531279E-05
68.8 2.535350023E-05 9.960303662E-05
69 2.174165121E-05 7.247217069E-05
69.2 2.175174014E-05 -1.357940215E-21
69.4 2.176183844E-05 -4.533716342E-05
69.6 2.540060381E-05 -4.535822109E-05
69.8 2.541240706E-05 -9.983445632E-05
70 2.905625291E-05 -5.44804742E-05
70.2 2.543604651E-05 -9.084302326E-06
70.4 2.181247092E-05 -3.635411819E-05
70.6 2.18226257E-05 1.818552142E-05
70.8 1.819399162E-05 8.851067009E-21
71 2.54834576E-05 -4.550617428E-05
71.2 2.913752914E-05 -1.821095571E-05
71.4 2.91511194E-05 -5.465834888E-05
71.6 3.281031265E-05 -5.468385441E-05
71.8 2.553104575E-05 -5.269829173E-21
72 2.554297057E-05 -9.007656872E-21
72.2 1.825350467E-05 2.738025701E-05
72.4 1.460963067E-05 9.131019168E-06
72.6 1.096234799E-05 -4.567644995E-05
72.8 7.311651848E-06 -1.806714923E-20
73 3.657537453E-06 9.143843633E-06
73.2 0 -1.829625293E-05
73.4 0 -3.660965323E-05
73.6 0 -4.578352086E-05
73.8 0 -1.832199812E-05
74 0 9.165297982E-06
74.2 3.667840376E-06 1.833920188E-05
74.4 3.669563175E-06 -1.834781588E-05
74.6 3.671287594E-06 -1.835643797E-05
74.8 3.673013634E-06 -1.950233348E-20
75 3.674741298E-06 -1.837370649E-05
75.2 3.676470588E-06 -3.676470588E-05
75.4 0 -2.75865113E-05
75.6 0 1.839967028E-05
75.8 3.681668238E-06 3.681668238E-05
76 3.683404055E-06 2.762553041E-05
76.2 3.685141509E-06 4.606426887E-05
76.4 0 4.608600755E-05
76.6 0 -1.84431067E-05
76.8 3.690363722E-06 -8.100622237E-21
77 3.69210775E-06 1.718822193E-20
77.2 3.693853428E-06 -1.846926714E-05
77.4 0 4.619500946E-05
77.6 0 4.621687175E-05
77.8 0 -9.247750947E-06
78 0 -5.551279015E-05
78.2 0 9.256516588E-06
78.4 0 6.48263395E-05
78.6 0 5.559179317E-05
78.8 3.7078785E-06 1.85393925E-05
79 0 -2.782229345E-05
79.2 0 -3.711401425E-05
79.4 0 -7.426330798E-05
79.6 0 -0.0001114479315
79.8 0 -8.362571361E-05
80 3.718467396E-06 -3.718467396E-05
80.2 0 -9.300595238E-06
80.4 0 9.305026203E-06
80.6 0 9.309461392E-06
80.8 0 9.313900811E-06
81 0 -2.79550334E-05
81.2 0 -2.796837709E-05
81.4 0 -2.798173352E-05
81.6 0 -5.599020545E-05
81.8 0 -4.668080784E-05
82 3.736250598E-06 -5.604375897E-05
82.2 7.476076555E-06 -9.345095694E-06
82.4 1.121948301E-05 3.739827669E-05
82.6 1.122485632E-05 9.354046935E-06
82.8 1.123023479E-05 -1.871705798E-05
83 1.498082454E-05 -1.872603068E-05
83.2 1.498800959E-05 9.367505995E-06
83.4 1.874400192E-05 -9.37200096E-06
83.6 1.500240038E-05 -4.68825012E-05
83.8 1.500960615E-05 -9.381003842E-06
84 1.501681884E-05 -1.877102355E-05
84.2 1.878004808E-05 -2.817007212E-05
84.4 1.503126503E-05 3.757816258E-05
84.6 7.519249278E-06 2.819718479E-05
84.8 7.522869523E-06 -9.403586904E-06
85 3.763246628E-06 -9.40811657E-06
85.2 7.530120482E-06 -2.823795181E-05
85.4 3.766875603E-06 -3.766875603E-05
85.6 3.768692716E-06 -9.42173179E-06
85.8 0 -9.426278958E-06
86 3.772332207E-06 1.162227537E-20
86.2 7.548309179E-06 1.887077295E-05
86.4 1.13279362E-05 2.83198405E-05
86.6 1.133341393E-05 3.777804642E-05
86.8 1.133889695E-05 -9.449080793E-06
87 1.512584705E-05 -1.890730881E-05
87.2 1.513317191E-05 -1.891646489E-05
87.4 1.892562984E-05 1.892562984E-05
87.6 1.136088221E-05 5.680441105E-05
87.8 7.577594568E-06 1.894398642E-05
88 0 -1.895317807E-05
88.2 3.792475728E-06 -1.896237864E-05
88.4 3.79431763E-06 1.897158815E-05
88.6 3.796161322E-06 1.898080661E-05
88.8 3.798006806E-06 -4.516303698E-21
89 0 1.547517714E-20
89.2 0 1.900851582E-05
89.4 0 -9.508885102E-06
89.6 0 -1.902703361E-05
89.8 0 -1.903630604E-05
90 3.809117504E-06 -1.904558752E-05
90.2 7.62195122E-06 9.527439024E-06
90.4 7.625671059E-06 2.859626647E-05
90.6 7.629394531E-06 3.814697266E-05
90.8 7.633121641E-06 4.770701026E-05
91 7.636852395E-06 1.909213099E-05
91.2 1.14608802E-05 -2.963037069E-20
91.4 1.146648728E-05 2.86662182E-05
91.6 1.147209985E-05 5.736049927E-05
91.8 7.651811949E-06 5.738858962E-05
92 0 1.91389025E-05
92.2 0 9.574142157E-06
92.4 0 9.578837666E-06
92.6 0 -3.088102314E-21
92.8 0 -2.876472754E-05
93 0 -1.918590373E-05
93.2 0 2.879299754E-05
93.4 0 1.920476893E-05
93.6 0 9.607107723E-06
93.8 0 -9.61183563E-06
94 0 -2.884970458E-05
94.2 0 -4.810652709E-05
94.4 0 -3.850418926E-05
94.6 0 9.630793886E-06
94.8 0 2.890663542E-05
95 0 2.892090326E-05
95.2 0 3.858024691E-05
95.4 0 3.85993083E-05
95.6 0 2.89637914E-05
95.8 0 4.829685955E-05
96 0 1.932830282E-05
96.2 0 -9.668935644E-06
96.4 0 9.673724616E-06
96.6 0 2.882101907E-21
96.8 0 9.683316807E-06
97 0 3.875248016E-05
97.2 0 3.877171216E-05
97.4 0 3.879096326E-05
97.6 0 1.940511674E-05
97.8 3.882952286E-06 4.853690358E-05
98 7.769766285E-06 1.942441571E-05
98.2 1.166044776E-05 -5.830223881E-05
98.4 1.555500249E-05 -9.721876556E-06
98.6 1.945343625E-05 2.918015438E-05
98.8 2.335575486E-05 -2.919469357E-05
99 2.336739781E-05 -3.894566301E-05
99.2 1.948254364E-05 2.922381546E-05
99.4 1.559381238E-05 3.898453094E-05
99.6 1.17011982E-05 9.750998502E-06
99.8 7.804695305E-06 -9.755869131E-06
100 3.904297851E-06 3.904297851E-05
100.2 0 4.8828125E-05
100.4 0 9.770510255E-06
100.6 0 3.91016016E-05
100.8 0 -7.761349701E-21
101 0 -2.935558617E-05
101.2 0 -1.751615766E-20
101.4 0 -9.79501003E-06
101.6 0 -3.919969895E-05
101.8 0 -1.960968876E-05
102 0 1.961953792E-05
102.2 0 2.944409548E-05
102.4 0 4.909816491E-05
102.6 0 2.94737173E-05
102.8 0 9.82951686E-06
103 0 9.834466264E-06
103.2 0 -9.839420655E-06
103.4 0 -9.84438004E-06
103.6 0 -4.924672214E-05
103.8 3.94172553E-06 -6.898019677E-05
104 3.943715295E-06 -3.943715295E-05
104.2 3.945707071E-06 -4.932133838E-05
104.4 0 -5.921551289E-05
104.6 0 -1.974848332E-05
104.8 0 6.703260094E-21
105 0 -8.807804249E-21
105.2 0 -2.966772152E-05
105.4 0 -1.978850051E-05
105.6 0 -9.899265079E-06
105.8 3.961713996E-06 -4.952142495E-05
106 3.963723998E-06 -3.963723998E-05
106.2 3.965736041E-06 -9.914340102E-06
106.4 3.967750127E-06 2.231955959E-21
106.6 0 -5.95464939E-05
106.8 0 -2.978838332E-05
107 0 3.97380468E-05
107.2 0 2.981870229E-05
107.4 0 -2.983388493E-05
107.6 0 -8.954724911E-05
107.8 0 -4.977382773E-05
108 0 -9.959841917E-06
108.2 0 -3.998571132E-20
108.4 0 -1.413846839E-20
108.6 0 9.975102145E-06
108.8 0 -9.980199285E-06
109 0 -1.997060327E-05
109.2 0 3.996163683E-05
109.4 0 1.999104401E-05
109.6 0 -1.803957255E-20
109.8 0 7.794547295E-21
110 0 -1.001089185E-05
110.2 0 6.31115686E-22
110.4 0 -4.00846588E-05
110.6 4.010523614E-06 -7.018416324E-05
110.8 4.012583462E-06 -2.006291731E-05
111 4.014645427E-06 -2.913309391E-20
111.2 4.016709512E-06 6.806293303E-21
111.4 4.01877572E-06 1.00469393E-05
111.6 4.020844056E-06 2.010422028E-05
111.8 4.022914521E-06 -1.00572863E-05
112 4.02498712E-06 -4.02498712E-05
112.2 4.027061856E-06 -4.027061856E-05
112.4 4.029138731E-06 -5.036423414E-05
112.6 4.03121775E-06 -7.054631063E-05
112.8 0 -6.049948374E-05
113 4.035382231E-06 -3.026536674E-05
113.2 4.0374677E-06 -3.028100775E-05
113.4 4.039555326E-06 -2.019777663E-05
113.6 4.041645111E-06 1.010411278E-05
113.8 4.04373706E-06 1.010934265E-05
114 4.045831176E-06 -1.011457794E-05
114.2 4.047927461E-06 4.247188087E-21
114.4 4.05002592E-06 -2.02501296E-05
114.6 4.052126556E-06 -3.039094917E-05
114.8 4.054229372E-06 -1.013557343E-05
115 4.056334372E-06 -3.042250779E-05
115.2 4.058441558E-06 -2.029220779E-05
115.4 4.060550936E-06 -1.015137734E-05
115.6 8.125325013E-06 8.020128504E-21
115.8 8.129552549E-06 1.016194069E-05
116 4.066892244E-06 -2.033446122E-05
116.2 4.069010417E-06 1.708127472E-20
116.4 4.071130797E-06 2.035565399E-05
116.6 4.073253389E-06 3.054940042E-05
116.8 4.075378195E-06 2.037689098E-05
117 4.077505219E-06 -1.019376305E-05
117.2 4.079634465E-06 6.119451697E-05
117.4 0 6.122648903E-05
117.6 4.083899634E-06 1.020974909E-05
117.8 0 -2.821117796E-22
118 4.088173731E-06 -3.066130298E-05
118.2 4.090314136E-06 -2.045157068E-05
118.4 4.092456784E-06 2.709486498E-20
118.6 0 2.047300839E-05
118.8 0 -1.024187205E-05
119 4.098898216E-06 -1.024724554E-05
119.2 4.101049869E-06 3.075787402E-05
119.4 8.206407563E-06 4.103203782E-05
119.6 4.105359958E-06 -1.026339989E-05
119.8 4.107518402E-06 -2.053759201E-05
120 4.109679116E-06 2.054839558E-05
120.2 0 1.027960526E-05
120.4 0 -4.114007372E-05
120.6 0 -3.087131191E-05
120.8 0 1.029586189E-05
121 4.120516878E-06 2.060258439E-05
121.2 4.122691293E-06 -1.730290904E-21
121.4 4.124868004E-06 -2.062434002E-05
121.6 4.127047015E-06 2.50979416E-20
121.8 4.12922833E-06 -2.064614165E-05
122 4.131411951E-06 -1.032852988E-05
122.2 4.133597884E-06 -1.033399471E-05
122.4 4.13578613E-06 -1.033946533E-05
122.6 4.137976695E-06 2.068988347E-05
122.8 0 2.070084791E-05
123 4.142364793E-06 -1.217846757E-20
123.2 4.144562334E-06 -1.036140584E-05
123.4 4.146762208E-06 1.036690552E-05
123.6 4.148964418E-06 2.73344526E-20
123.8 8.302337938E-06 -1.037792242E-05
124 4.153375864E-06 -5.19171983E-05
124.2 8.311170213E-06 -5.194481383E-05
124.4 0 -1.039449175E-05
124.6 0 -5.200013312E-05
124.8 0 -7.283897176E-05
125 0 -3.123334222E-05
125.2 0 -8.891787486E-21
125.4 4.168890075E-06 -1.042222519E-05
125.6 8.342231714E-06 -1.042778964E-05
125.8 8.346688034E-06 -2.086672009E-05
126 8.351149118E-06 -1.04389364E-05
126.2 8.355614973E-06 -2.088903743E-05
126.4 8.360085607E-06 -1.045010701E-05
126.6 8.364561028E-06 1.045570128E-05
126.8 8.369041243E-06 -3.138390466E-05
127 8.373526259E-06 -2.860293524E-20
127.2 8.378016086E-06 1.047252011E-05
127.4 8.38251073E-06 -1.047813841E-05
127.6 8.387010199E-06 -2.09675255E-05
127.8 8.391514501E-06 1.048939313E-05
128 8.396023643E-06 4.198011822E-05
128.2 8.400537634E-06 3.150201613E-05
128.4 4.202528241E-06 2.10126412E-05
128.6 4.204790097E-06 2.709881554E-20
128.8 4.207054389E-06 2.103527194E-05
129 0 3.456401668E-21
129.2 0 -1.052897574E-05
129.4 4.21386192E-06 2.10693096E-05
129.6 8.432271991E-06 3.162101997E-05
129.8 1.265523758E-05 5.273015659E-05
130 1.688276607E-05 3.165518639E-05
130.2 2.111486486E-05 1.055743243E-05
130.4 2.535154137E-05 2.112628448E-05
130.6 2.959280303E-05 1.056885823E-05
130.8 3.383865728E-05 2.11491608E-05
131 3.808911159E-05 2.116061755E-05
131.2 4.234417344E-05 2.117208672E-05
131.4 4.660385033E-05 2.062926616E-21
131.6 5.086814976E-05 -1.05975312E-05
131.8 5.089576547E-05 -2.316003612E-20
132 5.092341119E-05 1.0609044E-05
132.2 5.095108696E-05 3.184442935E-05
132.4 5.097879282E-05 1.062058184E-05
132.6 5.100652884E-05 2.542502585E-20
132.8 5.103429505E-05 -2.916567199E-21
133 5.10620915E-05 -1.063793573E-05
133.2 5.108991826E-05 1.064373297E-05
133.4 5.111777535E-05 4.259814613E-05
133.6 5.114566285E-05 1.065534643E-05
133.8 5.117358079E-05 -1.327091007E-21
134 5.120152922E-05 2.133397051E-05
134.2 5.12295082E-05 -5.266097789E-22
134.4 5.552897758E-05 -2.135729907E-05
134.6 5.983315098E-05 -3.205347374E-05
134.8 5.986590038E-05 -1.069033935E-05
135 5.989868565E-05 -1.031550315E-21
135.2 5.993150685E-05 -1.070205479E-05
135.4 5.568119518E-05 -1.785500732E-20
135.6 5.571173889E-05 -2.142759188E-05
135.8 6.003018661E-05 -2.143935236E-05
136 6.006315211E-05 -2.145112576E-05
136.2 6.009615385E-05 -3.219436813E-05
136.4 6.012919186E-05 -3.221206707E-05
136.6 6.016226623E-05 -5.371630913E-05
136.8 6.0195377E-05 -4.299669785E-05
137 6.022852423E-05 -2.151018722E-05
137.2 6.026170799E-05 -3.228305785E-05
137.4 6.029492834E-05 -3.230085447E-05
137.6 6.032818533E-05 -2.154578047E-05
137.8 6.036147903E-05 -2.155767108E-05
138 6.03948095E-05 -2.156957482E-05
138.2 5.611187845E-05 -1.079074586E-05
138.4 5.182421227E-05 1.079671089E-05
138.6 5.185287611E-05 2.160536504E-05
138.8 5.188157167E-05 -1.080866076E-05
139 5.1910299E-05 -2.162929125E-05
139.2 5.193905817E-05 -1.082063712E-05
139.4 5.196784922E-05 5.569791736E-21
139.6 5.199667221E-05 2.964837907E-20
139.8 4.769006659E-05 3.378283664E-20
140 4.337867851E-05 2.168933926E-05
140.2 3.90625E-05 4.520405583E-21
140.4 3.474152307E-05 -1.085672596E-05
140.6 3.041573971E-05 1.086276418E-05
140.8 2.60851419E-05 4.347523651E-05
141 2.17497216E-05 4.349944321E-05
141.2 1.740947075E-05 -3.313875326E-20
141.4 1.306438127E-05 -1.088698439E-05
141.6 8.714445064E-06 -3.267916899E-05
141.8 4.359654018E-06 -4.359654018E-05
142 0 -1.090522055E-05
142.2 0 1.603194752E-20
142.4 0 2.043266388E-20
142.6 0 1.480689884E-21
142.8 0 -5.408041493E-21
143 0 -2.187150056E-05
143.2 0 -9.681232457E-21
143.4 0 -1.094801009E-05
143.6 0 -4.381660123E-05
143.8 0 1.299635452E-20
144 0 1.096645143E-05
144.2 0 2.194522472E-05
144.4 0 2.195756043E-05
144.6 0 9.180429695E-21
144.8 0 1.099113675E-05
145 0 1.099732545E-05
145.2 4.401408451E-06 2.200704225E-05
145.4 8.80777903E-06 1.100972379E-05
145.6 1.321912014E-05 -2.203186689E-05
145.8 1.322658014E-05 -5.511075056E-05
146 1.323404856E-05 -4.41134952E-05
146.2 1.324152542E-05 -2.206920904E-05
146.4 1.766534765E-05 -1.643228483E-20
146.6 2.209417421E-05 1.10470871E-05
146.8 2.652801358E-05 4.21810829E-21
147 3.539071348E-05 2.211919592E-05
147.2 4.426345609E-05 4.426345609E-05
147.4 5.757511338E-05 5.536068594E-05
147.6 6.203913783E-05 3.323525241E-05
147.8 6.207434733E-05 1.108470488E-05
148 6.210959682E-05 1.109099943E-05
148.2 7.546164773E-05 5.548650568E-05
148.4 8.882888005E-05 5.551805003E-05
148.6 9.776734926E-05 3.332977816E-05
148.8 9.782299374E-05 2.223249858E-05
149 0.0001023277335 1.112257973E-05
149.2 0.0001068376068 2.225783476E-05
149.4 0.0001068985177 1.113526226E-05
149.6 0.0001114161438 -9.043328437E-21
149.8 0.0001070205479 1.114797374E-05
150 0.0001026199315 4.461736151E-05
150.2 0.0001026785714 5.580357143E-05
150.4 0.0001072041166 2.233419097E-05
150.6 0.0001117348398 -1.117348398E-05
150.8 0.0001207427018 -2.235975959E-05
151 0.0001208118557 2.237256586E-05
151.2 0.0001208810888 1.119269341E-05
151.4 0.0001209504014 -3.359733372E-05
151.6 0.0001210197935 1.970755714E-20
151.8 0.0001210892652 2.2423938E-05
152 0.0001211588168 -2.434024644E-21
152.2 0.0001212284483 1.122485632E-05
152.4 0.0001212981599 -1.12313111E-05
152.6 0.0001213679517 -4.495109321E-05
152.8 0.0001214378238 1.124424295E-05
153 0.0001215077765 2.250144009E-05
153.2 0.0001215778098 1.125720461E-05
153.4 0.0001171424452 1.037474626E-21
153.6 0.0001172100404 -2.254039238E-05
153.8 0.0001127670323 4.377253803E-20
154 0.0001083188908 -2.256643559E-05
154.2 0.0001128973988 -6.773843931E-05
154.4 0.0001129626952 -5.64813476E-05
154.6 0.0001130280671 -2.260561343E-05
154.8 0.0001085697742 1.130935148E-05
155 0.0001041063152 2.263180765E-05
155.2 9.510869565E-05 1.399671853E-20
155.4 9.063225058E-05 -3.398709397E-05
155.6 8.16163668E-05 1.13356065E-05
155.8 8.166376307E-05 6.805313589E-05
156 7.71717025E-05 5.67438989E-05
156.2 7.721656977E-05 5.677688953E-05
156.4 6.817190227E-05 4.544793485E-05
156.6 5.911670547E-05 4.547438882E-05
156.8 5.91511357E-05 4.550087362E-05
157 5.463286713E-05 1.907089384E-20
157.2 5.010932945E-05 -3.41654519E-05
157.4 5.013856476E-05 -1.139512835E-05
157.6 5.472854641E-05 1.14017805E-05
157.8 5.476051402E-05 -2.281688084E-05
158 5.935856224E-05 -2.283021625E-05
158.2 6.39619883E-05 -5.724555617E-21
158.4 7.314218841E-05 3.428540082E-05
158.6 7.775907494E-05 3.430547424E-05
158.8 8.238137083E-05 1.144185706E-05
159 8.700908558E-05 2.289712778E-05
159.2 8.70601173E-05 3.436583578E-05
159.4 8.711120892E-05 4.584800469E-05
159.6 8.716236054E-05 2.29374633E-05
159.8 9.180376028E-05 -1.147547004E-05
160 9.645061728E-05 -3.444664903E-05
160.2 9.650735294E-05 -3.446691176E-05
160.4 9.656415539E-05 -4.598293114E-05
160.6 0.0001012220259 -3.450750883E-05
160.8 0.000105885386 -1.180555958E-20
161 0.0001151606722 -2.303213443E-05
161.2 0.0001198377581 -2.304572271E-05
161.4 0.0001152966352 -2.305932704E-05
161.6 0.0001061355582 -4.614589486E-05
161.8 0.0001015809693 -3.462987589E-05
162 9.702099349E-05 -2.310023655E-05
162.2 9.707840237E-05 -3.467085799E-05
162.4 9.713587922E-05 -4.625518058E-05
162.6 9.256516588E-05 -1.157064573E-05
162.8 8.798903379E-05 -1.157750445E-05
163 8.340747331E-05 -2.316874259E-05
163.2 7.882047478E-05 -2.318249258E-05
163.4 7.42280285E-05 -3.479438836E-05
163.6 6.963012478E-05 -1.84428615E-20
163.8 6.038198573E-05 3.4835761E-05
164 6.506543724E-05 1.161882808E-05
164.2 6.510416667E-05 2.566542193E-20
164.4 6.514294223E-05 -1.163266825E-05
164.6 6.5181764E-05 -1.163960072E-05
164.8 6.522063208E-05 2.329308289E-05
165 6.525954654E-05 3.496047136E-05
165.2 6.529850746E-05 1.166044776E-05
165.4 6.533751493E-05 -2.333482676E-05
165.6 7.004632397E-05 -1.167438733E-05
165.8 7.00882177E-05 -2.336273923E-05
166 7.013016158E-05 -3.506508079E-05
166.2 6.549401198E-05 1.169535928E-05
166.4 5.61713601E-05 1.170236669E-05
166.6 5.152128297E-05 -1.170938249E-05
166.8 5.155218956E-05 3.514922016E-05
167 4.68937575E-05 3.517031813E-05
167.2 4.692192192E-05 4.692192192E-05
167.4 4.695012019E-05 5.868765024E-05
167.6 4.697835238E-05 -2.99048027E-21
167.8 4.700661853E-05 -2.350330927E-05
168 4.703491872E-05 -1.175872968E-05
168.2 4.706325301E-05 -5.86121324E-21
168.4 4.238245931E-05 8.534950804E-21
168.6 3.76960193E-05 -2.356001206E-05
168.8 3.300392275E-05 -5.893557634E-05
169 3.302385266E-05 -2.358846618E-05
169.2 2.832326284E-05 3.540407855E-05
169.4 2.361698912E-05 1.765754623E-20
169.6 1.890502117E-05 -3.54469147E-05
169.8 1.418734867E-05 -1.182279056E-05
170 9.463961236E-06 1.182995154E-05
170.2 4.734848485E-06 1.183712121E-05
170.4 4.73771983E-06 2.368859915E-05
170.6 4.74059466E-06 2.37029733E-05
170.8 4.743472981E-06 -2.371736491E-05
171 4.7463548E-06 -1.609414653E-21
171.2 0 4.749240122E-05
171.4 0 4.752128954E-05
171.6 0 3.088221859E-20
171.8 0 -3.568437881E-05
172 0 -1.933639515E-20
172.2 0 2.301541543E-20
172.4 0 -2.383312996E-05
172.6 0 -1.192384005E-05
172.8 0 2.066740712E-20
173 0 -1.193841687E-05
173.2 0 2.389143731E-05
173.4 0 4.78121175E-05
173.6 0 -1.196034905E-05
173.8 0 -7.180606618E-05
174 0 -2.395003066E-05
174.2 0 2.396472393E-05
174.4 0 1.067039596E-20
174.6 0 1.199708231E-05
174.8 0 3.601336816E-05
175 0 2.402367774E-05
175.2 0 -1.201923077E-05
175.4 0 -2.731417121E-22
175.6 0 1.20340419E-05
175.8 0 1.204146116E-05
176 0 2.409777915E-05
176.2 0 2.81778412E-20
176.4 4.825509574E-06 -2.412754787E-05
176.6 4.828491965E-06 6.046147586E-21
176.8 4.831478046E-06 2.415739023E-05
177 4.834467822E-06 4.834467822E-05
177.2 4.8374613E-06 4.8374613E-05
177.4 0 1.210114622E-05
177.6 0 1.210864848E-05
177.8 0 2.495892699E-20
178 0 -1.212368094E-05
178.2 0 2.426242236E-05
178.4 0 3.641625233E-05
178.6 0 4.8585199E-05
178.8 0 1.215385812E-05
179 0 -2.432285181E-05
179.2 0 1.216900312E-05
179.4 0 2.435317955E-05
179.6 0 2.43683718E-05
179.8 0 4.876716604E-05
180 0 8.539584635E-05
180.2 0 1.220703125E-05
180.4 4.885866166E-06 -2.442933083E-05
180.6 9.777847309E-06 -8.423951687E-21
180.8 4.891984972E-06 2.445992486E-05
181 0 3.671287594E-05
181.2 0 1.066236702E-20
181.4 0 3.906681654E-20
181.6 0 -3.967530626E-22
181.8 0 3.680511935E-05
182 0 6.138042112E-05
182.2 0 1.228380503E-05
182.4 4.916614223E-06 -2.458307111E-05
182.6 4.919710327E-06 3.689782746E-05
182.8 4.922810334E-06 3.69210775E-05
183 4.92591425E-06 -2.462957125E-05
183.2 4.929022082E-06 -1.232255521E-05
183.4 4.932133838E-06 1.23303346E-05
183.6 4.935249526E-06 1.233812382E-05
183.8 4.938369153E-06 -7.937889283E-21
184 4.941492726E-06 -2.470746363E-05
184.2 4.944620253E-06 1.236155063E-05
184.4 4.947751742E-06 1.236937935E-05
184.6 4.950887199E-06 -2.475443599E-05
184.8 4.954026633E-06 -1.238506658E-05
185 4.957170051E-06 1.239292513E-05
185.2 4.96031746E-06 4.96031746E-05
185.4 4.963468869E-06 9.043389365E-21
185.6 4.966624285E-06 -3.724968214E-05
185.8 4.969783715E-06 -1.242445929E-05
186 9.945894335E-06 3.729710376E-05
186.2 4.97611465E-06 6.220143312E-05
186.4 0 1.269959229E-20
186.6 0 -3.736846301E-05
186.8 4.985641353E-06 -1.246410338E-05
187 4.988825032E-06 -3.741618774E-05
187.2 0 -2.49600639E-05
187.4 4.995204604E-06 1.248801151E-05
187.6 4.998400512E-06 3.151170427E-20
187.8 0 -5.001600512E-05
188 5.004804612E-06 6.414790915E-21
188.2 1.001602564E-05 6.260016026E-05
188.4 1.002245029E-05 2.039369217E-20
188.6 1.002888318E-05 -3.760831194E-05
188.8 1.003532434E-05 1.254415543E-05
189 1.004177378E-05 5.020886889E-05
189.2 1.004823151E-05 -1.256028939E-05
189.4 1.005469755E-05 -1.256837194E-05
189.6 1.006117193E-05 2.515292981E-05
189.8 1.006765464E-05 3.77537049E-05
190 1.007414571E-05 3.777804642E-05
190.2 1.008064516E-05 5.040322581E-05
190.4 1.0087153E-05 6.304470626E-05
190.6 1.009366925E-05 2.523417313E-05
190.8 1.010019392E-05 1.961663735E-20
191 1.010672704E-05 1.26334088E-05
191.2 1.011326861E-05 1.264158576E-05
191.4 1.011981865E-05 2.529954663E-05
191.6 1.012637719E-05 2.531594297E-05
191.8 1.013294423E-05 -3.799854086E-05
192 1.520927969E-05 -5.069759896E-05
192.2 1.521915584E-05 2.58887926E-20
192.4 2.030539311E-05 2.538174139E-05
192.6 2.539824447E-05 -4.100333482E-20
192.8 3.049772284E-05 -1.270738452E-05
193 2.54313151E-05 -1.271565755E-05
193.2 3.053745928E-05 -2.544788274E-05
193.4 3.055736636E-05 -2.546447197E-05
193.6 3.057729941E-05 -2.326452019E-20
193.8 3.059725849E-05 -1.27488577E-05
194 3.572011757E-05 1.275718485E-05
194.2 4.595588235E-05 2.553104575E-05
194.4 5.109548725E-05 -2.511856081E-20
194.6 4.090314136E-05 1.278223168E-05
194.8 3.581368697E-05 1.279060249E-05
195 3.583715596E-05 2.559796855E-05
195.2 4.098360656E-05 3.842213115E-05
195.4 3.588418635E-05 1.281578084E-05
195.6 3.07780696E-05 1.282419567E-05
195.8 3.079829172E-05 2.56652431E-05
196 3.595496384E-05 5.136423406E-05
196.2 4.111842105E-05 7.709703947E-05
196.4 4.114549045E-05 5.143186307E-05
196.6 4.117259552E-05 5.14657444E-05
196.8 4.634970336E-05 7.72495056E-05
197 4.638027704E-05 0.0001159506926
197.2 4.125412541E-05 0.0001031353135
197.4 3.612120211E-05 6.450214663E-05
197.6 3.614507601E-05 6.454477859E-05
197.8 4.133597884E-05 6.458746693E-05
198 4.653375248E-05 3.877812707E-05
198.2 5.691225166E-05 5.17384106E-05
198.4 5.694996687E-05 5.177269715E-05
198.6 5.180702918E-05 7.771054377E-05
198.8 4.665726609E-05 9.072246184E-05
199 4.150066401E-05 9.078270252E-05
199.2 4.15282392E-05 7.78654485E-05
199.4 3.636136968E-05 6.493101729E-05
199.6 2.598968729E-05 0.0001169535928
199.8 2.600699068E-05 6.50174767E-05
200 2.602431712E-05 2.602431712E-05
200.2 2.604166667E-05 6.510416667E-05
200.4 2.084723149E-05 5.211807872E-05
200.6 1.564586115E-05 3.911465287E-05
200.8 1.565631263E-05 5.218770875E-05
201 1.566677807E-05 7.833389037E-05
201.2 1.045150502E-05 5.225752508E-05
201.4 5.229250335E-06 6.536562918E-05
201.6 0 3.924564635E-05
201.8 0 -1.309065013E-05
202 0 1.309942991E-05
202.2 0 1.310822148E-05
202.4 0 2.62340497E-05
202.6 0 1.312584005E-05
202.8 0 1.962228294E-20
203 0 -3.943051817E-05
203.2 0 -5.260942761E-05
203.4 0 -6.580609838E-05
203.6 0 -5.268037761E-05
203.8 0 -3.953694332E-05
204 0 -6.593939905E-05
204.2 0 -2.639358108E-05
204.4 0 -1.320571332E-05
204.6 0 -1.55704103E-19
204.8 0 -1.840914877E-21
205 0 1.32325542E-05
205.2 0 2.431426866E-20
205.4 0 -6.62525441E-05
205.6 0 -3.977851324E-05
205.8 0 -1.326851223E-05
206 0 -1.327753229E-05
206.2 0 -3.985969388E-05
206.4 5.318243703E-06 -6.647804629E-05
206.6 0 -6.652333106E-05
206.8 0 -0.0001198236196
207 0 -0.0001465509891
207.2 0 -0.0001199872014
207.4 0 -6.67050888E-05
207.6 0 -5.340054682E-05
207.8 0 -9.351487688E-05
208 0 -8.021047228E-05
208.2 0 -2.675513699E-05
208.4 0 -2.677347498E-05
208.6 0 -1.339591907E-05
208.8 0 4.021533974E-05
209 0 2.682864011E-05
209.2 0 -4.027061856E-05
209.4 0 -2.686554333E-05
209.6 0 -1.344201652E-05
209.8 0 -4.035382231E-05
210 0 -4.038163336E-05
210.2 0 -5.387931034E-05
210.4 0 -4.04373706E-05
210.6 0 -2.697686464E-05
210.8 0 1.626928579E-20
211 0 1.031624453E-21
211.2 0 -2.703287197E-05
211.4 0 -2.804774297E-20
211.6 0 -1.353516979E-05
211.8 0 -4.063366852E-05
212 0 -1.355395559E-05
212.2 0 -2.712673611E-05
212.4 0 -6.786396803E-05
212.6 0 -8.14933936E-05
212.8 0 -8.155010438E-05
213 0 -6.800574513E-05
213.2 5.444250871E-06 -4.083188153E-05
213.4 5.44804742E-06 -6.810059275E-05
213.6 5.451849267E-06 -0.0001226666085
213.8 0 -0.0001227522696
214 0 -1.364867226E-05
214.2 0 4.097465035E-05
214.4 0 -1.366777467E-05
214.6 0 -2.735469188E-05
214.8 0 -1.368693062E-05
215 0 -2.73930575E-05
215.2 0 1.968028494E-20
215.4 0 -1.371576545E-05
215.6 0 1.372540408E-05
215.8 0 5.494022504E-05
216 0 -4.123416608E-05
216.2 0 -4.126320423E-05
216.4 0 5.505637773E-05
216.6 0 6.886900564E-05
216.8 0 3.289393585E-22
217 0 1.379325565E-05
217.2 0 1.380300353E-05
217.4 0 -5.525106082E-05
217.6 0 -6.911270347E-05
217.8 0 -2.766466006E-05
218 0 -2.768426648E-05
218.2 5.540780142E-06 -5.540780142E-05
218.4 5.544712562E-06 -2.772356281E-05
218.6 5.548650568E-06 2.774325284E-05
218.8 0 4.164445629E-05
219 0 2.778271693E-05
219.2 0 -3.472013183E-20
219.4 0 -4.173344017E-05
219.6 0 -2.784212402E-05
219.8 0 -2.786198288E-05
220 0 -8.364561028E-05
220.2 0 -6.975446429E-05
220.4 0 2.792172981E-05
220.6 0 6.985425608E-05
220.8 5.59234073E-06 4.194255548E-05
221 5.596346705E-06 -2.60849001E-20
221.2 5.600358423E-06 -3.448538514E-20
221.4 5.604375897E-06 6.286684183E-22
221.6 5.608399139E-06 -4.206299354E-05
221.8 5.612428161E-06 -4.209321121E-05
222 5.616462976E-06 -4.212347232E-05
222.2 5.620503597E-06 -5.620503597E-05
222.4 5.624550036E-06 -5.624550036E-05
222.6 5.628602305E-06 -2.814301153E-05
222.8 5.632660418E-06 -4.224495314E-05
223 5.636724387E-06 -7.045905483E-05
223.2 5.640794224E-06 -8.461191336E-05
223.4 5.644869942E-06 -2.822434971E-05
223.6 5.648951555E-06 2.824475777E-05
223.8 5.653039074E-06 1.413259768E-05
224 5.657132513E-06 4.242849385E-05
224.2 5.661231884E-06 4.245923913E-05
224.4 5.665337201E-06 4.249002901E-05
224.6 5.669448476E-06 1.417362119E-05
224.8 5.673565723E-06 -1.418391431E-05
225 0 -1.419422238E-05
225.2 0 -1.420454545E-05
225.4 0 -2.84297671E-05
225.6 0 -4.267571012E-05
225.8 0 -2.847120991E-05
226 0 -1.424598833E-05
226.2 0 -1.425638686E-05
226.4 0 -4.280040175E-05
226.6 0 3.804821128E-20
226.8 0 7.143836869E-05
227 0 2.859626647E-05
227.2 0 1.430860806E-05
227.4 0 7.15954912E-05
227.6 0 4.298881145E-05
227.8 0 2.151239152E-21
228 0 1.435066128E-05
228.2 0 4.308363971E-05
228.4 0 4.311534216E-05
228.6 0 -2.876472754E-05
228.8 0 -5.757184967E-05
229 0 -2.880715339E-05
229.2 0 -2.882841328E-05
229.4 0 -1.442485229E-05
229.6 0 -7.217756837E-05
229.8 0 -0.0001155695266
230 0 -1.445688379E-05
230.2 0 -4.207543229E-20
230.4 0 -1.447831727E-05
230.6 0 4.346717359E-05
230.8 0 2.89996288E-05
231 0 -1.451058692E-05
231.2 0 1.452137546E-05
231.4 0 1.453218006E-05
231.6 0 -2.908600149E-05
231.8 0 -1.43041014E-21
232 0 4.369407159E-05
232.2 0 0.0001020289179
232.4 0 0.0001021051158
232.6 0 1.459734679E-05
232.8 0 1.460826477E-05
233 0 5.847679641E-05
233.2 5.852059925E-06 2.926029963E-05
233.4 1.171289355E-05 1.464111694E-05
233.6 1.758252063E-05 1.454359047E-21
233.8 2.346096096E-05 -1.229841923E-20
234 2.934823441E-05 -6.669055374E-22
234.2 3.52443609E-05 -2.937030075E-05
234.4 4.114936042E-05 -1.469620015E-05
234.6 4.706325301E-05 -1.470726657E-05
234.8 5.298605878E-05 1.471834966E-05
235 5.891779789E-05 -1.175328357E-20
235.2 6.485849057E-05 -1.474056604E-05
235.4 7.08081571E-05 5.900679758E-05
235.6 7.676681784E-05 7.381424792E-05
235.8 8.273449319E-05 7.387008321E-05
236 7.688304315E-05 7.392600303E-05
236.2 7.102272727E-05 5.918560606E-05
236.4 6.51535254E-05 2.961523882E-05
236.6 6.520295903E-05 2.285724291E-21
236.8 6.525246773E-05 -3.374567857E-20
237 6.530205167E-05 1.484137538E-05
237.2 6.535171103E-05 2.970532319E-05
237.4 5.945585997E-05 1.486396499E-05
237.6 5.355102818E-05 -1.487528561E-05
237.8 4.763719512E-05 -4.047723066E-21
238 4.17143402E-05 2.979595728E-05
238.2 3.578244275E-05 1.490935115E-05
238.4 2.984148205E-05 1.492074102E-05
238.6 2.389143731E-05 1.493214832E-05
238.8 2.390971691E-05 4.48307192E-05
239 2.39280245E-05 2.991003063E-05
239.2 2.394636015E-05 -1.49664751E-05
239.4 1.797354294E-05 -1.497795245E-05
239.6 1.199155794E-05 3.497180645E-20
239.8 6.000384025E-06 2.547951989E-20
240 0 -4.503747118E-05
240.2 0 -6.009615385E-05
240.4 0 -1.503560431E-05
240.6 0 4.514156394E-05
240.8 0 1.505878951E-05
241 0 -4.521122685E-05
241.2 0 -3.016409266E-05
241.4 0 -3.549260565E-20
241.6 0 1.51053751E-05
241.8 0 4.535119969E-05
242 0 3.025755229E-05
242.2 0 -2.485659673E-20
242.4 0 1.515224981E-05
242.6 0 4.549204193E-05
242.8 0 6.07031857E-05
243 0 4.55627916E-05
243.2 0 3.039883268E-05
243.4 0 4.563376168E-05
243.6 0 6.089243959E-05
243.8 0 6.09399376E-05
244 0 1.524687744E-05
244.2 0 -5.528195072E-21
244.4 0 1.527071931E-05
244.6 0 3.056533646E-05
244.8 0 3.058927173E-05
245 0 -1.530662226E-05
245.2 0 -3.06372549E-05
245.4 0 1.533065149E-05
245.6 0 3.288017511E-20
245.8 0 -1.535475629E-05
246 0 3.073367427E-05
246.2 0 4.613681102E-05
246.4 0 5.181373149E-20
246.6 0 -1.540319401E-05
246.8 0 3.083070245E-05
247 0 4.628258294E-05
247.2 0 4.631916996E-05
247.4 0 1.545193829E-05
247.6 0 6.185669042E-05
247.8 6.190570523E-06 0.0001238114105
248 6.195479778E-06 6.195479778E-05
248.2 0 1.550099206E-05
248.4 0 9.307982526E-05
248.6 0 9.315381558E-05
248.8 0 3.107597454E-05
249 0 -3.110071656E-05
249.2 6.225099602E-06 -3.112549801E-05
249.4 0 3.115031898E-05
249.6 0 3.321989896E-21
249.8 6.240015974E-06 -1.560003994E-05
250 6.245003997E-06 -1.561250999E-05
250.2 6.25E-06 -3.125E-05
250.4 6.255004003E-06 4.691253002E-05
250.6 6.260016026E-06 0.0001095502804
250.8 6.265036087E-06 4.698777065E-05
251 6.270064205E-06 1.328154262E-20
251.2 6.275100402E-06 -1.5687751E-05
251.4 6.280144695E-06 1.570036174E-05
251.6 6.285197104E-06 4.713897828E-05
251.8 6.290257649E-06 1.572564412E-05
252 6.29532635E-06 1.573831587E-05
252.2 1.260080645E-05 1.575100806E-05
252.4 1.261097659E-05 -7.881860371E-05
252.6 1.262116317E-05 -3.155290792E-05
252.8 6.315683104E-06 4.736762328E-05
253 1.264158576E-05 3.16039644E-05
253.2 1.265182186E-05 -1.581477733E-05
253.4 1.899311183E-05 -4.748277958E-05
253.6 1.900851582E-05 -6.336171938E-05
253.8 2.536525974E-05 1.585328734E-05
254 2.538586515E-05 9.519699431E-05
254.2 2.540650407E-05 1.587906504E-05
254.4 2.542717657E-05 -9.535191212E-05
254.6 2.544788274E-05 -3.180985342E-05
254.8 2.546862266E-05 9.550733496E-05
255 1.911704731E-05 6.372349103E-05
255.2 1.913265306E-05 1.982670708E-20
255.4 1.914828431E-05 -1.595690359E-05
255.6 1.916394113E-05 -5.096729566E-20
255.8 1.278641571E-05 -1.598301964E-05
256 1.27968878E-05 -7.998054873E-05
256.2 0 -0.0001921106557
256.4 0 -0.0001922682527
256.6 0 -0.0001122485632
256.8 0 -4.814605588E-05
257 6.424753289E-06 1.606188322E-05
257.2 6.430041152E-06 -8.03755144E-05
257.4 6.435337727E-06 -0.0001769717875
257.6 1.288128607E-05 -8.050803792E-05
257.8 1.289191419E-05 -1.611489274E-05
258 6.451279934E-06 -1.612819983E-05
258.2 0 -8.070764463E-05
258.4 6.461952026E-06 -3.230976013E-05
258.6 6.467301325E-06 8.084126656E-05
258.8 6.472659486E-06 -1.913008316E-20
259 1.295605307E-05 -0.0001133654643
259.2 1.296680498E-05 -8.104253112E-05
259.4 6.488787375E-06 -3.244393688E-05
259.6 0 -4.587090256E-20
259.8 0 -1.624896007E-05
260 0 -1.626248959E-05
260.2 0 8.931531069E-21
260.4 0 -8.144808173E-05
260.6 0 -0.0001304257095
260.8 0 -8.158416876E-05
261 0 -3.266095318E-05
261.2 0 -3.268828452E-05
261.4 0 -3.271566164E-05
261.6 0 1.936362202E-20
261.8 0 3.285327347E-20
262 0 -4.919710327E-05
262.2 0 -4.923844538E-05
262.4 0 1.642661901E-05
262.6 0 -1.644044613E-05
262.8 0 -4.936288964E-05
263 0 4.940451096E-05
263.2 0 1.648206751E-05
263.4 0 -8.247994088E-05
263.6 0 -8.254966188E-05
263.8 0 -6.609560068E-05
264 0 -8.268945809E-05
264.2 0 -0.0001158633475
264.4 0 -9.93956743E-05
264.6 0 -4.974002547E-05
264.8 0 -4.81007658E-21
265 0 3.321641156E-05
265.2 0 -1.662234043E-05
265.4 0 -3.32729983E-05
265.6 0 1.665068201E-05
265.8 0 1.666488908E-05
266 0 -1.957619105E-20
266.2 0 1.669337607E-05
266.4 0 5.978537352E-21
266.6 0 -1.672196062E-05
266.8 0 -8.344851421E-21
267 0 1.4345782E-20
267.2 0 1.676502146E-05
267.4 0 -8.650851302E-21
267.6 0 -5.038155632E-05
267.8 0 -6.723321859E-05
268 6.729112834E-06 -5.046834625E-05
268.2 1.346982759E-05 2.016435907E-20
268.4 2.022217429E-05 -1.685181191E-05
268.6 2.698618307E-05 -5.059909326E-05
268.8 3.376188418E-05 -3.376188418E-05
269 4.054930796E-05 -5.068663495E-05
269.2 4.734848485E-05 -5.073051948E-05
269.4 5.415944541E-05 1.692482669E-05
269.6 6.098222029E-05 5.081851691E-05
269.8 6.781684028E-05 1.695421007E-05
270 6.787576021E-05 4.890291549E-21
270.2 6.793478261E-05 1.698369565E-05
270.4 6.799390775E-05 1.699847694E-05
270.6 8.166376307E-05 3.402656794E-05
270.8 8.85462075E-05 8.514058413E-05
271 8.862347295E-05 8.521487784E-05
271.2 8.870087336E-05 6.823144105E-05
271.4 8.877840909E-05 8.53638549E-05
271.6 8.885608049E-05 6.835083115E-05
271.8 8.893388792E-05 3.420534151E-05
272 8.901183173E-05 6.847063979E-05
272.2 8.908991228E-05 6.853070175E-05
272.4 8.230904302E-05 0.0001028863038
272.6 6.865114236E-05 8.581392794E-05
272.8 7.55826737E-05 -1.717788039E-05
273 7.564920775E-05 -3.438600352E-05
273.2 7.571585903E-05 -1.720814978E-05
273.4 7.578262787E-05 5.166997354E-05
273.6 7.584951456E-05 0.0001034311562
273.8 7.591651943E-05 5.176126325E-05
274 7.598364279E-05 1.726900973E-05
274.2 6.913716814E-05 6.913716814E-05
274.4 6.919840567E-05 5.189880425E-05
274.6 6.925975177E-05 -7.726447748E-20
274.8 7.625332742E-05 3.466060337E-05
275 8.325932504E-05 8.672846359E-05
275.2 9.722222222E-05 8.680555556E-05
275.4 9.730871886E-05 3.475311388E-05
275.6 9.739536955E-05 -2.795717091E-20
275.8 0.0001044451872 1.740753119E-05
276 0.0001045383586 -3.477319133E-20
276.2 9.765625E-05 3.487723214E-05
276.4 9.076184093E-05 6.981680071E-05
276.6 9.783094812E-05 5.240943649E-05
276.8 9.092435094E-05 1.74854521E-05
277 7.700492832E-05 9.637189319E-21
277.2 6.306053812E-05 1.751681614E-05
277.4 5.610412926E-05 -1.093842574E-22
277.6 4.913522013E-05 -3.50965858E-05
277.8 4.215377698E-05 -7.025629496E-05
278 4.219171917E-05 -7.031953195E-05
278.2 4.222972973E-05 -7.038288288E-05
278.4 4.226780884E-05 -3.522317403E-05
278.6 4.230595668E-05 4.733096679E-20
278.8 4.940153568E-05 1.676105886E-20
279 5.650994575E-05 -1.765935805E-05
279.2 5.656108597E-05 -5.30260181E-05
279.4 5.661231884E-05 -5.307404891E-05
279.6 5.666364461E-05 -5.312216682E-05
279.8 5.671506352E-05 -3.54469147E-05
280 5.676657584E-05 -1.773955495E-05
280.2 5.681818182E-05 -5.326704545E-05
280.4 5.686988171E-05 -3.554367607E-05
280.6 4.98064663E-05 3.398434211E-21
280.8 5.697356427E-05 1.780423883E-05
281 4.989735401E-05 -1.782048358E-05
281.2 5.707762557E-05 -8.918378995E-05
281.4 5.71297989E-05 -3.570612431E-05
281.6 5.71820677E-05 5.360818847E-05
281.8 5.723443223E-05 3.577152015E-05
282 5.728689276E-05 -5.370646196E-05
282.2 6.450688073E-05 -7.167431193E-05
282.4 7.174012856E-05 -7.174012856E-05
282.6 7.898667279E-05 -7.180606618E-05
282.8 8.624655014E-05 -8.984015639E-05
283 9.351979742E-05 -7.193830571E-05
283.2 0.0001008064516 3.600230415E-05
283.4 0.0001081065498 7.207103321E-05
283.6 0.0001082063712 1.80343952E-05
283.8 9.38655268E-05 -7.220425139E-05
284 0.0001011794635 -3.613552266E-05
284.2 0.0001012731481 -7.233796296E-05
284.4 0.0001013670065 -0.0001267087581
284.6 0.000101461039 -3.623608534E-05
284.8 0.0001088091922 0.0001088091922
285 0.000108910316 0.0001270620353
285.2 0.000101744186 4.61402041E-20
285.4 0.0001018389199 2.968551387E-21
285.6 0.0001019338304 5.460740913E-05
285.8 9.474113806E-05 7.287779851E-05
286 8.024042951E-05 5.470938375E-05
286.2 8.031542056E-05 -1.825350467E-05
286.4 8.769878391E-05 -9.22693161E-21
286.6 7.315074906E-05 6.915988178E-21
286.8 8.054123711E-05 1.348500228E-20
287 7.32879925E-05 1.832199812E-05
287.2 8.069248826E-05 -3.667840376E-05
287.4 8.076832707E-05 -3.671287594E-05
287.6 9.554327375E-05 -3.674741298E-05
287.8 0.0001103460452 -3.678201507E-05
288 0.0001251767201 -7.363336475E-05
288.2 0.0001326650943 -9.212853774E-05
288.4 0.0001475448536 -1.84431067E-05
288.6 0.00014768431 4.169923736E-20
288.8 0.0001552152318 -1.847800378E-05
289 0.0001627604167 3.699100379E-05
289.2 0.0001555094787 5.553909953E-05
289.4 0.0001556570209 7.412239089E-05
289.6 0.0001409662868 -4.582003405E-20
289.8 0.0001262476236 1.8565827E-05
290 0.0001115009515 7.433396765E-05
290.2 9.672619048E-05 -1.860119048E-05
290.4 9.681839847E-05 -3.723784557E-05
290.6 8.945610687E-05 -4.617249374E-23
290.8 8.207975167E-05 3.730897803E-05
291 7.468929254E-05 3.734464627E-05
291.2 6.7284689E-05 5.607057416E-05
291.4 5.986590038E-05 3.741618774E-05
291.6 6.741371045E-05 -3.745206136E-05
291.8 7.497600768E-05 -5.623200576E-05
292 8.255283381E-05 -3.752401537E-05
292.2 8.263221154E-05 -2.401825574E-20
292.4 7.519249278E-05 1.87981232E-05
292.6 7.526493256E-05 1.571577055E-20
292.8 7.533751205E-05 -1.883437801E-05
293 7.541023166E-05 -1.885255792E-05
293.2 7.548309179E-05 -1.887077295E-05
293.4 7.555609284E-05 -3.777804642E-05
293.6 7.562923524E-05 -5.672192643E-05
293.8 7.570251938E-05 -3.785125969E-05
294 7.577594568E-05 -2.627228844E-20
294.2 7.584951456E-05 1.896237864E-05
294.4 7.592322643E-05 1.898080661E-05
294.6 7.599708171E-05 1.899927043E-05
294.8 7.607108082E-05 -3.803554041E-05
295 7.614522417E-05 -3.807261209E-05
295.2 7.62195122E-05 1.905487805E-05
295.4 7.629394531E-05 1.907348633E-05
295.6 6.873167155E-05 5.727639296E-05
295.8 6.115459883E-05 1.911081213E-05
296 5.356268364E-05 -3.825905975E-05
296.2 5.361519608E-05 -1.449711889E-20
296.4 4.600098135E-05 1.71801186E-20
296.6 3.069744597E-05 -1.918590373E-05
296.8 2.304572271E-05 -1.920476893E-05
297 1.537893701E-05 1.922367126E-05
297.2 7.697044335E-06 1.924261084E-05
297.4 7.704635108E-06 -3.852317554E-05
297.6 7.712240869E-06 3.141376958E-21
297.8 7.71986166E-06 1.929965415E-05
298 7.727497527E-06 3.863748764E-05
298.2 7.735148515E-06 -1.933787129E-05
298.4 7.742814668E-06 -5.807111001E-05
298.6 7.750496032E-06 -5.812872024E-05
298.8 7.758192651E-06 -5.818644489E-05
299 7.765904573E-06 1.941476143E-05
299.2 7.773631841E-06 3.88681592E-05
299.4 7.781374502E-06 -1.945343625E-05
299.6 7.789132602E-06 -7.789132602E-05
299.8 7.796906188E-06 -3.352822764E-20
300 7.804695305E-06 3.902347652E-05
300.2 7.8125E-06 3.175697595E-20
300.4 7.82032032E-06 -1.802434438E-20
300.6 7.828156313E-06 -4.866959652E-20
300.8 7.836008024E-06 -2.644713825E-20
301 7.843875502E-06 -4.248252001E-20
301.2 7.851758794E-06 -1.002772468E-20
301.4 7.859657948E-06 1.964914487E-05
301.6 7.867573011E-06 1.315770668E-20
301.8 7.875504032E-06 -1.968876008E-05
302 7.88345106E-06 -2.533860643E-20
302.2 7.891414141E-06 -1.972853535E-05
302.4 0 -1.974848332E-05
302.6 0 1.50985346E-20
302.8 0 3.957700101E-05
303 0 3.961713996E-05
303.2 0 5.775903066E-21
303.4 0 1.98488313E-05
303.6 0 3.97380468E-05
303.8 0 -1.988925662E-05
304 0 -3.981906218E-05
304.2 0 1.992984694E-05
304.4 0 -3.990040858E-05
304.6 0 -5.991180982E-05
304.8 0 -3.998208802E-05
305 0 -8.004610656E-05
305.2 0 -2.003205128E-05
305.4 0 2.005261807E-05
305.6 0 -7.364088819E-21
305.8 0 -2.00938786E-05
306 0 -8.045829042E-05
306.2 0 -4.027061856E-05
306.4 0 4.03121775E-05
306.6 0 -2.017691116E-05
306.8 0 4.039555326E-05
307 0 4.04373706E-05
307.2 0 -4.047927461E-05
307.4 0 -2.026063278E-05
307.6 0 -2.028167186E-05
307.8 0 4.060550936E-05
308 0 -6.097164412E-05
308.2 0 -6.103515625E-05
308.4 0 6.109880083E-05
308.6 0 -2.03875261E-05
308.8 0 -0.0001020441484
309 0 4.086035565E-05
309.2 0 0.0001227094241
309.4 0 6.141902516E-05
309.6 0 -2.049449108E-05
309.8 0 -4.103203782E-05
310 0 2.053759201E-05
310.2 0 -6.167763158E-05
310.4 0 -4.116174921E-05
310.6 0 4.120516878E-05
310.8 0 2.062434002E-05
311 0 -4.12922833E-05
311.2 0 -4.133597884E-05
311.4 0 -2.068988347E-05
311.6 0 4.386963642E-20
311.8 0 3.270149526E-20
312 0 -4.151168969E-05
312.2 0 -2.077792553E-05
312.4 0 -2.080005325E-05
312.6 0 -4.164445629E-05
312.8 8.337780149E-06 -2.750736096E-21
313 0 4.173344017E-05
313.2 0 2.088903743E-05
313.4 0 2.091140257E-05
313.6 0 -2.093381565E-05
313.8 0 -2.095627682E-05
314 0 2.097878625E-05
314.2 0 4.200268817E-05
314.4 0 4.204790097E-05
314.6 0 4.209321121E-05
314.8 0 -5.869539625E-20
315 8.436825054E-06 -5.941113335E-20
315.2 1.689189189E-05 6.334459459E-05
315.4 1.691017316E-05 8.166610767E-21
315.6 1.692849404E-05 -6.348185265E-05
315.8 1.694685466E-05 4.236713666E-05
316 1.696525516E-05 0.0001060328447
316.2 1.698369565E-05 8.491847826E-05
316.4 2.550326442E-05 2.125272035E-05
316.6 2.553104575E-05 -6.382761438E-05
316.8 3.40785169E-05 -2.129907306E-05
317 3.411572052E-05 4.264465066E-05
317.2 4.269125683E-05 6.403688525E-05
317.4 5.128555799E-05 2.136898249E-05
317.6 5.989868565E-05 -2.139238773E-05
317.8 5.996436404E-05 -6.424753289E-05
318 6.003018661E-05 2.143935236E-05
318.2 6.009615385E-05 0.0001073145604
318.4 6.016226623E-05 0.0001074326183
318.6 6.022852423E-05 -2.151018722E-05
318.8 5.168136714E-05 -3.019518283E-20
319 4.311534216E-05 0.0001509036976
319.2 4.316298343E-05 8.632596685E-05
319.4 4.321073009E-05 -2.160536504E-05
319.6 4.32585825E-05 -6.488787375E-05
319.8 4.330654102E-05 2.165327051E-05
320 4.335460599E-05 8.670921199E-05
320.2 4.340277778E-05 4.340277778E-05
320.4 4.345105673E-05 -4.345105673E-05
320.6 4.349944321E-05 -8.699888641E-05
320.8 4.354793757E-05 8.9180911E-21
321 4.359654018E-05 -4.840878199E-20
321.2 4.36452514E-05 4.36452514E-05
321.4 4.369407159E-05 6.554110738E-05
321.6 4.374300112E-05 -4.374300112E-05
321.8 4.379204036E-05 4.379204036E-05
322 4.384118967E-05 6.576178451E-05
322.2 4.389044944E-05 -1.094396972E-20
322.4 4.393982002E-05 2.196991001E-05
322.6 4.39893018E-05 4.39893018E-05
322.8 4.403889515E-05 2.201944758E-05
323 4.408860045E-05 4.408860045E-05
323.2 4.413841808E-05 4.413841808E-05
323.4 4.418834842E-05 -2.209417421E-05
323.6 4.423839185E-05 2.211919592E-05
323.8 4.428854875E-05 2.214427438E-05
324 4.433881952E-05 2.216940976E-05
324.2 4.438920455E-05 0.0001109730114
324.4 4.443970421E-05 6.665955631E-05
324.6 4.449031891E-05 4.449031891E-05
324.8 4.454104903E-05 4.454104903E-05
325 4.459189498E-05 -4.459189498E-05
325.2 4.464285714E-05 -2.232142857E-05
325.4 4.469393593E-05 -2.234696796E-05
325.6 4.474513173E-05 -4.474513173E-05
325.8 4.479644495E-05 -2.285496008E-20
326 4.4847876E-05 2.2423938E-05
326.2 4.489942529E-05 4.489942529E-05
326.4 4.495109321E-05 4.495109321E-05
326.6 4.500288018E-05 6.672412279E-20
326.8 4.505478662E-05 -4.505478662E-05
327 4.510681293E-05 -2.255340647E-05
327.2 4.515895954E-05 2.257947977E-05
327.4 4.521122685E-05 -2.260561343E-05
327.6 4.52636153E-05 -8.15209834E-20
327.8 4.531612529E-05 0.0001132903132
328 3.629500581E-05 9.073751452E-05
328.2 3.63372093E-05 2.271075581E-05
328.4 3.637951106E-05 -2.273719441E-05
328.6 4.552738928E-05 -5.040799651E-20
328.8 4.558051342E-05 -6.837077013E-05
329 5.476051402E-05 -0.000136901285
329.2 6.39619883E-05 -6.853070175E-05
329.4 7.318501171E-05 -4.267123922E-20
329.6 7.327080891E-05 -2.289712778E-05
329.8 6.418720657E-05 -2.292400235E-05
330 6.42626322E-05 2.295094007E-05
330.2 6.433823529E-05 -1.243961714E-20
330.4 6.441401649E-05 4.601001178E-05
330.6 6.448997642E-05 -6.90964033E-05
330.8 7.378984652E-05 -6.917798111E-05
331 7.387706856E-05 -2.308658392E-05
331.2 6.471893491E-05 -6.934171598E-05
331.4 6.479561611E-05 -2.741003926E-20
331.6 5.560498221E-05 6.950622776E-05
331.8 4.639251781E-05 3.504910021E-20
332 3.715814507E-05 -0.000139343044
332.2 3.720238095E-05 -9.300595238E-05
332.4 2.793504172E-05 5.402750245E-21
332.6 2.796837709E-05 -3.041896407E-20
332.8 1.866786141E-05 -2.333482676E-05
333 9.345095694E-06 4.067390587E-20
333.2 0 -2.339071856E-05
333.4 0 -4.683752998E-05
333.6 0 -4.68937575E-05
333.8 9.390024038E-06 -0.0001643254207
334 1.880264741E-05 -0.0001645231649
334.2 2.823795181E-05 -7.059487952E-05
334.4 2.827201448E-05 -9.424004825E-05
334.6 2.830615942E-05 -2.358846618E-05
334.8 1.889359129E-05 3.138829417E-20
335 9.458232446E-06 3.134887004E-20
335.2 0 3.301305543E-20
335.4 0 -7.780926011E-21
335.6 0 1.943295725E-20
335.8 0 -2.376064477E-05
336 0 -4.757917174E-05
336.2 9.527439024E-06 2.83496464E-20
336.4 0 2.38476801E-05
336.6 0 -2.387683374E-05
336.8 0 9.692484339E-20
337 0 -2.393535539E-05
337.2 0 3.603223352E-20
337.4 0 -2.399416462E-05
337.6 0 -2.402367774E-05
337.8 0 -2.405326355E-05
338 0 -4.816584464E-05
338.2 9.645061728E-06 -1.666607204E-20
338.4 1.931396786E-05 4.828491965E-05
338.6 1.933787129E-05 1.973352816E-20
338.8 1.936183395E-05 -4.840458488E-05
339 1.938585608E-05 -4.095767155E-20
339.2 1.940993789E-05 2.426242236E-05
339.4 1.94340796E-05 -2.42925995E-05
339.6 1.945828144E-05 6.051974886E-21
339.8 1.948254364E-05 9.74127182E-05
340 1.950686642E-05 7.315074906E-05
340.2 1.953125E-05 4.8828125E-05
340.4 1.955569462E-05 4.888923655E-05
340.6 2.937030075E-05 -4.895050125E-05
340.8 3.920953576E-05 -4.90119197E-05
341 4.907349246E-05 4.907349246E-05
341.2 4.913522013E-05 2.456761006E-05
341.4 5.903652393E-05 -2.507093926E-20
341.6 6.89627995E-05 1.101725221E-21
341.8 7.891414141E-05 -1.504291044E-20
342 8.889064475E-05 2.469184576E-05
342.2 9.889240506E-05 2.472310127E-05
342.4 0.0001089195184 1.26373435E-20
342.6 0.0001090577411 2.478585025E-05
342.8 0.0001191232529 -3.687285364E-21
343 0.0001292143766 -3.92714842E-20
343.2 0.0001393312102 7.464171975E-05
343.4 0.000149473852 2.491230867E-05
343.6 0.000159642401 -2.494412516E-05
343.8 0.0001698369565 2.497602302E-05
344 0.0001700544174 7.502400768E-05
344.2 0.0001802884615 5.875809976E-20
344.4 0.0001905487805 -7.521662388E-05
344.6 0.0002008354756 2.510443445E-05
344.8 0.0002111486486 7.541023166E-05
345 0.0002315560567 -7.356337612E-21
345.2 0.0002318548387 2.52016129E-05
345.4 0.000242248062 7.570251938E-05
345.6 0.0002526681759 2.526681759E-05
345.8 0.000263115285 -2.529954663E-05
346 0.0002735894942 -5.066472114E-05
346.2 0.0002840909091 -1.634737889E-20
346.4 0.0003047789337 7.619473342E-05
346.6 0.0003051757812 5.086263021E-05
346.8 0.0003157594524 -2.784567497E-20
347 0.000316171671 2.54977154E-05
347.2 0.0003165849673 7.659313725E-05
347.4 0.0003067735602 5.11289267E-05
347.6 0.0003071756225 -2.559796855E-05
347.8 0.0003075787402 2.563156168E-05
348 0.0003079829172 5.13304862E-05
348.2 0.0003083881579 2.569901316E-05
348.4 0.0003087944664 5.14657444E-05
348.6 0.000309201847 -1.577524369E-20
348.8 0.0003096103038 5.160171731E-05
349 0.000320353836 5.166997354E-05
349.2 0.0003207781457 -0.0001034768212
349.4 0.0003315649867 -5.180702918E-05
349.6 0.0003320053121 7.781374502E-05
349.8 0.0003428357713 7.791722074E-05
350 0.0003328894807 7.802097204E-05
350.2 0.0003229166667 7.8125E-05
350.4 0.000312917223 2.607643525E-05
350.6 0.0003237800802 7.833389037E-05
350.8 0.0003242135207 5.229250335E-05
351 0.0003246481233 -5.236260054E-05
351.2 0.0003250838926 -2.621644295E-05
351.4 0.0003255208333 -4.060091317E-20
351.6 0.0003259589502 -8.162896539E-21
351.8 0.000326398248 2.632243935E-05
352 0.0003162955466 2.635796221E-05
352.2 0.000316722973 -4.907131457E-20
352.4 0.0003171515562 -3.152094887E-20
352.6 0.0003175813008 -2.64651084E-05
352.8 0.0003074118046 4.558486022E-20
353 0.0003078294837 7.961107337E-05
353.2 0.0002869897959 5.31462585E-05
353.4 0.0002873807902 -1.210073591E-19
353.6 0.0002877728513 2.664563438E-05
353.8 0.0002881659836 8.004610656E-05
354 0.000277872777 0.000106874145
354.2 0.0002675513699 2.675513699E-05
354.4 0.0002572016461 5.358367627E-05
354.6 0.000236092033 0.0001341432005
354.8 0.0002364167813 8.059662999E-05
355 0.000225981405 2.690254821E-05
355.2 0.0002262931034 5.387931034E-05
355.4 0.0002158149171 0.0001348843232
355.6 0.0002053077455 0.0002161134163
355.8 0.000183950831 0.0001623095568
356 0.000173370319 5.417822469E-05
356.2 0.0001736111111 2.712673611E-05
356.4 0.0001629867872 3.470237248E-20
356.6 0.0001523328691 8.160689415E-05
356.8 0.0001416492329 2.72402371E-05
357 0.0001309357542 -0.0001636696927
357.2 0.0001201923077 -5.463286713E-05
357.4 0.0001094187675 0.0001094187675
357.6 9.861500701E-05 -2.73930575E-05
357.8 8.778089888E-05 -8.22945927E-05
358 7.691631505E-05 -7.524289625E-20
358.2 6.602112676E-05 5.501760563E-05
358.4 5.509520451E-05 -6.639452854E-21
358.6 5.51730226E-05 -8.27595339E-05
358.8 4.420084866E-05 -2.762553041E-05
359 3.319759207E-05 -3.131445841E-20
359.2 2.216312057E-05 -5.540780142E-05
359.4 2.219460227E-05 -5.548650568E-05
359.6 2.222617354E-05 -2.778271693E-05
359.8 2.225783476E-05 -5.564458689E-05
360 1.114479315E-05 -2.786198288E-05
360.2 0 -5.580357143E-05
360.4 0 -5.588340486E-05
360.6 0 -2.798173352E-05
360.8 0 -2.232684148E-20
361 0 2.80621408E-05
361.2 0 8.430755396E-05
361.4 0 8.442903458E-05
361.6 0 2.362436702E-20
361.8 0 -4.881599248E-20
362 0 8.479558611E-05
362.2 1.132246377E-05 0.0001132246377
362.4 1.133889695E-05 5.035851501E-21
362.6 1.135537791E-05 5.677688953E-05
362.8 1.137190684E-05 0.0001421488355
363 0 0.0001138848397
363.2 0 -2.851277372E-05
363.4 0 -5.255249887E-20
363.6 0 8.578879941E-05
363.8 0 -1.787517668E-21
364 0 5.736049927E-05
364.2 0 5.744485294E-05
364.4 1.150589102E-05 -2.876472754E-05
364.6 1.152286136E-05 -2.880715339E-05
364.8 2.307976366E-05 5.769940916E-05
365 3.467085799E-05 2.889238166E-05
365.2 3.472222222E-05 5.787037037E-05
365.4 3.477373887E-05 0.0001159124629
365.6 2.321693908E-05 5.80423477E-05
365.8 1.162574405E-05 2.906436012E-05
366 0 2.910767511E-05
366.2 0 3.318646203E-20
366.4 0 2.919469357E-05
366.6 0 0.0001169535928
366.8 0 5.856446777E-05
367 0 -4.789891854E-20
367.2 0 5.87406015E-05
367.4 0 5.882906627E-05
367.6 0 5.891779789E-05
367.8 0 2.950339879E-05
368 0 -2.954803328E-05
368.2 0 2.959280303E-05
368.4 0 0.0001185508346
368.6 0 0.000118731003
368.8 0 8.918378995E-05
369 0 5.95464939E-05
369.2 0 -2.981870229E-05
369.4 0 -2.986429664E-05
369.6 0 6.87898656E-21
369.8 0 3.237486646E-20
370 0 -3.000192012E-05
370.2 0 -3.017404226E-20
370.4 0 6.018875193E-05
370.6 0 6.02816358E-05
370.8 0 3.01874034E-05
371 1.209365325E-05 -9.129132932E-20
371.2 2.42248062E-05 6.05620155E-05
371.4 3.639363354E-05 9.098408385E-05
371.6 3.645023328E-05 9.11255832E-05
371.8 3.650700935E-05 6.084501558E-05
372 3.656396256E-05 6.09399376E-05
372.2 3.662109375E-05 6.103515625E-05
372.4 3.667840376E-05 9.169600939E-05
372.6 3.673589342E-05 9.183973354E-05
372.8 3.679356358E-05 3.066130298E-05
373 3.685141509E-05 -3.070951258E-05
373.2 3.690944882E-05 -9.227362205E-05
373.4 3.696766562E-05 -8.412173086E-20
373.6 3.702606635E-05 3.085505529E-05
373.8 3.70846519E-05 3.090387658E-05
374 3.714342314E-05 -3.095285261E-05
374.2 3.720238095E-05 -9.300595238E-05
374.4 3.726152623E-05 -6.210254372E-05
374.6 3.732085987E-05 -1.153706158E-21
374.8 3.738038278E-05 -3.115031898E-05
375 2.49600639E-05 -9.360023962E-05
375.2 2.5E-05 -9.375E-05
375.4 2.50400641E-05 -6.260016026E-05
375.6 2.508025682E-05 -3.135032103E-05
375.8 1.256028939E-05 -6.280144695E-05
376 0 -0.000125805153
376.2 0 -6.300403226E-05
376.4 0 6.310581583E-05
376.6 0 -6.32079288E-05
376.8 0 -3.165518639E-05
377 0 3.170657468E-05
377.2 0 -3.175813008E-05
377.4 0 3.180985342E-05
377.6 0 3.186174551E-05
377.8 0 -3.191380719E-05
378 0 -3.196603928E-05
378.2 0 -4.763571708E-20
378.4 0 6.414203612E-05
378.6 0 3.212376645E-05
378.8 0 -6.435337727E-05
379 0 -3.222978548E-05
379.2 0 3.228305785E-05
379.4 0 3.233650662E-05
379.6 0 -1.657386646E-19
379.8 0 -3.244393688E-05
380 0 -3.249792013E-05
380.2 0 3.255208333E-05
380.4 0 3.260642738E-05
380.6 0 -6.573048206E-20
380.8 0 -7.985567569E-21
381 0 -4.64683138E-21
381.2 0 -1.581463411E-20
381.4 0 -7.937382834E-20
381.6 0 -9.036251121E-20
381.8 0 -3.299197635E-05
382 0 -3.304780034E-05
382.2 0 -3.310381356E-05
382.4 0 -6.632003396E-05
382.6 0 -3.321641156E-05
382.8 0 -2.807576413E-20
383 0 3.332977816E-05
383.2 0 0.0001001602564
383.4 0 0.0001003317637
383.6 0 6.70025729E-05
383.8 0 6.711769759E-05
384 0 0.0001008498279
384.2 0 0.0001346982759
384.4 0 0.0001011981865
384.6 0 6.758217993E-05
384.8 0 6.769930676E-05
385 0 6.781684028E-05
385.2 0 3.39673913E-05
385.4 0 6.805313589E-05
385.6 0 0.0001022578534
385.8 0 0.0001024366259
386 0 0.0001710267075
386.2 0 0.0001027960526
386.4 1.373022847E-05 1.506949932E-20
386.6 2.750880282E-05 -3.438600352E-05
386.8 4.133597884E-05 3.444664903E-05
387 5.521201413E-05 3.450750883E-05
387.2 5.530973451E-05 -3.456858407E-05
387.4 5.540780142E-05 3.462987589E-05
387.6 5.55062167E-05 2.063607818E-20
387.8 5.560498221E-05 -0.0001390124555
388 5.570409982E-05 -0.0002088903743
388.2 5.580357143E-05 -6.975446429E-05
388.4 5.590339893E-05 0.000104818873
388.6 5.600358423E-05 7.000448029E-05
388.8 5.610412926E-05 -7.013016158E-05
389 5.620503597E-05 -0.0001053844424
389.2 5.630630631E-05 -5.964514566E-20
389.4 5.640794224E-05 1.968490676E-20
389.6 5.650994575E-05 3.531871609E-05
389.8 5.661231884E-05 0.0001061480978
390 5.671506352E-05 -2.346062205E-20
390.2 5.681818182E-05 -0.0001420454545
390.4 4.269125683E-05 -7.115209472E-05
390.6 4.276916058E-05 7.128193431E-05
390.8 4.284734918E-05 9.344568371E-21
391 2.861721612E-05 -0.0001430860806
391.2 2.866972477E-05 -0.0001433486239
391.4 1.436121324E-05 3.590303309E-05
391.6 0 7.193830571E-05
391.8 0 -3.603551661E-05
392 0 -6.037216495E-20
392.2 0 0.0001085069444
392.4 0 7.247217069E-05
392.6 1.452137546E-05 3.630343866E-05
392.8 1.454841713E-05 3.040964691E-20
393 2.91511194E-05 -3.643889925E-05
393.2 4.380841121E-05 -3.650700935E-05
393.4 4.389044944E-05 -3.371249231E-21
393.6 4.39727955E-05 6.80548659E-21
393.8 4.405545113E-05 -3.152710568E-20
394 4.413841808E-05 -7.356403013E-05
394.2 2.948113208E-05 -0.0001474056604
394.4 4.430529301E-05 -0.000221526465
394.6 2.959280303E-05 -0.0001109730114
394.8 2.964895636E-05 7.412239089E-05
395 4.455798479E-05 -7.426330798E-05
395.2 4.464285714E-05 5.437299807E-20
395.4 4.472805344E-05 7.454675573E-05
395.6 4.481357553E-05 3.734464627E-05
395.8 4.489942529E-05 3.741618774E-05
396 4.498560461E-05 7.497600768E-05
396.2 4.507211538E-05 0.0001126802885
396.4 4.515895954E-05 7.526493256E-05
396.6 4.5246139E-05 -3.258050609E-20
396.8 4.533365571E-05 -1.92376578E-20
397 4.542151163E-05 1.238730972E-19
397.2 4.550970874E-05 -0.0001137742718
397.4 4.559824903E-05 -7.599708171E-05
397.6 4.56871345E-05 3.807261209E-05
397.8 4.577636719E-05 7.629394531E-05
398 4.586594912E-05 3.822162427E-05
398.2 4.595588235E-05 4.127126579E-20
398.4 4.604616896E-05 7.674361493E-05
398.6 4.613681102E-05 7.689468504E-05
398.8 4.622781065E-05 3.394980826E-20
399 4.631916996E-05 -1.086889405E-19
399.2 4.641089109E-05 -3.867574257E-05
399.4 4.650297619E-05 -3.875248016E-05
399.6 4.659542744E-05 3.51943406E-20
399.8 4.668824701E-05 -7.267281171E-20
400 4.678143713E-05 -3.898453094E-05
400.2 4.6875E-05 -7.8125E-05
400.4 4.696893788E-05 -3.885970857E-20
400.6 4.706325301E-05 -1.324845679E-19
400.8 4.715794769E-05 -3.929828974E-05
401 4.725302419E-05 -3.937752016E-05
401.2 4.734848485E-05 3.945707071E-05
401.4 4.744433198E-05 7.907388664E-05
401.6 4.754056795E-05 3.961713996E-05
401.8 4.763719512E-05 3.96976626E-05
402 4.773421589E-05 -6.614714355E-20
402.2 4.783163265E-05 7.971938776E-05
402.4 4.792944785E-05 3.994120654E-05
402.6 4.802766393E-05 4.002305328E-05
402.8 4.812628337E-05 8.021047228E-05
403 4.822530864E-05 0.000200938786
403.2 3.221649485E-05 0.0001610824742
403.4 4.842458678E-05 0.0001210614669
403.6 1.617494824E-05 4.04373706E-05
403.8 3.241701245E-05 -4.052126556E-05
404 1.624220374E-05 4.060550936E-05
404.2 3.255208333E-05 3.706290594E-21
404.4 3.262004175E-05 -0.0001223251566
404.6 3.268828452E-05 -0.0002043017782
404.8 4.913522013E-05 -4.094601677E-05
405 6.56512605E-05 -3.936747093E-21
405.2 8.223684211E-05 4.111842105E-05
405.4 8.241033755E-05 -4.120516878E-05
405.6 8.25845666E-05 -8.25845666E-05
405.8 8.27595339E-05 -9.412168608E-21
406 8.293524416E-05 8.293524416E-05
406.2 9.973404255E-05 -8.311170213E-05
406.4 6.663113006E-05 -8.328891258E-05
406.6 1.669337607E-05 -7.793757577E-20
406.8 5.018736617E-05 -4.182280514E-05
407 3.353004292E-05 -4.191255365E-05
407.2 3.360215054E-05 -8.400537634E-05
407.4 5.051185345E-05 -8.418642241E-05
407.6 5.062095032E-05 4.218412527E-05
407.8 3.382034632E-05 0.0002113771645
408 1.694685466E-05 5.845024011E-21
408.2 5.095108696E-05 4.245923913E-05
408.4 6.808278867E-05 8.510348584E-05
408.6 8.528930131E-05 8.528930131E-05
408.8 0.000102571116 0.0002564277899
409 0.0001027960526 0.0001284950658
409.2 0.000103021978 5.010967712E-20
409.4 0.0001032488987 4.302037445E-05
409.6 0.0001207229581 8.623068433E-05
409.8 0.0001209900442 8.642146018E-05
410 0.0001385809313 4.330654102E-05
410.2 0.00015625 8.680555556E-05
410.4 0.0001565979955 8.699888641E-05
410.6 0.0001743861607 2.300229437E-19
410.8 0.0001572986577 0.0001747762864
411 0.0001401345291 0.0002627522422
411.2 0.0001228932584 0.0002194522472
411.4 0.0001055743243 0.0001319679054
411.6 0.0001058126411 4.408860045E-05
411.8 0.0001060520362 4.418834842E-05
412 0.000106292517 1.191131306E-20
412.2 0.0001065340909 -4.438920455E-05
412.4 0.0001245728929 -4.449031891E-05
412.6 0.0001426940639 -8.918378995E-05
412.8 0.0001608981693 -0.0001340818078
413 0.0001791857798 -0.0001791857798
413.2 0.0001975574713 -0.0001346982759
413.4 0.0002160138249 4.305866647E-20
413.6 0.0002165127021 7.264638631E-20
413.8 0.0002170138889 1.095373029E-19
414 0.0002175174014 -4.531612529E-05
414.2 0.0002180232558 -4.542151163E-05
414.4 0.0002003205128 9.105477855E-05
414.6 0.0002007885514 9.126752336E-05
414.8 0.0002012587822 -4.574063232E-05
415 0.0002017312207 -0.0001375440141
415.2 0.0002022058824 -0.0001838235294
415.4 0.0002211084906 4.606426887E-05
415.6 0.0001846926714 0.0001385195035
415.8 0.0002036433649 -0.0001851303318
416 0.0001855700713 -0.0001855700713
416.2 0.0002046130952 4.650297619E-05
416.4 0.0001864558473 -9.322792363E-05
416.6 0.0002055921053 -0.0002336273923
416.8 0.0002060851319 -4.683752998E-05
417 0.0002065805288 -0.0001408503606
417.2 0.0002070783133 -0.000188253012
417.4 0.0002075785024 4.717693237E-05
417.6 0.0002080811138 0.0001418734867
417.8 0.000208586165 0.0001896237864
418 0.000209093674 3.621069753E-20
418.2 0.0002096036585 -0.0001905487805
418.4 0.0001910146699 1.859357999E-19
418.6 0.0001914828431 -4.787071078E-05
418.8 0.0001727579853 -0.0002399416462
419 0.0001731834975 4.810652709E-05
419.2 0.0001543209877 0.0001446759259
419.4 0.0001547029703 -0.0001450340347
419.6 0.0001357009926 -9.69292804E-05
419.8 0.0001360385572 -7.647108637E-20
420 0.0001558603491 -0.0001461190773
420.2 0.00015625 -9.765625E-05
420.4 0.0001762218045 -4.895050125E-05
420.6 0.0001766645729 -0.0001962939698
420.8 0.0001967884131 -4.919710327E-05
421 0.0001775568182 9.864267677E-05
421.2 0.0001780063291 -4.944620253E-05
421.4 0.0001784581218 -1.209469499E-19
421.6 0.0001590330789 0.0001490935115
421.8 0.0001195790816 -4.982461735E-05
422 7.992327366E-05 -0.0002997122762
422.2 6.009615385E-05 -0.0003004807692
422.4 6.025064267E-05 -0.0003514620823
422.6 6.040592784E-05 -0.0002013530928
422.8 6.05620155E-05 -0.0001514050388
423 0.0001011981865 -0.0002023963731
423.2 0.0001217532468 -5.073051948E-05
423.4 0.0001424153646 2.729303601E-20
423.6 0.0001223890339 5.099543081E-05
423.8 8.180628272E-05 7.833975448E-20
424 6.151574803E-05 -0.0001025262467
424.2 4.111842105E-05 -5.139802632E-05
424.4 2.061345646E-05 5.153364116E-05
424.6 0 1.397560191E-19
424.8 0 8.915329632E-20
425 0 1.740672634E-21
425.2 0 -5.208333333E-05
425.4 0 0.0001566677807
425.6 0 0.0001047252011
425.8 2.100134409E-05 -5.250336022E-05
426 2.105795148E-05 6.513588444E-20
426.2 2.111486486E-05 1.50607586E-21
426.4 2.117208672E-05 9.385938012E-20
426.6 2.122961957E-05 -9.574839869E-20
426.8 2.128746594E-05 -3.601504253E-20
427 2.134562842E-05 5.336407104E-05
427.2 2.140410959E-05 5.351027397E-05
427.4 4.292582418E-05 -9.360672907E-20
427.6 4.304407713E-05 -1.254321676E-19
427.8 4.316298343E-05 -2.069469761E-19
428 4.328254848E-05 -5.41031856E-05
428.2 2.170138889E-05 -5.425347222E-05
428.4 2.176183844E-05 5.44045961E-05
428.6 2.18226257E-05 5.455656425E-05
428.8 2.18837535E-05 -2.585231126E-20
429 2.194522472E-05 -1.152641E-19
429.2 2.200704225E-05 5.501760563E-05
429.4 2.206920904E-05 -5.51730226E-05
429.6 2.213172805E-05 -5.532932011E-05
429.8 2.219460227E-05 0.0001109730114
430 2.225783476E-05 5.564458689E-05
430.2 2.232142857E-05 0.0001116071429
430.4 2.238538682E-05 0.0001678904011
430.6 2.244971264E-05 0.0001122485632
430.8 2.251440922E-05 0.0001125720461
431 2.257947977E-05 5.644869942E-05
431.2 2.264492754E-05 0.0001132246377
431.4 2.271075581E-05 0.0003406613372
431.6 2.277696793E-05 0.000341654519
431.8 2.284356725E-05 0.0001142178363
432 2.291055718E-05 -2.330412553E-19
432.2 2.297794118E-05 5.744485294E-05
432.4 2.304572271E-05 0.0001152286136
432.6 2.311390533E-05 0.0001155695266
432.8 2.318249258E-05 0.0001738686944
433 0 0.0001162574405
433.2 2.332089552E-05 5.830223881E-05
433.4 2.339071856E-05 0.0001754303892
433.6 2.346096096E-05 0.0001173048048
433.8 4.706325301E-05 0.0001764871988
434 4.720543807E-05 0.0002360271903
434.2 4.734848485E-05 5.918560606E-05
434.4 2.374620061E-05 0.000118731003
434.6 4.763719512E-05 0.0001786394817
434.8 2.389143731E-05 -5.972859327E-05
435 2.396472393E-05 7.395583844E-20
435.2 0 6.009615385E-05
435.4 0 0.0001205632716
435.6 0 0.0004232778638
435.8 2.426242236E-05 6.06560559E-05
436 4.867601246E-05 -0.0002433800623
436.2 4.8828125E-05 -0.0001220703125
436.4 9.796238245E-05 -6.122648903E-05
436.6 0.0001228380503 -5.712579657E-20
436.8 0.0001232255521 -0.0002464511041
437 9.889240506E-05 -0.000370846519
437.2 9.920634921E-05 -3.693275546E-20
437.4 7.464171975E-05 -6.220143312E-05
437.6 4.99201278E-05 -0.0003120007987
437.8 2.50400641E-05 -0.0001252003205
438 2.512057878E-05 7.282720273E-20
438.2 2.52016129E-05 6.300403226E-05
438.4 2.528317152E-05 6.32079288E-05
438.6 2.536525974E-05 6.341314935E-05
438.8 2.544788274E-05 6.361970684E-05
439 2.553104575E-05 -0.0001276552288
439.2 2.56147541E-05 -0.0001280737705
439.4 2.569901316E-05 -0.0001284950658
439.6 0 1.701714647E-19
439.8 0 0.000258692053
440 0 0.0001297757475
440.2 2.604166667E-05 -0.0001302083333
440.4 2.612876254E-05 -0.0001306438127
440.6 2.621644295E-05 6.554110738E-05
440.8 2.63047138E-05 6.576178451E-05
441 2.639358108E-05 -0.0001319679054
441.2 2.648305085E-05 -0.0002648305085
441.4 2.657312925E-05 -0.0001992984694
441.6 2.666382253E-05 1.005635552E-19
441.8 2.675513699E-05 0.0001337756849
442 2.684707904E-05 6.711769759E-05
442.2 2.693965517E-05 -0.0001346982759
442.4 2.703287197E-05 -0.0001351643599
442.6 2.712673611E-05 -1.88408883E-19
442.8 2.722125436E-05 3.647335954E-20
443 2.731643357E-05 -6.829108392E-05
443.2 2.74122807E-05 -6.853070175E-05
443.4 2.750880282E-05 1.683097398E-19
443.6 0 7.204363885E-20
443.8 0 -6.925975177E-05
444 0 -5.636009872E-20
444.2 0 -5.608300225E-20
444.4 0 -7.000448029E-05
444.6 0 0.0001405125899
444.8 0 7.05099278E-05
445 0 1.254303823E-19
445.2 0 7.102272727E-05
445.4 0 -2.396335785E-20
445.6 0 5.508419234E-20
445.8 0 2.68850261E-19
446 0 -7.207103321E-05
446.2 0 -0.0001446759259
446.4 0 -0.0001452137546
446.6 0 -0.000145755597
446.8 0 1.726113662E-19
447 0 7.342575188E-05
447.2 0 -7.370283019E-05
447.4 0 -0.0001479640152
447.6 0 -7.426330798E-05
447.8 0 7.454675573E-05
448 0 -2.364970784E-20
448.2 0 -7.512019231E-05
448.4 0 2.295393081E-19
448.6 0 5.970995004E-20
448.8 0 1.365604594E-20
449 0 1.889401313E-19
449.2 0 -1.236234684E-19
449.4 0 -7.689468504E-05
449.6 0 -7.71986166E-05
449.8 0 7.750496032E-05
450 0 0.00015562749
450.2 0 7.8125E-05
450.4 0 2.378301914E-20
450.6 0 7.875504032E-05
450.8 0 -1.615011352E-19
451 3.175813008E-05 7.93953252E-05
451.2 0 2.52632522E-20
451.4 0 -8.004610656E-05
451.6 0 0.0001607510288
451.8 0 0.0001614152893
452 0 8.104253112E-05
452.2 0 2.119602246E-20
452.4 0 -1.927034384E-19
452.6 0 1.786365192E-19
452.8 0 1.003693811E-19
453 0 -8.27595339E-05
453.2 3.324468085E-05 -2.632842046E-20
453.4 0 -8.289797017E-20
453.6 3.353004292E-05 -8.38251073E-05
453.8 6.734913793E-05 -1.65586116E-19
454 6.764069264E-05 0.0001691017316
454.2 0 0.0001698369565
454.4 0 -8.528930131E-05
454.6 3.426535088E-05 2.373757377E-20
454.8 6.883259912E-05 0.0001720814978
455 6.913716814E-05 0.0002592643805
455.2 3.472222222E-05 0.0002604166667
455.4 0 0.0001743861607
455.6 3.503363229E-05 0.0003503363229
455.8 0 0.0003519144144
456 7.070135747E-05 0.0001767533937
456.2 7.102272727E-05 8.877840909E-05
456.4 7.134703196E-05 -8.918378995E-05
456.6 0.0001075114679 -0.0004479644495
456.8 0.0001800115207 -0.0001800115207
457 0.0001808449074 9.04224537E-05
457.2 0.0002180232558 -9.084302326E-05
457.4 0.0002190420561 2.070102496E-19
457.6 0.0002200704225 1.685904395E-19
457.8 0.0002579599057 1.984048984E-19
458 0.0002591824645 -9.256516588E-05
458.2 0.0003348214286 -0.0001860119048
458.4 0.0004111842105 -9.345095694E-05
458.6 0.0004507211538 -1.655907068E-20
458.8 0.0004906400966 -1.53460169E-19
459 0.0005309466019 -9.48118932E-05
459.2 0.0005716463415 -9.527439024E-05
459.4 0.0005744485294 -9.574142157E-05
459.6 0.0005772783251 -9.621305419E-05
459.8 0.0005801361386 9.668935644E-05
460 0.0006218905473 -9.717039801E-05
460.2 0.000703125 -0.00029296875
460.4 0.0007851758794 -0.0001962939698
460.6 0.0008285984848 -0.0001972853535
460.8 0.0008724619289 9.914340102E-05
461 0.0008370535714 0.0001992984694
461.2 0.0008814102564 -0.0001001602564
461.4 0.0009262242268 0.0002013530928
461.6 0.0008905440415 0.0004047927461
461.8 0.0008544921875 0.0002034505208
462 0.0008180628272 0.0002045157068
462.2 0.0008223684211 0.0001027960526
462.4 0.0008267195767 0.0002066798942
462.6 0.0007480053191 0.0002077792553
462.8 0.0007520053476 -1.655168826E-20
463 0.0007560483871 0.0002100134409
463.2 0.0007179054054 0.0004222972973
463.4 0.0005944293478 0.0002122961957
463.6 0.0006403688525 0.0001067281421
463.8 0.0006438873626 -1.002214494E-20
464 0.0006906077348 -0.0001079074586
464.2 0.0006944444444 -1.708659416E-19
464.4 0.0007419692737 3.200304908E-20
464.6 0.0007461376404 0.0001097261236
464.8 0.0007503531073 0.0001103460452
465 0.0007990056818 -1.721622658E-19
465.2 0.0008035714286 0.0001116071429
465.4 0.0007632902299 0.0001122485632
465.6 0.0007225433526 -4.452371578E-21
465.8 0.0007721656977 7.250746215E-20
466 0.0007766812865 7.702259592E-20
466.2 0.0007352941176 -1.111276661E-19
466.4 0.0007396449704 1.900251246E-19
466.6 0.000744047619 0.0001162574405
466.8 0.000748502994 0.0001169535928
467 0.0007530120482 0.0001176581325
467.2 0.0007575757576 0.0002367424242
467.4 0.000762195122 0.0001190929878
467.6 0.0007668711656 -1.787065241E-20
467.8 0.0007716049383 -0.0001205632716
468 0.0008249223602 -0.0001213121118
468.2 0.000830078125 -0.0001220703125
468.4 0.0008352987421 -0.0001228380503
468.6 0.000840585443 -2.328316304E-19
468.8 0.0009454617834 0.0001244028662
469 0.0009515224359 0.000250400641
469.2 0.0009576612903 0.0001260080645
469.4 0.0009638798701 0.0001268262987
469.6 0.0009191176471 0.0002553104575
469.8 0.0009765625 0.0001284950658
470 0.0009830298013 -0.0001293460265
470.2 0.0009375 0.0001302083333
470.4 0.0008913590604 0.0001310822148
470.6 0.0008973817568 -0.0003959037162
470.8 0.0009034863946 -0.0001328656463
471 0.0009096746575 0.0002675513699
471.2 0.0008620689655 0.0004040948276
471.4 0.0008138020833 0.0002712673611
471.6 0.000819493007 5.160617172E-20
471.8 0.0007702464789 -9.628354137E-21
472 0.0008311170213 -1.746595097E-19
472.2 0.00078125 -0.0001395089286
472.4 0.0006744604317 -0.0001405125899
472.6 0.0006793478261 0.0001415307971
472.8 0.0006843065693 -0.0001425638686
473 0.0006318933824 -0.0002872242647
473.2 0.0005787037037 0.0001446759259
473.4 0.0005247201493 0.000145755597
473.6 0.000469924812 2.0754373E-20
473.8 0.0004142992424 3.712463653E-19
474 0.0003578244275 1.725359027E-19
474.2 0.0003004807692 -0.0001502403846
474.4 0.000242248062 0.0001514050388
474.6 0.0001831054688 0.0001525878906
474.8 0.0001230314961 -3.161730986E-19
475 0.0001240079365 -0.0001550099206
475.2 0.000125 -0.00046875
475.4 6.300403226E-05 -0.0003150201613
475.6 6.351626016E-05 -0.0004763719512
475.8 6.403688525E-05 -0.0004802766393
476 6.45661157E-05 -0.0004842458678
476.2 6.510416667E-05 -0.00048828125
476.4 6.56512605E-05 -0.0001641281513
476.6 6.620762712E-05 -0.0001655190678
476.8 6.677350427E-05 -0.0001669337607
477 6.734913793E-05 -0.0001683728448
477.2 6.793478261E-05 -0.000339673913
477.4 6.853070175E-05 -0.0003426535088
477.6 6.913716814E-05 -0.0003456858407
477.8 6.975446429E-05 -0.0003487723214
478 7.038288288E-05 -0.0003519144144
478.2 7.102272727E-05 -0.0005326704545
478.4 7.167431193E-05 -0.001075114679
478.6 7.233796296E-05 -0.0007233796296
478.8 7.301401869E-05 -0.0003650700935
479 7.370283019E-05 -0.0003685141509
479.2 0 -0.000744047619
479.4 7.512019231E-05 -0.0005634014423
479.6 7.584951456E-05 1.155422393E-19
479.8 0 -0.0003829656863
480 0 -0.0001933787129
480.2 0 -1.260153071E-19
480.4 0 7.891827525E-21
480.6 0 -0.0001992984694
480.8 0 4.137876549E-19
481 0 0.0002034505208
481.2 0 0.0002055921053
481.4 0 3.76674361E-19
481.6 0 5.268701802E-19
481.8 0 2.048592334E-19
482 0 -0.0002146291209
482.2 0 -0.0002170138889
482.4 0 -0.0002194522472
482.6 0 4.393489211E-20
482.8 0 -5.955906421E-20
483 0 2.761166906E-19
483.2 0 -1.24625829E-19
483.4 0 -3.335860822E-19
483.6 0 -3.7428049E-19
483.8 0 1.849349089E-19
484 0 -4.333031269E-20
484.2 0 -6.587680855E-19
484.4 0 -4.504944101E-19
484.6 0 -3.927545777E-19
484.8 0 -1.896328364E-19
485 0 -4.161219282E-19
485.2 0 3.136075644E-19
485.4 0 2.514269244E-19
485.6 0 -1.716526508E-19
485.8 0 3.762451763E-20
486 0 -8.667808254E-19
486.2 0 -5.591566466E-19
486.4 0 -1.963701336E-19
486.6 0 1.30472391E-19
486.8 0 4.313336299E-19
487 0 2.87970839E-19
487.2 0 7.945571211E-22
487.4 0 -4.825227188E-19
487.6 0 1.195508428E-19
487.8 0 3.710406716E-20
488 0 -2.961230578E-19
488.2 0 -7.258443311E-19
488.4 0 3.765743073E-19
488.6 0 9.932971257E-20
488.8 0 6.961444552E-20
489 0 -6.273238155E-20
489.2 0 8.981843156E-21
489.4 0 5.777129799E-19
489.6 0 2.222541068E-19
489.8 0 -8.385381205E-19
490 0 1.510486859E-19
490.2 0 3.441458875E-19
490.4 0 -2.754692774E-19
490.6 0 -2.624854782E-19
490.8 0 1.513700297E-19
491 0 -2.379562505E-19
491.2 0 7.014135754E-19
491.4 0 6.598679183E-19
491.6 0 2.235002113E-19
491.8 0 2.099262216E-19
492 0 9.121270286E-19
492.2 0 1.453935831E-18
492.4 0 1.336504821E-19
492.6 0 9.481413527E-19
492.8 0 9.842059985E-19
493 0 -5.951147453E-19
493.2 0 8.243147159E-19
493.4 0 1.63321895E-18
493.6 0 8.778709808E-19
493.8 0 1.215642302E-18
494 0 9.533212475E-19
494.2 0 1.595394547E-18
494.4 0 1.381023191E-18
494.6 0 4.967437897E-19
494.8 0 1.107176428E-18
495 0 -9.40685045E-19
495.2 0 -1.677629399E-19
495.4 0 -5.301711132E-19
495.6 0 1.995352277E-19
495.8 0 -2.576136709E-19
496 0 -2.301739925E-18
496.2 0 -3.011539879E-18
496.4 0 2.219407066E-18
496.6 0 1.417384269E-18
496.8 0 -1.584073807E-18
497 0 -4.864905082E-18
497.2 0 -2.168702056E-18
497.4 0 -3.644012146E-18
497.6 0 -2.945944471E-18
497.8 0 -3.011696943E-18
498 0 -2.139450119E-18
498.2 0 -2.65305521E-18
498.4 0 4.415699088E-19
498.6 0 4.721919687E-18
498.8 0 -3.181410255E-18
499 0 -2.569062819E-18
499.2 0 -5.415567595E-18
499.4 0 -5.836572395E-18
499.6 0 -4.780325697E-18
499.8 0 -5.139764806E-18
500 0 2.169904943E-17
