0 0.00737517493 -8.590313874E-05
0.2 0.006525 0.00146875
0.4 0.006149334734 0.0004767532013
0.6 0.005823408727 0.0004065752602
0.8 0.005531637966 0.0003910943132
1 0.005267803486 0.0003364758614
1.2 0.005016282565 0.0003052980962
1.4 0.004767692462 0.0001957823777
1.6 0.004547106899 0.0001410198556
1.8 0.004348289526 0.0003135032103
2 0.004161857688 0.0002665847049
2.2 0.003984688755 6.275100402E-05
2.4 0.003813655082 9.416432302E-05
2.6 0.003655044212 0.0001256028939
2.8 0.003518295135 7.068003619E-05
3 0.003390863837 0.0001099909493
3.2 0.00326332998 4.715794769E-05
3.4 0.003138838567 2.358846618E-05
3.6 0.003017393274 7.079389851E-05
3.8 0.00290529311 6.29532635E-05
4 0.002796251511 4.723397823E-05
4.2 0.002696572581 4.725302419E-05
4.4 0.002590510286 7.090812828E-05
4.6 0.002487515133 7.093674334E-05
4.8 0.002384436819 7.88504239E-05
5 0.002284430533 7.888226979E-06
5.2 0.002206439394 -4.734848485E-05
5.4 0.002128385206 3.157841552E-05
5.6 0.002050267893 -2.36933886E-05
5.8 0.001965766586 -4.74059466E-05
6 0.001900166936 3.161675435E-05
6.2 0.001831351215 7.907388664E-05
6.4 0.001749822803 0.00011865887
6.6 0.001687221434 7.913796596E-05
6.8 0.001621402513 8.708704905E-05
7 0.001558698297 3.960107461E-05
7.2 0.00150862069 4.754056795E-05
7.4 0.001448990463 0.0001268262987
7.6 0.001398827649 1.585972391E-05
7.8 0.001354970552 -1.586616572E-05
8 0.001298379724 1.587261276E-05
8.2 0.001244918699 8.462065736E-21
8.4 0.001194591297 1.588552257E-05
8.6 0.00115057974 -7.945992677E-06
8.8 0.001106532357 -5.564458689E-05
9 0.001062449104 2.385739007E-05
9.2 0.001015147658 9.546843177E-05
9.4 0.0009837255501 -7.95894458E-06
9.6 0.0009522778231 -7.962189156E-06
9.8 0.0009271767945 3.186174551E-05
10 0.0008988678091 -7.171817625E-05
10.2 0.0008769132653 -0.0001355229592
10.4 0.0008517507146 -5.58263577E-05
10.6 0.0008265676062 2.393535539E-05
10.8 0.0007917858602 3.99085615E-05
11 0.0007569756746 -6.387980376E-05
11.2 0.0007221370143 -7.189417178E-05
11.4 0.0006936630524 -3.99575491E-05
11.6 0.0006715616046 -7.994781007E-05
11.8 0.0006334459459 -4.798832924E-05
12 0.0006049006555 -3.200532569E-05
12.2 0.0005699282787 -2.401383197E-05
12.4 0.0005445366954 -8.007892579E-05
12.6 0.0005191242822 -0.0001281788351
12.8 0.0005001025851 -8.815910956E-05
13 0.0004682368637 -4.810652709E-05
13.2 0.0004491786448 -9.625256674E-05
13.4 0.0004172658176 -0.0001604868529
13.6 0.0003981709823 -0.0001284422524
13.8 0.0003758480674 -8.834035773E-05
14 0.0003567204854 -6.427396133E-05
14.2 0.0003407921811 -4.822530864E-05
14.4 0.0003216344175 -4.020430218E-05
14.6 0.0003024608731 -4.826503295E-05
14.8 0.0002864905233 -5.633240626E-05
15 0.0002833882935 -4.025401896E-05
15.2 0.0002770618557 -3.221649485E-05
15.4 0.0002675072195 -8.05744637E-05
15.6 0.0002643933141 -8.866848948E-05
15.8 0.0002612768373 -5.644869942E-05
16 0.0002613847584 -8.874173895E-05
16.2 0.0002614927686 -9.684917355E-05
16.4 0.0002519119471 -8.074100868E-05
16.6 0.000242323201 -1.615488007E-05
16.8 0.0002359588333 4.040390981E-05
17 0.0002328228477 2.425237997E-05
17.2 0.000229684265 -1.617494824E-05
17.4 0.000226543082 -6.472659486E-05
17.6 0.0002233992955 -0.0001133184832
17.8 0.0002137748756 -0.0001133654643
18 0.0002106231854 -9.721070095E-05
18.2 0.0002107105809 -0.0001215637967
18.4 0.000210798049 -9.729140722E-05
18.6 0.0002108855897 -1.622196844E-05
18.8 0.0002174646863 -4.057176984E-05
19 0.00021430798 -3.247090607E-05
19.2 0.0002111486486 2.436330561E-05
19.4 0.0002112364809 -3.249792013E-05
19.6 0.0002145755306 8.127861007E-06
19.8 0.0002146648626 4.065622398E-05
20 0.0002082465639 1.626926281E-05
20.2 0.000205078125 3.255208333E-05
20.4 0.0002051636098 4.070706544E-05
20.6 0.0002019912427 2.443442452E-05
20.8 0.0002020755111 1.629641218E-05
21 0.0002021598497 2.445482053E-05
21.2 0.0002022442589 -1.631002088E-05
21.4 0.0002023287385 8.158416876E-06
21.6 0.0001991485583 7.345643544E-05
21.8 0.0001926996237 4.082619147E-05
22 0.0001927802175 -3.267461313E-05
22.2 0.0001928608787 -4.903242678E-05
22.4 0.0001896714106 1.635098368E-05
22.6 0.0001897508375 5.725240787E-05
22.8 0.0001865573942 3.272936741E-05
23 0.0001866355826 -4.911462699E-05
23.2 0.0001801624738 -4.913522013E-05
23.4 0.0001704068792 -4.096319211E-05
23.6 0.0001606430969 -4.098038187E-05
23.8 0.0001508711167 1.639903442E-05
24 0.0001476532969 3.281184376E-05
24.2 0.0001477153361 4.923844538E-05
24.4 0.0001412095418 1.641971417E-05
24.6 0.0001346982759 -3.285323802E-05
24.8 0.0001314682373 -2.465029449E-05
25 0.0001348116582 3.288089226E-05
25.2 0.0001381578947 -2.467105263E-05
25.4 0.0001415069503 -8.227148273E-05
25.6 0.0001448588285 -9.05367678E-05
25.8 0.0001482135329 -4.11704258E-05
26 0.0001515710671 -4.118778996E-05
26.2 0.0001549314346 -0.0001071334388
26.4 0.0001615924441 -1.648902491E-05
26.6 0.0001682590794 -5.773595861E-05
26.8 0.0001782319392 -0.0001320236586
27 0.0001849112426 -9.905959425E-05
27.2 0.0001849894292 -0.0001321353066
27.4 0.0001883724619 -0.0001321912014
27.6 0.000191758358 -9.91853576E-05
27.8 0.0001951471211 -8.268945809E-05
28 0.0001985387548 -4.963468869E-05
28.2 0.0001953125 -6.620762712E-05
28.4 0.0001987070793 -0.0001159124629
28.6 0.0002054177269 -6.626378287E-05
28.8 0.0002121340687 -3.314594824E-05
29 0.0002188561121 -8.290004244E-05
29.2 0.0002189490446 -5.805467091E-05
29.4 0.000215723237 -4.148523789E-05
29.6 0.0002124946876 -8.300573736E-05
29.8 0.000212585034 -8.304102891E-05
30 0.0002060293492 -6.646108039E-05
30.2 0.0002061170213 -1.662234043E-05
30.4 0.000206204768 8.314708387E-06
30.6 0.0002062925894 -8.318249574E-06
30.8 0.0002030517682 -2.496538134E-05
31 0.0001998081841 3.330136402E-05
31.2 0.0001965618337 3.331556503E-05
31.4 0.0001899797355 -2.499733362E-05
31.6 0.0001833920188 5.835200598E-05
31.8 0.0001767986763 4.169780102E-05
32 0.00017353695 -5.005873558E-05
32.2 0.0001769497863 -4.173344017E-05
32.4 0.0001636650278 8.35025652E-06
32.6 0.000150368905 0.0001085997648
32.8 0.0001370614035 8.357402653E-05
33 0.0001270869007 -8.360980308E-06
33.2 0.0001204496788 -2.509368308E-05
33.4 0.0001138067695 5.857701371E-05
33.6 0.0001038094728 3.34869267E-05
33.8 0.0001005038593 -0.0001340051458
34 0.0001005469755 -2.513674389E-05
34.2 0.0001005901288 5.029506438E-05
34.4 9.392443109E-05 -3.354443967E-05
34.6 9.060889175E-05 -5.87279854E-05
34.8 9.400515685E-05 2.517995273E-05
35 8.396926053E-05 7.557233448E-05
35.2 7.392473118E-05 -2.52016129E-05
35.4 5.71482358E-05 -1.680830465E-05
35.6 4.70835127E-05 3.36310805E-05
35.8 4.373923342E-05 5.88797373E-05
36 3.702606635E-05 2.524504524E-05
36.2 3.030711207E-05 -8.418642241E-06
36.4 2.69512721E-05 -2.526681759E-05
36.6 2.359253667E-05 -5.055543572E-05
36.8 2.023090203E-05 8.429542512E-06
37 2.698618307E-05 1.686636442E-05
37.2 2.362311015E-05 -1.687365011E-05
37.4 2.363331893E-05 -5.064282627E-05
37.6 2.364353653E-05 -7.599708171E-05
37.8 2.027465398E-05 -3.379108997E-05
38 2.028342709E-05 -3.380571181E-05
38.2 2.029220779E-05 -1.691017316E-05
38.4 2.03009961E-05 -5.921123863E-05
38.6 2.030979203E-05 -7.61617201E-05
38.8 2.031859558E-05 -8.466081491E-06
39 2.371530789E-05 -8.469752819E-05
39.2 2.372559653E-05 -9.320770065E-05
39.4 2.034505208E-05 -2.54313151E-05
39.6 1.696157186E-05 -1.696157186E-05
39.8 1.696894005E-05 -2.545341008E-05
40 2.037157757E-05 -4.244078661E-05
40.2 2.377717391E-05 -5.944293478E-05
40.4 2.718573293E-05 -4.24777077E-05
40.6 3.059725849E-05 -2.54977154E-05
40.8 3.061057902E-05 -4.251469308E-05
41 3.062391115E-05 -5.95464939E-05
41.2 3.404139434E-05 -8.510348584E-06
41.4 3.065061029E-05 8.514058413E-06
41.6 3.066397732E-05 1.06814304E-21
41.8 3.067735602E-05 1.704297557E-05
42 2.728066347E-05 3.410082933E-05
42.2 2.729257642E-05 1.705786026E-05
42.4 1.706531236E-05 -4.266328091E-05
42.6 1.707277098E-05 -4.268192745E-05
42.8 2.391233056E-05 -5.124070835E-05
43 2.39227909E-05 -2.563156168E-05
43.2 2.393326039E-05 3.419037199E-05
43.4 2.05232049E-05 3.420534151E-05
43.6 2.053219448E-05 -8.555081034E-06
43.8 1.711765995E-05 -2.567648992E-05
44 1.71251644E-05 -2.56877466E-05
44.2 1.713267544E-05 -3.426535088E-05
44.4 1.371215445E-05 -1.714019307E-05
44.6 1.371817384E-05 -1.71477173E-05
44.8 1.715524813E-05 -3.431049627E-05
45 2.402789982E-05 -6.865114236E-05
45.2 2.747252747E-05 -6.009615385E-05
45.4 2.748460862E-05 8.588940193E-06
45.6 3.093378795E-05 8.592718874E-06
45.8 3.438600352E-05 -3.438600352E-05
46 3.784125936E-05 -6.020200352E-05
46.2 4.129955947E-05 -4.302037445E-05
46.4 4.476090789E-05 1.72157338E-05
46.6 4.822530864E-05 1.471417234E-20
46.8 5.169276577E-05 -8.615460962E-06
47 4.48201677E-05 8.619263019E-06
47.2 5.518763797E-05 -1.724613687E-05
47.4 6.21135159E-05 8.626877208E-06
47.6 6.214096332E-05 2.328278611E-20
47.8 6.90760389E-05 -2.590351459E-05
48 7.6017249E-05 8.638323751E-06
48.2 8.642146018E-05 -1.728429204E-05
48.4 8.991810536E-05 -1.729194334E-05
48.6 9.687776794E-05 5.189880425E-05
48.8 0.0001038435977 2.596089942E-05
49 0.0001038896277 8.657468972E-06
49.2 0.0001074002217 6.062915743E-05
49.4 0.0001143799911 3.466060337E-05
49.6 0.0001213659565 -4.334498447E-05
49.8 0.0001283581261 -7.805561723E-05
50 0.0001318858285 -3.470679698E-05
50.2 0.0001354166667 -1.736111111E-05
50.4 0.0001354768786 -8.684415296E-06
50.6 0.0001390124555 1.737655694E-05
50.8 0.0001460280374 8.692145082E-06
51 0.0001460930543 -3.278673711E-20
51.2 0.0001496380846 8.699888641E-06
51.4 0.0001531862745 4.351882799E-05
51.6 0.0001532545698 1.741529202E-05
51.8 0.0001602921499 -1.742305977E-05
52 0.00015687751 1.743083445E-05
52.2 0.0001639229911 5.231584821E-05
52.4 0.0001639962037 5.233921393E-05
52.6 0.0001675603217 3.490840036E-05
52.8 0.0001746200268 2.619300402E-05
53 0.0001781920841 8.734906082E-06
53.2 0.0001852628635 6.985463662E-21
53.4 0.0001923399731 -8.742726052E-06
53.6 0.0001994234214 -1.864458729E-21
53.8 0.0002065132168 -8.750560036E-06
54 0.0002171111609 -2.626344688E-05
54.2 0.0002242152466 -1.186902277E-20
54.4 0.0002348306415 8.762337371E-06
54.6 0.0002384425494 -8.766270197E-06
54.8 0.0002455657836 -2.631061967E-05
55 0.0002526954178 -1.75482929E-05
55.2 0.0002528089888 -2.633426966E-05
55.4 0.0002564354766 -5.269222122E-05
55.6 0.0002600652272 -2.635796221E-05
55.8 0.0002566662916 -1.46871868E-20
56 0.0002497467357 -5.726963301E-21
56.2 0.0002393018018 -1.759572072E-05
56.4 0.0002288474538 -1.760365029E-05
56.6 0.0002219059964 -1.761158702E-05
56.8 0.000214958277 -5.285859269E-05
57 0.0002009532942 -3.52549639E-05
57.2 0.0001869356659 6.937597519E-21
57.4 0.000176434056 8.8217028E-06
57.6 0.0001623926796 -3.530275644E-05
57.8 0.0001554023508 -5.297807414E-05
58 0.0001378052917 -1.96438827E-20
58.2 0.0001237273756 -1.460199519E-21
58.4 0.0001167100498 -8.841670439E-06
58.6 0.0001061480978 2.653702446E-05
58.8 9.911644767E-05 -8.849682827E-06
59 8.85369447E-05 -2.31883918E-20
59.2 8.149092971E-05 4.428854875E-05
59.4 7.798321234E-05 8.861728675E-06
59.6 7.092600999E-05 8.865751248E-06
59.8 6.386239782E-05 1.773955495E-05
60 6.034189005E-05 -8.87380736E-06
60.2 5.326704545E-05 -4.438920455E-05
60.4 4.973851751E-05 -2.664563438E-05
60.6 4.620677889E-05 -1.777183803E-05
60.8 4.267182522E-05 -1.777992717E-05
61 3.913365209E-05 1.778802368E-05
61.2 3.559225513E-05 4.691983421E-22
61.4 3.560847767E-05 -1.780423883E-05
61.6 3.5624715E-05 -4.453089375E-05
61.8 3.564096715E-05 -2.673072536E-05
62 3.922295755E-05 2.67429256E-05
62.2 3.924086758E-05 -1.783675799E-05
62.4 4.282777524E-05 -8.922453175E-06
62.6 4.641796161E-05 3.570612431E-05
62.8 5.001143118E-05 -8.930612711E-06
63 5.360818847E-05 -2.680409424E-05
63.2 5.720823799E-05 -1.787757437E-05
63.4 6.081158425E-05 -8.942880037E-06
63.6 6.441823179E-05 1.789395328E-05
63.8 6.802818515E-05 -1.790215399E-05
64 7.164144888E-05 -3.582072444E-05
64.2 7.884174312E-05 -3.583715596E-05
64.4 8.246328591E-05 -1.792680128E-05
64.6 7.891414141E-05 -4.855261125E-21
64.8 8.253904456E-05 -4.485817639E-05
65 7.539636949E-05 -2.692727482E-05
65.2 7.543103448E-05 2.693965517E-05
65.4 7.187212511E-05 3.593606256E-05
65.6 7.190520018E-05 3.595260009E-05
65.8 6.834139042E-05 3.596915285E-05
66 6.837286965E-05 2.698929065E-05
66.2 6.840437788E-05 1.800115207E-05
66.4 6.843591517E-05 1.800945136E-05
66.6 6.486392989E-05 1.80177583E-05
66.8 6.12886479E-05 2.703910937E-05
67 5.771006464E-05 5.41031856E-05
67.2 5.773672055E-05 4.510681293E-05
67.4 5.415318854E-05 9.025531423E-06
67.6 5.056634304E-05 9.029704115E-06
67.8 5.058973173E-05 9.033880666E-06
68 4.699791763E-05 1.459551815E-20
68.2 3.978587963E-05 -2.712673611E-05
68.4 3.980430755E-05 -6.332503474E-05
68.6 4.344300278E-05 -9.050625579E-06
68.8 4.346314325E-05 9.054821511E-06
69 4.710691095E-05 9.059021336E-06
69.2 4.350348028E-05 9.063225058E-06
69.4 3.989670381E-05 -5.44045961E-05
69.6 4.354389224E-05 -9.071644217E-06
69.8 4.356412639E-05 2.7227579E-05
70 4.358437936E-05 -6.356055323E-05
70.2 4.360465116E-05 -7.26744186E-05
70.4 4.362494183E-05 -6.577577715E-21
70.6 4.000814711E-05 1.818552142E-05
70.8 3.638798323E-05 1.819399162E-05
71 3.276444548E-05 -1.820246971E-05
71.2 2.913752914E-05 -2.731643357E-05
71.4 2.550722948E-05 -1.821944963E-05
71.6 2.551913206E-05 1.822795147E-05
71.8 2.553104575E-05 5.470938375E-05
72 2.554297057E-05 2.736746847E-05
72.2 2.555490654E-05 -1.825350467E-05
72.4 2.921926134E-05 -1.826203834E-05
72.6 2.923292797E-05 -3.285121669E-21
72.8 3.290243332E-05 -9.13956481E-06
73 3.657537453E-05 9.143843633E-06
73.2 4.025175644E-05 1.829625293E-05
73.4 3.660965323E-05 -9.120709887E-21
73.6 3.296413502E-05 -1.831340835E-05
73.8 2.9315197E-05 -9.160999062E-06
74 2.566283435E-05 1.165027657E-20
74.2 2.567488263E-05 2.750880282E-05
74.4 2.568694223E-05 3.669563175E-05
74.6 2.569901316E-05 1.835643797E-05
74.8 2.571109544E-05 2.754760226E-05
75 2.572318909E-05 2.756055974E-05
75.2 2.573529412E-05 2.757352941E-05
75.4 2.574741055E-05 2.75865113E-05
75.6 2.575953839E-05 -9.199835139E-06
75.8 2.577167766E-05 4.602085297E-05
76 2.578382838E-05 3.683404055E-05
76.2 2.579599057E-05 -6.448997642E-05
76.4 2.580816423E-05 -5.530320906E-05
76.6 2.582034939E-05 -5.532932011E-05
76.8 2.583254606E-05 6.320009739E-21
77 2.584475425E-05 1.846053875E-05
77.2 2.5856974E-05 -9.23463357E-06
77.4 2.58692053E-05 9.239001892E-06
77.6 2.588144818E-05 -1.84867487E-05
77.8 2.589370265E-05 -9.247750947E-06
78 2.590596874E-05 2.775639507E-05
78.2 2.591824645E-05 4.628258294E-05
78.4 2.59305358E-05 3.704362257E-05
78.6 2.594283681E-05 2.779589658E-05
78.8 2.59551495E-05 9.269696251E-06
79 2.596747388E-05 -9.705459396E-21
79.2 2.96912114E-05 2.783551069E-05
79.4 2.970532319E-05 1.8565827E-05
79.6 2.971944841E-05 9.287327627E-06
79.8 2.973358706E-05 1.858349191E-05
80 2.602927178E-05 -0
80.2 2.232142857E-05 -1.860119048E-05
80.4 1.861005241E-05 -1.861005241E-05
80.6 1.861892278E-05 -9.309461392E-06
80.8 1.862780162E-05 9.313900811E-06
81 2.236402672E-05 7.454675573E-05
81.2 2.237470167E-05 8.390513126E-05
81.4 2.238538682E-05 1.865448902E-05
81.6 2.239608218E-05 -9.331700908E-06
81.8 2.614125239E-05 -2.80084847E-05
82 2.989000478E-05 -1.868125299E-05
82.2 2.990430622E-05 -4.672547847E-05
82.4 3.365844902E-05 -2.804870752E-05
82.6 3.741618774E-05 1.870809387E-05
82.8 4.117752755E-05 3.743411596E-05
83 4.494247363E-05 5.617809204E-05
83.2 4.871103118E-05 4.683752998E-05
83.4 5.248320537E-05 6.560400672E-05
83.6 5.250840134E-05 8.438850216E-05
83.8 5.253362152E-05 8.442903458E-05
84 5.255886593E-05 2.815653532E-05
84.2 5.258413462E-05 -4.695012019E-05
84.4 5.260942761E-05 -1.878908129E-05
84.6 5.263474495E-05 2.819718479E-05
84.8 5.266008666E-05 -6.681650365E-21
85 5.268545279E-05 -9.40811657E-06
85.2 5.271084337E-05 -1.88253012E-05
85.4 5.273625844E-05 -2.825156702E-05
85.6 5.276169802E-05 -9.42173179E-06
85.8 5.278716216E-05 2.827883687E-05
86 5.281265089E-05 7.544664413E-05
86.2 5.283816425E-05 6.604770531E-05
86.4 5.286370227E-05 3.775978734E-05
86.6 5.666706963E-05 4.722255803E-05
86.8 5.669448476E-05 7.559264635E-05
87 5.672192643E-05 8.508288964E-05
87.2 5.674939467E-05 5.674939467E-05
87.4 5.677688953E-05 4.731407461E-05
87.6 5.680441105E-05 5.680441105E-05
87.8 5.683195926E-05 3.788797284E-05
88 5.685953421E-05 2.84297671E-05
88.2 5.688713592E-05 3.792475728E-05
88.4 6.070908208E-05 2.845738222E-05
88.6 6.453474247E-05 9.490403304E-06
88.8 6.836412251E-05 1.011992305E-20
89 7.219722763E-05 -0
89.2 7.603406326E-05 -9.504257908E-06
89.4 7.987463486E-05 -2.364764232E-20
89.6 8.371894788E-05 -6.759760257E-21
89.8 8.75670078E-05 -9.518153021E-06
90 9.141882009E-05 -9.522793759E-06
90.2 9.527439024E-05 -9.527439024E-06
90.4 9.913372377E-05 -1.906417765E-05
90.6 0.0001068115234 -2.861022949E-05
90.8 0.0001106802638 -4.770701026E-05
91 0.0001145527859 -3.818426197E-05
91.2 0.0001184290954 -2.865220049E-05
91.4 0.0001223091977 -9.555406067E-06
91.6 0.0001223690651 -9.560083211E-06
91.8 0.0001262548972 -3.825905975E-05
92 0.0001263167565 9.569451249E-06
92.2 0.0001263786765 2.872242647E-05
92.4 0.0001264406572 9.578837666E-06
92.6 0.0001226692836 6.708476447E-05
92.8 0.0001188942072 6.711769759E-05
93 0.0001151154224 9.592951866E-06
93.2 0.0001113329238 2.045865524E-20
93.4 0.000107546706 -1.920476893E-05
93.6 0.0001037567634 -9.607107723E-06
93.8 9.996309055E-05 4.780733989E-20
94 9.616568193E-05 2.733193069E-20
94.2 9.236453202E-05 -1.924261084E-05
94.4 8.855963529E-05 -1.925209463E-05
94.6 8.475098619E-05 3.852317554E-05
94.8 8.479279724E-05 5.781327084E-05
95 8.097852912E-05 3.856120434E-05
95.2 7.716049383E-05 2.893518519E-05
95.4 7.333868577E-05 3.85993083E-05
95.6 7.337493821E-05 1.930919427E-05
95.8 7.341122651E-05 2.897811573E-05
96 7.344755072E-05 6.764905987E-05
96.2 7.348391089E-05 3.867574257E-05
96.4 7.352030708E-05 2.902117385E-05
96.6 7.355673935E-05 2.9035555E-05
96.8 7.359320773E-05 9.683316807E-06
97 7.36297123E-05 3.875248016E-05
97.2 7.36662531E-05 6.785049628E-05
97.4 7.370283019E-05 5.818644489E-05
97.6 7.373944362E-05 3.881023348E-05
97.8 7.765904573E-05 3.882952286E-05
98 7.381277971E-05 3.884883143E-05
98.2 7.384950249E-05 9.717039801E-06
98.4 6.99975112E-05 2.916562967E-05
98.6 5.836030876E-05 4.863359064E-05
98.8 5.060413553E-05 2.919469357E-05
99 5.062936191E-05 2.920924726E-05
99.2 5.065461347E-05 3.896508728E-05
99.4 4.678143713E-05 3.898453094E-05
99.6 3.900399401E-05 2.925299551E-05
99.8 3.121878122E-05 2.926760739E-05
100 2.733008496E-05 1.952148926E-05
100.2 2.34375E-05 9.765625E-06
100.4 2.344922461E-05 1.954102051E-05
100.6 1.95508008E-05 9.7754004E-06
100.8 1.564847271E-05 9.780295443E-06
101 1.174223447E-05 9.785195391E-06
101.2 3.9160401E-06 9.790100251E-06
101.4 0 9.79501003E-06
101.6 0 2.939977421E-05
101.8 0 9.804844378E-06
102 3.923907584E-06 -1.961953792E-05
102.2 7.851758794E-06 -4.907349246E-05
102.4 1.178355958E-05 -6.873743087E-05
102.6 1.178948692E-05 -3.929828974E-05
102.8 7.863613488E-06 -4.91475843E-05
103 3.933786506E-06 -5.900679758E-05
103.2 0 -4.919710327E-05
103.4 0 -4.92219002E-05
103.6 0 -6.894541099E-05
103.8 3.94172553E-06 -7.88345106E-05
104 7.887430591E-06 -6.901501767E-05
104.2 1.183712121E-05 -2.959280303E-05
104.4 1.184310258E-05 -1.97385043E-05
104.6 1.579878665E-05 -1.974848332E-05
104.8 1.580677795E-05 -1.975847243E-05
105 2.372216599E-05 -2.965270749E-05
105.2 2.768987342E-05 -1.977848101E-05
105.4 2.770390071E-05 -1.978850051E-05
105.6 2.375823619E-05 -9.899265079E-06
105.8 1.980856998E-05 2.971285497E-05
106 1.981861999E-05 3.963723998E-05
106.2 1.586294416E-05 9.914340102E-06
106.4 1.587100051E-05 1.983875063E-05
106.6 1.190929878E-05 5.95464939E-05
106.8 7.943568887E-06 4.964730554E-05
107 7.947609359E-06 -1.98690234E-05
107.2 1.192748092E-05 -9.93956743E-06
107.4 7.955702648E-06 -1.229789607E-20
107.6 7.959755476E-06 -2.984908304E-05
107.8 7.963812436E-06 9.954765545E-06
108 7.967873534E-06 2.987952575E-05
108.2 7.971938776E-06 -8.850629979E-21
108.4 7.976008167E-06 -9.970010209E-06
108.6 3.990040858E-06 -9.975102145E-06
108.8 0 -1.996039857E-05
109 0 -3.994120654E-05
109.2 3.996163683E-06 -1.998081841E-05
109.4 7.996417605E-06 -9.995522006E-06
109.6 8.000512033E-06 -1.867577797E-20
109.8 8.004610656E-06 -4.408217289E-20
110 8.00871348E-06 -5.005445925E-05
110.2 8.012820513E-06 -3.004807692E-05
110.4 8.01693176E-06 -5.460327105E-21
110.6 8.021047228E-06 -1.002630903E-05
110.8 8.025166923E-06 -1.003145865E-05
111 8.029290853E-06 -1.003661357E-05
111.2 8.033419023E-06 2.008354756E-05
111.4 8.03755144E-06 1.00469393E-05
111.6 1.206253217E-05 -1.005211014E-05
111.8 1.206874356E-05 -1.970709709E-21
112 1.207496136E-05 -1.119572057E-20
112.2 1.208118557E-05 -2.013530928E-05
112.4 1.208741619E-05 -2.014569366E-05
112.6 2.015608875E-05 -4.03121775E-05
112.8 2.823309241E-05 -6.049948374E-05
113 3.631844008E-05 -4.035382231E-05
113.2 4.84496124E-05 -4.0374677E-05
113.4 4.443510858E-05 -1.009888831E-05
113.6 5.658303156E-05 -2.020822556E-05
113.8 5.661231884E-05 -4.04373706E-05
114 6.473329881E-05 -1.011457794E-05
114.2 6.881476684E-05 1.549271575E-21
114.4 6.480041472E-05 6.197275783E-21
114.6 6.48340249E-05 2.026063278E-05
114.8 6.892189933E-05 3.040672029E-05
115 7.301401869E-05 1.014083593E-05
115.2 8.116883117E-05 -2.029220779E-05
115.4 8.121101871E-05 -1.015137734E-05
115.6 8.125325013E-05 -1.015665627E-05
115.8 8.536030177E-05 2.032388137E-05
116 8.947162936E-05 6.100338365E-05
116.2 8.951822917E-05 5.086263021E-05
116.4 8.956487754E-05 2.035565399E-05
116.6 8.961157456E-05 -2.036626694E-05
116.8 8.965832029E-05 -1.018844549E-05
117 8.970511482E-05 3.058128914E-05
117.2 9.383159269E-05 3.059725849E-05
117.4 9.388061651E-05 9.435850331E-21
117.6 9.801359122E-05 3.062924726E-05
117.8 9.806485356E-05 4.086035565E-05
118 0.000106292517 5.110217164E-05
118.2 0.0001063481675 5.11289267E-05
118.4 0.0001104963332 -2.046228392E-05
118.6 0.000114648847 -1.023650419E-05
118.8 0.0001229024646 2.04837441E-05
119 0.0001229669465 3.074173662E-05
119.2 0.0001312335958 3.075787402E-05
119.4 0.000131302521 1.025800945E-05
119.6 0.0001354768786 2.052679979E-05
119.8 0.0001355481073 -1.0268796E-05
120 0.0001438387691 1.027419779E-05
120.2 0.0001480263158 7.195723684E-05
120.4 0.0001481042654 4.114007372E-05
120.6 0.0001440661222 5.145218651E-05
120.8 0.0001482604112 6.177517132E-05
121 0.0001483386076 3.090387658E-05
121.2 0.0001442941953 3.09201847E-05
121.4 0.0001361206441 3.093651003E-05
121.6 0.0001279384575 -1.031761754E-05
121.8 0.0001321353066 -1.032307082E-05
122 0.0001322051824 4.220904425E-20
122.2 0.0001281415344 -4.133597884E-05
122.4 0.00012820937 -2.067893065E-05
122.6 0.0001241393008 3.103482521E-05
122.8 0.0001242050874 2.070084791E-05
123 0.0001325556734 2.071182397E-05
123.2 0.000136770557 -5.180702918E-05
123.4 0.0001451366773 -7.256833864E-05
123.6 0.0001410647902 -1.037241105E-05
123.8 0.0001494420829 -4.151168969E-05
124 0.0001619816587 -5.19171983E-05
124.2 0.0001662234043 -2.077792553E-05
124.4 0.0001787852581 -2.07889835E-05
124.6 0.0001830404686 -2.080005325E-05
124.8 0.0001914624401 -3.121670218E-05
125 0.0001915644989 -6.246668443E-05
125.2 0.0001958333333 -2.083333333E-05
125.4 0.0001917689434 4.509623955E-21
125.6 0.0001877002136 -2.261046495E-20
125.8 0.0001836271368 1.043336004E-05
126 0.0001753741315 2.08778728E-05
126.2 0.000171290107 1.044451872E-05
126.4 0.0001672017121 1.045010701E-05
126.6 0.00016310894 5.227850642E-05
126.8 0.0001590117836 4.184520621E-05
127 0.0001590969989 1.046690782E-05
127.2 0.0001591823056 -1.047252011E-05
127.4 0.0001592677039 -2.095627682E-05
127.6 0.0001593531938 -1.048376275E-05
127.8 0.0001552430183 4.19575725E-05
128 0.0001469304138 4.198011822E-05
128.2 0.0001428091398 3.150201613E-05
128.4 0.0001344809037 2.10126412E-05
128.6 0.000130348493 1.051197524E-05
128.8 0.0001262116317 1.051763597E-05
129 0.0001262796336 1.05233028E-05
129.2 0.0001179245283 6.317385445E-05
129.4 0.0001137742718 7.37425836E-05
129.6 0.0001096195359 6.324203994E-05
129.8 0.0001054603132 6.32761879E-05
130 0.000105517288 7.386210157E-05
130.2 0.0001013513514 5.278716216E-05
130.4 9.71809086E-05 5.28157112E-05
130.6 8.877840909E-05 9.511972403E-05
130.8 8.036681104E-05 7.40220628E-05
131 7.194609967E-05 6.348185265E-05
131.2 6.775067751E-05 6.351626016E-05
131.4 6.355070499E-05 2.118356833E-05
131.6 5.934617472E-05 -9.045689773E-21
131.8 5.513707926E-05 6.361970684E-05
132 4.667979359E-05 5.304521999E-05
132.2 4.245923913E-05 9.018738217E-21
132.4 4.248232735E-05 4.248232735E-05
132.6 4.25054407E-05 -6.345677808E-21
132.8 4.678143713E-05 -3.18964344E-05
133 4.680691721E-05 1.993406833E-20
133.2 5.108991826E-05 -3.193119891E-05
133.4 5.537758997E-05 1.064953653E-05
133.6 5.540780142E-05 5.327673213E-05
133.8 5.543804585E-05 -2.110501253E-20
134 5.546832332E-05 1.066698525E-05
134.2 5.549863388E-05 4.269125683E-05
134.4 4.698605796E-05 2.135729907E-05
134.6 4.701176149E-05 -1.1714998E-20
134.8 4.703749316E-05 -1.069033935E-05
135 5.134173056E-05 3.20885816E-05
135.2 5.136986301E-05 5.351027397E-05
135.4 5.139802632E-05 3.212376645E-05
135.6 5.142622052E-05 2.142759188E-05
135.8 5.145444566E-05 -2.143935236E-05
136 5.577292696E-05 -1.072556288E-05
136.2 5.580357143E-05 -1.073145604E-05
136.4 5.583424959E-05 -3.150243115E-21
136.6 5.58649615E-05 6.445957096E-05
136.8 5.589570721E-05 4.299669785E-05
137 5.592648678E-05 1.075509361E-05
137.2 5.595730028E-05 1.076101928E-05
137.4 5.168136714E-05 -1.076695149E-05
137.6 4.309156095E-05 6.183251534E-21
137.8 3.449227373E-05 -1.077883554E-05
138 3.451131971E-05 -1.078478741E-05
138.2 2.589779006E-05 2.158149171E-05
138.4 2.159342178E-05 3.239013267E-05
138.6 1.296321903E-05 2.160536504E-05
138.8 8.646928611E-06 1.080866076E-05
139 8.651716501E-06 2.162929125E-05
139.2 8.656509695E-06 1.082063712E-05
139.4 1.299196231E-05 -1.082663525E-05
139.6 1.733222407E-05 -2.166528009E-05
139.8 2.1677303E-05 -2.1677303E-05
140 2.602720711E-05 -1.084466963E-05
140.2 2.170138889E-05 2.170138889E-05
140.4 2.171345192E-05 1.085672596E-05
140.6 2.607063404E-05 2.172552836E-05
140.8 2.60851419E-05 3.260642738E-05
141 2.609966592E-05 -6.050080886E-20
141.2 2.611420613E-05 -2.565293634E-21
141.4 2.612876254E-05 1.088698439E-05
141.6 2.614333519E-05 3.267916899E-05
141.8 2.615792411E-05 1.089913504E-05
142 2.617252931E-05 -4.362088219E-05
142.2 3.055167598E-05 -6.546787709E-05
142.4 2.620178871E-05 -3.275223589E-05
142.6 3.058585011E-05 -1.09235179E-05
142.8 3.497481813E-05 -3.2788892E-05
143 4.374300112E-05 -4.374300112E-05
143.2 4.81442577E-05 -3.282563025E-05
143.4 5.255044843E-05 -3.284403027E-05
143.6 5.69615816E-05 -2.190830062E-05
143.8 4.822530864E-05 3.288089226E-05
144 4.82523863E-05 1.096645143E-05
144.2 5.266853933E-05 -2.194522472E-05
144.4 5.269814503E-05 -6.587268128E-05
144.6 4.833380202E-05 -1.098495501E-05
144.8 3.517163759E-05 5.495568374E-05
145 3.519144144E-05 5.943278199E-21
145.2 3.521126761E-05 -6.602112676E-05
145.4 3.963500564E-05 -0.0001321166855
145.6 4.406373378E-05 -8.812746757E-05
145.8 4.408860045E-05 1.102215011E-05
146 4.852484472E-05 3.30851214E-05
146.2 5.73799435E-05 2.49007739E-20
146.4 5.741237988E-05 -4.416336914E-05
146.6 5.744485294E-05 -7.732960973E-05
146.8 6.189869836E-05 -8.842671194E-05
147 6.635758777E-05 -7.741718573E-05
147.2 7.082152975E-05 -3.319759207E-05
147.4 7.529053288E-05 -4.428854875E-05
147.6 8.862733976E-05 -3.323525241E-05
147.8 9.3111521E-05 -2.216940976E-05
148 9.316439523E-05 -2.218199886E-05
148.2 9.765625E-05 -1.183971737E-20
148.4 0.0001021532121 9.97947859E-22
148.6 0.0001110992605 -1.110992605E-05
148.8 0.0001156089926 -1.111624929E-05
149 0.0001156748292 -7.471922929E-21
149.2 0.0001157407407 -3.338675214E-05
149.4 0.0001158067275 -1.760223021E-20
149.6 0.000124786081 4.45664575E-05
149.8 0.0001248573059 1.114797374E-05
150 0.0001383138207 1.821502276E-20
150.2 0.0001294642857 -1.116071429E-05
150.4 0.0001295383076 -2.233419097E-05
150.6 0.0001251430206 -1.117348398E-05
150.8 0.0001252146537 1.324318929E-20
151 0.0001252863688 -1.118628293E-05
151.2 0.0001253581662 9.979734359E-21
151.4 0.0001343893349 -2.239822248E-05
151.6 0.0001434308663 -5.602768216E-05
151.8 0.0001524827784 -6.727181401E-05
152 0.000161545089 -3.365522688E-05
152.2 0.0001661278736 1.122485632E-05
152.4 0.0001752084531 -2.24626222E-05
152.6 0.0001842994822 -4.495109321E-05
152.8 0.0001889032815 -5.622121474E-05
153 0.0001980126728 -4.500288018E-05
153.2 0.000202629683 -1.867282048E-20
153.4 0.0002117574971 2.252739331E-05
153.6 0.0002118796884 1.127019619E-05
153.8 0.0002165127021 -9.625525069E-21
154 0.0002166377816 6.977105391E-21
154.2 0.0002257947977 1.128973988E-05
154.4 0.0002304438982 4.518507808E-05
154.6 0.0002260561343 3.390842014E-05
154.8 0.0002261870295 1.130935148E-05
155 0.000230844438 1.131590382E-05
155.2 0.0002355072464 3.39673913E-05
155.4 0.000231112239 4.531612529E-05
155.6 0.0002312463726 1.13356065E-05
155.8 0.000231380662 -2.268437863E-05
156 0.0002269755956 -2.269755956E-05
156.2 0.0002271075581 -3.406613372E-05
156.4 0.0002226948807 -3.408595113E-05
156.6 0.0002182770664 -1.136859721E-05
156.8 0.0002093040186 1.13752184E-05
157 0.0002048732517 1.138184732E-05
157.2 0.0001913265306 2.386178865E-20
157.4 0.0001823220537 1.139512835E-05
157.6 0.0001687463514 4.560712201E-05
157.8 0.0001597181659 4.563376168E-05
158 0.0001552454705 -2.283021625E-05
158.2 0.0001507675439 -3.426535088E-05
158.4 0.0001462843768 -3.428540082E-05
158.6 0.000137221897 -1.143515808E-05
158.8 0.0001327255419 -1.188519184E-20
159 0.0001282239156 -4.579425557E-05
159.2 0.0001282991202 -2.291055718E-05
159.4 0.0001192048122 3.245710483E-20
159.6 0.0001146873165 -2.29374633E-05
159.8 0.0001101645123 1.589611414E-20
160 0.0001056363904 3.444664903E-05
160.2 0.0001056985294 5.744485294E-05
160.4 0.0001011624485 2.299146557E-05
160.6 9.662102473E-05 -4.601001178E-05
160.8 9.667796111E-05 -1.624549434E-20
161 9.673496462E-05 2.303213443E-05
161.2 9.67920354E-05 -3.456858407E-05
161.4 9.684917355E-05 -1.276912437E-21
161.6 9.229178972E-05 2.307294743E-05
161.8 9.696365248E-05 2.308658392E-05
162 0.0001062610881 3.465035482E-05
162.2 0.0001155695266 1.155695266E-05
162.4 0.0001202634695 -2.312759029E-05
162.6 0.0001249629739 1.157064573E-05
162.8 0.0001342990516 2.315500889E-05
163 0.0001297449585 -2.316874259E-05
163.2 0.000134458457 3.477373887E-05
163.4 0.0001345383017 3.479438836E-05
163.6 0.0001346182412 -1.264365882E-21
163.8 0.0001300535077 -2.322384067E-05
164 0.0001301308745 -4.647531231E-05
164.2 0.000134858631 -2.32514881E-05
164.4 0.0001349389518 -1.614787621E-20
164.6 0.0001396752086 -2.327920143E-05
164.8 0.0001444171139 -2.329308289E-05
165 0.0001491646778 2.178615889E-21
165.2 0.0001539179104 -7.826255782E-21
165.4 0.0001540098566 2.333482676E-05
165.6 0.0001587716677 1.167438733E-05
165.8 0.0001682117225 -1.168136962E-05
166 0.0001729877319 -1.168836026E-05
166.2 0.0001730913174 -2.339071856E-05
166.4 0.000173195027 1.499625802E-21
166.6 0.0001732988609 3.512814748E-05
166.8 0.0001780893821 2.343281344E-05
167 0.0001828856543 2.344687875E-05
167.2 0.0001876876877 1.173048048E-05
167.4 0.0001924954928 5.153907388E-21
167.6 0.00019730908 2.348917619E-05
167.8 0.0002021284597 2.350330927E-05
168 0.0002069536424 -2.351745936E-05
168.2 0.0002117846386 -1.176581325E-05
168.4 0.0002166214587 1.177290536E-05
168.6 0.0002214641134 -1.178000603E-05
168.8 0.000221597767 4.714846107E-05
169 0.0002170138889 7.076539855E-05
169.2 0.0002218655589 1.180135952E-05
169.4 0.0002314464933 1.180849456E-05
169.6 0.0002363127647 2.363127647E-05
169.8 0.0002364558111 2.364558111E-05
170 0.0002413310115 1.182995154E-05
170.2 0.0002462121212 1.183712121E-05
170.4 0.000251099151 2.368859915E-05
170.6 0.0002559921117 3.555445995E-05
170.8 0.0002656344869 2.371736491E-05
171 0.0002705422236 1.1865887E-05
171.2 0.0002802051672 5.936550152E-05
171.4 0.0002803756083 3.564096715E-05
171.6 0.0002853012781 1.188755326E-05
171.8 0.0002902329476 1.189479294E-05
172 0.0002951706277 2.657696697E-20
172.2 0.0002953506098 -1.190929878E-05
172.4 0.0003050640635 -3.574969494E-05
172.6 0.0003100198413 -2.38476801E-05
172.8 0.0003102092242 -1.193112401E-05
173 0.0003103988386 4.004588011E-20
173.2 0.000310588685 2.389143731E-05
173.4 0.0003107787638 3.585908813E-05
173.6 0.0003061849357 -1.196034905E-05
173.8 0.0003015854779 -5.983838848E-05
174 0.0003017703863 -1.197501533E-05
174.2 0.0003019555215 1.198236196E-05
174.4 0.000302140884 8.895777159E-21
174.6 0.0003023264742 -1.084089047E-20
174.8 0.0003025122926 3.601336816E-05
175 0.0002978936039 4.804735547E-05
175.2 0.0003028846154 1.201923077E-05
175.4 0.000298260468 4.810652709E-05
175.6 0.0002984442391 0.0001444085028
175.8 0.0002986282367 7.224876695E-05
176 0.0002988124614 -2.409777915E-05
176.2 0.0003038194444 2.411265432E-05
176.4 0.0003040071032 -1.690125041E-20
176.6 0.0002993665019 1.207122991E-05
176.8 0.0002995516388 -2.415739023E-05
177 0.0002949025371 -7.251701733E-05
177.2 0.0002950851393 2.125407016E-21
177.4 0.0002952679678 3.630343866E-05
177.6 0.0002954510229 -1.506696597E-20
177.8 0.0002907878412 -2.42323201E-05
178 0.0002909683426 -1.212368094E-05
178.2 0.0002862965839 4.852484472E-05
178.4 0.0002864745183 7.283250466E-05
178.6 0.0002866526741 -2.136269651E-20
178.8 0.0002916925949 -2.430771624E-05
179 0.0002918742217 3.213940841E-20
179.2 0.0002871884735 1.216900312E-05
179.4 0.0002922381546 3.652976933E-05
179.6 0.000297294136 -1.21841859E-05
179.8 0.0002974797129 -7.315074906E-05
180 0.0002976655215 -4.879762648E-05
180.2 0.0002978515625 -1.925517632E-20
180.4 0.0002980378361 2.926243324E-21
180.6 0.0002982243429 2.322607431E-20
180.8 0.0002984110833 1.222996243E-05
181 0.0002985980576 3.671287594E-05
181.2 0.0002987852665 3.673589342E-05
181.4 0.0002989727102 -4.90119197E-05
181.6 0.0002991603892 -4.904268675E-05
181.8 0.000299348304 -1.226837312E-05
182 0.0002995364551 -1.227608422E-05
182.2 0.0002997248428 2.045998911E-20
182.4 0.0002949968534 1.229153556E-05
182.6 0.0002902629093 2.459855164E-05
182.8 0.0002855229994 2.461405167E-05
183 0.0002857030265 4.92591425E-05
183.2 0.0002858832808 3.696766562E-05
183.4 0.0002860637626 2.466066919E-05
183.6 0.000291179722 2.467624763E-05
183.8 0.0002814870417 2.030175698E-21
184 0.0002816650854 -2.470746363E-05
184.2 0.0002818433544 -1.236155063E-05
184.4 0.0002770740975 2.473875871E-05
184.6 0.0002722987959 2.475443599E-05
184.8 0.0002724714648 1.238506658E-05
185 0.0002627300127 1.368980435E-20
185.2 0.0002628968254 5.367011444E-21
185.4 0.0002531369123 2.481734435E-05
185.6 0.0002483312142 2.483312142E-05
185.8 0.000243519402 1.242445929E-05
186 0.000238701464 2.486473584E-05
186.2 0.0002388535032 3.732085987E-05
186.4 0.0002390057361 2.489643085E-05
186.6 0.000244140625 -2.491230867E-05
186.8 0.0002442964263 -4.985641353E-05
187 0.0002394636015 -7.870581121E-21
187.2 0.0002346246006 1.248003195E-05
187.4 0.0002297794118 -1.248801151E-05
187.6 0.000224928023 1.249600128E-05
187.8 0.0002200704225 1.250400128E-05
188 0.0002152065983 2.502402306E-05
188.2 0.0002103365385 1.252003205E-05
188.4 0.0002054602309 -1.252806286E-05
188.6 0.0002005776637 -8.527923561E-21
188.8 0.0001956888247 -2.401726528E-21
189 0.0001907937018 -1.255221722E-05
189.2 0.0001909163987 2.512057878E-05
189.4 0.0001860119048 3.770511583E-05
189.6 0.0001811010947 -2.515292981E-05
189.8 0.0001812177835 -2.51691366E-05
190 0.0001662234043 3.567656386E-21
190.2 0.00015625 1.260080645E-05
190.4 0.0001563508715 1.260894125E-05
190.6 0.0001564518734 -3.048703461E-20
190.8 0.0001666531997 -5.050096962E-05
191 0.0001617076326 -2.526681759E-05
191.2 0.0001516990291 -2.795194591E-20
191.4 0.0001568571891 -3.794931995E-05
191.6 0.0001569588464 -2.531594297E-05
191.8 0.0001570606355 1.266618029E-05
192 0.0001571625568 1.267439974E-05
192.2 0.0001572646104 -1.268262987E-05
192.4 0.0001472141001 -2.538174139E-05
192.6 0.0001473098179 -2.539824447E-05
192.8 0.0001474056604 -2.541476903E-05
193 0.0001525878906 -3.814697266E-05
193.2 0.0001475977199 -1.272394137E-05
193.4 0.0001476939374 -1.273223598E-05
193.6 0.0001477902805 -1.274054142E-05
193.8 0.0001478867493 2.54977154E-05
194 0.0001479833442 5.102873939E-05
194.2 0.0001429738562 2.553104575E-05
194.4 0.0001328482668 6.860191321E-21
194.6 0.0001175965314 3.769409333E-20
194.8 0.0001125573019 2.558120498E-05
195 0.0001075114679 1.279898427E-05
195.2 9.733606557E-05 1.280737705E-05
195.4 8.714730971E-05 1.281578084E-05
195.6 8.207485227E-05 3.8472587E-05
195.8 7.186268068E-05 5.13304862E-05
196 6.163708087E-05 -1.808019963E-20
196.2 5.139802632E-05 1.284950658E-05
196.4 4.628867676E-05 5.143186307E-05
196.6 3.087944664E-05 6.43321805E-05
196.8 2.059986816E-05 5.14996704E-05
197 2.061345646E-05 3.865023087E-05
197.2 1.031353135E-05 6.445957096E-05
197.4 5.160171731E-06 6.450214663E-05
197.6 5.163582287E-06 1.463687345E-20
197.8 5.166997354E-06 -2.583498677E-05
198 5.170416942E-06 4.487511516E-20
198.2 5.17384106E-06 3.880380795E-05
198.4 5.177269715E-06 1.294317429E-05
198.6 5.180702918E-06 -1.295175729E-05
198.8 5.184140677E-06 1.296035169E-05
199 5.187583001E-06 2.593791501E-05
199.2 5.1910299E-06 5.1910299E-05
199.4 5.194481383E-06 5.194481383E-05
199.6 1.039587492E-05 1.299484365E-05
199.8 1.560419441E-05 1.300349534E-05
200 1.561459027E-05 3.903647568E-05
200.2 1.041666667E-05 3.90625E-05
200.4 5.211807872E-06 2.605903936E-05
200.6 5.215287049E-06 2.607643525E-05
200.8 5.218770875E-06 1.304692719E-05
201 5.222259358E-06 1.30556484E-05
201.2 5.225752508E-06 -2.612876254E-05
201.4 5.229250335E-06 -6.536562918E-05
201.6 5.232752847E-06 -3.924564635E-05
201.8 5.236260054E-06 -3.92719504E-05
202 5.239771965E-06 -2.619885983E-05
202.2 5.243288591E-06 3.932466443E-05
202.4 5.24680994E-06 -7.902008829E-21
202.6 5.250336022E-06 -6.562920027E-05
202.8 5.253866846E-06 -3.940400134E-05
203 5.257402423E-06 -2.628701211E-05
203.2 5.260942761E-06 -1.31523569E-05
203.4 5.264487871E-06 6.580609838E-05
203.6 5.268037761E-06 7.902056642E-05
203.8 5.271592443E-06 -3.952319062E-20
204 5.275151924E-06 -1.318787981E-05
204.2 5.278716216E-06 -2.639358108E-05
204.4 5.282285328E-06 -9.243999324E-05
204.6 5.285859269E-06 -2.642929635E-05
204.8 5.28943805E-06 6.611797563E-05
205 5.29302168E-06 3.96976626E-05
205.2 5.296610169E-06 1.324152542E-05
205.4 5.300203528E-06 5.300203528E-05
205.6 5.303801765E-06 3.977851324E-05
205.8 5.307404891E-06 5.307404891E-05
206 5.311012916E-06 7.966519375E-05
206.2 0 -1.328656463E-05
206.4 0 -3.988682777E-05
206.6 0 1.330466621E-05
206.8 0 3.994120654E-05
207 0 1.332281719E-05
207.2 0 -3.999573379E-05
207.4 0 -4.002305328E-05
207.6 0 -1.335013671E-05
207.8 0 -2.671853625E-05
208 0 -4.010523614E-05
208.2 0 -5.351027397E-05
208.4 0 -2.677347498E-05
208.6 0 3.383361538E-20
208.8 0 -2.681022649E-05
209 0 -1.341432005E-05
209.2 0 1.342353952E-05
209.4 0 2.555659313E-20
209.6 0 -1.344201652E-05
209.8 0 -1.34512741E-05
210 0 5.819962666E-21
210.2 0 3.076692437E-20
210.4 0 9.603294081E-21
210.6 0 -1.348843232E-05
210.8 0 -3.382790589E-20
211 0 2.701417704E-05
211.2 0 5.248965044E-21
211.4 0 -1.35257964E-05
211.6 0 -1.353516979E-05
211.8 0 -1.354455617E-05
212 0 1.355395559E-05
212.2 0 2.465939872E-20
212.4 0 -1.357279361E-05
212.6 0 -1.358223227E-05
212.8 0 -3.577827903E-20
213 0 -7.143451841E-21
213.2 0 -4.083188153E-05
213.4 0 -2.72402371E-05
213.6 0 -1.362962317E-05
213.8 5.455656425E-06 -4.091742318E-05
214 0 -6.824336129E-05
214.2 0 -8.19493007E-05
214.4 0 -9.567442267E-05
214.6 0 -6.838672969E-05
214.8 0 -2.737386125E-05
215 0 -4.108958626E-05
215.2 0 -5.48245614E-05
215.4 0 -4.114729635E-05
215.6 0 -5.49016163E-05
215.8 0 -4.120516878E-05
216 0 -4.123416608E-05
216.2 0 -6.877200704E-05
216.4 0 -2.752818887E-05
216.6 0 -7.402643463E-21
216.8 0 5.51340861E-05
217 0 6.896627825E-05
217.2 0 2.760600707E-05
217.4 0 -1.381276521E-05
217.6 0 1.382254069E-05
217.8 0 6.916165014E-05
218 0 2.768426648E-05
218.2 0 -1.385195035E-05
218.4 0 2.772356281E-05
218.6 0 8.322975852E-05
218.8 0 6.940742715E-05
219 0 1.389135846E-05
219.2 0 1.390124555E-05
219.4 0 5.564458689E-05
219.6 0 1.392106201E-05
219.8 0 -4.179297432E-05
220 0 -4.182280514E-05
220.2 0 -1.395089286E-05
220.4 0 2.792172981E-05
220.6 0 -3.353270191E-20
220.8 5.59234073E-06 -4.194255548E-05
221 0 -4.197260029E-05
221.2 0 -1.400089606E-05
221.4 0 -2.802187948E-05
221.6 0 -2.804199569E-05
221.8 0 4.209321121E-05
222 0 2.808231488E-05
222.2 0 1.405125899E-05
222.4 0 1.406137509E-05
222.6 0 -2.814301153E-05
222.8 0 -4.224495314E-05
223 0 -1.409181097E-05
223.2 0 -7.255125624E-21
223.4 0 2.822434971E-05
223.6 0 2.824475777E-05
223.8 0 2.826519537E-05
224 5.657132513E-06 7.071415641E-05
224.2 5.661231884E-06 1.415307971E-05
224.4 5.665337201E-06 -2.8326686E-05
224.6 5.669448476E-06 1.417362119E-05
224.8 5.673565723E-06 5.673565723E-05
225 5.677688953E-06 5.677688953E-05
225.2 5.681818182E-06 2.840909091E-05
225.4 5.685953421E-06 1.421488355E-05
225.6 5.690094683E-06 1.422523671E-05
225.8 5.694241983E-06 2.847120991E-05
226 5.698395332E-06 4.273796499E-05
226.2 5.702554745E-06 -3.020512154E-23
226.4 5.706720234E-06 1.731941391E-20
226.6 5.710891813E-06 7.138614766E-05
226.8 5.715069495E-06 7.143836869E-05
227 5.719253294E-06 2.859626647E-05
227.2 5.723443223E-06 -1.110259352E-20
227.4 0 1.484936613E-20
227.6 5.731841526E-06 -7.758613475E-21
227.8 0 -1.434012482E-05
228 5.740264511E-06 1.435066128E-05
228.2 0 8.616727941E-05
228.4 0 4.311534216E-05
228.6 0 -4.314709131E-05
228.8 0 1.439296242E-05
229 0 8.642146018E-05
229.2 0 5.765682657E-05
229.4 0 4.327455687E-05
229.6 0 4.330654102E-05
229.8 0 1.444619083E-05
230 0 4.337065137E-05
230.2 0 7.233796296E-05
230.4 0 4.343495182E-05
230.6 0 4.346717359E-05
230.8 0 5.799925761E-05
231 0 2.902117385E-05
231.2 0 -1.452137546E-05
231.4 0 -1.453218006E-05
231.6 0 1.454300074E-05
231.8 0 4.366151267E-05
232 0 2.912938106E-05
232.2 0 -1.45755597E-05
232.4 0 -1.458644511E-05
232.6 0 -1.459734679E-05
232.8 0 -2.921652954E-05
233 0 -2.92383982E-05
233.2 0 -1.50084445E-20
233.4 0 4.392335082E-05
233.6 0 2.930420105E-05
233.8 5.86524024E-06 1.46631006E-05
234 1.173929376E-05 6.694244029E-21
234.2 1.762218045E-05 1.36934702E-20
234.4 2.93924003E-05 2.93924003E-05
234.6 3.529743976E-05 2.941453313E-05
234.8 4.121137905E-05 2.943669932E-05
235 4.713423831E-05 4.418834842E-05
235.2 4.716981132E-05 5.896226415E-05
235.4 4.720543807E-05 4.425509819E-05
235.6 4.724111867E-05 4.428854875E-05
235.8 4.727685325E-05 2.954803328E-05
236 4.731264194E-05 2.957040121E-05
236.2 4.142992424E-05 4.438920455E-05
236.4 3.553828658E-05 2.961523882E-05
236.6 2.963770865E-05 1.447540131E-20
236.8 2.96602126E-05 -2.96602126E-05
237 2.968275076E-05 -2.968275076E-05
237.2 2.970532319E-05 -2.970532319E-05
237.4 2.972792998E-05 -5.945585997E-05
237.6 2.975057121E-05 -0.0001190022848
237.8 3.572789634E-05 -0.0001042063643
238 4.17143402E-05 -7.448989321E-05
238.2 4.770992366E-05 -5.963740458E-05
238.4 4.774637128E-05 -2.984148205E-05
238.6 4.181001529E-05 -1.493214832E-05
238.8 3.586457536E-05 -2.988714614E-05
239 2.991003063E-05 -1.495501531E-05
239.2 2.993295019E-05 2.993295019E-05
239.4 2.995590491E-05 -1.497795245E-05
239.6 2.997889486E-05 -1.900351256E-20
239.8 3.000192012E-05 3.000192012E-05
240 3.002498078E-05 1.501249039E-05
240.2 3.605769231E-05 3.004807692E-05
240.4 4.209969207E-05 4.323895211E-20
240.6 4.815100154E-05 7.804192108E-22
240.8 4.818812645E-05 4.517636854E-05
241 4.822530864E-05 1.507040895E-05
241.2 4.826254826E-05 -2.005133532E-20
241.4 4.829984544E-05 3.01874034E-05
241.6 4.833720031E-05 3.021075019E-05
241.8 4.8374613E-05 3.023413313E-05
242 4.841208366E-05 -1.512877614E-05
242.2 4.84496124E-05 2.007308489E-20
242.4 4.242629946E-05 3.030449961E-05
242.6 3.639363354E-05 -8.43551695E-21
242.8 3.035159285E-05 -3.035159285E-05
243 2.430015552E-05 -7.5937986E-05
243.2 1.823929961E-05 -7.599708171E-05
243.4 1.216900312E-05 -4.563376168E-05
243.6 6.089243959E-06 -4.56693297E-05
243.8 6.09399376E-06 -6.09399376E-05
244 6.098750976E-06 -6.098750976E-05
244.2 6.103515625E-06 -3.051757812E-05
244.4 1.221657545E-05 1.442693753E-20
244.6 1.222613459E-05 -1.528266823E-05
244.8 1.223570869E-05 -3.058927173E-05
245 1.836794671E-05 -3.061324451E-05
245.2 2.450980392E-05 -3.06372549E-05
245.4 3.066130298E-05 -1.533065149E-05
245.6 3.682246661E-05 -3.068538885E-05
245.8 4.913522013E-05 -6.141902516E-05
246 5.532061369E-05 -3.073367427E-05
246.2 6.766732283E-05 -1.537893701E-05
246.4 6.772064618E-05 -1.539105595E-05
246.6 6.777405363E-05 1.540319401E-05
246.8 6.782754538E-05 1.541535122E-05
247 6.171011058E-05 -4.628258294E-05
247.2 5.558300395E-05 -4.631916996E-05
247.4 3.70846519E-05 -3.090387658E-05
247.6 3.092834521E-05 -3.092834521E-05
247.8 3.714342314E-05 1.547642631E-05
248 3.097739889E-05 1.548869944E-05
248.2 2.48015873E-05 -3.100198413E-05
248.4 2.482128674E-05 -7.756652105E-05
248.6 3.105127186E-05 -7.762817965E-05
248.8 3.107597454E-05 -3.185337821E-20
249 3.110071656E-05 3.110071656E-05
249.2 3.112549801E-05 -2.806833167E-20
249.4 3.115031898E-05 1.557515949E-05
249.6 3.117517957E-05 3.117517957E-05
249.8 3.120007987E-05 4.680011981E-05
250 3.122501998E-05 6.245003997E-05
250.2 3.125E-05 6.25E-05
250.4 3.127502002E-05 7.818755004E-05
250.6 3.130008013E-05 4.695012019E-05
250.8 3.132518043E-05 3.132518043E-05
251 4.389044944E-05 4.702548154E-05
251.2 4.392570281E-05 3.137550201E-05
251.4 4.396101286E-05 4.710108521E-05
251.6 4.399637973E-05 6.285197104E-05
251.8 3.145128824E-05 7.862822061E-05
252 3.77719581E-05 9.442989525E-05
252.2 3.780241935E-05 6.300403226E-05
252.4 3.783292978E-05 1.576372074E-05
252.6 3.78634895E-05 -3.155290792E-05
252.8 3.789409863E-05 -3.157841552E-05
253 3.792475728E-05 -1.58019822E-05
253.2 3.795546559E-05 -1.581477733E-05
253.4 3.798622366E-05 -3.962946974E-21
253.6 3.801703163E-05 9.192986599E-21
253.8 3.804788961E-05 1.585328734E-05
254 3.807879773E-05 3.173233144E-05
254.2 3.81097561E-05 3.175813008E-05
254.4 3.814076485E-05 6.356794142E-05
254.6 3.81718241E-05 6.361970684E-05
254.8 3.820293399E-05 -2.822338458E-20
255 3.823409462E-05 -1.593087276E-05
255.2 3.826530612E-05 1.51134805E-20
255.4 3.829656863E-05 -1.595690359E-05
255.6 3.832788226E-05 -1.596995094E-05
255.8 3.835924714E-05 -1.662947764E-20
256 3.199221949E-05 -1.599610975E-05
256.2 3.201844262E-05 -3.201844262E-05
256.4 3.204470878E-05 -1.602235439E-05
256.6 3.207101806E-05 -4.810652709E-05
256.8 3.209737058E-05 -6.419474117E-05
257 2.569901316E-05 -1.606188322E-05
257.2 2.572016461E-05 -4.822530864E-05
257.4 2.574135091E-05 -6.435337727E-05
257.6 1.93219291E-05 -1.610160758E-05
257.8 1.289191419E-05 4.834467822E-05
258 6.451279934E-06 7.166276933E-21
258.2 6.45661157E-06 -8.070764463E-05
258.4 6.461952026E-06 -4.84646402E-05
258.6 6.467301325E-06 -6.467301325E-05
258.8 6.472659486E-06 -1.618164872E-05
259 6.478026534E-06 1.745918928E-21
259.2 6.48340249E-06 -0.0001134595436
259.4 6.488787375E-06 -1.622196844E-05
259.6 6.494181214E-06 4.87063591E-05
259.8 6.499584027E-06 -8.447855117E-21
260 6.504995837E-06 3.252497918E-05
260.2 6.510416667E-06 -4.74553454E-21
260.4 1.954753962E-05 1.628961635E-05
260.6 2.60851419E-05 4.890964107E-05
260.8 3.26336675E-05 3.26336675E-05
261 4.572533445E-05 4.899142977E-05
261.2 4.576359833E-05 1.634414226E-05
261.4 5.234505863E-05 3.271566164E-05
261.6 4.584031852E-05 4.911462699E-05
261.8 4.587877517E-05 -3.277055369E-05
262 5.247691016E-05 -4.236528763E-20
262.2 4.595588235E-05 1.641281513E-05
262.4 3.942388562E-05 -1.642661901E-05
262.6 3.288089226E-05 -1.644044613E-05
262.8 3.949031171E-05 -3.290859309E-05
263 4.61108769E-05 3.293634064E-05
263.2 4.614978903E-05 4.944620253E-05
263.4 5.278716216E-05 -1.100050893E-20
263.6 5.943575655E-05 -1.650993238E-05
263.8 6.609560068E-05 -1.652390017E-05
264 6.615156647E-05 1.653789162E-05
264.2 6.620762712E-05 6.620762712E-05
264.4 5.963740458E-05 6.626378287E-05
264.6 5.305602716E-05 3.316001698E-05
264.8 4.646346644E-05 -1.659409516E-05
265 3.985969388E-05 -3.136238488E-20
265.2 3.324468085E-05 4.986702128E-05
265.4 2.661839864E-05 6.654599659E-05
265.6 1.998081841E-05 8.325341006E-05
265.8 1.333191126E-05 6.665955631E-05
266 6.671648164E-06 8.339560205E-05
266.2 6.677350427E-06 5.008012821E-05
266.4 1.336612489E-05 -1.670765612E-05
266.6 2.006635274E-05 2.411200077E-20
266.8 2.677806341E-05 1.673628963E-05
267 3.350128645E-05 4.602690202E-21
267.2 4.02360515E-05 1.676502146E-05
267.4 4.698238832E-05 5.03382732E-05
267.6 5.374032674E-05 5.038155632E-05
267.8 6.050989673E-05 3.361660929E-05
268 6.729112834E-05 6.729112834E-05
268.2 6.734913793E-05 1.683728448E-05
268.4 7.414797239E-05 -1.685181191E-05
268.6 8.095854922E-05 4.269397156E-20
268.8 8.778089888E-05 -5.064282627E-05
269 9.46150519E-05 -1.22019639E-20
269.2 0.0001082251082 1.691017316E-05
269.4 0.0001150888215 2.873054875E-20
269.6 0.0001219644406 6.775802255E-05
269.8 0.0001288519965 0.0001017252604
270 0.0001289639444 6.787576021E-05
270.2 0.000129076087 0.0001188858696
270.4 0.0001291884247 0.0001359878155
270.6 0.0001293009582 0.0001190929878
270.8 0.0001226024412 8.514058413E-05
271 0.0001295266143 5.581843645E-21
271.2 0.0001364628821 3.411572052E-05
271.4 0.0001434112762 8.53638549E-05
271.6 0.0001367016623 6.835083115E-05
271.8 0.000136821366 5.130801226E-05
272 0.0001369412796 8.558829974E-05
272.2 0.0001370614035 8.566337719E-05
272.4 0.0001371817384 3.429543459E-05
272.6 0.0001373022847 -1.716278559E-05
272.8 0.0001374230431 -1.717788039E-05
273 0.0001375440141 1.719300176E-05
273.2 0.0001445484581 1.720814978E-05
273.4 0.0001515652557 -1.722332451E-05
273.6 0.00016548985 -5.171557811E-05
273.8 0.0001725375442 -8.626877208E-05
274 0.0001795977011 1.250523195E-20
274.2 0.0001797566372 3.456858407E-05
274.4 0.0001799158547 -5.189880425E-05
274.6 0.0001800753546 -8.657468972E-05
274.8 0.0001802351375 -3.466060337E-05
275 0.0001803952043 -3.420834715E-37
275.2 0.0001805555556 3.472222222E-05
275.4 0.0001807161922 0.0001216358986
275.6 0.0001808771149 0.0001217442119
275.8 0.0001810383244 8.703765597E-05
276 0.0001811998216 0.0001045383586
276.2 0.0001743861607 6.975446429E-05
276.4 0.0001675603217 1.745420018E-05
276.6 0.0001607222719 0.000104818873
276.8 0.0001468777977 3.497090421E-05
277 0.0001400089606 -3.500224014E-05
277.2 0.0001331278027 -1.751681614E-05
277.4 0.0001262342908 -3.506508079E-05
277.6 0.0001123090746 -8.143692868E-21
277.8 0.0001053844424 9.26739357E-21
278 9.844734473E-05 -3.515976598E-05
278.2 9.149774775E-05 3.519144144E-05
278.4 8.453561767E-05 8.805793508E-05
278.6 7.756092058E-05 7.05099278E-05
278.8 7.763098464E-05 -2.036184568E-20
279 7.063743219E-05 -3.531871609E-05
279.2 6.363122172E-05 5.30260181E-05
279.4 6.36888587E-05 -1.769134964E-05
279.6 7.082955576E-05 -0.0001062443336
279.8 7.08938294E-05 -8.861728675E-05
280 7.09582198E-05 1.773955495E-05
280.2 7.102272727E-05 5.326704545E-05
280.4 7.108735214E-05 -5.33155141E-05
280.6 6.403688525E-05 -1.778802368E-05
280.8 5.697356427E-05 3.560847767E-05
281 4.989735401E-05 -3.564096715E-05
281.2 4.280821918E-05 8.918378995E-05
281.4 3.570612431E-05 7.141224863E-05
281.6 2.859103385E-05 -7.147758463E-05
281.8 2.861721612E-05 -6.37001788E-20
282 3.580430797E-05 -7.027935622E-20
282.2 2.866972477E-05 1.791857798E-05
282.4 2.152203857E-05 -1.793503214E-05
282.6 1.436121324E-05 -8.975758272E-05
282.8 7.187212511E-06 -1.796803128E-05
283 7.193830571E-06 -3.77497142E-20
283.2 1.440092166E-05 -9.000576037E-05
283.4 2.162130996E-05 -0.0001261243081
283.6 2.885503232E-05 -0.0001262407664
283.8 2.888170055E-05 -9.025531423E-05
284 3.613552266E-05 -9.033880666E-05
284.2 4.340277778E-05 -0.0001085069444
284.4 5.068350324E-05 -0.000108607507
284.6 5.797773655E-05 -0.0001268262987
284.8 6.528551532E-05 -9.067432683E-05
285 7.260687732E-05 -7.260687732E-05
285.2 7.26744186E-05 -0.0001090116279
285.4 8.729050279E-05 -0.0001272986499
285.6 8.737185461E-05 -0.0001092148183
285.8 9.474113806E-05 -7.287779851E-05
286 9.482959851E-05 -5.470938375E-05
286.2 9.49182243E-05 -6.436310467E-20
286.4 9.50070159E-05 5.481173994E-05
286.6 0.0001024110487 -1.828768727E-05
286.8 0.0001171508903 2.227170882E-21
287 0.0001392471857 0.0001099319887
287.2 0.0001393779343 7.335680751E-05
287.4 0.0001468515038 1.550208907E-20
287.6 0.0001469896519 -7.349482596E-05
287.8 0.0001544844633 -7.356403013E-05
288 0.000154630066 3.596976105E-21
288.2 0.0001621462264 -1.842570755E-05
288.4 0.0001696765817 6.481189652E-21
288.6 0.000177221172 1.846053875E-05
288.8 0.0001847800378 3.374964104E-20
289 0.0001923532197 7.398200758E-05
289.2 0.000192535545 0.0001481042654
289.4 0.0001853059772 5.559179317E-05
289.6 0.0001929012346 1.854819563E-05
289.8 0.0002005109316 2.473465032E-21
290 0.0002155685062 1.858349191E-05
290.2 0.0002306547619 9.300595238E-05
290.4 0.0002457697807 1.861892278E-05
290.6 0.0002683683206 -3.727337786E-05
290.8 0.000283548233 -7.461795606E-05
291 0.0002987571702 -0.0001120339388
291.2 0.0003139952153 -0.0001121411483
291.4 0.0003292624521 -0.0001122485632
291.6 0.0003370685523 -5.617809204E-05
291.8 0.0003298944338 -9.37200096E-05
292 0.0003377161383 -0.0001500960615
292.2 0.0003455528846 -5.634014423E-05
292.4 0.0003458854668 1.87981232E-05
292.6 0.0003386921965 1.881623314E-05
292.8 0.0003390188042 -1.883437801E-05
293 0.0003242639961 -0.0001131153475
293.2 0.0003245772947 -9.435386473E-05
293.4 0.0003097799807 2.788683965E-21
293.6 0.0003025169409 3.781461762E-05
293.8 0.0002876695736 -1.892562984E-05
294 0.000280370999 -1.894398642E-05
294.2 0.000265473301 3.792475728E-05
294.4 0.0002505466472 3.796161322E-05
294.6 0.0002431906615 -1.899927043E-05
294.8 0.0002282132425 -5.705331061E-05
295 0.0002055921053 -5.710891813E-05
295.2 0.0001829268293 -9.527439024E-05
295.4 0.0001678466797 -3.814697266E-05
295.6 0.0001527370479 1.909213099E-05
295.8 0.0001375978474 5.73324364E-05
296 0.0001300808031 3.825905975E-05
296.2 0.0001225490196 -1.262759715E-20
296.4 0.0001150024534 -1.916707556E-05
296.6 0.0001074410609 3.837180747E-05
296.8 9.218289086E-05 7.681907571E-05
297 9.227362205E-05 7.689468504E-05
297.2 8.466748768E-05 3.848522167E-05
297.4 8.475098619E-05 -1.926158777E-05
297.6 8.483464956E-05 -3.856120434E-05
297.8 8.491847826E-05 -5.789896245E-05
298 9.272997033E-05 -1.931874382E-05
298.2 0.0001005569307 -2.981331345E-20
298.4 0.0001083994054 -1.935703667E-05
298.6 0.0001162574405 -1.937624008E-05
298.8 0.0001241310824 1.939548163E-05
299 0.0001320203777 1.941476143E-05
299.2 0.0001399253731 7.752661042E-21
299.4 0.0001478461155 -1.945343625E-05
299.6 0.000155782652 -1.947283151E-05
299.8 0.0001559381238 -1.949226547E-05
300 0.0001560939061 -1.365438917E-21
300.2 0.0001640625 3.90625E-05
300.4 0.000172047047 5.86524024E-05
300.6 0.0001800475952 -2.259659838E-20
300.8 0.0001880641926 -7.836008024E-05
301 0.000188253012 -7.843875502E-05
301.2 0.0001962939698 -3.925879397E-05
301.4 0.0002043511066 -5.894743461E-05
301.6 0.0002124244713 -7.867573011E-05
301.8 0.0002126386089 -5.906628024E-05
302 0.0002128531786 -3.94172553E-05
302.2 0.0002130681818 -3.945707071E-05
302.4 0.0002132836198 -7.899393327E-05
302.6 0.0002134994939 -5.930541498E-05
302.8 0.0002137158055 -3.957700101E-05
303 0.0002060091278 1.980856998E-05
303.2 0.0001903553299 5.948604061E-05
303.4 0.0001746697154 7.93953252E-05
303.6 0.0001589521872 3.97380468E-05
303.8 0.000159114053 -0.0001392247963
304 0.0001513124363 -5.972859327E-05
304.2 0.000143494898 5.978954082E-05
304.4 0.0001356613892 -3.990040858E-05
304.6 0.0001278118609 -5.991180982E-05
304.8 0.0001199462641 -5.997313204E-05
305 0.0001120645492 -2.001152664E-05
305.2 0.0001041666667 4.006410256E-05
305.4 9.625256674E-05 -5.017127666E-20
305.6 8.832219938E-05 -4.014645427E-05
305.8 8.03755144E-05 -6.02816358E-05
306 7.241246138E-05 -8.045829042E-05
306.2 6.443298969E-05 -8.054123711E-05
306.4 5.64370485E-05 -6.046826625E-05
306.6 4.842458678E-05 -2.017691116E-05
306.8 4.847466391E-05 -4.039555326E-05
307 4.852484472E-05 -6.06560559E-05
307.2 4.857512953E-05 -7.909619994E-21
307.4 4.052126556E-05 4.052126556E-05
307.6 3.245067497E-05 2.028167186E-05
307.8 2.436330561E-05 -2.744772262E-20
308 2.438865765E-05 2.032388137E-05
308.2 2.44140625E-05 6.270302564E-20
308.4 1.629301356E-05 -2.036626694E-05
308.6 8.155010438E-06 -2.03875261E-05
308.8 0 -6.122648903E-05
309 0 -2.043017782E-05
309.2 0 4.090314136E-05
309.4 0 2.047300839E-05
309.6 0 -2.049449108E-05
309.8 0 4.103203782E-05
310 0 8.215036803E-05
310.2 0 2.055921053E-05
310.4 0 -3.269695927E-20
310.6 0 4.120516878E-05
310.8 0 2.062434002E-05
311 0 -4.12922833E-05
311.2 0 2.241640442E-20
311.4 8.27595339E-06 9.136777006E-21
311.6 1.656945917E-05 -4.142364793E-05
311.8 2.488057325E-05 2.073381104E-05
312 2.490701382E-05 6.226753454E-05
312.2 2.493351064E-05 2.077792553E-05
312.4 2.49600639E-05 -2.080005325E-05
312.6 2.498667377E-05 -4.164445629E-05
312.8 2.501334045E-05 -2.084445037E-05
313 2.50400641E-05 -2.086672009E-05
313.2 2.506684492E-05 -4.177807487E-05
313.4 2.509368308E-05 -4.182280514E-05
313.6 2.512057878E-05 -4.18676313E-05
313.8 2.514753219E-05 -4.191255365E-05
314 2.51745435E-05 -4.19575725E-05
314.2 2.52016129E-05 -4.200268817E-05
314.4 2.522874058E-05 -2.102395048E-05
314.6 2.525592672E-05 -2.10466056E-05
314.8 2.528317152E-05 -6.32079288E-05
315 2.531047516E-05 -6.32761879E-05
315.2 2.533783784E-05 -2.111486486E-05
315.4 2.536525974E-05 2.113771645E-05
315.6 2.539274106E-05 7.120707635E-21
315.8 2.5420282E-05 1.068791617E-20
316 2.544788274E-05 4.241313789E-05
316.2 2.547554348E-05 4.245923913E-05
316.4 2.550326442E-05 4.25054407E-05
316.6 2.553104575E-05 2.127587146E-05
316.8 2.555888768E-05 -1.198515972E-20
317 2.558679039E-05 -2.132232533E-05
317.2 1.707650273E-05 1.260926189E-20
317.4 8.547592998E-06 4.273796499E-05
317.6 0 -2.387029119E-21
317.8 0 -2.14158443E-05
318 0 2.143935236E-05
318.2 0 4.292582418E-05
318.4 0 2.148652365E-05
318.6 0 2.151018722E-05
318.8 0 4.306780595E-05
319 0 4.311534216E-05
319.2 0 4.316298343E-05
319.4 0 4.321073009E-05
319.6 0 2.162929125E-05
319.8 0 2.165327051E-05
320 0 6.503190899E-05
320.2 0 2.170138889E-05
320.4 0 -2.172552836E-05
320.6 0 -6.948700735E-20
320.8 0 2.177396878E-05
321 0 -2.179827009E-05
321.2 0 -8.729050279E-05
321.4 0 -6.554110738E-05
321.6 0 -4.374300112E-05
321.8 0 7.753834037E-22
322 0 -2.192059484E-05
322.2 8.778089888E-06 -8.778089888E-05
322.4 1.757592801E-05 -6.590973003E-05
322.6 1.759572072E-05 -4.39893018E-05
322.8 1.761555806E-05 -4.403889515E-05
323 1.763544018E-05 -4.408860045E-05
323.2 1.765536723E-05 -2.206920904E-05
323.4 1.767533937E-05 -2.209417421E-05
323.6 1.769535674E-05 -2.211919592E-05
323.8 1.77154195E-05 -2.214427438E-05
324 1.773552781E-05 -2.216940976E-05
324.2 1.775568182E-05 -2.219460227E-05
324.4 8.887940842E-06 -2.22198521E-05
324.6 8.898063781E-06 4.449031891E-05
324.8 8.908209806E-06 6.681157355E-05
325 8.918378995E-06 2.229594749E-05
325.2 1.785714286E-05 -6.027705642E-21
325.4 1.787757437E-05 -5.276524903E-20
325.6 1.789805269E-05 -2.550031327E-20
325.8 8.959288991E-06 -2.239822248E-05
326 0 -2.2423938E-05
326.2 0 -2.244971264E-05
326.4 0 -4.495109321E-05
326.6 0 -2.250144009E-05
326.8 0 1.107727656E-20
327 0 -2.255340647E-05
327.2 0 -2.257947977E-05
327.4 0 -3.288110212E-20
327.6 0 -1.118964173E-20
327.8 0 -2.265806265E-05
328 0 -4.536875726E-05
328.2 0 3.973169242E-20
328.4 0 2.273719441E-05
328.6 0 2.276369464E-05
328.8 0 2.279025671E-05
329 0 4.563376168E-05
329.2 0 6.853070175E-05
329.4 0 9.632050502E-22
329.6 0 -5.3340332E-20
329.8 0 4.584800469E-05
330 0 2.295094007E-05
330.2 0 -2.71937526E-20
330.4 0 -8.788324552E-21
330.6 0 2.303213443E-05
330.8 0 -3.5558636E-20
331 9.23463357E-06 -2.308658392E-05
331.2 9.24556213E-06 2.311390533E-05
331.4 9.256516588E-06 4.628258294E-05
331.6 9.267497034E-06 4.633748517E-05
331.8 0 6.958877672E-05
332 0 4.644768133E-05
332.2 9.300595238E-06 2.32514881E-05
332.4 9.311680572E-06 4.655840286E-05
332.6 9.322792363E-06 4.661396181E-05
332.8 9.333930705E-06 4.666965352E-05
333 9.345095694E-06 4.672547847E-05
333.2 9.356287425E-06 4.678143713E-05
333.4 9.367505995E-06 4.683752998E-05
333.6 9.378751501E-06 7.034063625E-05
333.8 9.390024038E-06 7.042518029E-05
334 9.401323706E-06 4.700661853E-05
334.2 9.412650602E-06 7.059487952E-05
334.4 9.424004825E-06 9.424004825E-05
334.6 9.435386473E-06 4.717693237E-05
334.8 9.446795647E-06 -3.263710885E-20
335 9.458232446E-06 4.729116223E-05
335.2 9.46969697E-06 4.734848485E-05
335.4 9.48118932E-06 -4.680535267E-21
335.6 9.492709599E-06 1.089056111E-21
335.8 9.504257908E-06 2.376064477E-05
336 9.515834348E-06 4.757917174E-05
336.2 9.527439024E-06 4.763719512E-05
336.4 9.539072039E-06 2.38476801E-05
336.6 9.550733496E-06 6.338973551E-20
336.8 9.562423501E-06 2.390605875E-05
337 9.574142157E-06 7.180606618E-05
337.2 0 2.396472393E-05
337.4 9.597665848E-06 -4.798832924E-05
337.6 1.921894219E-05 -2.402367774E-05
337.8 2.886391626E-05 2.405326355E-05
338 3.853267571E-05 2.408292232E-05
338.2 4.822530864E-05 2.411265432E-05
338.4 5.794190358E-05 4.828491965E-05
338.6 6.76825495E-05 2.417233911E-05
338.8 7.744733581E-05 3.462131724E-20
339 8.723635236E-05 -4.84646402E-05
339.2 9.704968944E-05 -2.426242236E-05
339.4 0.0001068874378 7.287779851E-05
339.6 0.0001167496887 4.864570361E-05
339.8 0.0001266365337 2.435317955E-05
340 0.0001365480649 2.438358302E-05
340.2 0.000146484375 2.44140625E-05
340.4 0.0001466677096 7.333385482E-05
340.6 0.0001370614035 9.790100251E-05
340.8 0.0001274309912 0.0001225297992
341 0.0001177763819 0.0001226837312
341.2 0.0001080974843 7.370283019E-05
341.4 9.839420655E-05 7.379565491E-05
341.6 8.866645649E-05 9.851828499E-05
341.8 7.891414141E-05 9.864267677E-05
342 6.913716814E-05 9.876738306E-05
342.2 5.933544304E-05 4.944620253E-05
342.4 4.950887199E-05 2.475443599E-05
342.6 3.965736041E-05 -1.648932678E-20
342.8 2.978081321E-05 -5.174548369E-20
343 1.987913486E-05 -7.131866439E-20
343.2 9.952229299E-06 -4.97611465E-05
343.4 0 -7.473692602E-05
343.6 0 -4.988825032E-05
343.8 0 -7.492806905E-05
344 0 -0.0001250400128
344.2 0 -0.0001001602564
344.4 0 -7.521662388E-05
344.6 0 -5.020886889E-05
344.8 0 -5.027348777E-05
345 0 -5.03382732E-05
345.2 0 -2.52016129E-05
345.4 0 2.523417313E-05
345.6 0 5.053363519E-05
345.8 0 2.529954663E-05
346 0 3.258358516E-20
346.2 0 -2.536525974E-05
346.4 0 -7.619473342E-05
346.6 0 -0.0001017252604
346.8 0 -1.679941139E-20
347 0 2.54977154E-05
347.2 0 -7.659313725E-05
347.4 0 -0.0001278223168
347.6 0 -0.0001535878113
347.8 0 -0.0001025262467
348 0 -0.0001026609724
348.2 0 -7.709703947E-05
348.4 0 -7.71986166E-05
348.6 0 -0.0001288341029
348.8 0 -0.0001032034346
349 0 -0.0001033399471
349.2 0 -0.0001293460265
349.4 0 -0.0001036140584
349.6 0 -5.187583001E-05
349.8 0 -0.0001038896277
350 0 -7.802097204E-05
350.2 0 -5.208333333E-05
350.4 0 -0.0001303821762
350.6 0 -0.0001566677807
350.8 0 -0.0001307312584
351 0 -2.618130027E-05
351.2 0 5.243288591E-05
351.4 0 5.250336022E-05
351.6 0 2.628701211E-05
351.8 0 -2.632243935E-05
352 0 -2.635796221E-05
352.2 0 -2.639358108E-05
352.4 0 -5.285859269E-05
352.6 0 -2.64651084E-05
352.8 0 -5.300203528E-05
353 0 -5.307404891E-05
353.2 0 6.168389862E-20
353.4 0 -2.660933243E-05
353.6 0 -2.664563438E-05
353.8 0 4.177137304E-20
354 0 2.259547827E-20
354.2 0 6.506742419E-20
354.4 0 5.868083407E-20
354.6 0 1.788321375E-20
354.8 0 2.686554333E-05
355 0 2.690254821E-05
355.2 0 5.387931034E-05
355.4 0 8.093059392E-05
355.6 0 5.402835408E-05
355.8 0 8.115477839E-05
356 0 8.126733703E-05
356.2 0 2.712673611E-05
356.4 0 -2.716446453E-05
356.6 0 -2.720229805E-05
356.8 0 4.001918322E-20
357 0 -2.727828212E-05
357.2 0 -4.049655363E-20
357.4 0 2.735469188E-05
357.6 0 4.294205173E-20
357.8 0 -2.74315309E-05
358 0 -5.494022504E-05
358.2 0 -5.501760563E-05
358.4 0 -5.509520451E-05
358.6 0 -5.51730226E-05
358.8 0 -5.525106082E-05
359 0 -5.532932011E-05
359.2 0 -5.540780142E-05
359.4 0 3.776025612E-21
359.6 0 2.778271693E-05
359.8 0 -4.995441369E-21
360 0 1.439496266E-20
360.2 0 -2.790178571E-05
360.4 0 -2.794170243E-05
360.6 0 2.798173352E-05
360.8 0 2.802187948E-05
361 0 2.800871074E-20
361.2 0 2.165696389E-20
361.4 0 -1.214238739E-20
361.6 0 -1.174498686E-21
361.8 0 -1.460413028E-20
362 0 1.120774925E-20
362.2 0 -3.445228001E-20
362.4 0 8.18899982E-21
362.6 0 7.409229657E-21
362.8 0 -9.726640104E-21
363 0 2.272139409E-20
363.2 0 -5.893550537E-20
363.4 0 -1.641027327E-21
363.6 0 -2.859626647E-05
363.8 0 3.289639345E-20
364 0 2.868024963E-05
364.2 0 5.684902618E-21
364.4 0 -2.027307141E-21
364.6 0 -5.042230501E-20
364.8 0 2.884970458E-05
365 0 2.889238166E-05
365.2 0 -2.893518519E-05
365.4 0 -2.897811573E-05
365.6 0 -1.025777242E-20
365.8 0 -2.906436012E-05
366 0 -2.910767511E-05
366.2 0 2.871447245E-20
366.4 0 -3.195939364E-20
366.6 0 -4.249681315E-20
366.8 0 2.921626459E-20
367 0 -2.93262012E-05
367.2 0 -2.937030075E-05
367.4 0 -1.818704275E-20
367.6 0 -1.560965877E-20
367.8 0 2.65059622E-21
368 0 -1.515582477E-20
368.2 0 8.673653862E-20
368.4 0 6.501168679E-20
368.6 0 2.968275076E-05
368.8 0 -4.501249811E-20
369 0 -2.977324695E-05
369.2 0 1.299907237E-21
369.4 0 -7.211241491E-21
369.6 0 -7.949326014E-20
369.8 0 -2.995590491E-05
370 0 -3.000192012E-05
370.2 0 -3.004807692E-05
370.4 0 3.464766726E-20
370.6 0 3.91681351E-20
370.8 0 3.01874034E-05
371 0 3.023413313E-05
371.2 1.21124031E-05 -3.028100775E-05
371.4 0 -3.032802795E-05
371.6 0 4.529980461E-20
371.8 0 6.084501558E-05
372 0 -6.737630146E-20
372.2 0 -3.051757812E-05
372.4 0 2.277794376E-20
372.6 0 -6.966928598E-20
372.8 0 7.534995186E-21
373 0 1.336687619E-19
373.2 0 2.599863368E-20
373.4 0 -3.981280325E-20
373.6 0 -3.085505529E-05
373.8 0 -2.325596546E-20
374 0 6.190570523E-05
374.2 0 3.881908202E-20
374.4 0 -6.210254372E-05
374.6 0 -3.110071656E-05
374.8 0 9.087053337E-20
375 0 2.094723316E-20
375.2 0 3.125E-05
375.4 0 -6.438879542E-20
375.6 0 -3.135032103E-05
375.8 0 -3.555904446E-20
376 0 -2.094001013E-20
376.2 0 5.88740369E-21
376.4 0 6.247386011E-20
376.6 0 4.221752768E-20
376.8 0 2.77458727E-20
377 0 -2.852891227E-20
377.2 0 3.889148613E-20
377.4 0 5.796446005E-20
377.6 0 3.535445719E-20
377.8 0 -2.237875675E-20
378 0 -1.089987304E-20
378.2 0 -4.061834836E-20
378.4 0 4.237301957E-20
378.6 0 6.092205772E-20
378.8 0 5.940596569E-21
379 0 -1.378486919E-20
379.2 0 1.703264199E-20
379.4 0 -4.113353838E-20
379.6 0 -4.704012455E-20
379.8 0 -2.335643062E-20
380 0 -1.980451239E-20
380.2 0 -4.960524224E-20
380.4 0 2.02895319E-20
380.6 0 -7.595562633E-20
380.8 0 -4.394412921E-20
381 0 2.747721813E-21
381.2 0 -6.626946881E-20
381.4 0 1.391525594E-20
381.6 0 -2.537782296E-20
381.8 0 1.454180008E-20
382 0 -7.841354655E-21
382.2 0 -2.507637924E-21
382.4 0 -6.090628109E-20
382.6 0 -3.669414525E-20
382.8 0 -3.334799966E-20
383 0 -4.270804499E-20
383.2 0 1.229989334E-20
383.4 0 6.484512095E-20
383.6 0 -2.381497365E-20
383.8 0 -6.969480311E-20
384 0 -1.292096098E-20
384.2 0 -1.046188346E-19
384.4 0 -1.52673431E-20
384.6 0 -3.492906082E-20
384.8 0 -5.882259238E-20
385 0 -1.045324322E-19
385.2 0 -7.292574132E-20
385.4 0 -3.315365917E-21
385.6 0 -2.000502858E-20
385.8 0 -9.511480849E-20
386 0 -1.191718602E-19
386.2 0 2.688794204E-20
386.4 0 -2.799126622E-20
386.6 0 -2.952754555E-20
386.8 0 7.315851595E-20
387 0 1.083637003E-19
387.2 0 -1.919156813E-20
387.4 0 -1.828368619E-20
387.6 0 4.460502238E-20
387.8 0 4.025510111E-20
388 0 -8.959833133E-21
388.2 0 3.487723214E-05
388.4 0 2.735155983E-20
388.6 0 -3.500224014E-05
388.8 0 5.521284046E-20
389 0 -6.031765714E-20
389.2 0 -1.280735168E-19
389.4 0 3.52549639E-05
389.6 0 -4.340270647E-20
389.8 0 -3.538269928E-05
390 0 1.504937404E-20
390.2 0 4.49268953E-20
390.4 0 2.077319492E-20
390.6 0 6.415926742E-21
390.8 0 4.20123243E-20
391 0 7.468646546E-21
391.2 0 3.583715596E-05
391.4 0 7.180606618E-05
391.6 0 7.193830571E-05
391.8 0 7.207103321E-05
392 0 3.610212569E-05
392.2 0 1.393081053E-20
392.4 0 -1.743321717E-20
392.6 0 8.362846925E-20
392.8 0 3.310842899E-20
393 0 3.644573105E-20
393.2 0 6.978856173E-20
393.4 0 3.13746008E-20
393.6 0 8.201056104E-21
393.8 0 -8.678068971E-20
394 0 3.678201507E-05
394.2 0 3.685141509E-05
394.4 0 -9.614001232E-21
394.6 0 1.981066295E-20
394.8 0 -9.725380466E-21
395 0 -1.005391375E-19
395.2 0 -9.117360533E-20
395.4 0 -9.181113914E-20
395.6 0 -3.734464627E-05
395.8 0 -3.741618774E-05
396 0 -5.208846709E-20
396.2 0 -3.756009615E-05
396.4 0 -7.526493256E-05
396.6 0 -7.541023166E-05
396.8 0 -3.777804642E-05
397 0 1.034441614E-19
397.2 0 3.792475728E-05
397.4 0 3.799854086E-05
397.6 0 -3.807261209E-05
397.8 0 9.941561159E-20
398 0 2.465093128E-22
398.2 0 -3.829656863E-05
398.4 0 -5.407948254E-20
398.6 0 -3.730526486E-20
398.8 0 -1.874260608E-21
399 0 1.045534849E-20
399.2 0 1.995770957E-20
399.4 0 -3.730913212E-21
399.6 0 7.242985258E-21
399.8 0 -1.178400417E-19
400 0 -1.069305603E-19
400.2 0 1.959013944E-20
400.4 0 7.750043123E-20
400.6 0 1.498951487E-20
400.8 0 -7.662649983E-20
401 0 1.159670514E-20
401.2 0 -1.351969813E-20
401.4 0 -4.831573254E-20
401.6 0 -4.390450688E-20
401.8 0 -4.512961527E-20
402 0 3.782325374E-20
402.2 0 -5.327397365E-20
402.4 0 -5.578644296E-20
402.6 0 -2.39840354E-20
402.8 0 -6.629766758E-20
403 0 4.01877572E-05
403.2 0 8.054123711E-05
403.4 0 4.035382231E-05
403.6 1.617494824E-05 -8.256715048E-20
403.8 3.241701245E-05 -4.052126556E-05
404 4.872661123E-05 -8.121101871E-05
404.2 6.510416667E-05 -4.069010417E-05
404.4 6.524008351E-05 -4.077505219E-05
404.6 6.537656904E-05 -4.086035565E-05
404.8 6.551362683E-05 -4.956313019E-20
405 6.56512605E-05 -2.382950783E-20
405.2 6.578947368E-05 7.233666691E-20
405.4 6.592827004E-05 4.120516878E-05
405.6 4.955073996E-05 8.25845666E-05
405.8 3.310381356E-05 8.27595339E-05
406 1.658704883E-05 4.146762208E-05
406.2 0 -4.155585106E-05
406.4 0 -4.164445629E-05
406.6 0 9.344886292E-20
406.8 0 -2.606518292E-20
407 0 4.191255365E-05
407.2 0 4.200268817E-05
407.4 0 -8.572853002E-21
407.6 0 4.218412527E-05
407.8 0 4.22754329E-05
408 0 -4.236713666E-05
408.2 0 -8.491847826E-05
408.4 0 -8.510348584E-05
408.6 0 -8.528930131E-05
408.8 0 -4.273796499E-05
409 0 9.534559384E-20
409.2 0 6.511461115E-20
409.4 0 3.006116952E-21
409.6 0 3.111246959E-20
409.8 0 1.958277466E-19
410 0 -6.095321717E-20
410.2 0 8.455332512E-20
410.4 0 7.673689638E-20
410.6 0 5.227679015E-20
410.8 0 9.670926564E-21
411 0 6.216255726E-20
411.2 0 1.509255484E-20
411.4 0 -5.920887125E-20
411.6 0 2.954039661E-20
411.8 0 -1.38382898E-20
412 0 -9.030237713E-21
412.2 0 -6.109350343E-20
412.4 0 -2.912662277E-20
412.6 0 -7.346026628E-20
412.8 0 -3.975359835E-20
413 0 7.647412385E-21
413.2 0 -7.220570029E-20
413.4 0 -6.598457313E-20
413.6 0 -3.024298577E-20
413.8 0 3.84721746E-20
414 0 1.96063511E-21
414.2 0 -1.764134422E-20
414.4 0 1.146805901E-19
414.6 0 4.563376168E-05
414.8 0 4.574063232E-05
415 0 -4.584800469E-05
415.2 0 -3.371614777E-20
415.4 0 9.212853774E-05
415.6 0 4.617316785E-05
415.8 0 -4.628258294E-05
416 0 3.834294926E-20
416.2 0 9.300595238E-05
416.4 0 4.661396181E-05
416.6 0 -4.672547847E-05
416.8 0 -4.683752998E-05
417 0 4.695012019E-05
417.2 0 7.526908393E-20
417.4 0 -4.717693237E-05
417.6 0 9.207027373E-20
417.8 0 9.48118932E-05
418 0 0.0001425638686
418.2 0 -2.752381082E-20
418.4 0 -4.775366748E-05
418.6 0 9.574142157E-05
418.8 0 4.798832924E-05
419 0 6.645816919E-20
419.2 0 1.240381136E-19
419.4 1.933787129E-05 1.056700965E-19
419.6 1.938585608E-05 9.69292804E-05
419.8 1.94340796E-05 4.8585199E-05
420 1.948254364E-05 1.835039124E-20
420.2 1.953125E-05 4.8828125E-05
420.4 1.95802005E-05 4.895050125E-05
420.6 1.962939698E-05 3.499265205E-20
420.8 1.967884131E-05 -5.271967012E-21
421 3.945707071E-05 4.932133838E-05
421.2 5.933544304E-05 4.944620253E-05
421.4 7.931472081E-05 -4.957170051E-05
421.6 9.93956743E-05 9.509169688E-20
421.8 0.0001195790816 4.982461735E-05
422 0.0001398657289 8.563935213E-20
422.2 0.0001602564103 -0.0001001602564
422.4 0.000180751928 -5.020886889E-05
422.6 0.0001812177835 5.03382732E-05
422.8 0.000201873385 5.046834625E-05
423 0.0002226360104 -5.059909326E-05
423.2 0.0002435064935 -5.073051948E-05
423.4 0.0002644856771 5.497863224E-21
423.6 0.0002855744125 -2.263100601E-20
423.8 0.0002863219895 5.11289267E-05
424 0.0003075787402 0.0001025262467
424.2 0.0003083881579 5.139802632E-05
424.4 0.000309201847 4.136693636E-20
424.6 0.0003100198413 5.166997354E-05
424.8 0.0003108421751 5.180702918E-05
425 0.000311668883 0.0001038896277
425.2 0.0003125 0.0001041666667
425.4 0.0003133355615 0.0001044451872
425.6 0.0003141756032 0.0001047252011
425.8 0.0003150201613 5.250336022E-05
426 0.0003158692722 5.019110009E-20
426.2 0.000316722973 -3.763643263E-20
426.4 0.0003175813008 5.29302168E-05
426.6 0.0003184442935 5.307404891E-05
426.8 0.0003193119891 -5.321866485E-05
427 0.0003415300546 -4.259728997E-20
427.2 0.0003424657534 -2.423956829E-21
427.4 0.0003434065934 -5.365728022E-05
427.6 0.0003443526171 3.978446178E-20
427.8 0.0003453038674 5.387545666E-20
428 0.0003462603878 5.41031856E-05
428.2 0.0003472222222 5.425347222E-05
428.4 0.000348189415 5.44045961E-05
428.6 0.0003491620112 0.0001636696927
428.8 0.000350140056 0.000218837535
429 0.0003511235955 0.0001097261236
429.2 0.0003521126761 0.0001100352113
429.4 0.0003531073446 0.0001655190678
429.6 0.0003541076487 0.0001106586402
429.8 0.0003551136364 -1.213774347E-20
430 0.0003561253561 -5.564458689E-05
430.2 0.0003571428571 -7.817698452E-20
430.4 0.0003581661891 5.596346705E-05
430.6 0.0003591954023 5.612428161E-05
430.8 0.0003602305476 5.628602305E-05
431 0.0003612716763 0.0001128973988
431.2 0.0003623188406 0.0001698369565
431.4 0.000363372093 5.677688953E-05
431.6 0.0003644314869 -5.038686496E-20
431.8 0.000365497076 5.710891813E-05
432 0.000366568915 -6.558790203E-20
432.2 0.0003676470588 -2.276063706E-19
432.4 0.0003687315634 -5.761430678E-05
432.6 0.0003698224852 9.952301451E-20
432.8 0.0003477373887 5.795623145E-05
433 0.0003255208333 -5.812872024E-05
433.2 0.0003031716418 -5.830223881E-05
433.4 0.0002806886228 2.974560609E-19
433.6 0.0002580705706 -5.86524024E-05
433.8 0.0002353162651 -5.882906627E-05
434 0.0002124244713 5.900679758E-05
434.2 0.0001893939394 0.0001183712121
434.4 0.0001662234043 5.936550152E-05
434.6 0.0001429115854 -5.95464939E-05
434.8 0.0001194571865 9.501219378E-20
435 9.585889571E-05 5.991180982E-05
435.2 7.211538462E-05 1.315517172E-20
435.4 4.822530864E-05 7.800020936E-20
435.6 2.41873065E-05 9.370656186E-20
435.8 0 2.797563394E-20
436 0 8.58791847E-21
436.2 0 5.628011364E-20
436.4 0 1.416589744E-19
436.6 0 1.276935565E-19
436.8 0 6.161277603E-05
437 0 0.0001236155063
437.2 0 6.625029881E-20
437.4 0 1.344085293E-19
437.6 0 0.0001248003195
437.8 0 2.34175281E-20
438 0 -6.280144695E-05
438.2 0 -6.300403226E-05
438.4 0 6.32079288E-05
438.6 0 0.0001902394481
438.8 0 0.0001272394137
439 0 0.0001276552288
439.2 0 6.403688525E-05
439.4 0 6.424753289E-05
439.6 0 0.0001289191419
439.8 0 6.467301325E-05
440 0 -6.488787375E-05
440.2 0 -0.0001302083333
440.4 0 -6.532190635E-05
440.6 0 1.326422878E-20
440.8 0 2.28795982E-20
441 0 -3.814555909E-20
441.2 0 3.870148563E-20
441.4 0 1.048139816E-20
441.6 0 -8.915620482E-20
441.8 0 -1.246924234E-19
442 0 -4.510368789E-20
442.2 0 1.661322437E-20
442.4 0 1.140173225E-20
442.6 0 6.781684028E-05
442.8 0 6.805313589E-05
443 0 -1.378703261E-20
443.2 0 5.191620669E-21
443.4 0 -1.276042135E-19
443.6 0 -1.884115513E-19
443.8 0 -2.741724902E-19
444 0 -4.999020656E-20
444.2 0 -2.851463557E-20
444.4 0 7.000448029E-05
444.6 0 7.025629496E-05
444.8 0 -1.341474097E-19
445 0 3.020083375E-19
445.2 0 7.102272727E-05
445.4 0 7.128193431E-05
445.6 0 -1.49486622E-20
445.8 0 -5.19916818E-20
446 0 -2.408081112E-20
446.2 0 1.565810626E-20
446.4 0 -7.557664651E-20
446.6 0 3.92475436E-20
446.8 0 -7.315074906E-05
447 0 -7.342575188E-05
447.2 0 -8.804295874E-20
447.4 0 -2.934527975E-19
447.6 0 -5.703055709E-21
447.8 0 -4.45978178E-21
448 0 7.594458175E-20
448.2 0 1.515817673E-19
448.4 0 -1.022296102E-20
448.6 0 7.570251938E-05
448.8 0 -8.657474891E-21
449 0 -7.629394531E-05
449.2 0 -7.659313725E-05
449.4 0 2.906461974E-21
449.6 0 7.71986166E-05
449.8 0 7.750496032E-05
450 0 -7.781374502E-05
450.2 0 -0.00015625
450.4 0 7.843875502E-05
450.6 0 7.875504032E-05
450.8 0 -1.02047344E-19
451 0 -7.93953252E-05
451.2 0 1.124432059E-19
451.4 0 8.004610656E-05
451.6 0 -4.813473172E-20
451.8 0 1.349467939E-19
452 0 -8.104253112E-05
452.2 0 -8.138020833E-05
452.4 0 -5.116086205E-21
452.6 0 -1.168032085E-19
452.8 0 -8.241033755E-05
453 0 -8.27595339E-05
453.2 0 1.181669571E-19
453.4 0 5.084974418E-21
453.6 0 1.226266857E-19
453.8 0 8.418642241E-05
454 0 1.651176246E-19
454.2 0 -8.491847826E-05
454.4 0 5.184405814E-20
454.6 0 1.209909063E-19
454.8 0 1.568936455E-19
455 0 9.985974568E-20
455.2 0 -1.961722119E-19
455.4 0 9.70013462E-20
455.6 0 -3.145971686E-20
455.8 0 -3.595342825E-20
456 0 -6.985092583E-20
456.2 0 1.987876307E-20
456.4 0 -1.935072536E-19
456.6 0 3.560168698E-20
456.8 0 -1.468877204E-19
457 0 -2.890969458E-19
457.2 0 -2.11882909E-19
457.4 0 -3.293057289E-19
457.6 0 -2.194341571E-19
457.8 0 -3.621743741E-20
458 0 -1.591957427E-19
458.2 0 9.300595238E-05
458.4 0 9.345095694E-05
458.6 0 -1.215753146E-19
458.8 0 -3.884657797E-19
459 0 -3.723656705E-19
459.2 0 -2.257943E-19
459.4 0 9.731558164E-20
459.6 0 6.309183956E-20
459.8 0 -9.290415421E-20
460 0 -1.307982551E-19
460.2 0 -1.87056021E-19
460.4 0 -9.814698492E-05
460.6 0 -1.098115598E-19
460.8 0 9.914340102E-05
461 0 9.964923469E-05
461.2 0 0.0001001602564
461.4 0 -0.0001006765464
461.6 0 2.265625336E-19
461.8 0 1.030549739E-19
462 0 8.894502265E-20
462.2 0 2.443787547E-19
462.4 0 -5.944503111E-20
462.6 0 7.313908931E-21
462.8 0 -0.0001044451872
463 0 -9.974127452E-20
463.2 0 -1.964729372E-20
463.4 0 -1.850509946E-19
463.6 0 3.206217962E-20
463.8 0 7.422008767E-20
464 0 -3.686672368E-20
464.2 0 -1.541649685E-19
464.4 0 -2.359667079E-19
464.6 0 -1.494417066E-19
464.8 0 -1.513466604E-19
465 0 0.0001109730114
465.2 0 0.0001116071429
465.4 0 -0.0001122485632
465.6 0 -0.0001128973988
465.8 0 -2.969081458E-20
466 0 0.0001142178363
466.2 0 0.0001148897059
466.4 0 -7.838721585E-20
466.6 0 -7.028382316E-20
466.8 0 1.117043039E-19
467 0 -2.574648873E-20
467.2 0 -1.079310047E-19
467.4 0 9.750061621E-20
467.6 0 -4.484354843E-20
467.8 0 -3.357873069E-20
468 0 -2.888674598E-19
468.2 0 8.489124734E-20
468.4 0 3.097048557E-20
468.6 0 5.688728191E-20
468.8 0 -3.779821231E-19
469 0 -1.014193291E-19
469.2 0 -2.757122387E-19
469.4 0 -2.503862943E-19
469.6 0 -4.132754179E-20
469.8 0 1.469448353E-19
470 0 -0.0001293460265
470.2 0 -0.0001302083333
470.4 0 4.061002885E-20
470.6 0 -7.467770639E-20
470.8 0 -1.696355871E-19
471 0 7.912302383E-20
471.2 0 3.860439882E-20
471.4 0 -4.238651192E-22
471.6 0 6.038274367E-20
471.8 0 -1.104679228E-19
472 0 4.383791511E-21
472.2 0 -2.093734793E-20
472.4 0 -3.718246708E-19
472.6 0 -6.146417775E-20
472.8 0 2.479014679E-20
473 0 -2.223081222E-19
473.2 0 -1.009241158E-19
473.4 0 -4.019933463E-20
473.6 0 -0.0001468515038
473.8 0 5.125319145E-19
474 0 0.0001490935115
474.2 0 1.548188822E-19
474.4 0 -5.295660434E-20
474.6 0 -0.0001525878906
474.8 0 -0.0001537893701
475 0 2.144154884E-19
475.2 0 -2.807158713E-19
475.4 0 -5.974722664E-20
475.6 0 -1.396761765E-19
475.8 0 -1.967021988E-19
476 0 -6.588043955E-20
476.2 0 -2.333719832E-19
476.4 0 -2.690038685E-19
476.6 0 -1.26688938E-19
476.8 0 -2.390715658E-19
477 0 -3.578963945E-20
477.2 0 -1.046111377E-19
477.4 0 6.653234704E-20
477.6 0 5.101925827E-20
477.8 0 -7.131378118E-20
478 0 1.523078182E-19
478.2 0 9.829216131E-20
478.4 0 -9.83252266E-20
478.6 0 -4.979983903E-19
478.8 0 -9.336572703E-20
479 0 -7.127377324E-20
479.2 0 -1.728701901E-19
479.4 0 2.605040774E-19
479.6 0 2.462451432E-19
479.8 0 3.314869257E-19
480 0 -4.353792202E-20
480.2 0 -2.006849629E-19
480.4 0 1.102811638E-20
480.6 0 1.556088016E-19
480.8 0 3.142643606E-19
481 0 -1.300231846E-19
481.2 0 2.155698658E-19
481.4 0 1.260230647E-19
481.6 0 -6.704910234E-20
481.8 0 -2.386516156E-19
482 0 3.485356182E-19
482.2 0 2.992154507E-19
482.4 0 4.745372799E-20
482.6 0 1.925184418E-19
482.8 0 1.168515281E-19
483 0 2.449084174E-19
483.2 0 -1.172594189E-19
483.4 0 -7.823105441E-20
483.6 0 2.187127399E-19
483.8 0 5.862779959E-20
484 0 8.53664641E-20
484.2 0 6.804639177E-19
484.4 0 4.719647349E-19
484.6 0 -2.285093657E-19
484.8 0 -1.172578213E-19
485 0 -3.715326151E-20
485.2 0 1.234934117E-19
485.4 0 2.506031657E-19
485.6 0 3.222634373E-19
485.8 0 5.413526943E-20
486 0 6.011811538E-19
486.2 0 -1.989245779E-19
486.4 0 -9.771929714E-19
486.6 0 -2.324544738E-19
486.8 0 -2.622531387E-19
487 0 -8.452213571E-20
487.2 0 -4.087731508E-19
487.4 0 -6.883054427E-19
487.6 0 -4.820322092E-21
487.8 0 -5.758560785E-19
488 0 -3.591592214E-19
488.2 0 -5.308934443E-19
488.4 0 -7.754188489E-19
488.6 0 -1.548962045E-19
488.8 0 -3.455868281E-19
489 0 -3.790195047E-19
489.2 0 -6.803557229E-19
489.4 0 -3.956356363E-19
489.6 0 -6.75552717E-19
489.8 0 -3.274140966E-19
490 0 -5.194780302E-19
490.2 0 -6.066050443E-19
490.4 0 -2.827393311E-19
490.6 0 -1.077102759E-18
490.8 0 -4.496200894E-19
491 0 -4.927622327E-19
491.2 0 -9.468616956E-19
491.4 0 -5.089828199E-19
491.6 0 1.872677326E-20
491.8 0 -9.749434323E-20
492 0 1.0703802E-18
492.2 0 1.125148849E-18
492.4 0 -8.10568182E-19
492.6 0 9.501570066E-19
492.8 0 1.144957327E-18
493 0 -6.531811292E-19
493.2 0 -1.441046357E-18
493.4 0 -3.755109337E-19
493.6 0 1.00299774E-18
493.8 0 7.552177222E-20
494 0 9.732080458E-20
494.2 0 -4.810108708E-19
494.4 0 4.538377621E-19
494.6 0 6.810815051E-19
494.8 0 -5.256275693E-19
495 0 1.355565992E-18
495.2 0 -1.792268752E-19
495.4 0 -1.057103976E-19
495.6 0 -9.635348861E-19
495.8 0 -1.915322893E-18
496 0 -6.071654791E-20
496.2 0 -1.011712608E-18
496.4 0 -7.609716096E-19
496.6 0 -1.62015122E-18
496.8 0 2.35463274E-19
497 0 -1.636254389E-18
497.2 0 -2.423496085E-18
497.4 0 -1.992595342E-18
497.6 0 -2.476228333E-18
497.8 0 -2.916400647E-18
498 0 -3.382897887E-18
498.2 0 -6.969352267E-19
498.4 0 -2.996715363E-18
498.6 0 -6.610363093E-18
498.8 0 -3.75003105E-18
499 0 -4.112119372E-18
499.2 0 -4.759068954E-18
499.4 0 -1.015382876E-17
499.6 0 -1.05967012E-17
499.8 0 1.629557429E-18
500 0 -1.350046156E-17
