0 0.007387669932 -9.371251499E-05
0.2 0.0065125 0.0014453125
0.4 0.006096188475 0.0004533063225
0.6 0.005763986189 0.0004065752602
0.8 0.005462805366 0.0003285192231
1 0.005202073317 0.0002817007212
1.2 0.004988101202 0.0002583291583
1.4 0.004773957498 0.0001801197875
1.6 0.004565909547 0.000148854292
1.8 0.004376504815 0.0001332388644
2 0.004199493175 0.0001411330791
2.2 0.004044302209 0.000188253012
2.4 0.003892125352 0.0001098583769
2.6 0.0037586666 -3.925090434E-05
2.8 0.003618817853 -3.926668677E-05
3 0.0034725714 4.713897828E-05
3.2 0.003329351107 3.143863179E-05
3.4 0.003214321659 7.862822061E-05
3.6 0.003077174789 6.292790979E-05
3.8 0.002977689363 2.360747381E-05
4 0.002874974809 7.872329706E-06
4.2 0.002772177419 -1.575100806E-05
4.4 0.002678751513 -1.575736184E-05
4.6 0.002601013923 3.940930186E-05
4.8 0.002510597497 3.154016956E-05
5 0.002420108037 -5.521758885E-05
5.2 0.002335858586 -1.578282828E-05
5.4 0.002245225344 2.368381164E-05
5.6 0.002173473514 7.108016579E-05
5.8 0.00208586165 2.37029733E-05
6 0.002010825577 -1.580837718E-05
6.2 0.001929402834 -8.989660118E-21
6.4 0.001857406845 -1.686243962E-21
6.6 0.001794849068 -2.374138979E-05
6.8 0.001744907783 -3.166801784E-05
7 0.001685421736 -5.544150446E-05
7.2 0.001638564909 -7.923427992E-05
7.4 0.001601182021 1.585328734E-05
7.6 0.001541565164 3.171944783E-05
7.8 0.001485073111 7.933082859E-06
8 0.001441233239 7.93630638E-06
8.2 0.001384654472 7.93953252E-05
8.4 0.001324852582 0.0001747407483
8.6 0.001261823637 0.0001032979048
8.8 0.001211462149 -3.17969068E-05
9 0.001173783591 -7.952463355E-05
9.2 0.001132892057 -3.182281059E-05
9.4 0.001091967196 3.183577832E-05
9.6 0.00103508459 1.592437831E-05
9.8 0.0009909002855 -4.779261827E-05
10 0.0009530548756 -3.984343125E-05
10.2 0.0009119897959 -7.174744898E-05
10.4 0.0008804614128 -8.772713352E-05
10.6 0.0008552900327 -7.978451797E-06
10.8 0.0008300980793 -2.39451369E-05
11 0.0008016915372 -1.068195716E-20
11.2 0.0007828476483 -2.396472393E-05
11.4 0.000754398527 -8.790660802E-05
11.6 0.0007355198526 -1.598956201E-05
11.8 0.0007134264947 -3.999027437E-05
12 0.0007009166325 -5.600931995E-05
12.2 0.0006723872951 -8.004610656E-06
12.4 0.0006566471915 1.601578516E-05
12.6 0.0006248718212 7.210059475E-05
12.8 0.0005930703734 4.007232253E-05
13 0.0005708641215 -6.414203612E-05
13.2 0.0005486396304 -0.0001122946612
13.4 0.0005392358258 -0.0001283894823
13.6 0.0005201911221 -9.633168927E-05
13.8 0.0004979183799 -8.030941612E-05
14 0.0004788410119 -0.0001044451872
14.2 0.0004565329218 -0.0001205632716
14.4 0.0004406391519 -0.0001125720461
14.6 0.00042473229 -5.630920511E-05
14.8 0.0004023743304 -1.484021268E-20
15 0.000386438582 -2.415241138E-05
15.2 0.0003737113402 -0.0001449742268
15.4 0.0003577506188 -9.668935644E-05
15.6 0.0003224308708 1.612154354E-05
15.8 0.000296758877 -4.032049959E-05
16 0.0002807465923 -7.260687732E-05
16.2 0.000255036157 -8.877840909E-05
16.4 0.0002389933857 -0.0001049633113
16.6 0.0002293992969 -0.0001050067204
16.8 0.0002262618949 -0.0001050501655
17 0.0002166545944 -1.616825331E-05
17.2 0.0002070393375 2.426242236E-05
17.4 0.0002006524441 -1.066686064E-20
17.6 0.0002007355988 -8.094177373E-06
17.8 0.0002040578358 -3.239013267E-05
18 0.000204142472 -8.910980921E-05
18.2 0.0002107105809 -8.914678423E-05
18.4 0.0002075550021 -9.729140722E-05
18.6 0.0002108855897 -0.0001378867317
18.8 0.0002142189447 -0.0001136009555
19 0.0002175550707 -6.494181214E-05
19.2 0.0002143970894 -1.056702658E-20
19.4 0.0002144862729 -1.359159457E-21
19.6 0.0002145755306 -2.955073446E-21
19.8 0.0002081598668 7.318120316E-05
20 0.0002049927114 4.067315702E-05
20.2 0.0001985677083 -3.255208333E-05
20.4 0.0001953939141 -1.628282618E-05
20.6 0.0001987333194 -3.257923269E-05
20.8 0.0001988162286 -2.444461827E-05
21 0.0001956385643 -1.630321369E-05
21.2 0.0001924582463 9.456927089E-21
21.4 0.0001925386383 4.895050125E-05
21.6 0.0001893543669 4.897095696E-05
21.8 0.0001861674331 -5.12591874E-21
22 0.0001862452949 -2.450595985E-05
22.2 0.0001830543933 3.268828452E-05
22.4 0.0001831310172 1.635098368E-05
22.6 0.0001832077052 8.17891541E-06
22.8 0.000189830331 8.182341852E-06
23 0.0001931841995 2.45573135E-05
23.2 0.0001867138365 8.189203354E-05
23.4 0.0001900692114 5.734846896E-05
23.6 0.0001868705413 3.27843055E-05
23.8 0.0001836691856 2.50340552E-20
24 0.0001837463251 -5.742072659E-05
24.2 0.0001772584034 -4.103203782E-05
24.4 0.0001707650273 5.746899958E-05
24.6 0.0001642661901 4.106654752E-05
24.8 0.0001544751788 -1.643352966E-05
25 0.0001479640152 8.220223064E-06
25.2 0.0001513157895 6.578947368E-05
25.4 0.0001480886689 -8.227148273E-06
25.6 0.0001415665824 -0.0001069979983
25.8 0.0001416262648 -5.763859612E-05
26 0.0001383909743 -6.590046394E-05
26.2 0.0001417457806 -6.592827004E-05
26.4 0.0001385078092 -2.473353736E-05
26.6 0.0001418654983 -4.123997044E-05
26.8 0.000141925433 -9.901774398E-05
27 0.000138683432 -3.301986475E-05
27.2 0.0001321353066 8.25845666E-06
27.4 0.0001255816413 -6.609560068E-05
27.6 0.0001157162505 -7.43890182E-05
27.8 0.000112457663 -8.268945809E-05
28 0.0001058873359 -9.099692927E-05
28.2 9.600105932E-05 -7.448358051E-05
28.4 9.604175498E-05 -2.483838491E-05
28.6 9.608248516E-05 8.282972858E-06
28.8 9.280865507E-05 -8.28648706E-06
29 9.284804754E-05 -5.803002971E-05
29.2 8.957006369E-05 -5.805467091E-05
29.4 9.292693288E-05 8.297047579E-06
29.6 8.964619635E-05 1.745517246E-20
29.8 8.304102891E-05 -2.491230867E-05
30 8.307635049E-05 2.492290515E-05
30.2 7.978723404E-05 2.493351064E-05
30.4 7.31694338E-05 -3.325883355E-05
30.6 7.320059625E-05 -4.159124787E-05
30.8 6.657435023E-05 -1.664358756E-05
31 6.327259165E-05 -2.497602302E-05
31.2 6.329957356E-05 -2.498667377E-05
31.4 6.33265785E-05 1.666488908E-05
31.6 6.335360649E-05 -3.334400341E-05
31.8 5.670900939E-05 -4.169780102E-05
32 5.339598462E-05 1.668624519E-05
32.2 4.340277778E-05 -2.50400641E-05
32.4 3.674112869E-05 -8.35025652E-05
32.6 3.007378101E-05 -5.012296835E-05
32.8 2.674368849E-05 -2.507220796E-05
33 2.341074486E-05 -1.672196062E-05
33.2 2.007494647E-05 -3.729868135E-20
33.4 2.008354756E-05 -1.673628963E-05
33.6 1.674346335E-05 -2.511519503E-05
33.8 1.675064322E-05 2.512596484E-05
34 1.340626341E-05 2.513674389E-05
34.2 1.005901288E-05 2.090036827E-20
34.4 3.354443967E-06 -8.386109918E-06
34.6 3.35588488E-06 8.389712199E-06
34.8 0 8.393317576E-06
35 0 -3.358770421E-05
35.2 3.360215054E-06 -8.400537634E-06
35.4 3.361660929E-06 3.361660929E-05
35.6 3.36310805E-06 3.36310805E-05
35.8 3.364556417E-06 -1.682278208E-05
36 1.00980181E-05 -1.683003016E-05
36.2 1.346982759E-05 -1.683728448E-05
36.4 1.684454506E-05 -1.684454506E-05
36.6 2.022217429E-05 2.527771786E-05
36.8 2.023090203E-05 5.057725507E-05
37 2.361291019E-05 -8.433182211E-06
37.2 2.699784017E-05 -3.619584236E-21
37.4 3.038569576E-05 3.376188418E-05
37.6 3.377648076E-05 -5.999908261E-21
37.8 3.717019896E-05 2.534331747E-05
38 4.056685418E-05 1.690285591E-05
38.2 4.396645022E-05 -4.22754329E-05
38.4 4.736899091E-05 -3.38349935E-05
38.6 4.738951473E-05 8.462413345E-06
38.8 4.741005635E-05 1.693216298E-05
39 5.081851691E-05 -8.469752819E-06
39.2 5.422993492E-05 -4.236713666E-05
39.4 5.425347222E-05 -5.086263021E-05
39.6 5.766934433E-05 -5.088471559E-05
39.8 5.769439618E-05 -3.39378801E-05
40 5.77194698E-05 -1.697631465E-05
40.2 6.114130435E-05 -1.698369565E-05
40.4 6.116789909E-05 -5.097324924E-05
40.6 6.119451697E-05 -7.649314621E-05
40.8 7.142468437E-05 -5.101763169E-05
41 7.485844948E-05 -8.506641986E-06
41.2 7.14869281E-05 7.361787516E-22
41.4 7.492371404E-05 5.205175011E-21
41.6 7.83634976E-05 -8.517771478E-06
41.8 8.180628272E-05 -5.965041449E-05
42 8.866215626E-05 -6.820165866E-05
42.2 9.211244541E-05 -3.411572052E-05
42.4 9.215268676E-05 -8.532656182E-06
42.6 9.219296329E-05 8.53638549E-06
42.8 9.223327503E-05 2.562035418E-05
43 9.227362205E-05 -1.708770779E-05
43.2 8.889496718E-05 -3.419037199E-05
43.4 8.551335377E-05 2.565400613E-05
43.6 8.212877792E-05 2.56652431E-05
43.8 8.216476775E-05 8.558829974E-06
44 8.562582201E-05 -1.71251644E-05
44.2 8.566337719E-05 -2.569901316E-05
44.4 8.570096534E-05 8.570096534E-06
44.6 8.573858648E-05 8.573858648E-06
44.8 8.577624067E-05 -8.577624067E-06
45 8.581392794E-05 -1.716278559E-05
45.2 8.585164835E-05 1.922804488E-20
45.4 8.588940193E-05 5.153364116E-05
45.6 8.249010119E-05 6.874175099E-05
45.8 7.90878081E-05 3.438600352E-05
46 7.224240423E-05 1.720057244E-05
46.2 6.539096916E-05 1.720814978E-05
46.4 5.853349493E-05 4.303933451E-05
46.6 5.511463845E-05 4.305831129E-05
46.8 5.169276577E-05 2.106752534E-20
47 5.171557811E-05 3.447705207E-05
47.2 4.828918322E-05 5.17384106E-05
47.4 4.485976148E-05 4.313438604E-05
47.6 4.142730888E-05 3.45227574E-05
47.8 3.79918214E-05 -4.340497973E-21
48 3.10979655E-05 -8.638323751E-06
48.2 3.456858407E-05 -1.728429204E-05
48.4 3.458388668E-05 3.640780888E-20
48.6 3.459920283E-05 8.649800709E-06
48.8 3.807598582E-05 -3.461453257E-05
49 3.11668883E-05 -2.597240691E-05
49.2 3.118070953E-05 -8.661308204E-06
49.4 3.119454303E-05 -8.665150843E-06
49.6 3.120838881E-05 -1.733799379E-05
49.8 3.122224689E-05 -6.070992451E-05
50 3.123611728E-05 -2.603009773E-05
50.2 2.777777778E-05 -5.208333333E-05
50.4 2.779012895E-05 -4.342207648E-05
50.6 2.432717972E-05 -8.68827847E-06
50.8 2.08611482E-05 -1.738429016E-05
51 2.087043633E-05 -1.739203028E-05
51.2 2.087973274E-05 -5.219933185E-05
51.4 2.088903743E-05 -5.222259358E-05
51.6 2.089835042E-05 -4.353823005E-05
51.8 1.742305977E-05 -1.742305977E-05
52 1.394466756E-05 -8.715417224E-06
52.2 1.395089286E-05 4.286077491E-22
52.4 1.395712372E-05 8.723202322E-06
52.6 1.396336014E-05 8.727100089E-06
52.8 1.396960215E-05 4.365500671E-05
53 1.397584973E-05 4.367453041E-05
53.2 1.398210291E-05 2.621644295E-05
53.4 1.398836168E-05 3.497090421E-05
53.6 1.399462606E-05 2.623992387E-05
53.8 1.400089606E-05 1.750112007E-05
54 1.400717167E-05 1.750896459E-05
54.2 1.401345291E-05 2.627522422E-05
54.4 1.752467474E-05 8.762337371E-06
54.6 1.753254039E-05 -2.629881059E-05
54.8 1.754041311E-05 1.754041311E-05
55 1.052897574E-05 2.632243935E-05
55.2 1.053370787E-05 8.778089888E-06
55.4 7.025629496E-06 1.756407374E-05
55.6 3.514394962E-06 -1.232404563E-20
55.8 3.515976598E-06 -8.789941494E-06
56 3.517559658E-06 8.793899145E-06
56.2 3.519144144E-06 1.421762032E-20
56.4 3.520730059E-06 -2.640547544E-05
56.6 3.522317403E-06 -1.761158702E-05
56.8 3.52390618E-06 1.76195309E-05
57 3.52549639E-06 4.406870487E-05
57.2 3.527088036E-06 8.81772009E-06
57.4 3.52868112E-06 -1.76434056E-05
57.6 3.530275644E-06 -8.21112897E-21
57.8 3.531871609E-06 2.648903707E-05
58 3.533469019E-06 -1.595440441E-20
58.2 3.535067873E-06 -2.651300905E-05
58.4 3.536668176E-06 -2.510009013E-20
58.6 3.538269928E-06 -1.079291837E-20
58.8 3.539873131E-06 -1.769936565E-05
59 3.541477788E-06 -2.656108341E-05
59.2 3.5430839E-06 -2.657312925E-05
59.4 3.54469147E-06 8.861728675E-06
59.6 0 8.865751248E-06
59.8 7.09582198E-06 -8.869777475E-06
60 3.549522944E-06 -8.87380736E-06
60.2 3.551136364E-06 -8.877840909E-06
60.4 3.552751251E-06 -8.881878126E-06
60.6 3.554367607E-06 -1.504739264E-20
60.8 3.555985435E-06 -1.1655843E-20
61 3.557604736E-06 6.157352934E-21
61.2 3.559225513E-06 1.779612756E-05
61.4 3.560847767E-06 -1.780423883E-05
61.6 3.5624715E-06 -7.124943E-05
61.8 3.564096715E-06 -8.019217609E-05
62 3.565723414E-06 -5.348585121E-05
62.2 3.567351598E-06 -2.675513699E-05
62.4 3.56898127E-06 -2.676735952E-05
62.6 3.570612431E-06 1.704254367E-20
62.8 7.144490169E-06 3.572245085E-05
63 1.072163769E-05 3.573879231E-05
63.2 1.43020595E-05 8.938787185E-06
63.4 1.788576007E-05 -2.682864011E-05
63.6 2.147274393E-05 -1.789395328E-05
63.8 2.506301558E-05 2.685323098E-05
64 2.865657955E-05 8.95518111E-06
64.2 2.866972477E-05 -6.271502294E-05
64.4 2.868288206E-05 -3.585360257E-05
64.6 2.5109045E-05 2.690254821E-05
64.8 2.512057878E-05 1.794327056E-05
65 2.513212316E-05 1.795151654E-05
65.2 2.514367816E-05 1.795977011E-05
65.4 2.515524379E-05 -6.822224717E-21
65.6 2.516682006E-05 3.595260009E-05
65.8 2.5178407E-05 6.29460175E-05
66 2.878857669E-05 4.498215108E-05
66.2 2.880184332E-05 2.700172811E-05
66.4 2.881512218E-05 -9.00472568E-06
66.6 2.882841328E-05 -4.504439576E-05
66.8 2.523650208E-05 -6.309125519E-05
67 2.164127424E-05 -1.80343952E-05
67.2 1.804272517E-05 9.021362587E-06
67.4 1.444085028E-05 -2.707659427E-05
67.6 1.083564494E-05 -2.708911234E-05
67.8 3.613552266E-06 -9.033880666E-06
68 3.615224433E-06 -1.807612217E-05
68.2 3.616898148E-06 -2.712673611E-05
68.4 0 -9.046433534E-06
68.6 0 6.335437905E-05
68.8 0 8.14933936E-05
69 0 1.811804267E-05
69.2 3.625290023E-06 9.063225058E-06
69.4 7.253946147E-06 2.720229805E-05
69.6 1.088597306E-05 -9.071644217E-06
69.8 1.08910316E-05 1.976489756E-20
70 3.632031613E-06 5.44804742E-05
70.2 3.63372093E-06 5.450581395E-05
70.4 3.635411819E-06 -4.985423668E-21
70.6 3.637104283E-06 -9.092760708E-06
70.8 3.638798323E-06 2.729098742E-05
71 3.640493942E-06 -9.101234856E-06
71.2 1.092657343E-05 -2.731643357E-05
71.4 1.093166978E-05 2.732917444E-05
71.6 1.093677088E-05 2.73419272E-05
71.8 1.094187675E-05 -9.118230626E-06
72 7.297991593E-06 2.736746847E-05
72.2 7.301401869E-06 -1.97531526E-20
72.4 7.304815334E-06 7.591599295E-21
72.6 7.308231993E-06 4.567644995E-05
72.8 7.311651848E-06 9.13956481E-06
73 7.315074906E-06 1.828768727E-05
73.2 7.318501171E-06 3.659250585E-05
73.4 7.321930647E-06 9.152413308E-06
73.6 7.325363338E-06 2.747011252E-05
73.8 3.664399625E-06 2.748299719E-05
74 0 -9.165297982E-06
74.2 0 -2.750880282E-05
74.4 0 -5.504344763E-05
74.6 0 -6.424753289E-05
74.8 7.346027268E-06 -6.155590775E-21
75 7.349482596E-06 1.837370649E-05
75.2 7.352941176E-06 9.191176471E-06
75.4 1.103460452E-05 -2.75865113E-05
75.6 1.839967028E-05 -6.439884597E-05
75.8 2.209000943E-05 -5.522502356E-05
76 2.578382838E-05 -5.525106082E-05
76.2 1.842570755E-05 -2.763856132E-05
76.4 2.212128362E-05 -4.608600755E-05
76.6 2.950897073E-05 -3.688621341E-05
76.8 3.32132735E-05 -1.845181861E-05
77 3.69210775E-05 -2.769080813E-05
77.2 4.432624113E-05 -2.770390071E-05
77.4 4.804280984E-05 -9.239001892E-06
77.6 5.54602461E-05 -9.243374349E-06
77.8 5.918560606E-05 -9.247750947E-06
78 6.29144955E-05 1.850426338E-05
78.2 6.664691943E-05 -1.816342191E-20
78.4 7.038288288E-05 -1.852181128E-05
78.6 7.412239089E-05 -3.706119545E-05
78.8 7.78654485E-05 -3.7078785E-05
79 8.161206078E-05 -2.782229345E-05
79.2 8.536223278E-05 -5.567102138E-05
79.4 8.911596958E-05 -4.641456749E-05
79.6 8.915834522E-05 -2.786198288E-05
79.8 8.54840628E-05 -2.787523787E-05
80 8.552475012E-05 2.514469372E-20
80.2 8.18452381E-05 -3.720238095E-05
80.4 7.81622201E-05 -6.513518342E-05
80.6 7.447569113E-05 -4.654730696E-05
80.8 7.078564616E-05 -6.519730567E-05
81 7.081941794E-05 -7.454675573E-05
81.2 7.085322196E-05 -5.593675418E-05
81.4 6.715616046E-05 -9.327244508E-06
81.6 6.345556617E-05 -9.331700908E-06
81.8 5.975143403E-05 9.336161568E-06
82 5.604375897E-05 9.340626495E-06
82.2 5.607057416E-05 -9.345095694E-06
82.4 5.609741503E-05 -2.804870752E-05
82.6 5.612428161E-05 -1.870809387E-05
82.8 5.615117393E-05 2.807558697E-05
83 5.243288591E-05 -1.043400089E-20
83.2 5.245803357E-05 -1.873501199E-05
83.4 5.248320537E-05 -1.874400192E-05
83.6 5.250840134E-05 8.509118458E-21
83.8 5.253362152E-05 2.924596886E-20
84 5.631307064E-05 9.385511773E-06
84.2 5.634014423E-05 4.695012019E-05
84.4 5.636724387E-05 4.697270322E-05
84.6 5.263474495E-05 3.759624639E-05
84.8 5.266008666E-05 5.642152143E-05
85 4.892220617E-05 -9.136550747E-21
85.2 6.024096386E-05 -3.765060241E-05
85.4 6.027000964E-05 -2.825156702E-05
85.6 6.406777617E-05 -3.768692716E-05
85.8 6.409869691E-05 9.443950609E-21
86 6.412964751E-05 2.829249155E-05
86.2 6.793478261E-05 9.435386473E-06
86.4 7.174359594E-05 -2.83198405E-05
86.6 7.555609284E-05 -2.833353482E-05
86.8 8.315191098E-05 -8.325011415E-21
87 8.697362052E-05 4.726827202E-05
87.2 9.079903148E-05 7.566585956E-05
87.4 9.462814922E-05 6.623970446E-05
87.6 9.467401842E-05 9.467401842E-06
87.8 0.0001022975267 -1.894398642E-05
88 0.0001061377972 -9.476589034E-06
88.2 0.0001137742718 1.896237864E-05
88.4 0.0001176238465 3.79431763E-05
88.6 0.0001214771623 -9.490403304E-06
88.8 0.0001253342246 -9.495017015E-06
89 0.0001291950389 -1.899927043E-05
89.2 0.0001330596107 -2.851277372E-05
89.4 0.0001369279455 9.508885102E-06
89.6 0.0001408000487 -2.854055041E-05
89.8 0.0001446759259 -4.759076511E-05
90 0.0001485555826 -1.3077811E-20
90.2 0.0001524390244 1.905487805E-05
90.4 0.0001525134212 5.719253294E-05
90.6 0.0001564025879 2.861022949E-05
90.8 0.0001602955545 -6.678981436E-05
91 0.0001603739003 -5.727639296E-05
91.2 0.0001680929095 -2.865220049E-05
91.4 0.0001681751468 -4.777703033E-05
91.6 0.0001682574645 -1.912016642E-05
91.8 0.0001721657689 5.653053478E-21
92 0.0001722501225 -2.870835375E-05
92.2 0.0001723345588 -2.22578115E-20
92.4 0.000172419078 -9.578837666E-06
92.6 0.0001763370952 -2.875061335E-05
92.8 0.0001764236622 2.876472754E-05
93 0.0001765103143 9.592951866E-06
93.2 0.0001804361179 -3.839066339E-05
93.4 0.0001843657817 -6.721669125E-05
93.6 0.0001921421545 -6.724975406E-05
93.8 0.0001922367126 -3.844734252E-05
94 0.0002000246184 -2.884970458E-05
94.2 0.0002116687192 6.963662426E-21
94.4 0.0002156234598 3.850418926E-05
94.6 0.0002195821006 -9.630793886E-06
94.8 0.0002273988653 -1.927109028E-05
95 0.0002236549852 3.856120434E-05
95.2 0.0002353395062 1.929012346E-05
95.4 0.0002315958498 -9.649827075E-06
95.6 0.00023557217 -1.930919427E-05
95.8 0.0002356886746 -2.897811573E-05
96 0.0002358052944 9.793818067E-21
96.2 0.0002281868812 -1.933787129E-05
96.4 0.0002321693908 -4.836862308E-05
96.6 0.0002284130327 1.935703667E-05
96.8 0.0002285262766 2.904995042E-05
97 0.0002247643849 -1.418349582E-21
97.2 0.0002248759305 -9.69292804E-06
97.4 0.0002211084906 9.697740814E-06
97.6 0.0002250993542 1.940511674E-05
97.8 0.000217445328 9.707380716E-06
98 0.0002136685728 -1.942441571E-05
98.2 0.0002176616915 -1.94340796E-05
98.4 0.0002099925336 4.840265266E-21
98.6 0.0002062064243 1.945343625E-05
98.8 0.0002024165421 -9.731564524E-06
99 0.000206412014 -5.841849452E-05
99.2 0.0001987219451 1.063952258E-22
99.4 0.0001910242016 2.92383982E-05
99.6 0.0001833187718 -2.449911333E-21
99.8 0.000179507992 3.902347652E-05
100 0.0001639805097 4.880372314E-05
100.2 0.00016015625 -1.953125E-05
100.4 0.00015241996 -4.885255128E-05
100.6 0.0001446759259 -3.91016016E-05
100.8 0.0001408362544 -9.780295443E-06
101 0.0001369927355 3.914078156E-05
101.2 0.0001292293233 5.87406015E-05
101.4 0.0001214581244 -1.959002006E-05
101.6 0.0001215190667 -2.939977421E-05
101.8 0.0001176581325 1.960968876E-05
102 0.0001098694124 1.961953792E-05
102.2 0.0001020728643 3.925879397E-05
102.4 0.000102124183 7.855706385E-05
102.6 9.03860664E-05 2.94737173E-05
102.8 9.043155511E-05 -1.965903372E-05
103 8.654330312E-05 2.306680873E-20
103.2 8.658690176E-05 3.935768262E-05
103.4 7.875504032E-05 3.937752016E-05
103.6 7.485501765E-05 1.969868886E-05
103.8 7.489278507E-05 3.94172553E-05
104 7.098687532E-05 1.093804606E-20
104.2 7.102272727E-05 2.319106471E-20
104.4 6.71109146E-05 5.921551289E-05
104.6 6.319514661E-05 3.949696663E-05
104.8 5.532372281E-05 9.879236216E-06
105 4.744433198E-05 3.953694332E-05
105.2 4.746835443E-05 5.933544304E-05
105.4 4.353470111E-05 9.894250253E-06
105.6 4.355676635E-05 2.088142435E-20
105.8 4.357885396E-05 5.942570994E-05
106 3.963723998E-05 5.945585997E-05
106.2 3.965736041E-05 2.97430203E-05
106.4 3.967750127E-05 1.983875063E-05
106.6 3.572789634E-05 2.977324695E-05
106.8 3.177427555E-05 3.971784443E-05
107 2.781663276E-05 9.934511699E-06
107.2 2.78307888E-05 1.987913486E-05
107.4 2.386710794E-05 3.977851324E-05
107.6 1.989938869E-05 9.949694345E-06
107.8 1.592762487E-05 2.986429664E-05
108 1.19518103E-05 2.987952575E-05
108.2 1.195790816E-05 -9.964923469E-06
108.4 1.196401225E-05 -1.994002042E-05
108.6 1.197012257E-05 2.992530644E-05
108.8 1.197623914E-05 4.990099642E-05
109 1.198236196E-05 3.994120654E-05
109.2 1.198849105E-05 3.996163683E-05
109.4 1.199462641E-05 4.997761003E-05
109.6 1.200076805E-05 9.000576037E-05
109.8 1.200691598E-05 0.0001000576332
110 8.00871348E-06 8.00871348E-05
110.2 8.012820513E-06 5.008012821E-05
110.4 8.01693176E-06 4.00846588E-05
110.6 8.021047228E-06 1.002630903E-05
110.8 8.025166923E-06 1.003145865E-05
111 8.029290853E-06 3.01098407E-05
111.2 8.033419023E-06 4.016709512E-05
111.4 8.03755144E-06 5.02346965E-05
111.6 8.041688111E-06 4.020844056E-05
111.8 8.045829042E-06 3.017185891E-05
112 8.04997424E-06 1.00624678E-05
112.2 8.054123711E-06 1.006765464E-05
112.4 4.029138731E-06 1.007284683E-05
112.6 4.03121775E-06 1.007804438E-05
112.8 4.033298916E-06 3.715215178E-20
113 0 1.008845558E-05
113.2 0 4.0374677E-05
113.4 0 2.019777663E-05
113.6 0 3.031233833E-05
113.8 0 5.054671325E-05
114 0 -1.601958735E-20
114.2 4.047927461E-06 -3.035945596E-05
114.4 8.10005184E-06 -3.03751944E-05
114.6 1.215637967E-05 -4.052126556E-05
114.8 1.621691749E-05 -5.067786715E-05
115 2.028167186E-05 -1.014083593E-05
115.2 2.435064935E-05 3.760216184E-21
115.4 2.842385655E-05 -5.075688669E-05
115.6 3.250130005E-05 -4.062662507E-05
115.8 3.658298647E-05 -4.064776275E-05
116 4.066892244E-05 -5.083615305E-05
116.2 4.475911458E-05 -3.051757812E-05
116.4 4.478243877E-05 -2.035565399E-05
116.6 4.480578728E-05 1.018313347E-05
116.8 4.482916015E-05 -1.018844549E-05
117 4.485255741E-05 -3.058128914E-05
117.2 4.487597911E-05 -1.019908616E-05
117.4 4.489942529E-05 -2.040882968E-05
117.6 4.492289597E-05 -5.104874543E-05
117.8 4.494639121E-05 1.021508891E-05
118 4.496991104E-05 -1.313394458E-20
118.2 4.908376963E-05 -4.090314136E-05
118.4 5.320193819E-05 -2.046228392E-05
118.6 6.141902516E-05 -5.118252096E-05
118.8 6.554798112E-05 -5.120936025E-05
119 6.968126967E-05 -4.098898216E-05
119.2 7.381889764E-05 -7.322791181E-21
119.4 7.385766807E-05 3.077402836E-05
119.6 7.80018392E-05 2.052679979E-05
119.8 8.215036803E-05 3.080638801E-05
120 8.630326144E-05 1.027419779E-05
120.2 9.046052632E-05 -5.139802632E-05
120.4 9.050816219E-05 -4.114007372E-05
120.6 9.87881981E-05 -1.350089551E-20
120.8 0.0001029586189 -1.029586189E-05
121 0.0001030129219 -2.060258439E-05
121.2 9.894459103E-05 3.09201847E-05
121.4 9.48719641E-05 7.218519007E-05
121.6 8.254094031E-05 6.190570523E-05
121.8 7.432610994E-05 -2.064614165E-05
122 7.023400317E-05 -4.131411951E-05
122.2 7.027116402E-05 -1.033399471E-05
122.4 6.617257808E-05 1.033946533E-05
122.6 6.206965042E-05 -1.034494174E-05
122.8 5.796237414E-05 3.105127186E-05
123 5.385074231E-05 8.284729586E-05
123.2 5.387931034E-05 2.072281167E-05
123.4 5.39079087E-05 1.036690552E-05
123.6 5.393653744E-05 4.148964418E-05
123.8 5.39651966E-05 4.151168969E-05
124 5.399388623E-05 -2.076687932E-05
124.2 5.817819149E-05 5.839804063E-21
124.4 5.40513571E-05 2.07889835E-05
124.6 6.240015974E-05 3.120007987E-05
124.8 5.827117741E-05 3.121670218E-05
125 5.830223881E-05 4.164445629E-05
125.2 5.833333333E-05 4.166666667E-05
125.4 5.836446105E-05 -3.126667556E-05
125.6 5.8395622E-05 1.042778964E-05
125.8 5.842681624E-05 8.346688034E-05
126 5.845804383E-05 0.0001148283004
126.2 5.848930481E-05 0.0001044451872
126.4 5.852059925E-05 7.315074906E-05
126.6 5.855192719E-05 -2.091140257E-05
126.8 5.85832887E-05 -3.138390466E-05
127 5.861468382E-05 3.140072347E-05
127.2 5.86461126E-05 1.047252011E-05
127.4 5.867757511E-05 -8.504616382E-22
127.6 5.870907139E-05 -3.145128824E-05
127.8 5.87406015E-05 -2.097878625E-05
128 5.87721655E-05 -2.099005911E-05
128.2 5.880376344E-05 -2.100134409E-05
128.4 5.883539537E-05 3.151896181E-05
128.6 5.886706136E-05 5.255987621E-05
128.8 5.469170705E-05 2.576137778E-20
129 5.051185345E-05 -3.156990841E-05
129.2 4.632749326E-05 -5.264487871E-05
129.4 4.21386192E-05 -1.05346548E-05
129.6 3.794522396E-05 1.054033999E-05
129.8 3.374730022E-05 -2.109206263E-05
130 2.954484063E-05 3.165518639E-05
130.2 2.533783784E-05 -1.055743243E-05
130.4 2.112628448E-05 -2.112628448E-05
130.6 1.691017316E-05 1.056885823E-05
130.8 1.268949648E-05 6.34474824E-05
131 8.464247021E-06 7.406216143E-05
131.2 4.234417344E-06 6.351626016E-05
131.4 4.236713666E-06 4.236713666E-05
131.6 0 1.05975312E-05
131.8 0 5.301642237E-05
132 0 5.304521999E-05
132.2 0 2.122961957E-05
132.4 0 2.124116368E-05
132.6 4.25054407E-06 -2.125272035E-05
132.8 8.505715841E-06 -4.252857921E-05
133 1.276552288E-05 -5.318967865E-05
133.2 1.277247956E-05 -3.193119891E-05
133.4 8.519629226E-06 -1.064953653E-05
133.6 4.262138571E-06 -3.196603928E-05
133.8 0 1.066116266E-05
134 0 -2.133397051E-05
134.2 0 -2.134562842E-05
134.4 0 1.067864954E-05
134.6 0 -2.136898249E-05
134.8 4.276135742E-06 -1.069033935E-05
135 8.556955093E-06 3.20885816E-05
135.2 1.284246575E-05 -1.070205479E-05
135.4 1.713267544E-05 -4.28316886E-05
135.6 1.714207351E-05 -2.142759188E-05
135.8 1.715148189E-05 1.071967618E-05
136 1.71609006E-05 2.145112576E-05
136.2 1.717032967E-05 -3.219436813E-05
136.4 1.71797691E-05 1.073735569E-05
136.6 1.718921892E-05 3.222978548E-05
136.8 1.719867914E-05 -3.224752339E-05
137 2.151018722E-05 -1.118791658E-20
137.2 2.582644628E-05 -1.076101928E-05
137.4 3.014746417E-05 -5.383475744E-05
137.6 3.447324876E-05 -2.154578047E-05
137.8 3.880380795E-05 -2.155767108E-05
138 3.882523468E-05 1.078478741E-05
138.2 3.884668508E-05 4.316298343E-05
138.4 3.88681592E-05 1.079671089E-05
138.6 4.321073009E-05 -2.160536504E-05
138.8 4.755810736E-05 -3.242598229E-05
139 4.32585825E-05 3.286013659E-20
139.2 3.462603878E-05 -3.246191136E-05
139.4 3.464523282E-05 -5.413317627E-05
139.6 3.899750416E-05 2.166528009E-05
139.8 3.901914539E-05 1.08386515E-05
140 4.771654636E-05 -3.253400888E-05
140.2 4.774305556E-05 -5.425347222E-05
140.4 4.342690384E-05 -3.257017788E-05
140.6 3.476084538E-05 7.746627299E-21
140.8 2.60851419E-05 -2.173761825E-05
141 3.479955457E-05 -3.409719421E-20
141.2 4.352367688E-05 2.176183844E-05
141.4 4.790273133E-05 1.088698439E-05
141.6 5.228667038E-05 -1.089305633E-05
141.8 5.231584821E-05 1.089913504E-05
142 5.234505863E-05 -2.181044109E-05
142.2 5.237430168E-05 -2.18226257E-05
142.4 5.240357742E-05 3.275223589E-05
142.6 5.243288591E-05 -3.277055369E-05
142.8 5.24622272E-05 -8.743704533E-05
143 4.811730123E-05 -7.655025196E-05
143.2 5.25210084E-05 -6.56512605E-05
143.4 5.255044843E-05 -4.379204036E-05
143.6 5.257992148E-05 2.190830062E-05
143.8 4.822530864E-05 -1.096029742E-05
144 4.386580573E-05 -5.483225716E-05
144.2 3.950140449E-05 -2.194522472E-05
144.4 3.513209668E-05 -3.611620884E-20
144.6 3.075787402E-05 -2.382850936E-20
144.8 3.077518289E-05 -7.693795723E-05
145 3.079251126E-05 -0.0001099732545
145.2 3.080985915E-05 -7.702464789E-05
145.4 3.082722661E-05 -4.403889515E-05
145.6 2.643824027E-05 -6.609560068E-05
145.8 2.204430023E-05 -4.408860045E-05
146 2.20567476E-05 -3.30851214E-05
146.2 2.206920904E-05 -8.827683616E-05
146.4 2.208168457E-05 -5.520421142E-05
146.6 2.209417421E-05 -3.314126131E-05
146.8 2.210667799E-05 -6.632003396E-05
147 2.211919592E-05 -9.953638165E-05
147.2 2.213172805E-05 -3.319759207E-05
147.4 2.214427438E-05 -2.214427438E-05
147.6 2.215683494E-05 -8.862733976E-05
147.8 2.216940976E-05 -8.867763905E-05
148 2.218199886E-05 -4.436399773E-05
148.2 2.219460227E-05 -1.109730114E-05
148.4 1.776577601E-05 1.110361001E-05
148.6 1.333191126E-05 -4.443970421E-05
148.8 8.892999431E-06 -8.892999431E-05
149 8.898063781E-06 -5.561289863E-05
149.2 8.903133903E-06 -6.677350427E-05
149.4 8.908209806E-06 -5.567631129E-05
149.6 4.45664575E-06 -3.342484313E-05
149.8 4.459189498E-06 -1.114797374E-05
150 4.461736151E-06 -2.230868075E-05
150.2 0 -5.580357143E-05
150.4 0 -8.765882908E-21
150.6 0 -4.469393593E-05
150.8 0 -0.0001006189181
151 0 -1.118628293E-05
151.2 0 3.372034664E-20
151.4 0 -4.479644495E-05
151.6 0 -4.482214573E-05
151.8 0 -3.3635907E-05
152 0 -2.243681792E-05
152.2 0 -2.244971264E-05
152.4 0 -1.12313111E-05
152.6 0 3.371331991E-05
152.8 0 2.24884859E-05
153 0 1.239013109E-20
153.2 0 -2.251440922E-05
153.4 0 4.604730341E-20
153.6 0 3.381058857E-05
153.8 0 5.900422626E-21
154 0 -3.384965338E-05
154.2 0 3.220307035E-20
154.4 0 5.64813476E-05
154.6 0 4.521122685E-05
154.8 0 1.130935148E-05
155 0 1.131590382E-05
155.2 0 1.132246377E-05
155.4 0 -2.265806265E-05
155.6 4.5342426E-06 4.5342426E-05
155.8 0 0.0001020797038
156 4.539511912E-06 0.000102139018
156.2 9.084302326E-06 9.084302326E-05
156.4 1.363438045E-05 3.408595113E-05
156.6 1.818975553E-05 3.410579162E-05
156.8 2.275043681E-05 -1.13752184E-05
157 3.186917249E-05 -1.138184732E-05
157.2 3.644314869E-05 3.41654519E-05
157.4 4.102246208E-05 -2.279025671E-05
157.6 5.016783421E-05 -4.560712201E-05
157.8 5.476051402E-05 2.281688084E-05
158 5.935856224E-05 5.707554062E-05
158.2 6.39619883E-05 3.426535088E-05
158.4 6.857080164E-05 2.285693388E-05
158.6 7.318501171E-05 2.287031616E-05
158.8 7.7804628E-05 4.576742824E-05
159 7.785023447E-05 0.000103037075
159.2 7.789589443E-05 0.0001030975073
159.4 7.794160798E-05 2.292400235E-05
159.6 7.798737522E-05 2.29374633E-05
159.8 8.262338425E-05 4.590188014E-05
160 9.645061728E-05 2.421782432E-20
160.2 9.650735294E-05 4.036281668E-21
160.4 9.656415539E-05 8.085485617E-21
160.6 0.0001058230271 4.310811191E-20
160.8 0.0001104890984 3.157990315E-20
161 0.0001151606722 -1.151606722E-05
161.2 0.0001198377581 8.092824208E-21
161.4 0.0001199085006 3.458899055E-05
161.6 0.0001199793266 5.768236858E-05
161.8 0.0001154329196 4.617316785E-05
162 0.0001108811354 1.155011827E-05
162.2 0.0001109467456 -1.155695266E-05
162.4 0.0001110124334 1.215205542E-20
162.6 0.0001157064573 2.314129147E-05
162.8 0.0001157750445 3.473251334E-05
163 0.0001204774614 3.475311388E-05
163.2 0.0001205489614 1.159124629E-05
163.4 0.0001206205463 -1.159812945E-05
163.6 0.000116050208 -1.16050208E-05
163.8 0.0001161192033 -3.4835761E-05
164 0.0001161882808 -1.161882808E-05
164.2 0.0001162574405 1.162574405E-05
164.4 0.0001163266825 1.163266825E-05
164.6 0.0001163960072 -1.163960072E-05
164.8 0.0001164654144 -2.329308289E-05
165 0.0001118735084 1.757749269E-20
165.2 0.0001166044776 1.166044776E-05
165.4 0.0001260080645 4.666965352E-05
165.6 0.000135422893 7.004632397E-05
165.8 0.0001355038876 5.840684809E-05
166 0.0001402603232 7.013016158E-05
166.2 0.0001403443114 7.017215569E-05
166.4 0.0001451093469 7.021420012E-05
166.6 0.0001451963429 4.683752998E-05
166.8 0.0001405968806 -3.514922016E-05
167 0.0001359918968 -2.344687875E-05
167.2 0.0001266891892 -4.167503846E-21
167.4 0.0001314603365 -2.34750601E-05
167.6 0.0001362372219 -2.348917619E-05
167.8 0.0001410198556 -2.350330927E-05
168 0.0001552152318 -3.527618904E-05
168.2 0.0001553087349 -2.353162651E-05
168.4 0.000160111513 3.531871609E-05
168.6 0.0001649200844 2.356001206E-05
168.8 0.0001603047677 2.357423054E-05
169 0.0001509661836 5.897116546E-05
169.2 0.0001416163142 -1.180135952E-05
169.4 0.0001322551391 -2.361698912E-05
169.6 0.0001276088929 -5.726434438E-21
169.8 0.000127686138 1.182279056E-05
170 0.0001230314961 4.731980618E-05
170.2 0.0001183712121 4.734848485E-05
170.4 0.0001137052759 2.368859915E-05
170.6 0.0001137742718 -2.37029733E-05
170.8 0.0001138433515 6.342818386E-21
171 0.0001139125152 2.3731774E-05
171.2 0.0001139817629 -1.808473546E-20
171.4 0.0001140510949 2.183155594E-22
171.6 0.0001141205113 -1.188755326E-05
171.8 0.0001189479294 -1.189479294E-05
172 0.0001190204144 -1.190204144E-05
172.2 0.0001190929878 1.190929878E-05
172.4 0.0001143990238 1.191656498E-05
172.6 0.0001144688645 -3.577152015E-05
172.8 0.0001193112401 -5.965562004E-05
173 0.0001289349022 -2.387683374E-05
173.2 0.0001290137615 -1.194571865E-05
173.4 0.000133873929 -2.390605875E-05
173.6 0.0001291717697 -1.097311486E-20
173.8 0.000124463848 1.19676777E-05
174 0.0001245401594 1.603837332E-20
174.2 0.0001150306748 -4.792944785E-05
174.4 0.0001151012891 -4.795887047E-05
174.6 0.0001151719902 4.091731049E-20
174.8 0.0001152427781 2.400891211E-05
175 0.0001105089176 3.603551661E-05
175.2 0.0001105769231 -2.135044278E-20
175.4 0.0001058343596 -3.607989532E-05
175.6 0.0001058995687 -6.017020949E-05
175.8 0.0001059648582 -8.429022811E-05
176 0.0001060302283 -7.229333745E-05
176.2 0.000106095679 -7.233796296E-05
176.4 0.0001061612106 -7.238264361E-05
176.6 0.0001062268232 -9.656983931E-05
176.8 0.000106292517 -8.45508658E-05
177 0.0001063582921 -3.625850866E-05
177.2 0.0001064241486 -6.046826625E-05
177.4 0.0001064900867 -4.840458488E-05
177.6 0.0001065561066 -6.054324241E-05
177.8 0.0001066222084 -4.84646402E-05
178 0.0001066883923 -2.424736189E-05
178.2 0.0001067546584 -3.639363354E-05
178.4 0.0001068210068 -3.641625233E-05
178.6 0.0001068874378 -2.42925995E-05
178.8 0.0001069539515 -1.215385812E-05
179 0.0001118851183 -2.432285181E-05
179.2 0.0001119548287 2.433800623E-05
179.4 0.0001120246259 1.217658978E-05
179.6 0.0001072208359 -6.092092951E-05
179.8 0.0001072877653 -2.438358302E-05
180 0.0001073547783 2.439881324E-05
180.2 0.000107421875 -3.662109375E-05
180.4 0.0001074890557 -1.221466542E-05
180.6 0.0001075563204 -1.222230914E-05
180.8 0.0001076236694 -8.560973701E-05
181 0.0001076911028 -3.671287594E-05
181.2 0.0001077586207 2.449059561E-05
181.4 0.0001078262233 2.823585722E-20
181.6 0.0001078939109 -4.719733096E-21
181.8 0.0001079616834 1.603361573E-21
182 0.0001129399749 1.227608422E-05
182.2 0.0001179245283 3.685141509E-05
182.4 0.0001179987413 4.916614223E-05
182.6 0.0001180730479 2.328994472E-20
182.8 0.000118147448 -2.461405167E-05
183 0.000118221942 3.694435687E-05
183.2 0.00011829653 3.445934396E-20
183.4 0.0001183712121 -6.165167298E-05
183.6 0.0001184459886 -4.935249526E-05
183.8 0.0001185208597 -4.938369153E-05
184 0.0001185958254 -3.706119545E-05
184.2 0.0001137262658 -5.407693637E-21
184.4 0.0001137982901 1.236937935E-05
184.6 0.0001188212928 3.713165399E-05
184.8 0.0001188966392 3.715519975E-05
185 0.0001239292513 3.717877538E-05
185.2 0.000128968254 -1.240079365E-05
185.4 0.0001389771283 -2.481734435E-05
185.6 0.0001440321043 1.241656071E-05
185.8 0.0001490935115 1.242445929E-05
186 0.0001541613622 9.271805483E-21
186.2 0.0001592356688 -1.244028662E-05
186.4 0.0001643164436 -2.489643085E-05
186.6 0.000169403699 -6.228077168E-05
186.8 0.0001744974474 -4.985641353E-05
187 0.0001795977011 1.247206258E-05
187.2 0.0001847044728 2.49600639E-05
187.4 0.0001948129795 1.248801151E-05
187.6 0.00019493762 1.249600128E-05
187.8 0.0002000640205 1.250400128E-05
188 0.0002051969891 2.502402306E-05
188.2 0.0002103365385 3.756009615E-05
188.4 0.0002104714561 3.758418858E-05
188.6 0.0002156209884 2.507220796E-05
188.8 0.0002107418112 -1.254415543E-05
189 0.0002108772494 -2.510443445E-05
189.2 0.0002110128617 2.512057878E-05
189.4 0.0002111486486 1.256837194E-05
189.6 0.0002163151964 -7.000560769E-22
189.8 0.0002214884021 1.25845683E-05
190 0.0002266682785 7.369651795E-21
190.2 0.0002318548387 3.681898647E-20
190.4 0.0002370480955 -2.52178825E-05
190.6 0.000242248062 -1.261708656E-05
190.8 0.0002424046542 1.26252424E-05
191 0.0002375080854 2.526681759E-05
191.2 0.0002275485437 2.87841106E-20
191.4 0.0002226360104 2.012002053E-21
191.6 0.0002177171095 -1.105852802E-20
191.8 0.0002178583009 2.533236057E-05
192 0.0002078601557 1.267439974E-05
192.2 0.000197849026 -2.536525974E-05
192.4 0.0001929012346 2.538174139E-05
192.6 0.0001828673602 1.269912224E-05
192.8 0.0001677374756 -1.270738452E-05
193 0.0001525878906 -1.271565755E-05
193.2 0.0001374185668 2.544788274E-05
193.4 0.0001222294654 3.819670795E-05
193.6 0.0001121167645 -2.548108284E-05
193.8 0.0001019908616 -3.824657311E-05
194 9.695460483E-05 1.709976519E-20
194.2 9.191176471E-05 -1.276552288E-05
194.4 8.175277959E-05 -2.554774362E-05
194.6 7.669339005E-05 5.024244518E-20
194.8 7.162737394E-05 1.279060249E-05
195 6.655471822E-05 4.427881521E-20
195.2 6.147540984E-05 -1.280737705E-05
195.4 6.664206037E-05 -5.126312336E-05
195.6 7.6945174E-05 -3.8472587E-05
195.8 7.69957293E-05 4.559063012E-21
196 8.73191979E-05 6.843090635E-21
196.2 9.251644737E-05 -1.284950658E-05
196.4 8.743416722E-05 1.285796577E-05
196.6 8.749176548E-05 -1.28664361E-05
196.8 8.239947264E-05 -0.0001029993408
197 8.245382586E-05 -3.865023087E-05
197.2 8.250825083E-05 2.578382838E-05
197.4 8.256274769E-05 -3.870128798E-05
197.6 8.261731659E-05 -7.74537343E-05
197.8 8.267195767E-05 1.038992002E-20
198 7.755625414E-05 9.048229649E-05
198.2 7.243377483E-05 6.467301325E-05
198.4 7.248177601E-05 -1.294317429E-05
198.6 7.252984085E-05 -5.180702918E-05
198.8 6.73938288E-05 -1.296035169E-05
199 6.225099602E-05 -1.29689575E-05
199.2 5.71013289E-05 -1.297757475E-05
199.4 5.713929521E-05 2.597240691E-05
199.6 5.717731204E-05 1.299484365E-05
199.8 5.721537949E-05 -1.300349534E-05
200 6.245836109E-05 -1.301215856E-05
200.2 6.25E-05 1.302083333E-05
200.4 6.254169446E-05 -4.15154173E-21
200.6 6.258344459E-05 -1.303821762E-05
200.8 6.26252505E-05 -1.304692719E-05
201 6.788937166E-05 -2.611129679E-05
201.2 7.316053512E-05 -2.612876254E-05
201.4 7.843875502E-05 -2.614625167E-05
201.6 8.372404555E-05 1.308188212E-05
201.8 8.901642091E-05 -2.618130027E-05
202 8.907612341E-05 -1.309942991E-05
202.2 8.913590604E-05 3.932466443E-05
202.4 9.968938885E-05 3.935107455E-05
202.6 0.0001050067204 2.625168011E-05
202.8 0.0001103312038 1.313466711E-05
203 0.0001156628533 2.628701211E-05
203.2 0.0001210016835 3.945707071E-05
203.4 0.000121083221 2.632243935E-05
203.6 0.0001369689818 2.634018881E-05
203.8 0.0001476045884 3.953694332E-05
204 0.0001582545577 3.956363943E-05
204.2 0.0001636402027 -1.896800938E-20
204.4 0.0001690331305 -2.641142664E-05
204.6 0.0001638616373 -1.321464817E-05
204.8 0.0001745514557 -3.967078538E-05
205 0.0001852557588 -1.32325542E-05
205.2 0.0001853813559 -2.648305085E-05
205.4 0.0001961075305 -3.975152646E-05
205.6 0.0002015444671 5.971705582E-21
205.8 0.0002016813859 2.821413871E-20
206 0.0002071295037 -1.214746961E-21
206.2 0.000212585034 -2.657312925E-05
206.4 0.0002180479918 1.329560926E-05
206.6 0.0002181965259 6.652333106E-05
206.8 0.0002130197682 1.331373551E-05
207 0.000213165075 2.664563438E-05
207.2 0.0002026450512 3.999573379E-05
207.4 0.0001921106557 5.336407104E-05
207.6 0.0001815618592 6.675068353E-05
207.8 0.0001816860465 2.671853625E-05
208 0.0001711156742 1.336841205E-05
208.2 0.0001551797945 2.675513699E-05
208.4 0.0001445767649 -2.677347498E-05
208.6 0.0001446759259 -5.358367627E-05
208.8 0.0001394131778 -5.362045299E-05
209 0.0001448746566 -8.048592033E-05
209.2 0.000139604811 -2.684707904E-05
209.4 0.0001397008253 4.029831499E-05
209.6 0.0001397969718 1.344201652E-05
209.8 0.0001398932507 5.380509642E-05
210 0.0001399896623 9.422381116E-05
210.2 0.0001400862069 2.693965517E-05
210.4 0.0001401828847 2.695824707E-05
210.6 0.0001402796961 6.74421616E-05
210.8 0.0001349775397 8.098652384E-05
211 0.0001350708852 9.454961964E-05
211.2 0.0001351643599 6.758217993E-05
211.4 0.0001298476454 4.05773892E-05
211.6 0.0001299376299 2.707033957E-05
211.8 0.0001300277393 6.772278086E-05
212 0.0001301179736 0.0001084316447
212.2 0.0001302083333 4.069010417E-05
212.4 0.0001357279361 -1.357279361E-05
212.6 0.0001303894298 -2.716446453E-05
212.8 0.0001250434934 -1.359168406E-05
213 0.000125130571 6.800574513E-05
213.2 0.0001197735192 6.805313589E-05
213.4 0.0001253050907 2.72402371E-05
213.6 0.0001253925331 5.451849267E-05
213.8 0.0001309357542 -2.930033725E-20
214 0.0001310272537 1.006105237E-20
214.2 0.0001365821678 -4.097465035E-05
214.4 0.0001530790763 -6.833887334E-05
214.6 0.0001641281513 -2.735469188E-05
214.8 0.0001806674842 -4.106079187E-05
215 0.000197230014 -2.73930575E-05
215.2 0.0002083333333 -6.379454358E-21
215.4 0.0002194522472 1.371576545E-05
215.6 0.0002250966268 -2.613096406E-21
215.8 0.0002307489451 -1.373505626E-05
216 0.0002364092189 -2.748944405E-05
216.2 0.0002420774648 4.485099047E-21
216.4 0.0002477536998 1.486764742E-20
216.6 0.0002479284203 -6.886900564E-05
216.8 0.000253616796 -6.891760762E-05
217 0.000253795904 -4.137976695E-05
217.2 0.000253975265 -1.380300353E-05
217.4 0.0002486297737 6.906382603E-05
217.6 0.0002432767162 1.382254069E-05
217.8 0.0002489819405 -4.149699008E-05
218 0.0002546952516 1.384213324E-05
218.2 0.0002548758865 -1.385195035E-05
218.4 0.0002716909155 -1.386178141E-05
218.6 0.0002774325284 -1.387162642E-05
218.8 0.0002831823028 -2.776297086E-05
219 0.0002778271693 1.38536275E-20
219.2 0.0002724644128 -2.78024911E-05
219.4 0.0002670940171 -6.955573362E-05
219.6 0.0002784212402 -4.176318603E-05
219.8 0.0002786198288 -4.179297432E-05
220 0.000289971449 -6.970467523E-05
220.2 0.0002957589286 -4.185267857E-05
220.4 0.000295970336 1.541245795E-20
220.6 0.0002961820458 -2.199088891E-20
220.8 0.0002963940587 -4.194255548E-05
221 0.0002910100287 -5.596346705E-05
221.2 0.0002800179211 -1.400089606E-05
221.4 0.0002746144189 4.203281923E-05
221.6 0.0002635947595 2.804199569E-05
221.8 0.0002581716954 -1.40310704E-05
222 0.0002527408339 2.808231488E-05
222.2 0.0002416816547 5.620503597E-05
222.4 0.0002474802016 1.406137509E-05
222.6 0.0002476585014 -4.221451729E-05
222.8 0.0002365717376 -5.632660418E-05
223 0.000248015873 2.818362193E-05
223.2 0.0002481949458 2.820397112E-05
223.4 0.0002596640173 -1.411217486E-05
223.6 0.0002598517715 2.824475777E-05
223.8 0.0002656928365 -1.413259768E-05
224 0.0002602280956 -3.464518573E-20
224.2 0.0002604166667 8.491847826E-05
224.4 0.0002606055112 1.4163343E-05
224.6 0.0002664640784 6.185511336E-22
224.8 0.000266657589 4.255174292E-05
225 0.0002611736919 -1.419422238E-05
225.2 0.0002670454545 -2.840909091E-05
225.4 0.0002672398108 -5.685953421E-05
225.6 0.0002617443554 -5.690094683E-05
225.8 0.0002619351312 1.423560496E-05
226 0.0002678245806 -1.504665408E-20
226.2 0.000268020073 -8.449857993E-21
226.4 0.0002739225712 -2.853360117E-05
226.6 0.000274122807 -4.28316886E-05
226.8 0.0002800384053 1.428767374E-05
227 0.0002859626647 -1.429813324E-05
227.2 0.0002861721612 -1.430860806E-05
227.4 0.0002806543255 3.354963551E-20
227.6 0.0002923239178 -1.133544272E-20
227.8 0.0002925385463 2.868024963E-05
228 0.0002927534901 4.305198384E-05
228.2 0.00029296875 8.616727941E-05
228.4 0.000298933039 5.748712288E-05
228.6 0.0003106590574 5.752945508E-05
228.8 0.0003108879882 5.757184967E-05
229 0.0003168786873 2.880715339E-05
229.2 0.0003228782288 5.765682657E-05
229.4 0.0003346565731 7.212426145E-05
229.6 0.0003349039172 7.217756837E-05
229.8 0.0003409301036 1.444619083E-05
230 0.000346965211 -2.891376758E-05
230.2 0.0003472222222 -4.340277778E-05
230.4 0.0003532709414 -4.343495182E-05
230.6 0.000359328635 -2.897811573E-05
230.8 0.0003653953229 2.89996288E-05
231 0.0003714710253 8.706352155E-05
231.2 0.0003775557621 8.712825279E-05
231.4 0.0003778366815 2.906436012E-05
231.6 0.0003723008191 2.908600149E-05
231.8 0.0003725782414 2.910767511E-05
232 0.0003728560776 -2.912938106E-05
232.2 0.0003673041045 -7.287779851E-05
232.4 0.0003617438387 -8.751867065E-05
232.6 0.0003561752616 -2.919469357E-05
232.8 0.0003505983545 1.460826477E-05
233 0.0003508607784 4.385759731E-05
233.2 0.0003452715356 0.0001024110487
233.4 0.000339673913 7.320558471E-05
233.6 0.0003457895724 -2.930420105E-05
233.8 0.0003401839339 -7.3315503E-05
234 0.0003404395192 -1.467411721E-05
234.2 0.0003348214286 -0
234.4 0.0003350733634 5.22113913E-21
234.6 0.0003235598645 4.41217997E-05
234.8 0.0003120290128 -1.471834966E-05
235 0.000306372549 -4.418834842E-05
235.2 0.0003007075472 -1.474056604E-05
235.4 0.0002950339879 1.47516994E-05
235.6 0.000283446712 1.633692274E-20
235.8 0.0002836611195 -5.909606657E-05
236 0.0002957040121 2.957040121E-05
236.2 0.0002840909091 2.959280303E-05
236.4 0.0002783832449 -5.923047763E-05
236.6 0.0002785944613 -1.190504019E-20
236.8 0.0002788059985 -1.48301063E-05
237 0.0002849544073 2.968275076E-05
237.2 0.0002851711027 5.941064639E-05
237.4 0.0002853881279 -1.486396499E-05
237.6 0.0002915555979 -4.462585682E-05
237.8 0.0002977324695 -4.465987043E-05
238 0.0003039187643 -5.959191457E-05
238.2 0.0003101145038 -5.963740458E-05
238.4 0.0003103514133 -4.476222307E-05
238.6 0.0003225344037 -4.479644495E-05
238.8 0.0003287586075 -4.699418675E-21
239 0.0003230283308 -1.495501531E-05
239.2 0.0003292624521 -2.993295019E-05
239.4 0.000329514954 1.497795245E-05
239.6 0.0003177762855 -2.997889486E-05
239.8 0.0003180203533 -1.500096006E-05
240 0.0003242697925 -3.002498078E-05
240.2 0.0003425480769 -4.507211538E-05
240.4 0.0003608545035 -3.007120862E-05
240.6 0.0003791891371 -7.523593991E-05
240.8 0.0003855050116 -3.011757903E-05
241 0.0003918306327 -4.521122685E-05
241.2 0.0003981660232 -6.032818533E-05
241.4 0.0003924362442 -3.01874034E-05
241.6 0.0003866976025 6.042150039E-05
241.8 0.0003809500774 7.558533282E-05
242 0.0003751936483 -2.418669448E-20
242.2 0.000363372093 6.05620155E-05
242.4 0.0003515321955 4.545674942E-05
242.6 0.0003336083075 -3.032802795E-05
242.8 0.0003156565657 -4.552738928E-05
243 0.000303751944 -3.03751944E-05
243.2 0.0002918287938 -1.868966981E-20
243.4 0.0002920560748 -1.521125389E-05
243.6 0.0002801052221 -6.089243959E-05
243.8 0.0002681357254 -6.09399376E-05
244 0.000262246292 1.524687744E-05
244.2 0.000244140625 -4.577636719E-05
244.4 0.0002504397967 -7.635359656E-05
244.6 0.0002567488263 -7.641334116E-05
244.8 0.0002630677369 -0.0001070624511
245 0.0002571512539 -1.530662226E-05
245.2 0.0002512254902 4.595588235E-05
245.4 0.0002514226845 1.533065149E-05
245.6 0.000239346033 -3.068538885E-05
245.8 0.0002395341981 1.535475629E-05
246 0.0002335759245 3.073367427E-05
246.2 0.0002276082677 1.537893701E-05
246.4 0.0002154747833 -4.617316785E-05
246.6 0.0002156447161 -7.701597003E-05
246.8 0.0002034826361 -1.541535122E-05
247 0.0001851303318 4.628258294E-05
247.2 0.0001791007905 3.087944664E-05
247.4 0.0001668809335 -6.180775316E-05
247.6 0.0001608273951 -4.639251781E-05
247.8 0.0001485736926 -1.06206881E-20
248 0.0001363005551 -1.548869944E-05
248.2 0.0001178075397 -2.813537177E-20
248.4 9.928514694E-05 1.551330421E-05
248.6 8.694356121E-05 1.552563593E-05
248.8 8.079753381E-05 2.160639631E-20
249 8.086186306E-05 -1.555035828E-05
249.2 7.470119522E-05 1.5562749E-05
249.4 6.853070175E-05 -9.174905311E-22
249.6 6.858539505E-05 1.558758978E-05
249.8 6.240015974E-05 3.120007987E-05
250 6.245003997E-05 3.122501998E-05
250.2 5.625E-05 3.125E-05
250.4 6.255004003E-05 -1.563751001E-05
250.6 6.886017628E-05 4.695012019E-05
250.8 5.012028869E-05 9.39755413E-05
251 5.016051364E-05 3.135032103E-05
251.2 4.392570281E-05 4.552927E-20
251.4 4.396101286E-05 4.794351375E-22
251.6 3.771118262E-05 3.142598552E-05
251.8 3.145128824E-05 4.717693237E-05
252 3.77719581E-05 3.147663175E-05
252.2 3.780241935E-05 4.725302419E-05
252.4 3.152744149E-05 4.729116223E-05
252.6 3.155290792E-05 1.577645396E-05
252.8 3.789409863E-05 1.578920776E-05
253 3.792475728E-05 3.16039644E-05
253.2 3.795546559E-05 3.162955466E-05
253.4 3.798622366E-05 1.582759319E-05
253.6 3.801703163E-05 1.584042985E-05
253.8 3.804788961E-05 4.755986201E-05
254 3.807879773E-05 3.173233144E-05
254.2 3.81097561E-05 1.587906504E-05
254.4 3.814076485E-05 3.178397071E-05
254.6 3.81718241E-05 4.771478013E-05
254.8 3.820293399E-05 4.775366748E-05
255 3.823409462E-05 6.372349103E-05
255.2 3.18877551E-05 6.37755102E-05
255.4 2.553104575E-05 1.595690359E-05
255.6 2.55519215E-05 -1.596995094E-05
255.8 3.196603928E-05 -1.598301964E-05
256 3.839066339E-05 3.199221949E-05
256.2 3.842213115E-05 3.201844262E-05
256.4 3.845365053E-05 -3.204470878E-05
256.6 3.207101806E-05 -1.603550903E-05
256.8 3.209737058E-05 -2.208939324E-20
257 2.569901316E-05 -3.212376645E-05
257.2 2.572016461E-05 -1.607510288E-05
257.4 2.574135091E-05 1.608834432E-05
257.6 2.576257214E-05 -1.610160758E-05
257.8 3.867574257E-05 -3.222978548E-05
258 3.87076796E-05 3.088959688E-20
258.2 3.228305785E-05 -1.217965534E-20
258.4 3.230976013E-05 -1.615488007E-05
258.6 3.233650662E-05 -1.616825331E-05
258.8 3.883595692E-05 -3.236329743E-05
259 3.88681592E-05 -4.8585199E-05
259.2 2.593360996E-05 -3.241701245E-05
259.4 2.59551495E-05 -4.866590532E-05
259.6 1.948254364E-05 -3.247090607E-05
259.8 1.949875208E-05 -3.249792013E-05
260 1.951498751E-05 -1.626248959E-05
260.2 6.510416667E-06 6.510416667E-05
260.4 0 6.515846539E-05
260.6 0 -1.630321369E-05
260.8 0 -6.5267335E-05
261 0 -3.266095318E-05
261.2 0 -2.65593849E-21
261.4 0 1.142910128E-20
261.6 0 -1.637154233E-05
261.8 0 -4.915583054E-05
262 0 -6.55961377E-05
262.2 0 -3.282563025E-05
262.4 0 1.642661901E-05
262.6 0 -3.288089226E-05
262.8 0 -8.227148273E-05
263 0 -1.646817032E-05
263.2 0 3.296413502E-05
263.4 0 1.649598818E-05
263.6 0 -3.301986475E-05
263.8 0 -6.609560068E-05
264 6.615156647E-06 1.653789162E-05
264.2 6.620762712E-06 3.310381356E-05
264.4 6.626378287E-06 -3.313189143E-05
264.6 1.989601019E-05 -1.658000849E-05
264.8 1.991291419E-05 -5.913744007E-22
265 2.657312925E-05 -1.660820578E-05
265.2 3.324468085E-05 -3.324468085E-05
265.4 3.992759796E-05 -4.990949744E-05
265.6 4.662190963E-05 -4.995204604E-05
265.8 5.332764505E-05 -4.999466724E-05
266 6.004483348E-05 -5.003736123E-05
266.2 6.677350427E-05 -5.008012821E-05
266.4 7.351368691E-05 -5.012296835E-05
266.6 8.026541096E-05 -1.672196062E-05
266.8 8.702870608E-05 1.673628963E-05
267 9.380360206E-05 -1.675064322E-05
267.2 0.0001005901288 -5.029506438E-05
267.4 0.0001073883162 -3.35588488E-05
267.6 0.0001141981943 -3.358770421E-05
267.8 0.0001210197935 1.393835352E-20
268 0.0001278531438 -6.729112834E-05
268.2 0.0001346982759 -0.0001178609914
268.4 0.0001482959448 -5.055543572E-05
268.6 0.0001484240069 1.686636442E-05
268.8 0.0001553046672 3.376188418E-05
269 0.0001621972318 -1.689554498E-05
269.2 0.0001691017316 -1.691017316E-05
269.4 0.0001692482669 1.692482669E-05
269.6 0.0001693950564 3.387901127E-05
269.8 0.0001763237847 1.695421007E-05
270 0.0001764769765 3.39378801E-05
270.2 0.0001766304348 3.39673913E-05
270.4 0.0001699847694 -1.699847694E-05
270.6 0.0001701328397 -3.402656794E-05
270.8 0.0001634699215 -5.108435048E-05
271 0.0001567953752 -6.817190227E-05
271.2 0.0001501091703 -3.411572052E-05
271.4 0.0001434112762 1.707277098E-05
271.6 0.0001367016623 3.665229391E-20
271.8 0.0001299802977 -1.710267075E-05
272 0.0001232471516 -7.894712441E-21
272.2 0.000116502193 -4.690696358E-20
272.4 0.0001097453907 -3.729264599E-20
272.6 0.0001029767135 3.432557118E-05
272.8 9.619613017E-05 5.153364116E-05
273 8.940360915E-05 3.438600352E-05
273.2 8.259911894E-05 -2.184450922E-21
273.4 7.578262787E-05 -3.444664903E-05
273.6 6.895410415E-05 3.028982472E-20
273.8 6.21135159E-05 -3.450750883E-05
274 5.526083112E-05 -1.726900973E-05
274.2 4.83960177E-05 3.456858407E-05
274.4 4.15190434E-05 1.729960142E-05
274.6 3.462987589E-05 1.731493794E-05
274.8 2.77284827E-05 -1.733030169E-05
275 2.081483126E-05 -1.734569272E-05
275.2 1.388888889E-05 1.808867322E-20
275.4 6.950622776E-06 1.737655694E-05
275.6 0 3.478406055E-05
275.8 0 3.077986068E-20
276 0 2.202105222E-20
276.2 0 3.487723214E-05
276.4 0 2.156777512E-20
276.6 0 1.746981216E-05
276.8 0 1.74854521E-05
277 0 -3.500224014E-05
277.2 0 7.593102278E-22
277.4 0 -1.753254039E-05
277.6 0 2.729247307E-21
277.8 7.025629496E-06 7.025629496E-05
278 7.031953195E-06 5.273964896E-05
278.2 7.038288288E-06 1.759572072E-05
278.4 7.044634806E-06 -1.761158702E-05
278.6 7.05099278E-06 -3.52549639E-05
278.8 7.05736224E-06 -1.76434056E-05
279 7.063743219E-06 -3.531871609E-05
279.2 7.070135747E-06 -5.30260181E-05
279.4 7.076539855E-06 -5.307404891E-05
279.6 7.082955576E-06 -3.541477788E-05
279.8 7.08938294E-06 1.784427314E-20
280 7.09582198E-06 1.653594186E-20
280.2 7.102272727E-06 -1.775568182E-05
280.4 7.108735214E-06 -1.777183803E-05
280.6 7.115209472E-06 9.558693795E-21
280.8 7.121695533E-06 3.178738375E-22
281 7.128193431E-06 1.782048358E-05
281.2 7.134703196E-06 1.783675799E-05
281.4 7.141224863E-06 -5.944696238E-21
281.6 7.147758463E-06 5.360818847E-05
281.8 7.154304029E-06 7.154304029E-05
282 7.160861595E-06 7.160861595E-05
282.2 7.167431193E-06 0.0001075114679
282.4 7.174012856E-06 5.380509642E-05
282.6 7.180606618E-06 1.795151654E-05
282.8 7.187212511E-06 1.796803128E-05
283 7.193830571E-06 1.798457643E-05
283.2 0 -1.800115207E-05
283.4 0 -5.405327491E-05
283.6 0 -3.60687904E-05
283.8 0 -3.610212569E-05
284 0 -1.806776133E-05
284.2 0 -1.808449074E-05
284.4 0 -1.810125116E-05
284.6 0 1.811804267E-05
284.8 0 5.44045961E-05
285 0 5.445515799E-05
285.2 0 5.008394042E-21
285.4 0 -3.637104283E-05
285.6 0 -3.640493942E-05
285.8 0 -1.821944963E-05
286 0 -1.751676488E-20
286.2 0 1.825350467E-05
286.4 0 1.827057998E-05
286.6 0 -1.828768727E-05
286.8 0 -1.830482662E-05
287 0 -1.832199812E-05
287.2 0 -1.833920188E-05
287.4 0 -1.835643797E-05
287.6 0 -1.837370649E-05
287.8 0 1.839100753E-05
288 0 1.840834119E-05
288.2 0 2.911250032E-20
288.4 0 6.017243744E-20
288.6 0 1.846053875E-05
288.8 0 3.695600757E-05
289 0 1.849550189E-05
289.2 0 3.702606635E-05
289.4 0 5.559179317E-05
289.6 0 5.564458689E-05
289.8 0 1.8565827E-05
290 0 2.18888113E-20
290.2 0 1.860119048E-05
290.4 0 1.861892278E-05
290.6 0 1.863668893E-05
290.8 0 4.925922348E-20
291 0 1.867232314E-05
291.2 0 5.607057416E-05
291.4 0 5.612428161E-05
291.6 0 3.745206136E-05
291.8 0 5.623200576E-05
292 0 5.628602305E-05
292.2 0 3.756009615E-05
292.4 0 9.399061598E-05
292.6 0 0.000131713632
292.8 0 5.650313404E-05
293 0 1.885255792E-05
293.2 0 1.887077295E-05
293.4 0 -3.802481892E-21
293.6 0 3.774309227E-20
293.8 0 1.892562984E-05
294 0 1.894398642E-05
294.2 0 -1.896237864E-05
294.4 0 -3.796161322E-05
294.6 0 1.899927043E-05
294.8 0 5.705331061E-05
295 0 5.051934679E-20
295.2 0 -5.716463415E-05
295.4 0 5.471832839E-20
295.6 0 6.065507797E-20
295.8 7.644324853E-06 -5.73324364E-05
296 1.53036239E-05 -1.912952987E-05
296.2 1.531862745E-05 -1.914828431E-05
296.4 1.533366045E-05 -3.833415113E-05
296.6 1.534872299E-05 -1.918590373E-05
296.8 1.536381514E-05 1.920476893E-05
297 1.537893701E-05 1.922367126E-05
297.2 1.539408867E-05 1.924261084E-05
297.4 1.540927022E-05 5.778476331E-05
297.6 1.542448174E-05 1.928060217E-05
297.8 1.543972332E-05 -1.929965415E-05
298 1.545499505E-05 -3.863748764E-05
298.2 1.547029703E-05 -7.735148515E-05
298.4 1.548562934E-05 -5.807111001E-05
298.6 1.550099206E-05 -5.812872024E-05
298.8 1.55163853E-05 -5.818644489E-05
299 1.553180915E-05 -3.966385601E-20
299.2 1.554726368E-05 3.88681592E-05
299.4 7.781374502E-06 1.945343625E-05
299.6 0 1.947283151E-05
299.8 0 -6.927413396E-20
300 0 -1.951173826E-05
300.2 0 3.056966438E-21
300.4 0 1.95508008E-05
300.6 0 3.914078156E-05
300.8 7.836008024E-06 1.959002006E-05
301 1.5687751E-05 5.882906627E-05
301.2 7.851758794E-06 7.851758794E-05
301.4 0 7.859657948E-05
301.6 0 0.0001180135952
301.8 0 5.906628024E-05
302 0 9.018987794E-21
302.2 0 -5.561939485E-20
302.4 0 1.974848332E-05
302.6 0 3.953694332E-05
302.8 0 -1.978850051E-05
303 0 -7.923427992E-05
303.2 0 -7.931472081E-05
303.4 0 -5.95464939E-05
303.6 0 -3.97380468E-05
303.8 0 -5.966776986E-05
304 0 -5.972859327E-05
304.2 0 -1.992984694E-05
304.4 0 -3.6047366E-20
304.6 0 -1.997060327E-05
304.8 0 -3.998208802E-05
305 0 -6.003457992E-05
305.2 0 -6.009615385E-05
305.4 0 -4.010523614E-05
305.6 0 -4.014645427E-05
305.8 0 -2.00938786E-05
306 0 -2.011457261E-05
306.2 0 -4.027061856E-05
306.4 0 -4.03121775E-05
306.6 0 -4.035382231E-05
306.8 0 -4.039555326E-05
307 0 -4.04373706E-05
307.2 0 -4.047927461E-05
307.4 0 -6.078189834E-05
307.6 0 -6.084501558E-05
307.8 0 1.262956322E-20
308 0 -3.561903186E-20
308.2 0 -2.034505208E-05
308.4 0 4.073253389E-05
308.6 0 4.077505219E-05
308.8 0 -3.750829509E-20
309 0 2.043017782E-05
309.2 0 2.045157068E-05
309.4 0 2.047300839E-05
309.6 0 6.148347324E-05
309.8 0 8.206407563E-05
310 0 8.215036803E-05
310.2 0 6.167763158E-05
310.4 0 4.116174921E-05
310.6 0 2.060258439E-05
310.8 0 1.604278144E-20
311 0 2.064614165E-05
311.2 0 -2.066798942E-05
311.4 0 -4.137976695E-05
311.6 0 3.598963451E-20
311.8 0 -5.913791776E-21
312 0 4.151168969E-05
312.2 0 4.155585106E-05
312.4 0 -2.307379991E-20
312.6 0 2.082222814E-05
312.8 0 -4.658972747E-21
313 0 -2.086672009E-05
313.2 0 -1.993602783E-20
313.4 0 6.724190974E-21
313.6 0 2.198016797E-20
313.8 0 7.853621031E-20
314 0 -2.097878625E-05
314.2 8.400537634E-06 -6.300403226E-05
314.4 1.681916039E-05 -6.307185145E-05
314.6 2.525592672E-05 -4.209321121E-05
314.8 3.371089536E-05 -4.21386192E-05
315 4.218412527E-05 -4.218412527E-05
315.2 5.067567568E-05 -4.222972973E-05
315.4 5.918560606E-05 -4.22754329E-05
315.6 6.771397616E-05 -2.116061755E-05
315.8 7.626084599E-05 4.467031639E-20
316 8.482627579E-05 -2.120656895E-05
316.2 9.341032609E-05 -4.245923913E-05
316.4 9.351196953E-05 2.125272035E-05
316.6 9.361383442E-05 9.740895439E-21
316.8 9.371592148E-05 -4.259814613E-05
317 9.381823144E-05 2.132232533E-05
317.2 9.392076503E-05 -5.415892056E-20
317.4 9.402352298E-05 -5.05778134E-21
317.6 9.412650602E-05 2.139238773E-05
317.8 9.422971491E-05 2.146252537E-20
318 9.433315038E-05 2.143935236E-05
318.2 9.443681319E-05 2.469119248E-20
318.4 9.454070407E-05 -2.148652365E-05
318.6 9.464482379E-05 4.788503247E-22
318.8 9.47491731E-05 2.153390298E-05
319 8.623068433E-05 4.311534216E-05
319.2 8.632596685E-05 2.158149171E-05
319.4 8.642146018E-05 -2.160536504E-05
319.6 8.651716501E-05 2.708504936E-21
319.8 8.661308204E-05 4.156100002E-21
320 9.538013319E-05 -1.998145625E-20
320.2 0.0001041666667 2.170138889E-05
320.4 0.0001129727475 1.096007721E-20
320.6 0.000121798441 2.17497216E-05
320.8 0.0001306438127 4.354793757E-05
321 0.0001395089286 -2.834156489E-20
321.2 0.000157122905 -2.18226257E-05
321.4 0.000166037472 3.980812135E-20
321.6 0.0001749720045 -2.187150056E-05
321.8 0.0001839265695 -4.379204036E-05
322 0.0001929012346 -2.192059484E-05
322.2 0.0002018960674 2.194522472E-05
322.4 0.0002021231721 4.393982002E-05
322.6 0.0002023507883 2.19946509E-05
322.8 0.0002025789177 2.95867291E-20
323 0.0002028075621 8.806096303E-20
323.2 0.0002030367232 1.225580842E-20
323.4 0.0002032664027 -6.72817121E-20
323.6 0.0002034966025 -3.052664196E-20
323.8 0.0002037273243 -2.214427438E-05
324 0.0002039585698 -4.433881952E-05
324.2 0.0002041903409 -1.315004539E-20
324.4 0.0002044226394 6.665955631E-05
324.6 0.000204655467 6.673547836E-05
324.8 0.0002048888255 2.227052452E-05
325 0.0002051227169 -2.229594749E-05
325.2 0.0002053571429 -2.232142857E-05
325.4 0.0002055921053 3.657754204E-20
325.6 0.000205827606 -2.237256586E-05
325.8 0.0002060636468 -4.479644495E-05
326 0.0002063002296 -2.2423938E-05
326.2 0.0002065373563 2.244971264E-05
326.4 0.0001977848101 1.505392648E-22
326.6 0.0001890120968 -2.250144009E-05
326.8 0.0001892301038 2.933842118E-20
327 0.0001894486143 2.989288427E-20
327.2 0.0001896676301 -9.014643839E-21
327.4 0.0001898871528 -1.850177275E-20
327.6 0.0001901071842 -3.57573223E-20
327.8 0.0001903277262 -1.666679957E-20
328 0.0001905487805 -1.594566884E-20
328.2 0.0001907703488 -4.195619058E-20
328.4 0.0002000873108 -2.273719441E-05
328.6 0.0002185314685 -2.276369464E-05
328.8 0.0002279025671 -2.279025671E-05
329 0.0002281688084 -2.281688084E-05
329.2 0.0002375730994 8.744352357E-21
329.4 0.0002378512881 -2.287031616E-05
329.6 0.0002472889801 -2.289712778E-05
329.8 0.0002567488263 -1.780969907E-20
330 0.0002662309048 -3.925316317E-20
330.2 0.0002757352941 -2.243813758E-20
330.4 0.0002760600707 4.601001178E-05
330.6 0.0002671727594 9.212853774E-05
330.8 0.0002582644628 4.611865407E-05
331 0.0002493351064 -2.308658392E-05
331.2 0.0002496301775 -4.622781065E-05
331.4 0.0002499259479 6.942387441E-05
331.6 0.0002316874259 6.950622776E-05
331.8 0.0002226840855 -8.579734513E-21
332 0.0002043697979 3.304375355E-20
332.2 0.0001860119048 2.32514881E-05
332.4 0.0001676102503 6.983760429E-05
332.6 0.0001491646778 1.787103906E-20
332.8 0.0001493428913 -4.666965352E-05
333 0.0001495215311 5.382564853E-20
333.2 0.0001403443114 2.339071856E-05
333.4 0.0001311450839 2.341876499E-05
333.6 0.0001219237695 5.447806264E-20
333.8 0.0001126802885 -4.695012019E-05
334 0.0001128158845 3.847256637E-21
334.2 0.0001129518072 2.353162651E-05
334.4 0.0001130880579 2.356001206E-05
334.6 0.0001132246377 -2.358846618E-05
334.8 0.0001133615478 -2.361698912E-05
335 0.0001134987893 2.364558111E-05
335.2 0.0001136363636 -2.367424242E-05
335.4 0.0001042930825 -2.37029733E-05
335.6 9.492709599E-05 -2.3731774E-05
335.8 8.553832117E-05 2.376064477E-05
336 7.612667479E-05 4.757917174E-05
336.2 6.669207317E-05 2.987153298E-20
336.4 5.723443223E-05 2.640393115E-20
336.6 4.775366748E-05 2.805757659E-20
336.8 3.8249694E-05 2.390605875E-05
337 2.872242647E-05 4.787071078E-05
337.2 1.917177914E-05 2.396472393E-05
337.4 9.597665848E-06 -2.399416462E-05
337.6 0 -4.804735547E-05
337.8 0 -2.405326355E-05
338 0 -4.816584464E-05
338.2 0 2.201000316E-20
338.4 0 9.656983931E-05
338.6 0 2.417233911E-05
338.8 0 -2.420229244E-05
339 0 -4.84646402E-05
339.2 0 -2.426242236E-05
339.4 0 9.717039801E-05
339.6 0 7.296855542E-05
339.8 0 9.203716666E-20
340 0 2.438358302E-05
340.2 0 4.8828125E-05
340.4 0 4.888923655E-05
340.6 0 4.895050125E-05
340.8 0 2.450595985E-05
341 0 7.96330476E-21
341.2 9.827044025E-06 6.331946992E-21
341.4 2.951826196E-05 -8.152407069E-21
341.6 2.95554855E-05 2.462957125E-05
341.8 2.959280303E-05 2.466066919E-05
342 2.963021492E-05 -2.469184576E-05
342.2 3.955696203E-05 -4.944620253E-05
342.4 3.960709759E-05 -2.475443599E-05
342.6 3.965736041E-05 -4.957170051E-05
342.8 3.970775095E-05 -7.445203304E-05
343 3.975826972E-05 -4.969783715E-05
343.2 3.98089172E-05 2.488057325E-05
343.4 2.989477041E-05 9.964923469E-05
343.6 1.995530013E-05 4.988825032E-05
343.8 9.990409207E-06 -2.497602302E-05
344 1.000320102E-05 -0.0001000320102
344.2 1.001602564E-05 -5.008012821E-05
344.4 0 -1.791096211E-20
344.6 0 -2.510443445E-05
344.8 0 2.513674389E-05
345 0 5.03382732E-05
345.2 0 5.040322581E-05
345.4 0 0.0001009366925
345.6 0 7.580045278E-05
345.8 0 5.059909326E-05
346 0 5.066472114E-05
346.2 0 2.536525974E-05
346.4 0 5.079648895E-05
346.6 0 5.086263021E-05
346.8 0 7.639341591E-05
347 0 7.649314621E-05
347.2 0 2.553104575E-05
347.4 0 2.556446335E-05
347.6 0 5.119593709E-05
347.8 0 2.563156168E-05
348 0 2.56652431E-05
348.2 0 4.039912003E-21
348.4 0 5.184123143E-20
348.6 0 4.331783553E-20
348.8 0 -2.580085865E-05
349 0 2.583498677E-05
349.2 0 7.760761589E-05
349.4 0 2.590351459E-05
349.6 0 -7.781374502E-05
349.8 0 -7.791722074E-05
350 0 -2.600699068E-05
350.2 1.041666667E-05 2.604166667E-05
350.4 2.08611482E-05 2.607643525E-05
350.6 2.088903743E-05 2.611129679E-05
350.8 2.091700134E-05 -2.614625167E-05
351 2.094504021E-05 -5.236260054E-05
351.2 2.097315436E-05 4.031408394E-21
351.4 2.100134409E-05 2.625168011E-05
351.6 2.102960969E-05 2.628701211E-05
351.8 1.052897574E-05 2.632243935E-05
352 0 2.635796221E-05
352.2 0 -2.258876301E-20
352.4 0 4.429044527E-20
352.6 0 2.64651084E-05
352.8 0 2.650101764E-05
353 0 -2.653702446E-05
353.2 0 -2.657312925E-05
353.4 0 7.982799728E-05
353.6 0 7.993690314E-05
353.8 0 5.336407104E-05
354 0 5.34370725E-05
354.2 0 -8.026541096E-05
354.4 0 -0.0001607510288
354.6 0 -0.0001073145604
354.8 0 -8.059662999E-05
355 0 -0.0001076101928
355.2 0 -8.081896552E-05
355.4 0 5.03321474E-20
355.6 0 2.701417704E-05
355.8 0 2.70515928E-05
356 0 2.708911234E-05
356.2 0 5.425347222E-05
356.4 0 5.432892907E-05
356.6 0 -5.44045961E-05
356.8 0 -8.17207113E-05
357 0 -5.455656425E-05
357.2 0 -5.463286713E-05
357.4 0 -8.206407563E-05
357.6 0 -8.217917251E-05
357.8 1.097261236E-05 -5.48630618E-05
358 2.197609001E-05 -5.494022504E-05
358.2 3.301056338E-05 -8.252640845E-05
358.4 4.407616361E-05 -0.000110190409
358.6 6.620762712E-05 -8.27595339E-05
358.8 6.630127298E-05 -2.762553041E-05
359 5.532932011E-05 -5.532932011E-05
359.2 5.540780142E-05 -1.937651293E-20
359.4 3.329190341E-05 0.0001109730114
359.6 2.222617354E-05 5.556543385E-05
359.8 1.112891738E-05 -2.782229345E-05
360 1.114479315E-05 -2.786198288E-05
360.2 1.116071429E-05 2.790178571E-05
360.4 1.117668097E-05 1.453350779E-20
360.6 1.119269341E-05 2.885531621E-20
360.8 1.120875179E-05 0.0001120875179
361 0 0.0001122485632
361.2 0 2.810251799E-05
361.4 1.125720461E-05 5.628602305E-05
361.6 2.254689755E-05 5.636724387E-05
361.8 2.257947977E-05 -1.315535495E-20
362 2.26121563E-05 8.479558611E-05
362.2 2.264492754E-05 0.0001132246377
362.4 2.26777939E-05 2.834724238E-05
362.6 2.271075581E-05 5.677688953E-05
362.8 1.137190684E-05 8.528930131E-05
363 0 0.0001138848397
363.2 0 0.0001425638686
363.4 0 8.566337719E-05
363.6 0 2.859626647E-05
363.8 0 7.15555842E-20
364 0 -1.488200693E-20
364.2 0 1.908715625E-20
364.4 0 -5.595932034E-20
364.6 0 2.880715339E-05
364.8 0 5.769940916E-05
365 0 2.889238166E-05
365.2 0 3.321640355E-20
365.4 0 -2.926001766E-20
365.6 0 -2.902117385E-05
365.8 0 -5.763374474E-20
366 0 2.910767511E-05
366.2 0 -2.91511194E-05
366.4 0 -5.838938714E-05
366.6 0 -2.92383982E-05
366.8 0 1.047143126E-20
367 0 2.93262012E-05
367.2 0 2.937030075E-05
367.4 0 -2.839010766E-20
367.6 0 -5.891779789E-05
367.8 0 -0.000147516994
368 0 -8.864409985E-05
368.2 0 -2.959280303E-05
368.4 0 -5.92754173E-05
368.6 0 3.66647089E-21
368.8 0 -2.972792998E-05
369 0 -0.0001190929878
369.2 0 -5.963740458E-05
369.4 0 5.564190881E-20
369.6 0 -2.991003063E-05
369.8 0 -5.991180982E-05
370 0 3.000192012E-05
370.2 0 6.009615385E-05
370.4 0 -6.018875193E-05
370.6 0 -0.0001507040895
370.8 0 -0.0001207496136
371 0 -0.0001209365325
371.2 0 -9.084302326E-05
371.4 0 -3.032802795E-05
371.6 0 -9.11255832E-05
371.8 0 -9.126752336E-05
372 0 -6.09399376E-05
372.2 0 -6.103515625E-05
372.4 1.222613459E-05 5.194002906E-21
372.6 2.449059561E-05 6.122648903E-05
372.8 3.679356358E-05 3.004144312E-20
373 3.685141509E-05 2.692302624E-21
373.2 3.690944882E-05 3.075787402E-05
373.4 3.696766562E-05 6.161277603E-05
373.6 3.702606635E-05 9.256516588E-05
373.8 3.70846519E-05 3.090387658E-05
374 3.714342314E-05 -6.190570523E-05
374.2 3.720238095E-05 -0.0001240079365
374.4 3.726152623E-05 3.105127186E-05
374.6 3.732085987E-05 0.0001244028662
374.8 3.738038278E-05 3.115031898E-05
375 3.744009585E-05 6.64574606E-21
375.2 3.75E-05 -3.125E-05
375.4 3.756009615E-05 -6.137330775E-20
375.6 3.762038523E-05 0.0001254012841
375.8 3.768086817E-05 0.0001570036174
376 3.774154589E-05 5.494581789E-21
376.2 5.040322581E-05 -9.450604839E-05
376.4 5.048465267E-05 9.698848429E-21
376.6 5.056634304E-05 3.16039644E-05
376.8 5.064829822E-05 3.414104061E-21
377 3.804788961E-05 -3.170657468E-05
377.2 2.540650407E-05 -3.175813008E-05
377.4 2.544788274E-05 3.180985342E-05
377.6 3.823409462E-05 3.186174551E-05
377.8 5.10620915E-05 -5.404681654E-20
378 5.114566285E-05 -3.196603928E-05
378.2 5.12295082E-05 -3.201844262E-05
378.4 5.13136289E-05 -3.207101806E-05
378.6 5.139802632E-05 -3.212376645E-05
378.8 5.148270181E-05 -2.7648475E-20
379 5.156765677E-05 -3.222978548E-05
379.2 5.165289256E-05 -0.0001291322314
379.4 5.17384106E-05 -0.0001293460265
379.6 5.182421227E-05 -6.478026534E-05
379.8 5.1910299E-05 -3.244393688E-05
380 5.199667221E-05 3.249792013E-05
380.2 5.208333333E-05 3.255208333E-05
380.4 5.217028381E-05 -3.498650043E-20
380.6 3.919314381E-05 -6.532190635E-05
380.8 3.925879397E-05 -6.543132328E-05
381 3.932466443E-05 3.277055369E-05
381.2 3.93907563E-05 -1.739920263E-20
381.4 3.945707071E-05 3.288089226E-05
381.6 3.952360877E-05 9.880902192E-05
381.8 3.959037162E-05 3.299197635E-05
382 3.965736041E-05 4.741039126E-20
382.2 3.972457627E-05 1.898793941E-20
382.4 3.979202037E-05 3.316001698E-05
382.6 3.985969388E-05 -3.321641156E-05
382.8 3.992759796E-05 -9.981899489E-05
383 3.999573379E-05 1.565543103E-21
383.2 4.006410256E-05 6.677350427E-05
383.4 4.013270548E-05 3.344392123E-05
383.6 4.020154374E-05 2.009329102E-20
383.8 4.027061856E-05 3.35588488E-05
384 4.033993115E-05 3.361660929E-05
384.2 4.040948276E-05 -9.436301938E-20
384.4 4.047927461E-05 3.373272884E-05
384.6 2.703287197E-05 2.622186305E-20
384.8 2.70797227E-05 -3.220207484E-20
385 2.712673611E-05 -1.195143955E-20
385.2 4.076086957E-05 9.336784393E-20
385.4 4.083188153E-05 6.805313589E-05
385.6 4.090314136E-05 6.817190227E-05
385.8 4.097465035E-05 3.414554196E-05
386 4.104640981E-05 -3.420534151E-05
386.2 4.111842105E-05 -3.426535088E-05
386.4 4.119068541E-05 -0.0001029767135
386.6 4.126320423E-05 -3.438600352E-05
386.8 4.133597884E-05 6.889329806E-05
387 4.14090106E-05 5.870034722E-20
387.2 4.148230088E-05 3.456858407E-05
387.4 2.770390071E-05 -8.43696408E-20
387.6 2.775310835E-05 -3.469138544E-05
387.8 2.78024911E-05 -3.475311388E-05
388 4.177807487E-05 -6.963012478E-05
388.2 4.185267857E-05 -3.487723214E-05
388.4 4.192754919E-05 -6.084942244E-20
388.6 2.800179211E-05 7.000448029E-05
388.8 1.402603232E-05 0.0001051952424
389 0 3.512814748E-05
389.2 0 -7.323160811E-20
389.4 0 2.265256047E-20
389.6 0 6.652320777E-20
389.8 0 -3.538269928E-05
390 0 -7.08938294E-05
390.2 0 -7.102272727E-05
390.4 0 -3.557604736E-05
390.6 0 3.564096715E-05
390.8 0 3.570612431E-05
391 0 3.577152015E-05
391.2 0 3.583715596E-05
391.4 0 7.180606618E-05
391.6 0 0.0001438766114
391.8 1.441420664E-05 7.207103321E-05
392 2.888170055E-05 0.0001083063771
392.2 4.340277778E-05 0.0001808449074
392.4 5.797773655E-05 0.0001449443414
392.6 7.260687732E-05 0.0001815171933
392.8 8.729050279E-05 0.0001454841713
393 8.745335821E-05 7.287779851E-05
393.2 8.761682243E-05 7.301401869E-05
393.4 8.778089888E-05 3.657537453E-05
393.6 8.794559099E-05 3.664399625E-05
393.8 8.811090226E-05 0.0001468515038
394 8.827683616E-05 0.0002574741055
394.2 8.844339623E-05 0.0002211084906
394.4 8.861058601E-05 0.0001107632325
394.6 8.877840909E-05 7.398200758E-05
394.8 8.894686907E-05 3.706119545E-05
395 8.911596958E-05 3.583748862E-20
395.2 8.928571429E-05 -6.432496795E-20
395.4 8.945610687E-05 3.727337786E-05
395.6 8.962715105E-05 7.468929254E-05
395.8 8.979885057E-05 7.483237548E-05
396 8.997120921E-05 0.0001124640115
396.2 9.014423077E-05 7.512019231E-05
396.4 9.031791908E-05 7.526493256E-05
396.6 7.541023166E-05 0.0001508204633
396.8 6.044487427E-05 0.0001511121857
397 4.542151163E-05 0.0001135537791
397.2 3.033980583E-05 7.584951456E-05
397.4 1.519941634E-05 7.599708171E-05
397.6 0 3.807261209E-05
397.8 0 3.814697266E-05
398 0 7.644324853E-05
398.2 0 7.659313725E-05
398.4 0 7.674361493E-05
398.6 0 7.689468504E-05
398.8 0 3.852317554E-05
399 0 3.85993083E-05
399.2 0 7.735148515E-05
399.4 0 3.875248016E-05
399.6 0 3.882952286E-05
399.8 0 3.890687251E-05
400 0 3.898453094E-05
400.2 0 1.172507108E-20
400.4 0 -7.828156313E-05
400.6 0 -3.174234337E-20
400.8 0 7.859657948E-05
401 0 7.875504032E-05
401.2 0 -1.065414579E-19
401.4 0 -0.0001976847166
401.6 0 -0.0003169371197
401.8 1.587906504E-05 -0.0002381859756
402 1.59114053E-05 -0.0001193355397
402.2 1.594387755E-05 -8.108657741E-20
402.4 1.597648262E-05 3.994120654E-05
402.6 1.600922131E-05 4.002305328E-05
402.8 1.604209446E-05 4.010523614E-05
403 1.607510288E-05 -3.608783281E-20
403.2 1.610824742E-05 -0.0001208118557
403.4 1.614152893E-05 -0.0001210614669
403.6 1.617494824E-05 -4.04373706E-05
403.8 1.620850622E-05 -0.0001215637967
404 1.624220374E-05 -8.121101871E-05
404.2 1.627604167E-05 -4.069010417E-05
404.4 1.631002088E-05 -0.0001223251566
404.6 1.634414226E-05 -0.0001225810669
404.8 1.637840671E-05 -4.094601677E-05
405 1.641281513E-05 -8.206407563E-05
405.2 0 -0.0001644736842
405.4 0 -0.0001648206751
405.6 0 -0.0002064614165
405.8 0 -0.0001655190678
406 0 -8.293524416E-05
406.2 0 -8.311170213E-05
406.4 0 -8.328891258E-05
406.6 0 -8.346688034E-05
406.8 0 -0.0001254684154
407 0 -0.0001257376609
407.2 0 -8.400537634E-05
407.4 0 -8.418642241E-05
407.6 0 -8.436825054E-05
407.8 0 -8.45508658E-05
408 0 -4.236713666E-05
408.2 0 -4.245923913E-05
408.4 0 -0.0001276552288
408.6 0 -0.000127933952
408.8 0 -8.547592998E-05
409 0 -8.566337719E-05
409.2 0 -8.585164835E-05
409.4 0 -8.60407489E-05
409.6 0 -8.623068433E-05
409.8 0 -8.642146018E-05
410 0 -4.330654102E-05
410.2 0 3.519283713E-20
410.4 0 -4.349944321E-05
410.6 0 -8.719308036E-05
410.8 0 -8.738814318E-05
411 0 -8.758408072E-05
411.2 0 -8.778089888E-05
411.4 0 -8.79786036E-05
411.6 0 -4.408860045E-05
411.8 0 2.607776751E-22
412 0 -9.455869138E-20
412.2 0 -4.438920455E-05
412.4 0 -4.449031891E-05
412.6 0 3.557737763E-21
412.8 0 -4.469393593E-05
413 0 -4.479644495E-05
413.2 0 -5.690453632E-20
413.4 0 2.785504723E-20
413.6 0 9.624627913E-20
413.8 0 -7.220123539E-21
414 0 -4.808819243E-21
414.2 0 3.783889447E-20
414.4 0 6.149553023E-21
414.6 0 -1.413119914E-20
414.8 0 -2.785800738E-20
415 0 2.126628222E-20
415.2 0 -2.771361378E-20
415.4 0 -8.31506693E-20
415.6 0 -6.059964184E-20
415.8 0 -6.038121746E-21
416 0 -7.238669037E-20
416.2 0 -4.075057186E-20
416.4 0 -5.89852848E-20
416.6 0 2.047143402E-20
416.8 0 -4.395583156E-20
417 0 -4.67614224E-20
417.2 0 -3.740992408E-20
417.4 0 8.437103759E-21
417.6 0 -7.254620137E-20
417.8 0 -9.01748049E-20
418 0 -5.669642024E-20
418.2 0 -6.538275985E-21
418.4 0 5.241846734E-20
418.6 0 -1.400033652E-21
418.8 0 -7.803310265E-20
419 0 1.196769956E-19
419.2 0 5.49781659E-20
419.4 0 -6.685625665E-20
419.6 0 -3.683393921E-20
419.8 0 -1.777976532E-20
420 0 -4.364351754E-20
420.2 0 3.700297114E-20
420.4 0 1.425573864E-20
420.6 0 4.907349246E-05
420.8 0 4.919710327E-05
421 0 -2.972040889E-20
421.2 0 -4.524794134E-21
421.4 0 -1.452833105E-19
421.6 0 -6.549991117E-20
421.8 0 -7.92873612E-21
422 0 6.765257066E-20
422.2 0 5.008012821E-05
422.4 0 0.0001004177378
422.6 0 0.0001510148196
422.8 0 0.0001514050388
423 0 0.0001011981865
423.2 0 0.0001521915584
423.4 0 0.0001525878906
423.6 0 5.099543081E-05
423.8 0 5.11289267E-05
424 0 5.126312336E-05
424.2 0 -9.850046089E-20
424.4 0 -4.187352026E-20
424.6 0 5.166997354E-05
424.8 0 0.0001036140584
425 0 5.194481383E-05
425.2 0 4.883789401E-20
425.4 0 -4.762935069E-20
425.6 0 5.236260054E-05
425.8 0 5.250336022E-05
426 0 5.264487871E-05
426.2 0 0.0001055743243
426.4 0 5.29302168E-05
426.6 0 5.307404891E-05
426.8 0 5.321866485E-05
427 0 -5.336407104E-05
427.2 0 -5.351027397E-05
427.4 0 3.060608492E-20
427.6 0 -3.581432591E-21
427.8 0 -5.164333652E-20
428 0 -2.993450188E-20
428.2 0 0.0001085069444
428.4 0 0.0001088091922
428.6 0 5.455656425E-05
428.8 0 0.0001641281513
429 0 0.0001097261236
429.2 0 5.501760563E-05
429.4 0 0.0001655190678
429.6 0 0.0001106586402
429.8 0 5.548650568E-05
430 0 0.0001112891738
430.2 0 5.580357143E-05
430.4 2.238538682E-05 -5.596346705E-05
430.6 4.489942529E-05 -5.612428161E-05
430.8 6.754322767E-05 5.628602305E-05
431 9.031791908E-05 1.655086332E-19
431.2 0.0001132246377 7.850987024E-20
431.4 0.0001362645349 -5.677688953E-05
431.6 0.0001594387755 -0.0001708272595
431.8 0.000182748538 -5.710891813E-05
432 0.0002061950147 -5.727639296E-05
432.2 0.0002297794118 -5.744485294E-05
432.4 0.0002535029499 -5.761430678E-05
432.6 0.0002773668639 -0.0001155695266
432.8 0.0003013724036 -0.0001159124629
433 0.0003255208333 -0.0001162574405
433.2 0.0003498134328 -0.0001166044776
433.4 0.000374251497 -0.0001169535928
433.6 0.0003988363363 -0.0001173048048
433.8 0.0004235692771 -0.0001176581325
434 0.0004484516616 -0.0001180135952
434.2 0.0004734848485 -0.0001183712121
434.4 0.0004986702128 -0.000118731003
434.6 0.0005240091463 -0.0001190929878
434.8 0.0005495030581 -0.0001194571865
435 0.0005751533742 -5.991180982E-05
435.2 0.0005769230769 -6.009615385E-05
435.4 0.000602816358 -0.0001205632716
435.6 0.000628869969 -0.0001209365325
435.8 0.0006550854037 -6.06560559E-05
436 0.0006814641745 -6.084501558E-05
436.2 0.00068359375 -0.0001220703125
436.4 0.0007102272727 -0.0001224529781
436.6 0.0007370283019 -0.0001228380503
436.8 0.0007639984227 -0.0001232255521
437 0.0007911392405 -6.180775316E-05
437.2 0.0007936507937 -6.102624843E-20
437.4 0.0007961783439 6.600811381E-20
437.6 0.0007987220447 7.940834008E-20
437.8 0.0008012820513 -3.159610663E-21
438 0.0008038585209 4.260468434E-20
438.2 0.0008064516129 -2.556952622E-20
438.4 0.0008090614887 8.956252607E-20
438.6 0.0008116883117 4.903678171E-20
438.8 0.0008143322476 -4.751199122E-20
439 0.0008169934641 -3.00117719E-20
439.2 0.0008196721311 1.188709846E-19
439.4 0.0008223684211 8.688757524E-20
439.6 0.0008250825083 8.280872858E-20
439.8 0.0008278145695 7.320337919E-21
440 0.0008305647841 2.491442189E-20
440.2 0.0008333333333 -1.050170644E-19
440.4 0.0008361204013 -6.809463546E-20
440.6 0.0008389261745 -1.169509336E-19
440.8 0.0008417508418 -6.576178451E-05
441 0.0008709881757 -5.088209134E-21
441.2 0.0008474576271 6.620762712E-05
441.4 0.0008503401361 9.006303318E-20
441.6 0.0008532423208 7.880006058E-20
441.8 0.0008561643836 -6.688784247E-05
442 0.0008859536082 -6.711769759E-05
442.2 0.0008890086207 -8.303463525E-20
442.4 0.0008920847751 6.758217993E-05
442.6 0.0008680555556 6.781684028E-05
442.8 0.000843858885 -6.024117518E-20
443 0.0008468094406 6.829108392E-05
443.2 0.0008497807018 0.0001370614035
443.4 0.0008527728873 7.078962512E-20
443.6 0.0008557862191 -0.0001380300353
443.8 0.000858820922 -6.925975177E-05
444 0.0008618772242 -2.789904634E-20
444.2 0.0008649553571 6.975446429E-05
444.4 0.0008680555556 7.000448029E-05
444.6 0.0008711780576 -7.025629496E-05
444.8 0.0008743231047 -7.05099278E-05
445 0.000877490942 3.128217223E-19
445.2 0.0008806818182 1.012373477E-19
445.4 0.0008838959854 1.434426115E-19
445.6 0.0008871336996 7.154304029E-05
445.8 0.0008903952206 7.180606618E-05
446 0.0008936808118 -7.207103321E-05
446.2 0.0008969907407 -7.233796296E-05
446.4 0.0009003252788 1.413301229E-19
446.6 0.0009036847015 7.287779851E-05
446.8 0.0008778089888 0.0001463014981
447 0.0008517387218 0.0001468515038
447.2 0.0008254716981 7.370283019E-05
447.4 0.0007990056818 -2.768447681E-19
447.6 0.000772338403 7.426330798E-05
447.8 0.0007454675573 7.454675573E-05
448 0.0007183908046 -3.118460521E-20
448.2 0.0006911057692 -7.512019231E-05
448.4 0.0006937741313 1.759821423E-20
448.6 0.0006661821705 0.0001514050388
448.8 0.0006079766537 7.599708171E-05
449 0.0005798339844 -8.092802125E-21
449.2 0.0005514705882 -7.659313725E-05
449.4 0.0005536417323 -1.931838983E-19
449.6 0.0005558300395 0.0001543972332
449.8 0.0005270337302 7.750496032E-05
450 0.0004980079681 4.061430248E-20
450.2 0.00046875 1.785279304E-20
450.4 0.0004392570281 -1.15770147E-19
450.6 0.0004095262097 -1.948783482E-19
450.8 0.0003795546559 -3.573278094E-20
451 0.0003493394309 -1.576785716E-19
451.2 0.000318877551 -2.454618021E-19
451.4 0.0002881659836 -3.077816009E-19
451.6 0.0002572016461 -1.784464558E-19
451.8 0.000225981405 -2.643231566E-19
452 0.0001945020747 -1.764880995E-19
452.2 0.0001627604167 -7.207871665E-20
452.4 0.0001307531381 -8.17207113E-05
452.6 0.000131302521 -8.206407563E-05
452.8 9.889240506E-05 -2.740428757E-20
453 6.620762712E-05 8.27595339E-05
453.2 3.324468085E-05 8.311170213E-05
453.4 0 -0.0001669337607
453.6 0 -0.0001676502146
453.8 0 -8.418642241E-05
454 0 -1.278675665E-19
454.2 0 8.491847826E-05
454.4 0 -0.0001705786026
454.6 0 -8.566337719E-05
454.8 0 8.60407489E-05
455 0 -1.708157251E-19
455.2 0 -8.680555556E-05
455.4 0 -0.0001743861607
455.6 0 8.758408072E-05
455.8 0 0.0001759572072
456 0 -3.957887791E-19
456.2 0 -8.877840909E-05
456.4 0 -8.918378995E-05
456.6 0 8.959288991E-05
456.8 0 0.0001800115207
457 0 0.0001808449074
457.2 0 9.084302326E-05
457.4 3.650700935E-05 -1.522107272E-20
457.6 7.335680751E-05 -1.576493552E-19
457.8 0.0001105542453 9.212853774E-05
458 0.0001110781991 0.0001851303318
458.2 0.0001116071429 9.300595238E-05
458.4 0.0001495215311 -1.875342675E-21
458.6 0.0001502403846 9.985955744E-20
458.8 0.0001509661836 5.524104845E-20
459 0.0001516990291 2.466907359E-19
459.2 0.0001524390244 -1.533226376E-19
459.4 0.0001531862745 -2.31279445E-21
459.6 0.0001539408867 5.064551713E-20
459.8 0.0001547029703 -2.149867026E-20
460 0.0001554726368 8.473779826E-20
460.2 0.00015625 -1.8596245E-19
460.4 0.0001570351759 -1.760710411E-19
460.6 0.0001578282828 -9.52611282E-20
460.8 0.0001586294416 -1.695234725E-19
461 0.0001594387755 -1.499519815E-19
461.2 0.0001602564103 -1.792162151E-19
461.4 0.0001610824742 -0.0001006765464
461.6 0.0001619170984 -5.935188781E-20
461.8 0.0001627604167 0.0001017252604
462 0.0001636125654 -0.0001022578534
462.2 0.0001644736842 -0.0001027960526
462.4 0.0001653439153 4.537983874E-22
462.6 0.0001662234043 0.0001038896277
462.8 0.0001671122995 0.0001044451872
463 0.0001680107527 1.221947084E-19
463.2 0.0001266891892 -0.0001055743243
463.4 0.0001273777174 -0.0002122961957
463.6 0.0001280737705 -0.0003201844262
463.8 0.0001717032967 -0.0003219436813
464 0.0001726519337 -2.318263207E-22
464.2 8.680555556E-05 0.0001085069444
464.4 8.729050279E-05 -4.054363718E-20
464.6 4.389044944E-05 -9.586829895E-21
464.8 4.413841808E-05 1.118288219E-19
465 4.438920455E-05 -5.337620543E-20
465.2 0 1.253082148E-20
465.4 0 4.027389264E-19
465.6 0 0.0001128973988
465.8 0 0.0001135537791
466 0 1.284949529E-19
466.2 0 0.0002297794118
466.4 0 0.0003467085799
466.6 0 0.0001162574405
466.8 0 2.02705845E-20
467 0 1.156082833E-19
467.2 0 1.327598101E-19
467.4 0 -0.0001190929878
467.6 0 -0.0001198236196
467.8 0 4.901662985E-20
468 0 -0.0001213121118
468.2 0 -0.0001220703125
468.4 0 -3.264944318E-20
468.6 0 -2.85420372E-20
468.8 0 -8.606383796E-20
469 0 -4.792116182E-20
469.2 0 1.01310949E-19
469.4 0 -2.497948881E-20
469.6 0 -5.702994241E-21
469.8 0 -3.95949578E-20
470 0 -1.234891082E-19
470.2 0 -1.7763524E-19
470.4 0 -3.941415867E-20
470.6 0 1.413350319E-19
470.8 0 -5.577742169E-20
471 0 -7.879492714E-21
471.2 0 1.72554707E-19
471.4 0 4.713761821E-20
471.6 0 -7.556708444E-20
471.8 0 -1.603091109E-19
472 0 3.857434414E-20
472.2 0 1.504676666E-19
472.4 0 -1.316917742E-19
472.6 0 2.306209979E-19
472.8 0 -9.918640789E-20
473 0 -1.549008323E-20
473.2 0 -2.665824834E-19
473.4 0 -2.777975074E-19
473.6 0 -7.120724112E-20
473.8 0 7.034465768E-20
474 0 1.176634296E-19
474.2 0 2.219414856E-19
474.4 0 -7.244341107E-20
474.6 0 -2.048484941E-19
474.8 0 1.530677072E-19
475 0 1.115534266E-19
475.2 0 -1.933385112E-19
475.4 0 -2.441993212E-19
475.6 0 -2.573410349E-19
475.8 0 -2.65440402E-20
476 0 0.0001614152893
476.2 0 0.0001627604167
476.4 0 -2.452105666E-19
476.6 0 0.0001655190678
476.8 0 0.0001669337607
477 0 3.420205197E-19
477.2 0 0.0001698369565
477.4 0 0.0001713267544
477.6 0 -4.349949716E-19
477.8 0 -1.872805505E-19
478 0 0.0001759572072
478.2 0 0.0001775568182
478.4 0 -3.902019571E-19
478.6 0 -3.006194421E-19
478.8 0 -4.547905467E-19
479 0 -4.302969902E-19
479.2 0 6.760110408E-20
479.4 0 1.162902784E-19
479.6 0 -2.724418657E-19
479.8 0 -1.49457011E-19
480 0 -1.102939558E-19
480.2 0 -6.654162673E-21
480.4 0 -7.467960983E-20
480.6 0 -2.965708748E-20
480.8 0 2.394395626E-20
481 0 -1.418393535E-19
481.2 0 -7.994769458E-20
481.4 0 2.725292544E-19
481.6 0 1.762269267E-20
481.8 0 -8.43795894E-20
482 0 -3.773994202E-19
482.2 0 -5.186347009E-20
482.4 0 -4.96155325E-19
482.6 0 -3.215268113E-19
482.8 0 -2.160751045E-19
483 0 -2.800586191E-20
483.2 0 -2.241844966E-20
483.4 0 1.247256905E-19
483.6 0 5.037817022E-19
483.8 0 7.560753017E-20
484 0 3.552442841E-19
484.2 0 2.153666223E-19
484.4 0 -1.742273353E-19
484.6 0 -1.860357761E-19
484.8 0 1.520201504E-19
485 0 -2.464570372E-19
485.2 0 1.3908329E-19
485.4 0 1.651441053E-19
485.6 0 6.83487159E-20
485.8 0 3.186585573E-19
486 0 1.166470764E-19
486.2 0 2.094859215E-19
486.4 0 -2.580158891E-20
486.6 0 1.219816291E-19
486.8 0 5.451394209E-19
487 0 1.452774051E-19
487.2 0 2.359737897E-20
487.4 0 -5.595514748E-19
487.6 0 -5.801067297E-19
487.8 0 2.063881814E-19
488 0 2.759791987E-20
488.2 0 -1.814443614E-19
488.4 0 -4.739154202E-19
488.6 0 -7.250843278E-19
488.8 0 -8.021371213E-20
489 0 -9.388204043E-19
489.2 0 1.294857098E-19
489.4 0 -3.936012649E-19
489.6 0 -3.615798491E-20
489.8 0 4.851662557E-19
490 0 7.78997405E-20
490.2 0 7.040281219E-19
490.4 0 2.262954315E-19
490.6 0 -6.20650514E-19
490.8 0 6.559413414E-19
491 0 -3.757048263E-19
491.2 0 -5.067061386E-19
491.4 0 1.649109215E-19
491.6 0 5.386499393E-19
491.8 0 -5.54416181E-19
492 0 1.498807887E-19
492.2 0 -4.405391046E-19
492.4 0 4.661599164E-19
492.6 0 1.023102762E-18
492.8 0 -3.262201827E-19
493 0 -1.206420325E-18
493.2 0 -4.496029747E-20
493.4 0 1.0906462E-18
493.6 0 0.0005918560606
493.8 0 0.001220703125
494 0 0.001260080645
494.2 0 0.001302083333
494.4 0 0.001346982759
494.6 0 0.001395089286
494.8 0 0.001446759259
495 0 0.001502403846
495.2 0 0.0015625
495.4 0 0.001627604167
495.6 0 0.001698369565
495.8 0 0.001775568182
496 0 0.001860119048
496.2 0 0.001953125
496.4 0 0.002055921053
496.6 0 0.002170138889
496.8 0 0.002297794118
497 0 0.00244140625
497.2 0 0.002604166667
497.4 0 0.002790178571
497.6 0 0.001502403846
497.8 0 -2.285534651E-18
498 0 1.068902141E-19
498.2 0 1.569228519E-18
498.4 0 -5.949525368E-19
498.6 0 -3.325171355E-19
498.8 0 -4.961073764E-19
499 0 1.237191564E-18
499.2 0 -5.062503346E-18
499.4 0 -7.486157414E-18
499.6 0 -2.028920766E-17
499.8 0 -9.247520479E-18
500 0 2.793286175E-17
