0 0.007272091164 -8.590313874E-05
0.2 0.00644375 0.0013125
0.4 0.006093062225 0.0003517031813
0.6 0.005785878703 0.0003127502002
0.8 0.005556668002 0.0003050535643
1 0.005311623598 0.0003286508413
1.2 0.005107089178 0.0001957039078
1.4 0.004877330593 0.0001018068364
1.6 0.004697528079 0.000203695347
1.8 0.004514446228 0.0002116146669
2 0.004340626255 7.056653954E-05
2.2 0.004176079317 9.412650602E-05
2.4 0.004005122539 0.0001412464845
2.6 0.003849728698 0.0001491534365
2.8 0.003716199236 9.424004825E-05
3 0.003573134553 3.142598552E-05
3.2 0.003439386318 2.357897384E-05
3.4 0.003324401167 0.0001100795089
3.6 0.003206177004 0.0001887837294
3.8 0.003068971595 0.0001573831587
4 0.002953698106 0.0001102126159
4.2 0.002838331653 8.663054435E-05
4.4 0.002744932432 7.090812828E-05
4.6 0.002660916061 1.1460952E-20
4.8 0.00257998587 2.365512717E-05
5 0.002486369144 1.577645396E-05
5.2 0.002424242424 -3.945707071E-05
5.4 0.002343118432 -0.0001184190582
5.6 0.002277724424 -7.108016579E-05
5.8 0.002202796319 -6.32079288E-05
6 0.002143615945 -0.0001027544516
6.2 0.002052758097 -3.162955466E-05
6.4 0.00197131936 7.910591333E-06
6.6 0.001889814627 1.582759319E-05
6.8 0.001827244629 -4.750202675E-05
7 0.001764623885 -3.168085969E-05
7.2 0.001705121704 -8.715770791E-05
7.4 0.001642400568 -4.755986201E-05
7.6 0.001582800447 -6.343889566E-05
7.8 0.001532671608 -3.96654143E-05
8 0.001472978464 6.349045104E-05
8.2 0.001422764228 7.93953252E-06
8.4 0.00137250915 7.942761285E-06
8.6 0.001319034784 3.178397071E-05
8.8 0.001281415344 4.76953602E-05
9 0.001243765269 1.590492671E-05
9.2 0.001221995927 -3.182281059E-05
9.4 0.001203392421 2.387683374E-05
9.6 0.001172034244 7.962189156E-06
9.8 0.001143836664 8.761980016E-05
10 0.001109241126 4.78121175E-05
10.2 0.001087372449 -9.566326531E-05
10.4 0.001062295835 7.975193957E-06
10.6 0.001037198734 2.393535539E-05
10.8 0.00101846649 7.981712301E-06
11 0.0009869429681 7.186477923E-05
11.2 0.0009649795501 7.988241309E-05
11.4 0.0009525879705 -2.397452946E-05
11.6 0.000936988334 -3.197912403E-05
11.8 0.0009213759214 -3.199221949E-05
12 0.0009185528472 -8.001331422E-05
12.2 0.000902920082 -2.401383197E-05
12.4 0.0008936808118 4.003946289E-05
12.6 0.0008780250205 3.204470878E-05
12.8 0.0008655621666 6.411571604E-05
13 0.0008562961823 3.207101806E-05
13.2 0.0008406057495 -3.208418891E-05
13.4 0.0008345316352 -1.604868529E-05
13.6 0.0008284525277 -7.224876695E-05
13.8 0.0008255807977 -9.637129934E-05
14 0.000819493007 -8.034245167E-05
14.2 0.0008134002058 -9.645061728E-05
14.4 0.0008008696995 -7.236774393E-05
14.6 0.0007915465404 -2.413251647E-05
14.8 0.0007822156984 -2.414245983E-05
15 0.0007793178071 -8.050803792E-06
15.2 0.0007796391753 4.832474227E-05
15.4 0.00077673783 -8.05744637E-06
15.6 0.0007706097813 -4.030385885E-05
15.8 0.0007612510322 5.111955701E-21
16 0.0007551115242 8.067430814E-06
16.2 0.0007489669421 -8.070764463E-06
16.4 0.0007492765606 8.074100868E-06
16.6 0.000739893507 -4.038720017E-05
16.8 0.0007337350021 -9.696938353E-05
17 0.0007308050497 -8.084126656E-05
17.2 0.0007343426501 -8.08747412E-05
17.4 0.0007281741922 -4.854494615E-05
17.6 0.0007220006216 -3.237670949E-05
17.8 0.0007190609453 -6.478026534E-05
18 0.0007161188304 -0.0001053115927
18.2 0.0007131742739 -5.672977178E-05
18.4 0.0007134703196 3.243046907E-05
18.6 0.0007105222176 -8.110984219E-06
18.8 0.0007043259244 -3.245741587E-05
19 0.0007046186617 8.117726517E-06
19.2 0.0007016632017 2.225320493E-22
19.4 0.0006922056988 -1.624896007E-05
19.6 0.0006827403246 4.823061134E-21
19.8 0.0006862770608 -8.131244796E-06
20 0.000689816743 -7.321168263E-05
20.2 0.000693359375 -7.32421875E-05
20.4 0.0006871352647 1.628282618E-05
20.6 0.0006841638866 8.144808173E-06
20.8 0.0006877085941 -4.074103045E-05
21 0.0006814743322 1.116782538E-20
21.2 0.0006817588727 2.446503132E-05
21.4 0.000678780284 -1.427487572E-20
21.6 0.0006823286669 1.632365232E-05
21.8 0.0006826139214 7.348714465E-05
22 0.0006763644918 6.534922627E-05
22.2 0.0006733786611 6.537656904E-05
22.4 0.0006638499372 3.270196735E-05
22.6 0.0006673994975 1.194983299E-20
22.8 0.0006611332216 3.272936741E-05
23 0.0006581360017 2.45573135E-05
23.2 0.000651860587 8.189203354E-06
23.4 0.0006455799077 1.007798664E-20
23.6 0.0006491292488 -2.458822912E-05
23.8 0.000655961377 -6.55961377E-05
24 0.0006562368753 -2.460888282E-05
24.2 0.000646664916 -2.461922269E-05
24.4 0.0006469367381 -6.567885666E-05
24.6 0.0006406381413 -3.285323802E-05
24.8 0.0006244741271 -4.108382415E-05
25 0.000611584596 -7.398200758E-05
25.2 0.0006052631579 -6.578947368E-05
25.4 0.000595645535 -5.759003791E-05
25.6 0.0005893120523 -6.584492204E-05
25.8 0.0005796795953 -4.11704258E-05
26 0.0005733340363 -8.237557992E-05
26.2 0.0005702795359 -7.41693038E-05
26.4 0.0005606268468 -3.297804981E-05
26.6 0.000560863598 8.247994088E-06
26.8 0.0005511987748 1.650295733E-05
27 0.0005481297549 -4.127483094E-05
27.2 0.0005483615222 -7.432610994E-05
27.4 0.0005419839255 -1.652390017E-05
27.6 0.0005389071096 -8.265446466E-06
27.8 0.0005391352667 -7.442051228E-05
28 0.0005360546379 -4.963468869E-05
28.2 0.0005263506356 -4.965572034E-05
28.4 0.0005199501908 -5.795623145E-05
28.6 0.0005102311281 -8.751696425E-21
28.8 0.0005071330081 1.657297412E-05
29 0.0005040322581 3.429040748E-20
29.2 0.0005009288747 -3.317409766E-05
29.4 0.0005011416737 -5.807933305E-05
29.6 0.0004980344241 -8.67698988E-22
29.8 0.0004949245323 -8.304102891E-06
30 0.0004951350489 -1.66152701E-05
30.2 0.0004886968085 -8.311170213E-06
30.4 0.0004889048531 -8.314708387E-06
30.6 0.0004857857751 3.32729983E-05
30.8 0.0004859927567 8.321793779E-06
31 0.0004861999147 -4.162670503E-05
31.2 0.000489738806 -4.164445629E-05
31.4 0.0004866147611 -4.999466724E-05
31.6 0.0004834880495 -7.502400768E-05
31.8 0.0004836944919 -9.173516225E-05
32 0.0004772266126 -0.000125146839
32.2 0.0004740918803 -0.0001418936966
32.4 0.0004676143651 -7.515230868E-05
32.6 0.00046447284 -8.353828058E-06
32.8 0.0004579856654 -1.671480531E-05
33 0.0004581817209 -1.672196062E-05
33.2 0.0004617237687 -4.182280514E-05
33.4 0.0004518798201 -0.0001004177378
33.6 0.0004487248178 -1.674346335E-05
33.8 0.0004455671098 1.675064322E-05
34 0.0004491098241 -5.86524024E-05
34.2 0.0004526555794 -0.0001005901288
34.4 0.0004528499356 -8.386109918E-05
34.6 0.0004496885739 -4.1948561E-05
34.8 0.0004532391491 -8.393317576E-06
35 0.0004534340069 1.346999864E-20
35.2 0.0004502688172 -1.680107527E-05
35.4 0.0004504625645 -2.521245697E-05
35.6 0.0004439302626 -1.681554025E-05
35.8 0.0004373923342 -1.682278208E-05
36 0.0004375807841 -9.805668481E-21
36.2 0.0004310344828 -8.418642241E-06
36.4 0.0004278514446 -5.053363519E-05
36.6 0.0004212952977 -4.212952977E-05
36.8 0.0004214771256 -3.371817005E-05
37 0.0004216591105 -2.529954663E-05
37.2 0.0004184665227 -3.374730022E-05
37.4 0.0004152711755 -2.532141314E-05
37.6 0.0004120730653 -1.688824038E-05
37.8 0.0004088721886 -1.814034672E-20
38 0.0004056685418 2.944800565E-21
38.2 0.0004024621212 -8.45508658E-06
38.4 0.0003992529233 -2.537624513E-05
38.6 0.0003960409445 -8.462413345E-06
38.8 0.0003928261812 8.466081491E-06
39 0.0003862207285 -2.540925846E-05
39.2 0.0003863882863 -3.389370933E-05
39.4 0.0003831651476 -8.477105035E-06
39.6 0.0003867238385 1.696157186E-05
39.8 0.0003868918332 2.545341008E-05
40 0.0003802694481 8.488157323E-06
40.2 0.0003736413043 2.547554348E-05
40.4 0.0003636091779 3.954753606E-21
40.6 0.0003569680157 1.699847694E-05
40.8 0.0003469198955 4.251469308E-05
41 0.0003368630226 1.701328397E-05
41.2 0.0003267973856 1.702069717E-05
41.4 0.0003201285963 2.554217524E-05
41.6 0.0003134539904 1.703554296E-05
41.8 0.0003067735602 8.521487784E-06
42 0.0003000872981 2.5575622E-05
42.2 0.0002933951965 1.705786026E-05
42.4 0.0002901103102 3.413062473E-05
42.6 0.0002834079983 3.414554196E-05
42.8 0.0002766998251 1.708023612E-05
43 0.000269985783 8.543853893E-06
43.2 0.0002632658643 -1.7095186E-05
43.4 0.0002633811296 -5.130801226E-05
43.6 0.0002600744634 -5.13304862E-05
43.8 0.0002567648992 -2.567648992E-05
44 0.0002534524331 -8.562582201E-06
44.2 0.0002501370614 -8.566337719E-06
44.4 0.0002502468188 -8.570096534E-06
44.6 0.0002503566725 -2.572157594E-05
44.8 0.0002470355731 -3.431049627E-05
45 0.0002471441125 -1.716278559E-05
45.2 0.0002472527473 -4.561309696E-21
45.4 0.0002507970536 -3.01611246E-20
45.6 0.0002509073911 -2.577815662E-05
45.8 0.0002544564261 -3.438600352E-05
46 0.0002511283576 -5.160171731E-05
46.2 0.0002546806167 -2.581222467E-05
46.4 0.0002479065668 1.72157338E-05
46.6 0.0002514605379 -8.611662257E-06
46.8 0.0002481252757 2.584638288E-05
47 0.0002447870697 1.723852604E-05
47.2 0.0002448951435 -3.449227373E-05
47.4 0.0002484540636 -4.313438604E-05
47.6 0.0002451115776 -4.315344675E-05
47.8 0.0002452199381 -8.634504863E-06
48 0.0002453283945 8.638323751E-06
48.2 0.0002419800885 1.728429204E-05
48.4 0.0002386288181 1.122746514E-20
48.6 0.0002491142604 -5.189880425E-05
48.8 0.0002492246345 -3.461453257E-05
49 0.0002458721188 -8.657468972E-06
49.2 0.000245981153 -1.732261641E-05
49.4 0.0002495563443 -1.733030169E-05
49.6 0.0002531347093 -2.600699068E-05
49.8 0.0002567162522 -3.469138544E-05
50 0.0002603009773 -3.470679698E-05
50.2 0.0002638888889 -2.604166667E-05
50.4 0.0002674799911 -4.342207648E-05
50.6 0.0002710742883 -4.344139235E-05
50.8 0.0002677180685 -1.738429016E-05
51 0.0002678372663 -9.546035654E-21
51.2 0.0002679565702 8.699888641E-06
51.4 0.0002680759804 8.703765597E-06
51.6 0.0002647124387 1.741529202E-05
51.8 0.0002683151204 8.711529884E-06
52 0.0002684348505 1.743083445E-05
52.2 0.0002685546875 2.615792411E-05
52.4 0.0002721639125 3.489280929E-05
52.6 0.0002757763628 5.236260054E-05
52.8 0.0002654224408 5.238600805E-05
53 0.0002620471825 3.493962433E-05
53.2 0.0002516778523 1.850514261E-20
53.4 0.0002552876007 1.74854521E-05
53.6 0.0002519032691 6.122648903E-05
53.8 0.000252016129 7.000448029E-05
54 0.0002451255043 9.629930524E-05
54.2 0.0002312219731 7.882567265E-05
54.4 0.0002243158367 5.257402423E-05
54.6 0.000220910009 7.013016158E-05
54.8 0.00021399304 6.139144589E-05
55 0.0002140891734 2.632243935E-05
55.2 0.0002071629213 2.633426966E-05
55.4 0.0002037432554 5.269222122E-05
55.6 0.0001968061179 3.514394962E-05
55.8 0.0001933787129 1.757988299E-05
56 0.0001829131022 3.517559658E-05
56.2 0.0001759572072 3.519144144E-05
56.4 0.0001619535827 8.801825146E-06
56.6 0.0001549819657 1.761158702E-05
56.8 0.0001515279657 2.455671086E-20
57 0.0001515963448 -3.936696183E-21
57.2 0.0001481376975 1.763544018E-05
57.4 0.0001446759259 -1.876279595E-20
57.6 0.0001447413014 8.82568911E-06
57.8 0.0001412748644 -4.414839512E-05
58 0.0001378052917 -6.183570782E-05
58.2 0.0001378676471 -2.651300905E-05
58.4 0.0001379300589 -1.768334088E-05
58.6 0.0001344542572 -4.422837409E-05
58.8 0.0001415949252 -7.079746262E-05
59 0.0001416591115 -8.85369447E-06
59.2 0.0001310941043 8.857709751E-06
59.4 0.0001311535844 -1.772345735E-05
59.6 0.0001312131185 -1.77315025E-05
59.8 0.0001277247956 -1.773955495E-05
60 0.000124233303 8.87380736E-06
60.2 0.0001207386364 1.775568182E-05
60.4 0.0001172407913 1.72266772E-20
60.6 0.0001101853958 3.554367607E-05
60.8 0.0001031235776 5.333978152E-05
61 9.605532787E-05 6.225808288E-05
61.2 8.898063781E-05 3.559225513E-05
61.4 8.189949863E-05 1.311944914E-20
61.6 7.837437301E-05 1.285419812E-20
61.8 7.484603102E-05 -3.564096715E-05
62 7.131446828E-05 -7.131446828E-05
62.2 6.777968037E-05 -0.0001159389269
62.4 6.781064413E-05 -9.814698492E-05
62.6 6.78416362E-05 -7.141224863E-05
62.8 6.430041152E-05 -5.358367627E-05
63 5.71820677E-05 -3.573879231E-05
63.2 5.720823799E-05 -5.363272311E-05
63.4 5.723443223E-05 -7.154304029E-05
63.6 5.726065048E-05 -7.15758131E-05
63.8 5.728689276E-05 -2.685323098E-05
64 5.73131591E-05 -8.95518111E-06
64.2 6.092316514E-05 -3.583715596E-05
64.4 6.095112437E-05 -3.585360257E-05
64.6 5.739210285E-05 -2.690254821E-05
64.8 5.382981167E-05 -1.794327056E-05
65 5.385454963E-05 2.036694675E-20
65.2 5.747126437E-05 -4.489942529E-05
65.4 6.109130635E-05 -3.593606256E-05
65.6 6.111942016E-05 8.988150023E-06
65.8 6.114755985E-05 -1.798457643E-05
66 6.477429756E-05 -1.799286043E-05
66.2 6.480414747E-05 -9.000576037E-06
66.4 6.48340249E-05 -1.800945136E-05
66.6 6.486392989E-05 -9.008879151E-06
66.8 6.489386248E-05 -9.013036456E-06
67 6.853070175E-05 6.766105721E-21
67.2 6.495381062E-05 -9.021362587E-06
67.4 6.498382625E-05 3.47596397E-20
67.6 6.501386963E-05 2.708911234E-05
67.8 6.143038853E-05 1.806776133E-05
68 6.145881536E-05 9.038061083E-06
68.2 5.787037037E-05 9.04224537E-06
68.4 6.151574803E-05 -9.046433534E-06
68.6 5.792400371E-05 -2.715187674E-05
68.8 6.157278628E-05 -1.279754782E-21
69 5.435412801E-05 9.059021336E-06
69.2 4.71287703E-05 -1.812645012E-05
69.4 4.715064995E-05 5.410311548E-21
69.6 4.717254993E-05 3.628657687E-05
69.8 4.356412639E-05 1.815171933E-05
70 3.995234775E-05 -5.44804742E-05
70.2 4.723837209E-05 -2.725290698E-05
70.4 4.726035365E-05 5.453117729E-05
70.6 4.728235568E-05 9.092760708E-06
70.8 4.73043782E-05 -9.096995808E-06
71 4.732642125E-05 9.101234856E-06
71.2 4.734848485E-05 1.821095571E-05
71.4 4.737056903E-05 -9.109724813E-06
71.6 4.739267382E-05 -1.30474059E-20
71.8 4.741479925E-05 9.118230626E-06
72 4.378794956E-05 -3.648995796E-05
72.2 4.745911215E-05 -1.825350467E-05
72.4 4.748129967E-05 -1.826203834E-05
72.6 4.750350795E-05 -4.567644995E-05
72.8 4.752573701E-05 -4.569782405E-05
73 4.754798689E-05 -3.657537453E-05
73.2 4.757025761E-05 -1.829625293E-05
73.4 4.75925492E-05 -1.830482662E-05
73.6 4.76148617E-05 1.10704752E-20
73.8 4.763719512E-05 3.664399625E-05
74 4.765954951E-05 9.165297982E-06
74.2 4.768192488E-05 6.826885659E-21
74.4 4.770432128E-05 4.586953969E-05
74.6 4.772673872E-05 7.342575188E-05
74.8 4.774917724E-05 2.754760226E-05
75 4.777163688E-05 -1.685932176E-20
75.2 4.779411765E-05 2.757352941E-05
75.4 4.781661959E-05 2.75865113E-05
75.6 4.783914272E-05 -9.199835139E-06
75.8 4.786168709E-05 9.204170594E-06
76 4.788425271E-05 3.683404055E-05
76.2 4.790683962E-05 4.606426887E-05
76.4 4.424256725E-05 2.765160453E-05
76.6 4.795207743E-05 -9.221553352E-06
76.8 4.797472839E-05 -1.615175853E-20
77 4.799740076E-05 -1.846053875E-05
77.2 4.802009456E-05 -2.770390071E-05
77.4 4.804280984E-05 -1.159125558E-20
77.6 4.806554662E-05 -9.243374349E-06
77.8 4.808830492E-05 -9.247750947E-06
78 4.811108479E-05 1.850426338E-05
78.2 4.813388626E-05 4.628258294E-05
78.4 4.815670934E-05 4.630452821E-05
78.6 4.817955408E-05 9.265298861E-06
78.8 4.82024205E-05 -9.269696251E-06
79 4.822530864E-05 9.274097816E-06
79.2 4.824821853E-05 9.278503563E-06
79.4 4.827115019E-05 -1.044066259E-21
79.6 4.829410366E-05 3.714931051E-05
79.8 4.460038059E-05 1.858349191E-05
80 4.462160876E-05 -3.718467396E-05
80.2 4.836309524E-05 -1.860119048E-05
80.4 4.466412577E-05 3.722010481E-05
80.6 4.468541468E-05 5.585676835E-05
80.8 4.470672389E-05 1.862780162E-05
81 4.472805344E-05 -9.318344466E-06
81.2 4.474940334E-05 9.322792363E-06
81.4 4.103987584E-05 -2.798173352E-05
81.6 4.852484472E-05 -1.866340182E-05
81.8 4.481357553E-05 2.80084847E-05
82 4.483500717E-05 9.340626495E-06
82.2 4.111842105E-05 -9.345095694E-06
82.4 4.113810436E-05 -9.349569172E-06
82.6 4.115780651E-05 1.870809387E-05
82.8 4.117752755E-05 3.743411596E-05
83 4.11972675E-05 -1.872603068E-05
83.2 4.496402878E-05 -1.873501199E-05
83.4 4.873440499E-05 9.37200096E-06
83.6 4.875780125E-05 -1.443128577E-20
83.8 4.502881844E-05 1.876200768E-05
84 4.505045651E-05 3.754204709E-05
84.2 4.507211538E-05 2.817007212E-05
84.4 4.509379509E-05 2.818362193E-05
84.6 4.511549567E-05 9.399061598E-06
84.8 4.513721714E-05 -2.821076071E-05
85 4.515895954E-05 -2.822434971E-05
85.2 4.518072289E-05 -4.706325301E-05
85.4 4.520250723E-05 -2.825156702E-05
85.6 4.145561987E-05 5.521190715E-21
85.8 3.770511583E-05 -9.426278958E-06
86 4.526798648E-05 -1.886166103E-05
86.2 4.528985507E-05 -3.774154589E-05
86.4 4.153576607E-05 -4.719973417E-05
86.6 4.155585106E-05 -6.611158124E-05
86.8 4.535558781E-05 -5.669448476E-05
87 4.91590029E-05 -3.781461762E-05
87.2 5.296610169E-05 -9.458232446E-06
87.4 5.299176357E-05 -1.892562984E-05
87.6 5.301745032E-05 -7.573921474E-05
87.8 5.683195926E-05 -6.630395247E-05
88 6.065016982E-05 -4.738294517E-05
88.2 6.447208738E-05 -2.844356796E-05
88.4 6.829771734E-05 1.128997324E-20
88.6 7.212706511E-05 9.490403304E-06
88.8 7.596013612E-05 1.042904031E-20
89 7.599708171E-05 -9.499635214E-06
89.2 7.603406326E-05 -3.801703163E-05
89.4 7.607108082E-05 -5.705331061E-05
89.6 7.610813444E-05 -5.708110083E-05
89.8 7.614522417E-05 -4.759076511E-05
90 7.618235007E-05 -1.175872657E-20
90.2 7.62195122E-05 -3.423755103E-21
90.4 7.625671059E-05 -1.906417765E-05
90.6 7.629394531E-05 -9.536743164E-06
90.8 7.633121641E-05 1.731947442E-20
91 7.636852395E-05 4.883126734E-21
91.2 7.640586797E-05 -9.550733496E-06
91.4 7.644324853E-05 -1.911081213E-05
91.6 7.648066569E-05 -2.868024963E-05
91.8 7.651811949E-05 9.564764936E-06
92 8.038339049E-05 9.569451249E-06
92.2 8.425245098E-05 -1.443889966E-20
92.4 8.046223639E-05 2.8736513E-05
92.6 7.666830226E-05 1.916707556E-05
92.8 7.28706431E-05 9.588242514E-06
93 6.906925344E-05 1.918590373E-05
93.2 6.526412776E-05 9.597665848E-06
93.4 6.145526057E-05 -5.245269626E-21
93.6 5.764264634E-05 9.607107723E-06
93.8 5.382627953E-05 9.61183563E-06
94 5.00061546E-05 -5.769940916E-05
94.2 5.003078818E-05 -4.810652709E-05
94.4 4.235460818E-05 1.548778468E-20
94.6 4.23754931E-05 -1.926158777E-05
94.8 4.625061667E-05 -1.927109028E-05
95 4.627344521E-05 9.640301086E-06
95.2 4.24382716E-05 -1.052716719E-20
95.4 3.85993083E-05 -3.85993083E-05
95.6 3.861838853E-05 -4.827298566E-05
95.8 4.25012364E-05 -1.931874382E-05
96 4.25222662E-05 9.66415141E-06
96.2 4.254331683E-05 1.933787129E-05
96.4 4.256438831E-05 4.836862308E-05
96.6 4.258548067E-05 2.9035555E-05
96.8 4.260659395E-05 -2.904995042E-05
97 4.262772817E-05 -1.937624008E-05
97.2 4.264888337E-05 1.124558122E-20
97.4 4.267005958E-05 -9.697740814E-06
97.6 4.269125683E-05 5.405178145E-21
97.8 4.271247515E-05 -2.912214215E-05
98 4.273371457E-05 -9.712207857E-06
98.2 4.275497512E-05 1.94340796E-05
98.4 4.277625684E-05 9.721876556E-06
98.6 4.279755976E-05 -2.918015438E-05
98.8 4.281888391E-05 -6.812095167E-05
99 4.284022931E-05 -1.947283151E-05
99.2 4.286159601E-05 -9.74127182E-06
99.4 4.288298403E-05 -9.746132735E-06
99.6 4.290439341E-05 1.9501997E-05
99.8 4.292582418E-05 9.755869131E-06
100 4.294727636E-05 -2.928223388E-05
100.2 4.296875E-05 -3.90625E-05
100.4 4.299024512E-05 -1.954102051E-05
100.6 4.301176176E-05 -9.7754004E-06
100.8 4.303329995E-05 -1.956059089E-05
101 4.696893788E-05 -4.892597695E-05
101.2 5.09085213E-05 -4.895050125E-05
101.4 5.485205617E-05 -1.959002006E-05
101.6 5.879954842E-05 5.479197366E-21
101.8 5.882906627E-05 -9.804844378E-06
102 5.885861376E-05 -1.961953792E-05
102.2 5.888819095E-05 -2.944409548E-05
102.4 5.891779789E-05 -4.909816491E-05
102.6 5.894743461E-05 -7.859657948E-05
102.8 5.504529441E-05 -4.91475843E-05
103 5.113922457E-05 -2.535575304E-20
103.2 5.116498741E-05 1.967884131E-05
103.4 5.119077621E-05 1.968876008E-05
103.6 5.515632879E-05 -1.969868886E-05
103.8 5.912588295E-05 -2.956294147E-05
104 5.521201413E-05 -1.971857648E-05
104.2 5.129419192E-05 1.123269115E-20
104.4 4.737241031E-05 2.960775644E-05
104.6 4.34466633E-05 1.974848332E-05
104.8 4.346863935E-05 -2.963770865E-05
105 4.349063765E-05 -6.918965081E-05
105.2 4.746835443E-05 -4.944620253E-05
105.4 4.353470111E-05 1.978850051E-05
105.6 4.355676635E-05 4.949632539E-05
105.8 4.357885396E-05 1.980856998E-05
106 4.360096398E-05 4.954654997E-05
106.2 4.362309645E-05 5.948604061E-05
106.4 4.36452514E-05 9.919375317E-06
106.6 4.366742886E-05 -9.92441565E-06
106.8 4.368962888E-05 9.929461108E-06
107 4.371185148E-05 4.967255849E-05
107.2 4.373409669E-05 9.93956743E-06
107.4 4.375636456E-05 -3.977851324E-05
107.6 4.377865512E-05 1.989938869E-05
107.8 4.38009684E-05 5.972859327E-05
108 4.382330444E-05 2.987952575E-05
108.2 4.384566327E-05 -9.493211511E-21
108.4 4.386804492E-05 -1.994002042E-05
108.6 4.389044944E-05 9.975102145E-06
108.8 4.391287685E-05 4.990099642E-05
109 4.39353272E-05 2.995590491E-05
109.2 4.395780051E-05 9.990409207E-06
109.4 4.797850563E-05 9.995522006E-06
109.6 5.200332821E-05 1.000064004E-05
109.8 5.603227459E-05 3.001728996E-05
110 6.00653511E-05 4.00435674E-05
110.2 6.41025641E-05 7.011217949E-05
110.4 6.814391996E-05 7.01481529E-05
110.6 7.218942505E-05 4.010523614E-05
110.8 7.623908577E-05 6.018875193E-05
111 8.029290853E-05 7.025629496E-05
111.2 8.435089974E-05 5.020886889E-05
111.4 8.841306584E-05 4.01877572E-05
111.6 8.443772517E-05 3.015633042E-05
111.8 8.045829042E-05 4.022914521E-05
112 7.647475528E-05 5.0312339E-05
112.2 7.24871134E-05 4.027061856E-05
112.4 6.849535843E-05 2.014569366E-05
112.6 6.4499484E-05 -6.5521986E-21
112.8 6.049948374E-05 -7.65426968E-21
113 5.649535124E-05 -3.026536674E-05
113.2 5.24870801E-05 -3.028100775E-05
113.4 4.847466391E-05 -2.019777663E-05
113.6 4.445809622E-05 -2.020822556E-05
113.8 4.448110766E-05 -1.010934265E-05
114 4.450414293E-05 2.328482661E-21
114.2 4.452720207E-05 -2.912614481E-20
114.4 4.455028512E-05 -3.03751944E-05
114.6 4.457339212E-05 -4.052126556E-05
114.8 4.459652309E-05 -4.054229372E-05
115 4.461967809E-05 -4.056334372E-05
115.2 4.464285714E-05 -3.043831169E-05
115.4 4.466606029E-05 2.030275468E-05
115.6 4.468928757E-05 1.015665627E-05
115.8 4.87773153E-05 3.048582206E-05
116 5.286959917E-05 5.083615305E-05
116.2 5.696614583E-05 2.034505208E-05
116.4 6.106696196E-05 -2.353714199E-21
116.6 6.517205422E-05 1.018313347E-05
116.8 6.520605112E-05 3.056533646E-05
117 6.116257829E-05 -1.106836895E-21
117.2 6.119451697E-05 -3.059725849E-05
117.4 6.122648903E-05 -9.183973354E-05
117.6 6.125849451E-05 -9.188774177E-05
117.8 6.129053347E-05 -3.064526674E-05
118 5.723443223E-05 -2.044086866E-05
118.2 5.317408377E-05 -6.135471204E-05
118.4 4.91094814E-05 -9.208027763E-05
118.6 4.504061845E-05 -6.141902516E-05
118.8 4.09674882E-05 -4.09674882E-05
119 4.098898216E-05 -5.12362277E-05
119.2 4.101049869E-05 -3.075787402E-05
119.4 4.103203782E-05 -2.051601891E-05
119.6 4.105359958E-05 -1.026339989E-05
119.8 4.107518402E-05 -1.0268796E-05
120 4.109679116E-05 -3.082259337E-05
120.2 4.111842105E-05 1.027960526E-05
120.4 4.114007372E-05 4.114007372E-05
120.6 4.116174921E-05 2.05808746E-05
120.8 4.118344755E-05 -1.029586189E-05
121 4.120516878E-05 -4.120516878E-05
121.2 4.122691293E-05 -5.153364116E-05
121.4 4.537354805E-05 -6.187302006E-05
121.6 4.539751717E-05 -4.127047015E-05
121.8 4.955073996E-05 -2.064614165E-05
122 5.370835537E-05 -1.032852988E-05
122.2 6.200396825E-05 -3.100198413E-05
122.4 6.617257808E-05 -3.101839598E-05
122.6 7.034560381E-05 3.103482521E-05
122.8 7.452305246E-05 -2.070084791E-05
123 7.870493107E-05 -6.21354719E-05
123.2 8.289124668E-05 -2.072281167E-05
123.4 8.708200637E-05 -2.073381104E-05
123.6 9.127721721E-05 -1.037241105E-05
123.8 9.547688629E-05 2.075584485E-05
124 9.552764487E-05 2.076687932E-05
124.2 9.142287234E-05 -1.038896277E-05
124.4 8.731373071E-05 3.118347525E-05
124.6 8.320021299E-05 5.200013312E-05
124.8 7.492008524E-05 2.081113479E-05
125 7.079557569E-05 2.082222814E-05
125.2 6.666666667E-05 3.125E-05
125.4 6.253335112E-05 -1.042222519E-05
125.6 5.8395622E-05 -5.213894821E-05
125.8 5.425347222E-05 -1.087237611E-20
126 5.010689471E-05 -1.04389364E-05
126.2 4.595588235E-05 -2.088903743E-05
126.4 4.598047084E-05 -4.220041944E-21
126.6 4.600508565E-05 -3.136710385E-05
126.8 4.602972683E-05 -2.092260311E-05
127 4.605439443E-05 -2.093381565E-05
127.2 4.189008043E-05 -5.236260054E-05
127.4 3.772129828E-05 -4.191255365E-05
127.6 3.354804079E-05 -3.145128824E-05
127.8 2.937030075E-05 5.297750832E-21
128 2.518807093E-05 4.198011822E-05
128.2 2.100134409E-05 -3.150201613E-05
128.4 1.681011296E-05 -9.455688542E-05
128.6 1.261437029E-05 -3.153592573E-05
128.8 8.414108778E-06 1.155175659E-20
129 8.418642241E-06 -2.10466056E-05
129.2 4.211590296E-06 -2.105795148E-05
129.4 4.21386192E-06 -4.21386192E-05
129.6 4.216135996E-06 -3.162101997E-05
129.8 4.218412527E-06 5.273015659E-05
130 4.220691518E-06 5.275864398E-05
130.2 4.222972973E-06 2.262736824E-20
130.4 4.225256896E-06 1.056314224E-05
130.6 4.22754329E-06 2.113771645E-05
130.8 4.22983216E-06 2.11491608E-05
131 4.23212351E-06 3.174092633E-05
131.2 4.234417344E-06 1.058604336E-05
131.4 4.236713666E-06 1.059178416E-05
131.6 0 5.2987656E-05
131.8 0 3.180985342E-05
132 0 -3.182713199E-05
132.2 0 -3.184442935E-05
132.4 0 2.568899153E-20
132.6 0 4.25054407E-05
132.8 0 7.442501361E-05
133 0 6.382761438E-05
133.2 0 2.128746594E-05
133.4 0 2.129907306E-05
133.6 0 6.393207856E-05
133.8 0 4.264465066E-05
134 0 1.066698525E-05
134.2 0 -1.067281421E-05
134.4 0 3.203594861E-05
134.6 0 6.410694748E-05
134.8 0 2.138067871E-05
135 0 -1.069619387E-05
135.2 0 -3.210616438E-05
135.4 0 -2.14158443E-05
135.6 0 -3.214138782E-05
135.8 0 -3.215902854E-05
136 0 -3.217668863E-05
136.2 0 -6.438873626E-05
136.4 0 -5.368677845E-05
136.6 0 -2.148652365E-05
136.8 0 -2.149834893E-05
137 0 -3.226528084E-05
137.2 0 -4.304407713E-05
137.4 0 1.076695149E-05
137.6 0 8.61831219E-05
137.8 0 5.38941777E-05
138 0 3.235436223E-05
138.2 0 2.158149171E-05
138.4 0 1.079671089E-05
138.6 0 -1.080268252E-05
138.8 0 -3.242598229E-05
139 0 1.081464563E-05
139.2 0 1.009631915E-20
139.4 0 1.820624602E-20
139.6 0 4.333056018E-05
139.8 0 1.08386515E-05
140 0 1.38580805E-21
140.2 0 -4.340277778E-05
140.4 0 -4.342690384E-05
140.6 0 1.086276418E-05
140.8 0 -2.826809913E-20
141 0 -2.17497216E-05
141.2 0 -2.176183844E-05
141.4 0 -2.177396878E-05
141.6 0 -4.357222532E-05
141.8 0 -4.359654018E-05
142 4.362088219E-06 -1.090522055E-05
142.2 4.36452514E-06 -1.337006011E-20
142.4 4.366964785E-06 -2.183482392E-05
142.6 4.369407159E-06 -1.09235179E-05
142.8 4.371852266E-06 2.185926133E-05
143 4.374300112E-06 3.280725084E-05
143.2 4.3767507E-06 -1.094187675E-05
143.4 0 -1.094801009E-05
143.6 0 2.190830062E-05
143.8 4.384118967E-06 2.192059484E-05
144 8.773161145E-06 5.483225716E-05
144.2 1.316713483E-05 2.194522472E-05
144.4 1.756604834E-05 -1.097878021E-05
144.6 2.196991001E-05 2.196991001E-05
144.8 2.637872819E-05 -1.099113675E-05
145 3.079251126E-05 1.099732545E-05
145.2 3.521126761E-05 2.225820907E-21
145.4 4.403889515E-05 -4.403889515E-05
145.6 4.847010716E-05 -3.304780034E-05
145.8 4.84974605E-05 -1.102215011E-05
146 5.734754376E-05 2.20567476E-05
146.2 6.179378531E-05 5.888943724E-21
146.4 6.62450537E-05 3.312252685E-05
146.6 7.070135747E-05 4.418834842E-05
146.8 7.516270515E-05 3.316001698E-05
147 7.962910532E-05 2.211919592E-05
147.2 8.410056657E-05 1.106586402E-05
147.4 8.857709751E-05 2.214427438E-05
147.6 8.862733976E-05 2.215683494E-05
147.8 9.3111521E-05 5.54235244E-05
148 9.7600795E-05 4.436399773E-05
148.2 0.0001020951705 3.329190341E-05
148.4 0.0001154775441 1.110361001E-05
148.6 0.0001199872014 1.110992605E-05
148.8 0.000124501992 5.558124644E-05
149 0.0001290219248 1.160316961E-21
149.2 0.0001335470085 -1.112891738E-05
149.4 0.000138077252 2.227052452E-05
149.6 0.000142612664 4.45664575E-05
149.8 0.0001426940639 5.573986872E-05
150 0.0001516990291 1.115434038E-05
150.2 0.00015625 -1.116071429E-05
150.4 0.000160806175 4.466838193E-05
150.6 0.0001608981693 8.938787185E-05
150.8 0.000160990269 2.235975959E-05
151 0.0001610824742 2.237256586E-05
151.2 0.0001611747851 1.119269341E-05
151.4 0.0001612672018 -1.223006634E-20
151.6 0.0001613597246 -1.120553643E-05
151.8 0.0001614523536 1.1211969E-05
152 0.000161545089 4.487363584E-05
152.2 0.000161637931 -1.122485632E-05
152.4 0.0001617308798 -5.615655549E-05
152.6 0.0001663190449 -5.618886651E-05
152.8 0.0001574194013 -5.622121474E-05
153 0.0001575100806 -5.625360023E-05
153.2 0.0001576008646 -3.377161383E-05
153.4 0.0001576917532 -1.126369666E-05
153.6 0.0001577827467 -5.635098096E-05
153.8 0.0001578738453 -0.0001014903291
154 0.0001579650491 -3.384965338E-05
154.2 0.0001535404624 -1.128973988E-05
154.4 0.0001581477733 -2.259253904E-05
154.6 0.0001627604167 -1.130280671E-05
154.8 0.0001583309207 -3.392805443E-05
155 0.0001584226535 -6.789542294E-05
155.2 0.0001539855072 -6.793478261E-05
155.4 0.000154074826 -4.531612529E-05
155.6 0.0001450957632 -5.66780325E-05
155.8 0.0001406431475 -2.268437863E-05
156 0.0001316458454 -1.098822441E-20
156.2 0.0001271802326 -2.271075581E-05
156.4 0.0001181646306 -1.136198371E-05
156.6 0.0001136859721 -5.684298603E-05
156.8 0.0001092020967 -2.275043681E-05
157 0.0001047129953 0.0001024366259
157.2 0.0001002186589 5.694241983E-05
157.4 9.571907818E-05 1.139512835E-05
157.6 8.665353182E-05 4.560712201E-05
157.8 8.67041472E-05 6.845064252E-05
158 7.762273524E-05 9.132086499E-05
158.2 7.766812865E-05 4.56871345E-05
158.4 6.857080164E-05 1.142846694E-05
158.6 6.861094848E-05 6.861094848E-05
158.8 6.407439953E-05 6.865114236E-05
159 5.953253224E-05 5.724281946E-05
159.2 5.498533724E-05 0.0001030975073
159.4 5.043280516E-05 5.731000587E-05
159.6 5.046241926E-05 4.58749266E-05
159.8 5.049206816E-05 5.737735018E-05
160 4.592886537E-05 3.444664903E-05
160.2 4.136029412E-05 -1.148897059E-05
160.4 3.678634491E-05 1.489981286E-20
160.6 3.220700824E-05 1.777094239E-20
160.8 2.76222746E-05 -4.603712434E-05
161 2.303213443E-05 -2.303213443E-05
161.2 1.843657817E-05 -2.304572271E-05
161.4 1.383559622E-05 -2.305932704E-05
161.6 9.229178972E-06 2.307294743E-05
161.8 9.23463357E-06 1.08284796E-21
162 9.240094619E-06 -6.930070964E-05
162.2 4.622781065E-06 -5.778476331E-05
162.4 4.625518058E-06 -2.312759029E-05
162.6 4.628258294E-06 -5.785322867E-05
162.8 4.631001778E-06 -4.631001778E-05
163 0 -3.475311388E-05
163.2 0 -4.636498516E-05
163.4 0 -1.159812945E-05
163.6 0 -6.963012478E-05
163.8 0 -9.289536266E-05
164 0 -6.971296847E-05
164.2 0 -3.487723214E-05
164.4 0 -3.489800476E-05
164.6 4.655840286E-06 -1.046826513E-23
164.8 4.658616577E-06 3.493962433E-05
165 0 -3.496047136E-05
165.2 4.664179104E-06 -1.166044776E-05
165.4 4.666965352E-06 -1.807772309E-20
165.6 4.669754931E-06 1.167438733E-05
165.8 4.672547847E-06 -2.017592072E-21
166 4.675344105E-06 -1.168836026E-05
166.2 4.678143713E-06 -1.169535928E-05
166.4 4.680946675E-06 -1.170236669E-05
166.6 4.683752998E-06 1.170938249E-05
166.8 4.686562687E-06 -5.819058799E-21
167 4.68937575E-06 -2.344687875E-05
167.2 4.692192192E-06 -4.692192192E-05
167.4 4.695012019E-06 -4.695012019E-05
167.6 4.697835238E-06 -1.174458809E-05
167.8 4.700661853E-06 2.350330927E-05
168 4.703491872E-06 1.175872968E-05
168.2 4.706325301E-06 -2.353162651E-05
168.4 4.709162146E-06 -3.531871609E-05
168.6 4.712002413E-06 -3.534001809E-05
168.8 4.714846107E-06 -1.178711527E-05
169 0 2.358846618E-05
169.2 0 2.633041229E-20
169.4 0 -1.180849456E-05
169.6 0 2.363127647E-05
169.8 0 4.729116223E-05
170 0 -1.182995154E-05
170.2 0 -5.918560606E-05
170.4 0 3.568431736E-20
170.6 0 1.185148665E-05
170.8 0 1.185868245E-05
171 0 -1.1865887E-05
171.2 0 3.15146995E-20
171.4 0 3.172317064E-20
171.6 0 2.877996482E-20
171.8 0 5.947396468E-05
172 0 1.190204144E-05
172.2 4.763719512E-06 -3.572789634E-05
172.4 4.766625991E-06 2.259230158E-20
172.6 0 2.38476801E-05
172.8 0 -2.386224801E-05
173 4.775366748E-06 -1.193841687E-05
173.2 4.778287462E-06 1.194571865E-05
173.4 0 -3.585908813E-05
173.6 0 -4.78413962E-05
173.8 0 -2.393535539E-05
174 0 -1.197501533E-05
174.2 0 1.198236196E-05
174.4 0 3.116033215E-20
174.6 0 -3.599124693E-05
174.8 0 -1.200445605E-05
175 0 -1.201183887E-05
175.2 4.807692308E-06 -1.201923077E-05
175.4 9.621305419E-06 1.202663177E-05
175.6 1.444085028E-05 1.20340419E-05
175.8 1.926633785E-05 6.02073058E-05
176 1.927822332E-05 2.409777915E-05
176.2 1.929012346E-05 -3.616898148E-05
176.4 2.412754787E-05 -1.206377393E-05
176.6 2.414245983E-05 -1.207122991E-05
176.8 2.898886827E-05 -2.415739023E-05
177 3.384127475E-05 -1.208616955E-05
177.2 3.86996904E-05 3.979515137E-21
177.4 4.356412639E-05 -1.210114622E-05
177.6 4.843459392E-05 -2.421729696E-05
177.8 5.331110422E-05 -3.634848015E-05
178 5.819366853E-05 -6.061840472E-05
178.2 6.308229814E-05 -6.06560559E-05
178.4 6.797700435E-05 -1.213875078E-05
178.6 7.287779851E-05 1.214629975E-05
178.8 7.778469197E-05 1.215385812E-05
179 7.783312578E-05 3.356432945E-20
179.2 7.788161994E-05 -2.433800623E-05
179.4 7.305953865E-05 -2.435317955E-05
179.6 6.823144105E-05 4.82941331E-20
179.8 6.339731586E-05 1.219179151E-05
180 6.343691443E-05 -1.219940662E-05
180.2 6.34765625E-05 -2.44140625E-05
180.4 6.351626016E-05 -1.221466542E-05
180.6 6.355600751E-05 1.222230914E-05
180.8 6.359580463E-05 1.570512944E-20
181 6.363565163E-05 2.447525063E-05
181.2 6.367554859E-05 7.347178683E-05
181.4 5.881430364E-05 3.675893977E-05
181.6 5.885122411E-05 3.678201507E-05
181.8 5.398084171E-05 4.907349246E-05
182 5.401477058E-05 1.227608422E-05
182.2 4.913522013E-05 2.351748549E-20
182.4 4.916614223E-05 -1.229153556E-05
182.6 4.919710327E-05 -1.229927582E-05
182.8 4.922810334E-05 1.298299751E-21
183 4.92591425E-05 -1.231478562E-05
183.2 4.929022082E-05 1.557560269E-20
183.4 4.932133838E-05 2.466066919E-05
183.6 4.935249526E-05 1.233812382E-05
183.8 4.938369153E-05 1.234592288E-05
184 5.435641999E-05 -2.212947526E-21
184.2 5.933544304E-05 -2.472310127E-05
184.4 6.432077264E-05 -1.232678344E-20
184.6 6.436153359E-05 3.349470822E-20
184.8 6.935637286E-05 -2.477013316E-05
185 6.444321066E-05 -2.227887864E-21
185.2 6.944444444E-05 3.720238095E-05
185.4 6.948856417E-05 3.722601652E-05
185.6 5.959949142E-05 4.966624285E-05
185.8 5.466762087E-05 1.242445929E-05
186 5.470241884E-05 1.61713124E-20
186.2 4.97611465E-05 2.488057325E-05
186.4 4.481357553E-05 2.489643085E-05
186.6 3.985969388E-05 1.245615434E-05
186.8 3.489948947E-05 1.246410338E-05
187 2.993295019E-05 2.494412516E-05
187.2 1.996805112E-05 2.49600639E-05
187.4 9.990409207E-06 3.746403453E-05
187.6 4.998400512E-06 3.748800384E-05
187.8 0 1.250400128E-05
188 0 -2.502402306E-05
188.2 0 -2.50400641E-05
188.4 0 -1.252806286E-05
188.6 0 1.378983995E-20
188.8 0 1.926058818E-21
189 0 -1.255221722E-05
189.2 0 -1.620648079E-20
189.4 5.027348777E-06 5.027348777E-05
189.6 5.030585963E-06 6.288232453E-05
189.8 5.03382732E-06 5.03382732E-05
190 5.037072856E-06 -2.518536428E-05
190.2 0 -5.040322581E-05
190.4 0 1.84707016E-20
190.6 0 -1.261708656E-05
190.8 0 1.26252424E-05
191 0 2.526681759E-05
191.2 0 1.264158576E-05
191.4 0 -3.794931995E-05
191.6 0 -2.531594297E-05
191.8 0 1.266618029E-05
192 0 -1.267439974E-05
192.2 0 1.528864545E-20
192.4 0 -1.26908707E-05
192.6 0 1.353353147E-20
192.8 0 1.270738452E-05
193 0 2.558909919E-20
193.2 0 3.005416083E-20
193.4 0 3.819670795E-05
193.6 0 1.274054142E-05
193.8 0 -1.544931238E-21
194 0 3.827155454E-05
194.2 0 1.276552288E-05
194.4 0 -1.277387181E-05
194.6 0 -2.556446335E-05
194.8 0 -1.104716233E-20
195 0 7.768815589E-21
195.2 0 1.280737705E-05
195.4 0 1.281578084E-05
195.6 5.129678267E-06 -1.282419567E-05
195.8 5.13304862E-06 -1.283262155E-05
196 5.136423406E-06 1.367282638E-20
196.2 5.139802632E-06 -1.284950658E-05
196.4 5.143186307E-06 -2.571593153E-05
196.6 5.14657444E-06 -3.85993083E-05
196.8 5.14996704E-06 -5.14996704E-05
197 5.153364116E-06 -2.576682058E-05
197.2 5.156765677E-06 -3.867574257E-05
197.4 5.160171731E-06 -2.580085865E-05
197.6 5.163582287E-06 -2.581791143E-05
197.8 5.166997354E-06 -6.458746693E-05
198 5.170416942E-06 -3.877812707E-05
198.2 5.17384106E-06 -1.293460265E-05
198.4 5.177269715E-06 -6.471587144E-05
198.6 5.180702918E-06 -2.590351459E-05
198.8 5.184140677E-06 1.296035169E-05
199 5.187583001E-06 2.572192218E-21
199.2 5.1910299E-06 -1.297757475E-05
199.4 5.194481383E-06 -2.597240691E-05
199.6 5.197937458E-06 -1.299484365E-05
199.8 5.201398136E-06 -2.620091879E-20
200 5.204863424E-06 1.163198576E-21
200.2 5.208333333E-06 -5.208333333E-05
200.4 5.211807872E-06 -2.605903936E-05
200.6 5.215287049E-06 -1.607435848E-20
200.8 5.218770875E-06 -1.304692719E-05
201 5.222259358E-06 -3.351039423E-20
201.2 5.225752508E-06 -2.612876254E-05
201.4 5.229250335E-06 -5.229250335E-05
201.6 5.232752847E-06 -3.924564635E-05
201.8 5.236260054E-06 -1.309065013E-05
202 5.239771965E-06 5.258885287E-21
202.2 5.243288591E-06 -2.621644295E-05
202.4 5.24680994E-06 -2.62340497E-05
202.6 5.250336022E-06 1.312584005E-05
202.8 5.253866846E-06 -1.216730606E-20
203 5.257402423E-06 -1.314350606E-05
203.2 5.260942761E-06 1.31523569E-05
203.4 5.264487871E-06 2.632243935E-05
203.6 0 3.243430568E-20
203.8 0 -1.317898111E-05
204 0 -1.318787981E-05
204.2 0 -1.319679054E-05
204.4 5.282285328E-06 2.641142664E-05
204.6 5.285859269E-06 1.321464817E-05
204.8 0 1.407446734E-20
205 5.29302168E-06 3.96976626E-05
205.2 1.059322034E-05 3.369262005E-20
205.4 1.060040706E-05 -6.62525441E-05
205.6 1.59114053E-05 -5.303801765E-05
205.8 2.122961957E-05 4.203434822E-20
206 2.124405167E-05 -1.327753229E-05
206.2 2.12585034E-05 -2.657312925E-05
206.4 2.659121852E-05 2.969559189E-20
206.6 2.128746594E-05 -1.330466621E-05
206.8 2.130197682E-05 -1.331373551E-05
207 2.13165075E-05 -1.332281719E-05
207.2 2.666382253E-05 -1.333191126E-05
207.4 2.668203552E-05 1.61943315E-20
207.6 2.670027341E-05 1.335013671E-05
207.8 2.671853625E-05 1.335926813E-05
208 2.673682409E-05 -1.596910601E-20
208.2 2.675513699E-05 -1.337756849E-05
208.4 2.677347498E-05 -1.338673749E-05
208.6 2.679183813E-05 1.339591907E-05
208.8 2.144818119E-05 2.681022649E-05
209 1.609718407E-05 -1.341432005E-05
209.2 1.610824742E-05 -2.684707904E-05
209.4 1.074621733E-05 3.088816343E-21
209.6 5.376806607E-06 -1.344201652E-05
209.8 0 -2.690254821E-05
210 0 -2.69210889E-05
210.2 0 1.346982759E-05
210.4 0 1.347912353E-05
210.6 0 -1.955045701E-20
210.8 0 4.049326192E-05
211 0 2.701417704E-05
211.2 0 1.351643599E-05
211.4 0 -2.002019288E-20
211.6 0 -1.353516979E-05
211.8 0 -2.2862972E-21
212 0 -1.355395559E-05
212.2 0 -1.356336806E-05
212.4 0 1.357279361E-05
212.6 0 4.07466968E-05
212.8 0 4.077505219E-05
213 0 4.080344708E-05
213.2 0 2.722125436E-05
213.4 0 -4.564819471E-21
213.6 0 -1.362962317E-05
213.8 0 1.363914106E-05
214 0 2.729734451E-05
214.2 0 -2.529516451E-20
214.4 0 -1.234657098E-20
214.6 5.470938375E-06 1.367734594E-05
214.8 5.474772249E-06 4.106079187E-05
215 0 -3.172667097E-20
215.2 0 -2.74122807E-05
215.4 0 1.371576545E-05
215.6 0 4.117621223E-05
215.8 0 4.120516878E-05
216 0 2.644255431E-21
216.2 0 -1.375440141E-05
216.4 0 -4.12922833E-05
216.6 0 -2.634371226E-20
216.8 0 4.135056457E-05
217 0 3.923473874E-21
217.2 0 -2.760600707E-05
217.4 0 -1.116094787E-20
217.6 0 1.382254069E-05
217.8 0 -2.766466006E-05
218 0 1.384213324E-05
218.2 0 5.540780142E-05
218.4 0 4.158534422E-05
218.6 0 2.774325284E-05
218.8 0 4.164445629E-05
219 0 6.945679232E-05
219.2 0 5.560498221E-05
219.4 0 1.391114672E-05
219.6 0 -6.960531005E-05
219.8 5.572396576E-06 -6.96549572E-05
220 1.115274804E-05 5.576374019E-05
220.2 1.116071429E-05 5.580357143E-05
220.4 1.675303788E-05 2.542634051E-20
220.6 1.676502146E-05 5.095480315E-21
220.8 1.677702219E-05 4.194255548E-05
221 1.678904011E-05 6.995433381E-05
221.2 1.680107527E-05 1.400089606E-05
221.4 1.681312769E-05 2.802187948E-05
221.6 1.121679828E-05 8.412598708E-05
221.8 5.612428161E-06 4.209321121E-05
222 1.123292595E-05 1.404115744E-05
222.2 1.124100719E-05 5.620503597E-05
222.4 5.624550036E-06 2.812275018E-05
222.6 5.628602305E-06 1.407150576E-05
222.8 5.632660418E-06 2.816330209E-05
223 5.636724387E-06 2.818362193E-05
223.2 5.640794224E-06 2.820397112E-05
223.4 5.644869942E-06 4.173722733E-21
223.6 5.648951555E-06 1.412237889E-05
223.8 5.653039074E-06 -1.413259768E-05
224 5.657132513E-06 -1.414283128E-05
224.2 5.661231884E-06 -1.415307971E-05
224.4 5.665337201E-06 -1.4163343E-05
224.6 0 -2.178250167E-20
224.8 5.673565723E-06 1.925175963E-21
225 0 1.419422238E-05
225.2 0 2.840909091E-05
225.4 0 5.685953421E-05
225.6 0 5.690094683E-05
225.8 0 5.694241983E-05
226 0 5.698395332E-05
226.2 0 5.702554745E-05
226.4 0 4.280040175E-05
226.6 0 4.28316886E-05
226.8 0 1.428767374E-05
227 0 -1.429813324E-05
227.2 0 -3.830426131E-22
227.4 5.727639296E-06 -1.431909824E-05
227.6 1.146368305E-05 -2.865920763E-05
227.8 1.720814978E-05 -2.868024963E-05
228 2.296105805E-05 -2.870132256E-05
228.2 2.872242647E-05 -5.744485294E-05
228.4 3.449227373E-05 -2.874356144E-05
228.6 4.027061856E-05 1.438236377E-05
228.8 4.605747973E-05 -1.439296242E-05
229 5.185287611E-05 -1.44035767E-05
229.2 5.765682657E-05 -2.882841328E-05
229.4 6.923929099E-05 -4.327455687E-05
229.6 7.50646711E-05 -1.443551367E-05
229.8 8.089866864E-05 2.889238166E-05
230 8.674130274E-05 1.445688379E-05
230.2 9.259259259E-05 -1.446759259E-05
230.4 9.845255745E-05 -8.347146197E-21
230.6 0.0001043212166 2.897811573E-05
230.8 0.0001043986637 1.44998144E-05
231 0.0001160846954 -4.353176077E-05
231.2 0.0001277881041 -1.452137546E-05
231.4 0.0001336960565 1.453218006E-05
231.6 0.0001454300074 -1.454300074E-05
231.8 0.0001571814456 -1.455383756E-05
232 0.0001747762864 -1.456469053E-05
232.2 0.0001865671642 -2.91511194E-05
232.4 0.0001983756535 -1.458644511E-05
232.6 0.000204362855 -4.379204036E-05
232.8 0.0002162023186 -4.382479432E-05
233 0.0002222118263 -1.46191991E-05
233.2 0.0002223782772 -5.852059925E-05
233.4 0.0002342578711 -4.392335082E-05
233.6 0.0002402944486 -1.465210053E-05
233.8 0.0002522053303 -1.46631006E-05
234 0.0002582644628 -1.467411721E-05
234.2 0.0002702067669 -2.937030075E-05
234.4 0.0002821670429 3.575741772E-20
234.6 0.0002941453313 1.470726657E-05
234.8 0.0003061416729 -2.847519676E-20
235 0.0003122643288 -1.472944947E-05
235.2 0.0003242924528 -2.948113208E-05
235.4 0.0003363387462 8.546685741E-21
235.6 0.0003365929705 1.276633972E-20
235.8 0.0003427571861 9.831766705E-21
236 0.000343016654 -1.478520061E-05
236.2 0.0003491950758 -2.959280303E-05
236.4 0.000349459818 -1.455768833E-20
236.6 0.0003437974203 2.430805863E-20
236.8 0.0003440584662 -2.352230658E-20
237 0.0003443199088 -1.484137538E-05
237.2 0.000344581749 -1.48526616E-05
237.4 0.0003448439878 1.486396499E-05
237.6 0.0003510567403 1.886254349E-20
237.8 0.0003572789634 1.488662348E-05
238 0.000351592296 2.979595728E-05
238.2 0.000351860687 -1.490935115E-05
238.4 0.0003521294882 -3.595229867E-22
238.6 0.0003523987003 1.120807718E-20
238.8 0.0003526683244 -5.811078946E-21
239 0.0003529383614 4.486504594E-05
239.2 0.0003532088123 4.489942529E-05
239.4 0.0003474884969 5.991180982E-05
239.6 0.0003417594014 5.995778972E-05
239.8 0.0003360215054 1.500096006E-05
240 0.0003302747886 1.501249039E-05
240.2 0.0003245192308 -1.325900731E-20
240.4 0.0003187548114 -1.503560431E-05
240.6 0.0003190003852 6.018875193E-05
240.8 0.0003132228219 4.517636854E-05
241 0.0003134645062 1.507040895E-05
241.2 0.0003076737452 3.016409266E-05
241.4 0.0002958365533 3.01874034E-05
241.6 0.0002839810518 4.531612529E-05
241.8 0.0002721071981 1.511706656E-05
242 0.0002602149497 4.538632843E-05
242.2 0.0002483042636 0.0001059835271
242.4 0.000236375097 3.030449961E-05
242.6 0.0002244274068 4.549204193E-05
242.8 0.00021246115 9.105477855E-05
243 0.0002065513219 4.55627916E-05
243.2 0.0002006322957 1.519941634E-05
243.4 0.0001886195483 3.042250779E-05
243.6 0.0001826773188 4.56693297E-05
243.8 0.000176725819 -3.04699688E-05
244 0.0001768637783 -1.524687744E-05
244.2 0.0001647949219 3.051757812E-05
244.4 0.0001588154808 -1.527071931E-05
244.6 0.0001528266823 1.528266823E-05
244.8 0.0001468285043 6.117854346E-05
245 0.0001408209248 4.591986677E-05
245.2 0.0001348039216 6.12745098E-05
245.4 0.0001349097331 6.132260597E-05
245.6 0.0001288786332 4.602808327E-05
245.8 0.0001228380503 4.606426887E-05
246 0.0001167879622 4.610051141E-05
246.2 0.0001107283465 4.613681102E-05
246.4 0.0001046591805 4.617316785E-05
246.6 9.241916404E-05 1.540319401E-05
246.8 8.015982636E-05 1.541535122E-05
247 7.40521327E-05 9.256516588E-05
247.2 6.793478261E-05 0.0001080780632
247.4 6.180775316E-05 6.180775316E-05
247.6 5.567102138E-05 4.639251781E-05
247.8 4.952456418E-05 7.738213154E-05
248 4.336835845E-05 9.293219667E-05
248.2 4.340277778E-05 -5.299451987E-21
248.4 5.584789515E-05 -4.653991263E-05
248.6 6.210254372E-05 4.657690779E-05
248.8 6.215194909E-05 3.107597454E-05
249 6.220143312E-05 -1.555035828E-05
249.2 7.470119522E-05 6.225099602E-05
249.4 8.099082935E-05 1.557515949E-05
249.6 8.729050279E-05 -6.235035914E-05
249.8 9.360023962E-05 -3.120007987E-05
250 0.0001061650679 1.561250999E-05
250.2 0.0001125 -6.25E-05
250.4 0.0001251000801 -7.818755004E-05
250.6 0.0001377203526 -3.130008013E-05
250.8 0.0001378307939 -3.132518043E-05
251 0.0001316713483 -1.756188566E-20
251.2 0.0001317771084 -4.706325301E-05
251.4 0.0001381631833 -6.280144695E-05
251.6 0.0001382743363 -4.713897828E-05
251.8 0.0001320954106 -4.717693237E-05
252 0.0001196112006 -3.147663175E-05
252.2 0.0001071068548 1.252585654E-20
252.4 8.827683616E-05 1.576372074E-05
252.6 8.203756058E-05 4.732936187E-05
252.8 6.315683104E-05 4.736762328E-05
253 5.688713592E-05 3.16039644E-05
253.2 4.428137652E-05 4.744433198E-05
253.4 3.798622366E-05 6.331037277E-05
253.6 3.801703163E-05 6.336171938E-05
253.8 2.536525974E-05 -1.307121148E-20
254 2.538586515E-05 -3.173233144E-05
254.2 2.540650407E-05 -7.93953252E-05
254.4 3.814076485E-05 -6.356794142E-05
254.6 5.089576547E-05 -1.590492671E-05
254.8 6.367155664E-05 2.838522918E-20
255 7.646818923E-05 -4.779261827E-05
255.2 8.290816327E-05 1.945032734E-20
255.4 8.935866013E-05 3.191380719E-05
255.6 9.581970564E-05 -4.790985282E-05
255.8 0.0001086845336 -1.598301964E-05
256 0.0001215704341 1.599610975E-05
256.2 0.000134477459 1.600922131E-05
256.4 0.0001345877769 1.602235439E-05
256.6 0.0001411124795 6.414203612E-05
256.8 0.0001540673788 4.814605588E-05
257 0.0001606188322 4.818564967E-05
257.2 0.00016718107 -1.607510288E-05
257.4 0.0001737541186 -0.0001447950988
257.6 0.0001803380049 -9.660964551E-05
257.8 0.0001869327558 -6.445957096E-05
258 0.0001870871181 -3.225639967E-05
258.2 0.0001872417355 -4.842458678E-05
258.4 0.0001873966088 -4.84646402E-05
258.6 0.0001810844371 -1.616825331E-05
258.8 0.0001941797846 -3.236329743E-05
259 0.0002008188226 -3.239013267E-05
259.2 0.0001945020747 -1.620850622E-05
259.4 0.0002011524086 1.622196844E-05
259.6 0.0002013196176 1.623545303E-05
259.8 0.0002014871048 3.249792013E-05
260 0.0002016548709 3.252497918E-05
260.2 0.0002083333333 1.627604167E-05
260.4 0.0002150229358 5.767183944E-21
260.6 0.0002282449917 4.890964107E-05
260.8 0.0002414891395 3.26336675E-05
261 0.0002482232441 -1.633047659E-05
261.2 0.0002680439331 3.268828452E-05
261.4 0.0002878978224 6.543132328E-05
261.6 0.0002946877619 6.548616932E-05
261.8 0.000301489094 6.554110738E-05
262 0.0003083018472 4.919710327E-05
262.2 0.0003151260504 1.641281513E-05
262.4 0.0003153910849 9.855971405E-05
262.6 0.0003222327441 3.288089226E-05
262.8 0.0003356676495 1.645429655E-05
263 0.0003491252108 4.940451096E-05
263.2 0.0003560126582 -3.296413502E-05
263.4 0.0003629117399 6.59839527E-05
263.6 0.0003566145393 9.905959425E-05
263.8 0.0003701353638 4.957170051E-05
264 0.0003770639289 -3.350967078E-20
264.2 0.0003972457627 -4.088965579E-20
264.4 0.0004042090755 -1.656594572E-05
264.6 0.0004045522071 -4.974002547E-05
264.8 0.0004048959218 3.318819031E-05
265 0.0003985969388 3.321641156E-05
265.2 0.0003989361702 -3.324468085E-05
265.4 0.0004125851789 -1.663649915E-05
265.6 0.0004129369139 6.660272805E-05
265.8 0.0004132892491 8.332444539E-05
266 0.0004203138343 -1.667912041E-05
266.2 0.0004206730769 -1.669337607E-05
266.4 0.0004143498717 4.419597675E-20
266.6 0.0004147046233 -1.672196062E-05
266.8 0.0004150599829 6.694515853E-05
267 0.0004288164666 0.0001005038593
267.2 0.0004425965665 1.604615407E-20
267.4 0.0004496885739 -1.67794244E-05
267.6 0.0004567927773 6.717540843E-05
267.8 0.0004571858864 3.361660929E-05
268 0.0004508505599 -1.682278208E-05
268.2 0.0004445043103 -1.683728448E-05
268.4 0.0004448878343 4.5000763E-20
268.6 0.0004520185665 5.059909326E-05
268.8 0.0004456568712 1.688094209E-05
269 0.0004460423875 -5.304946832E-20
269.2 0.0004261363636 -1.691017316E-05
269.4 0.0004197357019 -3.384965338E-05
269.6 0.0004065481353 -9.309281446E-21
269.8 0.0003933376736 5.086263021E-05
270 0.0003801042572 0.0001018136403
270.2 0.0003668478261 5.095108696E-05
270.4 0.0003535683203 3.399695387E-05
270.6 0.000347070993 6.805313589E-05
270.8 0.0003337510898 3.405623365E-05
271 0.0003204079407 1.203998944E-20
271.2 0.0003138646288 8.528930131E-05
271.4 0.0003004807692 8.53638549E-05
271.6 0.0002870734908 3.417541557E-05
271.8 0.0002804838004 8.551335377E-05
272 0.0002670354952 3.423531989E-05
272.2 0.0002604166667 5.139802632E-05
272.4 0.000253786216 6.859086918E-05
272.6 0.0002471441125 4.723148222E-20
272.8 0.0002404903254 4.600351981E-20
273 0.0002407020246 -1.719300176E-05
273.2 0.0002409140969 -5.162444934E-05
273.4 0.0002411265432 -0.0001033399471
273.6 0.0002344439541 -0.0001034311562
273.8 0.0002208480565 -3.450750883E-05
274 0.0002141357206 6.90760389E-05
274.2 0.0002004977876 -3.161649651E-20
274.4 0.0001937555359 -0.0001383968113
274.6 0.0001870013298 -0.0001038896277
274.8 0.0001871672582 -3.466060337E-05
275 0.0001665186501 1.734569272E-05
275.2 0.0001597222222 6.944444444E-05
275.4 0.0001320618327 3.475311388E-05
275.6 0.0001113089938 -1.739203028E-05
275.8 9.051916221E-05 1.740753119E-05
276 8.363068689E-05 -2.461876016E-20
276.2 6.975446429E-05 -8.719308036E-05
276.4 6.283512064E-05 -0.0001221794013
276.6 5.590339893E-05 -6.987924866E-05
276.8 4.895926589E-05 -8.742726052E-05
277 4.200268817E-05 -0.0001225078405
277.2 3.503363229E-05 -8.758408072E-05
277.4 2.805206463E-05 -1.753254039E-05
277.6 2.807726864E-05 -3.442665279E-21
277.8 2.107688849E-05 -3.512814748E-05
278 2.109585959E-05 -3.515976598E-05
278.2 1.407657658E-05 3.519144144E-05
278.4 7.044634806E-06 3.522317403E-05
278.6 0 -3.52549639E-05
278.8 0 -3.52868112E-05
279 7.063743219E-06 -5.297807414E-05
279.2 1.414027149E-05 -3.535067873E-05
279.4 2.122961957E-05 -3.538269928E-05
279.6 2.124886673E-05 2.197893071E-20
279.8 2.126814882E-05 1.772345735E-05
280 1.419164396E-05 -1.606845656E-21
280.2 1.420454545E-05 1.775568182E-05
280.4 1.421747043E-05 -3.554367607E-05
280.6 2.134562842E-05 -7.115209472E-05
280.8 2.848678213E-05 1.780423883E-05
281 2.851277372E-05 -5.346145073E-05
281.2 2.853881279E-05 -0.0001426940639
281.4 2.856489945E-05 -3.570612431E-05
281.6 2.859103385E-05 -5.360818847E-05
281.8 2.861721612E-05 -1.788576007E-05
282 2.148258478E-05 1.790215399E-05
282.2 2.150229358E-05 -3.583715596E-05
282.4 2.152203857E-05 -5.380509642E-05
282.6 2.154181985E-05 -5.385454963E-05
282.8 2.156163753E-05 -5.390409384E-05
283 2.158149171E-05 -8.992288214E-05
283.2 2.160138249E-05 -0.0001080069124
283.4 2.162130996E-05 -5.405327491E-05
283.6 2.164127424E-05 5.41031856E-05
283.8 2.166127542E-05 -3.357686292E-20
284 2.16813136E-05 -1.806776133E-05
284.2 2.170138889E-05 3.616898148E-05
284.4 2.172150139E-05 -5.430375348E-05
284.6 2.898886827E-05 -3.623608534E-05
284.8 3.626973073E-05 -1.813486537E-05
285 4.356412639E-05 -3.043926702E-20
285.2 5.087209302E-05 9.084302326E-05
285.4 5.819366853E-05 5.455656425E-05
285.6 6.552889096E-05 -7.280987884E-05
285.8 7.287779851E-05 -7.287779851E-05
286 8.024042951E-05 -1.823646125E-05
286.2 8.761682243E-05 -1.825350467E-05
286.4 9.50070159E-05 -3.654115996E-05
286.6 0.0001024110487 -7.315074906E-05
286.8 0.0001098289597 -5.491447985E-05
287 0.000117260788 -2.865391975E-20
287.2 0.000117370892 -2.921946558E-20
287.4 0.000117481203 -1.309946041E-20
287.6 0.0001175917215 -3.557162682E-20
287.8 0.0001177024482 7.356403013E-05
288 0.0001030867107 0.0001104500471
288.2 8.844339623E-05 1.842570755E-05
288.4 8.11496695E-05 -3.688621341E-05
288.6 7.384215501E-05 -1.846053875E-05
288.8 6.652081362E-05 1.847800378E-05
289 5.918560606E-05 1.849550189E-05
289.2 5.183649289E-05 1.526142798E-20
289.4 4.447343454E-05 -5.222628133E-21
289.6 3.709639126E-05 3.709639126E-05
289.8 2.970532319E-05 -1.8565827E-05
290 2.230019029E-05 1.858349191E-05
290.2 1.488095238E-05 3.720238095E-05
290.4 7.447569113E-06 -3.524914662E-20
290.6 7.454675573E-06 1.863668893E-05
290.8 7.461795606E-06 1.865448902E-05
291 7.468929254E-06 3.734464627E-05
291.2 7.476076555E-06 5.607057416E-05
291.4 7.483237548E-06 7.483237548E-05
291.6 7.490412272E-06 3.745206136E-05
291.8 7.497600768E-06 -1.874400192E-05
292 1.500960615E-05 -1.079998972E-20
292.2 1.502403846E-05 5.634014423E-05
292.4 7.519249278E-06 7.519249278E-05
292.6 7.526493256E-06 3.763246628E-05
292.8 7.533751205E-06 -1.685184504E-20
293 7.541023166E-06 3.770511583E-05
293.2 7.548309179E-06 3.774154589E-05
293.4 7.555609284E-06 -4.120658955E-21
293.6 7.562923524E-06 1.516989319E-21
293.8 7.570251938E-06 1.533251304E-20
294 7.577594568E-06 -1.894398642E-05
294.2 7.584951456E-06 -1.896237864E-05
294.4 7.592322643E-06 1.898080661E-05
294.6 0 3.926599867E-20
294.8 0 -1.90177702E-05
295 0 -3.807261209E-05
295.2 0 1.672988836E-20
295.4 0 1.907348633E-05
295.6 0 5.727639296E-05
295.8 0 3.822162427E-05
296 0 8.694680109E-21
296.2 0 2.070994374E-20
296.4 0 -5.750122669E-05
296.6 0 -3.837180747E-05
296.8 0 -9.602384464E-05
297 0 -7.689468504E-05
297.2 0 -1.924261084E-05
297.4 0 -5.778476331E-05
297.6 0 -5.784180652E-05
297.8 0 -5.789896245E-05
298 0 -3.863748764E-05
298.2 0 2.551766583E-20
298.4 0 5.807111001E-05
298.6 0 5.812872024E-05
298.8 0 -3.785224326E-21
299 0 -2.171653108E-20
299.2 0 -5.830223881E-05
299.4 0 -5.836030876E-05
299.6 0 -1.947283151E-05
299.8 0 -1.949226547E-05
300 0 -1.951173826E-05
300.2 0 -1.953125E-05
300.4 7.82032032E-06 1.95508008E-05
300.6 1.565631263E-05 1.957039078E-05
300.8 1.567201605E-05 1.78093501E-20
301 3.137550201E-05 -5.882906627E-05
301.2 3.140703518E-05 -1.962939698E-05
301.4 4.715794769E-05 3.929828974E-05
301.6 5.507301108E-05 -5.900679758E-05
301.8 5.512852823E-05 -3.937752016E-05
302 5.518415742E-05 -3.390556443E-20
302.2 6.313131313E-05 6.287186217E-20
302.4 6.319514661E-05 3.810484366E-20
302.6 6.325910931E-05 -3.953694332E-05
302.8 6.332320162E-05 -5.936550152E-05
303 6.338742394E-05 -7.923427992E-05
303.2 6.345177665E-05 -5.948604061E-05
303.4 6.351626016E-05 -7.93953252E-05
303.6 6.358087487E-05 -5.960707019E-05
303.8 6.364562118E-05 -1.988925662E-05
304 6.371049949E-05 -3.981906218E-05
304.2 6.37755102E-05 -1.992984694E-05
304.4 6.384065373E-05 -3.990040858E-05
304.6 6.390593047E-05 2.057556407E-20
304.8 5.597492323E-05 1.999104401E-05
305 5.603227459E-05 -3.336929226E-21
305.2 5.608974359E-05 3.261170925E-20
305.4 5.61473306E-05 -6.015785421E-05
305.6 5.620503597E-05 -4.014645427E-05
305.8 5.626286008E-05 4.01877572E-05
306 4.827497425E-05 8.045829042E-05
306.2 6.443298969E-05 -4.597363387E-20
306.4 5.64370485E-05 6.690888698E-23
306.6 6.45661157E-05 2.017691116E-05
306.8 5.655377456E-05 -6.059332989E-05
307 6.469979296E-05 -0.0001010934265
307.2 6.476683938E-05 -6.071891192E-05
307.4 6.48340249E-05 6.865000658E-20
307.6 6.490134995E-05 -2.028167186E-05
307.8 6.496881497E-05 -4.060550936E-05
308 6.50364204E-05 2.032388137E-05
308.2 6.510416667E-05 3.61877649E-20
308.4 6.517205422E-05 -2.036626694E-05
308.6 6.524008351E-05 4.077505219E-05
308.8 6.530825496E-05 2.763124364E-20
309 6.537656904E-05 -6.129053347E-05
309.2 6.544502618E-05 -8.180628272E-05
309.4 6.551362683E-05 -6.141902516E-05
309.6 6.558237146E-05 -4.098898216E-05
309.8 6.56512605E-05 3.196739022E-20
310 5.750525762E-05 -5.419111629E-21
310.2 5.756578947E-05 1.907649896E-20
310.4 5.762644889E-05 1.033994264E-20
310.6 4.944620253E-05 2.060258439E-05
310.8 4.124868004E-05 2.062434002E-05
311 3.303382664E-05 -2.064614165E-05
311.2 2.48015873E-05 2.066798942E-05
311.4 1.655190678E-05 2.068988347E-05
311.6 8.284729586E-06 2.071182397E-05
311.8 0 4.146762208E-05
312 0 2.075584485E-05
312.2 0 2.077792553E-05
312.4 0 2.080005325E-05
312.6 0 2.630767852E-20
312.8 0 -4.168890075E-05
313 0 -6.260016026E-05
313.2 0 -2.088903743E-05
313.4 0 2.091140257E-05
313.6 0 3.13341411E-21
313.8 0 -4.191255365E-05
314 0 -4.19575725E-05
314.2 0 -4.200268817E-05
314.4 0 -4.204790097E-05
314.6 0 -4.209321121E-05
314.8 0 -4.21386192E-05
315 0 -4.218412527E-05
315.2 0 -2.111486486E-05
315.4 0 -2.448988532E-20
315.6 0 1.57345104E-20
315.8 0 4.706264851E-20
316 0 1.754096901E-21
316.2 0 -3.346462872E-20
316.4 0 2.125272035E-05
316.6 0 4.255174292E-05
316.8 0 2.129907306E-05
317 0 6.859059384E-20
317.2 0 -2.823534429E-21
317.4 0 2.136898249E-05
317.6 0 4.278477547E-05
317.8 0 4.28316886E-05
318 0 2.143935236E-05
318.2 0 -2.364301646E-20
318.4 0 -2.939810581E-20
318.6 8.60407489E-06 2.151018722E-05
318.8 8.613561191E-06 4.306780595E-05
319 8.623068433E-06 -2.155767108E-05
319.2 8.632596685E-06 -8.632596685E-05
319.4 8.642146018E-06 -4.321073009E-05
319.6 1.7303433E-05 1.583909023E-20
319.8 2.598392461E-05 2.165327051E-05
320 3.468368479E-05 2.1677303E-05
320.2 4.340277778E-05 -2.170138889E-05
320.4 5.214126808E-05 -6.517658509E-05
320.6 6.089922049E-05 -4.349944321E-05
320.8 6.967670011E-05 -2.177396878E-05
321 8.719308036E-05 4.359654018E-05
321.2 6.983240223E-05 4.36452514E-05
321.4 7.864932886E-05 -2.184703579E-05
321.6 8.748600224E-05 -3.479632504E-21
321.8 9.634248879E-05 -2.189602018E-05
322 9.645061728E-05 8.135538562E-21
322.2 9.655898876E-05 2.22364736E-20
322.4 9.666760405E-05 -2.196991001E-05
322.6 9.677646396E-05 1.684768679E-20
322.8 9.688556933E-05 2.792038739E-20
323 9.699492099E-05 2.726150098E-20
323.2 9.710451977E-05 1.560851939E-20
323.4 9.721436652E-05 -4.843476511E-20
323.6 9.732446206E-05 -2.211919592E-05
323.8 0.000106292517 -9.21992468E-21
324 0.0001152809308 2.216940976E-05
324.2 0.0001154119318 -2.219460227E-05
324.4 0.0001155432309 -2.22198521E-05
324.6 0.0001156748292 1.861322532E-20
324.8 0.0001158067275 -2.047930582E-21
325 0.0001159389269 -4.962455866E-20
325.2 0.0001160714286 2.9519218E-20
325.4 0.0001162042334 1.46199891E-20
325.6 0.0001163373425 2.237256586E-05
325.8 0.0001164707569 6.113955167E-20
326 0.0001166044776 -2.2423938E-05
326.2 0.0001167385057 3.182262391E-21
326.4 0.0001168728423 1.201851873E-20
326.6 0.0001170074885 2.250144009E-05
326.8 0.0001081314879 2.252739331E-05
327 0.000108256351 2.255340647E-05
327.2 0.0001083815029 2.257947977E-05
327.4 0.0001085069444 -4.721816746E-20
327.6 0.0001086326767 -2.263180765E-05
327.8 9.969547564E-05 -2.265806265E-05
328 9.073751452E-05 2.268437863E-05
328.2 8.175872093E-05 6.813226744E-05
328.4 7.275902212E-05 4.547438882E-05
328.6 6.373834499E-05 2.204782744E-21
328.8 5.46966161E-05 -2.279025671E-05
329 4.563376168E-05 -2.281688084E-05
329.2 3.65497076E-05 -2.284356725E-05
329.4 3.659250585E-05 -2.287031616E-05
329.6 2.747655334E-05 -7.335031776E-20
329.8 2.750880282E-05 -1.421362509E-21
330 9.180376028E-06 2.702277357E-20
330.2 0 2.297794118E-05
330.4 0 2.300500589E-05
330.6 0 -2.303213443E-05
330.8 0 -4.611865407E-05
331 9.23463357E-06 4.617316785E-05
331.2 0 2.311390533E-05
331.4 0 2.314129147E-05
331.6 0 9.267497034E-05
331.8 0 6.958877672E-05
332 0 9.289536266E-05
332.2 0 6.975446429E-05
332.4 0 4.655840286E-05
332.6 0 6.992094272E-05
332.8 0 2.333482676E-05
333 0 -2.336273923E-05
333.2 0 2.339071856E-05
333.4 0 2.341876499E-05
333.6 0 4.68937575E-05
333.8 0 9.390024038E-05
334 0 9.401323706E-05
334.2 0 0.0001176581325
334.4 0 7.068003619E-05
334.6 0 7.076539855E-05
334.8 0 0.0001417019347
335 0 9.458232446E-05
335.2 0 2.367424242E-05
335.4 0 4.74059466E-05
335.6 0 9.492709599E-05
335.8 0 4.752128954E-05
336 0 4.757917174E-05
336.2 0 7.145579268E-05
336.4 0 4.76953602E-05
336.6 0 7.163050122E-05
336.8 0 9.562423501E-05
337 0 2.393535539E-05
337.2 0 2.396472393E-05
337.4 0 7.198249386E-05
337.6 0 4.804735547E-05
337.8 0 2.405326355E-05
338 0 2.408292232E-05
338.2 0 0.0001205632716
338.4 0 9.656983931E-05
338.6 0 -2.417233911E-05
338.8 0 4.840458488E-05
339 0 0.0001211616005
339.2 0 9.704968944E-05
339.4 0 0.0001214629975
339.6 0 0.000121614259
339.8 0 4.87063591E-05
340 0 2.438358302E-05
340.2 0 9.765625E-05
340.4 0 0.0001711123279
340.6 0 4.895050125E-05
340.8 0 4.90119197E-05
341 0 9.814698492E-05
341.2 0 9.827044025E-05
341.4 0 0.0001475913098
341.6 0 9.851828499E-05
341.8 0 0.000123303346
342 0 0.0002469184576
342.2 0 0.0002225079114
342.4 0 7.426330798E-05
342.6 0 4.976657201E-20
342.8 0 4.963468869E-05
343 0 0.00017394243
343.2 0 9.952229299E-05
343.4 0 7.473692602E-05
343.6 0 0.000149664751
343.8 0 0.0001248801151
344 0 7.502400768E-05
344.2 0 7.512019231E-05
344.4 0 7.521662388E-05
344.6 0 0.0001004177378
344.8 0 7.541023166E-05
345 0 5.03382732E-05
345.2 0 2.52016129E-05
345.4 0 -2.523417313E-05
345.6 0 7.580045278E-05
345.8 0 2.529954663E-05
346 0 -7.599708171E-05
346.2 0 -2.536525974E-05
346.4 0 -5.079648895E-05
346.6 0 -0.0001017252604
346.8 0 -7.639341591E-05
347 0 -2.54977154E-05
347.2 0 -2.553104575E-05
347.4 0 -0.0001278223168
347.6 0 -7.679390564E-05
347.8 0 -2.563156168E-05
348 0 -7.69957293E-05
348.2 0 -0.0001027960526
348.4 0 -2.57328722E-05
348.6 0 2.576682058E-05
348.8 0 -2.580085865E-05
349 0 -5.166997354E-05
349.2 0 5.17384106E-05
349.4 0 -6.869586007E-20
349.6 0 -7.781374502E-05
349.8 0 5.194481383E-05
350 0 -2.600699068E-05
350.2 1.041666667E-05 -5.208333333E-05
350.4 1.04305741E-05 2.607643525E-05
350.6 0 2.611129679E-05
350.8 0 -5.414201187E-20
351 0 -2.618130027E-05
351.2 0 -5.243288591E-05
351.4 0 -2.625168011E-05
351.6 0 -5.257402423E-05
351.8 0 -5.264487871E-05
352 0 2.850714739E-21
352.2 0 -5.278716216E-05
352.4 0 -5.285859269E-05
352.6 0 -2.64651084E-05
352.8 0 -7.487086551E-20
353 0 2.653702446E-05
353.2 0 -7.971938776E-05
353.4 0 -0.0001064373297
353.6 0 -0.0001332281719
353.8 0 -0.0001600922131
354 0 -0.0001603112175
354.2 0 -0.0002140410959
354.4 0 -8.03755144E-05
354.6 0 -1.101718668E-20
354.8 0 -0.0001343277166
355 0 -0.0001614152893
355.2 0 -0.0001346982759
355.4 0 -0.0001348843232
355.6 0 -0.0001350708852
355.8 0 -0.000135257964
356 0 -0.0001083564494
356.2 0 -0.0001356336806
356.4 0 -0.0001358223227
356.6 0 -0.0001360114903
356.8 0 -0.0001634414226
357 0 -0.0001909479749
357.2 0 -0.0001092657343
357.4 0 -5.470938375E-05
357.6 0 -8.217917251E-05
357.8 0 -2.74315309E-05
358 0 -8.241033755E-05
358.2 0 -0.0001375440141
358.4 0 -0.0001377380113
358.6 0 -0.0001655190678
358.8 0 -0.0001105021216
359 0 -5.532932011E-05
359.2 0 -3.785609678E-20
359.4 0 -5.548650568E-05
359.6 0 -0.0001389135846
359.8 0 -0.0001112891738
360 0 -2.786198288E-05
360.2 0 2.790178571E-05
360.4 0 -8.38251073E-05
360.6 0 -0.0001119269341
360.8 0 -2.802187948E-05
361 0 5.612428161E-05
361.2 0 0.0001405125899
361.4 0 0.0001407150576
361.6 0 2.818362193E-05
361.8 0 -2.822434971E-05
362 0 2.826519537E-05
362.2 0 2.830615942E-05
362.4 1.133889695E-05 -5.669448476E-05
362.6 1.135537791E-05 -2.838844477E-05
362.8 1.137190684E-05 3.038971716E-20
363 3.41654519E-05 -7.605481338E-21
363.2 2.281021898E-05 2.851277372E-05
363.4 2.284356725E-05 8.566337719E-05
363.6 2.287701318E-05 0.0001715775988
363.8 2.291055718E-05 8.591458944E-05
364 2.294419971E-05 2.868024963E-05
364.2 3.446691176E-05 5.744485294E-05
364.4 2.301178203E-05 1.510788943E-20
364.6 2.304572271E-05 2.880715339E-05
364.8 3.461964549E-05 8.654911374E-05
365 3.467085799E-05 5.778476331E-05
365.2 3.472222222E-05 8.680555556E-05
365.4 3.477373887E-05 0.0001448905786
365.6 3.482540862E-05 0.0001451058692
365.8 3.487723214E-05 0.0001453218006
366 4.657228018E-05 0.0001455383756
366.2 3.498134328E-05 0.0001166044776
366.4 1.167787743E-05 0.0001167787743
366.6 1.169535928E-05 5.847679641E-05
366.8 1.171289355E-05 -5.669113223E-20
367 1.173048048E-05 -2.93262012E-05
367.2 1.17481203E-05 -2.937030075E-05
367.4 1.176581325E-05 2.941453313E-05
367.6 0 2.945889894E-05
367.8 0 2.950339879E-05
368 1.181921331E-05 8.864409985E-05
368.2 1.183712121E-05 0.0001775568182
368.4 1.185508346E-05 0.0001185508346
368.6 1.18731003E-05 5.936550152E-05
368.8 1.189117199E-05 2.972792998E-05
369 1.190929878E-05 -8.931974085E-05
369.2 1.192748092E-05 -0.0001490935115
369.4 2.389143731E-05 -0.0001194571865
369.6 2.39280245E-05 -5.982006126E-05
369.8 2.396472393E-05 -2.995590491E-05
370 2.40015361E-05 9.000576037E-05
370.2 2.403846154E-05 9.014423077E-05
370.4 2.407550077E-05 6.018875193E-05
370.6 2.411265432E-05 9.04224537E-05
370.8 2.414992272E-05 3.01874034E-05
371 2.41873065E-05 3.023413313E-05
371.2 2.42248062E-05 -3.028100775E-05
371.4 2.426242236E-05 -3.032802795E-05
371.6 2.430015552E-05 6.07503888E-05
371.8 2.433800623E-05 3.042250779E-05
372 2.437597504E-05 6.09399376E-05
372.2 2.44140625E-05 9.155273438E-05
372.4 3.667840376E-05 0.0001222613459
372.6 4.898119122E-05 6.122648903E-05
372.8 6.132260597E-05 9.198390895E-05
373 7.370283019E-05 0.0001535475629
373.2 8.612204724E-05 -2.466570687E-20
373.4 9.858044164E-05 3.080638801E-05
373.6 0.0001110781991 6.171011058E-05
373.8 0.0001236155063 9.271162975E-05
374 0.0001361925515 0.0001547642631
374.2 0.0001488095238 9.300595238E-05
374.4 0.0001614666137 0.0001242050874
374.6 0.0001617237261 0.0001555035828
374.8 0.0001495215311 9.345095694E-05
375 0.0001497603834 -3.120007987E-05
375.2 0.00015 3.125E-05
375.4 0.0001502403846 0.0001252003205
375.6 0.0001504815409 2.847549018E-20
375.8 0.0001507234727 2.309947774E-20
376 0.0001383856683 -3.145128824E-05
376.2 0.0001134072581 -6.300403226E-05
376.4 0.0001009693053 -9.465872375E-05
376.6 8.849110032E-05 -0.0001264158576
376.8 7.597244733E-05 -3.165518639E-05
377 6.341314935E-05 -3.170657468E-05
377.2 5.081300813E-05 -6.351626016E-05
377.4 3.81718241E-05 -6.361970684E-05
377.6 2.548939641E-05 -3.186174551E-05
377.8 1.276552288E-05 -6.382761438E-05
378 1.278641571E-05 -0.0001917962357
378.2 2.56147541E-05 -0.0001280737705
378.4 3.848522167E-05 -9.621305419E-05
378.6 5.139802632E-05 -0.0001606188322
378.8 6.435337727E-05 -0.0001287067545
379 7.735148515E-05 -0.0001611489274
379.2 9.039256198E-05 -6.45661157E-05
379.4 0.0001034768212 9.700951987E-05
379.6 0.0001166044776 6.478026534E-05
379.8 0.0001297757475 6.488787375E-05
380 0.0001429908486 0.0001624896007
380.2 0.0001432291667 9.765625E-05
380.4 0.0001304257095 -2.882681804E-20
380.6 0.0001306438127 -1.115814441E-19
380.8 0.0001308626466 -3.271566164E-05
381 0.0001310822148 -9.831166107E-05
381.2 0.000131302521 -6.56512605E-05
381.4 0.000131523569 -3.459132975E-20
381.6 0.0001317453626 6.587268128E-05
381.8 0.0001319679054 0.0001319679054
382 0.0001321912014 6.609560068E-05
382.2 0.0001324152542 -8.284049901E-20
382.4 0.0001326400679 -3.316001698E-05
382.6 0.0001461522109 6.643282313E-05
382.8 0.0001464011925 9.981899489E-05
383 0.0001466510239 1.642052995E-20
383.2 0.0001469017094 3.338675214E-05
383.4 0.0001471532534 0.0001003317637
383.6 0.0001474056604 0.0001675064322
383.8 0.0001476589347 0.0001006765464
384 0.0001479130809 3.361660929E-05
384.2 0.0001481681034 -9.186064417E-20
384.4 0.0001484240069 -3.373272884E-05
384.6 0.0001486807958 6.758217993E-05
384.8 0.0001489384749 0.0001353986135
385 0.0001491970486 0.0001356336806
385.2 0.0001494565217 0.0001019021739
385.4 0.000149716899 6.805313589E-05
385.6 0.0001363438045 6.817190227E-05
385.8 0.000122923951 -3.414554196E-05
386 0.0001094570928 -3.420534151E-05
386.2 9.594298246E-05 -3.426535088E-05
386.4 8.238137083E-05 -0.0001029767135
386.6 6.877200704E-05 -3.438600352E-05
386.8 5.511463845E-05 -0.0001033399471
387 4.14090106E-05 -0.0001725375442
387.2 2.765486726E-05 -0.0001037057522
387.4 1.385195035E-05 -6.925975177E-05
387.6 0 -0.0001040741563
387.8 0 -0.0001042593416
388 0 -6.963012478E-05
388.2 0 -6.975446429E-05
388.4 0 -3.493962433E-05
388.6 0 -7.000448029E-05
388.8 0 -7.013016158E-05
389 0 -3.512814748E-05
389.2 0 -3.519144144E-05
389.4 0 -2.715749646E-20
389.6 0 2.582531648E-20
389.8 0 -1.573698368E-20
390 0 -5.143904967E-20
390.2 0 -3.598537079E-20
390.4 0 -3.557604736E-05
390.6 0 -7.128193431E-05
390.8 0 -7.141224863E-05
391 0 -7.154304029E-05
391.2 0 -3.583715596E-05
391.4 0 3.590303309E-05
391.6 0 7.193830571E-05
391.8 0 3.603551661E-05
392 0 -2.692524293E-20
392.2 0 -3.616898148E-05
392.4 0 -3.623608534E-05
392.6 0 -7.260687732E-05
392.8 0 -0.0001818552142
393 0 -0.0001093166978
393.2 0 3.650700935E-05
393.4 0 3.657537453E-05
393.6 0 -3.325784314E-20
393.8 0 -7.342575188E-05
394 0 -0.0001471280603
394.2 0 -3.685141509E-05
394.4 0 -3.890125907E-20
394.6 1.479640152E-05 -7.398200758E-05
394.8 2.964895636E-05 -7.686594975E-21
395 1.48526616E-05 0.000148526616
395.2 0 0.0001860119048
395.4 0 7.454675573E-05
395.6 0 -7.08437548E-20
395.8 0 -6.613754607E-20
396 0 -7.497600768E-05
396.2 0 -7.512019231E-05
396.4 0 -2.975632595E-20
396.6 0 3.770511583E-05
396.8 0 -8.601447569E-20
397 1.514050388E-05 -0.0001514050388
397.2 3.033980583E-05 -7.584951456E-05
397.4 4.559824903E-05 3.799854086E-05
397.6 4.56871345E-05 3.807261209E-05
397.8 4.577636719E-05 0.0001525878906
398 4.586594912E-05 0.0002293297456
398.2 4.595588235E-05 0.0001531862745
398.4 4.604616896E-05 7.674361493E-05
398.6 4.613681102E-05 3.844734252E-05
398.8 4.622781065E-05 -4.872800387E-20
399 6.175889328E-05 7.71986166E-05
399.2 3.094059406E-05 7.735148515E-05
399.4 3.100198413E-05 -6.744820387E-20
399.6 0 -7.765904573E-05
399.8 0 -7.781374502E-05
400 1.559381238E-05 7.533864383E-20
400.2 1.5625E-05 0.0001171875
400.4 0 7.828156313E-05
400.6 1.5687751E-05 5.244743554E-21
400.8 1.57193159E-05 7.859657948E-05
401 1.575100806E-05 3.937752016E-05
401.2 1.578282828E-05 2.500192687E-20
401.4 1.581477733E-05 -3.953694332E-05
401.6 1.584685598E-05 -3.961713996E-05
401.8 1.587906504E-05 -3.224653046E-20
402 0 -1.171040783E-19
402.2 0 -3.985969388E-05
402.4 0 -3.994120654E-05
402.6 0 -4.002305328E-05
402.8 0 -4.010523614E-05
403 0 -7.479740165E-21
403.2 0 -2.818347773E-20
403.4 0 -4.044274554E-20
403.6 0 -2.521555354E-20
403.8 0 -4.052126556E-05
404 0 -1.065650121E-21
404.2 0 8.138020833E-05
404.4 0 4.077505219E-05
404.6 0 -4.086035565E-05
404.8 0 -8.189203354E-05
405 0 3.176687907E-20
405.2 0 -2.04196668E-20
405.4 0 -4.120516878E-05
405.6 0 -7.552178954E-21
405.8 0 4.137976695E-05
406 0 -2.402067754E-20
406.2 0 -4.155585106E-05
406.4 0 -1.11946728E-19
406.6 0 1.850848653E-20
406.8 0 -6.457323599E-20
407 0 -5.907794221E-20
407.2 0 -1.011472005E-19
407.4 0 -4.456640175E-21
407.6 0 -1.510864215E-20
407.8 0 1.097959776E-20
408 0 -7.304283357E-20
408.2 0 -7.355384274E-20
408.4 0 -5.160612634E-20
408.6 0 8.509027102E-21
408.8 0 7.204635564E-21
409 0 1.104389488E-19
409.2 0 2.614301649E-20
409.4 0 -1.599104368E-19
409.6 0 -8.35202236E-20
409.8 0 -4.458284591E-20
410 0 -1.268224695E-19
410.2 0 -2.930448104E-21
410.4 0 -2.9054114E-20
410.6 0 -5.213610629E-20
410.8 0 -6.954472499E-20
411 0 -5.59350771E-20
411.2 0 -1.98957639E-20
411.4 0 -1.975714709E-20
411.6 0 8.81772009E-05
411.8 0 0.0001325650452
412 0 8.857709751E-05
412.2 0 4.438920455E-05
412.4 0 1.775002821E-20
412.6 0 -1.585658865E-21
412.8 0 -8.938787185E-05
413 0 2.73992489E-20
413.2 0 8.979885057E-05
413.4 0 9.000576037E-05
413.6 0 0.0001353204388
413.8 0 9.04224537E-05
414 0 4.531612529E-05
414.2 0 -0.0001362645349
414.4 0 -0.0001821095571
414.6 0 -0.000136901285
414.8 0 -9.148126464E-05
415 0 -3.196653369E-20
415.2 0 -4.595588235E-05
415.4 0 -9.212853774E-05
415.6 0 -9.23463357E-05
415.8 0 -0.0001388477488
416 0 -9.278503563E-05
416.2 0 -4.650297619E-05
416.4 0 -4.661396181E-05
416.6 0 -6.06449501E-20
416.8 0 4.683752998E-05
417 0 -9.390024038E-05
417.2 0 -4.706325301E-05
417.4 0 2.84930426E-20
417.6 0 -9.458232446E-05
417.8 0 -3.121304067E-21
418 0 -0.0001425638686
418.2 0 -0.0001905487805
418.4 0 -0.0001432610024
418.6 0 -9.574142157E-05
418.8 0 4.451614371E-20
419 0 1.265300462E-20
419.2 0 -6.658141197E-20
419.4 0 4.834467822E-05
419.6 0 9.69292804E-05
419.8 0 0.000145755597
420 0 0.0001948254364
420.2 0 0.000146484375
420.4 0 4.895050125E-05
420.6 0 2.79840609E-20
420.8 0 4.919710327E-05
421 0 3.520326459E-21
421.2 0 -4.944620253E-05
421.4 0 -9.914340102E-05
421.6 0 -0.0001490935115
421.8 0 -9.964923469E-05
422 0 -9.990409207E-05
422.2 0 -0.0001001602564
422.4 0 -2.295433037E-20
422.6 0 5.03382732E-05
422.8 0 -5.046834625E-05
423 0 -5.059909326E-05
423.2 0 3.36806641E-20
423.4 0 5.086263021E-05
423.6 0 5.099543081E-05
423.8 0 -5.11289267E-05
424 0 1.033735836E-20
424.2 0 5.139802632E-05
424.4 0 5.153364116E-05
424.6 0 -6.049949827E-20
424.8 0 -0.0001036140584
425 2.077792553E-05 -6.913305813E-21
425.2 2.083333333E-05 5.208333333E-05
425.4 2.088903743E-05 -5.222259358E-05
425.6 2.094504021E-05 -5.236260054E-05
425.8 2.100134409E-05 -1.923894213E-20
426 2.105795148E-05 -5.264487871E-05
426.2 2.111486486E-05 -0.0001055743243
426.4 2.117208672E-05 -0.0001587906504
426.6 2.122961957E-05 -0.0001592221467
426.8 2.128746594E-05 -5.321866485E-05
427 2.134562842E-05 0.0001067281421
427.2 2.140410959E-05 5.351027397E-05
427.4 2.146291209E-05 -5.365728022E-05
427.6 2.152203857E-05 -5.380509642E-05
427.8 2.158149171E-05 -0.0001079074586
428 2.164127424E-05 5.41031856E-05
428.2 2.170138889E-05 5.425347222E-05
428.4 2.176183844E-05 -0.0001088091922
428.6 2.18226257E-05 2.98574047E-21
428.8 2.18837535E-05 -2.825121585E-20
429 2.194522472E-05 -5.48630618E-05
429.2 0 1.364543295E-19
429.4 2.206920904E-05 -7.899620455E-20
429.6 0 -1.467598067E-20
429.8 0 1.188651723E-19
430 0 -1.119877363E-19
430.2 0 5.580357143E-05
430.4 0 5.596346705E-05
430.6 0 -5.612428161E-05
430.8 2.251440922E-05 -5.628602305E-05
431 2.257947977E-05 6.117861923E-20
431.2 2.264492754E-05 -1.481545479E-20
431.4 2.271075581E-05 -7.532999293E-20
431.6 2.277696793E-05 -1.527864128E-22
431.8 2.284356725E-05 -1.597954381E-19
432 2.291055718E-05 -5.882017084E-20
432.2 2.297794118E-05 -1.339624559E-19
432.4 2.304572271E-05 -1.841836233E-20
432.6 2.311390533E-05 -4.831342139E-20
432.8 2.318249258E-05 -8.172468521E-20
433 2.32514881E-05 -5.812872024E-05
433.2 2.332089552E-05 -5.830223881E-05
433.4 2.339071856E-05 5.847679641E-05
433.6 2.346096096E-05 5.86524024E-05
433.8 2.353162651E-05 -3.766841939E-20
434 2.360271903E-05 -1.597160917E-20
434.2 2.367424242E-05 -1.197956733E-19
434.4 2.374620061E-05 4.461291477E-21
434.6 2.381859756E-05 -8.313214445E-20
434.8 2.389143731E-05 -8.434433423E-20
435 2.396472393E-05 -5.991180982E-05
435.2 2.403846154E-05 -0.0001201923077
435.4 2.411265432E-05 -6.02816358E-05
435.6 2.41873065E-05 -7.198883199E-21
435.8 2.426242236E-05 6.06560559E-05
436 2.433800623E-05 0.0001216900312
436.2 2.44140625E-05 6.103515625E-05
436.4 0 -0.0001224529781
436.6 2.456761006E-05 -0.0001228380503
436.8 2.464511041E-05 1.638403492E-19
437 2.472310127E-05 2.56575509E-20
437.2 2.48015873E-05 -1.141429152E-20
437.4 2.488057325E-05 8.882155579E-20
437.6 2.49600639E-05 -3.363277712E-20
437.8 2.50400641E-05 -5.763717316E-20
438 2.512057878E-05 -3.820401115E-20
438.2 2.52016129E-05 2.930509551E-20
438.4 2.528317152E-05 -1.162382298E-19
438.6 2.536525974E-05 -1.076554363E-19
438.8 2.544788274E-05 -1.062971482E-19
439 2.553104575E-05 -1.055800659E-19
439.2 2.56147541E-05 0.0001280737705
439.4 0 6.424753289E-05
439.6 2.578382838E-05 -0.0001289191419
439.8 0 7.895848062E-20
440 0 0.0001297757475
440.2 0 6.510416667E-05
440.4 0 -2.210279863E-20
440.6 0 -2.187067651E-20
440.8 0 -1.427404004E-20
441 0 -1.051008656E-19
441.2 0 -7.197322027E-20
441.4 0 1.332857871E-20
441.6 0 -8.262590333E-20
441.8 0 -3.081950539E-20
442 0 -9.523324676E-20
442.2 0 -1.890043131E-19
442.4 0 -2.859089221E-20
442.6 0 -6.22403438E-20
442.8 0 -2.385567809E-20
443 0 -5.614830286E-20
443.2 0 4.933937944E-20
443.4 0 -3.429454677E-20
443.6 0 -4.977514673E-21
443.8 0 -7.239429847E-20
444 0 -6.364832069E-20
444.2 0 -1.552633559E-19
444.4 0 4.01436832E-21
444.6 0 -1.164613917E-19
444.8 0 2.862755379E-20
445 0 7.823405122E-20
445.2 0 -1.99353592E-19
445.4 0 2.737197047E-20
445.6 0 -8.198282592E-20
445.8 0 -8.590397043E-20
446 0 3.453444251E-20
446.2 0 8.665455458E-21
446.4 0 -9.668165871E-20
446.6 0 3.139306395E-21
446.8 0 6.637369794E-20
447 0 -4.74284792E-20
447.2 0 -4.539938488E-20
447.4 0 -1.523136556E-19
447.6 0 -6.620140364E-21
447.8 0 -2.231296179E-19
448 0 -4.70516102E-21
448.2 0 1.906389426E-20
448.4 0 -7.805263459E-20
448.6 0 -3.26571289E-20
448.8 0 4.069621379E-20
449 0 3.285709857E-20
449.2 0 1.991298011E-19
449.4 0 5.791575563E-20
449.6 0 4.119680024E-20
449.8 0 4.217000474E-20
450 0 1.483236885E-20
450.2 0 -8.973547289E-20
450.4 0 -3.452927209E-20
450.6 0 -4.71616852E-20
450.8 0 9.10255599E-20
451 0 8.700910552E-20
451.2 0 4.636894164E-20
451.4 0 -8.004610656E-05
451.6 0 -0.0001607510288
451.8 0 -8.070764463E-05
452 0 -3.593505616E-20
452.2 0 -7.142088788E-20
452.4 0 4.428845601E-20
452.6 0 -1.282765023E-20
452.8 0 1.782989829E-19
453 0 2.071017654E-19
453.2 0 1.742935039E-19
453.4 0 1.054255649E-19
453.6 0 1.913612617E-20
453.8 0 -9.536409212E-20
454 0 8.130694545E-20
454.2 0 8.50400393E-20
454.4 0 6.407137217E-20
454.6 0 4.412941453E-20
454.8 0 -2.747494244E-20
455 0 -3.139967132E-20
455.2 0 -1.227572227E-19
455.4 0 -3.58175555E-20
455.6 0 9.731454708E-20
455.8 0 6.258288756E-20
456 0 -1.659743214E-19
456.2 0 -1.279422851E-19
456.4 0 -1.716615726E-19
456.6 0 2.525991594E-20
456.8 0 -1.090209083E-19
457 0 1.079783331E-21
457.2 0 4.431637553E-20
457.4 0 -1.084555521E-19
457.6 0 -7.990404205E-20
457.8 0 7.248627045E-20
458 0 -2.195608849E-20
458.2 0 3.249172362E-20
458.4 0 -6.318627684E-20
458.6 0 -1.216236028E-19
458.8 0 -1.633357202E-19
459 0 3.456677485E-20
459.2 0 -8.641040242E-20
459.4 0 -6.310837802E-20
459.6 0 -2.147558686E-19
459.8 0 -1.044640047E-19
460 0 -1.409778754E-19
460.2 0 -5.962669504E-20
460.4 0 1.687494448E-19
460.6 0 7.983867929E-20
460.8 0 -1.508241483E-19
461 0 1.268106879E-20
461.2 0 9.811564532E-20
461.4 0 -7.124921491E-20
461.6 0 8.732797807E-20
461.8 0 1.10720256E-20
462 0 -1.173134015E-19
462.2 0 -2.324306457E-19
462.4 0 -1.991715893E-19
462.6 0 -1.097881922E-19
462.8 0 -1.429728302E-19
463 0 -2.606493417E-19
463.2 0 -3.125345639E-19
463.4 0 -5.335513942E-20
463.6 0 -8.858000194E-20
463.8 0 1.931556944E-19
464 0 -1.968887186E-20
464.2 0 -7.375121121E-20
464.4 0 2.675392552E-20
464.6 0 -1.585751935E-19
464.8 0 -2.559067053E-19
465 0 3.366716697E-20
465.2 0 2.028376081E-19
465.4 0 1.135308207E-19
465.6 0 -6.062421657E-20
465.8 0 1.21652096E-19
466 0 1.483362502E-19
466.2 0 9.787871698E-20
466.4 0 -1.285409452E-19
466.6 0 3.471630473E-20
466.8 0 2.174760797E-19
467 0 2.538542594E-19
467.2 0 -2.734692593E-20
467.4 0 2.323254393E-19
467.6 0 1.246097925E-19
467.8 0 3.954141027E-20
468 0 -6.289803868E-20
468.2 0 3.530983498E-20
468.4 0 -2.299183343E-19
468.6 0 2.370598309E-20
468.8 0 7.419026642E-20
469 0 4.7372573E-21
469.2 0 -3.160446247E-20
469.4 0 -5.774800036E-20
469.6 0 7.461837475E-20
469.8 0 2.943270095E-19
470 0 -7.096370926E-20
470.2 0 1.202903154E-20
470.4 0 4.052933997E-20
470.6 0 -8.945784594E-20
470.8 0 4.537289246E-20
471 0 -7.961256979E-20
471.2 0 -2.931568817E-19
471.4 0 -9.187543946E-20
471.6 0 3.217057669E-19
471.8 0 9.4301918E-20
472 0 5.595677413E-20
472.2 0 -3.631936013E-21
472.4 0 1.493394789E-19
472.6 0 3.186170472E-20
472.8 0 -1.613037948E-20
473 0 -1.029477212E-19
473.2 0 -1.254758436E-19
473.4 0 -4.345904434E-20
473.6 0 1.772239198E-19
473.8 0 -1.391573431E-20
474 0 7.039091795E-21
474.2 0 1.100450465E-19
474.4 0 -3.140191221E-20
474.6 0 -2.185894277E-21
474.8 0 2.411218415E-19
475 0 2.622464703E-19
475.2 0 -9.503817935E-20
475.4 0 2.110445671E-19
475.6 0 1.529615166E-19
475.8 0 9.79943182E-20
476 0 2.016592993E-20
476.2 0 2.548800727E-19
476.4 0 1.238000369E-19
476.6 0 -6.074777523E-20
476.8 0 -8.487391261E-20
477 0 -5.666007681E-20
477.2 0 -1.943097477E-20
477.4 0 2.482691403E-19
477.6 0 2.317004981E-20
477.8 0 1.981566455E-19
478 0 1.061065171E-19
478.2 0 -1.462809951E-20
478.4 0 -1.776559587E-19
478.6 0 -1.979924806E-19
478.8 0 5.969338233E-20
479 0 -9.279511324E-20
479.2 0 0.0001860119048
479.4 0 0.0003756009615
479.6 0 0.0001896237864
479.8 0 -8.096954442E-20
480 0 -2.268936993E-19
480.2 0 5.511903176E-20
480.4 0 -1.947673619E-19
480.6 0 -5.916795641E-20
480.8 0 -3.960912417E-19
481 0 1.90849986E-19
481.2 0 4.131692904E-20
481.4 0 2.445278835E-19
481.6 0 -3.737366439E-19
481.8 0 -1.281984508E-19
482 0 2.607135761E-19
482.2 0 8.910042687E-20
482.4 0 4.568167233E-20
482.6 0 1.008740073E-19
482.8 0 1.647842255E-20
483 0 7.919376591E-20
483.2 0 3.481524285E-19
483.4 0 2.26431373E-19
483.6 0 9.115882543E-20
483.8 0 3.673012063E-19
484 0 1.650410534E-19
484.2 0 8.029306221E-19
484.4 0 6.148269116E-19
484.6 0 5.480247692E-19
484.8 0 2.674893697E-19
485 0 1.140554767E-19
485.2 0 4.055151326E-20
485.4 0 6.331861728E-19
485.6 0 -4.790591745E-19
485.8 0 -3.907277607E-19
486 0 9.622492596E-20
486.2 0 2.969916216E-19
486.4 0 -2.368314177E-19
486.6 0 8.800109803E-20
486.8 0 2.829444439E-19
487 0 2.728074252E-19
487.2 0 -4.854640543E-19
487.4 0 6.244587821E-19
487.6 0 2.467250234E-19
487.8 0 -2.161716631E-19
488 0 -1.452992133E-19
488.2 0 2.711020941E-19
488.4 0 2.349831145E-19
488.6 0 4.002350079E-20
488.8 0 -1.987373995E-19
489 0 -8.644665509E-21
489.2 0 7.270781127E-19
489.4 0 1.11306353E-19
489.6 0 -3.578213758E-19
489.8 0 4.097386323E-19
490 0 -2.749424771E-19
490.2 0 1.170672036E-20
490.4 0 -5.018598415E-19
490.6 0 -3.355359739E-19
490.8 0 -1.70123244E-19
491 0 -3.412308977E-20
491.2 0 -6.00161814E-19
491.4 0 1.868916296E-20
491.6 0 -3.747531845E-19
491.8 0 -3.883898507E-19
492 0 2.443329461E-19
492.2 0 5.479959186E-19
492.4 0 3.02497876E-19
492.6 0 -7.42051703E-19
492.8 0 -4.15106021E-19
493 0 -3.57796649E-19
493.2 0 1.073439772E-19
493.4 0 -6.155973875E-21
493.6 0 4.893028032E-20
493.8 0 -8.495026263E-19
494 0 -3.011075979E-19
494.2 0 -2.636663742E-19
494.4 0 4.962781866E-19
494.6 0 -1.894144246E-19
494.8 0 1.243236674E-19
495 0 5.705925368E-19
495.2 0 4.814271093E-19
495.4 0 -9.571920312E-19
495.6 0 3.302449765E-19
495.8 0 -8.767606207E-19
496 0 1.077803677E-18
496.2 0 1.177929127E-18
496.4 0 -9.115278887E-19
496.6 0 -4.144987442E-18
496.8 0 -6.004262253E-19
497 0 -4.230716153E-20
497.2 0 4.610197472E-19
497.4 0 -1.040340602E-18
497.6 0 -4.554187985E-19
497.8 0 -1.680225674E-18
498 0 -1.168203788E-18
498.2 0 -1.131690022E-18
498.4 0 7.775568224E-19
498.6 0 -3.635347711E-18
498.8 0 -9.381746391E-18
499 0 -7.500648322E-18
499.2 0 4.056499064E-18
499.4 0 -3.419189561E-18
499.6 0 -9.106189183E-18
499.8 0 -6.299386683E-18
500 0 -9.655250881E-18
