0 0.007328318673 7.80937625E-05
0.2 0.00645625 0.0016171875
0.4 0.006074304722 0.0003595188075
0.6 0.005738966173 0.0003127502002
0.8 0.005425260312 0.0003128754505
1 0.005142603165 0.0003208258213
1.2 0.004909819639 0.000125250501
1.4 0.0047394998 0.0001487946071
1.6 0.00454083935 0.0003133774569
1.8 0.004335749398 0.0001410764446
2 0.004190084303 7.840726616E-05
2.2 0.004034889558 0.0001490336345
2.4 0.003879570108 -3.138810767E-05
2.6 0.003739826166 -7.850180868E-06
2.8 0.003574839164 0.0001256533977
3 0.003400291633 -1.571299276E-05
3.2 0.003244466801 -3.929828974E-05
3.4 0.003094806763 -3.145128824E-05
3.6 0.002967050946 -3.932994362E-05
3.8 0.002839192184 4.721494762E-05
4 0.002714379283 3.148931882E-05
4.2 0.002602066532 7.875504032E-06
4.4 0.00250226906 2.363604276E-05
4.6 0.002418154762 6.305488297E-05
4.8 0.002318202463 2.365512717E-05
5 0.002227635299 -4.732936187E-05
5.2 0.002136994949 7.891414141E-06
5.4 0.002058912692 -1.578920776E-05
5.6 0.001968130813 -5.528457339E-05
5.8 0.001880435882 7.11089199E-05
6 0.001795831647 7.904188588E-05
6.2 0.001704832996 5.535172065E-05
6.4 0.001639074524 0.0001028376873
6.6 0.001547938614 1.582759319E-05
6.8 0.001488396838 -2.375101338E-05
7 0.001428806772 4.752128954E-05
7.2 0.001369168357 7.923427992E-05
7.4 0.001334846794 3.264662798E-21
7.6 0.001281465692 -1.585972391E-05
7.8 0.00122169476 7.933082859E-06
8 0.001165049777 -1.587261276E-05
8.2 0.001098831301 7.93953252E-06
8.4 0.001045267385 2.382828386E-05
8.6 0.0009980166802 3.178397071E-05
8.8 0.0009507275132 6.359381359E-05
9 0.0009097618078 3.180985342E-05
9.2 0.0008751272912 -3.977851324E-05
9.4 0.0008468317033 -7.163050122E-05
9.6 0.0008216979209 1.592437831E-05
9.8 0.0007678680669 -1.145755289E-20
10 0.0007363066095 -6.374949E-05
10.2 0.0007015306122 1.801118678E-20
10.4 0.0006699162924 -2.003757153E-20
10.6 0.0006350847631 -1.109693418E-20
10.8 0.0006098028198 -7.981712301E-06
11 0.0005813062142 3.193990188E-05
11.2 0.000543200409 1.597648262E-05
11.4 0.0005018668167 -3.196603928E-05
11.6 0.000460499386 2.398434302E-05
11.8 0.0004254965192 7.998054873E-05
12 0.0004032671036 7.201198279E-05
12.2 0.0003810194672 4.802766393E-05
12.4 0.0003619567446 3.203157032E-05
12.6 0.000339673913 0.0001041453035
12.8 0.0003173727944 8.815910956E-05
13 0.0003014675698 -3.207101806E-05
13.2 0.0002887577002 -2.406314168E-05
13.4 0.0002599887017 4.012171323E-05
13.6 0.0002504623921 4.816584464E-05
13.8 0.0002345034951 -5.621659128E-05
14 0.0002249588647 -8.837669683E-05
14.2 0.0002089763374 -8.03755144E-06
14.4 0.0001961969946 4.824516262E-05
14.6 0.0001801894563 6.435337727E-05
14.8 0.0001545117429 3.218994644E-05
15 0.0001545754328 8.050803792E-06
15.2 0.0001449742268 -4.832474227E-05
15.4 0.0001450340347 -4.834467822E-05
15.6 0.0001515425093 -1.612154354E-05
15.8 0.0001516050784 3.225639967E-05
16 0.000148440727 2.420229244E-05
16.2 0.0001517303719 -1.614152893E-05
16.4 0.000158252377 -2.42223026E-05
16.6 0.0001583178246 -3.230976013E-05
16.8 0.0001519187009 1.616156392E-05
17 0.0001487479305 2.425237997E-05
17.2 0.0001488095238 -6.330124485E-22
17.4 0.0001488711682 -3.236329743E-05
17.6 0.0001521705346 -3.237670949E-05
17.8 0.0001489946103 -7.287779851E-05
18 0.0001490564081 -9.721070095E-05
18.2 0.000145876556 -7.293827801E-05
18.4 0.0001459371108 -4.053808634E-05
18.6 0.0001459977159 -4.05549211E-05
18.8 0.0001395668882 -4.868612381E-05
19 0.0001396248961 -4.87063591E-05
19.2 0.0001494282744 -4.060550936E-05
19.4 0.0001494904326 1.963199691E-20
19.6 0.0001560549313 -1.625572201E-05
19.8 0.0001626248959 -2.439373439E-05
20 0.0001626926281 -4.880778842E-05
20.2 0.0001627604167 -5.696614583E-05
20.4 0.000166084827 -1.628282618E-05
20.6 0.0001563803169 -7.330327356E-05
20.8 0.0001564455569 -0.0001059266792
21 0.0001565108514 -4.890964107E-05
21.2 0.0001533141962 -4.077505219E-05
21.4 0.000143588137 -0.0001142178363
21.6 0.0001469128709 -0.0001469128709
21.8 0.0001469742893 -9.798285953E-05
22 0.0001437682978 -7.351787955E-05
22.2 0.0001405596234 -8.17207113E-05
22.4 0.0001406184596 -9.810590205E-05
22.6 0.0001406773451 -0.0001063259003
22.8 0.0001407362798 -9.000576037E-05
23 0.0001440695725 -7.367194049E-05
23.2 0.0001474056604 -5.732442348E-05
23.4 0.0001474674916 -0.0001310822148
23.6 0.0001508078053 -0.0001147450692
23.8 0.0001475913098 -5.739662049E-05
24 0.0001443721126 -0.0001312473751
24.2 0.0001411502101 -0.0001477153361
24.4 0.000137925599 -0.0001477774275
24.6 0.0001379835997 -9.855971405E-05
24.8 0.0001380416491 -7.395088347E-05
25 0.0001380997475 -7.398200758E-05
25.2 0.0001381578947 -4.934210526E-05
25.4 0.000138216091 -3.290859309E-05
25.6 0.0001415665824 -8.230615255E-06
25.8 0.0001449198988 -2.470225548E-05
26 0.0001515710671 8.237557992E-06
26.2 0.0001516350211 1.648206751E-05
26.4 0.0001549968341 -6.595609962E-05
26.6 0.0001583614865 -8.247994088E-05
26.8 0.0001650295733 -8.251478665E-06
27 0.0001617973373 -2.476489856E-05
27.2 0.0001585623679 -4.12922833E-05
27.4 0.0001553246616 -4.130975042E-05
27.6 0.0001553903936 -0.0001074508041
27.8 0.0001521486029 -0.0001240341871
28 0.0001555220246 -0.0001075418255
28.2 0.0001622086864 -4.965572034E-05
28.4 0.0001689010174 -2.483838491E-05
28.6 0.0001689726463 -1.656594572E-05
28.8 0.000169044336 8.28648706E-06
29 0.0001691160866 8.290004244E-06
29.2 0.0001658704883 8.293524416E-06
29.4 0.0001659409516 2.489114274E-05
29.6 0.0001693317042 1.660114747E-05
29.8 0.0001660820578 -4.152051446E-05
30 0.000172798809 3.579154553E-20
30.2 0.0001695478723 3.324468085E-05
30.4 0.0001696200511 -8.314708387E-06
30.6 0.0001696922913 -1.663649915E-05
30.8 0.0001664358756 7.106360021E-21
31 0.0001665068201 -2.644984188E-22
31.2 0.0001699093817 -4.164445629E-05
31.4 0.000163315913 -4.16622227E-05
31.6 0.0001633856167 -3.334400341E-05
31.8 0.00016345538 -3.335824082E-05
32 0.0001635252029 -3.337249039E-05
32.2 0.0001669337607 -5.008012821E-05
32.4 0.0001636650278 8.35025652E-06
32.6 0.0001637350299 2.506148417E-05
32.8 0.000163805092 -5.850181857E-05
33 0.000163875214 -5.852686216E-05
33.2 0.0001639453961 2.509368308E-05
33.4 0.0001573211225 -8.368144816E-06
33.6 0.0001640859408 -5.023039006E-05
33.8 0.0001574560463 -4.187660806E-05
34 0.000157523595 -3.351565852E-05
34.2 0.0001542381974 -2.514753219E-05
34.4 0.0001509499785 -3.354443967E-05
34.6 0.0001543707045 -4.1948561E-05
34.8 0.0001510797164 -3.357327031E-05
35 0.0001444271281 1.679385211E-05
35.2 0.0001444892473 2.126920966E-20
35.4 0.00014455142 -4.202076162E-05
35.6 0.0001446136461 -5.044662075E-05
35.8 0.0001446759259 -3.364556417E-05
36 0.0001481042654 -2.524504524E-05
36.2 0.0001515355603 -2.525592672E-05
36.4 0.0001516009056 8.422272531E-06
36.6 0.00014155522 -2.527771786E-05
36.8 0.0001416163142 -3.371817005E-05
37 0.0001383041883 2.529954663E-05
37.2 0.0001349892009 -8.436825054E-06
37.4 0.0001384237252 -5.064282627E-05
37.6 0.0001283506269 -5.066472114E-05
37.8 0.0001250270329 5.767281687E-21
38 0.0001183199913 8.451427953E-06
38.2 0.0001116071429 -4.22754329E-05
38.4 0.0001082719792 -4.229374188E-05
38.6 0.0001117038562 -4.231206672E-05
38.8 0.0001117522757 -5.079648895E-05
39 0.0001118007372 -3.387901127E-05
39.2 0.0001118492408 -2.5420282E-05
39.4 0.0001118977865 -8.477105035E-05
39.6 0.000118731003 2.544235779E-05
39.8 0.0001153887924 0.0001357515204
40 0.0001120436767 1.697631465E-05
40.2 0.0001086956522 -4.245923913E-05
40.4 0.0001155393649 -1.699108308E-05
40.6 0.0001291884247 -1.056837627E-20
40.8 0.0001394481933 -3.401175446E-05
41 0.0001463142422 -7.655977787E-05
41.2 0.0001531862745 -0.000102124183
41.4 0.000139630558 -4.257029207E-05
41.6 0.0001465056694 8.517771478E-06
41.8 0.0001431609948 -8.521487784E-06
42 0.0001432234832 -2.5575622E-05
42.2 0.0001466975983 -2.558679039E-05
42.4 0.0001433486239 8.532656182E-06
42.6 0.000139996722 -4.268192745E-05
42.8 0.0001332258417 -5.978082641E-05
43 0.0001264490376 -2.563156168E-05
43.2 0.0001230853392 -8.547592998E-06
43.4 0.0001231392294 1.710267075E-05
43.6 0.0001095050372 -4.277540517E-05
43.8 0.0001061294917 -2.567648992E-05
44 9.590092065E-05 -5.993807541E-05
44.2 9.594298246E-05 -9.422971491E-05
44.4 9.941311979E-05 -8.570096534E-06
44.6 8.916812994E-05 -1.71477173E-05
44.8 8.920729029E-05 -5.14657444E-05
45 8.581392794E-05 -2.574417838E-05
45.2 8.585164835E-05 -1.094210193E-20
45.4 8.245382586E-05 2.576682058E-05
45.6 7.905301364E-05 -8.592718874E-06
45.8 7.90878081E-05 -5.157900528E-05
46 7.91226332E-05 -1.720057244E-05
46.2 8.948237885E-05 1.971905681E-20
46.4 9.296496254E-05 2.582360071E-05
46.6 9.300595238E-05 3.444664903E-05
46.8 9.993934715E-05 1.98953729E-20
47 0.0001103265666 8.619263019E-06
47.2 0.0001138245033 3.449227373E-05
47.4 0.0001104240283 1.725375442E-05
47.6 0.0001173773752 5.17841361E-05
47.8 0.0001070678603 4.317252431E-05
48 0.000103659885 8.638323751E-06
48.2 0.0001002488938 5.185287611E-05
48.4 9.683488269E-05 2.593791501E-05
48.6 0.0001003376882 -1.713926018E-21
48.8 0.000107305051 3.461453257E-05
49 0.0001073526152 6.06022828E-05
49.2 0.0001074002217 3.464523282E-05
49.4 0.0001039818101 3.466060337E-05
49.6 0.000100560364 5.201398136E-05
49.8 9.366674067E-05 5.203707815E-05
50 8.676699245E-05 4.338349622E-05
50.2 8.333333333E-05 1.736111111E-05
50.4 7.989662072E-05 1.736883059E-05
50.6 7.298153915E-05 -8.68827847E-06
50.8 7.301401869E-05 8.692145082E-06
51 6.608971505E-05 -8.696015138E-06
51.2 6.611915367E-05 -1.739977728E-05
51.4 6.26671123E-05 3.481506239E-05
51.6 5.921199287E-05 3.483058404E-05
51.8 5.923840321E-05 1.742305977E-05
52 5.926483713E-05 8.715417224E-06
52.2 6.277901786E-05 -4.359654018E-05
52.4 6.978561858E-05 -7.85088209E-05
52.6 6.981680071E-05 -8.727100089E-05
52.8 6.984801073E-05 -7.857901207E-05
53 7.337321109E-05 -2.620471825E-05
53.2 7.340604027E-05 3.495525727E-05
53.4 7.343889884E-05 1.74854521E-05
53.6 7.347178683E-05 -2.623992387E-05
53.8 7.35047043E-05 3.500224014E-05
54 7.353765128E-05 4.377241147E-05
54.2 7.35706278E-05 6.13088565E-05
54.4 7.009869897E-05 5.257402423E-05
54.6 7.714317774E-05 3.506508079E-05
54.8 8.068590031E-05 6.139144589E-05
55 7.370283019E-05 8.774146451E-06
55.2 6.671348315E-05 8.778089888E-06
55.4 5.620503597E-05 8.782036871E-06
55.6 5.271592443E-05 8.785987404E-06
55.8 4.922367237E-05 2.498251631E-20
56 4.924583521E-05 1.033134754E-22
56.2 5.278716216E-05 -2.639358108E-05
56.4 5.633168094E-05 -2.640547544E-05
56.6 5.635707845E-05 2.641738052E-05
56.8 5.638249887E-05 8.809765449E-06
57 5.640794224E-05 1.274404999E-20
57.2 5.643340858E-05 -1.763544018E-05
57.4 5.645889792E-05 -2.64651084E-05
57.6 5.64844103E-05 1.765137822E-05
57.8 5.650994575E-05 3.531871609E-05
58 5.300203528E-05 7.066938037E-05
58.2 4.949095023E-05 9.721436652E-05
58.4 4.951335446E-05 1.768334088E-05
58.6 4.953577899E-05 -3.538269928E-05
58.8 4.955822383E-05 -6.194777979E-05
59 4.958068903E-05 -5.312216682E-05
59.2 4.96031746E-05 -2.657312925E-05
59.4 4.962568058E-05 8.861728675E-06
59.6 4.964820699E-05 3.546300499E-05
59.8 4.967075386E-05 1.773955495E-05
60 4.969332122E-05 8.87380736E-06
60.2 4.971590909E-05 2.663352273E-05
60.4 4.973851751E-05 3.552751251E-05
60.6 4.97611465E-05 3.554367607E-05
60.8 5.333978152E-05 3.555985435E-05
61 4.624886157E-05 -8.89401184E-06
61.2 4.626993166E-05 8.898063781E-06
61.4 4.27301732E-05 2.670635825E-05
61.6 4.2749658E-05 3.364212693E-20
61.8 3.920506387E-05 -1.782048358E-05
62 3.922295755E-05 -3.565723414E-05
62.2 3.924086758E-05 8.319797398E-21
62.4 3.925879397E-05 3.56898127E-05
62.6 3.570612431E-05 5.355918647E-05
62.8 2.857796068E-05 4.465306356E-05
63 2.859103385E-05 8.934698079E-06
63.2 2.145308924E-05 1.787757437E-05
63.4 2.146291209E-05 2.682864011E-05
63.6 1.789395328E-05 8.946976638E-06
63.8 1.432172319E-05 -2.685323098E-05
64 1.432828978E-05 -4.477590555E-05
64.2 1.075114679E-05 -4.479644495E-05
64.4 1.434144103E-05 -3.585360257E-05
64.6 1.434802571E-05 8.96751607E-06
64.8 1.435461644E-05 -8.971635278E-06
65 1.077090993E-05 -3.590303309E-05
65.2 7.183908046E-06 -8.979885057E-06
65.4 7.187212511E-06 1.796803128E-05
65.6 3.595260009E-06 8.988150023E-06
65.8 0 -8.992288214E-06
66 0 -5.39785813E-05
66.2 0 -3.600230415E-05
66.4 3.601890272E-06 2.963061571E-21
66.6 7.207103321E-06 2.581552093E-20
66.8 1.081564375E-05 -3.605214582E-05
67 1.442751616E-05 -6.312038319E-05
67.2 1.804272517E-05 -4.510681293E-05
67.4 2.166127542E-05 -2.707659427E-05
67.6 2.167128988E-05 9.029704115E-06
67.8 2.16813136E-05 -3.613552266E-05
68 2.16913466E-05 -4.519030541E-05
68.2 2.170138889E-05 -6.329571759E-05
68.4 2.171144048E-05 -2.71393006E-05
68.6 1.810125116E-05 4.52531279E-05
68.8 1.810964302E-05 3.170672023E-20
69 2.174165121E-05 2.651004866E-20
69.2 2.175174014E-05 9.063225058E-06
69.4 2.538881151E-05 -2.720229805E-05
69.6 2.177194612E-05 -1.814328843E-05
69.8 2.17820632E-05 4.537929833E-05
70 1.452812645E-05 5.44804742E-05
70.2 7.26744186E-06 4.542151163E-05
70.4 3.635411819E-06 4.544264774E-05
70.6 0 9.092760708E-06
70.8 0 9.096995808E-06
71 0 1.820246971E-05
71.2 0 8.19493007E-05
71.4 0 1.821944963E-05
71.6 0 -4.556987867E-05
71.8 0 -5.658575436E-21
72 0 3.24095932E-21
72.2 0 9.126752336E-06
72.4 0 -2.73930575E-05
72.6 3.654115996E-06 -3.654115996E-05
72.8 3.655825924E-06 -1.827912962E-05
73 3.657537453E-06 -1.828768727E-05
73.2 7.318501171E-06 2.744437939E-05
73.4 7.321930647E-06 5.491447985E-05
73.6 1.098804501E-05 9.156704173E-06
73.8 1.46575985E-05 -6.816146694E-21
74 1.466447677E-05 2.749589395E-05
74.2 1.100352113E-05 2.750880282E-05
74.4 7.33912635E-06 3.669563175E-05
74.6 3.671287594E-06 7.342575188E-05
74.8 0 5.509520451E-05
75 0 -1.837370649E-05
75.2 0 -1.838235294E-05
75.4 0 2.35471626E-20
75.6 3.679934056E-06 -1.839967028E-05
75.8 3.681668238E-06 -1.840834119E-05
76 3.683404055E-06 9.208510137E-06
76.2 3.685141509E-06 -9.212853774E-06
76.4 3.686880604E-06 -4.608600755E-05
76.6 3.688621341E-06 2.766466006E-05
76.8 3.690363722E-06 7.380727444E-05
77 3.69210775E-06 5.538161626E-05
77.2 0 5.540780142E-05
77.4 0 1.847800378E-05
77.6 0 3.69734974E-05
77.8 0 2.774325284E-05
78 3.700852676E-06 -9.252131691E-06
78.2 3.702606635E-06 -9.256516588E-06
78.4 3.704362257E-06 -4.630452821E-05
78.6 3.706119545E-06 -6.485709203E-05
78.8 3.7078785E-06 -7.415757E-05
79 3.709639126E-06 -4.637048908E-05
79.2 3.711401425E-06 -1.855700713E-05
79.4 3.713165399E-06 -1.8565827E-05
79.6 0 8.419905556E-21
79.8 0 -3.716698382E-05
80 0 -6.507317944E-05
80.2 0 -4.650297619E-05
80.4 0 -3.722010481E-05
80.6 0 -2.792838418E-05
80.8 0 -9.313900811E-06
81 0 -1.187352302E-20
81.2 0 -3.729116945E-05
81.4 0 -5.596346705E-05
81.6 0 -3.732680363E-05
81.8 0 -1.867232314E-05
82 0 -2.802187948E-05
82.2 0 -1.869019139E-05
82.4 0 -2.804870752E-05
82.6 0 -5.612428161E-05
82.8 0 -5.615117393E-05
83 0 -3.745206136E-05
83.2 0 -3.747002398E-05
83.4 3.748800384E-06 -5.623200576E-05
83.6 7.501200192E-06 -2.812950072E-05
83.8 7.504803074E-06 -2.814301153E-05
84 3.754204709E-06 9.385511773E-06
84.2 0 3.756009615E-05
84.4 0 -1.878908129E-05
84.6 0 -2.819718479E-05
84.8 0 -3.761434762E-05
85 0 -4.704058285E-05
85.2 0 -4.706325301E-05
85.4 0 -2.825156702E-05
85.6 0 9.42173179E-06
85.8 0 -1.885255792E-05
86 0 -4.715415258E-05
86.2 0 -1.887077295E-05
86.4 0 -2.83198405E-05
86.6 0 -5.666706963E-05
86.8 0 -2.834724238E-05
87 0 -4.902695131E-21
87.2 0 -2.837469734E-05
87.4 0 -4.731407461E-05
87.6 0 -3.786960737E-05
87.8 0 -4.735996605E-05
88 0 -1.895317807E-05
88.2 0 2.844356796E-05
88.4 0 -9.485794075E-06
88.6 0 -9.265034633E-21
88.8 0 9.495017015E-06
89 0 -3.799854086E-05
89.2 0 -3.801703163E-05
89.4 0 -4.754442551E-05
89.6 0 -2.854055041E-05
89.8 0 1.903630604E-05
90 0 2.856838128E-05
90.2 0 1.905487805E-05
90.4 0 -1.906417765E-05
90.6 0 -4.768371582E-05
90.8 0 -1.27648636E-20
91 0 1.909213099E-05
91.2 0 9.550733496E-06
91.4 0 1.911081213E-05
91.6 0 4.464236798E-21
91.8 0 -2.869429481E-05
92 0 -9.569451249E-06
92.2 0 2.872242647E-05
92.4 0 3.831535066E-05
92.6 3.833415113E-06 2.875061335E-05
92.8 7.670594011E-06 9.588242514E-06
93 1.151154224E-05 2.87788556E-05
93.2 1.151719902E-05 2.879299754E-05
93.4 1.152286136E-05 3.840953786E-05
93.6 1.152852927E-05 6.724975406E-05
93.8 1.153420276E-05 2.883550689E-05
94 1.153988183E-05 1.923313639E-05
94.2 1.15455665E-05 1.924261084E-05
94.4 1.155125678E-05 1.667435535E-21
94.6 1.155695266E-05 9.630793886E-06
94.8 1.156265417E-05 -1.241751964E-20
95 1.15683613E-05 9.640301086E-06
95.2 1.157407407E-05 9.645061728E-06
95.4 1.157979249E-05 1.477115851E-20
95.6 1.158551656E-05 2.763839887E-20
95.8 1.159124629E-05 -2.897811573E-05
96 1.159698169E-05 1.001927079E-20
96.2 1.160272277E-05 2.900680693E-05
96.4 1.160846954E-05 -9.673724616E-06
96.6 1.1614222E-05 2.158979511E-20
96.8 1.549330689E-05 4.841658404E-05
97 1.550099206E-05 3.875248016E-05
97.2 1.938585608E-05 9.221366908E-21
97.4 2.327457795E-05 2.909322244E-05
97.6 2.328614009E-05 2.910767511E-05
97.8 2.329771372E-05 -1.941476143E-05
98 2.330929886E-05 6.779319677E-21
98.2 2.332089552E-05 9.717039801E-06
98.4 2.333250373E-05 -1.944375311E-05
98.6 2.334412351E-05 -9.726718127E-06
98.8 1.946312905E-05 9.731564524E-06
99 1.947283151E-05 9.736415753E-06
99.2 1.948254364E-05 -2.425906217E-21
99.4 2.339071856E-05 1.949226547E-05
99.6 2.340239641E-05 1.9501997E-05
99.8 2.731643357E-05 -9.755869131E-06
100 2.342578711E-05 -7.007706617E-21
100.2 2.34375E-05 -2.9296875E-05
100.4 2.344922461E-05 9.770510255E-06
100.6 2.346096096E-05 3.91016016E-05
100.8 1.956059089E-05 -1.589565883E-20
101 2.348446894E-05 9.785195391E-06
101.2 2.34962406E-05 1.95802005E-05
101.4 2.350802407E-05 1.959002006E-05
101.6 2.351981937E-05 9.799924737E-06
101.8 2.353162651E-05 9.804844378E-06
102 2.35434455E-05 1.961953792E-05
102.2 2.355527638E-05 2.944409548E-05
102.4 1.963926596E-05 3.927853193E-05
102.6 1.964914487E-05 2.94737173E-05
102.8 1.965903372E-05 9.82951686E-06
103 1.966893253E-05 -9.834466264E-06
103.2 2.361460957E-05 -9.839420655E-06
103.4 1.575100806E-05 -1.968876008E-05
103.6 1.575895108E-05 -3.939737771E-05
103.8 1.576690212E-05 -2.956294147E-05
104 1.183114589E-05 -3.943715295E-05
104.2 1.183712121E-05 -3.945707071E-05
104.4 1.184310258E-05 -1.97385043E-05
104.6 1.184908999E-05 -9.874241658E-06
104.8 1.185508346E-05 -1.40984141E-20
105 1.1861083E-05 -9.88423583E-06
105.2 1.186708861E-05 -9.889240506E-06
105.4 1.18731003E-05 -9.894250253E-06
105.6 1.187911809E-05 9.899265079E-06
105.8 1.584685598E-05 -2.233930465E-20
106 1.585489599E-05 -1.981861999E-05
106.2 1.586294416E-05 -9.914340102E-06
106.4 1.587100051E-05 -3.112547617E-20
106.6 1.587906504E-05 -1.98488313E-05
106.8 1.588713777E-05 -2.309677226E-20
107 1.589521872E-05 3.97380468E-05
107.2 1.590330789E-05 9.93956743E-06
107.4 1.59114053E-05 9.94462831E-06
107.6 1.591951095E-05 4.974847173E-05
107.8 1.592762487E-05 5.972859327E-05
108 1.593574707E-05 1.991968383E-05
108.2 1.594387755E-05 2.989477041E-05
108.4 1.595201633E-05 4.985005105E-05
108.6 1.596016343E-05 2.992530644E-05
108.8 1.596831886E-05 9.980199285E-06
109 1.597648262E-05 -1.997060327E-05
109.2 1.598465473E-05 -4.767897787E-22
109.4 1.599283521E-05 2.998656602E-05
109.6 1.600102407E-05 -3.582425867E-20
109.8 8.004610656E-06 -1.33238145E-20
110 4.00435674E-06 2.00217837E-05
110.2 0 -2.003205128E-05
110.4 0 -6.01269882E-05
110.6 0 -6.015785421E-05
110.8 0 -4.012583462E-05
111 0 -5.018306783E-05
111.2 0 -7.029241645E-05
111.4 0 -4.01877572E-05
111.6 0 -1.005211014E-05
111.8 0 -3.017185891E-05
112 0 -4.02498712E-05
112.2 0 -1.006765464E-05
112.4 0 -2.829969061E-20
112.6 0 -2.015608875E-05
112.8 4.033298916E-06 -4.033298916E-05
113 4.035382231E-06 -1.008845558E-05
113.2 4.0374677E-06 -3.028100775E-05
113.4 8.079110651E-06 -8.079110651E-05
113.6 8.083290222E-06 -3.031233833E-05
113.8 8.08747412E-06 -2.02186853E-05
114 1.213749353E-05 -3.034373382E-05
114.2 1.619170984E-05 -1.011981865E-05
114.4 1.620010368E-05 -6.07503888E-05
114.6 1.215637967E-05 -6.078189834E-05
114.8 1.621691749E-05 -2.523875678E-20
115 1.622533749E-05 1.014083593E-05
115.2 1.217532468E-05 1.01461039E-05
115.4 1.218165281E-05 1.015137734E-05
115.6 1.625065003E-05 1.015665627E-05
115.8 1.62591051E-05 -5.903533796E-22
116 1.626756897E-05 -1.016723061E-05
116.2 1.627604167E-05 1.017252604E-05
116.4 1.628452319E-05 2.035565399E-05
116.6 1.629301356E-05 2.036626694E-05
116.8 1.630151278E-05 1.018844549E-05
117 1.631002088E-05 -3.374318712E-20
117.2 1.631853786E-05 -1.15357961E-20
117.4 1.632706374E-05 1.020441484E-05
117.6 1.633559854E-05 -3.062924726E-05
117.8 1.634414226E-05 -4.086035565E-05
118 1.635269492E-05 -1.371832621E-20
118.2 1.636125654E-05 2.045157068E-05
118.4 1.227737035E-05 -2.046228392E-05
118.6 1.228380503E-05 -2.047300839E-05
118.8 1.229024646E-05 3.072561615E-05
119 8.197796432E-06 1.024724554E-05
119.2 4.101049869E-06 3.075787402E-05
119.4 8.206407563E-06 6.154805672E-05
119.6 8.210719916E-06 2.052679979E-05
119.8 8.215036803E-06 2.053759201E-05
120 8.219358233E-06 2.054839558E-05
120.2 1.233552632E-05 7.162050616E-21
120.4 1.234202212E-05 -1.028501843E-05
120.6 8.232349842E-06 -4.116174921E-05
120.8 4.118344755E-06 -1.029586189E-05
121 4.120516878E-06 -3.890632063E-20
121.2 4.122691293E-06 -1.671712392E-20
121.4 4.124868004E-06 3.093651003E-05
121.6 4.127047015E-06 -2.063523508E-05
121.8 4.12922833E-06 -5.161535412E-05
122 8.262823903E-06 -8.62749429E-21
122.2 8.267195767E-06 -2.725666118E-22
122.4 1.240735839E-05 1.033946533E-05
122.6 1.241393008E-05 -1.034494174E-05
122.8 1.242050874E-05 -1.035042395E-05
123 1.242709438E-05 -1.035591198E-05
123.2 1.2433687E-05 -6.216843501E-05
123.4 1.244028662E-05 -3.110071656E-05
123.6 1.244689326E-05 -1.037241105E-05
123.8 1.245350691E-05 -2.075584485E-05
124 8.306751728E-06 1.038343966E-05
124.2 4.155585106E-06 -3.11668883E-05
124.4 4.1577967E-06 -7.276144226E-05
124.6 8.320021299E-06 -3.120007987E-05
124.8 1.248668087E-05 3.056063625E-20
125 1.249333689E-05 2.082222814E-05
125.2 1.25E-05 -1.367394785E-20
125.4 1.66755603E-05 3.126667556E-05
125.6 2.085557928E-05 5.213894821E-05
125.8 2.921340812E-05 3.130008013E-05
126 3.340459647E-05 1.04389364E-05
126.2 3.760026738E-05 2.088903743E-05
126.4 4.180042804E-05 2.090021402E-05
126.6 4.182280514E-05 1.045570128E-05
126.8 3.766068559E-05 7.509884633E-21
127 3.768086817E-05 -1.046690782E-05
127.2 3.770107239E-05 3.141756032E-05
127.4 3.353004292E-05 4.191255365E-05
127.6 2.93545357E-05 4.193505099E-05
127.8 2.51745435E-05 3.146817938E-05
128 2.938608275E-05 2.099005911E-05
128.2 3.360215054E-05 1.050067204E-05
128.4 3.782275417E-05 1.05063206E-05
128.6 3.784311087E-05 1.051197524E-05
128.8 3.78634895E-05 2.103527194E-05
129 3.367456897E-05 4.209321121E-05
129.2 2.948113208E-05 1.052897574E-05
129.4 2.949703344E-05 6.336264556E-21
129.6 2.951295197E-05 2.108067998E-05
129.8 2.952888769E-05 2.109206263E-05
130 2.954484063E-05 2.110345759E-05
130.2 2.956081081E-05 2.111486486E-05
130.4 2.957679827E-05 3.168942672E-05
130.6 2.959280303E-05 2.113771645E-05
130.8 2.960882512E-05 -4.551726807E-21
131 2.962486457E-05 1.058030878E-05
131.2 2.964092141E-05 2.117208672E-05
131.4 2.965699566E-05 4.236713666E-05
131.6 2.967308736E-05 5.2987656E-05
131.8 2.968919653E-05 3.180985342E-05
132 2.970532319E-05 1.0609044E-05
132.2 2.972146739E-05 4.245923913E-05
132.4 2.548939641E-05 6.372349103E-05
132.6 2.550326442E-05 3.187908052E-05
132.8 2.12642896E-05 2.12642896E-05
133 2.553104575E-05 4.255174292E-05
133.2 2.554495913E-05 5.321866485E-05
133.4 2.555888768E-05 6.389721919E-05
133.6 2.131069285E-05 3.196603928E-05
133.8 2.132232533E-05 -2.139221353E-20
134 2.133397051E-05 -1.40230656E-20
134.2 2.134562842E-05 1.067281421E-05
134.4 2.135729907E-05 3.203594861E-05
134.6 2.136898249E-05 -2.136898249E-05
134.8 2.138067871E-05 -4.276135742E-05
135 2.139238773E-05 -1.069619387E-05
135.2 1.712328767E-05 2.140410959E-05
135.4 1.713267544E-05 1.070792215E-05
135.6 1.285655513E-05 -4.285518376E-05
135.8 1.286361142E-05 -5.35983809E-05
136 1.71609006E-05 -4.290225151E-05
136.2 1.717032967E-05 -4.292582418E-05
136.4 1.71797691E-05 -1.073735569E-05
136.6 1.718921892E-05 2.333658607E-20
136.8 1.719867914E-05 -1.074917446E-05
137 1.720814978E-05 -2.151018722E-05
137.2 1.721763085E-05 -3.228305785E-05
137.4 1.722712238E-05 -1.076695149E-05
137.6 1.723662438E-05 -4.309156095E-05
137.8 1.724613687E-05 -6.467301325E-05
138 1.725565986E-05 -3.235436223E-05
138.2 1.726519337E-05 -3.237223757E-05
138.4 1.727473742E-05 -4.318684356E-05
138.6 1.728429204E-05 -5.401341261E-05
138.8 1.729385722E-05 -5.404330382E-05
139 1.7303433E-05 -5.407322813E-05
139.2 1.731301939E-05 -4.328254848E-05
139.4 1.732261641E-05 -4.35420087E-20
139.6 1.733222407E-05 -3.116702609E-20
139.8 1.30063818E-05 -5.419325749E-05
140 8.675735702E-06 -6.506801777E-05
140.2 4.340277778E-06 -4.340277778E-05
140.4 0 -4.342690384E-05
140.6 0 -4.345105673E-05
140.8 0 -5.434404563E-05
141 0 -5.437430401E-05
141.2 0 -4.352367688E-05
141.4 0 -2.177396878E-05
141.6 0 -2.178611266E-05
141.8 0 -5.449567522E-05
142 0 -5.452610274E-05
142.2 0 -2.18226257E-05
142.4 0 4.366964785E-05
142.6 0 5.461758949E-05
142.8 0 2.185926133E-05
143 0 1.244594461E-21
143.2 4.3767507E-06 -3.36718774E-21
143.4 0 -2.043197547E-20
143.6 0 -2.190830062E-05
143.8 0 -1.096029742E-05
144 0 2.193290286E-05
144.2 0 4.389044944E-05
144.4 0 2.195756043E-05
144.6 0 -1.098495501E-05
144.8 0 -1.099113675E-05
145 0 -4.785218754E-21
145.2 0 -1.100352113E-05
145.4 0 2.201944758E-05
145.6 4.406373378E-06 2.203186689E-05
145.8 4.408860045E-06 -1.314641798E-20
146 1.323404856E-05 1.10283738E-05
146.2 1.324152542E-05 -8.471992122E-21
146.4 1.766534765E-05 2.208168457E-05
146.6 1.767533937E-05 1.10470871E-05
146.8 1.768534239E-05 3.316001698E-05
147 1.769535674E-05 6.635758777E-05
147.2 1.327903683E-05 2.213172805E-05
147.4 8.857709751E-06 3.321641156E-05
147.6 8.862733976E-06 3.323525241E-05
147.8 8.867763905E-06 3.325411464E-05
148 4.436399773E-06 5.545499716E-05
148.2 0 1.109730114E-05
148.4 0 -1.735431334E-20
148.6 0 -2.349298949E-20
148.8 0 -1.111624929E-05
149 0 3.336773918E-05
149.2 0 3.338675214E-05
149.4 0 -7.849045033E-21
149.6 0 -1.565867115E-20
149.8 0 -1.114797374E-05
150 0 -1.725718318E-21
150.2 0 -5.669886576E-21
150.4 0 -2.233419097E-05
150.6 0 -3.352045195E-05
150.8 0 -6.707927876E-05
151 4.474513173E-06 -4.474513173E-05
151.2 4.477077364E-06 -3.357808023E-05
151.4 4.479644495E-06 -3.359733372E-05
151.6 4.482214573E-06 -3.361660929E-05
151.8 8.969575201E-06 -3.3635907E-05
152 1.346209075E-05 1.121840896E-05
152.2 1.795977011E-05 -1.26594417E-20
152.4 2.24626222E-05 -3.369393329E-05
152.6 2.697065593E-05 -3.371331991E-05
152.8 3.148388025E-05 -3.373272884E-05
153 3.150201613E-05 -1.125072005E-05
153.2 3.602305476E-05 2.251440922E-05
153.4 4.054930796E-05 3.379108997E-05
153.6 4.508078477E-05 1.127019619E-05
153.8 4.961749423E-05 -4.510681293E-05
154 5.415944541E-05 -1.128321779E-05
154.2 5.87066474E-05 -3.386921965E-05
154.4 6.325910931E-05 -3.388880856E-05
154.6 6.781684028E-05 2.260561343E-05
154.8 7.237984945E-05 9.543863647E-21
155 7.6948146E-05 -1.131590382E-05
155.2 8.152173913E-05 9.133366373E-21
155.4 8.156902552E-05 1.132903132E-05
155.6 8.16163668E-05 -1.13356065E-05
155.8 8.166376307E-05 1.134218931E-05
156 8.171121441E-05 -2.847412498E-21
156.2 8.175872093E-05 -2.216077216E-22
156.4 8.180628272E-05 2.272396742E-05
156.6 8.185389988E-05 -1.136859721E-05
156.8 9.100174723E-05 1.13752184E-05
157 9.105477855E-05 2.276369464E-05
157.2 9.110787172E-05 2.277696793E-05
157.4 9.116102684E-05 3.418538506E-05
157.6 9.121424402E-05 1.14017805E-05
157.8 9.126752336E-05 2.281688084E-05
158 8.675482174E-05 1.141510812E-05
158.2 9.137426901E-05 -3.426535088E-05
158.4 9.142773552E-05 -3.428540082E-05
158.6 9.148126464E-05 -1.143515808E-05
158.8 9.153485647E-05 -1.144185706E-05
159 9.158851114E-05 -1.144856389E-05
159.2 9.164222874E-05 -2.469510373E-21
159.4 8.711120892E-05 -1.146200117E-05
159.6 8.716236054E-05 1.202186004E-20
159.8 8.721357227E-05 1.147547004E-05
160 8.726484421E-05 -1.148221634E-05
160.2 8.731617647E-05 1.148897059E-05
160.4 8.276927604E-05 2.299146557E-05
160.6 8.741902238E-05 3.450750883E-05
160.8 7.365939894E-05 5.754640542E-05
161 6.90964033E-05 3.454820165E-05
161.2 6.913716814E-05 1.152286136E-05
161.4 6.45661157E-05 1.152966352E-05
161.6 5.537507383E-05 1.153647372E-05
161.8 4.617316785E-05 1.154329196E-05
162 4.158042578E-05 3.465035482E-05
162.2 3.698224852E-05 3.467085799E-05
162.4 3.237862641E-05 2.312759029E-05
162.6 2.776954976E-05 2.314129147E-05
162.8 2.778601067E-05 2.315500889E-05
163 2.316874259E-05 3.475311388E-05
163.2 2.318249258E-05 4.636498516E-05
163.4 1.391775534E-05 3.479438836E-05
163.6 9.284016637E-06 -2.321004159E-05
163.8 4.644768133E-06 -1.161192033E-05
164 0 1.161882808E-05
164.2 0 -2.32514881E-05
164.4 0 -2.326533651E-05
164.6 0 -2.049041947E-20
164.8 0 6.987924866E-05
165 0 8.157443317E-05
165.2 0 3.498134328E-05
165.4 0 2.333482676E-05
165.6 0 2.334877466E-05
165.8 4.672547847E-06 4.672547847E-05
166 4.675344105E-06 4.675344105E-05
166.2 4.678143713E-06 4.678143713E-05
166.4 9.361893349E-06 5.851183343E-05
166.6 1.405125899E-05 5.854691247E-05
166.8 1.874625075E-05 5.858203359E-05
167 2.344687875E-05 3.517031813E-05
167.2 2.346096096E-05 5.86524024E-05
167.4 2.34750601E-05 7.042518029E-05
167.6 2.818701143E-05 5.872294047E-05
167.8 3.290463297E-05 4.700661853E-05
168 3.762793498E-05 -1.991162937E-20
168.2 4.235692771E-05 -2.353162651E-05
168.4 4.709162146E-05 -2.354581073E-05
168.6 4.712002413E-05 -2.356001206E-05
168.8 5.186330718E-05 -1.914812631E-20
169 5.18946256E-05 3.538269928E-05
169.2 5.192598187E-05 2.360271903E-05
169.4 5.668077388E-05 1.180849456E-05
169.6 6.144131881E-05 1.181563823E-05
169.8 7.093674334E-05 -5.911395278E-05
170 7.571168988E-05 -7.097970927E-05
170.2 8.049242424E-05 -1.183712121E-05
170.4 8.054123711E-05 -5.922149788E-05
170.6 8.533070388E-05 -0.0001303663532
170.8 9.012598664E-05 -8.301077717E-05
171 9.967345079E-05 -4.7463548E-05
171.2 9.973404255E-05 -8.311170213E-05
171.4 0.000104546837 -9.504257908E-05
171.6 9.985544735E-05 -4.755021302E-05
171.8 0.0001046741778 -4.757917174E-05
172 0.0001094987812 -5.951020719E-05
172.2 0.0001095655488 -4.763719512E-05
172.4 0.0001191656498 -5.958282489E-05
172.6 0.0001287774725 -5.961920024E-05
172.8 0.0001384010385 1.193112401E-05
173 0.0001480363692 4.775366748E-05
173.2 0.0001529051988 -4.778287462E-05
173.4 0.000172123623 -5.976514688E-05
173.6 0.000177013166 1.196034905E-05
173.8 0.000181908701 1.19676777E-05
174 0.0001868102391 -3.592504598E-05
174.2 0.0001917177914 -3.594708589E-05
174.4 0.0001918354819 -4.795887047E-05
174.6 0.0001967521499 -2.399416462E-05
174.8 0.0002016748617 2.400891211E-05
175 0.0001969941574 1.201183887E-05
175.2 0.0001971153846 -2.77340383E-20
175.4 0.0001972367611 -1.202663177E-05
175.6 0.0002021719039 -1.20340419E-05
175.8 0.0002071131319 -8.37465284E-21
176 0.0002072409007 -2.409777915E-05
176.2 0.0002170138889 -2.850291328E-21
176.4 0.0002171479308 4.825509574E-05
176.6 0.0002027966625 2.414245983E-05
176.8 0.0002029220779 3.623608534E-05
177 0.000188544245 7.251701733E-05
177.2 0.000193498452 6.046826625E-05
177.4 0.0001839374226 -1.210114622E-05
177.6 0.0001792079975 -2.173578111E-20
177.8 0.0001696262407 3.634848015E-05
178 0.0001551831161 -3.637104283E-05
178.2 0.0001455745342 -3.639363354E-05
178.4 0.000140809509 -2.427750155E-05
178.6 0.0001360385572 -3.643889925E-05
178.8 0.0001312616677 3.646157436E-05
179 0.0001264788294 3.648427771E-05
179.2 0.0001168224299 -2.433800623E-05
179.4 0.0001120246259 -1.217658978E-05
179.6 0.0001023471616 -3.65525577E-05
179.8 9.753433208E-05 -4.876716604E-05
180 9.271549032E-05 1.219940662E-05
180.2 8.30078125E-05 2.44140625E-05
180.4 7.32879925E-05 3.664399625E-05
180.6 6.355600751E-05 3.666692741E-05
180.8 5.870381966E-05 3.668988729E-05
181 5.384555138E-05 1.223762531E-05
181.2 5.387931034E-05 1.224529781E-05
181.4 4.90119197E-05 7.351787955E-05
181.6 5.394695543E-05 3.678201507E-05
181.8 4.907349246E-05 1.226837312E-05
182 5.401477058E-05 2.455216845E-05
182.2 5.404874214E-05 -2.456761006E-05
182.4 5.408275645E-05 -1.229153556E-05
182.6 5.41168136E-05 3.420967736E-20
182.8 5.415091367E-05 -3.69210775E-05
183 5.418505675E-05 -2.462957125E-05
183.2 4.929022082E-05 -4.929022082E-05
183.4 4.932133838E-05 -4.932133838E-05
183.6 4.935249526E-05 -4.935249526E-05
183.8 4.938369153E-05 1.329758833E-20
184 4.447343454E-05 1.235373182E-05
184.2 4.450158228E-05 -2.472310127E-05
184.4 3.463426219E-05 -1.236937935E-05
184.6 2.970532319E-05 -2.475443599E-05
184.8 2.97241598E-05 -2.477013316E-05
185 2.97430203E-05 -6.196462563E-05
185.2 2.976190476E-05 -6.200396825E-05
185.4 2.978081321E-05 -4.963468869E-05
185.6 3.476636999E-05 -0.0001117490464
185.8 3.478848601E-05 -9.93956743E-05
186 3.481063017E-05 -8.702657543E-05
186.2 3.483280255E-05 -4.97611465E-05
186.4 3.485500319E-05 1.244821542E-05
186.6 3.487723214E-05 -2.491230867E-05
186.8 3.489948947E-05 2.330968305E-20
187 3.492177522E-05 2.494412516E-05
187.2 3.494408946E-05 1.248003195E-05
187.4 3.496643223E-05 3.746403453E-05
187.6 3.498880358E-05 4.998400512E-05
187.8 3.501120359E-05 1.250400128E-05
188 3.503363229E-05 -3.753603459E-05
188.2 4.006410256E-05 2.50400641E-05
188.4 3.507857601E-05 3.758418858E-05
188.6 4.011553273E-05 1.126187324E-20
188.8 3.51236352E-05 2.508831085E-05
189 3.514620823E-05 2.510443445E-05
189.2 3.516881029E-05 2.512057878E-05
189.4 3.519144144E-05 2.513674389E-05
189.6 3.521410174E-05 1.257646491E-05
189.8 3.523679124E-05 1.25845683E-05
190 3.022243714E-05 2.518536428E-05
190.2 3.024193548E-05 3.780241935E-05
190.4 2.52178825E-05 3.782682376E-05
190.6 2.01873385E-05 3.785125969E-05
190.8 1.515029089E-05 3.787572721E-05
191 1.010672704E-05 2.526681759E-05
191.2 5.056634304E-06 -1.21998515E-20
191.4 0 -1.264977332E-05
191.6 0 1.649203634E-20
191.8 0 2.533236057E-05
192 0 1.267439974E-05
192.2 0 5.063331391E-20
192.4 0 2.538174139E-05
192.6 0 -2.539824447E-05
192.8 0 -5.082953806E-05
193 0 -2.54313151E-05
193.2 0 -2.544788274E-05
193.4 0 -2.546447197E-05
193.6 0 5.045050969E-21
193.8 0 1.27488577E-05
194 0 -1.315528699E-20
194.2 0 -1.276552288E-05
194.4 0 -1.277387181E-05
194.6 0 1.278223168E-05
194.8 0 5.116240995E-05
195 0 3.839695282E-05
195.2 0 2.56147541E-05
195.4 0 3.844734252E-05
195.6 0 1.282419567E-05
195.8 0 1.070042285E-20
196 0 1.284105851E-05
196.2 0 3.854851974E-05
196.4 0 3.85738973E-05
196.6 0 1.28664361E-05
196.8 0 1.28749176E-05
197 0 1.288341029E-05
197.2 0 1.289191419E-05
197.4 0 3.870128798E-05
197.6 0 2.581791143E-05
197.8 0 1.291749339E-05
198 0 5.170416942E-05
198.2 0 3.880380795E-05
198.4 0 1.294317429E-05
198.6 0 1.295175729E-05
198.8 0 -2.592070338E-05
199 0 -2.593791501E-05
199.2 0 -1.63072309E-20
199.4 0 -2.597240691E-05
199.6 0 -3.898453094E-05
199.8 0 -3.901048602E-05
200 0 -5.204863424E-05
200.2 0 -6.510416667E-05
200.4 0 -9.120663776E-05
200.6 0 -7.822930574E-05
200.8 0 -2.609385438E-05
201 0 2.611129679E-05
201.2 0 1.306438127E-05
201.4 0 1.307312584E-05
201.6 0 5.232752847E-05
201.8 0 2.618130027E-05
202 0 5.239771965E-05
202.2 0 6.554110738E-05
202.4 5.24680994E-06 3.935107455E-05
202.6 0 3.937752016E-05
202.8 5.253866846E-06 1.313466711E-05
203 5.257402423E-06 -2.933602769E-21
203.2 0 -1.371478372E-20
203.4 0 2.22052874E-21
203.6 0 2.508987476E-20
203.8 0 -2.635796221E-05
204 5.275151924E-06 -3.956363943E-05
204.2 0 -3.959037162E-05
204.4 0 -3.961713996E-05
204.6 0 -2.642929635E-05
204.8 0 -1.322359513E-05
205 0 1.32325542E-05
205.2 0 1.137227562E-20
205.4 0 1.325050882E-05
205.6 0 1.325950441E-05
205.8 0 -5.307404891E-05
206 0 -3.983259687E-05
206.2 0 -1.328656463E-05
206.4 0 -2.659121852E-05
206.6 0 -3.991399864E-05
206.8 0 -3.994120654E-05
207 0 -3.996845157E-05
207.2 0 -6.665955631E-05
207.4 0 -5.336407104E-05
207.6 0 -2.670027341E-05
207.8 0 -1.335926813E-05
208 0 2.673682409E-05
208.2 0 2.675513699E-05
208.4 0 -1.338673749E-05
208.6 0 1.306309248E-20
208.8 0 1.9183619E-21
209 0 -1.341432005E-05
209.2 0 2.684707904E-05
209.4 0 2.686554333E-05
209.6 0 1.40514532E-20
209.8 0 4.210630384E-21
210 0 -1.346054445E-05
210.2 0 -2.693965517E-05
210.4 0 3.15686345E-20
210.6 0 1.348843232E-05
210.8 0 2.389340267E-20
211 0 9.312258747E-21
211.2 0 -3.497154501E-21
211.4 0 1.35257964E-05
211.6 0 2.707033957E-05
211.8 0 5.417822469E-05
212 0 5.421582235E-05
212.2 0 4.069010417E-05
212.4 0 5.429117443E-05
212.6 0 4.07466968E-05
212.8 0 3.00312888E-20
213 0 -1.230313905E-21
213.2 0 1.361062718E-05
213.4 0 1.362011855E-05
213.6 0 2.725924634E-05
213.8 0 4.091742318E-05
214 0 2.729734451E-05
214.2 0 4.152061927E-20
214.4 0 -1.41365641E-21
214.6 0 1.367734594E-05
214.8 0 1.368693062E-05
215 5.478611501E-06 -1.369652875E-05
215.2 0 -4.111842105E-05
215.4 1.097261236E-05 -2.74315309E-05
215.6 1.098032326E-05 1.372540408E-05
215.8 1.098804501E-05 2.747011252E-05
216 1.649366643E-05 2.748944405E-05
216.2 1.650528169E-05 1.375440141E-05
216.4 1.651691332E-05 5.505637773E-05
216.6 1.10190409E-05 4.132140339E-05
216.8 2.205363444E-05 2.756704305E-05
217 1.655190678E-05 4.137976695E-05
217.2 5.521201413E-06 5.521201413E-05
217.4 1.105021216E-05 4.143829562E-05
217.6 5.529016277E-06 -5.513422501E-21
217.8 0 4.149699008E-05
218 0 -5.848386688E-21
218.2 0 -5.540780142E-05
218.4 0 -4.158534422E-05
218.6 0 -1.387162642E-05
218.8 0 -1.388148543E-05
219 0 -1.389135846E-05
219.2 0 1.390124555E-05
219.4 0 1.391114672E-05
219.6 0 1.392106201E-05
219.8 0 1.393099144E-05
220 0 -1.536338021E-20
220.2 0 -2.790178571E-05
220.4 0 -4.188259471E-05
220.6 0 -2.794170243E-05
220.8 0 -2.796170365E-05
221 0 -2.798173352E-05
221.2 0 -1.400089606E-05
221.4 0 -1.401093974E-05
221.6 0 -2.804199569E-05
221.8 0 1.40310704E-05
222 0 2.808231488E-05
222.2 0 1.405125899E-05
222.4 0 -2.147377097E-20
222.6 0 -7.035752882E-05
222.8 0 -5.632660418E-05
223 0 2.737738333E-21
223.2 0 -1.410198556E-05
223.4 0 -2.951934347E-20
223.6 0 -1.412237889E-05
223.8 0 -1.413259768E-05
224 5.657132513E-06 2.828566256E-05
224.2 1.132246377E-05 -1.415307971E-05
224.4 1.13306744E-05 -2.8326686E-05
224.6 1.133889695E-05 -2.834724238E-05
224.8 1.134713145E-05 -5.673565723E-05
225 1.135537791E-05 -4.258266715E-05
225.2 5.681818182E-06 -2.840909091E-05
225.4 0 -5.685953421E-05
225.6 0 -5.690094683E-05
225.8 0 -2.847120991E-05
226 5.698395332E-06 -1.424598833E-05
226.2 5.702554745E-06 2.851277372E-05
226.4 5.706720234E-06 4.280040175E-05
226.6 5.710891813E-06 2.855445906E-05
226.8 5.715069495E-06 -5.652380264E-20
227 5.719253294E-06 2.859626647E-05
227.2 5.723443223E-06 4.292582418E-05
227.4 5.727639296E-06 -1.431909824E-05
227.6 5.731841526E-06 1.432960382E-05
227.8 5.736049927E-06 -1.434012482E-05
228 5.740264511E-06 -4.305198384E-05
228.2 5.744485294E-06 -1.318050705E-20
228.4 5.748712288E-06 -2.874356144E-05
228.6 5.752945508E-06 -1.438236377E-05
228.8 5.757184967E-06 -3.489200355E-21
229 5.761430678E-06 -2.880715339E-05
229.2 5.765682657E-06 -5.765682657E-05
229.4 1.153988183E-05 -5.769940916E-05
229.6 1.154841094E-05 -2.887102735E-05
229.8 1.155695266E-05 -5.778476331E-05
230 1.734826055E-05 -7.228441895E-05
230.2 1.736111111E-05 -4.340277778E-05
230.4 1.737398073E-05 -4.343495182E-05
230.6 1.738686944E-05 -0.000101423405
230.8 1.739977728E-05 -7.249907201E-05
231 1.160846954E-05 -2.902117385E-05
231.2 1.161710037E-05 -7.260687732E-05
231.4 1.743861607E-05 -5.812872024E-05
231.6 1.16344006E-05 -1.454300074E-05
231.8 5.821535022E-06 2.910767511E-05
232 5.825876212E-06 1.456469053E-05
232.2 0 -2.91511194E-05
232.4 5.834578043E-06 -1.458644511E-05
232.6 5.838938714E-06 -1.459734679E-05
232.8 5.843305909E-06 -2.921652954E-05
233 5.847679641E-06 -1.46191991E-05
233.2 5.852059925E-06 -3.340946862E-21
233.4 5.856446777E-06 6.304457487E-21
233.6 5.86084021E-06 1.465210053E-05
233.8 0 1.46631006E-05
234 5.869646882E-06 1.467411721E-05
234.2 5.87406015E-06 1.468515038E-05
234.4 5.87848006E-06 8.186550313E-21
234.6 5.882906627E-06 -1.470726657E-05
234.8 5.887339864E-06 9.654139481E-22
235 5.891779789E-06 -1.472944947E-05
235.2 1.179245283E-05 -2.948113208E-05
235.4 1.180135952E-05 2.950339879E-05
235.6 5.905139834E-06 2.952569917E-05
235.8 0 2.225637654E-20
236 5.914080242E-06 1.478520061E-05
236.2 5.918560606E-06 4.438920455E-05
236.4 5.923047763E-06 4.442285823E-05
236.6 1.185508346E-05 -1.088026836E-20
236.8 1.779612756E-05 1.48301063E-05
237 1.18731003E-05 1.484137538E-05
237.2 1.188212928E-05 -4.455798479E-05
237.4 1.189117199E-05 -1.486396499E-05
237.6 5.950114242E-06 8.664344854E-21
237.8 5.95464939E-06 -1.488662348E-05
238 5.959191457E-06 2.922581312E-20
238.2 5.963740458E-06 1.490935115E-05
238.4 5.968296409E-06 1.349787302E-20
238.6 1.194571865E-05 1.493214832E-05
238.8 1.195485845E-05 4.48307192E-05
239 1.794601838E-05 5.982006126E-05
239.2 2.394636015E-05 5.986590038E-05
239.4 2.995590491E-05 4.493385736E-05
239.6 3.597467383E-05 1.498944743E-05
239.8 4.200268817E-05 -1.500096006E-05
240 4.803996925E-05 4.503747118E-05
240.2 4.807692308E-05 6.009615385E-05
240.4 5.412817552E-05 -3.83328274E-21
240.6 6.018875193E-05 -1.504718798E-05
240.8 6.023515806E-05 -8.685682309E-21
241 6.02816358E-05 1.507040895E-05
241.2 6.032818533E-05 3.162916405E-21
241.4 6.641228748E-05 -1.50937017E-05
241.6 7.250580046E-05 3.021075019E-05
241.8 7.25619195E-05 3.023413313E-05
242 7.866963594E-05 2.115729654E-20
242.2 8.478682171E-05 -1.514050388E-05
242.4 9.091349884E-05 -1.515224981E-05
242.6 9.704968944E-05 -3.032802795E-05
242.8 0.0001031954157 -1.517579643E-05
243 0.0001093506998 -3.159144599E-20
243.2 0.0001094357977 -3.039883268E-05
243.4 0.0001156055296 1.026783366E-20
243.6 0.0001217848792 1.52231099E-05
243.8 0.000127973869 -1.52349844E-05
244 0.0001341725215 -3.049375488E-05
244.2 0.0001403808594 1.525878906E-05
244.4 0.0001465989054 2.9384475E-20
244.6 0.0001528266823 -1.528266823E-05
244.8 0.0001529463587 1.529463587E-05
245 0.0001591888715 -1.530662226E-05
245.2 0.0001531862745 -1.531862745E-05
245.4 0.0001533065149 2.342012856E-20
245.6 0.0001534269442 1.534269442E-05
245.8 0.0001535475629 1.535475629E-05
246 0.0001536683714 1.536683714E-05
246.2 0.0001537893701 1.537893701E-05
246.4 0.0001539105595 1.539105595E-05
246.6 0.0001540319401 4.620958202E-05
246.8 0.0001479873717 3.083070245E-05
247 0.0001542752765 -4.628258294E-05
247.2 0.0001543972332 -6.175889328E-05
247.4 0.0001607001582 -1.545193829E-05
247.6 0.0001670130641 -3.092834521E-05
247.8 0.0001733359746 -4.642927892E-05
248 0.0001858643933 -1.548869944E-05
248.2 0.0001860119048 1.550099206E-05
248.4 0.0001861596505 1.551330421E-05
248.6 0.0001987281399 4.657690779E-05
248.8 0.0001988862371 3.107597454E-05
249 0.0002114848726 -3.110071656E-05
249.2 0.0002116533865 3.112549801E-05
249.4 0.0002180522329 0.0001090261164
249.6 0.0002244612929 0.0001091131285
249.8 0.0002308805911 7.800019968E-05
250 0.0002435551559 9.367505995E-05
250.2 0.00024375 6.25E-05
250.4 0.0002502001601 -4.691253002E-05
250.6 0.0002629206731 6.260016026E-05
250.8 0.0002631315156 0.0001722884924
251 0.0002633426966 9.405096308E-05
251.2 0.0002635542169 7.843875502E-05
251.4 0.0002637660772 9.420217042E-05
251.6 0.0002639782784 6.285197104E-05
251.8 0.0002641908213 7.862822061E-05
252 0.0002644037067 3.147663175E-05
252.2 0.0002646169355 -3.150201613E-05
252.4 0.0002648305085 3.578616749E-21
252.6 0.0002650444265 1.577645396E-05
252.8 0.0002652586904 3.157841552E-05
253 0.000265473301 3.16039644E-05
253.2 0.0002656882591 1.581477733E-05
253.4 0.0002659035656 -1.582759319E-05
253.6 0.0002597830495 -2.081852716E-20
253.8 0.0002536525974 7.82113086E-22
254 0.0002475121852 -3.173233144E-05
254.2 0.0002413617886 -1.587906504E-05
254.4 0.0002415581774 3.178397071E-05
254.6 0.000241754886 1.590492671E-05
254.8 0.0002483190709 5.120628578E-21
255 0.000248521615 3.186174551E-05
255.2 0.0002487244898 4.783163265E-05
255.4 0.0002553104575 4.787071078E-05
255.6 0.000255519215 -3.193990188E-05
255.8 0.0002493351064 -3.196603928E-05
256 0.000249539312 1.599610975E-05
256.2 0.0002369364754 1.600922131E-05
256.4 0.0002307219032 3.204470878E-05
256.6 0.0002180829228 3.207101806E-05
256.8 0.00021826212 8.024342646E-05
257 0.0002055921053 9.637129934E-05
257.2 0.0001993312757 3.215020576E-05
257.4 0.0002059308072 4.826503295E-05
257.6 0.0002125412201 9.660964551E-05
257.8 0.0002191625413 6.445957096E-05
258 0.0002257947977 4.83845995E-05
258.2 0.0002324380165 4.842458678E-05
258.4 0.000239092225 1.615488007E-05
258.6 0.0002457574503 1.616825331E-05
258.8 0.0002459610605 1.618164872E-05
259 0.0002461650083 -1.619506633E-05
259.2 0.0002463692946 4.862551867E-05
259.4 0.0002465739203 -1.834051411E-20
259.6 0.0002532730673 -8.117726517E-05
259.8 0.0002599833611 2.658605841E-20
260 0.0002667048293 1.626248959E-05
260.2 0.0002734375 1.756147309E-23
260.4 0.0002801814012 3.961276595E-20
260.6 0.0002869365609 1.630321369E-05
260.8 0.0002806495405 6.5267335E-05
261 0.0002808841973 6.532190635E-05
261.2 0.00027458159 3.268828452E-05
261.4 0.0002748115578 3.271566164E-05
261.6 0.0002684932942 3.274308466E-05
261.8 0.0002621644295 3.277055369E-05
262 0.000255824937 1.639903442E-05
262.2 0.000262605042 1.641281513E-05
262.4 0.0002628259041 3.285323802E-05
262.6 0.0002564709596 4.932133838E-05
262.8 0.0002501053075 4.936288964E-05
263 0.0002503161889 1.646817032E-05
263.2 0.0002571202532 -1.597767203E-20
263.4 0.0002573374155 -1.649598818E-05
263.6 0.0002509509721 3.301986475E-05
263.8 0.0002379441624 4.957170051E-05
264 0.000224915326 -2.345171107E-20
264.2 0.0002251059322 -1.655190678E-05
264.4 0.00023192324 1.656594572E-05
264.6 0.0002321201188 4.974002547E-05
264.8 0.0002256796941 -1.659409516E-05
265 0.0002258715986 1.660820578E-05
265.2 0.0002194148936 6.64893617E-05
265.4 0.0001996379898 1.663649915E-05
265.6 0.0001798273657 1.665068201E-05
265.8 0.0001666488908 4.999466724E-05
266 0.0001534479078 3.335824082E-05
266.2 0.0001335470085 1.669337607E-05
266.4 0.000120295124 6.683062447E-05
266.6 0.0001070205479 0.0001003317637
266.8 9.372322194E-05 8.368144816E-05
267 8.710334477E-05 3.350128645E-05
267.2 8.0472103E-05 -3.353004292E-05
267.4 8.725300687E-05 -1.67794244E-05
267.6 8.061049011E-05 1.679385211E-05
267.8 7.395654045E-05 -1.680830465E-05
268 7.402024117E-05 -1.682278208E-05
268.2 8.081896552E-05 1.683728448E-05
268.4 8.088869715E-05 5.055543572E-05
268.6 6.071891192E-05 1.686636442E-05
268.8 6.077139153E-05 3.618653599E-20
269 6.082396194E-05 1.689554498E-05
269.2 5.411255411E-05 -1.691017316E-05
269.4 4.738951473E-05 -1.692482669E-05
269.6 4.743061578E-05 -3.387901127E-05
269.8 5.425347222E-05 -3.57694955E-20
270 4.751303215E-05 1.819141237E-20
270.2 5.434782609E-05 -5.095108696E-05
270.4 6.119451697E-05 -3.399695387E-05
270.6 6.805313589E-05 -1.701328397E-05
270.8 6.811246731E-05 -3.405623365E-05
271 6.817190227E-05 -5.11289267E-05
271.2 6.823144105E-05 -1.785380161E-20
271.4 6.146197552E-05 -1.707277098E-05
271.6 6.151574803E-05 -3.417541557E-05
271.8 6.156961471E-05 -3.420534151E-05
272 6.847063979E-05 -6.847063979E-05
272.2 6.853070175E-05 -8.566337719E-05
272.4 6.859086918E-05 -0.0001028863038
272.6 6.865114236E-05 -6.865114236E-05
272.8 6.871152155E-05 -6.871152155E-05
273 6.877200704E-05 -5.157900528E-05
273.2 6.883259912E-05 -1.720814978E-05
273.4 6.889329806E-05 -6.016304874E-21
273.6 6.895410415E-05 -1.723852604E-05
273.8 6.901501767E-05 -5.176126325E-05
274 6.90760389E-05 -1.726900973E-05
274.2 6.913716814E-05 -1.141018213E-20
274.4 6.919840567E-05 -4.469605819E-20
274.6 6.925975177E-05 1.731493794E-05
274.8 6.932120674E-05 1.733030169E-05
275 6.938277087E-05 1.734569272E-05
275.2 6.944444444E-05 3.472222222E-05
275.4 6.950622776E-05 3.475311388E-05
275.6 6.95681211E-05 -1.739203028E-05
275.8 6.963012478E-05 -5.222259358E-05
276 6.969223907E-05 -1.742305977E-05
276.2 6.975446429E-05 -3.487723214E-05
276.4 6.981680071E-05 -3.490840036E-05
276.6 6.987924866E-05 -3.493962433E-05
276.8 6.994180842E-05 -3.497090421E-05
277 7.000448029E-05 8.563946534E-21
277.2 6.306053812E-05 1.751681614E-05
277.4 6.311714542E-05 -1.753254039E-05
277.6 6.317385445E-05 -5.264487871E-05
277.8 6.323066547E-05 -3.512814748E-05
278 5.625562556E-05 1.757988299E-05
278.2 4.926801802E-05 -1.759572072E-05
278.4 5.635707845E-05 -1.761158702E-05
278.6 4.935694946E-05 1.762748195E-05
278.8 5.645889792E-05 -1.76434056E-05
279 5.650994575E-05 3.531871609E-05
279.2 6.363122172E-05 3.535067873E-05
279.4 6.36888587E-05 7.076539855E-05
279.6 6.374660018E-05 8.85369447E-05
279.8 7.08938294E-05 1.772345735E-05
280 6.386239782E-05 2.538032391E-20
280.2 6.392045455E-05 -1.775568182E-05
280.4 6.397861692E-05 -5.33155141E-05
280.6 7.115209472E-05 -3.557604736E-05
280.8 7.121695533E-05 1.570424752E-20
281 7.128193431E-05 1.782048358E-05
281.2 7.848173516E-05 -1.783675799E-05
281.4 9.283592322E-05 -7.141224863E-05
281.6 0.0001072163769 -7.147758463E-05
281.8 0.0001144688645 -7.154304029E-05
282 0.0001217346471 -1.790215399E-05
282.2 0.0001218463303 3.583715596E-05
282.4 0.0001147842057 1.266848004E-20
282.6 0.0001077090993 1.795151654E-05
282.8 0.0001006209752 5.390409384E-05
283 9.351979742E-05 3.596915285E-05
283.2 8.640552995E-05 3.600230415E-05
283.4 7.927813653E-05 2.901681202E-21
283.6 7.935133887E-05 -3.60687904E-05
283.8 7.220425139E-05 -3.610212569E-05
284 7.227104533E-05 -9.033880666E-05
284.2 7.233796296E-05 -5.425347222E-05
284.4 7.240500463E-05 -1.810125116E-05
284.6 7.971938776E-05 -3.623608534E-05
284.8 7.979340761E-05 -7.253946147E-05
285 8.712825279E-05 -0.000108910316
285.2 8.720930233E-05 -9.084302326E-05
285.4 8.729050279E-05 -7.274208566E-05
285.6 8.737185461E-05 -7.280987884E-05
285.8 9.474113806E-05 -9.109724813E-05
286 0.000102124183 -5.470938375E-05
286.2 0.000109521028 -5.476051402E-05
286.4 0.0001096234799 -5.481173994E-05
286.6 0.0001170411985 2.112177514E-20
286.8 0.0001171508903 -1.830482662E-05
287 0.000117260788 -1.832199812E-05
287.2 0.0001100352113 5.501760563E-05
287.4 9.545347744E-05 0.0001101386278
287.6 8.084430856E-05 0.0001286159454
287.8 7.356403013E-05 3.678201507E-05
288 6.627002828E-05 -1.840834119E-05
288.2 5.896226415E-05 1.842570755E-05
288.4 4.426345609E-05 -9.941292622E-21
288.6 3.69210775E-05 -3.69210775E-05
288.8 2.956480605E-05 -3.695600757E-05
289 2.959280303E-05 -1.849550189E-05
289.2 3.702606635E-05 -1.865505808E-20
289.4 4.447343454E-05 -3.191662832E-20
289.6 5.193494777E-05 5.564458689E-05
289.8 5.198431559E-05 9.282913498E-05
290 4.460038059E-05 5.575047574E-05
290.2 4.464285714E-05 1.860119048E-05
290.4 4.468541468E-05 -3.723784557E-05
290.6 5.963740458E-05 -0.0001304568225
290.8 7.461795606E-05 -0.0001119269341
291 8.962715105E-05 -9.336161568E-05
291.2 0.0001046650718 -7.476076555E-05
291.4 0.0001122485632 -1.870809387E-05
291.6 0.0001198465964 -1.872603068E-05
291.8 0.0001274592131 -3.748800384E-05
292 0.0001350864553 -5.628602305E-05
292.2 0.0001427283654 -3.756009615E-05
292.4 0.0001503849856 -3.759624639E-05
292.6 0.0001505298651 1.17889956E-20
292.8 0.0001506750241 3.355028373E-20
293 0.0001432794402 3.681949253E-20
293.2 0.0001434178744 1.887077295E-05
293.4 0.0001511121857 -1.888902321E-05
293.6 0.0001512584705 -3.781461762E-05
293.8 0.0001438347868 1.892562984E-05
294 0.0001363967022 9.47199321E-05
294.2 0.0001289441748 1.896237864E-05
294.4 0.0001214771623 -1.898080661E-05
294.6 0.0001139956226 7.599708171E-05
294.8 9.889240506E-05 7.607108082E-05
295 9.898879142E-05 1.903630604E-05
295.2 9.908536585E-05 -3.81097561E-05
295.4 9.155273438E-05 -0.000114440918
295.6 8.400537634E-05 -5.727639296E-05
295.8 8.408757339E-05 3.822162427E-05
296 9.947355534E-05 -5.738858962E-05
296.2 9.957107843E-05 3.675869539E-20
296.4 9.200196271E-05 5.750122669E-05
296.6 9.976669941E-05 1.918590373E-05
296.8 0.000107546706 1.920476893E-05
297 0.0001153420276 -1.922367126E-05
297.2 0.000115455665 -3.948070284E-20
297.4 0.0001309787968 -7.704635108E-05
297.6 0.0001388203356 -7.712240869E-05
297.8 0.0001466773715 3.85993083E-05
298 0.0001622774481 3.863748764E-05
298.2 0.0001856435644 1.933787129E-05
298.4 0.0001935703667 1.935703667E-05
298.6 0.0002092633929 3.875248016E-05
298.8 0.0002249875869 1.939548163E-05
299 0.0002407430417 1.941476143E-05
299.2 0.0002409825871 -1.138802049E-20
299.4 0.0002412226096 -7.781374502E-05
299.6 0.0002414631107 -1.947283151E-05
299.8 0.0002339071856 1.949226547E-05
300 0.0002263361638 1.147520406E-20
300.2 0.0002265625 1.953125E-05
300.4 0.000218968969 1.95508008E-05
300.6 0.0002191883768 -7.828156313E-05
300.8 0.0002115722166 -0.0001175401204
301 0.0002196285141 -9.804844378E-05
301.2 0.0002198492462 -7.851758794E-05
301.4 0.0002122107646 3.929828974E-05
301.6 0.0002045568983 -1.966893253E-05
301.8 0.0002205141129 -7.875504032E-05
302 0.0002049697275 3.94172553E-05
302.2 0.0001972853535 1.972853535E-05
302.4 0.0002053842265 -1.974848332E-05
302.6 0.0002055921053 -1.976847166E-05
302.8 0.0001978850051 -1.978850051E-05
303 0.0001980856998 -9.90428499E-05
303.2 0.0002062182741 -9.914340102E-05
303.4 0.000198488313 -1.98488313E-05
303.6 0.000198690234 -5.960707019E-05
303.8 0.0002068482688 -7.955702648E-05
304 0.0001990953109 -9.954765545E-05
304.2 0.0001833545918 -1.992984694E-05
304.4 0.0001755617978 5.985061287E-05
304.6 0.0001757413088 1.997060327E-05
304.8 0.0001599283521 -9.962028852E-21
305 0.0001520876025 -6.003457992E-05
305.2 0.0001442307692 -4.319907153E-20
305.4 0.0001363578029 8.021047228E-05
305.6 0.0001284686536 2.007322713E-05
305.8 0.0001366383745 0.000100469393
306 0.0001287332647 0.0001206874356
306.2 0.0001288659794 6.040592784E-05
306.4 0.000145123839 8.062435501E-05
306.6 0.0001452737603 2.017691116E-05
306.8 0.0001373448811 2.019777663E-05
307 0.00013748706 8.08747412E-05
307.2 0.0001376295337 6.071891192E-05
307.4 0.0001377723029 4.052126556E-05
307.6 0.0001379153686 6.084501558E-05
307.8 0.0001461798337 6.090826403E-05
308 0.0001382023933 8.129552549E-05
308.2 0.0001383463542 6.103515625E-05
308.4 0.0001303441084 -8.146506778E-05
308.6 0.0001386351775 -8.155010438E-05
308.8 0.0001306165099 2.040882968E-05
309 0.0001225810669 2.043017782E-05
309.2 0.0001145287958 -6.135471204E-05
309.4 0.000114648847 -6.141902516E-05
309.6 0.0001065713536 -2.049449108E-05
309.8 9.847689076E-05 -2.051601891E-05
310 9.036540484E-05 -4.107518402E-05
310.2 9.046052632E-05 4.111842105E-05
310.4 8.232349842E-05 6.174262381E-05
310.6 8.241033755E-05 -0.0001030129219
310.8 7.424762408E-05 -4.124868004E-05
311 7.432610994E-05 2.064614165E-05
311.2 5.787037037E-05 -4.133597884E-05
311.4 5.793167373E-05 -2.068988347E-05
311.6 4.970837752E-05 2.071182397E-05
311.8 4.146762208E-05 2.928412001E-20
312 3.320935175E-05 -2.075584485E-05
312.2 2.493351064E-05 -2.077792553E-05
312.4 1.66400426E-05 -4.16001065E-05
312.6 8.328891258E-06 -2.082222814E-05
312.8 8.337780149E-06 -5.05546989E-20
313 0 -2.086672009E-05
313.2 0 4.177807487E-05
313.4 8.364561028E-06 -2.091140257E-05
313.6 8.373526259E-06 -0.0001674705252
313.8 8.38251073E-06 -8.38251073E-05
314 8.391514501E-06 2.097878625E-05
314.2 8.400537634E-06 2.100134409E-05
314.4 8.409580194E-06 -2.102395048E-05
314.6 8.418642241E-06 -3.928505008E-20
314.8 8.42772384E-06 -4.21386192E-05
315 8.436825054E-06 -2.919870144E-20
315.2 8.445945946E-06 4.222972973E-05
315.4 0 -3.39164705E-20
315.6 8.464247021E-06 2.116061755E-05
315.8 8.473427332E-06 -6.085050235E-20
316 8.482627579E-06 -3.823114076E-20
316.2 8.491847826E-06 -4.245923913E-05
316.4 8.501088139E-06 -2.125272035E-05
316.6 8.510348584E-06 2.127587146E-05
316.8 8.519629226E-06 -2.129907306E-05
317 8.528930131E-06 -4.264465066E-05
317.2 8.538251366E-06 5.981093644E-20
317.4 8.547592998E-06 2.136898249E-05
317.6 8.556955093E-06 -4.278477547E-05
317.8 8.566337719E-06 -4.28316886E-05
318 8.575740944E-06 -1.429131883E-20
318.2 8.585164835E-06 -6.425406465E-20
318.4 8.594609461E-06 2.148652365E-05
318.6 8.60407489E-06 2.151018722E-05
318.8 8.613561191E-06 6.460170893E-05
319 8.623068433E-06 6.467301325E-05
319.2 1.726519337E-05 -6.027876339E-21
319.4 2.592643805E-05 -4.321073009E-05
319.6 3.4606866E-05 -4.32585825E-05
319.8 3.464523282E-05 -4.641840626E-20
320 4.335460599E-05 -6.503190899E-05
320.2 5.208333333E-05 -6.510416667E-05
320.4 6.083147942E-05 2.172552836E-05
320.6 6.959910913E-05 2.17497216E-05
320.8 7.838628763E-05 2.177396878E-05
321 7.847377232E-05 -2.179827009E-05
321.2 7.856145251E-05 -4.36452514E-05
321.4 7.864932886E-05 -4.369407159E-05
321.6 7.873740202E-05 -6.561450168E-05
321.8 7.882567265E-05 -2.189602018E-05
322 8.768237935E-05 2.192059484E-05
322.2 9.655898876E-05 2.194522472E-05
322.4 0.0001054555681 2.196991001E-05
322.6 0.0001055743243 2.19946509E-05
322.8 0.0001056933484 4.685013382E-21
323 0.0001058126411 3.009981681E-20
323.2 0.0001059322034 2.206920904E-05
323.4 0.0001060520362 2.209417421E-05
323.6 0.0001061721404 4.423839185E-05
323.8 0.000106292517 6.643282313E-05
324 0.0001064131669 -5.148556998E-20
324.2 0.0001065340909 -2.219460227E-05
324.4 0.0001066552901 -4.443970421E-05
324.6 0.0001067767654 -2.224515945E-05
324.8 0.0001068985177 2.227052452E-05
325 0.0001070205479 -2.422442702E-20
325.2 0.0001160714286 4.464285714E-05
325.4 0.0001251430206 4.469393593E-05
325.6 0.0001342353952 6.711769759E-05
325.8 0.0001433486239 -3.299853725E-20
326 0.0001524827784 -0.00011211969
326.2 0.000161637931 -6.734913793E-05
326.4 0.0001618239356 -4.495109321E-05
326.6 0.0001710109447 -4.500288018E-05
326.8 0.0001802191465 -4.505478662E-05
327 0.0001894486143 7.57575132E-21
327.2 0.000198699422 2.257947977E-05
327.4 0.0002079716435 2.260561343E-05
327.6 0.0002172653534 -2.263180765E-05
327.8 0.0002175174014 -4.48896635E-20
328 0.0002268437863 4.536875726E-05
328.2 0.0002361918605 -4.542151163E-05
328.4 0.0002364668219 2.166099549E-20
328.6 0.0002458479021 0.0001138184732
328.8 0.0002461347725 4.558051342E-05
329 0.0002555490654 -4.563376168E-05
329.2 0.0002558479532 -6.853070175E-05
329.4 0.0002652956674 -9.148126464E-05
329.6 0.0002839243845 -4.579425557E-05
329.8 0.00029342723 4.584800469E-05
330 0.0002937720329 2.858958096E-20
330.2 0.0003033088235 -9.191176471E-05
330.4 0.0003128680801 -6.901501767E-05
330.6 0.0003224498821 -6.90964033E-05
330.8 0.0003228305785 -6.917798111E-05
331 0.0003232121749 -2.819212383E-20
331.2 0.0003235946746 3.865347351E-20
331.4 0.0003239780806 -9.256516588E-05
331.6 0.0003150948992 -0.0001621811981
331.8 0.0003247476247 -6.958877672E-05
332 0.0003251337693 2.322384067E-05
332.2 0.0003255208333 -2.32514881E-05
332.4 0.0003165971395 -4.655840286E-05
332.6 0.0003169749403 -2.330698091E-05
332.8 0.0003360215054 -4.47633304E-20
333 0.000336423445 -2.336273923E-05
333.2 0.0003555389222 -2.339071856E-05
333.4 0.0003653327338 2.341876499E-05
333.6 0.00037515006 2.344687875E-05
333.8 0.0003756009615 -2.34750601E-05
334 0.0003760529483 -2.350330927E-05
334.2 0.0003859186747 2.353162651E-05
334.4 0.0003958082027 2.356001206E-05
334.6 0.0003962862319 5.263380057E-20
334.8 0.0003967654172 -2.361698912E-05
335 0.0003877875303 -2.364558111E-05
335.2 0.0003787878788 -2.367424242E-05
335.4 0.0003697663835 -3.415367488E-20
335.6 0.0003607229648 4.7463548E-05
335.8 0.0003421532847 2.376064477E-05
336 0.0003235383678 2.378958587E-05
336.2 0.0003144054878 2.381859756E-05
336.4 0.0003147893773 -1.020679694E-20
336.6 0.0003056234719 4.611102479E-20
336.8 0.0002964351285 -3.705444776E-20
337 0.0002872242647 -1.706374786E-20
337.2 0.0002875766871 -4.792944785E-05
337.4 0.0002879299754 -2.399416462E-05
337.6 0.0002978936039 2.402367774E-05
337.8 0.0003078817734 -3.691885333E-20
338 0.0003178945746 -2.491485367E-20
338.2 0.0003279320988 -3.621727467E-20
338.4 0.0003379944376 -3.939055756E-20
338.6 0.0003384127475 -2.434228776E-21
338.8 0.0003388320942 1.334579517E-20
339 0.0003392524814 2.42323201E-05
339.2 0.0003299689441 2.426242236E-05
339.4 0.0003206623134 4.92240866E-20
339.6 0.0003113325031 2.432285181E-05
339.8 0.0003019794264 2.435317955E-05
340 0.0002926029963 4.876716604E-05
340.2 0.000283203125 4.8828125E-05
340.4 0.0002737797247 5.465625712E-20
340.6 0.0002643327068 -2.447525063E-05
340.8 0.0002548619824 -2.450595985E-05
341 0.0002453674623 -4.907349246E-05
341.2 0.0002456761006 -4.913522013E-05
341.4 0.000255824937 2.540151489E-20
341.6 0.0002462957125 4.262348708E-20
341.8 0.0002564709596 -4.932133838E-05
342 0.000256795196 -2.469184576E-05
342.2 0.0002571202532 4.944620253E-05
342.4 0.0002475443599 -1.854193252E-20
342.6 0.0002379441624 -2.478585025E-05
342.8 0.0002382465057 2.774100025E-20
343 0.0002286100509 4.969783715E-05
343.2 0.0002189490446 7.464171975E-05
343.4 0.0002092633929 -3.127364831E-20
343.6 0.0001995530013 -2.494412516E-05
343.8 0.0001898177749 -2.404730959E-21
344 0.0001800576184 2.500800256E-05
344.2 0.0001702724359 7.512019231E-05
344.4 0.0001604621309 5.014441592E-05
344.6 0.0001506266067 -5.020886889E-05
344.8 0.0001407657658 -5.027348777E-05
345 0.0001308795103 2.51691366E-05
345.2 0.0001209677419 0.0001008064516
345.4 0.0001110303618 0.0001009366925
345.6 9.096054334E-05 2.526681759E-05
345.8 8.095854922E-05 2.02973247E-20
346 7.09306096E-05 2.533236057E-05
346.2 6.087662338E-05 5.228369565E-20
346.4 5.079648895E-05 -2.539824447E-05
346.6 5.086263021E-05 1.168967652E-21
346.8 4.074315515E-05 5.092894394E-05
347 4.079634465E-05 7.649314621E-05
347.2 4.08496732E-05 -5.996438553E-20
347.4 4.090314136E-05 -7.669339005E-05
347.6 5.119593709E-05 -0.0001023918742
347.8 5.126312336E-05 -5.126312336E-05
348 5.13304862E-05 -2.56652431E-05
348.2 5.139802632E-05 -8.277190585E-20
348.4 5.14657444E-05 2.57328722E-05
348.6 5.153364116E-05 2.576682058E-05
348.8 5.160171731E-05 2.580085865E-05
349 5.166997354E-05 -2.583498677E-05
349.2 5.17384106E-05 -5.17384106E-05
349.4 4.144562334E-05 2.590351459E-05
349.6 4.150066401E-05 5.187583001E-05
349.8 4.155585106E-05 5.194481383E-05
350 4.161118509E-05 7.802097204E-05
350.2 4.166666667E-05 3.439875504E-20
350.4 5.215287049E-05 -9.859956729E-21
350.6 4.177807487E-05 2.611129679E-05
350.8 4.183400268E-05 2.614625167E-05
351 4.189008043E-05 -2.618130027E-05
351.2 4.194630872E-05 -2.621644295E-05
351.4 4.200268817E-05 5.250336022E-05
351.6 5.257402423E-05 7.886103634E-05
351.8 5.264487871E-05 7.896731806E-05
352 4.217273954E-05 5.271592443E-05
352.2 4.222972973E-05 2.639358108E-05
352.4 4.228687415E-05 2.642929635E-05
352.6 4.234417344E-05 5.29302168E-05
352.8 4.240162822E-05 2.650101764E-05
353 5.307404891E-05 -3.797808711E-20
353.2 5.31462585E-05 7.971938776E-05
353.4 4.257493188E-05 0.0001064373297
353.6 3.197476126E-05 2.664563438E-05
353.8 3.201844262E-05 -4.672794484E-20
354 3.20622435E-05 2.720905878E-20
354.2 3.210616438E-05 -2.675513699E-05
354.4 4.286694102E-05 -0.0001071673525
354.6 5.365728022E-05 -8.048592033E-05
354.8 5.373108666E-05 -2.686554333E-05
355 5.380509642E-05 -5.380509642E-05
355.2 5.387931034E-05 -2.693965517E-05
355.4 5.395372928E-05 4.511796605E-20
355.6 5.402835408E-05 2.701417704E-05
355.8 5.41031856E-05 2.387347769E-21
356 4.334257975E-05 -2.708911234E-05
356.2 3.255208333E-05 -4.952056915E-22
356.4 2.173157163E-05 1.915592844E-20
356.6 1.088091922E-05 3.488831982E-20
356.8 0 5.44804742E-05
357 0 8.183484637E-05
357.2 0 5.463286713E-05
357.4 0 5.470938375E-05
357.6 0 2.73930575E-05
357.8 0 7.391319962E-21
358 0 5.494022504E-05
358.2 0 5.501760563E-05
358.4 0 4.262514967E-20
358.6 0 -5.51730226E-05
358.8 0 -5.525106082E-05
359 0 -2.766466006E-05
359.2 1.108156028E-05 2.770390071E-05
359.4 1.109730114E-05 8.322975852E-05
359.6 2.222617354E-05 8.334815078E-05
359.8 2.225783476E-05 2.782229345E-05
360 3.343437946E-05 -5.572396576E-05
360.2 2.232142857E-05 -5.580357143E-05
360.4 2.235336195E-05 -0.0001676502146
360.6 3.357808023E-05 -0.0001399086676
360.8 3.362625538E-05 2.802187948E-05
361 3.367456897E-05 3.57473459E-20
361.2 3.372302158E-05 2.960830846E-20
361.4 3.377161383E-05 8.442903458E-05
361.6 3.382034632E-05 8.45508658E-05
361.8 3.386921965E-05 2.822434971E-05
362 3.391823444E-05 -2.826519537E-05
362.2 3.39673913E-05 1.989691083E-20
362.4 3.401669086E-05 2.834724238E-05
362.6 3.406613372E-05 5.677688953E-05
362.8 3.411572052E-05 5.685953421E-05
363 3.41654519E-05 5.694241983E-05
363.2 3.421532847E-05 8.553832117E-05
363.4 3.426535088E-05 8.566337719E-05
363.6 3.431551977E-05 5.719253294E-05
363.8 3.436583578E-05 4.406332749E-20
364 2.294419971E-05 -3.153862725E-20
364.2 2.297794118E-05 -5.744485294E-05
364.4 1.150589102E-05 -5.752945508E-05
364.6 0 -2.880715339E-05
364.8 0 -2.884970458E-05
365 0 -5.778476331E-05
365.2 0 -8.680555556E-05
365.4 0 -8.693434718E-05
365.6 0 -8.706352155E-05
365.8 0 -8.719308036E-05
366 0 -0.0001455383756
366.2 0 -0.000145755597
366.4 0 -1.432851814E-20
366.6 0 -1.085912996E-20
366.8 0 -5.856446777E-05
367 0 5.86524024E-05
367.2 0 8.811090226E-05
367.4 0 3.236617097E-20
367.6 0 2.945889894E-05
367.8 0 -2.950339879E-05
368 0 -5.909606657E-05
368.2 0 9.717315751E-20
368.4 0 -5.92754173E-05
368.6 0 6.49420419E-20
368.8 0 0.0001486396499
369 1.190929878E-05 0.0001488662348
369.2 2.385496183E-05 5.963740458E-05
369.4 2.389143731E-05 5.972859327E-05
369.6 2.39280245E-05 -2.143112457E-20
369.8 1.198236196E-05 -2.995590491E-05
370 0 -6.000384025E-05
370.2 0 -6.009615385E-05
370.4 0 -3.226530038E-20
370.6 0 -1.438483293E-20
370.8 0 1.924470151E-20
371 0 -5.425581696E-20
371.2 0 -1.448532445E-20
371.4 0 -3.032802795E-05
371.6 0 -6.268934802E-20
371.8 0 3.042250779E-05
372 0 2.572656724E-21
372.2 0 -9.155273438E-05
372.4 0 -0.0001833920188
372.6 0 -0.0001224529781
372.8 0 -9.198390895E-05
373 0 -2.676927358E-20
373.2 0 9.227362205E-05
373.4 0 3.080638801E-05
373.6 0 3.085505529E-05
373.8 0 5.629031843E-21
374 0 -3.095285261E-05
374.2 0 -0.0001240079365
374.4 0 -6.210254372E-05
374.6 0 7.477439707E-20
374.8 0 1.15519519E-20
375 0 6.240015974E-05
375.2 0 3.125E-05
375.4 0 -8.195633697E-20
375.6 0 3.135032103E-05
375.8 0 6.280144695E-05
376 0 5.124796444E-20
376.2 0 9.450604839E-05
376.4 0 0.0001262116317
376.6 0 6.32079288E-05
376.8 0 6.331037277E-05
377 0 6.341314935E-05
377.2 0 9.527439024E-05
377.4 0 6.361970684E-05
377.6 0 9.558523654E-05
377.8 0 0.0001276552288
378 0 9.589811784E-05
378.2 0 0.0001280737705
378.4 0 0.0001282840722
378.6 0 9.637129934E-05
378.8 0 0.0001608834432
379 0 0.0001611489274
379.2 0 3.228305785E-05
379.4 0 6.467301325E-05
379.6 0 9.717039801E-05
379.8 0 3.244393688E-05
380 0 6.499584027E-05
380.2 0 9.765625E-05
380.4 0 3.260642738E-05
380.6 0 3.266095318E-05
380.8 0 3.271566164E-05
381 0 -3.277055369E-05
381.2 0 -1.805696045E-20
381.4 0 1.801925891E-20
381.6 0 -9.880902192E-05
381.8 0 -6.59839527E-05
382 0 -3.304780034E-05
382.2 0 -9.931144068E-05
382.4 0 -0.0001326400679
382.6 0 -0.0001328656463
382.8 0 -0.0001330919932
383 0 -0.0001333191126
383.2 0 -0.0001335470085
383.4 0 -0.0001337756849
383.6 0 -0.0001340051458
383.8 0 -0.0001342353952
384 0 -0.0001344664372
384.2 0 -0.0001010237069
384.4 0 -0.0001349309154
384.6 0 -0.0001013732699
384.8 0 -0.0001015489601
385 0 -0.0001356336806
385.2 0 -0.0001358695652
385.4 0 -0.0001020797038
385.6 0 -0.0001363438045
385.8 0 -0.0001024366259
386 0 -3.420534151E-05
386.2 0 -0.0001027960526
386.4 0 -0.0001029767135
386.6 0 -6.877200704E-05
386.8 0 -6.889329806E-05
387 0 -0.0001035225265
387.2 0 -6.913716814E-05
387.4 0 -3.462987589E-05
387.6 0 -2.9224146E-21
387.8 0 -3.475311388E-05
388 0 -3.481506239E-05
388.2 0 -8.451745421E-21
388.4 0 4.979717597E-20
388.6 0 -1.24564963E-21
388.8 0 -4.156065295E-21
389 0 -2.206284952E-20
389.2 0 -6.1469125E-20
389.4 0 -1.229867582E-19
389.6 0 -2.595797057E-20
389.8 0 1.762899129E-20
390 0 -2.571866835E-20
390.2 0 2.063839683E-20
390.4 0 -1.304010496E-20
390.6 0 3.564096715E-05
390.8 0 7.141224863E-05
391 0 3.577152015E-05
391.2 0 -9.103672981E-20
391.4 0 -2.361182171E-20
391.6 0 -3.596915285E-05
391.8 0 -7.207103321E-05
392 0 -3.610212569E-05
392.2 0 3.616898148E-05
392.4 0 7.247217069E-05
392.6 0 7.260687732E-05
392.8 0 7.274208566E-05
393 0 0.0001093166978
393.2 0 7.301401869E-05
393.4 0 6.185210354E-21
393.6 0 -3.10700221E-20
393.8 0 -3.671287594E-05
394 0 -3.678201507E-05
394.2 0 -5.438701483E-20
394.4 0 -1.23472918E-20
394.6 0 -3.699100379E-05
394.8 0 -3.706119545E-05
395 0 -6.441025514E-21
395.2 0 5.984831356E-20
395.4 0 2.909365068E-20
395.6 0 5.56692561E-20
395.8 0 6.563053562E-20
396 0 -7.160429236E-20
396.2 0 1.605430764E-20
396.4 0 -3.763246628E-05
396.6 0 -3.770511583E-05
396.8 0 2.177534628E-20
397 0 3.185221044E-21
397.2 0 2.803429797E-20
397.4 0 -1.134665282E-19
397.6 0 -6.330300184E-20
397.8 0 2.941223579E-20
398 0 3.822162427E-05
398.2 0 7.659313725E-05
398.4 0 7.674361493E-05
398.6 0 7.689468504E-05
398.8 0 7.704635108E-05
399 0 7.71986166E-05
399.2 0 7.735148515E-05
399.4 0 7.750496032E-05
399.6 0 7.765904573E-05
399.8 0 7.781374502E-05
400 0 7.796906188E-05
400.2 0 7.8125E-05
400.4 0 7.828156313E-05
400.6 0 7.843875502E-05
400.8 0 7.859657948E-05
401 0 7.875504032E-05
401.2 0 7.891414141E-05
401.4 0 7.907388664E-05
401.6 0 7.923427992E-05
401.8 0 7.93953252E-05
402 0 7.955702648E-05
402.2 0 7.971938776E-05
402.4 0 7.988241309E-05
402.6 0 4.002305328E-05
402.8 0 2.158088961E-20
403 0 4.01877572E-05
403.2 0 4.027061856E-05
403.4 0 8.070764463E-05
403.6 0 8.08747412E-05
403.8 0 -4.052126556E-05
404 0 -4.060550936E-05
404.2 0 -5.912778663E-20
404.4 0 -5.702855246E-20
404.6 0 5.933382251E-20
404.8 0 -7.120981514E-20
405 0 -1.401581237E-20
405.2 0 1.650661856E-20
405.4 0 4.120516878E-05
405.6 0 4.12922833E-05
405.8 0 -4.137976695E-05
406 0 -8.293524416E-05
406.2 0 -4.155585106E-05
406.4 0 -5.357929142E-20
406.6 0 9.99354704E-20
406.8 0 2.195874357E-20
407 0 -7.67208074E-20
407.2 0 -7.301304411E-20
407.4 0 -5.709867198E-20
407.6 0 -1.314207313E-20
407.8 0 4.22754329E-05
408 0 4.236713666E-05
408.2 0 -4.245923913E-05
408.4 0 -4.255174292E-05
408.6 0 -4.926994599E-20
408.8 0 2.12198424E-20
409 0 -4.28316886E-05
409.2 0 -0.0001287774725
409.4 0 -8.60407489E-05
409.6 0 -4.311534216E-05
409.8 0 -8.642146018E-05
410 0 -8.661308204E-05
410.2 0 -4.340277778E-05
410.4 0 1.596763718E-20
410.6 0 -4.359654018E-05
410.8 0 -8.738814318E-05
411 0 -4.379204036E-05
411.2 0 4.389044944E-05
411.4 0 4.39893018E-05
411.6 0 -4.408860045E-05
411.8 0 6.700686048E-20
412 0 4.428854875E-05
412.2 0 2.502033034E-20
412.4 0 3.157610592E-20
412.6 0 2.28177171E-20
412.8 0 -4.90575818E-20
413 0 4.957725607E-20
413.2 0 -9.311688104E-20
413.4 0 6.835526165E-20
413.6 0 -4.510681293E-05
413.8 0 -0.0001356336806
414 0 -9.063225058E-05
414.2 0 2.644144835E-20
414.4 0 -4.839177361E-20
414.6 0 -4.563376168E-05
414.8 0 -4.574063232E-05
415 0 6.051743777E-20
415.2 0 1.292741171E-20
415.4 0 -4.606426887E-05
415.6 0 -9.23463357E-05
415.8 0 4.215071732E-20
416 0 4.639251781E-05
416.2 0 -9.300595238E-05
416.4 0 -0.0001398418854
416.6 0 -4.672547847E-05
416.8 0 -4.683752998E-05
417 0 -9.390024038E-05
417.2 0 -9.412650602E-05
417.4 0 -9.435386473E-05
417.6 0 -9.458232446E-05
417.8 0 -9.48118932E-05
418 0 -9.504257908E-05
418.2 0 -9.527439024E-05
418.4 0 -9.550733496E-05
418.6 0 -4.787071078E-05
418.8 0 -5.237339748E-20
419 0 -4.810652709E-05
419.2 0 -4.822530864E-05
419.4 0 -3.723081336E-20
419.6 0 -3.78732576E-20
419.8 0 -4.8585199E-05
420 0 -4.87063591E-05
420.2 0 -2.880544776E-20
420.4 0 -1.156924332E-20
420.6 0 3.197695044E-20
420.8 0 3.868090192E-20
421 0 -6.568021267E-20
421.2 0 3.822626091E-20
421.4 0 -3.944340431E-20
421.6 0 -7.450453598E-20
421.8 0 -6.733928235E-20
422 0 5.568983344E-20
422.2 0 3.338910234E-21
422.4 0 -9.111518347E-20
422.6 0 -1.237835025E-19
422.8 0 -5.801721082E-20
423 0 -9.65137677E-20
423.2 0 -3.154252877E-20
423.4 0 -1.070177645E-19
423.6 0 -3.543160881E-20
423.8 0 -8.716001125E-21
424 0 3.552006113E-20
424.2 0 -9.641781122E-20
424.4 0 3.207293534E-20
424.6 0 4.626968417E-20
424.8 0 5.961099984E-20
425 0 5.731045569E-21
425.2 0 3.224826135E-22
425.4 0 -8.007087664E-20
425.6 0 -5.142482964E-20
425.8 0 1.203820542E-19
426 0 -5.208004011E-20
426.2 0 4.159672444E-20
426.4 0 -4.716363317E-21
426.6 0 5.199646508E-20
426.8 0 -3.855339644E-20
427 0 -3.767901595E-20
427.2 0 3.308328783E-20
427.4 0 -3.776222809E-20
427.6 0 1.43101602E-20
427.8 0 -8.242089942E-20
428 0 5.679522095E-21
428.2 0 -1.100049075E-19
428.4 0 -8.224343131E-20
428.6 0 -1.848606544E-20
428.8 0 3.989845248E-21
429 0 1.200942257E-20
429.2 0 7.17173472E-20
429.4 0 1.358485417E-20
429.6 0 3.506378609E-20
429.8 0 4.528364679E-20
430 0 -1.084544008E-20
430.2 0 -6.598535677E-20
430.4 0 3.135678023E-20
430.6 0 6.66644977E-20
430.8 0 3.615147096E-20
431 0 -3.869813954E-20
431.2 0 1.272963436E-20
431.4 0 -2.240290111E-20
431.6 0 8.367225755E-21
431.8 0 -1.534461926E-19
432 0 9.423319297E-20
432.2 0 6.668697472E-21
432.4 0 -2.151240694E-20
432.6 0 6.428037108E-20
432.8 0 8.580090737E-20
433 0 -1.479057617E-20
433.2 0 1.786928223E-20
433.4 0 -8.569376563E-20
433.6 0 4.1685627E-20
433.8 0 5.882906627E-05
434 0 0.0001180135952
434.2 0 5.918560606E-05
434.4 0 5.453947616E-20
434.6 0 -7.721690937E-20
434.8 0 -5.679345055E-21
435 0 1.158871629E-19
435.2 0 -3.035686694E-21
435.4 0 2.654619195E-20
435.6 0 -3.288927783E-20
435.8 0 2.888605387E-21
436 0 1.504792732E-20
436.2 0 -6.424276719E-20
436.4 0 -5.299936813E-20
436.6 0 -6.141902516E-05
436.8 0 -6.161277603E-05
437 0 6.180775316E-05
437.2 0 6.200396825E-05
437.4 0 -2.703739138E-20
437.6 0 1.854732056E-21
437.8 0 -4.89180342E-20
438 0 -6.280144695E-05
438.2 0 -0.0001260080645
438.4 0 -6.32079288E-05
438.6 0 3.694884524E-20
438.8 0 -3.711184683E-20
439 0 -6.136573996E-20
439.2 0 4.48885372E-20
439.4 0 -2.85179673E-21
439.6 0 5.088576572E-20
439.8 0 -6.438589333E-20
440 0 -1.022945343E-19
440.2 0 -1.070049702E-19
440.4 0 -4.062766454E-20
440.6 0 -5.277073592E-20
440.8 0 -3.926811231E-20
441 0 -7.59748795E-20
441.2 0 1.988495314E-20
441.4 0 5.53391897E-20
441.6 0 -5.063577844E-20
441.8 0 -1.839186218E-19
442 0 -1.704683338E-19
442.2 0 6.68856339E-20
442.4 0 -1.025202947E-20
442.6 0 -2.271565061E-20
442.8 0 -3.831583571E-20
443 0 -1.464735949E-19
443.2 0 -3.054725027E-20
443.4 0 1.628907002E-19
443.6 0 -2.514424185E-20
443.8 0 -9.069597062E-20
444 0 -1.013432802E-19
444.2 0 -2.16576103E-20
444.4 0 -6.051435077E-20
444.6 0 -2.112509737E-19
444.8 0 8.203416727E-20
445 0 2.20610478E-19
445.2 0 -7.018254441E-20
445.4 0 2.721556894E-19
445.6 0 1.542615254E-19
445.8 0 7.780185041E-20
446 0 1.709250341E-19
446.2 0 2.636058779E-19
446.4 0 1.328660917E-19
446.6 0 8.717213123E-20
446.8 0 3.689000629E-21
447 0 -1.882778391E-20
447.2 0 -1.236282963E-20
447.4 0 7.398200758E-05
447.6 0 0.000222789924
447.8 0 0.0002236402672
448 0 7.483237548E-05
448.2 0 7.512019231E-05
448.4 0 -3.065381555E-20
448.6 0 -7.570251938E-05
448.8 0 1.106646235E-20
449 0 2.211743614E-19
449.2 0 6.652529462E-20
449.4 0 3.396659121E-20
449.6 0 -1.368397097E-20
449.8 0 3.350202156E-20
450 0 -1.809860551E-19
450.2 0 1.032099039E-19
450.4 0 7.843875502E-05
450.6 0 0.0001575100806
450.8 0 0.0001581477733
451 0 0.0001587906504
451.2 0 0.0001594387755
451.4 0 0.0001600922131
451.6 0 0.0001607510288
451.8 0 0.0001614152893
452 0 0.0001620850622
452.2 0 0.0001627604167
452.4 0 8.17207113E-05
452.6 0 8.206407563E-05
452.8 0 0.0001648206751
453 0 0.0001655190678
453.2 0 0.0001662234043
453.4 0 0.0001669337607
453.6 0 8.38251073E-05
453.8 0 3.412753059E-20
454 0 9.968013242E-20
454.2 0 1.661715593E-19
454.4 0 8.528930131E-05
454.6 0 8.566337719E-05
454.8 0 3.353311908E-20
455 0 1.782714469E-19
455.2 0 -5.501420297E-20
455.4 0 -8.052969718E-20
455.6 0 -1.549202361E-21
455.8 0 -4.560192046E-20
456 0 -2.452736427E-19
456.2 0 7.196570998E-20
456.4 0 3.215935492E-20
456.6 0 -8.959288991E-05
456.8 0 -0.0001800115207
457 0 -0.0001808449074
457.2 0 -0.0001816860465
457.4 0 -0.0001825350467
457.6 0 -0.0001833920188
457.8 0 -0.0001842570755
458 0 -0.0001851303318
458.2 0 -0.0001860119048
458.4 0 -0.0001869019139
458.6 0 -9.390024038E-05
458.8 0 -9.435386473E-05
459 0 -0.0001896237864
459.2 0 -0.0001905487805
459.4 0 -0.0001914828431
459.6 0 -0.0001924261084
459.8 0 -0.0001933787129
460 0 -0.000194340796
460.2 0 -0.0001953125
460.4 0 -0.0001962939698
460.6 0 -0.0001972853535
460.8 0 -9.914340102E-05
461 0 1.71071695E-19
461.2 0 -7.661861381E-20
461.4 0 1.921275988E-19
461.6 0 2.652449407E-19
461.8 0 2.125745037E-19
462 0 3.028753592E-19
462.2 0 2.90422558E-19
462.4 0 4.403038904E-19
462.6 0 3.971137502E-19
462.8 0 2.724893844E-19
463 0 3.24249391E-19
463.2 0 1.854021648E-19
463.4 0 1.944898417E-19
463.6 0 3.094397903E-19
463.8 0 3.337473782E-19
464 0 3.576967912E-19
464.2 0 4.678747006E-19
464.4 0 2.097065748E-19
464.6 0 1.03537251E-20
464.8 0 9.205800961E-20
465 0 2.73780382E-19
465.2 0 2.827814037E-19
465.4 0 1.885897832E-19
465.6 0 3.102244496E-19
465.8 0 1.39308472E-19
466 0 1.676532439E-19
466.2 0 -9.048884167E-20
466.4 0 3.179547619E-20
466.6 0 -1.952567679E-20
466.8 0 -5.691377159E-20
467 0 1.264490002E-19
467.2 0 3.58959042E-20
467.4 0 1.050767117E-20
467.6 0 -1.207330578E-19
467.8 0 -2.131439239E-19
468 0 -8.415519371E-20
468.2 0 -5.365574562E-20
468.4 0 -2.124921639E-20
468.6 0 1.209703497E-19
468.8 0 1.208890933E-19
469 0 2.006991544E-22
469.2 0 -2.237827981E-19
469.4 0 -1.403433806E-19
469.6 0 5.395648171E-20
469.8 0 -1.462096339E-19
470 0 -2.953850077E-20
470.2 0 1.300677175E-19
470.4 0 2.86238871E-19
470.6 0 2.865764069E-19
470.8 0 2.148354045E-19
471 0 -8.193624215E-20
471.2 0 1.122437251E-20
471.4 0 -1.17519568E-19
471.6 0 1.8273181E-19
471.8 0 9.080831673E-20
472 0 1.921090254E-19
472.2 0 6.004150406E-20
472.4 0 1.986181015E-19
472.6 0 1.684674077E-19
472.8 0 -2.190909556E-19
473 0 -2.730082777E-19
473.2 0 -3.987336714E-19
473.4 0 1.501482119E-19
473.6 0 2.294886109E-19
473.8 0 3.094748039E-19
474 0 7.417775934E-20
474.2 0 1.540134843E-20
474.4 0 8.71755249E-20
474.6 0 6.040217094E-20
474.8 0 -7.873047161E-20
475 0 -8.172868213E-20
475.2 0 3.281999951E-19
475.4 0 1.15222921E-19
475.6 0 1.435738961E-19
475.8 0 6.813554096E-20
476 0 1.92892413E-20
476.2 0 -1.983530271E-19
476.4 0 -1.175938508E-19
476.6 0 2.063051839E-20
476.8 0 6.440428026E-20
477 0 -1.167099129E-19
477.2 0 -3.533308795E-19
477.4 0 -6.41945738E-20
477.6 0 -3.502316025E-19
477.8 0 -3.081830905E-19
478 0 7.954868404E-20
478.2 0 1.036695497E-19
478.4 0 1.011758582E-20
478.6 0 2.654753546E-19
478.8 0 -2.85857353E-19
479 0 -7.037545456E-19
479.2 0 8.452859621E-20
479.4 0 -3.747933286E-20
479.6 0 -7.800772674E-20
479.8 0 4.963124006E-19
480 0 2.714545384E-19
480.2 0 -1.92667092E-19
480.4 0 -2.113505236E-20
480.6 0 2.741943615E-19
480.8 0 4.47481292E-20
481 0 6.77653061E-20
481.2 0 6.413702132E-19
481.4 0 2.320097129E-19
481.6 0 -1.83415497E-19
481.8 0 2.054109823E-20
482 0 -1.774194258E-19
482.2 0 -5.213690488E-19
482.4 0 -8.105386192E-20
482.6 0 -2.6895845E-20
482.8 0 -3.238758911E-20
483 0 5.277035431E-19
483.2 0 1.707760524E-20
483.4 0 -5.286010751E-19
483.6 0 -2.27974409E-19
483.8 0 -5.536723142E-19
484 0 3.66555189E-21
484.2 0 8.373739147E-20
484.4 0 -1.551371664E-19
484.6 0 -2.932362671E-19
484.8 0 -2.465247428E-19
485 0 -4.899197712E-19
485.2 0 -8.654149578E-19
485.4 0 1.434695447E-19
485.6 0 -1.951779197E-19
485.8 0 -7.261958736E-19
486 0 -9.957565188E-21
486.2 0 -6.143691592E-19
486.4 0 -2.680255617E-19
486.6 0 -2.788077349E-19
486.8 0 -9.116675571E-20
487 0 -5.246351094E-19
487.2 0 -2.253638846E-19
487.4 0 -1.577780377E-19
487.6 0 1.49576084E-21
487.8 0 -4.812405683E-20
488 0 -5.027136623E-19
488.2 0 -3.206880791E-19
488.4 0 1.687910838E-20
488.6 0 2.296369585E-19
488.8 0 -2.263011613E-19
489 0 -4.294330399E-19
489.2 0 -9.194727152E-20
489.4 0 3.828107761E-19
489.6 0 1.180235615E-19
489.8 0 -2.269096998E-20
490 0 -6.446894703E-19
490.2 0 2.452466832E-19
490.4 0 3.129211606E-19
490.6 0 -1.07392E-19
490.8 0 -3.276906916E-19
491 0 -2.261740567E-19
491.2 0 1.046415322E-19
491.4 0 1.064137801E-18
491.6 0 -3.818031767E-19
491.8 0 -6.787574369E-19
492 0 -2.884613347E-19
492.2 0 -2.786556038E-19
492.4 0 -2.172230841E-19
492.6 0 1.897484469E-19
492.8 0 -2.920452942E-19
493 0 -7.523542103E-19
493.2 0 -1.103754925E-18
493.4 0 3.25422145E-19
493.6 0 -1.301149627E-19
493.8 0 -9.722787407E-19
494 0 1.056833542E-18
494.2 0 6.21047233E-19
494.4 0 -7.819130395E-19
494.6 0 3.246088094E-19
494.8 0 9.96534426E-19
495 0 -2.139605188E-19
495.2 0 1.78083988E-18
495.4 0 3.30484646E-19
495.6 0 4.252050461E-20
495.8 0 -7.667602201E-19
496 0 1.798683487E-19
496.2 0 5.863115595E-19
496.4 0 -1.996929279E-18
496.6 0 -3.507137336E-18
496.8 0 2.11759153E-18
497 0 2.890350932E-18
497.2 0 -5.421664383E-19
497.4 0 -4.660392005E-18
497.6 0 -1.629151097E-18
497.8 0 -1.556438205E-18
498 0 -3.811872889E-18
498.2 0 -3.558741109E-18
498.4 0 -1.199868175E-18
498.6 0 8.114817383E-19
498.8 0 -5.622813715E-18
499 0 -7.324936563E-18
499.2 0 -9.021952283E-18
499.4 0 -1.24561099E-17
499.6 0 -1.422761451E-17
499.8 0 -1.818023982E-17
500 0 -7.915207894E-18
