0 0.007272091164 0.0001796156537
0.2 0.00624375 0.0018203125
0.4 0.00581169968 0.0004533063225
0.6 0.005466873499 0.0004613065452
0.8 0.005165573688 0.0003441629956
1 0.004870292468 0.0001878004808
1.2 0.004656187375 0.0004148922846
1.4 0.004426247995 0.0005951784282
1.6 0.004202391697 0.0003603840754
1.8 0.003990895867 0.000274315309
2 0.003798047973 0.000203858892
2.2 0.003633283133 0.000141189759
2.4 0.003468385898 0.0002432578345
2.6 0.003319056471 0.0001727039791
2.8 0.003179030961 6.282669883E-05
3 0.003048320595 7.85649638E-05
3.2 0.002911217304 0.0001414738431
3.4 0.002780293881 0.0001415307971
3.6 0.002655557793 4.719593234E-05
3.8 0.002527573529 0.0001180373691
4 0.002402635026 0.0001731912535
4.2 0.002293346774 0.0001102570565
4.4 0.002193424768 3.93934046E-05
4.6 0.002093422115 7.881860371E-06
4.8 0.00199964675 -1.577008478E-05
5 0.001943659128 -3.944113489E-05
5.2 0.001846590909 -3.945707071E-05
5.4 0.001771549111 -2.368381164E-05
5.6 0.001709083097 -1.57955924E-05
5.8 0.001630764563 -8.69109021E-05
6 0.00156502934 -0.0001185628288
6.2 0.001502403846 -3.953694332E-05
6.4 0.001461877278 2.3731774E-05
6.6 0.001411821313 -8.705176256E-05
6.8 0.001377558776 -0.0001266720713
7 0.001333764193 -6.336171938E-05
7.2 0.001289934077 -0.0001346982759
7.4 0.001242897727 -0.0001585328734
7.6 0.001208510962 -5.55090337E-05
7.8 0.001148710398 -3.96654143E-05
8 0.001111082893 8.561924032E-21
8.2 0.001073424797 -7.93953252E-06
8.4 0.001042090281 -8.737037414E-05
8.6 0.001004373474 -0.0001112438975
8.8 0.0009539072039 -7.154304029E-05
9 0.0009193047638 -4.771478013E-05
9.2 0.0008783095723 -0.0001272912424
9.4 0.0008500152812 -0.0001114252241
9.6 0.0008089584183 -3.981094578E-05
9.8 0.0007806127651 1.067468289E-20
10 0.000758618931 -2.390605875E-05
10.2 0.0007302295918 -7.971938776E-05
10.4 0.0007081972234 -7.177674561E-05
10.6 0.0006829554739 -7.180606618E-05
10.8 0.0006640784634 -2.39451369E-05
11 0.0006419920278 3.193990188E-05
11.2 0.000616692229 -3.195296524E-05
11.4 0.0006041581424 -7.192358838E-05
11.6 0.0005948117069 -6.395824806E-05
11.8 0.0005726607289 -2.399416462E-05
12 0.0005472910692 -4.800798853E-05
12.2 0.000525102459 -4.002305328E-05
12.4 0.000502895654 -3.203157032E-05
12.6 0.0004902840443 -2.403353158E-05
12.8 0.0004648389413 -2.404339352E-05
13 0.0004425800493 -5.612428161E-05
13.2 0.0004235112936 -4.010523614E-05
13.4 0.0004044268694 -4.814605588E-05
13.6 0.0003853267571 1.605528155E-05
13.8 0.0003790604441 -6.424753289E-05
14 0.0003599341835 -0.0002008561292
14.2 0.0003504372428 -0.000128600823
14.4 0.0003473651709 -3.216344175E-05
14.6 0.0003378552306 3.217668863E-05
14.8 0.0003315564483 4.828491965E-05
15 0.0003155915087 -2.415241138E-05
15.2 0.0003028350515 -9.664948454E-05
15.4 0.0003029599835 -0.0001128042492
15.6 0.0002901877837 -9.672926125E-05
15.8 0.0002838563171 -4.032049959E-05
16 0.000258157786 2.420229244E-05
16.2 0.0002485795455 5.649535124E-05
16.4 0.0002389933857 4.844460521E-05
16.6 0.000232630273 -8.077440033E-06
16.8 0.0002262618949 -8.080781961E-06
17 0.0002231218957 -4.850475993E-05
17.2 0.0002135093168 -6.469979296E-05
17.4 0.000213597763 -3.236329743E-05
17.6 0.0002039732698 -6.475341898E-05
17.8 0.0001975798093 -8.097533167E-06
18 0.0001847003318 -4.050445873E-05
18.2 0.0001750518672 -8.104253112E-05
18.4 0.0001589092985 -3.243046907E-05
18.6 0.0001654640781 -5.677688953E-05
18.8 0.0001557955962 -7.302918571E-05
19 0.0001526132585 -3.247090607E-05
19.2 0.0001494282744 -6.496881497E-05
19.4 0.0001527402246 -0.0001137427205
19.6 0.0001560549313 -6.502288806E-05
19.8 0.0001626248959 -8.944369276E-05
20 0.0001626926281 -7.321168263E-05
20.2 0.0001595052083 -1.627604167E-05
20.4 0.0001563151313 -4.070706544E-05
20.6 0.0001596382402 -9.773769808E-05
20.8 0.0001499269921 -0.0001059266792
21 0.0001467289232 -8.966767529E-05
21.2 0.0001435281837 -8.155010438E-05
21.4 0.0001468515038 -4.895050125E-05
21.6 0.0001469128709 -7.345643544E-05
21.8 0.0001469742893 -0.0001061480978
22 0.0001405008365 -9.80238394E-05
22.2 0.0001438284519 -0.0001307531381
22.4 0.0001471588531 -0.0001389833612
22.6 0.0001472204774 -0.0001635783082
22.8 0.0001505550901 -0.0001309174696
23 0.0001538924979 -8.185771165E-05
23.2 0.0001572327044 -0.000139216457
23.4 0.0001605757131 -0.0001802380453
23.6 0.0001573646664 -0.0001065489929
23.8 0.0001607105374 -1.639903442E-05
24 0.0001542156657 -4.921776564E-05
24.2 0.0001542804622 -9.027048319E-05
24.4 0.0001543453132 -6.567885666E-05
24.6 0.0001576955425 -4.927985702E-05
24.8 0.0001610485907 -2.465029449E-05
25 0.0001545401936 -8.699251383E-21
25.2 0.0001546052632 -1.536436615E-20
25.4 0.0001579612468 -3.290859309E-05
25.6 0.0001514433207 -4.938369153E-05
25.8 0.0001580944351 3.293634064E-05
26 0.0001581611135 -8.237557992E-06
26.2 0.0001582278481 -8.241033755E-05
26.4 0.0001516990291 8.244512453E-06
26.6 0.0001385663007 8.247994088E-05
26.8 0.0001353242501 6.601182932E-05
27 0.0001254754861 2.476489856E-05
27.2 0.0001123150106 -2.618930793E-21
27.4 0.0001189720812 8.261950085E-06
27.6 0.0001091038934 -8.265446466E-06
27.8 9.591977138E-05 -1.166320466E-20
28 8.60334604E-05 2.481734435E-05
28.2 8.606991525E-05 1.18674688E-20
28.4 8.279461636E-05 -8.279461636E-06
28.6 8.282972858E-05 -3.313189143E-05
28.8 7.623568095E-05 -5.800540942E-05
29 7.295203735E-05 -5.803002971E-05
29.2 7.298301486E-05 -8.293524416E-06
29.4 6.30575616E-05 -8.297047579E-06
29.6 6.972481938E-05 -2.490172121E-05
29.8 6.975446429E-05 1.660820578E-05
30 6.978413441E-05 8.307635049E-06
30.2 5.984042553E-05 -1.528033019E-20
30.4 6.319178374E-05 -1.107741683E-21
30.6 6.321869676E-05 8.318249574E-06
30.8 7.323178526E-05 1.664358756E-05
31 7.992327366E-05 -8.325341006E-06
31.2 7.995735608E-05 -3.331556503E-05
31.4 8.332444539E-05 -6.665955631E-05
31.6 8.336000854E-05 -5.835200598E-05
31.8 8.339560205E-05 -4.169780102E-05
32 8.343122597E-05 -2.502936779E-05
32.2 9.014423077E-05 -1.669337607E-05
32.4 8.684266781E-05 -2.661891325E-21
32.6 8.68798118E-05 -1.775696015E-20
32.8 8.691698759E-05 -6.685922122E-05
33 9.029858733E-05 -3.344392123E-05
33.2 8.364561028E-05 -3.345824411E-05
33.4 8.702870608E-05 -7.531330334E-05
33.6 9.04147021E-05 -5.860212173E-05
33.8 9.380360206E-05 -3.350128645E-05
34 9.384384384E-05 -1.675782926E-05
34.2 0.0001005901288 -2.514753219E-05
34.4 0.000100633319 -8.386109918E-06
34.6 0.0001040324313 1.67794244E-05
34.8 9.736248388E-05 -1.678663515E-05
35 0.0001007631126 -6.717540843E-05
35.2 0.0001075268817 -4.200268817E-05
35.4 0.0001109348107 -4.202076162E-05
35.6 0.0001076194576 -5.885439087E-05
35.8 0.0001143949182 -4.205695521E-05
36 0.0001178102111 -1.683003016E-05
36.2 0.0001111260776 -2.525592672E-05
36.4 0.0001111739974 -5.053363519E-05
36.6 0.000114592321 -6.740724763E-05
36.8 0.0001180135952 -5.057725507E-05
37 0.0001146912781 -8.433182211E-06
37.2 0.0001147408207 1.687365011E-05
37.4 0.0001147904062 3.376188418E-05
37.6 0.0001215953307 1.688824038E-05
37.8 0.0001148897059 8.447772491E-06
38 0.000111558849 -8.451427953E-06
38.2 0.0001116071429 -4.22754329E-05
38.4 0.0001048884799 -4.229374188E-05
38.6 0.0001083188908 -4.231206672E-05
38.8 0.0001083658431 -2.539824447E-05
39 0.000105024935 -1.373205017E-20
39.2 9.829175705E-05 -8.473427332E-06
39.4 9.494357639E-05 -2.54313151E-05
39.6 9.498480243E-05 -3.392314373E-05
39.8 9.163227628E-05 -2.545341008E-05
40 8.827683616E-05 1.242157462E-20
40.2 8.491847826E-05 5.848840102E-22
40.4 8.49554154E-05 -2.548662462E-05
40.6 8.15926893E-05 -4.249619234E-05
40.8 7.822703526E-05 -3.401175446E-05
41 7.485844948E-05 -1.701328397E-05
41.2 7.14869281E-05 -1.702069717E-05
41.4 6.811246731E-05 -5.959840889E-05
41.6 6.473506324E-05 -6.814217183E-05
41.8 5.794611693E-05 -4.260743892E-05
42 5.456132693E-05 -1.705041467E-05
42.2 4.776200873E-05 2.558679039E-05
42.4 4.778287462E-05 2.559796855E-05
42.6 3.756009615E-05 3.414554196E-05
42.8 3.416047223E-05 5.978082641E-05
43 3.075787402E-05 8.543853893E-06
43.2 3.419037199E-05 -2.564277899E-05
43.4 2.73642732E-05 -1.862295701E-21
43.6 2.737625931E-05 8.428370727E-21
43.8 3.423531989E-05 1.711765995E-05
44 3.42503288E-05 3.42503288E-05
44.2 3.426535088E-05 1.981410959E-20
44.4 3.770842475E-05 -2.57102896E-05
44.6 3.429543459E-05 1.71477173E-05
44.8 3.087944664E-05 2.57328722E-05
45 3.432557118E-05 1.716278559E-05
45.2 3.434065934E-05 2.575549451E-05
45.4 3.09201847E-05 1.717788039E-05
45.6 2.74967004E-05 1.718543775E-05
45.8 2.407020246E-05 2.578950264E-05
46 2.408080141E-05 8.600286218E-06
46.2 2.064977974E-05 -1.720814978E-05
46.4 1.72157338E-05 1.529064324E-21
46.6 1.377865961E-05 -0
46.8 1.378473754E-05 -1.723092192E-05
47 1.379082083E-05 -8.619263019E-06
47.2 1.724613687E-05 3.449227373E-05
47.4 1.380300353E-05 3.450750883E-05
47.6 1.035682722E-05 -8.63068935E-06
47.8 1.036140584E-05 5.180702918E-05
48 6.910659E-06 2.591497125E-05
48.2 3.456858407E-06 -8.642146018E-06
48.4 3.458388668E-06 5.187583001E-05
48.6 0 5.189880425E-05
48.8 0 8.653633141E-06
49 0 -8.657468972E-06
49.2 0 -8.661308204E-06
49.4 0 -8.665150843E-06
49.6 0 -8.668996893E-06
49.8 0 -1.500281156E-20
50 0 1.735339849E-05
50.2 0 -2.604166667E-05
50.4 0 -3.473766118E-05
50.6 0 -8.68827847E-06
50.8 0 1.738429016E-05
51 0 -1.869031487E-20
51.2 3.479955457E-06 -8.699888641E-06
51.4 6.963012478E-06 -2.611129679E-05
51.6 1.044917521E-05 -2.612293803E-05
51.8 6.969223907E-06 -8.711529884E-06
52 3.48616689E-06 -3.48616689E-05
52.2 0 2.57885231E-20
52.4 0 8.723202322E-06
52.6 0 1.127932347E-20
52.8 3.492400536E-06 -8.731001341E-06
53 6.987924866E-06 -4.367453041E-05
53.2 1.048657718E-05 -8.738814318E-05
53.4 1.049127126E-05 -7.868453447E-05
53.6 1.049596955E-05 -8.74664129E-06
53.8 1.050067204E-05 6.248908386E-21
54 7.003585836E-06 -2.626344688E-05
54.2 3.503363229E-06 -8.758408072E-06
54.4 0 -8.386595116E-21
54.6 0 -5.259762118E-05
54.8 3.508082622E-06 -7.8931859E-05
55 7.019317161E-06 -0.0001052897574
55.2 1.404494382E-05 -7.02247191E-05
55.4 1.756407374E-05 -3.512814748E-05
55.6 1.757197481E-05 -2.635796221E-05
55.8 1.757988299E-05 -1.117467294E-20
56 2.110535795E-05 -2.638169743E-05
56.2 2.111486486E-05 -2.639358108E-05
56.4 1.760365029E-05 1.052734073E-20
56.6 1.761158702E-05 -4.402896754E-05
56.8 1.76195309E-05 -1.76195309E-05
57 1.762748195E-05 8.813740975E-06
57.2 2.468961625E-05 -4.408860045E-05
57.4 2.470076784E-05 -2.64651084E-05
57.6 2.471192951E-05 -1.64757601E-21
57.8 2.472310127E-05 -1.765935805E-05
58 2.473428313E-05 -3.533469019E-05
58.2 2.474547511E-05 -3.535067873E-05
58.4 2.475667723E-05 -1.768334088E-05
58.6 2.122961957E-05 1.769134964E-05
58.8 1.769936565E-05 1.769936565E-05
59 1.770738894E-05 8.85369447E-06
59.2 1.41723356E-05 -8.857709751E-06
59.4 1.417876588E-05 -2.658518603E-05
59.6 1.77315025E-05 -1.77315025E-05
59.8 1.773955495E-05 2.660933243E-05
60 1.419809178E-05 1.774761472E-05
60.2 1.775568182E-05 -1.775568182E-05
60.4 1.776375625E-05 -1.776375625E-05
60.6 1.421747043E-05 -2.665775705E-05
60.8 1.06679563E-05 -2.666989076E-05
61 1.067281421E-05 -3.247732547E-20
61.2 1.067767654E-05 8.898063781E-06
61.4 1.06825433E-05 -2.670635825E-05
61.6 1.06874145E-05 -2.671853625E-05
61.8 1.069229015E-05 2.673072536E-05
62 1.069717024E-05 1.782861707E-05
62.2 1.070205479E-05 2.050014213E-20
62.4 1.070694381E-05 -1.055485105E-20
62.6 1.071183729E-05 -8.926531079E-06
62.8 1.071673525E-05 1.786122542E-05
63 1.072163769E-05 1.786939616E-05
63.2 1.072654462E-05 -1.787757437E-05
63.4 1.073145604E-05 -4.471440018E-05
63.6 1.073637197E-05 -1.789395328E-05
63.8 1.074129239E-05 1.790215399E-05
64 1.432828978E-05 8.95518111E-06
64.2 1.791857798E-05 8.959288991E-06
64.4 2.50975218E-05 1.792680128E-05
64.6 2.869605142E-05 1.793503214E-05
64.8 3.2297887E-05 3.110773119E-21
65 3.590303309E-05 8.975758272E-06
65.2 3.951149425E-05 1.795977011E-05
65.4 3.952966881E-05 1.796803128E-05
65.6 3.95478601E-05 2.696445007E-05
65.8 3.956606814E-05 2.697686464E-05
66 4.318286504E-05 1.799286043E-05
66.2 3.960253456E-05 2.520639078E-20
66.4 4.322268326E-05 2.701417704E-05
66.6 4.324261993E-05 3.603551661E-05
66.8 3.965736041E-05 1.469204835E-20
67 4.688942752E-05 -2.70515928E-05
67.2 5.051963048E-05 -9.021362587E-06
67.4 5.054297597E-05 1.741104033E-20
67.6 5.056634304E-05 -1.805940823E-05
67.8 5.781683626E-05 7.141013871E-21
68 5.42283665E-05 3.722341838E-21
68.2 6.148726852E-05 2.712673611E-05
68.4 5.42786012E-05 7.237146827E-05
68.6 5.792400371E-05 5.430375348E-05
68.8 6.519471488E-05 -1.810964302E-05
69 7.247217069E-05 -1.811804267E-05
69.2 7.975638051E-05 -9.063225058E-06
69.4 8.704735376E-05 -2.720229805E-05
69.6 8.34591268E-05 -3.628657687E-05
69.8 8.712825279E-05 -2.076080093E-20
70 7.264063226E-05 4.540039517E-05
70.2 6.904069767E-05 9.084302326E-06
70.4 6.907282457E-05 -3.635411819E-05
70.6 7.274208566E-05 -3.637104283E-05
70.8 8.005356311E-05 -4.548497904E-05
71 8.009086673E-05 -2.730370457E-05
71.2 7.284382284E-05 1.821095571E-05
71.4 6.923390858E-05 1.214546057E-21
71.6 6.1975035E-05 9.113975735E-06
71.8 5.470938375E-05 3.012589588E-20
72 4.743694535E-05 9.122489491E-06
72.2 4.015771028E-05 9.126752336E-06
72.4 3.652407667E-05 -2.73930575E-05
72.6 3.288704397E-05 2.899031534E-20
72.8 3.290243332E-05 -9.13956481E-06
73 3.291783708E-05 -3.657537453E-05
73.2 2.56147541E-05 -1.829625293E-05
73.4 2.562675726E-05 1.830482662E-05
73.6 2.197609001E-05 1.831340835E-05
73.8 2.198639775E-05 -9.160999062E-06
74 2.199671516E-05 -1.833059596E-05
74.2 2.200704225E-05 -9.169600939E-06
74.4 1.834781588E-05 -9.173907938E-06
74.6 1.835643797E-05 -2.753465695E-05
74.8 1.836506817E-05 -9.182534086E-06
75 1.469896519E-05 1.837370649E-05
75.2 1.102941176E-05 9.191176471E-06
75.4 7.356403013E-06 -2.75865113E-05
75.6 3.679934056E-06 -9.199835139E-06
75.8 3.681668238E-06 9.204170594E-06
76 0 -9.208510137E-06
76.2 0 -9.212853774E-06
76.4 0 -2.765160453E-05
76.6 0 -3.688621341E-05
76.8 0 1.845181861E-05
77 0 3.69210775E-05
77.2 0 2.309777615E-20
77.4 0 -2.771700568E-05
77.6 0 2.773012305E-05
77.8 0 4.623875473E-05
78 0 -9.252131691E-06
78.2 0 -1.851303318E-05
78.4 0 2.08922386E-20
78.6 0 2.779589658E-05
78.8 0 2.780908875E-05
79 0 1.854819563E-05
79.2 0 1.855700713E-05
79.4 0 9.282913498E-06
79.6 0 1.721442888E-20
79.8 0 1.858349191E-05
80 0 9.296168491E-06
80.2 0 1.138038761E-21
80.4 0 1.861005241E-05
80.6 0 3.723784557E-05
80.8 0 9.313900811E-06
81 0 -5.591006679E-05
81.2 3.729116945E-06 -1.409380685E-20
81.4 3.730897803E-06 6.529071156E-05
81.6 3.732680363E-06 1.866340182E-05
81.8 0 3.734464627E-05
82 0 5.604375897E-05
82.2 0 1.869019139E-05
82.4 0 -1.679439499E-21
82.6 0 7.605550576E-21
82.8 0 3.743411596E-05
83 0 1.872603068E-05
83.2 0 -5.703561303E-21
83.4 0 -9.37200096E-06
83.6 0 -3.750600096E-05
83.8 0 -2.814301153E-05
84 0 8.854608686E-21
84.2 0 9.390024038E-06
84.4 0 -9.394540645E-06
84.6 0 -2.819718479E-05
84.8 0 -2.821076071E-05
85 0 -3.763246628E-05
85.2 0 -2.823795181E-05
85.4 0 9.417189007E-06
85.6 0 2.826519537E-05
85.8 0 2.827883687E-05
86 0 3.772332207E-05
86.2 0 4.717693237E-05
86.4 0 4.719973417E-05
86.6 0 4.110363151E-20
86.8 3.779632317E-06 9.449080793E-06
87 7.562923524E-06 4.726827202E-05
87.2 1.134987893E-05 2.837469734E-05
87.4 1.135537791E-05 -9.462814922E-06
87.6 1.136088221E-05 3.786960737E-05
87.8 1.136639185E-05 7.577594568E-05
88 1.137190684E-05 9.476589034E-06
88.2 1.137742718E-05 1.896237864E-05
88.4 1.517727052E-05 4.742897037E-05
88.6 1.898080661E-05 9.490403304E-06
88.8 2.278804084E-05 2.652794562E-20
89 2.65989786E-05 3.799854086E-05
89.2 3.04136253E-05 4.752128954E-05
89.4 3.423198637E-05 1.90177702E-05
89.6 3.42486605E-05 4.756758402E-05
89.8 3.426535088E-05 8.566337719E-05
90 3.428205753E-05 2.856838128E-05
90.2 3.429878049E-05 -9.527439024E-06
90.4 3.81283553E-05 -1.906417765E-05
90.6 4.196166992E-05 1.907348633E-05
90.8 4.579872985E-05 -9.541402052E-06
91 4.963954057E-05 -6.682245846E-05
91.2 5.348410758E-05 -3.820293399E-05
91.4 5.73324364E-05 -3.822162427E-05
91.6 6.118453255E-05 -2.868024963E-05
91.8 6.504040157E-05 -1.912952987E-05
92 6.8900049E-05 -9.569451249E-06
92.2 7.276348039E-05 -1.914828431E-05
92.4 7.663070132E-05 -3.831535066E-05
92.6 8.050171737E-05 -1.916707556E-05
92.8 8.437653412E-05 -3.835297005E-05
93 8.441797642E-05 -9.592951866E-06
93.2 8.445945946E-05 3.839066339E-05
93.4 8.450098328E-05 1.920476893E-05
93.6 8.838539105E-05 6.82620208E-21
93.8 8.458415354E-05 -9.61183563E-06
94 8.847242738E-05 -1.923313639E-05
94.2 8.851600985E-05 -1.924261084E-05
94.4 9.626047314E-05 -2.887814194E-05
94.6 0.000104012574 9.630793886E-06
94.8 0.0001079181056 2.890663542E-05
95 0.0001079713722 2.892090326E-05
95.2 0.000111882716 4.822530864E-05
95.4 0.0001080780632 1.929965415E-05
95.6 0.0001081314879 -9.654597133E-06
95.8 0.0001120487141 -1.931874382E-05
96 0.0001043728352 2.899245423E-05
96.2 0.0001082920792 3.867574257E-05
96.4 0.000100606736 2.176531025E-20
96.6 0.0001006565907 -1.935703667E-05
96.8 0.0001045798215 -9.683316807E-06
97 0.0001085069444 2.906436012E-05
97.2 0.0001124379653 9.69292804E-06
97.4 0.0001086146971 -1.939548163E-05
97.6 0.0001009066071 -4.851279185E-05
97.8 9.707380716E-05 -3.882952286E-05
98 9.323719543E-05 9.712207857E-06
98.2 9.328358209E-05 2.91511194E-05
98.4 8.555251369E-05 2.916562967E-05
98.6 8.170443227E-05 3.890687251E-05
98.8 7.785251619E-05 3.89262581E-05
99 7.399675972E-05 1.947283151E-05
99.2 7.013715711E-05 9.74127182E-06
99.4 6.627370259E-05 1.949226547E-05
99.6 6.240639041E-05 5.850599101E-05
99.8 5.853521479E-05 3.902347652E-05
100 5.075587206E-05 8.784670165E-05
100.2 4.6875E-05 0.000146484375
100.4 4.299024512E-05 3.908204102E-05
100.6 4.692192192E-05 5.86524024E-05
100.8 4.303329995E-05 9.780295443E-05
101 3.914078156E-05 -9.125196747E-21
101.2 3.52443609E-05 -4.166001353E-20
101.4 2.742602808E-05 3.918004012E-05
101.6 2.351981937E-05 2.939977421E-05
101.8 2.745356426E-05 4.902422189E-05
102 2.746735309E-05 6.866838272E-05
102.2 2.748115578E-05 5.888819095E-05
102.4 3.142282554E-05 5.891779789E-05
102.6 1.964914487E-05 9.824572435E-06
102.8 1.965903372E-05 -9.82951686E-06
103 2.753650554E-05 5.900679758E-05
103.2 3.14861461E-05 3.935768262E-05
103.4 3.543976815E-05 9.84438004E-06
103.6 3.545763994E-05 5.909606657E-05
103.8 3.547552977E-05 6.898019677E-05
104 3.549343766E-05 5.915572943E-05
104.2 3.945707071E-05 8.877840909E-05
104.4 3.947700859E-05 9.869252148E-05
104.6 3.949696663E-05 7.899393327E-05
104.8 3.556525038E-05 4.939618108E-05
105 2.767586032E-05 3.953694332E-05
105.2 2.373417722E-05 4.944620253E-05
105.4 2.770390071E-05 9.894250253E-06
105.6 3.563735428E-05 -3.56840154E-21
105.8 3.565542596E-05 9.90428499E-06
106 3.170979198E-05 1.981861999E-05
106.2 2.379441624E-05 3.965736041E-05
106.4 2.777425089E-05 9.919375317E-06
106.6 3.175813008E-05 -9.92441565E-06
106.8 2.383070666E-05 1.938578178E-20
107 2.384282808E-05 -3.97380468E-05
107.2 2.78307888E-05 -1.987913486E-05
107.4 2.784495927E-05 -9.94462831E-06
107.6 2.785914417E-05 -4.974847173E-05
107.8 2.787334353E-05 -2.137842359E-20
108 2.788755737E-05 1.991968383E-05
108.2 3.18877551E-05 -1.992984694E-05
108.4 3.190403267E-05 -9.970010209E-06
108.6 3.192032686E-05 1.995020429E-05
108.8 3.193663771E-05 -9.980199285E-06
109 3.195296524E-05 9.985301636E-06
109.2 2.797314578E-05 5.994245524E-05
109.4 2.798746162E-05 7.996417605E-05
109.6 2.800179211E-05 8.000512033E-05
109.8 3.201844262E-05 0.0001200691598
110 3.203485392E-05 0.0001301415941
110.2 2.804487179E-05 8.012820513E-05
110.4 2.405079528E-05 7.01481529E-05
110.6 2.80736653E-05 5.013154517E-05
110.8 2.808808423E-05 1.003145865E-05
111 2.408787256E-05 -3.01098407E-05
111.2 2.811696658E-05 -2.008354756E-05
111.4 3.215020576E-05 1.664195489E-20
111.6 3.216675244E-05 -2.010422028E-05
111.8 3.218331617E-05 -1.00572863E-05
112 3.219989696E-05 6.247087624E-21
112.2 3.221649485E-05 2.195480994E-20
112.4 2.820397112E-05 1.007284683E-05
112.6 2.015608875E-05 -2.015608875E-05
112.8 2.016649458E-05 -7.058273103E-05
113 2.017691116E-05 -2.017691116E-05
113.2 2.01873385E-05 -1.009366925E-05
113.4 2.019777663E-05 -7.06922182E-05
113.6 2.020822556E-05 -2.020822556E-05
113.8 2.02186853E-05 2.02186853E-05
114 2.022915588E-05 -1.011457794E-05
114.2 2.023963731E-05 -2.023963731E-05
114.4 2.02501296E-05 -2.02501296E-05
114.6 2.431275934E-05 -7.091221473E-05
114.8 2.432537623E-05 -4.054229372E-05
115 2.433800623E-05 1.014083593E-05
115.2 2.435064935E-05 1.01461039E-05
115.4 2.030275468E-05 -2.030275468E-05
115.6 2.437597504E-05 -6.482070174E-22
115.8 2.438865765E-05 1.016194069E-05
116 2.440135346E-05 -3.050169183E-05
116.2 2.44140625E-05 -1.017252604E-05
116.4 2.849791558E-05 5.088913497E-05
116.6 2.851277372E-05 0.0001018313347
116.8 2.852764737E-05 4.075378195E-05
117 2.854253653E-05 -4.077505219E-05
117.2 2.855744125E-05 1.019908616E-05
117.4 3.265412748E-05 3.061324451E-05
117.6 3.675509671E-05 1.020974909E-05
117.8 4.086035565E-05 1.021508891E-05
118 3.679356358E-05 -7.946397331E-21
118.2 3.272251309E-05 -2.906342996E-20
118.4 2.864719749E-05 -9.681079924E-21
118.6 3.275681342E-05 2.047300839E-05
118.8 3.277399056E-05 3.638643893E-21
119 3.279118573E-05 2.049449108E-05
119.2 3.280839895E-05 8.202099738E-05
119.4 2.872242647E-05 7.180606618E-05
119.6 3.694823962E-05 2.052679979E-05
119.8 3.696766562E-05 -3.080638801E-05
120 4.109679116E-05 -3.082259337E-05
120.2 4.523026316E-05 3.083881579E-05
120.4 5.348209584E-05 2.057003686E-05
120.6 6.174262381E-05 -1.02904373E-05
120.8 5.765682657E-05 -5.147930944E-05
121 6.180775316E-05 -7.210904536E-05
121.2 6.596306069E-05 -4.122691293E-05
121.4 6.599788807E-05 -3.093651003E-05
121.6 6.603275225E-05 -1.031761754E-05
121.8 6.606765328E-05 2.97838343E-20
122 6.610259122E-05 3.33488475E-20
122.2 6.613756614E-05 3.100198413E-05
122.4 6.203679195E-05 7.237625728E-05
122.6 5.793167373E-05 3.103482521E-05
122.8 6.62427133E-05 3.105127186E-05
123 6.627783669E-05 5.177955992E-05
123.2 5.802387268E-05 2.072281167E-05
123.4 5.39079087E-05 5.18345276E-05
123.6 5.808550186E-05 4.148964418E-05
123.8 4.981402763E-05 -1.037792242E-05
124 4.984051037E-05 4.153375864E-05
124.2 4.155585106E-05 7.272273936E-05
124.4 3.32623736E-05 1.749751141E-20
124.6 3.32800852E-05 -4.16001065E-05
124.8 3.329781566E-05 -2.081113479E-05
125 3.331556503E-05 -1.041111407E-05
125.2 3.333333333E-05 -3.125E-05
125.4 3.33511206E-05 -1.909308494E-20
125.6 3.336892686E-05 -1.042778964E-05
125.8 3.338675214E-05 -3.130008013E-05
126 3.758017103E-05 -1.04389364E-05
126.2 4.177807487E-05 -3.133355615E-05
126.4 4.180042804E-05 -6.270064205E-05
126.6 4.182280514E-05 -8.364561028E-05
126.8 4.184520621E-05 -5.230650777E-05
127 4.18676313E-05 -1.059330195E-20
127.2 4.189008043E-05 -2.094504021E-05
127.4 4.191255365E-05 -1.047813841E-05
127.6 4.193505099E-05 4.193505099E-05
127.8 4.19575725E-05 3.146817938E-05
128 4.198011822E-05 3.148508866E-05
128.2 4.200268817E-05 3.150201613E-05
128.4 4.202528241E-05 1.05063206E-05
128.6 4.204790097E-05 2.102395048E-05
128.8 4.207054389E-05 4.207054389E-05
129 4.209321121E-05 6.313981681E-05
129.2 4.211590296E-05 6.317385445E-05
129.4 4.21386192E-05 1.05346548E-05
129.6 4.216135996E-05 -1.054033999E-05
129.8 4.218412527E-05 1.054603132E-05
130 4.220691518E-05 1.05517288E-05
130.2 4.64527027E-05 -3.763876693E-20
130.4 4.225256896E-05 1.056314224E-05
130.6 4.22754329E-05 2.113771645E-05
130.8 3.806848944E-05 -2.11491608E-05
131 4.23212351E-05 -3.174092633E-05
131.2 4.234417344E-05 -9.939332757E-21
131.4 4.236713666E-05 2.118356833E-05
131.6 4.23901248E-05 -3.17925936E-05
131.8 3.81718241E-05 -6.361970684E-05
132 4.243617599E-05 -2.1218088E-05
132.2 4.245923913E-05 -4.245923913E-05
132.4 4.248232735E-05 -2.124116368E-05
132.6 3.825489663E-05 1.062636017E-05
132.8 3.827572128E-05 1.06321448E-05
133 3.829656863E-05 -1.063793573E-05
133.2 3.831743869E-05 -6.386239782E-05
133.4 4.259814613E-05 -5.324768266E-05
133.6 3.835924714E-05 -1.065534643E-05
133.8 3.838018559E-05 -2.132232533E-05
134 4.266794102E-05 -2.133397051E-05
134.2 4.269125683E-05 -1.067281421E-05
134.4 5.552897758E-05 -3.203594861E-05
134.6 5.983315098E-05 -1.068449125E-05
134.8 5.13136289E-05 -2.138067871E-05
135 5.134173056E-05 -4.278477547E-05
135.2 5.136986301E-05 2.867151392E-20
135.4 5.139802632E-05 -3.212376645E-05
135.6 5.142622052E-05 -8.571036753E-05
135.8 5.145444566E-05 -8.575740944E-05
136 5.148270181E-05 -0.0001072556288
136.2 5.151098901E-05 -8.585164835E-05
136.4 5.583424959E-05 -4.294942276E-05
136.6 6.016226623E-05 -2.148652365E-05
136.8 5.589570721E-05 -7.524422124E-05
137 5.592648678E-05 -5.377546806E-05
137.2 5.595730028E-05 3.228305785E-05
137.4 5.598814774E-05 -2.153390298E-05
137.6 5.601902923E-05 1.077289024E-05
137.8 5.604994481E-05 5.38941777E-05
138 5.176697957E-05 -1.706512738E-20
138.2 4.747928177E-05 -2.158149171E-05
138.4 4.750552792E-05 -4.318684356E-05
138.6 3.888965708E-05 -2.160536504E-05
138.8 3.026425014E-05 4.323464305E-05
139 2.162929125E-05 6.488787375E-05
139.2 1.298476454E-05 4.328254848E-05
139.4 8.661308204E-06 6.495981153E-05
139.6 4.333056018E-06 6.499584027E-05
139.8 4.335460599E-06 3.25159545E-05
140 4.337867851E-06 5.422334814E-05
140.2 0 5.425347222E-05
140.4 0 8.685380767E-05
140.6 0 8.690211346E-05
140.8 0 1.086880913E-05
141 0 -3.262458241E-05
141.2 0 -3.264275766E-05
141.4 0 -1.088698439E-05
141.6 0 1.089305633E-05
141.8 0 4.359654018E-05
142 0 3.271566164E-05
142.2 0 -1.091131285E-05
142.4 0 4.366964785E-05
142.6 0 0.000109235179
142.8 0 5.464815333E-05
143 0 1.093575028E-05
143.2 0 -3.664836123E-21
143.4 0 -3.87082442E-21
143.6 0 5.477075154E-05
143.8 0 1.096029742E-05
144 4.386580573E-06 -1.096645143E-05
144.2 4.389044944E-06 2.194522472E-05
144.4 4.391512085E-06 -2.195756043E-05
144.6 4.393982002E-06 -2.196991001E-05
144.8 4.396454699E-06 2.795030584E-21
145 0 1.099732545E-05
145.2 0 1.100352113E-05
145.4 0 -1.100972379E-05
145.6 4.406373378E-06 -1.101593345E-05
145.8 0 -1.806268278E-20
146 4.41134952E-06 -2.20567476E-05
146.2 4.413841808E-06 -4.413841808E-05
146.4 4.416336914E-06 -4.416336914E-05
146.6 4.418834842E-06 3.314126131E-05
146.8 0 1.105333899E-05
147 0 -2.211919592E-05
147.2 0 -1.106586402E-05
147.4 0 -5.536068594E-05
147.6 8.862733976E-06 -1.107841747E-05
147.8 8.867763905E-06 2.216940976E-05
148 8.872799546E-06 5.545499716E-05
148.2 4.438920455E-06 4.438920455E-05
148.4 8.882888005E-06 1.243979147E-20
148.6 8.887940842E-06 -1.110992605E-05
148.8 8.892999431E-06 3.334874787E-05
149 0 2.224515945E-05
149.2 4.451566952E-06 7.487588814E-21
149.4 0 3.340578677E-05
149.6 0 -1.114161438E-05
149.8 0 -1.114797374E-05
150 0 1.115434038E-05
150.2 0 -3.348214286E-05
150.4 0 -4.466838193E-05
150.6 0 -5.586741991E-05
150.8 0 -6.707927876E-05
151 0 -5.593141466E-05
151.2 0 -4.477077364E-05
151.4 0 -1.119911124E-05
151.6 0 1.665872521E-20
151.8 0 -4.4847876E-05
152 0 -3.365522688E-05
152.2 0 -1.122485632E-05
152.4 0 -5.615655549E-05
152.6 0 -2.247554661E-05
152.8 0 -1.124424295E-05
153 0 -1.125072005E-05
153.2 0 -1.125720461E-05
153.4 4.505478662E-06 -2.252739331E-05
153.6 9.016156953E-06 -3.381058857E-05
153.8 1.353204388E-05 -2.40377387E-20
154 2.256643559E-05 1.128321779E-05
154.2 4.064306358E-05 -3.386921965E-05
154.4 5.42220937E-05 -1.129626952E-05
154.6 6.329571759E-05 1.130280671E-05
154.8 7.690359004E-05 3.392805443E-05
155 9.052723059E-05 4.52636153E-05
155.2 9.510869565E-05 -7.299141883E-21
155.4 0.0001042270882 -4.531612529E-05
155.6 0.0001042875798 -4.5342426E-05
155.8 9.981126597E-05 -1.386812478E-20
156 9.986926206E-05 2.269755956E-05
156.2 9.538517442E-05 1.135537791E-05
156.4 8.180628272E-05 1.865211474E-20
156.6 7.275902212E-05 -1.136859721E-05
156.8 6.825131043E-05 2.020644701E-21
157 7.739656177E-05 1.138184732E-05
157.2 7.744169096E-05 4.555393586E-05
157.4 8.204492415E-05 6.837077013E-05
157.6 8.665353182E-05 7.981246351E-05
157.8 8.67041472E-05 5.70422021E-05
158 7.762273524E-05 2.283021625E-05
158.2 7.766812865E-05 -1.142178363E-05
158.4 8.228496197E-05 -2.285693388E-05
158.6 8.233313817E-05 -3.430547424E-05
158.8 7.7804628E-05 -5.72092853E-05
159 7.327080891E-05 -3.434569168E-05
159.2 7.331378299E-05 -5.727639296E-05
159.4 6.877200704E-05 -4.584800469E-05
159.6 6.88123899E-05 1.629804792E-20
159.8 6.42626322E-05 1.147547004E-05
160 6.889329806E-05 -1.148221634E-05
160.2 6.433823529E-05 -5.744485294E-05
160.4 6.89743967E-05 -2.299146557E-05
160.6 6.901501767E-05 1.150250294E-05
160.8 6.445197407E-05 -8.056496759E-05
161 6.90964033E-05 -9.212853774E-05
161.2 7.374631268E-05 -5.761430678E-05
161.4 7.378984652E-05 -5.764831759E-05
161.6 6.921884229E-05 -9.229178972E-05
161.8 6.464243499E-05 -2.308658392E-05
162 5.544056771E-05 3.465035482E-05
162.2 5.547337278E-05 -5.778476331E-05
162.4 5.088069864E-05 -2.312759029E-05
162.6 4.628258294E-05 3.47119372E-05
162.8 4.1679016E-05 -1.157750445E-05
163 3.706998814E-05 -4.633748517E-05
163.2 3.245548961E-05 3.477373887E-05
163.4 2.319625891E-05 5.799064727E-05
163.6 2.321004159E-05 -1.16050208E-05
163.8 2.322384067E-05 -2.322384067E-05
164 2.323765616E-05 2.323765616E-05
164.2 2.32514881E-05 1.162574405E-05
164.4 2.326533651E-05 5.394591077E-21
164.6 2.327920143E-05 4.655840286E-05
164.8 2.329308289E-05 1.164654144E-05
165 2.330698091E-05 -4.661396181E-05
165.2 2.332089552E-05 -4.664179104E-05
165.4 2.333482676E-05 -3.500224014E-05
165.6 2.334877466E-05 -3.502316198E-05
165.8 2.336273923E-05 -3.504410885E-05
166 2.337672053E-05 -1.168836026E-05
166.2 2.339071856E-05 -2.339071856E-05
166.4 2.340473337E-05 -2.340473337E-05
166.6 2.341876499E-05 -1.501973482E-20
166.8 2.343281344E-05 -1.171640672E-05
167 2.344687875E-05 -1.172343938E-05
167.2 2.346096096E-05 -2.346096096E-05
167.4 2.34750601E-05 -1.173753005E-05
167.6 2.348917619E-05 3.700103344E-21
167.8 2.350330927E-05 4.700661853E-05
168 1.881396749E-05 2.351745936E-05
168.2 1.88253012E-05 -1.176581325E-05
168.4 1.883664858E-05 1.177290536E-05
168.6 2.356001206E-05 -1.178000603E-05
168.8 2.357423054E-05 -1.178711527E-05
169 1.887077295E-05 2.358846618E-05
169.2 1.888217523E-05 8.260951662E-05
169.4 1.889359129E-05 7.085096735E-05
169.6 1.417876588E-05 3.54469147E-05
169.8 1.418734867E-05 2.364558111E-05
170 1.419594185E-05 3.548985463E-05
170.2 1.420454545E-05 3.551136364E-05
170.4 1.421315949E-05 2.368859915E-05
170.6 1.422178398E-05 3.555445995E-05
170.8 9.486945962E-06 3.557604736E-05
171 9.492709599E-06 2.3731774E-05
171.2 4.749240122E-06 -1.940613293E-20
171.4 4.752128954E-06 -2.713668817E-20
171.6 0 -3.386300136E-20
171.8 0 -1.189479294E-05
172 0 -3.570612431E-05
172.2 0 -2.381859756E-05
172.4 0 1.191656498E-05
172.6 0 1.192384005E-05
172.8 0 1.193112401E-05
173 0 -3.581525061E-05
173.2 0 5.109456847E-21
173.4 0 3.585908813E-05
173.6 0 1.196034905E-05
173.8 0 3.590303309E-05
174 0 2.395003066E-05
174.2 0 -1.198236196E-05
174.4 4.795887047E-06 -3.596915285E-05
174.6 4.798832924E-06 -2.399416462E-05
174.8 4.801782422E-06 -1.200445605E-05
175 4.804735547E-06 -2.402367774E-05
175.2 4.807692308E-06 1.721211769E-20
175.4 0 8.026754877E-21
175.6 0 -3.610212569E-05
175.8 0 -1.204146116E-05
176 0 -1.204888957E-05
176.2 0 -4.822530864E-05
176.4 0 -6.031886967E-05
176.6 0 -6.035614957E-05
176.8 0 -2.415739023E-05
177 0 -2.417233911E-05
177.2 0 -1.209365325E-05
177.4 0 -2.420229244E-05
177.6 0 -4.843459392E-05
177.8 0 1.211616005E-05
178 0 4.849472377E-05
178.2 0 1.213121118E-05
178.4 0 -1.213875078E-05
178.6 0 -2.42925995E-05
178.8 0 1.215385812E-05
179 0 3.648427771E-05
179.2 0 1.216900312E-05
179.4 0 -2.435317955E-05
179.6 0 -4.873674361E-05
179.8 0 -2.438358302E-05
180 0 -1.219940662E-05
180.2 4.8828125E-06 -1.220703125E-05
180.4 9.771732333E-06 -3.664399625E-05
180.6 1.466677096E-05 -2.444461827E-05
180.8 1.956793989E-05 -1.222996243E-05
181 2.447525063E-05 -3.671287594E-05
181.2 2.449059561E-05 -2.449059561E-05
181.4 2.450595985E-05 1.24330224E-20
181.6 2.452134338E-05 -7.611343567E-21
181.8 2.453674623E-05 1.226837312E-05
182 1.964173476E-05 2.455216845E-05
182.2 1.474056604E-05 2.456761006E-05
182.4 1.474984267E-05 1.126036825E-21
182.6 4.919710327E-06 3.689782746E-05
182.8 4.922810334E-06 6.153512917E-05
183 4.92591425E-06 8.371656373E-21
183.2 4.929022082E-06 6.898971964E-21
183.4 9.864267677E-06 -8.621906304E-21
183.6 1.480574858E-05 1.233812382E-05
183.8 1.975347661E-05 3.889037857E-21
184 2.964895636E-05 6.835363811E-21
184.2 3.461234177E-05 -1.236155063E-05
184.4 4.452976567E-05 -6.184689677E-05
184.6 5.445975919E-05 1.2377218E-05
184.8 5.944831959E-05 4.954026633E-05
185 6.940038071E-05 2.478585025E-05
185.2 6.944444444E-05 3.720238095E-05
185.4 7.941550191E-05 -2.481734435E-05
185.6 8.443261284E-05 -6.208280356E-05
185.8 8.448632316E-05 1.242445929E-05
186 7.956715468E-05 1.400602302E-20
186.2 7.961783439E-05 -4.97611465E-05
186.4 7.468929254E-05 -2.489643085E-05
186.6 7.473692602E-05 -3.736846301E-05
186.8 8.4755903E-05 -6.232051691E-05
187 8.481002554E-05 -1.247206258E-05
187.2 8.486421725E-05 1.248003195E-05
187.4 8.491847826E-05 1.248801151E-05
187.6 8.49728087E-05 2.499200256E-05
187.8 8.502720871E-05 1.423146964E-20
188 8.508167841E-05 6.837555301E-21
188.2 8.012820513E-05 1.016069094E-20
188.4 7.516837716E-05 -2.505612572E-05
188.6 7.020218228E-05 -1.253610398E-05
188.8 7.526493256E-05 1.229689278E-20
189 7.029241645E-05 -3.765665167E-05
189.2 7.536173633E-05 -6.280144695E-05
189.4 7.038288288E-05 1.135408636E-20
189.6 7.042820348E-05 4.742041199E-21
189.8 6.543975515E-05 -3.77537049E-05
190 6.548194713E-05 -1.259268214E-05
190.2 6.048387097E-05 4.27972599E-21
190.4 6.052291801E-05 -5.043576501E-05
190.6 5.551518088E-05 -0.0001135537791
190.8 5.050096962E-05 -0.0001010019392
191 5.053363519E-05 -5.053363519E-05
191.2 5.562297735E-05 -6.32079288E-05
191.4 5.565900259E-05 -6.324886658E-05
191.6 6.075826312E-05 -1.265797148E-05
191.8 6.586413748E-05 1.266618029E-05
192 7.097663855E-05 -1.267439974E-05
192.2 7.609577922E-05 -3.804788961E-05
192.4 7.614522417E-05 -2.538174139E-05
192.6 8.127438231E-05 -3.809736671E-05
192.8 8.64102147E-05 -2.541476903E-05
193 9.155273438E-05 -5.086263021E-05
193.2 9.161237785E-05 -5.089576547E-05
193.4 8.657920469E-05 -2.546447197E-05
193.6 8.663568167E-05 -5.096216569E-05
193.8 8.669223238E-05 -9.977698346E-21
194 8.164598302E-05 3.827155454E-05
194.2 7.659313725E-05 3.829656863E-05
194.4 7.153368215E-05 3.832161543E-05
194.6 7.158049738E-05 1.278223168E-05
194.8 7.162737394E-05 3.013171106E-20
195 7.167431193E-05 3.552141517E-20
195.2 7.172131148E-05 2.56147541E-05
195.4 7.17683727E-05 6.40789042E-05
195.6 7.181549573E-05 7.6945174E-05
195.8 7.186268068E-05 3.849786465E-05
196 7.704635108E-05 3.852317554E-05
196.2 7.195723684E-05 3.854851974E-05
196.4 7.200460829E-05 1.586659685E-20
196.6 7.205204216E-05 3.85993083E-05
196.8 7.209953856E-05 7.72495056E-05
197 7.214709763E-05 -2.034522677E-21
197.2 7.219471947E-05 -3.659871392E-21
197.4 7.224240423E-05 5.160171731E-05
197.6 7.229015202E-05 1.290895572E-05
197.8 7.233796296E-05 2.583498677E-05
198 7.238583719E-05 1.292604236E-05
198.2 7.243377483E-05 2.58692053E-05
198.4 6.73045063E-05 5.177269715E-05
198.6 6.216843501E-05 2.590351459E-05
198.8 5.702554745E-05 1.296035169E-05
199 5.187583001E-05 1.29689575E-05
199.2 4.67192691E-05 1.297757475E-05
199.4 4.155585106E-05 3.576808643E-20
199.6 3.638556221E-05 2.598968729E-05
199.8 3.120838881E-05 3.901048602E-05
200 2.602431712E-05 3.903647568E-05
200.2 2.083333333E-05 5.208333333E-05
200.4 1.563542362E-05 3.908855904E-05
200.6 1.04305741E-05 1.303821762E-05
200.8 5.218770875E-06 -1.924800872E-20
201 0 2.611129679E-05
201.2 0 2.612876254E-05
201.4 0 -2.614625167E-05
201.6 0 -2.616376423E-05
201.8 0 -3.92719504E-05
202 0 -5.239771965E-05
202.2 0 -3.932466443E-05
202.4 0 -3.935107455E-05
202.6 0 1.312584005E-05
202.8 5.253866846E-06 2.626933423E-05
203 5.257402423E-06 -4.572850902E-21
203.2 0 2.63047138E-05
203.4 0 2.632243935E-05
203.6 0 -1.31700944E-05
203.8 0 -2.635796221E-05
204 0 -3.956363943E-05
204.2 0 -2.639358108E-05
204.4 0 -1.311149973E-20
204.6 0 -1.321464817E-05
204.8 5.28943805E-06 -2.644719025E-05
205 5.29302168E-06 -3.96976626E-05
205.2 0 -5.296610169E-05
205.4 0 -6.62525441E-05
205.6 0 -7.955702648E-05
205.8 0 -7.961107337E-05
206 5.311012916E-06 -3.983259687E-05
206.2 5.31462585E-06 2.124151195E-20
206.4 5.318243703E-06 1.28921258E-20
206.6 5.321866485E-06 -1.330466621E-05
206.8 0 -1.91541267E-20
207 0 -1.850174142E-20
207.2 0 -6.665955631E-05
207.4 0 -6.67050888E-05
207.6 0 -2.670027341E-05
207.8 5.34370725E-06 -3.579768121E-20
208 0 -2.673682409E-05
208.2 0 -5.351027397E-05
208.4 0 -1.338673749E-05
208.6 0 -1.339591907E-05
208.8 0 -2.681022649E-05
209 0 -1.341432005E-05
209.2 0 1.342353952E-05
209.4 0 1.343277166E-05
209.6 0 1.344201652E-05
209.8 0 1.34512741E-05
210 5.384217781E-06 1.346054445E-05
210.2 0 1.565345688E-20
210.4 0 -2.205445536E-21
210.6 0 1.348843232E-05
210.8 0 -6.867889311E-21
211 0 2.701417704E-05
211.2 0 2.703287197E-05
211.4 0 -2.70515928E-05
211.6 0 -2.707033957E-05
211.8 0 -2.708911234E-05
212 0 2.710791117E-05
212.2 0 2.712673611E-05
212.4 0 -1.357279361E-05
212.6 0 -3.558359505E-20
212.8 0 -1.568410359E-20
213 0 9.250815112E-21
213.2 0 1.361062718E-05
213.4 0 -1.362011855E-05
213.6 0 -2.725924634E-05
213.8 0 5.455656425E-05
214 0 4.094601677E-05
214.2 0 1.365821678E-05
214.4 0 2.733554934E-05
214.6 0 1.367734594E-05
214.8 0 -1.368693062E-05
215 0 -4.108958626E-05
215.2 0 -4.111842105E-05
215.4 0 2.74315309E-05
215.6 0 2.745080815E-05
215.8 0 -4.120516878E-05
216 0 -2.748944405E-05
216.2 0 2.750880282E-05
216.4 0 1.376409443E-05
216.6 0 1.377380113E-05
216.8 0 4.135056457E-05
217 0 2.75865113E-05
217.2 0 2.760600707E-05
217.4 0 5.525106082E-05
217.6 0 4.146762208E-05
217.8 0 2.766466006E-05
218 0 1.384213324E-05
218.2 0 -2.841673723E-20
218.4 0 -2.772356281E-05
218.6 0 -2.774325284E-05
218.8 0 1.388148543E-05
219 0 1.389135846E-05
219.2 0 1.390124555E-05
219.4 0 -2.782229345E-05
219.6 0 -2.784212402E-05
219.8 5.572396576E-06 -2.786198288E-05
220 1.115274804E-05 -4.182280514E-05
220.2 1.116071429E-05 -2.790178571E-05
220.4 1.116869192E-05 -2.792172981E-05
220.6 1.117668097E-05 -1.397085122E-05
220.8 1.118468146E-05 7.924575763E-21
221 1.119269341E-05 -1.399086676E-05
221.2 1.120071685E-05 -1.400089606E-05
221.4 1.120875179E-05 -2.565986911E-21
221.6 1.121679828E-05 1.402099785E-05
221.8 1.122485632E-05 -2.727910575E-20
222 1.123292595E-05 -1.22644534E-20
222.2 5.620503597E-06 1.405125899E-05
222.4 0 -6.13535592E-21
222.6 0 -1.407150576E-05
222.8 0 1.408165105E-05
223 0 4.22754329E-05
223.2 0 -1.410198556E-05
223.4 0 -5.013953767E-20
223.6 0 4.236713666E-05
223.8 0 4.239779305E-05
224 0 2.828566256E-05
224.2 0 -1.983990337E-20
224.4 0 -2.952702656E-20
224.6 0 4.252086357E-05
224.8 0 5.673565723E-05
225 0 1.419422238E-05
225.2 0 2.840909091E-05
225.4 0 2.84297671E-05
225.6 0 -1.560902829E-20
225.8 5.694241983E-06 1.676074744E-21
226 1.139679066E-05 -1.424598833E-05
226.2 1.710766423E-05 -5.702554745E-05
226.4 2.282688093E-05 -4.280040175E-05
226.6 2.284356725E-05 2.855445906E-05
226.8 2.286027798E-05 5.715069495E-05
227 2.287701318E-05 1.429813324E-05
227.2 2.289377289E-05 1.430860806E-05
227.4 2.291055718E-05 8.591458944E-05
227.6 1.719552458E-05 8.597762289E-05
227.8 1.720814978E-05 2.868024963E-05
228 1.148052902E-05 -1.317227347E-21
228.2 5.744485294E-06 -1.436121324E-05
228.4 5.748712288E-06 -1.437178072E-05
228.6 0 2.876472754E-05
228.8 0 4.317888725E-05
229 0 -1.44035767E-05
229.2 0 -1.441420664E-05
229.4 0 -6.375769151E-20
229.6 0 1.443551367E-05
229.8 0 -1.017762824E-20
230 0 -2.891376758E-05
230.2 0 -3.520479533E-20
230.4 0 -1.447831727E-05
230.6 0 -2.897811573E-05
230.8 0 -4.349944321E-05
231 5.80423477E-06 -4.353176077E-05
231.2 0 -2.904275093E-05
231.4 0 1.453218006E-05
231.6 0 4.362900223E-05
231.8 0 2.910767511E-05
232 0 1.456469053E-05
232.2 0 1.45755597E-05
232.4 0 4.375933532E-05
232.6 0 1.459734679E-05
232.8 0 -1.460826477E-05
233 0 5.051806434E-20
233.2 0 1.463014981E-05
233.4 0 1.464111694E-05
233.6 0 -5.643985337E-21
233.8 0 -2.93262012E-05
234 0 -4.402235162E-05
234.2 0 -1.468515038E-05
234.4 5.87848006E-06 -2.542722917E-20
234.6 5.882906627E-06 1.470726657E-05
234.8 5.887339864E-06 -2.200680171E-20
235 5.891779789E-06 -1.491557697E-20
235.2 0 -1.474056604E-05
235.4 0 -1.47516994E-05
235.6 0 2.568933927E-20
235.8 0 -2.954803328E-05
236 0 -4.435560182E-05
236.2 0 -5.918560606E-05
236.4 0 -4.442285823E-05
236.6 0 -2.207782959E-20
236.8 0 -1.48301063E-05
237 0 -4.452412614E-05
237.2 0 -5.941064639E-05
237.4 0 -5.945585997E-05
237.6 0 -2.975057121E-05
237.8 0 -1.488662348E-05
238 0 -1.489797864E-05
238.2 0 -2.981870229E-05
238.4 5.968296409E-06 -1.492074102E-05
238.6 1.194571865E-05 -1.493214832E-05
238.8 1.793228768E-05 -2.988714614E-05
239 2.39280245E-05 1.495501531E-05
239.2 2.394636015E-05 1.49664751E-05
239.4 2.396472393E-05 -1.497795245E-05
239.6 2.398311589E-05 -1.498944743E-05
239.8 2.40015361E-05 1.500096006E-05
240 2.401998463E-05 1.501249039E-05
240.2 2.403846154E-05 -3.004807692E-05
240.4 3.007120862E-05 -3.007120862E-05
240.6 3.611325116E-05 -4.514156394E-05
240.8 3.614109483E-05 -3.011757903E-05
241 3.616898148E-05 -1.47025314E-20
241.2 3.61969112E-05 -2.191179388E-20
241.4 3.01874034E-05 -4.646647008E-20
241.6 4.229505027E-05 -4.862046484E-20
241.8 4.8374613E-05 1.511706656E-05
242 5.446359411E-05 3.025755229E-05
242.2 5.450581395E-05 3.028100775E-05
242.4 5.45480993E-05 4.545674942E-05
242.6 6.06560559E-05 4.549204193E-05
242.8 6.07031857E-05 1.517579643E-05
243 6.682542768E-05 1.51875972E-05
243.2 6.079766537E-05 1.681734352E-20
243.4 6.084501558E-05 6.715756721E-20
243.6 5.480319564E-05 3.04462198E-05
243.8 4.875195008E-05 3.04699688E-05
244 4.879000781E-05 4.574063232E-05
244.2 4.8828125E-05 3.051757812E-05
244.4 4.275801407E-05 -1.527071931E-05
244.6 3.667840376E-05 -1.528266823E-05
244.8 3.058927173E-05 -3.058927173E-05
245 2.449059561E-05 -6.122648903E-05
245.2 1.838235294E-05 -4.595588235E-05
245.4 1.226452119E-05 -4.599195447E-05
245.6 1.227415554E-05 -4.602808327E-05
245.8 6.141902516E-06 -3.070951258E-05
246 6.146734854E-06 -1.536683714E-05
246.2 0 1.537893701E-05
246.4 0 1.539105595E-05
246.6 0 -3.080638801E-05
246.8 0 -1.541535122E-05
247 0 3.085505529E-05
247.2 0 3.087944664E-05
247.4 0 1.545193829E-05
247.6 0 1.54641726E-05
247.8 0 1.547642631E-05
248 0 -1.628052377E-20
248.2 0 -2.041534437E-20
248.4 0 1.551330421E-05
248.6 0 -1.552563593E-05
248.8 6.215194909E-06 -3.107597454E-05
249 6.220143312E-06 7.370359954E-21
249.2 6.225099602E-06 -1.627068495E-20
249.4 1.246012759E-05 -1.059220781E-20
249.6 1.870510774E-05 -3.243293806E-20
249.8 2.49600639E-05 -6.081936631E-20
250 3.122501998E-05 -1.561250999E-05
250.2 3.75E-05 1.776882969E-20
250.4 4.378502802E-05 1.563751001E-05
250.6 5.008012821E-05 3.130008013E-05
250.8 5.638532478E-05 3.132518043E-05
251 6.270064205E-05 -3.135032103E-05
251.2 6.275100402E-05 -1.5687751E-05
251.4 6.280144695E-05 1.570036174E-05
251.6 5.656677393E-05 -3.142598552E-05
251.8 5.661231884E-05 -4.717693237E-05
252 5.665793715E-05 -3.147663175E-05
252.2 5.040322581E-05 -2.929207134E-20
252.4 4.413841808E-05 1.576372074E-05
252.6 3.78634895E-05 3.155290792E-05
252.8 3.157841552E-05 1.578920776E-05
253 2.528317152E-05 -3.16039644E-05
253.2 1.897773279E-05 -1.581477733E-05
253.4 1.266207455E-05 -1.582759319E-05
253.6 6.336171938E-06 -4.752128954E-05
253.8 0 6.346161867E-23
254 0 1.586616572E-05
254.2 0 -1.587906504E-05
254.4 0 -1.626038235E-20
254.6 0 1.590492671E-05
254.8 0 4.775366748E-05
255 0 3.186174551E-05
255.2 0 3.091232535E-21
255.4 6.382761438E-06 1.595690359E-05
255.6 6.387980376E-06 1.596995094E-05
255.8 6.393207856E-06 3.196603928E-05
256 6.398443898E-06 1.599610975E-05
256.2 1.280737705E-05 -3.201844262E-05
256.4 1.281788351E-05 -1.120329367E-20
256.6 2.565681445E-05 1.603550903E-05
256.8 2.567789647E-05 4.814605588E-05
257 1.927425987E-05 4.818564967E-05
257.2 1.28600823E-05 -4.822530864E-05
257.4 1.930601318E-05 -1.608834432E-05
257.6 1.93219291E-05 1.610160758E-05
257.8 1.933787129E-05 -6.445957096E-05
258 1.93538398E-05 -4.83845995E-05
258.2 1.936983471E-05 -1.614152893E-05
258.4 1.938585608E-05 -3.230976013E-05
258.6 3.233650662E-05 1.616825331E-05
258.8 3.236329743E-05 4.854494615E-05
259 2.591210614E-05 -1.619506633E-05
259.2 2.593360996E-05 -3.241701245E-05
259.4 2.59551495E-05 3.244393688E-05
259.6 1.948254364E-05 -3.247090607E-05
259.8 1.949875208E-05 -3.249792013E-05
260 6.504995837E-06 3.252497918E-05
260.2 6.510416667E-06 -1.627604167E-05
260.4 6.515846539E-06 -1.628961635E-05
260.6 0 1.630321369E-05
260.8 0 3.717745039E-20
261 0 -1.633047659E-05
261.2 0 -1.171316695E-20
261.4 0 -1.635783082E-05
261.6 0 3.383528714E-21
261.8 0 3.277055369E-05
262 0 -1.639903442E-05
262.2 6.56512605E-06 -1.641281513E-05
262.4 6.570647603E-06 -2.015773966E-20
262.6 1.31523569E-05 -1.644044613E-05
262.8 1.974515586E-05 1.645429655E-05
263 2.634907251E-05 -1.646817032E-05
263.2 3.296413502E-05 -1.648206751E-05
263.4 3.299197635E-05 3.299197635E-05
263.6 3.96238377E-05 3.301986475E-05
263.8 3.304780034E-05 1.652390017E-05
264 3.307578323E-05 1.653789162E-05
264.2 3.310381356E-05 -2.666977199E-20
264.4 3.313189143E-05 3.313189143E-05
264.6 2.652801358E-05 3.316001698E-05
264.8 3.982582838E-05 1.659409516E-05
265 3.321641156E-05 3.321641156E-05
265.2 3.324468085E-05 -4.986702128E-05
265.4 3.32729983E-05 -6.654599659E-05
265.6 2.664109122E-05 -1.665068201E-05
265.8 2.666382253E-05 -1.666488908E-05
266 3.335824082E-05 3.335824082E-05
266.2 2.670940171E-05 6.677350427E-05
266.4 2.673224979E-05 -1.670765612E-05
266.6 2.675513699E-05 -5.016588185E-05
266.8 2.677806341E-05 -1.673628963E-05
267 3.350128645E-05 -1.675064322E-05
267.2 4.02360515E-05 -1.56383945E-20
267.4 4.027061856E-05 1.67794244E-05
267.6 4.030524506E-05 1.072561018E-20
267.8 4.033993115E-05 -1.680830465E-05
268 4.0374677E-05 -1.682278208E-05
268.2 4.040948276E-05 1.683728448E-05
268.4 4.044434858E-05 5.055543572E-05
268.6 4.047927461E-05 8.433182211E-05
268.8 4.051426102E-05 3.376188418E-05
269 4.054930796E-05 -3.379108997E-05
269.2 4.058441558E-05 -3.382034632E-05
269.4 4.061958406E-05 -3.384965338E-05
269.6 4.065481353E-05 -6.955381287E-21
269.8 4.069010417E-05 -2.315082014E-20
270 4.072545613E-05 -2.562363632E-20
270.2 4.076086957E-05 1.698369565E-05
270.4 4.079634465E-05 -4.952002302E-21
270.6 4.083188153E-05 -1.701328397E-05
270.8 4.086748038E-05 -2.444865788E-21
271 4.090314136E-05 5.11289267E-05
271.2 4.093886463E-05 0.0001023471616
271.4 3.414554196E-05 6.829108392E-05
271.6 3.417541557E-05 1.699687864E-20
271.8 2.73642732E-05 -3.420534151E-05
272 2.054119194E-05 -3.423531989E-05
272.2 1.370614035E-05 -2.024676913E-20
272.4 6.859086918E-06 1.71477173E-05
272.6 0 -3.432557118E-05
272.8 0 -5.153364116E-05
273 0 1.719300176E-05
273.2 0 1.720814978E-05
273.4 0 -1.722332451E-05
273.6 0 -5.171557811E-05
273.8 0 -5.176126325E-05
274 0 3.733138022E-20
274.2 0 1.728429204E-05
274.4 0 1.729960142E-05
274.6 0 3.462987589E-05
274.8 0 1.733030169E-05
275 0 3.469138544E-05
275.2 0 6.944444444E-05
275.4 0 6.950622776E-05
275.6 0 3.478406055E-05
275.8 0 1.740753119E-05
276 6.969223907E-06 1.742305977E-05
276.2 1.395089286E-05 1.743861607E-05
276.4 2.094504021E-05 5.236260054E-05
276.6 2.795169946E-05 1.746981216E-05
276.8 3.497090421E-05 3.497090421E-05
277 3.500224014E-05 7.000448029E-05
277.2 4.204035874E-05 1.751681614E-05
277.4 4.909111311E-05 1.753254039E-05
277.6 4.913522013E-05 -1.705270141E-20
277.8 4.917940647E-05 -1.756407374E-05
278 4.922367237E-05 1.757988299E-05
278.2 4.926801802E-05 5.278716216E-05
278.4 4.931244364E-05 -1.503609505E-20
278.6 4.935694946E-05 1.762748195E-05
278.8 4.940153568E-05 7.05736224E-05
279 4.944620253E-05 3.531871609E-05
279.2 4.949095023E-05 7.070135747E-05
279.4 4.953577899E-05 7.076539855E-05
279.6 4.958068903E-05 3.541477788E-05
279.8 4.962568058E-05 1.772345735E-05
280 4.967075386E-05 1.773955495E-05
280.2 4.971590909E-05 -5.326704545E-05
280.4 4.97611465E-05 -5.33155141E-05
280.6 4.98064663E-05 -2.327446656E-20
280.8 4.985186873E-05 -3.560847767E-05
281 4.989735401E-05 -3.564096715E-05
281.2 4.994292237E-05 -2.322096332E-21
281.4 4.998857404E-05 5.355918647E-05
281.6 5.003430924E-05 1.786939616E-05
281.8 5.008012821E-05 1.788576007E-05
282 5.012603116E-05 1.04899027E-20
282.2 5.017201835E-05 -1.791857798E-05
282.4 5.021808999E-05 -4.426162503E-20
282.6 4.308363971E-05 -3.590303309E-05
282.8 4.312327507E-05 1.796803128E-05
283 3.596915285E-05 3.387026164E-21
283.2 2.880184332E-05 -1.800115207E-05
283.4 2.162130996E-05 -1.80177583E-05
283.6 2.164127424E-05 -2.303695437E-20
283.8 1.444085028E-05 1.805106285E-05
284 2.16813136E-05 -3.613552266E-05
284.2 2.170138889E-05 3.616898148E-05
284.4 7.240500463E-06 6.835311831E-21
284.6 0 -7.247217069E-05
284.8 0 1.584163751E-20
285 0 1.078278271E-20
285.2 0 -1.816860465E-05
285.4 7.274208566E-06 -2.423900862E-20
285.6 1.456197577E-05 1.630409084E-21
285.8 1.45755597E-05 -5.465834888E-05
286 7.2945845E-06 -5.470938375E-05
286.2 7.301401869E-06 -3.650700935E-05
286.4 7.308231993E-06 -3.654115996E-05
286.6 7.315074906E-06 3.657537453E-05
286.8 0 3.660965323E-05
287 0 3.664399625E-05
287.2 0 -3.667840376E-05
287.4 0 -7.342575188E-05
287.6 0 -1.837370649E-05
287.8 0 -7.356403013E-05
288 0 -7.363336475E-05
288.2 0 6.181920485E-20
288.4 0 1.84431067E-05
288.6 0 -1.846053875E-05
288.8 0 -1.847800378E-05
289 0 -1.849550189E-05
289.2 7.40521327E-06 -5.553909953E-05
289.4 7.412239089E-06 -1.853059772E-05
289.6 7.419278253E-06 -1.854819563E-05
289.8 7.426330798E-06 -5.569748099E-05
290 7.433396765E-06 -5.575047574E-05
290.2 0 -7.44047619E-05
290.4 1.489513823E-05 -5.585676835E-05
290.6 7.454675573E-06 -1.863668893E-05
290.8 7.461795606E-06 3.870926973E-20
291 7.468929254E-06 3.734464627E-05
291.2 0 1.869019139E-05
291.4 0 -3.741618774E-05
291.6 0 -1.872603068E-05
291.8 0 2.495537413E-20
292 0 -5.628602305E-05
292.2 0 -1.878004808E-05
292.4 0 7.519249278E-05
292.6 0 5.868346205E-21
292.8 0 -3.766875603E-05
293 0 3.770511583E-05
293.2 0 9.435386473E-05
293.4 0 7.555609284E-05
293.6 0 5.672192643E-05
293.8 0 -5.138824905E-20
294 0 1.894398642E-05
294.2 0 3.792475728E-05
294.4 0 2.991544309E-20
294.6 0 3.799854086E-05
294.8 0 1.90177702E-05
295 0 3.807261209E-05
295.2 0 5.716463415E-05
295.4 0 3.814697266E-05
295.6 0 5.727639296E-05
295.8 0 3.822162427E-05
296 0 3.825905975E-05
296.2 0 9.574142157E-05
296.4 0 0.0001341695289
296.6 0 0.0001151154224
296.8 0 5.761430678E-05
297 0 -1.773341721E-22
297.2 0 -1.924261084E-05
297.4 0 1.027397371E-21
297.6 0 -1.928060217E-05
297.8 0 -2.586577923E-20
298 0 1.931874382E-05
298.2 0 1.933787129E-05
298.4 0 -1.935703667E-05
298.6 0 -7.750496032E-05
298.8 0 -7.758192651E-05
299 1.553180915E-05 1.941476143E-05
299.2 1.554726368E-05 0.0001166044776
299.4 2.334412351E-05 9.726718127E-05
299.6 3.115653041E-05 3.894566301E-05
299.8 2.339071856E-05 1.949226547E-05
300 2.341408591E-05 5.853521479E-05
300.2 2.34375E-05 1.953125E-05
300.4 2.346096096E-05 -3.91016016E-05
300.6 2.348446894E-05 -3.914078156E-05
300.8 1.567201605E-05 -1.959002006E-05
301 1.5687751E-05 -1.960968876E-05
301.2 2.355527638E-05 1.962939698E-05
301.4 2.357897384E-05 1.964914487E-05
301.6 2.360271903E-05 -3.933786506E-05
301.8 1.575100806E-05 1.968876008E-05
302 7.88345106E-06 1.814114971E-20
302.2 7.891414141E-06 -5.918560606E-05
302.4 7.899393327E-06 -5.924544995E-05
302.6 7.907388664E-06 -5.930541498E-05
302.8 7.915400203E-06 -5.936550152E-05
303 1.584685598E-05 -3.961713996E-05
303.2 1.586294416E-05 -0.0001189720812
303.4 1.587906504E-05 -0.0001190929878
303.6 2.384282808E-05 -5.960707019E-05
303.8 2.386710794E-05 -0.000159114053
304 2.389143731E-05 -5.972859327E-05
304.2 2.391581633E-05 6.64584321E-20
304.4 2.394024515E-05 -5.985061287E-05
304.6 3.195296524E-05 4.446791733E-20
304.8 3.198567042E-05 5.676623644E-20
305 1.600922131E-05 -2.001152664E-05
305.2 1.602564103E-05 2.003205128E-05
305.4 1.604209446E-05 -2.005261807E-05
305.6 1.605858171E-05 -6.02196814E-05
305.8 1.607510288E-05 -4.01877572E-05
306 8.045829042E-06 -4.022914521E-05
306.2 8.054123711E-06 -4.027061856E-05
306.4 8.062435501E-06 -6.046826625E-05
306.6 8.070764463E-06 -6.053073347E-05
306.8 8.079110651E-06 -4.039555326E-05
307 8.08747412E-06 -4.04373706E-05
307.2 1.619170984E-05 2.951595547E-20
307.4 1.620850622E-05 8.374699635E-20
307.6 1.622533749E-05 2.028167186E-05
307.8 1.624220374E-05 4.060550936E-05
308 1.62591051E-05 -2.032388137E-05
308.2 1.627604167E-05 -3.068363606E-20
308.4 1.629301356E-05 2.036626694E-05
308.6 8.155010438E-06 1.926304072E-20
308.8 8.16353187E-06 2.040882968E-05
309 8.17207113E-06 2.043017782E-05
309.2 0 -2.045157068E-05
309.4 0 2.047300839E-05
309.6 0 4.098898216E-05
309.8 0 7.236246415E-21
310 0 4.107518402E-05
310.2 0 6.167763158E-05
310.4 0 4.116174921E-05
310.6 0 2.060258439E-05
310.8 0 4.124868004E-05
311 0 8.25845666E-05
311.2 0 6.200396825E-05
311.4 0 6.206965042E-05
311.6 0 8.284729586E-05
311.8 0 6.220143312E-05
312 0 4.151168969E-05
312.2 0 4.155585106E-05
312.4 0 2.080005325E-05
312.6 0 -1.377426311E-20
312.8 0 -4.284673697E-20
313 0 8.128175977E-22
313.2 0 3.59303047E-20
313.4 0 -4.135647382E-20
313.6 0 -2.093381565E-05
313.8 0 2.095627682E-05
314 0 6.293635875E-05
314.2 0 2.100134409E-05
314.4 0 -2.102395048E-05
314.6 0 -1.187747943E-20
314.8 0 2.855187014E-20
315 0 -4.218412527E-05
315.2 0 2.111486486E-05
315.4 0 6.341314935E-05
315.6 0 2.116061755E-05
315.8 0 -2.118356833E-05
316 0 2.120656895E-05
316.2 0 6.36888587E-05
316.4 0 4.25054407E-05
316.6 0 6.382761438E-05
316.8 8.519629226E-06 8.519629226E-05
317 8.528930131E-06 8.528930131E-05
317.2 8.538251366E-06 8.538251366E-05
317.4 8.547592998E-06 0.0001068449125
317.6 0 6.41771632E-05
317.8 0 4.28316886E-05
318 0 6.431805708E-05
318.2 0 3.011067804E-20
318.4 0 -6.445957096E-05
318.6 0 -6.453056167E-05
318.8 0 -2.153390298E-05
319 0 -8.623068433E-05
319.2 0 -0.0001294889503
319.4 0 -8.642146018E-05
319.6 0 -0.0001514050388
319.8 0 -0.0001732261641
320 0 -6.503190899E-05
320.2 0 -4.340277778E-05
320.4 0 -8.690211346E-05
320.6 0 -3.064488447E-20
320.8 0 4.354793757E-05
321 0 2.179827009E-05
321.2 0 4.36452514E-05
321.4 0 6.554110738E-05
321.6 0 4.374300112E-05
321.8 0 5.77996619E-20
322 0 2.192059484E-05
322.2 0 -5.19767823E-20
322.4 0 -2.196991001E-05
322.6 0 2.19946509E-05
322.8 0 4.403889515E-05
323 0 -2.204430023E-05
323.2 0 -4.413841808E-05
323.4 0 2.209417421E-05
323.6 0 -2.211919592E-05
323.8 0 -6.643282313E-05
324 8.867763905E-06 -2.216940976E-05
324.2 0 -2.219460227E-05
324.4 0 -2.22198521E-05
324.6 0 1.524046667E-21
324.8 0 -4.454104903E-05
325 0 -8.918378995E-05
325.2 0 -0.0001339285714
325.4 0 -0.0001117348398
325.6 0 3.014326069E-21
325.8 0 2.239822248E-05
326 0 -4.4847876E-05
326.2 0 -4.489942529E-05
326.4 0 -2.247554661E-05
326.6 0 -2.250144009E-05
326.8 0 6.747262482E-21
327 0 1.45715494E-21
327.2 0 -7.057116565E-20
327.4 0 -6.169666607E-20
327.6 0 -2.263180765E-05
327.8 0 -4.531612529E-05
328 0 -4.536875726E-05
328.2 0 -1.865515486E-21
328.4 0 -3.064898414E-20
328.6 0 -4.552738928E-05
328.8 0 -6.837077013E-05
329 0 -6.845064252E-05
329.2 0 -4.56871345E-05
329.4 0 -4.574063232E-05
329.6 0 -6.869138335E-05
329.8 0 -6.877200704E-05
330 0 -2.295094007E-05
330.2 0 3.293643697E-21
330.4 9.202002356E-06 2.300500589E-05
330.6 0 9.212853774E-05
330.8 0 0.0001152966352
331 0 0.0001154329196
331.2 0 4.622781065E-05
331.4 0 6.942387441E-05
331.6 0 9.267497034E-05
331.8 0 -2.319625891E-05
332 0 4.644768133E-05
332.2 0 2.32514881E-05
332.4 0 -4.655840286E-05
332.6 0 -2.330698091E-05
332.8 0 -1.234881227E-20
333 0 -1.809771826E-20
333.2 9.356287425E-06 1.275524736E-21
333.4 9.367505995E-06 -2.341876499E-05
333.6 9.378751501E-06 -2.344687875E-05
333.8 9.390024038E-06 -2.645426414E-20
334 0 -2.350330927E-05
334.2 0 -7.059487952E-05
334.4 0 -9.424004825E-05
334.6 0 -2.358846618E-05
334.8 0 6.114117783E-20
335 0 5.631599079E-21
335.2 0 -2.367424242E-05
335.4 0 4.74059466E-05
335.6 0 4.7463548E-05
335.8 0 5.036558457E-20
336 0 7.136875761E-05
336.2 0 -2.381859756E-05
336.4 0 -4.76953602E-05
336.6 0 2.387683374E-05
336.8 0 -4.78121175E-05
337 0 2.393535539E-05
337.2 0 9.585889571E-05
337.4 0 -4.798832924E-05
337.6 0 -0.0001201183887
337.8 0 -4.810652709E-05
338 0 1.276343489E-20
338.2 0 -4.822530864E-05
338.4 0 -2.414245983E-05
338.6 0 2.417233911E-05
338.8 0 2.352800871E-20
339 0 4.190722451E-20
339.2 0 2.426242236E-05
339.4 0 2.42925995E-05
339.6 0 2.432285181E-05
339.8 0 4.87063591E-05
340 0 -2.438358302E-05
340.2 9.765625E-06 -7.32421875E-05
340.4 0 3.083149931E-20
340.6 0 -2.727770061E-20
340.8 0 -4.90119197E-05
341 0 -4.907349246E-05
341.2 0 -2.456761006E-05
341.4 0 -7.929908254E-20
341.6 0 2.462957125E-05
341.8 0 4.932133838E-05
342 0 2.469184576E-05
342.2 0 -3.0861452E-20
342.4 0 -2.475443599E-05
342.6 0 -2.352188478E-21
342.8 0 3.581515582E-20
343 0 -4.969783715E-05
343.2 0 2.488057325E-05
343.4 0 1.558934081E-20
343.6 0 -4.208385885E-20
343.8 0 4.995204604E-05
344 0 -5.001600512E-05
344.2 0 -5.008012821E-05
344.4 0 -6.280720532E-20
344.6 0 -2.510443445E-05
344.8 0 -2.513674389E-05
345 0 -2.930888474E-20
345.2 0 2.52016129E-05
345.4 0 2.523417313E-05
345.6 0 2.526681759E-05
345.8 0 1.317272773E-20
346 0 2.279039783E-20
346.2 0 -1.665923438E-20
346.4 0 -5.079648895E-05
346.6 0 2.54313151E-05
346.8 0 5.092894394E-05
347 0 -2.54977154E-05
347.2 0 -2.553104575E-05
347.4 0 2.005958575E-21
347.6 0 -2.559796855E-05
347.8 0 -2.563156168E-05
348 0 6.796010706E-21
348.2 0 -1.405449943E-20
348.4 0 -6.937893831E-20
348.6 0 2.576682058E-05
348.8 0 5.323667696E-20
349 0 -2.583498677E-05
349.2 0 5.17384106E-05
349.4 0 5.180702918E-05
349.6 0 2.593791501E-05
349.8 1.038896277E-05 5.194481383E-05
350 2.080559254E-05 -3.052458712E-20
350.2 3.125E-05 2.567738812E-20
350.4 5.215287049E-05 5.215287049E-05
350.6 5.222259358E-05 3.706599158E-20
350.8 6.275100402E-05 -5.229250335E-05
351 8.378016086E-05 -5.236260054E-05
351.2 9.437919463E-05 -2.621644295E-05
351.4 9.450604839E-05 -5.250336022E-05
351.6 0.0001051480485 -2.628701211E-05
351.8 0.0001052897574 5.264487871E-05
352 0.0001054318489 -2.635796221E-05
352.2 0.0001055743243 -2.639358108E-05
352.4 0.0001057171854 5.285859269E-05
352.6 0.0001058604336 -2.64651084E-05
352.8 0.0001166044776 -1.270914708E-20
353 0.0001273777174 2.653702446E-05
353.2 0.0001488095238 -1.435461391E-20
353.4 0.0001702997275 2.660933243E-05
353.6 0.0001811903138 5.329126876E-05
353.8 0.0001707650273 2.668203552E-05
354 0.000170998632 -3.021999227E-20
354.2 0.0001605308219 5.351027397E-05
354.4 0.0001500342936 -3.965253559E-21
354.6 0.0001502403846 -2.682864011E-05
354.8 0.00016119326 5.373108666E-05
355 0.0001398932507 2.690254821E-05
355.2 0.0001400862069 5.387931034E-05
355.4 0.000151070442 0.0001079074586
355.6 0.0001512793914 4.98929788E-22
355.8 0.0001298476454 2.368741201E-21
356 0.0001408633842 5.417822469E-05
356.2 0.0001302083333 0.0001356336806
356.4 0.0001195236439 0.0001086578581
356.6 0.0001088091922 5.44045961E-05
356.8 9.806485356E-05 3.356166236E-20
357 9.820181564E-05 -5.455656425E-05
357.2 9.833916084E-05 5.233382964E-20
357.4 9.847689076E-05 5.470938375E-05
357.6 0.00010957223 2.73930575E-05
357.8 0.0001097261236 2.74315309E-05
358 9.889240506E-05 8.241033755E-05
358.2 8.802816901E-05 1.382425993E-19
358.4 9.917136812E-05 -5.509520451E-05
358.6 0.0001213806497 -6.357158006E-20
358.8 9.945190948E-05 0.0001105021216
359 7.746104816E-05 2.766466006E-05
359.2 8.865248227E-05 2.770390071E-05
359.4 7.768110795E-05 5.666328309E-20
359.6 8.890469417E-05 -8.334815078E-05
359.8 8.903133903E-05 -5.564458689E-05
360 0.0001003031384 -5.572396576E-05
360.2 0.0001004464286 2.469025314E-20
360.4 0.0001005901288 -1.194648757E-20
360.6 0.0001007342407 3.608287252E-20
360.8 0.0001120875179 -1.998900745E-20
361 0.0001010237069 0.0001122485632
361.2 0.0001011690647 0.0001124100719
361.4 0.0001013148415 -2.814301153E-05
361.6 0.000101461039 2.818362193E-05
361.8 0.000101607659 -9.17165775E-21
362 0.0001017547033 -8.479558611E-05
362.2 9.057971014E-05 2.830615942E-05
362.4 9.071117562E-05 2.834724238E-05
362.6 0.0001021984012 -2.838844477E-05
362.8 0.0001023471616 -5.685953421E-05
363 0.0001252733236 -2.847120991E-05
363.2 0.0001368613139 2.851277372E-05
363.4 0.0001370614035 -2.855445906E-05
363.6 0.0001372620791 -5.719253294E-05
363.8 0.0001374633431 -5.727639296E-05
364 0.0001261930984 -1.078351852E-19
364.2 0.0001378676471 -9.028431593E-20
364.4 0.0001265648012 -2.876472754E-05
364.6 0.0001382743363 4.701771329E-20
364.8 0.000138478582 -5.769940916E-05
365 0.000138683432 -2.889238166E-05
365.2 0.0001273148148 -7.376897073E-20
365.4 0.0001275037092 -5.795623145E-05
365.6 0.0001160846954 -2.902117385E-05
365.8 0.0001162574405 5.694539201E-20
366 0.0001280737705 5.821535022E-05
366.2 0.0001282649254 5.830223881E-05
366.4 0.0001284566517 0.0001167787743
366.6 0.0001286489521 0.0001754303892
366.8 0.0001171289355 8.784670165E-05
367 0.0001290352853 2.93262012E-05
367.2 0.0001292293233 -4.721459011E-20
367.4 0.0001294239458 1.267993741E-20
367.6 0.0001296191554 3.977047846E-20
367.8 0.0001298149547 2.950339879E-05
368 0.0001181921331 -3.281275797E-21
368.2 0.0001183712121 -2.959280303E-05
368.4 0.0001185508346 5.92754173E-05
368.6 0.0001306041033 5.936550152E-05
368.8 0.0001308028919 -5.678551806E-20
369 0.0001310022866 2.977324695E-05
369.2 0.0001192748092 1.688421559E-20
369.4 0.0001075114679 2.986429664E-05
369.6 9.571209801E-05 -2.991003063E-05
369.8 8.387653374E-05 -2.995590491E-05
370 7.200460829E-05 6.000384025E-05
370.2 6.009615385E-05 9.014423077E-05
370.4 4.815100154E-05 0.0001504718798
370.6 3.616898148E-05 9.04224537E-05
370.8 2.414992272E-05 -1.423844478E-20
371 1.209365325E-05 -1.071804336E-20
371.2 1.21124031E-05 -3.028100775E-05
371.4 1.213121118E-05 -3.032802795E-05
371.6 0 5.731436125E-20
371.8 0 -6.084501558E-05
372 0 -6.09399376E-05
372.2 0 -6.103515625E-05
372.4 0 -3.056533646E-05
372.6 0 3.061324451E-05
372.8 0 3.066130298E-05
373 0 -3.070951258E-05
373.2 0 5.056025756E-21
373.4 0 4.429586301E-20
373.6 0 -3.085505529E-05
373.8 0 3.484353983E-20
374 0 -3.095285261E-05
374.2 0 -0.0001240079365
374.4 0 -0.0001242050874
374.6 0 -0.0001244028662
374.8 0 -0.0001246012759
375 0 -3.120007987E-05
375.2 0 -3.125E-05
375.4 0 -9.390024038E-05
375.6 0 -9.405096308E-05
375.8 0 -6.280144695E-05
376 0 -6.290257649E-05
376.2 0 -0.0001260080645
376.4 0 -6.310581583E-05
376.6 0 3.16039644E-05
376.8 0 -4.234502247E-20
377 0 6.341314935E-05
377.2 0 6.351626016E-05
377.4 0 -4.105462154E-20
377.6 0 3.186174551E-05
377.8 1.276552288E-05 -9.574142157E-05
378 1.278641571E-05 -0.0001598301964
378.2 1.280737705E-05 1.428466594E-20
378.4 1.282840722E-05 -2.509391895E-20
378.6 1.284950658E-05 -3.212376645E-05
378.8 1.287067545E-05 6.981602736E-20
379 1.289191419E-05 -3.222978548E-05
379.2 1.291322314E-05 3.228305785E-05
379.4 1.293460265E-05 9.700951987E-05
379.6 0 9.717039801E-05
379.8 0 6.488787375E-05
380 0 -9.325437988E-23
380.2 0 -3.255208333E-05
380.4 0 -6.521285476E-05
380.6 0 -3.266095318E-05
380.8 0 6.543132328E-05
381 0 6.554110738E-05
381.2 0 -7.705042656E-20
381.4 1.31523569E-05 9.864267677E-05
381.6 1.317453626E-05 6.587268128E-05
381.8 1.319679054E-05 -3.299197635E-05
382 2.643824027E-05 3.304780034E-05
382.2 3.972457627E-05 -1.017834814E-20
382.4 3.979202037E-05 -6.632003396E-05
382.6 3.985969388E-05 1.731575785E-22
382.8 3.992759796E-05 8.400151709E-20
383 2.666382253E-05 -9.998933447E-05
383.2 4.006410256E-05 -3.338675214E-05
383.4 2.675513699E-05 2.314821147E-20
383.6 1.340051458E-05 2.81820874E-20
383.8 1.342353952E-05 0.0001342353952
384 1.344664372E-05 0.0001008498279
384.2 0 -6.734913793E-05
384.4 0 -3.996333217E-20
384.6 0 -1.267829676E-19
384.8 0 -0.0001353986135
385 0 -3.390842014E-05
385.2 0 3.39673913E-05
385.4 0 -6.805313589E-05
385.6 0 -6.817190227E-05
385.8 0 -2.75428505E-20
386 0 4.336466972E-20
386.2 0 2.663394621E-20
386.4 0 3.432557118E-05
386.6 0 -3.438600352E-05
386.8 0 -3.444664903E-05
387 0 3.450750883E-05
387.2 0 -3.456858407E-05
387.4 0 3.462987589E-05
387.6 0 6.938277087E-05
387.8 1.390124555E-05 3.475311388E-05
388 1.392602496E-05 3.481506239E-05
388.2 1.395089286E-05 -3.487723214E-05
388.4 1.397584973E-05 -3.493962433E-05
388.6 1.400089606E-05 -6.572170626E-21
388.8 1.402603232E-05 3.506508079E-05
389 1.405125899E-05 7.025629496E-05
389.2 0 3.283168749E-20
389.4 2.820397112E-05 -7.05099278E-05
389.6 4.238245931E-05 -0.0001059561483
389.8 5.661231884E-05 3.075810171E-20
390 5.671506352E-05 0.0001063407441
390.2 5.681818182E-05 0.0001420454545
390.4 4.269125683E-05 0.0001423041894
390.6 4.276916058E-05 3.564096715E-05
390.8 2.856489945E-05 3.570612431E-05
391 2.861721612E-05 9.818787809E-20
391.2 2.866972477E-05 -3.595002351E-21
391.4 4.308363971E-05 0.0001077090993
391.6 4.316298343E-05 0.0002158149171
391.8 4.324261993E-05 0.0002522486162
392 5.776340111E-05 0.0001805106285
392.2 7.233796296E-05 0.0001446759259
392.4 7.247217069E-05 0.000108708256
392.6 7.260687732E-05 7.260687732E-05
392.8 7.274208566E-05 -2.721849847E-20
393 8.745335821E-05 7.287779851E-05
393.2 8.761682243E-05 3.650700935E-05
393.4 0.0001024110487 -7.315074906E-05
393.6 0.000117260788 -3.664399625E-05
393.8 0.0001321663534 -3.671287594E-05
394 0.0001471280603 -7.420525997E-20
394.2 0.0001621462264 0.0001105542453
394.4 0.000177221172 7.384215501E-05
394.6 0.0001923532197 -3.699100379E-05
394.8 0.0002075426945 3.706119545E-05
395 0.000222789924 0.000111394962
395.2 0.0002380952381 7.44047619E-05
395.4 0.0002385496183 1.086560229E-20
395.6 0.0002390057361 3.734464627E-05
395.8 0.0002394636015 -1.031079092E-19
396 0.0002399232246 -7.497600768E-05
396.2 0.0002403846154 -7.512019231E-05
396.4 0.0002408477842 -0.0001128973988
396.6 0.0002413127413 -7.541023166E-05
396.8 0.0002568907157 -3.777804642E-05
397 0.0002573885659 -0.0001135537791
397.2 0.0002578883495 -7.584951456E-05
397.4 0.0002431906615 3.799854086E-05
397.6 0.0002284356725 2.62511409E-20
397.8 0.0002136230469 -3.814697266E-05
398 0.0001987524462 3.822162427E-05
398.2 0.0001838235294 3.829656863E-05
398.4 0.0001688359528 0.0001534872299
398.6 0.0001537893701 0.0001922367126
398.8 0.000138683432 3.852317554E-05
399 0.0001389575099 3.85993083E-05
399.2 0.0001237623762 0.0001160272277
399.4 0.0001085069444 0.0001937624008
399.6 9.319085487E-05 0.0001941476143
399.8 7.781374502E-05 -1.92101789E-19
400 6.23752495E-05 3.898453094E-05
400.2 4.6875E-05 -6.982309316E-20
400.4 3.131262525E-05 -0.0001174223447
400.6 1.5687751E-05 3.921937751E-05
400.8 0 3.929828974E-05
401 0 -1.636916489E-19
401.2 0 -6.864671384E-20
401.4 0 -7.907388664E-05
401.6 0 -0.0001188514199
401.8 0 3.96976626E-05
402 1.59114053E-05 7.955702648E-05
402.2 0 -7.971938776E-05
402.4 0 -0.0001198236196
402.6 0 -8.004610656E-05
402.8 0 -8.021047228E-05
403 0 -4.01877572E-05
403.2 0 -2.268744648E-20
403.4 0 -9.720828727E-21
403.6 0 -1.752086131E-19
403.8 0 4.052126556E-05
404 0 4.060550936E-05
404.2 0 8.138020833E-05
404.4 0 4.077505219E-05
404.6 0 1.237917755E-19
404.8 0 2.693623273E-21
405 0 -4.103203782E-05
405.2 0 4.111842105E-05
405.4 0 -3.701479165E-20
405.6 0 -8.25845666E-05
405.8 0 -4.137976695E-05
406 0 4.146762208E-05
406.2 0 4.155585106E-05
406.4 0 -4.164445629E-05
406.6 0 4.173344017E-05
406.8 0 0.0002091140257
407 0 0.0002095627682
407.2 0 0.0001260080645
407.4 0 4.209321121E-05
407.6 0 -4.218412527E-05
407.8 1.691017316E-05 -5.825444324E-20
408 3.389370933E-05 8.473427332E-05
408.2 5.095108696E-05 -3.345849705E-20
408.4 6.808278867E-05 4.255174292E-05
408.6 8.528930131E-05 0.000127933952
408.8 0.000102571116 4.273796499E-05
409 0.0001199287281 -0.0001284950658
409.2 0.0001201923077 -0.0003004807692
409.4 0.0001376651982 -0.0002151018722
409.6 0.0001552152318 -6.317996793E-21
409.8 0.0001555586283 0.0001296321903
410 0.0001732261641 8.661308204E-05
410.2 0.0001736111111 4.340277778E-05
410.4 0.0001565979955 -8.699888641E-05
410.6 0.0001395089286 -0.0001307896205
410.8 0.0001398210291 -0.0001310822148
411 0.0001401345291 -0.0002189602018
411.2 0.000158005618 4.389044944E-05
411.4 0.0001583614865 4.39893018E-05
411.6 0.000193989842 -0.0001322658014
411.8 0.0002474547511 -8.837669683E-05
412 0.0002657312925 -8.857709751E-05
412.2 0.0002663352273 4.43410385E-20
412.4 0.0002669419134 0.0001779612756
412.6 0.0002675513699 0.0001783675799
412.8 0.0002860411899 -1.135063487E-20
413 0.0003046158257 8.959288991E-05
413.2 0.000305316092 0.0001346982759
413.4 0.0002880184332 0.0001350086406
413.6 0.0002706408776 0.0001804272517
413.8 0.0002531828704 0.0001808449074
414 0.0002175174014 0.0002265806265
414.2 0.0001816860465 0.0001816860465
414.4 0.0001821095571 0.0001365821678
414.6 0.0001825350467 4.563376168E-05
414.8 0.0001829625293 4.13041246E-21
415 0.0001833920188 -1.216544584E-20
415.2 0.0001654411765 -4.595588235E-05
415.4 0.0001658313679 -5.69608088E-20
415.6 0.00012928487 4.617316785E-05
415.8 0.0001110781991 -4.628258294E-05
416 0.0001113420428 -9.278503563E-05
416.2 0.0001116071429 3.173322728E-23
416.4 9.322792363E-05 9.322792363E-05
416.6 7.476076555E-05 4.672547847E-05
416.8 5.620503597E-05 4.683752998E-05
417 3.756009615E-05 9.390024038E-05
417.2 1.88253012E-05 0.000188253012
417.4 0 0.0001415307971
417.6 1.891646489E-05 -4.850364425E-20
417.8 3.792475728E-05 4.74059466E-05
418 5.702554745E-05 9.504257908E-05
418.2 9.527439024E-05 -4.763719512E-05
418.4 0.0001337102689 -0.0002387683374
418.6 0.0001723345588 -4.787071078E-05
418.8 0.0001727579853 9.597665848E-05
419 0.0002116687192 4.810652709E-05
419.2 0.0002314814815 9.645061728E-05
419.4 0.0002513923267 9.668935644E-05
419.6 0.0002714019851 4.84646402E-05
419.8 0.0002720771144 6.830728871E-20
420 0.0002532730673 -4.87063591E-05
420.2 0.00025390625 1.686491722E-20
420.4 0.000274122807 9.790100251E-05
420.6 0.0003140703518 -9.814698492E-05
420.8 0.0003542191436 -0.0001475913098
421 0.0003551136364 4.932133838E-05
421.2 0.0003362341772 -4.944620253E-05
421.4 0.0003569162437 -0.000198286802
421.6 0.0003578244275 -0.0002484891858
421.8 0.0003985969388 -0.0002491230867
422 0.0003996163683 -4.995204604E-05
422.2 0.0004206730769 -0.0001001602564
422.4 0.0004418380463 -0.0002008354756
422.6 0.0004631121134 -0.0002013530928
422.8 0.0005046834625 -0.0003028100775
423 0.0005262305699 -0.0002023963731
423.2 0.0005478896104 5.073051948E-05
423.4 0.0005696614583 5.086263021E-05
423.6 0.0006119451697 0.0001529862924
423.8 0.0005930955497 0.0002045157068
424 0.0006151574803 -0.0001025262467
424.2 0.0006167763158 -5.139802632E-05
424.4 0.0005565633245 -5.153364116E-05
424.6 0.0005787037037 -0.0001033399471
424.8 0.0005595159151 -0.0001036140584
425 0.0005817819149 1.987737843E-19
425.2 0.0005625 9.299968561E-20
425.4 0.0006057820856 4.150792679E-20
425.6 0.0006074061662 -5.236260054E-05
425.8 0.0006300403226 -0.0003150201613
426 0.000652796496 -0.0002105795148
426.2 0.0006545608108 0.0001055743243
426.4 0.0006563346883 0.0001058604336
426.6 0.0006793478261 -0.0001061480978
426.8 0.000702486376 -0.0001064373297
427 0.0006617144809 -0.0001067281421
427.2 0.0006635273973 -0.0001070205479
427.4 0.0006653502747 5.365728022E-05
427.6 0.000645661157 0.0001076101928
427.8 0.0006474447514 -4.905818397E-21
428 0.0006492382271 0.0001623095568
428.2 0.0006293402778 0.0001627604167
428.4 0.0005875696379 -5.44045961E-05
428.6 0.0006110335196 5.455656425E-05
428.8 0.0005470938375 -5.470938375E-05
429 0.0005925210674 -0.0002194522472
429.2 0.0005941901408 -5.501760563E-05
429.4 0.000573799435 5.51730226E-05
429.6 0.0005532932011 -5.532932011E-05
429.8 0.0005548650568 -0.0002774325284
430 0.0005564458689 -0.0002225783476
430.2 0.0005357142857 -0.0002232142857
430.4 0.0005372492837 -5.596346705E-05
430.6 0.0005163433908 0.0001122485632
430.8 0.0004953170029 -5.628602305E-05
431 0.0004967485549 -5.644869942E-05
431.2 0.0004981884058 0.0001698369565
431.4 0.0004315043605 0.0002271075581
431.6 0.0004327623907 0.0001138848397
431.8 0.000456871345 0.0001713267544
432 0.000366568915 0.0001145527859
432.2 0.000390625 -5.744485294E-05
432.4 0.0003917772861 7.81833179E-20
432.6 0.0003467085799 0.0002311390533
432.8 0.0003013724036 0.0002897811573
433 0.0003022693452 0.0001743861607
433.2 0.0003031716418 0.0001749067164
433.4 0.0002572979042 0.000292383982
433.6 0.0002815315315 0.000293262012
433.8 0.0002353162651 0.0001176581325
434 0.0002360271903 0.0001180135952
434.2 0.0002840909091 0.0002959280303
434.4 0.0002612082067 0.0002374620061
434.6 0.0002620045732 0.0001786394817
434.8 0.0003344801223 0.0001194571865
435 0.0003834355828 0.0001797354294
435.2 0.0003605769231 0.0002403846154
435.4 0.0004099151235 0.0001205632716
435.6 0.000435371517 0.0003628095975
435.8 0.0004124611801 0.0003639363354
436 0.0004137461059 6.084501558E-05
436.2 0.0004638671875 0.0001220703125
436.4 0.000440830721 0.0002449059561
436.6 0.0004422169811 0.0001842570755
436.8 0.0004682570978 0.0001848383281
437 0.0003955696203 0.0001236155063
437.2 0.0004216269841 0.0001240079365
437.4 0.0003732085987 0.0002488057325
437.6 0.0003744009585 0.000249600639
437.8 0.0003505608974 6.260016026E-05
438 0.0003516881029 0.0001256028939
438.2 0.0003024193548 0.000252016129
438.4 0.0002781148867 6.32079288E-05
438.6 0.0003043831169 0.0001268262987
438.8 0.0002544788274 0.0003180985342
439 0.0002297794118 0.0001914828431
439.2 0.000256147541 -7.959011516E-20
439.4 0.0002312911184 6.424753289E-05
439.6 0.0002062706271 0.0001933787129
439.8 0.0002328228477 0.0001940190397
440 0.000207641196 0.0001946636213
440.2 0.0002083333333 0.0001953125
440.4 0.0002090301003 6.532190635E-05
440.6 0.0002097315436 0.0001310822148
440.8 0.0002104377104 6.576178451E-05
441 0.0002111486486 0.0001319679054
441.2 0.0002118644068 0.0003310381356
441.4 0.000212585034 0.0003321641156
441.6 0.0002133105802 0.0001999786689
441.8 0.0002407962329 -6.688784247E-05
442 0.0002416237113 -6.711769759E-05
442.2 0.0002424568966 6.734913793E-05
442.4 0.0002703287197 0.0001351643599
442.6 0.0002712673611 0.0002034505208
442.8 0.0002449912892 1.255549862E-19
443 0.0002731643357 -0.0002731643357
443.2 0.000274122807 9.091400003E-20
443.4 0.0002475792254 0.0001375440141
443.6 0.0002760600707 -0.0001380300353
443.8 0.0003324468085 -0.0002770390071
444 0.0003614323843 -0.0003475311388
444.2 0.000390625 -0.0002092633929
444.4 0.0003920250896 -7.000448029E-05
444.6 0.0004215377698 -7.025629496E-05
444.8 0.0003948555957 -0.0001410198556
445 0.0004245923913 -0.0002122961957
445.2 0.0004829545455 -0.0002130681818
445.4 0.0004847171533 -0.0001425638686
445.6 0.000486492674 -7.154304029E-05
445.8 0.00048828125 1.168073214E-20
446 0.0004900830258 7.207103321E-05
446.2 0.000462962963 -7.233796296E-05
446.4 0.0004646840149 -0.000217820632
446.6 0.0004955690299 -0.0002186333955
446.8 0.0004974250936 -7.315074906E-05
447 0.000469924812 -7.342575188E-05
447.2 0.0004716981132 -7.370283019E-05
447.4 0.0004438920455 -7.398200758E-05
447.6 0.0004455798479 -7.426330798E-05
447.8 0.0004770992366 -0.0001490935115
448 0.0004789272031 -0.0002993295019
448.2 0.0005108173077 -0.0003004807692
448.4 0.0005127895753 -7.541023166E-05
448.6 0.000484496124 5.225600897E-20
448.8 0.0005167801556 -7.599708171E-05
449 0.0005493164062 -7.629394531E-05
449.2 0.0005514705882 -0.000306372549
449.4 0.0005536417323 -0.0003075787402
449.6 0.0005558300395 -7.71986166E-05
449.8 0.0005270337302 -3.735785249E-20
450 0.0005291334661 -0.00015562749
450.2 0.00053125 -0.0003125
450.4 0.0005020080321 -0.0003137550201
450.6 0.0004725302419 -0.0003150201613
450.8 0.0004428137652 -0.0003162955466
451 0.0004128556911 -0.0003175813008
451.2 0.0003826530612 -0.000318877551
451.4 0.0003522028689 -0.0003201844262
451.6 0.0003215020576 -0.0003215020576
451.8 0.0002905475207 -0.0003228305785
452 0.0002593360996 -0.0003241701245
452.2 0.0002604166667 -0.0004069010417
452.4 0.0002615062762 -0.0004086035565
452.6 0.000262605042 -0.0002461922269
452.8 0.0002307489451 -0.0001648206751
453 0.0001986228814 -0.0001655190678
453.2 0.0001662234043 -0.0001662234043
453.4 0.0001335470085 -0.0001669337607
453.6 0.0001005901288 -0.0001676502146
453.8 6.734913793E-05 -0.0001683728448
454 6.764069264E-05 -0.0001691017316
454.2 3.39673913E-05 -0.0001698369565
454.4 0 -8.528930131E-05
454.6 0 -0.0001713267544
454.8 0 -0.0002581222467
455 0 -0.0002592643805
455.2 0 -0.0004340277778
455.4 0 -0.0003487723214
455.6 0 -0.0002627522422
455.8 0 -0.0002639358108
456 0 -0.0001767533937
456.2 0 -0.0002663352273
456.4 0 -0.0002675513699
456.6 0 -8.959288991E-05
456.8 0 -0.0001800115207
457 0 -0.0002712673611
457.2 0 -0.0001816860465
457.4 0 -0.0001825350467
457.6 0 -0.0001833920188
457.8 0 -0.0001842570755
458 0 -0.0001851303318
458.2 0 -0.0001860119048
458.4 0 -9.345095694E-05
458.6 0 -9.390024038E-05
458.8 0 -0.0001887077295
459 0 -9.48118932E-05
459.2 0 -9.527439024E-05
459.4 0 -9.574142157E-05
459.6 0 7.214937132E-20
459.8 0 -9.668935644E-05
460 0 -9.717039801E-05
460.2 0 4.881390634E-20
460.4 0 1.592867686E-19
460.6 0 9.459647442E-20
460.8 0 -5.656456433E-20
461 0 1.567621344E-19
461.2 0 1.767679773E-19
461.4 0 1.476878792E-19
461.6 0 0.0001011981865
461.8 0 0.0002034505208
462 0 0.0002045157068
462.2 0 0.0002055921053
462.4 0 0.0002066798942
462.6 0 0.0002077792553
462.8 0 0.0002088903743
463 0 0.0001050067204
463.2 0 -3.585435034E-20
463.4 0 -2.457739884E-19
463.6 0 5.71133786E-20
463.8 0 2.534475538E-19
464 0 2.176529661E-19
464.2 0 0.0001085069444
464.4 0 -1.760713868E-19
464.6 0 -2.821278825E-19
464.8 0 2.542889947E-20
465 0 -0.0001109730114
465.2 0 0.0001116071429
465.4 0 0.0002244971264
465.6 0 0.0001128973988
465.8 0 -2.797405953E-19
466 0 -1.414840117E-19
466.2 0 -0.0001148897059
466.4 0 -0.0002311390533
466.6 0 -0.0001162574405
466.8 0 1.863402058E-19
467 0 -1.559203655E-19
467.2 0 -4.327925775E-19
467.4 0 -2.278473802E-19
467.6 0 -1.600603243E-19
467.8 0 -1.302105182E-19
468 0 -4.560635054E-20
468.2 0 -1.023288168E-19
468.4 0 -2.005009687E-19
468.6 0 -2.297734032E-19
468.8 0 -3.745566911E-19
469 0 -1.976426804E-19
469.2 0 -1.196529696E-19
469.4 0 -4.052536403E-19
469.6 0 -2.02707781E-19
469.8 0 1.93309159E-19
470 0 -6.807917992E-20
470.2 0 -3.162421184E-19
470.4 0 1.961044161E-20
470.6 0 3.278687452E-19
470.8 0 9.169539873E-21
471 0 -4.925282539E-20
471.2 0 -2.10429595E-19
471.4 0 -7.857824541E-20
471.6 0 -1.657917792E-19
471.8 0 -4.410255684E-19
472 0 1.118592385E-19
472.2 0 3.69842232E-19
472.4 0 1.670485807E-19
472.6 0 -8.61922404E-21
472.8 0 2.959137154E-19
473 0 0.0001436121324
473.2 0 0.0001446759259
473.4 0 -3.320641803E-19
473.6 0 0.0001468515038
473.8 0 0.0002959280303
474 0 0.0001490935115
474.2 0 4.610341241E-20
474.4 0 0.0001514050388
474.6 0 7.29643473E-21
474.8 0 -0.0001537893701
475 0 -1.076570532E-19
475.2 0 -2.525523553E-19
475.4 0 -0.0001575100806
475.6 0 -0.0001587906504
475.8 0 2.750404778E-19
476 0 1.322130564E-19
476.2 0 -4.102246644E-19
476.4 0 -2.275033898E-19
476.6 0 -1.35539258E-19
476.8 0 -4.883876207E-19
477 0 -6.002981351E-19
477.2 0 0.0001698369565
477.4 0 0.0001713267544
477.6 0 -2.056865769E-19
477.8 0 -2.242770471E-19
478 0 -1.372009265E-19
478.2 0 -1.841478284E-19
478.4 0 -5.410384058E-19
478.6 0 -1.814094652E-19
478.8 0 2.526750234E-19
479 0 -8.516726726E-20
479.2 0 2.257193292E-19
479.4 0 -1.216731788E-19
479.6 0 -0.0001896237864
479.8 0 -0.0001914828431
480 0 1.937807755E-19
480.2 0 3.426549991E-19
480.4 0 -3.214632879E-19
480.6 0 -1.041555499E-19
480.8 0 -1.859946537E-19
481 0 -4.041681656E-19
481.2 0 -2.381520467E-19
481.4 0 6.679461108E-20
481.6 0 3.364968931E-19
481.8 0 -2.243397235E-20
482 0 2.45128545E-19
482.2 0 5.087322625E-19
482.4 0 5.058515035E-19
482.6 0 5.726939731E-19
482.8 0 -1.579932353E-19
483 0 1.446337224E-19
483.2 0 4.26254197E-19
483.4 0 1.214314565E-19
483.6 0 2.151562766E-19
483.8 0 1.080864792E-19
484 0 4.220290806E-19
484.2 0 3.25323609E-19
484.4 0 -3.871060135E-20
484.6 0 3.011202055E-19
484.8 0 5.191198126E-19
485 0 -2.460460547E-19
485.2 0 -2.445309456E-19
485.4 0 3.881297319E-19
485.6 0 3.871648824E-19
485.8 0 1.574616237E-19
486 0 6.684909082E-21
486.2 0 1.250901345E-20
486.4 0 5.878869668E-19
486.6 0 4.892614801E-19
486.8 0 7.795244178E-19
487 0 6.895380954E-19
487.2 0 -3.632475671E-19
487.4 0 -3.993232278E-19
487.6 0 -3.203340117E-19
487.8 0 -6.404901661E-19
488 0 -9.231408597E-19
488.2 0 -5.165618963E-19
488.4 0 -5.722448842E-19
488.6 0 -3.532392921E-19
488.8 0 -4.620346883E-19
489 0 -4.483205818E-19
489.2 0 -3.187445887E-19
489.4 0 -4.201654401E-19
489.6 0 -7.2027719E-19
489.8 0 4.184030531E-20
490 0 -4.569506144E-19
490.2 0 -2.409997569E-19
490.4 0 5.78811327E-20
490.6 0 -1.76314426E-19
490.8 0 -7.010968793E-19
491 0 -1.322361152E-18
491.2 0 6.022178668E-20
491.4 0 4.102361188E-19
491.6 0 8.764851557E-21
491.8 0 -1.283284548E-18
492 0 5.475012902E-20
492.2 0 3.445982346E-19
492.4 0 -1.127123471E-19
492.6 0 -6.465565759E-19
492.8 0 -1.143043997E-18
493 0 -4.740957899E-19
493.2 0 4.678821245E-19
493.4 0 7.769762057E-19
493.6 0 -1.479267601E-18
493.8 0 -1.014525321E-18
494 0 4.253137649E-19
494.2 0 -1.360414797E-18
494.4 0 -1.826886215E-19
494.6 0 1.773716901E-18
494.8 0 2.013076339E-18
495 0 -1.089504821E-19
495.2 0 -2.722062781E-20
495.4 0 5.666894381E-19
495.6 0 -6.770098829E-20
495.8 0 -1.190940306E-18
496 0 -1.622498465E-18
496.2 0 -3.206275856E-19
496.4 0 -1.573813544E-18
496.6 0 -3.548378313E-19
496.8 0 1.410605381E-18
497 0 9.487195613E-19
497.2 0 -1.544537424E-18
497.4 0 7.008430944E-21
497.6 0 -1.174374113E-18
497.8 0 -3.041508481E-18
498 0 1.173191346E-18
498.2 0 1.804103348E-18
498.4 0 -1.773756881E-18
498.6 0 -3.069358514E-18
498.8 0 2.344761039E-18
499 0 8.40723927E-18
499.2 0 -3.065350865E-18
499.4 0 -2.161616863E-17
499.6 0 -3.944023552E-18
499.8 0 -1.000461903E-17
500 0 1.845089526E-17
