0 0.007315823671 -0.0001015218912
0.2 0.006378125 0.0017421875
0.4 0.005977390956 0.0003595188075
0.6 0.005657651121 0.0003362064652
0.8 0.00531262515 0.0003285192231
1 0.005045572917 0.0002738757011
1.2 0.004772044088 0.0003366107214
1.4 0.004523356055 0.000219276263
1.6 0.004308940032 0.0002115297834
1.8 0.00410062199 0.0002351274077
2 0.003892136692 0.0001960181654
2.2 0.003696034137 0.0001333458835
2.4 0.003502912816 0.0001020113499
2.6 0.003334756833 5.495126608E-05
2.8 0.003135052272 1.570667471E-05
3 0.002982326026 5.499547466E-05
3.2 0.002845196177 0.0001021755533
3.4 0.002711101047 0.0001100795089
3.6 0.002592629883 -1.397280287E-20
3.8 0.002467767929 -3.934578969E-05
4 0.00234280532 0.0001023402862
4.2 0.002242943548 0.0001023815524
4.4 0.002136698265 7.87868092E-06
4.6 0.002030367232 9.458232446E-05
4.8 0.001936566411 1.577008478E-05
5 0.001852155695 -1.577645396E-05
5.2 0.001767676768 6.313131313E-05
5.4 0.001695760914 7.89460388E-06
5.6 0.00162062778 -6.318236959E-05
5.8 0.001561235841 3.95049555E-05
6 0.001485987454 8.694607446E-05
6.2 0.001420167004 2.372216599E-05
6.4 0.001360621709 4.7463548E-05
6.6 0.001310524716 -7.028863355E-21
6.8 0.001257220308 -4.750202675E-05
7 0.001213376926 -6.336171938E-05
7.2 0.001159989858 3.43387369E-20
7.4 0.001116071429 1.867757159E-20
7.6 0.001081633171 -4.757917174E-05
7.8 0.001028127539 1.586616572E-05
8 0.0009936255587 -7.93630638E-06
8.2 0.0009590955285 -0.0001111534553
8.4 0.0009150061 -0.0001350269418
8.6 0.0008899511798 -0.0001032979048
8.8 0.0008426180301 -5.564458689E-05
9 0.0008143322476 -5.566724349E-05
9.2 0.0007828411405 -0.0001113798371
9.4 0.0007449572127 -0.0001353020579
9.6 0.0007134121484 -3.184875662E-05
9.8 0.000681841354 -4.779261827E-05
10 0.0006470573235 -6.374949E-05
10.2 0.0006058673469 7.971938776E-06
10.4 0.0005742139649 -3.190077583E-05
10.6 0.0005553002451 -5.584916258E-05
10.8 0.0005363710666 -3.19268492E-05
11 0.0005142324203 -4.790985282E-05
11.2 0.0004920756646 -7.189417178E-05
11.4 0.0004794905892 -8.790660802E-05
11.6 0.0004636972984 -8.794259108E-05
11.8 0.0004542895168 -9.597665848E-05
12 0.0004416734945 -0.0001680279599
12.2 0.0004322489754 -0.0001520876025
12.4 0.0004260198852 -8.808681837E-05
12.6 0.0004133767432 -9.613412633E-05
12.8 0.0004071347969 -7.213018055E-05
13 0.0004040948276 -4.008877258E-05
13.2 0.0003978439425 -7.218942505E-05
13.4 0.0003947976582 -0.000112340797
13.6 0.0003917488697 -8.83040485E-05
13.8 0.0003951223273 -8.834035773E-05
14 0.000385643768 -0.0001124794323
14.2 0.0003729423868 -8.841306584E-05
14.4 0.0003795286126 -0.000128653767
14.6 0.000376467257 -0.0001206625824
14.8 0.0003734033787 -3.218994644E-05
15 0.000373557296 -1.610160758E-05
15.2 0.0003769329897 -4.027061856E-05
15.4 0.0003835344472 -6.445957096E-05
15.6 0.0003836927363 -0.000104790033
15.8 0.000387076796 -6.451279934E-05
16 0.0003840097067 -4.840458488E-05
16.2 0.0003809400826 -8.070764463E-05
16.4 0.0003746382803 -1.614820174E-05
16.6 0.0003812551696 -2.42323201E-05
16.8 0.000374948283 -7.272703765E-05
17 0.0003718698262 -6.467301325E-05
17.2 0.0003720238095 -0.00013748706
17.4 0.0003721779205 -9.708989229E-05
17.6 0.0003690944882 -4.047088686E-05
17.8 0.0003660084992 -8.907286484E-05
18 0.0003629199502 -8.910980921E-05
18.2 0.0003663122407 -8.914678423E-05
18.4 0.0003697073474 -6.486093815E-05
18.6 0.0003731052741 -5.677688953E-05
18.8 0.0003765060241 -3.245741587E-05
19 0.0003701683292 -4.058863259E-05
19.2 0.0003703222453 -7.308991684E-05
19.4 0.0003639767055 -8.936928037E-05
19.6 0.0003641281731 -0.0001056621931
19.8 0.0003545222731 -7.318120316E-05
20 0.0003546699292 -9.761557684E-05
20.2 0.0003548177083 -0.0001139322917
20.4 0.0003484524802 -4.884847853E-05
20.6 0.0003485977898 -2.443442452E-05
20.8 0.0003520025031 -7.333385482E-05
21 0.0003586707012 -4.890964107E-05
21.2 0.0003653444676 2.446503132E-05
21.4 0.000365497076 8.158416876E-06
21.6 0.0003623850815 -8.16182616E-06
21.8 0.0003625365803 -1.633047659E-05
22 0.0003692231284 -3.267461313E-05
22.2 0.0003628399582 -1.634414226E-05
22.4 0.0003662620343 8.175491838E-06
22.6 0.0003664154104 -4.089457705E-05
22.8 0.0003600230415 -1.63646837E-05
23 0.0003601739313 3.274308466E-05
23.2 0.0003537735849 3.275681342E-05
23.4 0.0003506449245 2.457791527E-05
23.6 0.0003442352077 3.27843055E-05
23.8 0.0003476595298 7.379565491E-05
24 0.0003445243595 1.640592188E-05
24.2 0.0003381039916 -3.282563025E-05
24.4 0.0003382461118 -8.209857083E-06
24.6 0.000331817704 8.213309504E-06
24.8 0.0003253838873 6.161822797E-21
25 0.0003255208333 1.644044613E-05
25.2 0.0003190789474 3.289473684E-05
25.4 0.0003126316344 4.113574136E-05
25.6 0.0002995943953 9.05367678E-05
25.8 0.0002865461636 0.0001070431071
26 0.0002734869253 -1.647511598E-05
26.2 0.0002637130802 -8.241033755E-06
26.4 0.0002506331786 8.244512453E-06
26.6 0.0002540382179 8.247994088E-06
26.8 0.000240943177 6.601182932E-05
27 0.0002311390533 3.301986475E-05
27.2 0.0002279334038 2.477536998E-05
27.4 0.0002148107022 -4.900509984E-20
27.6 0.0002016768938 1.653089293E-05
27.8 0.0001885319644 7.442051228E-05
28 0.0001720669208 9.099692927E-05
28.2 0.0001555879237 7.448358051E-05
28.4 0.0001390949555 -8.279461636E-06
28.6 0.0001259011874 -3.313189143E-05
28.8 0.0001193254137 1.531675283E-21
29 0.0001027960526 -4.974002547E-05
29.2 9.620488323E-05 -4.146762208E-05
29.4 9.624575191E-05 8.297047579E-06
29.6 9.628665533E-05 2.490172121E-05
29.8 8.636267007E-05 1.660820578E-05
30 9.304551255E-05 8.307635049E-06
30.2 9.640957447E-05 -2.493351064E-05
30.4 9.645061728E-05 -6.651766709E-05
30.6 0.0001031462947 -4.159124787E-05
30.8 0.0001065189604 -8.321793779E-06
31 0.0001098945013 -4.162670503E-05
31.2 0.0001132729211 -8.328891258E-06
31.4 0.0001133212457 4.16622227E-05
31.6 0.000116704012 1.667200171E-05
31.8 0.000123425491 -1.667912041E-05
32 0.0001368272106 -1.668624519E-05
32.2 0.0001435630342 8.346688034E-06
32.4 0.0001569848226 -4.17512826E-05
32.6 0.0001704180924 -9.189210864E-05
32.8 0.0001738339752 -4.178701326E-05
33 0.0001739083904 8.360980308E-06
33.2 0.0001806745182 3.345824411E-05
33.4 0.0001874464439 3.347257926E-05
33.6 0.0001875267895 -8.371731676E-06
33.8 0.0001876072041 -2.512596484E-05
34 0.0001876876877 8.378914629E-06
34.2 0.0002011802575 8.38251073E-06
34.4 0.000201266638 8.386109918E-06
34.6 0.0002080648625 2.51691366E-05
34.8 0.000218226257 8.393317576E-06
35 0.0002216788478 1.679385211E-05
35.2 0.0002217741935 1.680107527E-05
35.4 0.0002185079604 1.680830465E-05
35.6 0.0002152389152 3.36310805E-05
35.8 0.0002086024978 -2.100565659E-20
36 0.0001985943559 9.846856718E-21
36.2 0.0001852101293 8.418642241E-06
36.4 0.0001852899957 8.422272531E-06
36.6 0.000185369931 8.425905953E-05
36.8 0.0001753344842 4.214771256E-05
37 0.00017541019 -3.373272884E-05
37.2 0.0001721112311 -3.374730022E-05
37.4 0.0001654332325 -8.440471046E-06
37.6 0.0001655047557 8.44412019E-06
37.8 0.0001689554498 2.534331747E-05
38 0.0001622674167 8.451427953E-06
38.2 0.0001555735931 -5.073051948E-05
38.4 0.0001488739714 -2.537624513E-05
38.6 0.0001387835789 1.692482669E-05
38.8 0.0001320708713 -1.693216298E-05
39 0.0001253523417 -2.073213315E-20
39.2 0.0001118492408 1.65763122E-21
39.4 0.0001085069444 -2.54313151E-05
39.6 0.0001119463743 5.088471559E-05
39.8 0.0001052074283 3.39378801E-05
40 9.846262495E-05 -1.697631465E-05
40.2 9.171195652E-05 -3.39673913E-05
40.4 8.835363201E-05 -1.699108308E-05
40.6 8.499238468E-05 5.099543081E-05
40.8 8.162821071E-05 5.101763169E-05
41 7.826110627E-05 -1.642091604E-21
41.2 7.489106754E-05 4.535224774E-21
41.4 7.151809067E-05 5.959840889E-05
41.6 6.814217183E-05 8.517771478E-05
41.8 6.476330716E-05 5.11289267E-05
42 6.13814928E-05 5.1151244E-05
42.2 5.799672489E-05 6.823144105E-05
42.4 5.460899956E-05 3.413062473E-05
42.6 5.463286713E-05 3.385634817E-21
42.8 5.124070835E-05 -8.540118059E-06
43 5.126312336E-05 8.543853893E-06
43.2 5.470459519E-05 -1.7095186E-05
43.4 5.130801226E-05 -3.420534151E-05
43.6 4.790845379E-05 -1.711016207E-05
43.8 4.450591586E-05 1.711765995E-05
44 3.767536168E-05 1.71251644E-05
44.2 3.083881579E-05 -5.139802632E-05
44.4 2.742430891E-05 -3.428038613E-05
44.6 2.743634767E-05 2.132232543E-20
44.8 2.744839701E-05 -8.577624067E-06
45 3.089301406E-05 -2.574417838E-05
45.2 3.090659341E-05 -4.292582418E-05
45.4 3.09201847E-05 8.588940193E-06
45.6 2.74967004E-05 2.577815662E-05
45.8 2.750880282E-05 -5.157900528E-05
46 2.408080141E-05 -0.0001118037208
46.2 2.064977974E-05 -7.743667401E-05
46.4 1.72157338E-05 -5.164720141E-05
46.6 1.722332451E-05 -4.305831129E-05
46.8 1.378473754E-05 -5.169276577E-05
47 1.034311562E-05 -6.895410415E-05
47.2 1.034768212E-05 -3.449227373E-05
47.4 1.380300353E-05 -8.626877208E-06
47.6 1.035682722E-05 -6.041482545E-05
47.8 1.036140584E-05 -6.90760389E-05
48 1.03659885E-05 2.591497125E-05
48.2 6.913716814E-06 2.592643805E-05
48.4 6.916777335E-06 2.593791501E-05
48.6 6.919840567E-06 1.729960142E-05
48.8 6.922906513E-06 -1.730726628E-05
49 6.925975177E-06 1.731493794E-05
49.2 6.929046563E-06 -1.230845925E-20
49.4 6.932120674E-06 -5.199090506E-05
49.6 6.935197514E-06 -4.334498447E-05
49.8 6.938277087E-06 -8.672846359E-06
50 6.941359396E-06 3.470679698E-05
50.2 6.944444444E-06 2.604166667E-05
50.4 6.947532237E-06 8.684415296E-06
50.6 3.475311388E-06 2.160687604E-20
50.8 6.953716066E-06 -2.607643525E-05
51 1.043521817E-05 -1.739203028E-05
51.2 1.391982183E-05 -0
51.4 1.392602496E-05 -4.351882799E-05
51.6 1.741529202E-05 -3.483058404E-05
51.8 1.742305977E-05 4.355764942E-05
52 1.743083445E-05 4.357708612E-05
52.2 1.743861607E-05 2.615792411E-05
52.4 1.744640464E-05 3.489280929E-05
52.6 1.745420018E-05 2.618130027E-05
52.8 1.746200268E-05 3.101874789E-21
53 1.397584973E-05 1.746981216E-05
53.2 1.398210291E-05 8.738814318E-06
53.4 1.74854521E-05 -3.497090421E-05
53.6 1.749328258E-05 -2.623992387E-05
53.8 1.750112007E-05 -3.500224014E-05
54 2.101075751E-05 -4.377241147E-05
54.2 2.45235426E-05 -3.503363229E-05
54.4 2.453454464E-05 -2.628701211E-05
54.6 3.155857271E-05 -3.506508079E-05
54.8 3.15727436E-05 -8.770206556E-06
55 3.158692722E-05 8.774146451E-06
55.2 3.511235955E-05 -1.755617978E-05
55.4 3.512814748E-05 -8.782036871E-06
55.6 3.162955466E-05 -4.392993702E-05
55.8 2.812781278E-05 -1.757988299E-05
56 2.46229176E-05 2.638169743E-05
56.2 2.111486486E-05 1.759572072E-05
56.4 1.408292023E-05 -0
56.6 1.408926961E-05 -1.761158702E-05
56.8 7.047812359E-06 8.809765449E-06
57 7.05099278E-06 4.406870487E-05
57.2 7.054176072E-06 2.645316027E-05
57.4 3.52868112E-06 8.8217028E-06
57.6 7.060551288E-06 4.412844555E-05
57.8 1.059561483E-05 5.297807414E-05
58 1.060040706E-05 1.766734509E-05
58.2 1.414027149E-05 1.767533937E-05
58.4 2.122000905E-05 2.652501132E-05
58.6 2.830615942E-05 8.845674819E-06
58.8 3.185885818E-05 -2.654904848E-05
59 4.603921124E-05 -7.082955576E-05
59.2 5.66893424E-05 -5.31462585E-05
59.4 6.025975499E-05 -2.658518603E-05
59.6 7.092600999E-05 -6.206025874E-05
59.8 8.514986376E-05 -7.982799728E-05
60 9.583711949E-05 -7.099045888E-05
60.2 0.0001065340909 -4.438920455E-05
60.4 0.0001101352888 -2.664563438E-05
60.6 0.0001208484986 -6.220143312E-05
60.8 0.0001244594902 -4.444981793E-05
61 0.0001316313752 8.89401184E-06
61.2 0.0001352505695 -4.449031891E-05
61.4 0.0001353122151 -9.792331358E-05
61.6 0.0001389363885 -5.34370725E-05
61.8 0.0001425638686 4.748330682E-21
62 0.00014619466 5.348585121E-05
62.2 0.0001426940639 3.168444705E-20
62.4 0.0001391902695 -3.56898127E-05
62.6 0.00013211266 -0
62.8 0.0001214563329 -8.930612711E-06
63 0.0001143641354 8.934698079E-06
63.2 0.0001108409611 3.575514874E-05
63.4 0.0001037374084 1.788576007E-05
63.6 0.0001002061383 2.684092991E-05
63.8 0.0001002520623 7.160861595E-05
64 0.0001038801009 6.268626777E-05
64.2 0.0001110951835 3.583715596E-05
64.4 0.0001147315282 4.481700321E-05
64.6 0.0001111971993 2.690254821E-05
64.8 0.0001148369316 -2.691490583E-05
65 0.0001256606158 1.795151654E-05
65.2 0.0001221264368 4.489942529E-05
65.4 0.0001221826127 1.796803128E-05
65.6 0.0001222388403 1.797630005E-05
65.8 0.0001222951197 8.992288214E-06
66 0.000125950023 3.598572087E-05
66.2 0.0001188076037 3.600230415E-05
66.4 0.0001152604887 9.00472568E-06
66.6 0.0001081065498 9.008879151E-06
66.8 0.0001009460083 3.605214582E-05
67 9.017197599E-05 1.80343952E-05
67.2 8.29965358E-05 -4.510681293E-05
67.4 7.942467652E-05 -3.610212569E-05
67.6 6.862575127E-05 -4.514852057E-05
67.8 6.50439408E-05 -1.806776133E-05
68 4.699791763E-05 -0
68.2 3.616898148E-05 -4.521122685E-05
68.4 3.256716072E-05 -4.523216767E-05
68.6 2.172150139E-05 -2.715187674E-05
68.8 1.086578581E-05 -9.054821511E-06
69 1.08708256E-05 -9.059021336E-06
69.2 7.250580046E-06 -1.812645012E-05
69.4 3.626973073E-06 -1.813486537E-05
69.6 3.628657687E-06 -5.44298653E-05
69.8 3.630343866E-06 -5.445515799E-05
70 3.632031613E-06 -2.72402371E-05
70.2 3.63372093E-06 -1.816860465E-05
70.4 0 -2.726558865E-05
70.6 0 -8.183484637E-05
70.8 0 -7.277596646E-05
71 0 1.820246971E-05
71.2 0 9.105477855E-06
71.4 0 -6.376807369E-05
71.6 0 -5.468385441E-05
71.8 0 -2.735469188E-05
72 0 -3.648995796E-05
72.2 0 -4.563376168E-05
72.4 0 -4.565509584E-05
72.6 0 -2.740586997E-05
72.8 0 -2.741869443E-05
73 0 -6.400690543E-05
73.2 0 -3.659250585E-05
73.4 0 -1.830482662E-05
73.6 0 -3.662681669E-05
73.8 0 9.160999062E-06
74 0 9.165297982E-06
74.2 0 -3.667840376E-05
74.4 0 -9.173907938E-06
74.6 0 1.835643797E-05
74.8 0 9.182534086E-06
75 0 -3.674741298E-05
75.2 0 -2.757352941E-05
75.4 0 1.839100753E-05
75.6 0 -2.759950542E-05
75.8 0 -9.204170594E-06
76 0 2.762553041E-05
76.2 0 6.253413246E-21
76.4 0 -1.843440302E-05
76.6 0 -2.766466006E-05
76.8 0 1.952222239E-21
77 3.69210775E-06 4.116711682E-20
77.2 0 -1.846926714E-05
77.4 3.695600757E-06 -1.847800378E-05
77.6 0 -9.243374349E-06
77.8 0 -1.849550189E-05
78 7.401705353E-06 -1.392255103E-20
78.2 7.40521327E-06 6.047697449E-21
78.4 1.111308677E-05 3.704362257E-05
78.6 1.482447818E-05 4.632649431E-05
78.8 1.4831514E-05 -1.85393925E-05
79 1.854819563E-05 -8.335971403E-21
79.2 2.226840855E-05 9.278503563E-06
79.4 2.22789924E-05 2.784874049E-05
79.6 2.971944841E-05 4.643663814E-05
79.8 3.345028544E-05 7.433396765E-05
80 3.718467396E-05 5.577701095E-05
80.2 3.720238095E-05 4.650297619E-05
80.4 3.722010481E-05 9.305026203E-05
80.6 4.096163012E-05 7.447569113E-05
80.8 4.843228422E-05 5.588340486E-05
81 5.218272901E-05 5.591006679E-05
81.2 5.593675418E-05 5.593675418E-05
81.4 5.969436485E-05 3.730897803E-05
81.6 6.345556617E-05 9.331700908E-06
81.8 6.722036329E-05 2.80084847E-05
82 7.098876136E-05 6.538438546E-05
82.2 6.7284689E-05 -2.799564453E-20
82.4 7.479655337E-05 -9.349569172E-06
82.6 6.734913793E-05 1.870809387E-05
82.8 7.112482032E-05 2.807558697E-05
83 7.490412272E-05 7.490412272E-05
83.2 7.119304556E-05 5.620503597E-05
83.4 7.497600768E-05 3.748800384E-05
83.6 7.501200192E-05 3.750600096E-05
83.8 7.12956292E-05 1.876200768E-05
84 7.132988948E-05 9.385511773E-06
84.2 7.136418269E-05 3.756009615E-05
84.4 7.13985089E-05 2.818362193E-05
84.6 7.519249278E-05 9.399061598E-06
84.8 7.146726047E-05 -9.666881287E-21
85 7.150168593E-05 1.977114811E-21
85.2 6.777108434E-05 3.765060241E-05
85.4 6.780376085E-05 9.417189007E-06
85.6 6.783646889E-05 1.884346358E-05
85.8 6.786920849E-05 3.770511583E-05
86 6.790197972E-05 2.829249155E-05
86.2 6.793478261E-05 3.774154589E-05
86.4 6.796761721E-05 1.357011328E-20
86.6 7.555609284E-05 9.444511605E-06
86.8 7.937227866E-05 -8.759708696E-21
87 8.319215876E-05 -5.672192643E-05
87.2 9.079903148E-05 -3.783292978E-05
87.4 9.084302326E-05 -1.892562984E-05
87.6 9.088705768E-05 -3.786960737E-05
87.8 9.093113482E-05 1.894398642E-05
88 9.097525473E-05 2.84297671E-05
88.2 9.101941748E-05 1.896237864E-05
88.4 9.106362312E-05 4.742897037E-05
88.6 9.110787172E-05 4.745201652E-05
88.8 8.735415654E-05 1.899003403E-05
89 8.359678988E-05 -3.799854086E-05
89.2 8.363746959E-05 -2.851277372E-05
89.4 7.987463486E-05 -1.90177702E-05
89.6 7.991354116E-05 -1.902703361E-05
89.8 8.375974659E-05 5.710891813E-05
90 8.380058508E-05 4.76139688E-05
90.2 8.384146341E-05 -2.219873072E-21
90.4 8.388238165E-05 3.81283553E-05
90.6 8.392333984E-05 9.536743164E-06
90.8 8.396433806E-05 -9.541402052E-06
91 8.400537634E-05 4.773032747E-05
91.2 8.404645477E-05 1.910146699E-05
91.4 8.408757339E-05 3.822162427E-05
91.6 8.030469897E-05 3.824033284E-05
91.8 7.651811949E-05 -1.912952987E-05
92 7.27278295E-05 9.569451249E-06
92.2 6.893382353E-05 9.574142157E-06
92.4 6.513609613E-05 9.578837666E-06
92.6 6.133464181E-05 9.583537782E-06
92.8 5.752945508E-05 9.588242514E-06
93 5.372053045E-05 -9.592951866E-06
93.2 5.374692875E-05 -9.597665848E-06
93.4 5.3773353E-05 1.920476893E-05
93.6 5.379980325E-05 -1.921421545E-05
93.8 5.382627953E-05 -5.767101378E-05
94 5.769940916E-05 -1.923313639E-05
94.2 6.157635468E-05 -1.924261084E-05
94.4 6.545712173E-05 -9.626047314E-06
94.6 6.163708087E-05 2.889238166E-05
94.8 5.010483473E-05 -1.927109028E-05
95 3.856120434E-05 -1.928060217E-05
95.2 2.700617284E-05 2.893518519E-05
95.4 1.929965415E-05 3.85993083E-05
95.6 1.544735541E-05 9.654597133E-06
95.8 7.727497527E-06 -2.897811573E-05
96 3.865660564E-06 -2.899245423E-05
96.2 3.867574257E-06 1.933787129E-05
96.4 3.869489846E-06 2.902117385E-05
96.6 7.742814668E-06 9.678518335E-06
96.8 1.161998017E-05 9.683316807E-06
97 7.750496032E-06 2.906436012E-05
97.2 7.754342432E-06 3.877171216E-05
97.4 1.163728898E-05 2.988215037E-20
97.6 1.940511674E-05 1.940511674E-05
97.8 1.941476143E-05 2.912214215E-05
98 2.330929886E-05 2.913662357E-05
98.2 1.94340796E-05 5.830223881E-05
98.4 1.555500249E-05 4.860938278E-05
98.6 1.5562749E-05 5.836030876E-05
98.8 1.167787743E-05 4.865782262E-05
99 1.16836989E-05 9.736415753E-06
99.2 1.168952618E-05 9.74127182E-06
99.4 1.559381238E-05 1.949226547E-05
99.6 1.9501997E-05 2.925299551E-05
99.8 2.341408591E-05 2.926760739E-05
100 2.733008496E-05 4.880372314E-05
100.2 2.734375E-05 4.8828125E-05
100.4 2.344922461E-05 1.70292721E-20
100.6 2.346096096E-05 2.125942944E-20
100.8 1.564847271E-05 3.912118177E-05
101 1.174223447E-05 1.957039078E-05
101.2 1.17481203E-05 -9.790100251E-06
101.4 3.918004012E-06 -9.79501003E-06
101.6 0 -9.799924737E-06
101.8 0 -9.804844378E-06
102 0 -3.923907584E-05
102.2 0 -5.888819095E-05
102.4 0 -3.927853193E-05
102.6 0 -9.824572435E-06
102.8 0 -1.564544067E-20
103 0 -2.882307698E-21
103.2 0 -1.967884131E-05
103.4 0 -1.968876008E-05
103.6 0 -9.849344428E-06
103.8 0 8.241070053E-21
104 0 -9.859288238E-06
104.2 0 -3.945707071E-05
104.4 0 -4.934626074E-05
104.6 3.949696663E-06 -5.924544995E-05
104.8 7.903388973E-06 -5.92754173E-05
105 7.907388664E-06 -4.942117915E-05
105.2 7.911392405E-06 -3.955696203E-05
105.4 7.915400203E-06 -3.957700101E-05
105.6 7.919412063E-06 -2.969779524E-05
105.8 7.923427992E-06 -2.971285497E-05
106 3.963723998E-06 -4.954654997E-05
106.2 3.965736041E-06 -5.948604061E-05
106.4 7.935500254E-06 -4.959687659E-05
106.6 3.96976626E-06 -2.977324695E-05
106.8 0 -9.929461108E-06
107 0 -1.98690234E-05
107.2 0 -9.93956743E-06
107.4 0 9.94462831E-06
107.6 0 1.989938869E-05
107.8 0 -3.074141157E-20
108 3.983936767E-06 -2.987952575E-05
108.2 3.985969388E-06 -3.985969388E-05
108.4 3.988004084E-06 -2.991003063E-05
108.6 1.596016343E-05 1.995020429E-05
108.8 1.996039857E-05 1.837733513E-20
109 3.195296524E-05 -1.997060327E-05
109.2 3.596547315E-05 -1.998081841E-05
109.4 3.998208802E-05 -3.998208802E-05
109.6 4.400281618E-05 -3.000192012E-05
109.8 4.802766393E-05 -1.000576332E-05
110 4.805228088E-05 -4.512283879E-21
110.2 4.407051282E-05 -1.001602564E-05
110.4 4.409312468E-05 -1.00211647E-05
110.6 4.010523614E-05 -2.072157021E-20
110.8 4.012583462E-05 1.003145865E-05
111 3.613180884E-05 1.003661357E-05
111.2 3.61503856E-05 2.008354756E-05
111.4 3.616898148E-05 1.00469393E-05
111.6 3.61875965E-05 -1.005211014E-05
111.8 4.022914521E-05 -1.00572863E-05
112 3.622488408E-05 -2.01249356E-05
112.2 4.027061856E-05 -3.020296392E-05
112.4 4.029138731E-05 -2.014569366E-05
112.6 4.03121775E-05 1.007804438E-05
112.8 4.033298916E-05 -7.083503717E-21
113 4.035382231E-05 -3.026536674E-05
113.2 3.63372093E-05 -2.01873385E-05
113.4 3.635599793E-05 1.009888831E-05
113.6 3.6374806E-05 5.347532032E-21
113.8 3.234989648E-05 -4.04373706E-05
114 2.832081823E-05 -1.469196061E-21
114.2 2.023963731E-05 1.011981865E-05
114.4 1.620010368E-05 -3.03751944E-05
114.6 1.620850622E-05 2.026063278E-05
114.8 1.216268812E-05 5.067786715E-05
115 8.112668744E-06 5.070417965E-05
115.2 8.116883117E-06 8.116883117E-05
115.4 8.121101871E-06 3.045413202E-05
115.6 1.218798752E-05 -3.04699688E-05
115.8 1.219432882E-05 -2.032388137E-05
116 1.626756897E-05 -2.033446122E-05
116.2 2.848307292E-05 -2.034505208E-05
116.4 3.256904638E-05 -3.053348098E-05
116.6 4.073253389E-05 -1.018313347E-05
116.8 4.075378195E-05 -1.018844549E-05
117 4.485255741E-05 -3.058128914E-05
117.2 5.303524804E-05 1.019908616E-05
117.4 4.898119122E-05 1.506332911E-20
117.6 5.309069524E-05 -6.125849451E-05
117.8 6.129053347E-05 -5.107544456E-05
118 5.723443223E-05 -4.088173731E-05
118.2 5.726439791E-05 -3.067735602E-05
118.4 5.729439497E-05 -3.069342588E-05
118.6 5.732442348E-05 -7.165552935E-05
118.8 5.735448348E-05 -4.09674882E-05
119 4.508788038E-05 -2.049449108E-05
119.2 4.101049869E-05 -2.050524934E-05
119.4 3.692883403E-05 2.051601891E-05
119.6 3.694823962E-05 2.052679979E-05
119.8 3.286014721E-05 4.762412456E-21
120 2.876775381E-05 -1.027419779E-05
120.2 2.467105263E-05 -2.055921053E-05
120.4 1.645602949E-05 1.725690274E-20
120.6 1.646469968E-05 1.93301163E-20
120.8 1.235503426E-05 3.088758566E-05
121 8.241033755E-06 1.030129219E-05
121.2 8.245382586E-06 -2.061345646E-05
121.4 8.249736008E-06 2.062434002E-05
121.6 8.254094031E-06 -1.130033717E-22
121.8 8.25845666E-06 -1.032307082E-05
122 8.262823903E-06 5.755685879E-21
122.2 4.133597884E-06 -3.100198413E-05
122.4 4.13578613E-06 -1.033946533E-05
122.6 4.137976695E-06 2.799721669E-20
122.8 4.140169581E-06 -2.070084791E-05
123 4.142364793E-06 -1.035591198E-05
123.2 4.144562334E-06 1.036140584E-05
123.4 0 1.036690552E-05
123.6 0 -4.148964418E-05
123.8 0 -2.075584485E-05
124 0 -2.076687932E-05
124.2 4.155585106E-06 -2.077792553E-05
124.4 8.315593401E-06 -1.126131165E-20
124.6 1.248003195E-05 -7.261017127E-21
124.8 1.664890783E-05 -4.162226958E-05
125 2.082222814E-05 -3.123334222E-05
125.2 2.5E-05 3.125E-05
125.4 2.918223052E-05 2.084445037E-05
125.6 3.336892686E-05 1.042778964E-05
125.8 3.756009615E-05 2.086672009E-05
126 4.175574559E-05 3.131680919E-05
126.2 4.595588235E-05 2.088903743E-05
126.4 5.016051364E-05 3.135032103E-05
126.6 5.018736617E-05 5.227850642E-05
126.8 5.021424746E-05 5.230650777E-05
127 5.442792069E-05 4.18676313E-05
127.2 5.445710456E-05 4.189008043E-05
127.4 5.029506438E-05 3.143441524E-05
127.6 4.612855609E-05 2.09675255E-05
127.8 4.19575725E-05 4.19575725E-05
128 3.778210639E-05 5.247514777E-05
128.2 3.360215054E-05 5.250336022E-05
128.4 2.941769769E-05 3.151896181E-05
128.6 2.522874058E-05 6.831775217E-21
128.8 2.103527194E-05 3.155290792E-05
129 1.683728448E-05 2.10466056E-05
129.2 1.263477089E-05 -2.105795148E-05
129.4 8.42772384E-06 -1.05346548E-05
129.6 4.216135996E-06 1.054033999E-05
129.8 4.218412527E-06 3.163809395E-05
130 4.220691518E-06 -1.05517288E-05
130.2 0 -5.278716216E-05
130.4 0 -5.28157112E-05
130.6 0 -7.398200758E-05
130.8 0 -2.11491608E-05
131 0 -1.058030878E-05
131.2 0 -2.117208672E-05
131.4 0 3.794299039E-20
131.6 0 -1.05975312E-05
131.8 0 -8.822419868E-21
132 0 -1.0609044E-05
132.2 0 -1.061480978E-05
132.4 0 -1.062058184E-05
132.6 4.25054407E-06 -3.187908052E-05
132.8 8.505715841E-06 -4.252857921E-05
133 8.510348584E-06 -5.318967865E-05
133.2 4.257493188E-06 -4.257493188E-05
133.4 0 2.129907306E-05
133.6 0 2.131069285E-05
133.8 8.528930131E-06 1.066116266E-05
134 1.706717641E-05 3.200095576E-05
134.2 2.134562842E-05 1.72229371E-20
134.4 2.562875888E-05 -2.135729907E-05
134.6 2.564277899E-05 -4.273796499E-05
134.8 2.565681445E-05 -3.207101806E-05
135 2.567086528E-05 -1.069619387E-05
135.2 2.568493151E-05 1.78079099E-20
135.4 2.569901316E-05 1.070792215E-05
135.6 2.571311026E-05 -3.214138782E-05
135.8 2.572722283E-05 -4.287870472E-05
136 2.574135091E-05 -4.290225151E-05
136.2 2.575549451E-05 -2.146291209E-05
136.4 2.576965366E-05 1.264994097E-20
136.6 2.578382838E-05 -3.222978548E-05
136.8 1.719867914E-05 -2.149834893E-05
137 8.60407489E-06 5.953174373E-21
137.2 4.304407713E-06 1.076101928E-05
137.4 0 2.153390298E-05
137.6 0 1.077289024E-05
137.8 0 1.077883554E-05
138 0 2.156957482E-05
138.2 0 3.237223757E-05
138.4 0 1.079671089E-05
138.6 0 2.20183506E-20
138.8 0 2.161732153E-05
139 0 2.162929125E-05
139.2 0 2.164127424E-05
139.4 0 2.165327051E-05
139.6 0 2.166528009E-05
139.8 0 -1.08386515E-05
140 4.337867851E-06 -2.168933926E-05
140.2 4.340277778E-06 2.277297493E-20
140.4 4.342690384E-06 -1.085672596E-05
140.6 4.345105673E-06 2.140106987E-20
140.8 4.347523651E-06 -2.173761825E-05
141 8.699888641E-06 -2.17497216E-05
141.2 4.352367688E-06 1.088091922E-05
141.4 4.354793757E-06 -8.511717687E-22
141.6 4.357222532E-06 2.178611266E-05
141.8 4.359654018E-06 2.179827009E-05
142 8.724176438E-06 3.271566164E-05
142.2 8.729050279E-06 3.273393855E-05
142.4 8.73392957E-06 2.183482392E-05
142.6 8.738814318E-06 5.461758949E-05
142.8 8.743704533E-06 3.2788892E-05
143 8.748600224E-06 1.935481559E-20
143.2 4.3767507E-06 1.057220261E-20
143.4 4.379204036E-06 1.631665109E-20
143.6 4.381660123E-06 1.095415031E-05
143.8 4.384118967E-06 2.192059484E-05
144 4.386580573E-06 -1.916632883E-20
144.2 4.389044944E-06 -1.097261236E-05
144.4 4.391512085E-06 -1.097878021E-05
144.6 4.393982002E-06 -5.492477503E-05
144.8 4.396454699E-06 -2.198227349E-05
145 0 2.19946509E-05
145.2 0 1.657779421E-20
145.4 0 -4.403889515E-05
145.6 0 -3.304780034E-05
145.8 0 2.204430023E-05
146 0 1.10283738E-05
146.2 0 1.093477966E-20
146.4 0 -1.104084228E-05
146.6 0 -3.314126131E-05
146.8 0 -3.316001698E-05
147 0 -1.105959796E-05
147.2 0 2.213172805E-05
147.4 0 2.214427438E-05
147.6 0 -1.107841747E-05
147.8 4.433881952E-06 3.413043437E-20
148 8.872799546E-06 -1.109099943E-05
148.2 1.331676136E-05 -1.109730114E-05
148.4 1.776577601E-05 2.220722001E-05
148.6 2.22198521E-05 2.180054852E-21
148.8 2.667899829E-05 -2.223249858E-05
149 3.114322323E-05 -4.449031891E-05
149.2 3.561253561E-05 -3.338675214E-05
149.4 3.563283922E-05 2.96702989E-20
149.6 3.5653166E-05 1.114161438E-05
149.8 3.567351598E-05 7.544589843E-21
150 3.123215306E-05 -2.230868075E-05
150.2 2.678571429E-05 -1.116071429E-05
150.4 2.233419097E-05 -5.950169799E-21
150.6 1.787757437E-05 1.117348398E-05
150.8 1.341585575E-05 -2.235975959E-05
151 8.949026346E-06 -3.35588488E-05
151.2 4.477077364E-06 -7.578939309E-21
151.4 0 -1.119911124E-05
151.6 0 -1.120553643E-05
151.8 0 -1.1211969E-05
152 0 2.243681792E-05
152.2 0 -1.218539167E-20
152.4 0 -5.615655549E-05
152.6 0 -6.830486352E-22
152.8 0 2.24884859E-05
153 0 1.596061058E-20
153.2 0 4.336459702E-20
153.4 0 2.10855709E-21
153.6 0 -3.381058857E-05
153.8 0 -2.255340647E-05
154 0 2.256643559E-05
154.2 0 4.515895954E-05
154.4 0 1.129626952E-05
154.6 0 -2.260561343E-05
154.8 0 4.523740591E-05
155 0 5.657951912E-05
155.2 0 2.264492754E-05
155.4 0 -1.132903132E-05
155.6 0 -2.369664599E-20
155.8 4.536875726E-06 2.268437863E-05
156 4.539511912E-06 -1.134877978E-05
156.2 4.542151163E-06 1.135537791E-05
156.4 4.544793485E-06 7.24867662E-21
156.6 4.547438882E-06 -3.410579162E-05
156.8 4.550087362E-06 -2.275043681E-05
157 4.552738928E-06 -2.276369464E-05
157.2 4.555393586E-06 -2.277696793E-05
157.4 4.558051342E-06 1.139512835E-05
157.6 4.560712201E-06 2.2803561E-05
157.8 4.563376168E-06 1.140844042E-05
158 0 3.424532437E-05
158.2 0 2.284356725E-05
158.4 0 1.915083532E-20
158.6 0 -2.509468469E-21
158.8 0 4.576742824E-05
159 0 2.289712778E-05
159.2 0 -2.291055718E-05
159.4 0 -1.146200117E-05
159.6 0 -1.146873165E-05
159.8 0 1.147547004E-05
160 0 8.791097104E-21
160.2 0 -4.595588235E-05
160.4 0 -5.747866392E-05
160.6 0 -1.150250294E-05
160.8 0 1.150928108E-05
161 0 -1.151606722E-05
161.2 0 -3.456858407E-05
161.4 0 -3.458899055E-05
161.6 0 -1.153647372E-05
161.8 0 -7.972490931E-21
162 0 -1.155011827E-05
162.2 0 3.126131156E-21
162.4 0 1.156379515E-05
162.6 0 -1.157064573E-05
162.8 0 1.157750445E-05
163 4.633748517E-06 5.792185647E-05
163.2 9.272997033E-06 3.477373887E-05
163.4 1.391775534E-05 -2.484051286E-20
163.6 1.856803327E-05 -1.16050208E-05
163.8 2.78686088E-05 -1.161192033E-05
164 3.718024985E-05 -1.700141788E-20
164.2 4.650297619E-05 1.162574405E-05
164.4 5.118374032E-05 -1.314051712E-20
164.6 5.587008343E-05 2.327920143E-05
164.8 6.05620155E-05 3.493962433E-05
165 6.525954654E-05 2.330698091E-05
165.2 6.996268657E-05 1.166044776E-05
165.4 7.467144564E-05 -1.166741338E-05
165.6 8.405558876E-05 -2.334877466E-05
165.8 8.877840909E-05 -2.336273923E-05
166 9.818222621E-05 -1.168836026E-05
166.2 0.0001029191617 -4.397591626E-21
166.4 0.0001123427202 2.340473337E-05
166.6 0.0001124100719 2.341876499E-05
166.8 0.0001124775045 2.343281344E-05
167 0.000112545018 1.172343938E-05
167.2 0.0001173048048 -1.173048048E-05
167.4 0.0001220703125 9.218893285E-22
167.6 0.0001268415514 1.174458809E-05
167.8 0.00012691787 1.175165463E-05
168 0.0001269942806 4.703491872E-05
168.2 0.0001270707831 3.529743976E-05
168.4 0.0001318565401 -9.766157006E-21
168.6 0.00013664807 -1.178000603E-05
168.8 0.0001414453832 -1.178711527E-05
169 0.0001462484903 -2.358846618E-05
169.2 0.0001510574018 1.180135952E-05
169.4 0.0001558721282 4.723397823E-05
169.6 0.00016069268 2.363127647E-05
169.8 0.0001655190678 9.909180175E-21
170 0.0001703513022 -1.182995154E-05
170.2 0.0001704545455 1.183712121E-05
170.4 0.0001705579139 -1.184429958E-05
170.6 0.0001754020024 -3.555445995E-05
170.8 0.0001802519733 -1.185868245E-05
171 0.0001803614824 -2.150387677E-20
171.2 0.0001852203647 1.18731003E-05
171.4 0.0001805809002 4.752128954E-05
171.6 0.0001759357882 3.566265977E-05
171.8 0.0001712850183 -1.627186161E-20
172 0.0001666285801 1.190204144E-05
172.2 0.0001619664634 3.572789634E-05
172.4 0.0001572986577 2.383312996E-05
172.6 0.0001526251526 1.192384005E-05
172.8 0.0001431734881 1.193112401E-05
173 0.0001384856357 -2.387683374E-05
173.2 0.0001337920489 -2.389143731E-05
173.4 0.0001290927173 -1.195302938E-05
173.6 0.0001243876301 1.196034905E-05
173.8 0.000119676777 1.19676777E-05
174 0.0001149601471 -1.197501533E-05
174.2 0.0001150306748 8.035524033E-21
174.4 0.0001103054021 2.475034018E-20
174.6 0.0001055743243 3.05030444E-20
174.8 9.603564843E-05 -1.200445605E-05
175 9.12899754E-05 -2.402367774E-05
175.2 9.134615385E-05 -1.201923077E-05
175.4 8.659174877E-05 3.338801926E-20
175.6 8.18314849E-05 1.733884559E-20
175.8 7.706535142E-05 1.204146116E-05
176 7.229333745E-05 1.204888957E-05
176.2 6.75154321E-05 4.151513887E-20
176.4 6.273162446E-05 2.200037726E-20
176.6 5.794190358E-05 2.414245983E-05
176.8 5.31462585E-05 3.623608534E-05
177 4.834467822E-05 3.625850866E-05
177.2 4.35371517E-05 3.628095975E-05
177.4 3.872366791E-05 1.210114622E-05
177.6 3.390421575E-05 -1.210864848E-05
177.8 2.907878412E-05 1.211616005E-05
178 2.424736189E-05 2.424736189E-05
178.2 1.940993789E-05 2.426242236E-05
178.4 1.456650093E-05 2.427750155E-05
178.6 1.45755597E-05 1.954867479E-21
178.8 1.458462974E-05 1.335437406E-20
179 9.729140722E-06 3.446781438E-20
179.2 4.867601246E-06 -2.030093994E-21
179.4 4.87063591E-06 -1.217658978E-05
179.6 9.747348721E-06 3.139648515E-21
179.8 1.463014981E-05 4.876716604E-05
180 1.951905059E-05 7.319643973E-05
180.2 2.44140625E-05 4.8828125E-05
180.4 2.9315197E-05 1.221466542E-05
180.6 3.422246558E-05 2.444461827E-05
180.8 3.913587977E-05 2.445992486E-05
181 4.405545113E-05 3.671287594E-05
181.2 4.898119122E-05 7.347178683E-05
181.4 4.90119197E-05 4.90119197E-05
181.6 5.394695543E-05 3.678201507E-05
181.8 4.907349246E-05 2.453674623E-05
182 4.91043369E-05 1.227608422E-05
182.2 5.896226415E-05 2.456761006E-05
182.4 5.408275645E-05 2.458307111E-05
182.6 4.919710327E-05 1.724522012E-20
182.8 4.430529301E-05 -1.591516588E-20
183 4.433322825E-05 -4.43286781E-22
183.2 4.436119874E-05 -1.439028263E-20
183.4 4.438920455E-05 1.23303346E-05
183.6 4.935249526E-05 4.935249526E-05
183.8 4.444532238E-05 6.172961441E-05
184 4.447343454E-05 7.192350158E-21
184.2 4.450158228E-05 -1.236155063E-05
184.4 4.452976567E-05 2.16270743E-21
184.6 4.950887199E-05 2.475443599E-05
184.8 4.45862397E-05 1.238506658E-05
185 3.965736041E-05 -1.239292513E-05
185.2 3.472222222E-05 1.240079365E-05
185.4 2.978081321E-05 -4.864070081E-21
185.6 2.483312142E-05 -1.241656071E-05
185.8 1.987913486E-05 -4.717907292E-20
186 1.49188415E-05 1.243236792E-05
186.2 9.952229299E-06 1.244028662E-05
186.4 9.958572339E-06 -1.244821542E-05
186.6 9.964923469E-06 -3.736846301E-05
186.8 1.495692406E-05 -3.739231015E-05
187 1.995530013E-05 -2.494412516E-05
187.2 2.49600639E-05 -3.744009585E-05
187.4 3.496643223E-05 -4.995204604E-05
187.6 4.498560461E-05 -4.998400512E-05
187.8 5.501760563E-05 -2.500800256E-05
188 5.505285074E-05 -1.251201153E-05
188.2 5.508814103E-05 -1.252003205E-05
188.4 5.512347659E-05 2.07804316E-20
188.6 5.515885751E-05 1.253610398E-05
188.8 5.519428388E-05 1.254415543E-05
189 5.522975578E-05 -4.154932991E-21
189.2 6.028938907E-05 1.256028939E-05
189.4 6.032818533E-05 2.513674389E-05
189.6 6.036703155E-05 -2.12483152E-20
189.8 6.543975515E-05 2.51691366E-05
190 6.548194713E-05 6.29634107E-05
190.2 6.552419355E-05 3.780241935E-05
190.4 7.061007101E-05 1.260894125E-05
190.6 7.570251938E-05 1.657600734E-20
190.8 8.080155139E-05 -1.26252424E-05
191 8.08538163E-05 -1.26334088E-05
191.2 8.090614887E-05 1.264158576E-05
191.4 7.58986399E-05 -4.991470904E-20
191.6 7.59478289E-05 -3.40348753E-20
191.8 7.599708171E-05 3.799854086E-05
192 7.097663855E-05 2.534879948E-05
192.2 6.594967532E-05 4.626694258E-20
192.4 6.091617934E-05 1.26908707E-05
192.6 5.587613784E-05 2.539824447E-05
192.8 5.082953806E-05 3.812215355E-05
193 4.577636719E-05 2.54313151E-05
193.2 4.071661238E-05 1.272394137E-05
193.4 4.074315515E-05 2.546447197E-05
193.6 4.076973255E-05 1.274054142E-05
193.8 4.079634465E-05 -1.27488577E-05
194 4.082299151E-05 -2.551436969E-05
194.2 4.08496732E-05 -1.655540998E-20
194.4 4.08763898E-05 2.554774362E-05
194.6 4.090314136E-05 1.278223168E-05
194.8 4.092992796E-05 2.729867368E-20
195 4.095674967E-05 1.279898427E-05
195.2 4.098360656E-05 3.842213115E-05
195.4 4.101049869E-05 5.126312336E-05
195.6 4.61671044E-05 3.8472587E-05
195.8 5.13304862E-05 5.13304862E-05
196 5.136423406E-05 5.136423406E-05
196.2 5.139802632E-05 1.284950658E-05
196.4 5.143186307E-05 1.285796577E-05
196.6 4.631916996E-05 1.118861623E-20
196.8 4.634970336E-05 2.57498352E-05
197 4.122691293E-05 3.865023087E-05
197.2 3.609735974E-05 4.205144562E-21
197.4 3.612120211E-05 3.870128798E-05
197.6 3.614507601E-05 7.74537343E-05
197.8 3.100198413E-05 3.875248016E-05
198 3.102250165E-05 1.292604236E-05
198.2 3.104304636E-05 5.17384106E-05
198.4 3.106361829E-05 3.882952286E-05
198.6 3.626492042E-05 -2.590351459E-05
198.8 5.184140677E-05 1.296035169E-05
199 5.187583001E-05 3.890687251E-05
199.2 5.71013289E-05 1.297757475E-05
199.4 6.752825798E-05 2.597240691E-05
199.6 5.717731204E-05 1.299484365E-05
199.8 6.241677763E-05 1.300349534E-05
200 6.766322452E-05 -7.95674239E-21
200.2 6.770833333E-05 -5.208333333E-05
200.4 7.296531021E-05 -7.817711808E-05
200.6 7.301401869E-05 -5.215287049E-05
200.8 7.306279225E-05 -7.828156313E-05
201 7.833389037E-05 -7.833389037E-05
201.2 7.838628763E-05 -1.306438127E-05
201.4 6.798025435E-05 -9.151188086E-05
201.6 6.802578701E-05 -0.0001046550569
201.8 6.283512064E-05 -3.92719504E-05
202 5.239771965E-05 -5.239771965E-05
202.2 5.243288591E-05 -7.864932886E-05
202.4 4.722128946E-05 -9.181917394E-05
202.6 4.200268817E-05 -2.68870044E-20
202.8 3.677706792E-05 -3.009814162E-20
203 3.154441454E-05 -3.943051817E-05
203.2 2.63047138E-05 2.63047138E-05
203.4 2.105795148E-05 2.632243935E-05
203.6 1.053607552E-05 2.634018881E-05
203.8 1.054318489E-05 7.907388664E-05
204 5.275151924E-06 7.912727887E-05
204.2 5.278716216E-06 5.278716216E-05
204.4 5.282285328E-06 2.641142664E-05
204.6 5.285859269E-06 2.642929635E-05
204.8 5.28943805E-06 3.967078538E-05
205 5.29302168E-06 3.96976626E-05
205.2 1.059322034E-05 0.0001059322034
205.4 1.590061058E-05 6.62525441E-05
205.6 1.59114053E-05 1.325950441E-05
205.8 2.122961957E-05 0.0001194166101
206 3.18660775E-05 0.0001327753229
206.2 3.720238095E-05 6.643282313E-05
206.4 4.254594963E-05 3.988682777E-05
206.6 4.789679837E-05 1.330466621E-05
206.8 4.792944785E-05 2.662747103E-05
207 4.796214188E-05 3.996845157E-05
207.2 5.332764505E-05 5.332764505E-05
207.4 6.403688525E-05 9.338712432E-05
207.6 6.942071087E-05 8.010082023E-05
207.8 7.48119015E-05 4.007780438E-05
208 8.55578371E-05 -5.180346454E-21
208.2 8.026541096E-05 -5.351027397E-05
208.4 8.567511995E-05 -1.338673749E-05
208.6 9.645061728E-05 5.358367627E-05
208.8 9.651681537E-05 2.681022649E-05
209 0.0001019488324 5.365728022E-05
209.2 0.0001020189003 6.711769759E-05
209.4 0.0001020890646 4.029831499E-05
209.6 0.0001021593255 4.032604955E-05
209.8 0.0001022296832 2.690254821E-05
210 0.0001023001378 5.384217781E-05
210.2 0.0001023706897 8.081896552E-05
210.4 0.0001024413389 5.391649413E-05
210.6 0.0001025120856 2.697686464E-05
210.8 0.0001079820318 4.049326192E-05
211 0.0001134595436 -5.157414675E-21
211.2 0.0001135380623 -2.703287197E-05
211.4 0.0001136166898 4.05773892E-05
211.6 0.0001136954262 -2.163896228E-20
211.8 0.0001137742718 -1.354455617E-05
212 0.0001192748092 2.710791117E-05
212.2 0.0001247829861 4.069010417E-05
212.4 0.0001248697012 4.071838082E-05
212.6 0.0001303894298 -3.860302589E-20
212.8 0.0001359168406 4.077505219E-05
213 0.0001414519499 4.080344708E-05
213.2 0.0001469947735 2.722125436E-05
213.4 0.0001525453278 4.086035565E-05
213.6 0.0001581036288 -4.08888695E-05
213.8 0.0001636696927 -9.547398743E-05
214 0.000169243536 -7.273473694E-21
214.2 0.0001693618881 2.731643357E-05
214.4 0.0001749475157 -2.733554934E-05
214.6 0.0001805409664 -4.103203782E-05
214.8 0.0001861422565 -2.737386125E-05
215 0.0001917514025 -1.466686726E-21
215.2 0.0002028508772 -1.370614035E-05
215.4 0.0002194522472 2.74315309E-05
215.6 0.0002305867885 5.49016163E-05
215.8 0.0002362429677 4.879672225E-21
216 0.0002419071077 -2.748944405E-05
216.2 0.0002475792254 -2.750880282E-05
216.4 0.0002477536998 -2.752818887E-05
216.6 0.0002479284203 -5.509520451E-05
216.8 0.0002481033874 -2.756704305E-05
217 0.0002427612994 -1.379325565E-05
217.2 0.0002429328622 -9.807623892E-21
217.4 0.0002486297737 2.762553041E-05
217.6 0.0002432767162 5.529016277E-05
217.8 0.0002268502125 8.299398017E-05
218 0.0002104004252 2.768426648E-05
218.2 0.0001994680851 4.155585106E-05
218.4 0.0001829755145 -2.462347021E-21
218.6 0.000166459517 -5.548650568E-05
218.8 0.0001499200426 -1.388148543E-05
219 0.0001333570413 -2.778271693E-05
219.2 0.0001223309609 -6.950622776E-05
219.4 0.0001112891738 -2.544355362E-20
219.6 0.0001002316465 -4.176318603E-05
219.8 9.47307418E-05 -8.358594864E-05
220 8.92219843E-05 2.788187009E-05
220.2 7.254464286E-05 2.790178571E-05
220.4 6.142780558E-05 -2.792172981E-05
220.6 5.029506438E-05 -2.794170243E-05
220.8 4.473872584E-05 -4.194255548E-05
221 3.917442693E-05 -1.399086676E-05
221.2 2.800179211E-05 2.899043874E-20
221.4 2.241750359E-05 -7.005469871E-05
221.6 2.804199569E-05 -0.0001261889806
221.8 3.367456897E-05 -0.0001262796336
222 3.931524083E-05 -9.828810208E-05
222.2 4.496402878E-05 -7.025629496E-05
222.4 5.062095032E-05 -7.030687545E-05
222.6 6.191462536E-05 -8.442903458E-05
222.8 6.759192502E-05 -1.408165105E-05
223 7.327741703E-05 2.091177562E-20
223.2 7.897111913E-05 -7.05099278E-05
223.4 8.467304913E-05 -9.878522399E-05
223.6 9.038322487E-05 -1.024175312E-20
223.8 8.479558611E-05 9.892818379E-05
224 9.617125272E-05 2.828566256E-05
224.2 0.0001019021739 -2.830615942E-05
224.4 0.0001019760696 -1.4163343E-05
224.6 0.000107719521 -3.99453989E-20
224.8 0.0001077977487 -1.418391431E-05
225 0.0001078760901 -1.419422238E-05
225.2 0.0001079545455 -2.840909091E-05
225.4 0.0001137190684 -2.84297671E-05
225.6 0.000108111799 4.267571012E-05
225.8 0.0001081905977 2.847120991E-05
226 0.000102571116 7.122994165E-05
226.2 9.124087591E-05 7.128193431E-05
226.4 7.989408327E-05 7.133400292E-05
226.6 7.424159357E-05 4.28316886E-05
226.8 7.429590344E-05 -5.715069495E-05
227 7.435029283E-05 -4.289439971E-05
227.2 6.868131868E-05 -1.430860806E-05
227.4 6.300403226E-05 2.863819648E-05
227.6 5.731841526E-05 0.0001146368305
227.8 4.015234949E-05 7.170062408E-05
228 3.444158707E-05 -4.305198384E-05
228.2 2.872242647E-05 -1.436121324E-05
228.4 2.299484915E-05 2.735869529E-20
228.6 1.725883652E-05 1.438236377E-05
228.8 1.151436993E-05 8.63577745E-05
229 5.761430678E-06 0.0001008250369
229.2 0 4.324261993E-05
229.4 0 1.442485229E-05
229.6 0 -2.887102735E-05
229.8 0 -0.0001011233358
230 0 -0.0001011981865
230.2 0 -7.233796296E-05
230.4 0 -4.343495182E-05
230.6 0 2.897811573E-05
230.8 0 -1.44998144E-05
231 0 -5.80423477E-05
231.2 5.808550186E-06 -5.808550186E-05
231.4 1.743861607E-05 -0.0001017252604
231.6 1.745160089E-05 -0.0001018010052
231.8 1.746460507E-05 -5.821535022E-05
232 1.747762864E-05 -2.912938106E-05
232.2 1.749067164E-05 -8.745335821E-05
232.4 1.750373413E-05 -7.293222554E-05
232.6 1.751681614E-05 5.18601936E-20
232.8 1.168661182E-05 5.418525517E-21
233 1.169535928E-05 3.311212907E-20
233.2 1.755617978E-05 -1.463014981E-05
233.4 1.756934033E-05 -1.464111694E-05
233.6 1.758252063E-05 1.465210053E-05
233.8 1.759572072E-05 -2.93262012E-05
234 1.760894065E-05 -4.402235162E-05
234.2 1.762218045E-05 -4.405545113E-05
234.4 1.763544018E-05 -4.408860045E-05
234.6 1.764871988E-05 -1.470726657E-05
234.8 1.766201959E-05 5.887339864E-05
235 1.767533937E-05 7.364724736E-05
235.2 1.768867925E-05 2.948113208E-05
235.4 1.770203927E-05 1.47516994E-05
235.6 1.77154195E-05 -1.916972465E-20
235.8 1.772881997E-05 1.477401664E-05
236 1.774224073E-05 1.478520061E-05
236.2 1.775568182E-05 2.959280303E-05
236.4 1.776914329E-05 5.923047763E-05
236.6 1.778262519E-05 5.92754173E-05
236.8 1.779612756E-05 7.415053151E-05
237 1.780965046E-05 -4.452412614E-05
237.2 1.782319392E-05 -5.941064639E-05
237.4 1.783675799E-05 4.459189498E-05
237.6 1.785034273E-05 2.975057121E-05
237.8 1.786394817E-05 2.977324695E-05
238 1.787757437E-05 4.469393593E-05
238.2 1.789122137E-05 1.490935115E-05
238.4 1.193659282E-05 -2.984148205E-05
238.6 5.972859327E-06 -4.479644495E-05
238.8 1.195485845E-05 -1.494357307E-05
239 1.794601838E-05 2.991003063E-05
239.2 1.197318008E-05 2.993295019E-05
239.4 5.991180982E-06 1.497795245E-05
239.6 5.995778972E-06 1.498944743E-05
239.8 6.000384025E-06 -2.292360738E-20
240 6.004996157E-06 -4.503747118E-05
240.2 6.009615385E-06 -4.904998344E-21
240.4 0 4.510681293E-05
240.6 0 -8.348476395E-21
240.8 6.023515806E-06 1.505878951E-05
241 6.02816358E-06 7.535204475E-05
241.2 0 7.541023166E-05
241.4 0 1.50937017E-05
241.6 0 1.51053751E-05
241.8 0 4.535119969E-05
242 0 -1.512877614E-05
242.2 0 2.593959419E-20
242.4 0 1.955164221E-20
242.6 0 -6.06560559E-05
242.8 6.07031857E-06 -1.517579643E-05
243 0 1.51875972E-05
243.2 6.079766537E-06 -3.039883268E-05
243.4 6.084501558E-06 -4.563376168E-05
243.6 0 -3.04462198E-05
243.8 0 1.52349844E-05
244 0 4.574063232E-05
244.2 0 1.525878906E-05
244.4 6.108287725E-06 -4.581215794E-05
244.6 6.113067293E-06 -3.056533646E-05
244.8 6.117854346E-06 1.529463587E-05
245 6.122648903E-06 -1.530662226E-05
245.2 6.12745098E-06 -4.595588235E-05
245.4 6.132260597E-06 -1.533065149E-05
245.6 6.137077769E-06 3.068538885E-05
245.8 6.141902516E-06 1.535475629E-05
246 6.146734854E-06 3.073367427E-05
246.2 0 -7.12057464E-21
246.4 0 -3.07821119E-05
246.6 0 -1.540319401E-05
246.8 0 -4.624605367E-05
247 0 -4.628258294E-05
247.2 0 -1.543972332E-05
247.4 0 -6.358796601E-21
247.6 0 -3.092834521E-05
247.8 0 -4.642927892E-05
248 0 -4.646609833E-05
248.2 0 -4.650297619E-05
248.4 0 -1.551330421E-05
248.6 0 1.552563593E-05
248.8 0 -2.467572903E-22
249 0 -4.665107484E-05
249.2 0 -7.781374502E-05
249.4 0 -6.230063796E-05
249.6 6.235035914E-06 1.558758978E-05
249.8 6.240015974E-06 4.680011981E-05
250 6.245003997E-06 6.245003997E-05
250.2 6.25E-06 1.5625E-05
250.4 0 -3.127502002E-05
250.6 0 -4.695012019E-05
250.8 0 -1.145575595E-20
251 0 4.702548154E-05
251.2 0 -3.137550201E-05
251.4 0 -4.710108521E-05
251.6 0 -1.571299276E-05
251.8 0 -2.491899833E-20
252 0 1.573831587E-05
252.2 0 -1.575100806E-05
252.4 0 -3.926495814E-20
252.6 0 -1.819296626E-21
252.8 0 1.578920776E-05
253 0 4.74059466E-05
253.2 0 -1.581477733E-05
253.4 0 1.446302993E-20
253.6 0 1.444159779E-20
253.8 0 -1.585328734E-05
254 0 -1.586616572E-05
254.2 0 -3.175813008E-05
254.4 0 -3.178397071E-05
254.6 0 1.542358745E-20
254.8 0 1.591788916E-05
255 0 1.593087276E-05
255.2 0 -4.783163265E-05
255.4 0 -3.191380719E-05
255.6 6.387980376E-06 3.193990188E-05
255.8 6.393207856E-06 -3.196603928E-05
256 6.398443898E-06 3.429879024E-21
256.2 6.403688525E-06 3.201844262E-05
256.4 6.408941756E-06 -4.424787511E-21
256.6 6.414203612E-06 -3.207101806E-05
256.8 1.283894823E-05 -3.209737058E-05
257 6.424753289E-06 -1.606188322E-05
257.2 6.430041152E-06 -6.430041152E-05
257.4 0 1.588885019E-20
257.6 0 1.610160758E-05
257.8 0 -3.222978548E-05
258 6.451279934E-06 -1.612819983E-05
258.2 0 1.728040363E-20
258.4 0 1.427262306E-20
258.6 6.467301325E-06 -3.233650662E-05
258.8 0 -1.618164872E-05
259 6.478026534E-06 1.619506633E-05
259.2 0 3.241701245E-05
259.4 6.488787375E-06 6.488787375E-05
259.6 1.298836243E-05 3.247090607E-05
259.8 1.949875208E-05 1.134199419E-20
260 1.951498751E-05 3.252497918E-05
260.2 1.953125E-05 -6.02318067E-21
260.4 1.303169308E-05 -5.270778913E-20
260.6 6.521285476E-06 1.630321369E-05
260.8 0 1.631683375E-05
261 0 1.633047659E-05
261.2 0 3.268828452E-05
261.4 0 5.660143926E-20
261.6 6.548616932E-06 -8.185771165E-05
261.8 6.554110738E-06 -9.831166107E-05
262 6.55961377E-06 -1.639903442E-05
262.2 6.56512605E-06 -4.787769177E-20
262.4 6.570647603E-06 -1.642661901E-05
262.6 0 -3.288089226E-05
262.8 6.581718618E-06 -1.645429655E-05
263 6.587268128E-06 1.646817032E-05
263.2 1.318565401E-05 -3.296413502E-05
263.4 1.319679054E-05 -6.59839527E-05
263.6 2.64158918E-05 -6.60397295E-05
263.8 3.304780034E-05 -6.609560068E-05
264 3.969093988E-05 -3.307578323E-05
264.2 3.972457627E-05 -4.875425287E-21
264.4 3.975826972E-05 -3.313189143E-05
264.6 3.316001698E-05 -1.658000849E-05
264.8 3.318819031E-05 -1.659409516E-05
265 3.321641156E-05 -6.117831679E-20
265.2 3.324468085E-05 1.662234043E-05
265.4 3.32729983E-05 4.890002245E-21
265.6 3.996163683E-05 -1.488818649E-20
265.8 3.999573379E-05 1.666488908E-05
266 4.670153715E-05 -7.906307026E-21
266.2 4.674145299E-05 -3.338675214E-05
266.4 4.678143713E-05 1.670765612E-05
266.6 4.682148973E-05 3.344392123E-05
266.8 4.686161097E-05 0.0001004177378
267 4.690180103E-05 0.0001340051458
267.2 4.02360515E-05 5.029506438E-05
267.4 3.35588488E-05 6.711769759E-05
267.6 2.687016337E-05 0.0001175569647
267.8 2.016996558E-05 8.404152324E-05
268 1.345822567E-05 6.729112834E-05
268.2 6.734913793E-06 8.418642241E-05
268.4 0 6.740724763E-05
268.6 0 5.059909326E-05
268.8 0 3.376188418E-05
269 0 -3.664106261E-20
269.2 0 2.101705793E-21
269.4 0 5.077448007E-05
269.6 0 6.775802255E-05
269.8 0 6.781684028E-05
270 0 5.090682016E-05
270.2 6.793478261E-06 6.793478261E-05
270.4 1.359878155E-05 6.799390775E-05
270.6 2.041594077E-05 6.805313589E-05
270.8 2.043374019E-05 8.514058413E-05
271 2.045157068E-05 6.817190227E-05
271.2 2.046943231E-05 6.823144105E-05
271.4 2.048732517E-05 -2.377267327E-20
271.6 2.734033246E-05 -1.982055276E-20
271.8 2.73642732E-05 6.841068301E-05
272 2.738825592E-05 5.135297984E-05
272.2 2.74122807E-05 5.139802632E-05
272.4 2.743634767E-05 1.71477173E-05
272.6 2.746045694E-05 1.716278559E-05
272.8 2.748460862E-05 5.153364116E-05
273 2.750880282E-05 3.438600352E-05
273.2 2.753303965E-05 1.720814978E-05
273.4 2.066798942E-05 -3.444664903E-05
273.6 1.379082083E-05 -6.895410415E-05
273.8 6.901501767E-06 -6.901501767E-05
274 6.90760389E-06 -8.634504863E-05
274.2 6.913716814E-06 -8.642146018E-05
274.4 6.919840567E-06 -3.459920283E-05
274.6 2.077792553E-05 -3.462987589E-05
274.8 2.77284827E-05 -5.199090506E-05
275 2.775310835E-05 -0.000121419849
275.2 4.166666667E-05 -0.0001909722222
275.4 5.560498221E-05 -0.0001042593416
275.6 6.261130899E-05 -6.95681211E-05
275.8 6.963012478E-05 -6.963012478E-05
276 6.969223907E-05 -5.22691793E-05
276.2 7.672991071E-05 -5.231584821E-05
276.4 8.378016086E-05 -3.490840036E-05
276.6 9.084302326E-05 -3.493962433E-05
276.8 9.791853178E-05 -5.245635631E-05
277 0.0001050067204 -5.250336022E-05
277.2 0.0001121076233 -5.255044843E-05
277.4 0.0001192212747 -7.013016158E-05
277.6 0.0001263477089 -7.019317161E-05
277.8 0.0001334869604 -7.025629496E-05
278 0.0001406390639 -0.0001230591809
278.2 0.0001548423423 -0.0001055743243
278.4 0.0001690712353 -1.761158702E-05
278.6 0.0001762748195 -5.288244585E-05
278.8 0.0001905487805 -5.29302168E-05
279 0.0001977848101 -1.765935805E-05
279.2 0.0001838235294 -3.535067873E-05
279.4 0.0001839900362 -8.845674819E-05
279.6 0.0001912398005 -8.85369447E-05
279.8 0.0001985027223 -1.093891594E-20
280 0.0002057788374 1.773955495E-05
280.2 0.0002059659091 1.775568182E-05
280.4 0.0002061533212 4.949681703E-21
280.6 0.0002063410747 1.778802368E-05
280.8 0.0001922857794 5.34127165E-05
281 0.0001853330292 -2.778959987E-20
281.2 0.0001783675799 -1.83608133E-20
281.4 0.0001713893967 1.785306216E-05
281.6 0.0001643984446 3.573879231E-05
281.8 0.0001573946886 -4.642115197E-20
282 0.0001503780935 -1.790215399E-05
282.2 0.0001361811927 3.583715596E-05
282.4 0.0001291322314 -3.587006428E-05
282.6 0.0001220703125 -3.590303309E-05
282.8 0.0001149954002 3.593606256E-05
283 0.0001079074586 3.596915285E-05
283.2 0.0001008064516 -5.81005508E-20
283.4 0.0001008994465 -1.80177583E-05
283.6 0.0001009926131 -2.446166951E-20
283.8 0.0001010859519 -1.805106285E-05
284 0.0001011794635 -1.806776133E-05
284.2 0.0001012731481 3.616898148E-05
284.4 0.0001013670065 -2.721094827E-20
284.6 0.000101461039 -3.623608534E-05
284.8 0.0001015552461 2.062011837E-20
285 0.000108910316 1.815171933E-05
285.2 0.0001090116279 -1.703849351E-20
285.4 0.0001091131285 -3.637104283E-05
285.6 0.0001092148183 3.917943501E-20
285.8 0.0001020289179 1.821944963E-05
286 0.0001094187675 -3.64729225E-05
286.2 0.0001022196262 -1.825350467E-05
286.4 9.50070159E-05 -3.533504015E-20
286.6 0.0001024110487 -1.87784543E-21
286.8 0.0001025070291 3.660965323E-05
287 0.0001026031895 -1.832199812E-05
287.2 0.0001026995305 -1.833920188E-05
287.4 0.0001027960526 1.835643797E-05
287.6 0.0001028927563 -3.674741298E-05
287.8 0.0001029896422 -1.839100753E-05
288 9.572337418E-05 3.681668238E-05
288.2 9.581367925E-05 -1.842570755E-05
288.4 9.590415486E-05 1.927139675E-20
288.6 9.599480151E-05 -6.924030858E-21
288.8 9.608561968E-05 -2.196599957E-20
289 8.877840909E-05 3.699100379E-05
289.2 8.886255924E-05 -1.851303318E-05
289.4 8.894686907E-05 -3.706119545E-05
289.6 8.161206078E-05 -1.854819563E-05
289.8 7.426330798E-05 -3.815324396E-20
290 6.690057088E-05 1.858349191E-05
290.2 5.952380952E-05 1.860119048E-05
290.4 5.958055291E-05 1.861892278E-05
290.6 4.472805344E-05 3.727337786E-05
290.8 4.477077364E-05 1.865448902E-05
291 3.734464627E-05 1.867232314E-05
291.2 2.242822967E-05 -1.869019139E-05
291.4 2.993295019E-05 8.033045921E-21
291.6 1.498082454E-05 5.617809204E-05
291.8 1.499520154E-05 -1.874400192E-05
292 1.500960615E-05 2.541488442E-20
292.2 0 5.812832664E-20
292.4 7.519249278E-06 -3.759624639E-05
292.6 1.505298651E-05 2.062081818E-20
292.8 7.533751205E-06 -1.883437801E-05
293 7.541023166E-06 -3.770511583E-05
293.2 7.548309179E-06 -1.887077295E-05
293.4 7.555609284E-06 1.888902321E-05
293.6 7.562923524E-06 1.890730881E-05
293.8 7.570251938E-06 -1.892562984E-05
294 7.577594568E-06 -3.788797284E-05
294.2 7.584951456E-06 -3.038814348E-20
294.4 7.592322643E-06 1.898080661E-05
294.6 7.599708171E-06 -3.799854086E-05
294.8 7.607108082E-06 -3.803554041E-05
295 7.614522417E-06 1.903630604E-05
295.2 7.62195122E-06 1.905487805E-05
295.4 0 -1.907348633E-05
295.6 0 4.428113819E-20
295.8 0 3.01778655E-20
296 0 -9.184157777E-21
296.2 0 -3.829656863E-05
296.4 0 -5.750122669E-05
296.6 0 3.837180747E-05
296.8 0 1.920476893E-05
297 0 7.085195985E-21
297.2 0 -1.924261084E-05
297.4 0 -3.852317554E-05
297.6 0 -3.082430658E-20
297.8 0 -3.428307265E-20
298 0 1.372679308E-20
298.2 0 -2.049594279E-20
298.4 0 1.935703667E-05
298.6 0 1.937624008E-05
298.8 0 3.445329644E-21
299 0 1.603328798E-20
299.2 0 1.94340796E-05
299.4 0 1.945343625E-05
299.6 0 4.84269764E-20
299.8 0 -0
300 0 -6.32248671E-22
300.2 0 -7.950369098E-21
300.4 0 -1.95508008E-05
300.6 0 1.957039078E-05
300.8 0 1.959002006E-05
301 0 -1.960968876E-05
301.2 0 -6.672454822E-21
301.4 0 3.929828974E-05
301.6 0 -3.933786506E-05
301.8 0 -9.84438004E-05
302 0 -1.970862765E-05
302.2 0 3.945707071E-05
302.4 0 -3.693193699E-20
302.6 0 -5.930541498E-05
302.8 0 -1.978850051E-05
303 0 1.980856998E-05
303.2 0 -1.787084422E-20
303.4 0 -1.98488313E-05
303.6 0 -2.690062021E-20
303.8 0 3.977851324E-05
304 0 3.981906218E-05
304.2 7.971938776E-06 -2.530458924E-20
304.4 1.596016343E-05 -4.197568871E-20
304.6 2.396472393E-05 -2.355834664E-20
304.8 3.198567042E-05 -2.038324823E-20
305 4.002305328E-05 2.001152664E-05
305.2 4.006410256E-05 2.003205128E-05
305.4 4.010523614E-05 2.005261807E-05
305.6 4.014645427E-05 2.007322713E-05
305.8 4.822530864E-05 -4.839949799E-21
306 5.63208033E-05 2.011457261E-05
306.2 6.443298969E-05 4.027061856E-05
306.4 7.25619195E-05 2.015608875E-05
306.6 8.070764463E-05 -9.21411366E-21
306.8 8.887021717E-05 2.019777663E-05
307 9.704968944E-05 -1.035896997E-19
307.2 0.000105246114 -4.047927461E-05
307.4 0.0001053552905 6.891766154E-20
307.6 0.0001054646937 2.028167186E-05
307.8 0.0001136954262 2.030275468E-05
308 0.0001138137357 4.064776275E-05
308.2 0.0001139322917 -2.034505208E-05
308.4 0.0001221976017 -2.036626694E-05
308.6 0.000130480167 2.03875261E-05
308.8 0.0001306165099 3.505649167E-20
309 0.0001307531381 8.712725644E-21
309.2 0.0001308900524 -2.045157068E-05
309.4 0.000139216457 -2.047300839E-05
309.6 0.0001393625393 -2.049449108E-05
309.8 0.0001395089286 -2.051601891E-05
310 0.0001396556257 -1.970179179E-20
310.2 0.0001315789474 2.277253636E-20
310.4 0.0001317175975 3.306401353E-20
310.6 0.0001318565401 2.060258439E-05
310.8 0.0001319957761 2.062434002E-05
311 0.0001403937632 -2.064614165E-05
311.2 0.0001488095238 1.35664824E-21
311.4 0.0001572431144 4.137976695E-05
311.6 0.0001574098621 6.21354719E-05
311.8 0.0001575769639 8.293524416E-05
312 0.0001577444208 0.0001037792242
312.2 0.000157912234 6.23337766E-05
312.4 0.0001580804047 5.728199272E-21
312.6 0.0001582489339 -2.082222814E-05
312.8 0.0001584178228 -4.168890075E-05
313 0.0001585870726 -2.086672009E-05
313.2 0.0001504010695 2.088903743E-05
313.4 0.0001505620985 -2.985408E-20
313.6 0.0001507234727 -4.18676313E-05
313.8 0.0001508851931 -4.191255365E-05
314 0.0001426557465 2.097878625E-05
314.2 0.0001344086022 2.100134409E-05
314.4 0.0001345532831 -2.102395048E-05
314.6 0.0001346982759 5.047148044E-20
314.8 0.0001348435814 -2.10693096E-05
315 0.0001349892009 -4.218412527E-05
315.2 0.0001351351351 -3.12917207E-20
315.4 0.0001268262987 2.113771645E-05
315.6 0.0001354279523 -2.116061755E-05
315.8 0.0001355748373 -2.118356833E-05
316 0.0001272394137 2.120656895E-05
316.2 0.0001273777174 4.245923913E-05
316.4 0.0001360174102 2.125272035E-05
316.6 0.0001446759259 2.127587146E-05
316.8 0.0001448336968 -4.847775181E-21
317 0.0001535207424 -4.264465066E-05
317.2 0.000162226776 -2.134562842E-05
317.4 0.000162404267 -2.136898249E-05
317.6 0.0001625821468 -4.278477547E-05
317.8 0.0001627604167 -2.14158443E-05
318 0.000154363337 2.143935236E-05
318.2 0.0001459478022 2.146291209E-05
318.4 0.0001461083608 4.113991023E-21
318.6 0.0001376651982 -1.881105633E-20
318.8 0.0001292034179 -4.540674745E-20
319 0.0001207229581 2.155767108E-05
319.2 0.0001122237569 -1.593310175E-20
319.4 9.506360619E-05 -1.498254485E-21
319.6 8.651716501E-05 2.162929125E-05
319.8 6.929046563E-05 -2.165327051E-05
320 5.202552719E-05 -2.848390249E-20
320.2 3.472222222E-05 4.340277778E-05
320.4 1.738042269E-05 -8.939771083E-21
320.6 0 2.17497216E-05
320.8 0 4.354793757E-05
321 0 2.265750585E-20
321.2 0 -4.36452514E-05
321.4 8.738814318E-06 -0.000109235179
321.6 1.749720045E-05 -0.0001093575028
321.8 2.627522422E-05 -4.379204036E-05
322 3.507295174E-05 -4.384118967E-05
322.2 5.266853933E-05 -2.194522472E-05
322.4 3.515185602E-05 4.393982002E-05
322.6 2.639358108E-05 4.39893018E-05
322.8 2.642333709E-05 2.201944758E-05
323 8.81772009E-06 1.512523676E-20
323.2 8.827683616E-06 -6.620762712E-05
323.4 0 -8.837669683E-05
323.6 0 -2.351607724E-20
323.8 0 4.428854875E-05
324 0 4.433881952E-05
324.2 0 -1.65913493E-20
324.4 0 -2.832528205E-20
324.6 0 2.224515945E-05
324.8 8.908209806E-06 -4.454104903E-05
325 8.918378995E-06 -4.459189498E-05
325.2 1.785714286E-05 -8.858746897E-20
325.4 1.787757437E-05 -4.568211146E-20
325.6 2.684707904E-05 2.237256586E-05
325.8 3.583715596E-05 4.479644495E-05
326 3.58783008E-05 4.4847876E-05
326.2 3.591954023E-05 4.489942529E-05
326.4 3.596087457E-05 6.742663982E-05
326.6 2.700172811E-05 0.0001125072005
326.8 1.802191465E-05 6.758217993E-05
327 1.804272517E-05 2.199652675E-20
327.2 2.709537572E-05 1.449254781E-20
327.4 2.712673611E-05 4.521122685E-05
327.6 1.810544612E-05 2.263180765E-05
327.8 9.063225058E-06 -4.531612529E-05
328 0 -9.547276473E-21
328.2 0 2.271075581E-05
328.4 0 2.273719441E-05
328.6 0 2.276369464E-05
328.8 9.116102684E-06 -4.558051342E-05
329 1.825350467E-05 -6.845064252E-05
329.2 2.74122807E-05 -2.284356725E-05
329.4 3.659250585E-05 -2.287031616E-05
329.6 4.579425557E-05 -4.579425557E-05
329.8 6.418720657E-05 -2.292400235E-05
330 8.262338425E-05 2.295094007E-05
330.2 9.191176471E-05 -1.298427042E-20
330.4 9.202002356E-05 -2.300500589E-05
330.6 0.0001013413915 -2.303213443E-05
330.8 0.0001106847698 -4.611865407E-05
331 0.0001108156028 -2.308658392E-05
331.2 0.0001109467456 -2.352690725E-21
331.4 0.0001203347156 -2.827096214E-20
331.6 0.0001297449585 -4.633748517E-05
331.8 0.0001391775534 -2.319625891E-05
332 0.0001300535077 4.644768133E-05
332.2 0.0001209077381 -2.32514881E-05
332.4 0.0001396752086 -2.327920143E-05
332.6 0.0001398418854 6.992094272E-05
332.8 0.0001213410992 2.333482676E-05
333 0.0001121411483 2.336273923E-05
333.2 0.0001029191617 -2.108577736E-20
333.4 9.367505995E-05 -2.341876499E-05
333.6 9.378751501E-05 2.344687875E-05
333.8 8.451021635E-05 2.34750601E-05
334 7.521058965E-05 2.350330927E-05
334.2 8.471385542E-05 2.353162651E-05
334.4 8.481604343E-05 2.356001206E-05
334.6 7.548309179E-05 2.358846618E-05
334.8 6.612756953E-05 2.361698912E-05
335 6.620762712E-05 1.798245565E-20
335.2 5.681818182E-05 -2.367424242E-05
335.4 4.74059466E-05 6.534911926E-20
335.6 3.79708384E-05 2.3731774E-05
335.8 1.900851582E-05 -2.376064477E-05
336 1.90316687E-05 -4.757917174E-05
336.2 2.858231707E-05 -2.381859756E-05
336.4 1.907814408E-05 2.754795089E-20
336.6 1.910146699E-05 -2.387683374E-05
336.8 1.9124847E-05 -4.78121175E-05
337 1.914828431E-05 -2.393535539E-05
337.2 9.585889571E-06 1.625179129E-20
337.4 0 2.399416462E-05
337.6 0 2.402367774E-05
337.8 0 2.405326355E-05
338 0 4.816584464E-05
338.2 0 9.645061728E-05
338.4 0 7.242737948E-05
338.6 0 -1.739415689E-20
338.8 0 4.840458488E-05
339 0 4.84646402E-05
339.2 0 2.426242236E-05
339.4 0 7.287779851E-05
339.6 0 0.000121614259
339.8 0 7.305953865E-05
340 0 2.438358302E-05
340.2 0 7.32421875E-05
340.4 0 2.444461827E-05
340.6 0 8.613311599E-22
340.8 0 -5.591583199E-20
341 0 2.453674623E-05
341.2 0 0.0001228380503
341.4 0 7.379565491E-05
341.6 0 2.62505444E-20
341.8 0 2.466066919E-05
342 0 2.469184576E-05
342.2 0 -5.066593532E-20
342.4 0 4.289614669E-21
342.6 0 4.957170051E-05
342.8 0 7.445203304E-05
343 0 2.484891858E-05
343.2 0 2.488057325E-05
343.4 0 -2.491230867E-05
343.6 0 -9.977650064E-05
343.8 0 -2.497602302E-05
344 0 -5.001600512E-05
344.2 1.001602564E-05 -7.512019231E-05
344.4 1.002888318E-05 0.0001253610398
344.6 1.004177378E-05 7.531330334E-05
344.8 0 -5.027348777E-05
345 0 -5.03382732E-05
345.2 0 2.646972312E-20
345.4 0 7.570251938E-05
345.6 0 -1.315342151E-20
345.8 0 -2.529954663E-05
346 0 1.163728499E-20
346.2 0 4.412290384E-20
346.4 0 2.539824447E-05
346.6 0 5.086263021E-05
346.8 0 2.546447197E-05
347 0 2.54977154E-05
347.2 0 2.553104575E-05
347.4 0 1.827678021E-21
347.6 0 -3.181376041E-20
347.8 0 -2.563156168E-05
348 0 2.56652431E-05
348.2 0 -6.086619262E-20
348.4 0 -5.14657444E-05
348.6 0 -5.153364116E-05
348.8 0 -2.580085865E-05
349 0 6.656060941E-20
349.2 0 -0.0001034768212
349.4 0 -5.180702918E-05
349.6 0 0.00010375166
349.8 0 -2.597240691E-05
350 0 -0.0001300349534
350.2 0 5.088522196E-20
350.4 0 5.215287049E-05
350.6 0 5.222259358E-05
350.8 0 2.614625167E-05
351 0 -2.618130027E-05
351.2 0 3.721189965E-20
351.4 0 5.250336022E-05
351.6 0 2.628701211E-05
351.8 0 -5.264487871E-05
352 1.054318489E-05 -5.271592443E-05
352.2 2.111486486E-05 -5.278716216E-05
352.4 2.114343708E-05 -5.285859269E-05
352.6 2.117208672E-05 -2.64651084E-05
352.8 2.120081411E-05 -7.950305292E-05
353 2.122961957E-05 -0.0001592221467
353.2 3.18877551E-05 -0.000106292517
353.4 3.193119891E-05 -5.321866485E-05
353.6 2.13165075E-05 -7.993690314E-05
353.8 1.067281421E-05 -2.668203552E-05
354 1.06874145E-05 5.220782007E-20
354.2 1.070205479E-05 2.675513699E-05
354.4 1.071673525E-05 5.358367627E-05
354.6 1.073145604E-05 8.048592033E-05
354.8 1.074621733E-05 8.059662999E-05
355 1.076101928E-05 2.690254821E-05
355.2 2.155172414E-05 -2.871266443E-20
355.4 3.237223757E-05 -1.91682152E-20
355.6 3.241701245E-05 -0
355.8 3.246191136E-05 5.41031856E-05
356 3.250693481E-05 5.417822469E-05
356.2 3.255208333E-05 -2.712673611E-05
356.4 2.173157163E-05 -2.716446453E-05
356.6 2.176183844E-05 2.720229805E-05
356.8 2.179218968E-05 8.17207113E-05
357 2.18226257E-05 8.183484637E-05
357.2 2.185314685E-05 2.731643357E-05
357.4 2.18837535E-05 2.735469188E-05
357.6 2.1914446E-05 2.591547091E-20
357.8 2.194522472E-05 -2.74315309E-05
358 2.197609001E-05 5.494022504E-05
358.2 2.200704225E-05 8.252640845E-05
358.4 2.203808181E-05 0.000110190409
358.6 2.206920904E-05 5.51730226E-05
358.8 1.105021216E-05 -7.226481199E-21
359 1.106586402E-05 5.532932011E-05
359.2 2.216312057E-05 8.311170213E-05
359.4 2.219460227E-05 0.0001109730114
359.6 2.222617354E-05 0.0001111308677
359.8 2.225783476E-05 5.564458689E-05
360 2.228958631E-05 9.89856477E-21
360.2 2.232142857E-05 5.580357143E-05
360.4 2.235336195E-05 5.588340486E-05
360.6 2.238538682E-05 5.596346705E-05
360.8 2.241750359E-05 2.802187948E-05
361 2.244971264E-05 -6.777000091E-20
361.2 2.248201439E-05 -2.810251799E-05
361.4 2.251440922E-05 -7.498804651E-20
361.6 2.254689755E-05 8.45508658E-05
361.8 2.257947977E-05 -4.702887815E-20
362 2.26121563E-05 -2.826519537E-05
362.2 2.264492754E-05 -1.340268969E-20
362.4 1.133889695E-05 -2.834724238E-05
362.6 0 -2.838844477E-05
362.8 0 -2.84297671E-05
363 0 2.653970313E-20
363.2 0 0.0001140510949
363.4 0 8.566337719E-05
363.6 0 2.859626647E-05
363.8 0 0.0001145527859
364 0 0.0001147209985
364.2 0 8.616727941E-05
364.4 0 2.876472754E-05
364.6 0 2.880715339E-05
364.8 0 1.024947401E-20
365 0 -8.667714497E-05
365.2 0 -5.787037037E-05
365.4 0 -2.897811573E-05
365.6 0 -1.823766235E-20
365.8 0 -2.906436012E-05
366 0 -5.821535022E-05
366.2 0 -8.745335821E-05
366.4 0 2.074407744E-20
366.6 0 5.847679641E-05
366.8 0 2.928223388E-05
367 0 -4.167503846E-20
367.2 0 -2.937030075E-05
367.4 0 -2.941453313E-05
367.6 1.178355958E-05 -5.891779789E-05
367.8 1.180135952E-05 -5.900679758E-05
368 1.181921331E-05 -9.925920845E-20
368.2 1.183712121E-05 2.959280303E-05
368.4 1.185508346E-05 7.158808066E-20
368.6 1.18731003E-05 -5.936550152E-05
368.8 1.189117199E-05 -8.918378995E-05
369 1.190929878E-05 -5.95464939E-05
369.2 1.192748092E-05 -8.945610687E-05
369.4 1.194571865E-05 -5.972859327E-05
369.6 1.196401225E-05 -2.656544374E-20
369.8 0 -8.986771472E-05
370 0 -0.0002100134409
370.2 0 -0.0001201923077
370.4 0 -3.009437596E-05
370.6 1.205632716E-05 -9.04224537E-05
370.8 1.207496136E-05 -3.01874034E-05
371 0 3.023413313E-05
371.2 0 3.028100775E-05
371.4 0 -1.616201996E-20
371.6 0 -3.03751944E-05
371.8 0 -3.042250779E-05
372 0 -3.04699688E-05
372.2 0 -3.257214989E-20
372.4 0 -3.902670441E-20
372.6 0 -2.294169385E-20
372.8 0 -3.066130298E-05
373 1.228380503E-05 -0.0001228380503
373.2 2.460629921E-05 -0.0001230314961
373.4 3.696766562E-05 -6.161277603E-05
373.6 4.936808847E-05 -6.171011058E-05
373.8 6.180775316E-05 -9.271162975E-05
374 7.428684628E-05 -6.120619893E-21
374.2 7.44047619E-05 -3.100198413E-05
374.4 7.452305246E-05 -0.0001863076312
374.6 7.464171975E-05 -9.330214968E-05
374.8 6.230063796E-05 -9.345095694E-05
375 6.240015974E-05 -9.360023962E-05
375.2 5E-05 -9.50033665E-20
375.4 5.008012821E-05 3.130008013E-05
375.6 5.016051364E-05 3.135032103E-05
375.8 3.768086817E-05 -8.83013549E-20
376 2.51610306E-05 -3.145128824E-05
376.2 2.52016129E-05 -3.150201613E-05
376.4 1.262116317E-05 3.155290792E-05
376.6 0 6.32079288E-05
376.8 0 -3.11923219E-20
377 0 -3.170657468E-05
377.2 0 -3.175813008E-05
377.4 1.272394137E-05 -9.542956026E-05
377.6 1.274469821E-05 -3.186174551E-05
377.8 1.276552288E-05 -6.220945895E-20
378 1.278641571E-05 -9.589811784E-05
378.2 1.280737705E-05 5.959226943E-20
378.4 1.282840722E-05 3.207101806E-05
378.6 1.284950658E-05 -6.424753289E-05
378.8 1.287067545E-05 -3.217668863E-05
379 1.289191419E-05 -6.445957096E-05
379.2 1.291322314E-05 -6.45661157E-05
379.4 1.293460265E-05 -2.882982321E-20
379.6 0 -8.972813356E-20
379.8 1.297757475E-05 -2.663593371E-20
380 1.299916805E-05 -2.998760404E-20
380.2 0 -1.137818836E-19
380.4 0 -3.260642738E-05
380.6 0 -9.019539237E-20
380.8 0 3.271566164E-05
381 0 -3.277055369E-05
381.2 0 -1.069329561E-19
381.4 0 6.576178451E-05
381.6 0 3.293634064E-05
381.8 0 4.388518181E-20
382 0 7.958689533E-21
382.2 0 2.04924887E-20
382.4 0 -7.264645152E-21
382.6 0 3.321641156E-05
382.8 0 -4.82634939E-21
383 0 -2.401390278E-20
383.2 0 -3.338675214E-05
383.4 0 -0.0001003317637
383.6 0 -3.350128645E-05
383.8 0 5.518911743E-20
384 1.344664372E-05 -1.484802169E-20
384.2 1.346982759E-05 -3.896498436E-20
384.4 0 -3.508707823E-21
384.6 0 1.420550861E-20
384.8 0 -1.242834401E-20
385 0 -2.425252467E-20
385.2 0 8.425309493E-20
385.4 0 7.015974448E-20
385.6 0 1.864744844E-20
385.8 0 -1.216050083E-20
386 0 8.695770967E-20
386.2 0 3.426535088E-05
386.4 0 3.432557118E-05
386.6 0 -4.073464491E-20
386.8 1.377865961E-05 5.295615731E-20
387 2.760600707E-05 3.450750883E-05
387.2 2.765486726E-05 3.456858407E-05
387.4 2.770390071E-05 3.462987589E-05
387.6 2.775310835E-05 6.938277087E-05
387.8 2.78024911E-05 3.475311388E-05
388 2.785204991E-05 3.481506239E-05
388.2 2.790178571E-05 6.975446429E-05
388.4 2.795169946E-05 3.493962433E-05
388.6 2.800179211E-05 3.500224014E-05
388.8 1.402603232E-05 7.013016158E-05
389 0 3.512814748E-05
389.2 0 3.519144144E-05
389.4 0 7.05099278E-05
389.6 0 3.531871609E-05
389.8 0 -3.538269928E-05
390 0 4.903853409E-20
390.2 0 5.164224072E-20
390.4 0 -7.115209472E-05
390.6 1.425638686E-05 -3.564096715E-05
390.8 1.428244973E-05 -3.570612431E-05
391 2.861721612E-05 -7.154304029E-05
391.2 4.300458716E-05 -7.167431193E-05
391.4 5.744485294E-05 -7.180606618E-05
391.6 7.193830571E-05 -7.193830571E-05
391.8 8.648523985E-05 -3.603551661E-05
392 0.0001010859519 3.154401229E-20
392.2 0.0001157407407 9.285961744E-21
392.4 0.0001304499072 -3.582292017E-20
392.6 0.0001452137546 5.770358084E-20
392.8 0.0001600325885 1.893027587E-20
393 0.0001749067164 -1.014838763E-20
393.2 0.0001752336449 -1.384475805E-20
393.4 0.0001901919476 3.657537453E-05
393.6 0.0001905487805 7.32879925E-05
393.8 0.0001909069549 7.342575188E-05
394 0.0001912664783 7.356403013E-05
394.2 0.0001916273585 7.370283019E-05
394.4 0.000191989603 7.384215501E-05
394.6 0.0001923532197 7.398200758E-05
394.8 0.0001927182163 7.412239089E-05
395 0.0001930846008 3.713165399E-05
395.2 0.000193452381 0.0001116071429
395.4 0.0001938215649 0.0001863668893
395.6 0.0001941921606 0.0001120339388
395.8 0.0001945641762 0.0001122485632
396 0.00019493762 0.0001499520154
396.2 0.0001953125 0.0001502403846
396.4 0.0001956888247 0.0001505298651
396.6 0.0001960666023 0.0001131153475
396.8 0.0001964458414 7.555609284E-05
397 0.0001968265504 0.0001135537791
397.2 0.0001972087379 3.792475728E-05
397.4 0.0001975924125 -7.599708171E-05
397.6 0.0001979775828 -3.807261209E-05
397.8 0.0001831054688 -1.438582474E-20
398 0.0001681751468 3.822162427E-05
398.2 0.0001531862745 7.659313725E-05
398.4 0.0001381385069 7.674361493E-05
398.6 0.0001230314961 3.844734252E-05
398.8 0.0001078648915 7.704635108E-05
399 9.263833992E-05 0.0001157979249
399.2 7.735148515E-05 0.0001160272277
399.4 6.200396825E-05 0.0001162574405
399.6 4.659542744E-05 3.882952286E-05
399.8 3.112549801E-05 7.781374502E-05
400 1.559381238E-05 -1.080361842E-19
400.2 0 -8.089315409E-20
400.4 0 -4.062037537E-20
400.6 0 -7.843875502E-05
400.8 0 -0.0001178948692
401 0 -0.0001181325605
401.2 0 -3.945707071E-05
401.4 0 -9.699040615E-20
401.6 0 3.961713996E-05
401.8 0 -6.476874498E-20
402 0 -3.734135147E-20
402.2 0 3.985969388E-05
402.4 0 -3.513161833E-20
402.6 0 -8.004610656E-05
402.8 0 -8.021047228E-05
403 0 -0.0001205632716
403.2 0 -0.0001208118557
403.4 0 -8.070764463E-05
403.6 0 -8.08747412E-05
403.8 0 -4.052126556E-05
404 0 -8.121101871E-05
404.2 0 -4.069010417E-05
404.4 0 -1.601939375E-19
404.6 1.634414226E-05 -8.17207113E-05
404.8 3.275681342E-05 -4.094601677E-05
405 3.282563025E-05 -4.103203782E-05
405.2 3.289473684E-05 -4.111842105E-05
405.4 3.296413502E-05 -4.120516878E-05
405.6 3.303382664E-05 -1.064142337E-19
405.8 3.310381356E-05 -5.536769654E-20
406 3.317409766E-05 -7.016115423E-20
406.2 1.662234043E-05 8.311170213E-05
406.4 0 -4.164445629E-05
406.6 1.669337607E-05 -0.0001252003205
406.8 3.345824411E-05 -1.817744086E-20
407 3.353004292E-05 -4.191255365E-05
407.2 3.360215054E-05 -8.400537634E-05
407.4 3.367456897E-05 4.753066959E-21
407.6 3.374730022E-05 4.218412527E-05
407.8 3.382034632E-05 -3.138415747E-20
408 3.389370933E-05 -4.236713666E-05
408.2 3.39673913E-05 -0.0001273777174
408.4 3.404139434E-05 -8.510348584E-05
408.6 3.411572052E-05 8.528930131E-05
408.8 3.419037199E-05 8.547592998E-05
409 3.426535088E-05 4.28316886E-05
409.2 3.434065934E-05 8.585164835E-05
409.4 3.441629956E-05 0.0001290611233
409.6 3.449227373E-05 0.0001293460265
409.8 3.456858407E-05 0.0001728429204
410 3.464523282E-05 8.661308204E-05
410.2 3.472222222E-05 -8.680555556E-05
410.4 3.479955457E-05 -0.0001739977728
410.6 3.487723214E-05 -0.0001307896205
410.8 3.495525727E-05 -0.0001310822148
411 3.503363229E-05 -4.379204036E-05
411.2 3.511235955E-05 -5.684841395E-20
411.4 3.519144144E-05 -8.79786036E-05
411.6 3.527088036E-05 -8.81772009E-05
411.8 3.535067873E-05 -8.837669683E-05
412 3.5430839E-05 4.428854875E-05
412.2 3.551136364E-05 4.438920455E-05
412.4 3.559225513E-05 -3.878740306E-20
412.6 3.567351598E-05 4.459189498E-05
412.8 3.575514874E-05 -1.459155202E-20
413 3.583715596E-05 4.479644495E-05
413.2 3.591954023E-05 4.489942529E-05
413.4 3.600230415E-05 -2.567154308E-20
413.6 3.608545035E-05 9.021362587E-05
413.8 3.616898148E-05 9.04224537E-05
414 3.625290023E-05 4.531612529E-05
414.2 3.63372093E-05 4.542151163E-05
414.4 3.642191142E-05 4.552738928E-05
414.6 3.650700935E-05 9.126752336E-05
414.8 3.659250585E-05 4.574063232E-05
415 3.667840376E-05 -5.276807965E-20
415.2 3.676470588E-05 -4.595588235E-05
415.4 3.685141509E-05 -4.606426887E-05
415.6 3.693853428E-05 -4.617316785E-05
415.8 3.702606635E-05 -9.996794324E-21
416 3.711401425E-05 4.639251781E-05
416.2 3.720238095E-05 4.650297619E-05
416.4 3.729116945E-05 4.661396181E-05
416.6 3.738038278E-05 9.345095694E-05
416.8 3.747002398E-05 0.0001405125899
417 1.878004808E-05 9.390024038E-05
417.2 0 9.412650602E-05
417.4 0 -8.380306647E-20
417.6 0 -4.729116223E-05
417.8 0 -4.74059466E-05
418 0 4.220738384E-20
418.2 0 -1.184689203E-19
418.4 0 -4.775366748E-05
418.6 0 1.105461039E-19
418.8 0 1.449154747E-19
419 0 1.538178452E-19
419.2 0 -4.822530864E-05
419.4 0 -9.668935644E-05
419.6 0 -9.69292804E-05
419.8 0 -9.717039801E-05
420 0 -9.74127182E-05
420.2 0 5.111313685E-20
420.4 0 9.790100251E-05
420.6 0 4.907349246E-05
420.8 0 4.919710327E-05
421 0 4.932133838E-05
421.2 0 -2.446546201E-20
421.4 0 -5.89555512E-20
421.6 0 -4.969783715E-05
421.8 0 -4.982461735E-05
422 0 4.995204604E-05
422.2 0 -1.844103667E-20
422.4 0 6.942974877E-20
422.6 0 9.568784945E-22
422.8 0 -1.1237434E-19
423 0 0.0001011981865
423.2 0 0.000101461039
423.4 0 -4.881614889E-20
423.6 0 -0.0001019908616
423.8 0 -1.089878624E-19
424 0 5.126312336E-05
424.2 0 1.004313591E-19
424.4 0 -5.153364116E-05
424.6 0 -8.260587981E-20
424.8 0 5.180702918E-05
425 2.077792553E-05 5.194481383E-05
425.2 4.166666667E-05 5.208333333E-05
425.4 6.26671123E-05 -0.0001044451872
425.6 8.378016086E-05 -0.0002094504021
425.8 0.0001050067204 -0.0001050067204
426 0.0001263477089 2.118905761E-20
426.2 0.0001478040541 -5.278716216E-05
426.4 0.0001693766938 -5.29302168E-05
426.6 0.0001910665761 5.307404891E-05
426.8 0.0002128746594 5.321866485E-05
427 0.0002348019126 3.791745303E-20
427.2 0.0002354452055 -5.351027397E-05
427.4 0.000236092033 -0.0001073145604
427.6 0.0002367424242 -0.0001076101928
427.8 0.0002373964088 -5.395372928E-05
428 0.0002596952909 -0.0001082063712
428.2 0.0002821180556 -0.0001085069444
428.4 0.0002829038997 -5.44045961E-05
428.6 0.0002836941341 -2.907357781E-20
428.8 0.0002844887955 -6.802837161E-20
429 0.0002852879213 -5.48630618E-05
429.2 0.0002860915493 -0.0001100352113
429.4 0.0002868997175 -0.0001103460452
429.6 0.0002655807365 -1.45793209E-19
429.8 0.0002663352273 4.751723543E-20
430 0.0002670940171 4.519327511E-20
430.2 0.0002678571429 5.580357143E-05
430.4 0.0002686246418 5.596346705E-05
430.6 0.0002693965517 7.777427216E-20
430.8 0.0002701729107 -8.075308668E-21
431 0.0002709537572 5.644869942E-05
431.2 0.0002717391304 5.661231884E-05
431.4 0.0002725290698 5.677688953E-05
431.6 0.0002733236152 5.694241983E-05
431.8 0.0002969663743 5.710891813E-05
432 0.0002978372434 5.727639296E-05
432.2 0.0002987132353 -5.744485294E-05
432.4 0.0002995943953 -5.761430678E-05
432.6 0.0002773668639 -0
432.8 0.000278189911 -5.795623145E-05
433 0.0003022693452 -5.812872024E-05
433.2 0.0003031716418 8.415679402E-20
433.4 0.0003040793413 -5.284602426E-20
433.6 0.0003049924925 -4.662371315E-20
433.8 0.0003059111446 3.68658364E-20
434 0.0003068353474 1.290441365E-19
434.2 0.0003077651515 2.028081582E-19
434.4 0.0003087006079 2.288697764E-20
434.6 0.0003096417683 -5.95464939E-05
434.8 0.000310588685 -0.0001194571865
435 0.000311541411 -5.991180982E-05
435.2 0.0003125 -3.686986242E-20
435.4 0.0002893518519 -6.02816358E-05
435.6 0.0002660603715 -0.0001209365325
435.8 0.0002426242236 1.189776884E-19
436 0.0002190420561 -1.114156307E-21
436.2 0.0001953125 -6.103515625E-05
436.4 0.0001714341693 -6.122648903E-05
436.6 0.0001474056604 -6.141902516E-05
436.8 0.0001232255521 1.58098528E-21
437 9.889240506E-05 -6.180775316E-05
437.2 7.44047619E-05 6.200396825E-05
437.4 4.97611465E-05 6.220143312E-05
437.6 4.99201278E-05 6.650697032E-20
437.8 5.008012821E-05 8.63641931E-20
438 5.024115756E-05 -6.280144695E-05
438.2 5.040322581E-05 1.007258793E-19
438.4 2.528317152E-05 2.777909131E-20
438.6 0 -0.0001268262987
438.8 0 -0.0002544788274
439 0 -0.0002553104575
439.2 0 -0.0001921106557
439.4 0 -6.424753289E-05
439.6 0 1.050562031E-19
439.8 0 -1.405006569E-20
440 0 -8.9333597E-20
440.2 0 -6.510416667E-05
440.4 0 -6.532190635E-05
440.6 0 -6.554110738E-05
440.8 0 -6.576178451E-05
441 0 1.771892428E-21
441.2 0 6.07936952E-20
441.4 0 -6.643282313E-05
441.6 0 -6.665955631E-05
441.8 0 -6.688784247E-05
442 0 -6.711769759E-05
442.2 0 9.281366181E-21
442.4 0 9.842368417E-20
442.6 0 -1.344216404E-19
442.8 0 -6.805313589E-05
443 0 -6.829108392E-05
443.2 0 -6.853070175E-05
443.4 0 -6.877200704E-05
443.6 2.760600707E-05 6.901501767E-05
443.8 0 6.925975177E-05
444 2.78024911E-05 2.329637979E-20
444.2 0 -2.348289487E-20
444.4 0 -7.000448029E-05
444.6 0 -7.025629496E-05
444.8 0 -1.537436074E-19
445 0 2.589869639E-19
445.2 0 -1.163934964E-19
445.4 0 -2.589973396E-20
445.6 0 -2.597609619E-20
445.8 0 -7.296400099E-20
446 0 3.801433196E-20
446.2 0 1.124845393E-19
446.4 0 -5.84782874E-20
446.6 0 -7.194541345E-20
446.8 0 -2.696920117E-20
447 0 -6.732399355E-20
447.2 0 -6.235024676E-20
447.4 0 -2.472613348E-19
447.6 0 -1.155689619E-19
447.8 0 1.898774173E-20
448 0 -5.768656189E-20
448.2 0 -2.864609831E-20
448.4 0 -4.359353962E-20
448.6 0 4.946069772E-20
448.8 0 6.950486191E-23
449 0 7.629394531E-05
449.2 0 -4.766082026E-20
449.4 0 -7.689468504E-05
449.6 3.087944664E-05 1.70699348E-20
449.8 3.100198413E-05 -1.011606848E-20
450 3.112549801E-05 3.803949681E-20
450.2 3.125E-05 1.181660435E-19
450.4 3.137550201E-05 7.252717031E-20
450.6 3.150201613E-05 -1.178026338E-19
450.8 3.162955466E-05 -1.418786502E-19
451 3.175813008E-05 -2.934556162E-19
451.2 3.18877551E-05 -1.482464368E-19
451.4 3.201844262E-05 -2.477650769E-19
451.6 3.215020576E-05 -1.578953643E-19
451.8 3.228305785E-05 -2.411272138E-19
452 3.241701245E-05 -1.02329762E-19
452.2 3.255208333E-05 -1.113762255E-19
452.4 3.268828452E-05 -1.365209799E-19
452.6 3.282563025E-05 -1.360837683E-19
452.8 3.296413502E-05 -1.352247396E-19
453 3.310381356E-05 -2.826749634E-20
453.2 3.324468085E-05 -6.746597953E-20
453.4 3.338675214E-05 3.821018747E-20
453.6 3.353004292E-05 6.951849222E-20
453.8 3.367456897E-05 -1.236100298E-19
454 3.382034632E-05 -1.67542117E-19
454.2 3.39673913E-05 -1.708951115E-19
454.4 3.411572052E-05 -2.069473205E-20
454.6 3.426535088E-05 9.037716583E-20
454.8 3.441629956E-05 6.131463398E-20
455 3.456858407E-05 1.795047725E-19
455.2 3.472222222E-05 -1.397986116E-19
455.4 3.487723214E-05 -9.564020609E-20
455.6 3.503363229E-05 -6.822645861E-20
455.8 3.519144144E-05 1.12050818E-20
456 3.535067873E-05 -2.771326543E-20
456.2 0 8.487577441E-20
456.4 3.567351598E-05 4.256327664E-20
456.6 3.583715596E-05 3.417842881E-21
456.8 3.600230415E-05 1.872512965E-19
457 3.616898148E-05 2.206610882E-19
457.2 3.63372093E-05 1.394820899E-19
457.4 3.650700935E-05 8.374075584E-20
457.6 3.667840376E-05 -1.803240239E-19
457.8 3.685141509E-05 3.447391704E-19
458 3.702606635E-05 9.391081881E-20
458.2 3.720238095E-05 2.846849051E-20
458.4 3.738038278E-05 -4.548160305E-20
458.6 3.756009615E-05 -5.768691511E-20
458.8 3.774154589E-05 1.093674104E-19
459 3.792475728E-05 -1.573426863E-19
459.2 3.81097561E-05 -5.346129911E-20
459.4 3.829656863E-05 1.73019484E-19
459.6 3.848522167E-05 1.143878994E-19
459.8 3.867574257E-05 -3.360452788E-21
460 3.88681592E-05 -8.792141324E-20
460.2 3.90625E-05 -1.849491676E-19
460.4 3.925879397E-05 -1.033602487E-19
460.6 0 9.864267677E-05
460.8 0 9.914340102E-05
461 0 9.964923469E-05
461.2 0 0.0002003205128
461.4 0 0.0001006765464
461.6 0 -1.372666209E-20
461.8 0 -6.297530032E-20
462 0 4.692592881E-20
462.2 0 1.378969162E-19
462.4 0 -2.282779766E-20
462.6 0 -1.356441464E-19
462.8 0 1.535170956E-19
463 0 1.15123135E-19
463.2 0 -1.450670623E-19
463.4 0 -1.638320782E-19
463.6 0 1.324395802E-19
463.8 0 -2.279893519E-20
464 0 -2.337666018E-19
464.2 0 6.04111556E-21
464.4 0 1.222051783E-19
464.6 0 -2.333100728E-19
464.8 0 -3.468746514E-20
465 0 8.02092399E-20
465.2 0 0.0001116071429
465.4 0 0.0001122485632
465.6 0 9.532402632E-20
465.8 0 -1.143346631E-19
466 0 -5.515248692E-20
466.2 0 0.0001148897059
466.4 0 0.0001155695266
466.6 0 -1.683729547E-20
466.8 0 -1.203853388E-19
467 0 8.845643524E-20
467.2 0 0.0001183712121
467.4 0 -3.788756683E-19
467.6 0 -0.0001198236196
467.8 0 -1.617006705E-19
468 0 -0.0001213121118
468.2 0 -0.0001220703125
468.4 0 -0.0001228380503
468.6 0 -1.164849395E-19
468.8 0 0.0001244028662
469 0 -0.0001252003205
469.2 0 -0.0001260080645
469.4 0 -1.196735336E-19
469.6 0 2.694152013E-19
469.8 0 1.443730025E-19
470 0 0.0001293460265
470.2 0 0.0001302083333
470.4 0 5.316919406E-20
470.6 0 9.492097827E-20
470.8 0 -9.658825284E-20
471 0 1.657507132E-19
471.2 0 3.120468612E-19
471.4 0 -1.135713866E-19
471.6 0 -1.163037151E-19
471.8 0 0.0001375440141
472 0 0.0002770390071
472.2 0 0.0002790178571
472.4 0 0.0002810251799
472.6 0 0.0002830615942
472.8 0 0.0002851277372
473 0 0.0004308363971
473.2 0 0.0004340277778
473.4 0 0.000437266791
473.6 0 0.0004405545113
473.8 0 0.0002959280303
474 0 0.0001490935115
474.2 0 0.0001502403846
474.4 0 0.0003028100775
474.6 0 0.0001525878906
474.8 0 -9.529919511E-20
475 0 8.197701591E-20
475.2 0 -0.00015625
475.4 0 -0.0004725302419
475.6 0 -0.0004763719512
475.8 0 -0.0003201844262
476 0 -0.0003228305785
476.2 0 -0.0001627604167
476.4 0 -0.0001641281513
476.6 0 -0.0003310381356
476.8 0 -0.0005008012821
477 0 -0.0005051185345
477.2 0 -0.000339673913
477.4 0 -0.0001713267544
477.6 0 -0.0001728429204
477.8 0 -0.0003487723214
478 0 -0.0001759572072
478.2 0 1.441316594E-19
478.4 0 3.22029564E-19
478.6 0 6.292101804E-20
478.8 0 1.027628959E-19
479 0 -1.258869278E-19
479.2 0 2.808052835E-19
479.4 0 -7.70424978E-20
479.6 0 1.052477595E-19
479.8 0 6.18116463E-19
480 0 5.810267335E-19
480.2 0 2.366128636E-19
480.4 0 1.161836565E-19
480.6 0 7.706438933E-20
480.8 0 9.497709538E-20
481 0 -4.232952988E-19
481.2 0 1.709812818E-19
481.4 0 2.472604011E-19
481.6 0 8.564904865E-20
481.8 0 7.775419615E-20
482 0 1.025326863E-19
482.2 0 7.698311587E-20
482.4 0 -7.114590202E-20
482.6 0 -3.086930872E-19
482.8 0 -4.729774496E-19
483 0 -2.375094561E-19
483.2 0 8.961350217E-20
483.4 0 -6.316549197E-19
483.6 0 -1.229308503E-19
483.8 0 3.926685083E-19
484 0 -2.074528147E-19
484.2 0 -4.994413399E-19
484.4 0 -5.156199614E-21
484.6 0 3.646103389E-19
484.8 0 6.858452226E-20
485 0 -3.816335764E-19
485.2 0 -2.576990815E-20
485.4 0 4.555142034E-20
485.6 0 -1.211737337E-19
485.8 0 -4.715534279E-20
486 0 3.408307616E-19
486.2 0 3.821539061E-19
486.4 0 2.566374344E-20
486.6 0 7.135499753E-20
486.8 0 4.395773779E-19
487 0 3.313904424E-20
487.2 0 -3.542035662E-19
487.4 0 2.775766151E-19
487.6 0 1.223379395E-19
487.8 0 2.167368494E-19
488 0 4.67962955E-19
488.2 0 -3.884102686E-19
488.4 0 3.635859362E-19
488.6 0 2.329437708E-19
488.8 0 -1.119783874E-19
489 0 -6.693438383E-20
489.2 0 -1.145562163E-19
489.4 0 4.173191011E-20
489.6 0 -3.186493484E-19
489.8 0 -3.247862447E-19
490 0 3.622384187E-19
490.2 0 4.663448484E-19
490.4 0 -5.29536225E-19
490.6 0 -2.733068369E-19
490.8 0 -1.284326252E-19
491 0 -4.790445982E-19
491.2 0 8.941642126E-19
491.4 0 2.25911686E-19
491.6 0 3.748339062E-19
491.8 0 1.372809973E-19
492 0 -3.249064185E-19
492.2 0 4.846499656E-19
492.4 0 -5.496570638E-19
492.6 0 5.651259387E-19
492.8 0 4.754463588E-19
493 0 -4.162717589E-19
493.2 0 8.084731142E-19
493.4 0 1.24368009E-18
493.6 0 -1.925544243E-19
493.8 0 -1.480103046E-20
494 0 7.016497447E-19
494.2 0 6.117507933E-19
494.4 0 1.744192925E-18
494.6 0 -7.922464497E-19
494.8 0 6.555949481E-19
495 0 2.494533534E-18
495.2 0 -1.058311808E-18
495.4 0 1.529650838E-19
495.6 0 2.207455631E-18
495.8 0 1.381102421E-18
496 0 3.636773258E-19
496.2 0 -2.67714028E-18
496.4 0 1.492080643E-18
496.6 0 3.462609427E-18
496.8 0 9.956504986E-19
497 0 -3.280216809E-18
497.2 0 1.978104386E-19
497.4 0 4.755281192E-19
497.6 0 7.174842401E-19
497.8 0 -1.192593132E-18
498 0 1.694261631E-18
498.2 0 5.405298764E-18
498.4 0 -4.276211159E-19
498.6 0 -1.317047622E-18
498.8 0 3.517312614E-18
499 0 8.386886707E-18
499.2 0 1.851066219E-18
499.4 0 -1.11680276E-19
499.6 0 6.625885756E-18
499.8 0 8.472435342E-18
500 0 -5.769485608E-18
