0 0.007409536186 -0.0001639969012
0.2 0.00655 0.00134375
0.4 0.006171218487 0.0003595188075
0.6 0.005842173739 0.0004378502802
0.8 0.00559734181 0.0003519848819
1 0.005361703726 0.000242575621
1.2 0.005163451904 0.0002191883768
1.4 0.004961908581 0.0002271075581
1.6 0.004785273767 0.0002115297834
1.8 0.004617902287 0.0002351274077
2 0.004450396427 0.0001881774388
2.2 0.004301581325 0.0001804091365
2.4 0.004184034753 0.0002746459421
2.6 0.004034992966 0.0001727039791
2.8 0.003926668677 2.356001206E-05
3 0.003821399839 7.070846742E-05
3.2 0.003703470825 6.287726358E-05
3.4 0.003588591989 7.862822061E-06
3.6 0.00350193818 0.0001809177406
3.8 0.003367999597 0.0002360747381
4 0.003249697703 0.0001180849456
4.2 0.003162802419 9.450604839E-05
4.4 0.003063231142 7.87868092E-06
4.6 0.002973037732 -1.245210619E-20
4.8 0.002867001413 0.0001340457206
5 0.002767190024 7.099404281E-05
5.2 0.002676767677 -1.578282828E-05
5.4 0.002567325182 3.94730194E-05
5.6 0.002486226243 3.15911848E-05
5.8 0.002405061691 2.37029733E-05
6 0.00232699312 0.0001106586402
6.2 0.00223937247 0.00011861083
6.4 0.002158009316 3.955295666E-05
6.6 0.002082911264 3.165518639E-05
6.8 0.002014085934 7.917004459E-06
7 0.001951540957 2.653612809E-20
7.2 0.001885775862 6.338742394E-05
7.4 0.001813616071 7.926643669E-05
7.6 0.001738225741 -7.929861957E-06
7.8 0.001684986799 7.933082859E-06
8 0.001631704592 1.587261276E-05
8.2 0.001575203252 -3.96976626E-05
8.4 0.00150594754 7.942761285E-06
8.6 0.001439813873 4.767595606E-05
8.8 0.001389524827 5.564458689E-05
9 0.001336013844 7.15721702E-05
9.2 0.001288823829 7.160132383E-05
9.4 0.001251146088 3.183577832E-05
9.6 0.00122617713 2.388656747E-05
9.8 0.001188443108 5.575805465E-05
10 0.001144303346 -1.009679796E-20
10.2 0.001100127551 -1.594387755E-05
10.4 0.00106867599 1.595038791E-05
10.6 0.001030815972 5.584916258E-05
10.8 0.0009897323253 -7.981712301E-06
11 0.0009486150859 -4.790985282E-05
11.2 0.0009106595092 3.994120654E-05
11.4 0.0008662796645 4.794905892E-05
11.6 0.0008282593123 -6.395824806E-05
11.8 0.0007998054873 -0.0001439649877
12 0.0007617267513 -6.401065137E-05
12.2 0.0007268186475 5.603227459E-05
12.4 0.0006918819188 0.0001121104961
12.6 0.0006601210008 7.210059475E-05
12.8 0.0006251282314 -1.602892901E-05
13 0.0006061422414 1.603550903E-05
13.2 0.0005775154004 -1.077968567E-20
13.4 0.0005617039852 -8.024342646E-05
13.6 0.0005394574599 -5.619348541E-05
13.8 0.0005204050164 -7.227847451E-05
14 0.0005045505965 -5.623971617E-05
14.2 0.0004886831276 -6.430041152E-05
14.4 0.0004760189378 -0.0001045311857
14.6 0.0004569089786 -2.413251647E-05
14.8 0.0004313452822 6.437989287E-05
15 0.0004218621187 3.220321517E-05
15.2 0.000418814433 -2.416237113E-05
15.4 0.0004157642327 -4.834467822E-05
15.6 0.0004094872059 -9.672926125E-05
15.8 0.0003999793559 -4.032049959E-05
16 0.0003872366791 -7.260687732E-05
16.2 0.0003744834711 -0.0001291322314
16.4 0.0003584900785 -8.074100868E-05
16.6 0.0003489454094 -8.885184036E-05
16.8 0.0003393928424 -0.0001212117294
17 0.0003298323675 -8.084126656E-05
17.2 0.0003170289855 -5.661231884E-05
17.4 0.0003009786661 -8.090824358E-05
17.6 0.0002946280564 -4.047088686E-05
17.8 0.0002623600746 -0.0001295605307
18 0.0002559881792 -0.0001377151597
18.2 0.0002398858921 1.620850622E-05
18.4 0.0002302563304 8.107617269E-06
18.6 0.0002206187708 -5.677688953E-05
18.8 0.0002109732032 -0.0001054866016
19 0.0002013196176 -0.0001623545303
19.2 0.0001949064449 -0.0001543009356
19.4 0.0001917377288 -8.936928037E-05
19.6 0.0001950686642 -8.940647108E-05
19.8 0.0001886448793 -0.0001463624063
20 0.000185469596 -0.0001057502082
20.2 0.0001822916667 -4.8828125E-05
20.4 0.0001823676532 -4.884847853E-05
20.6 0.0001791857798 -8.885491675E-22
20.8 0.0001760012516 8.148206091E-06
21 0.0001695534224 -6.521285476E-05
21.2 0.0001663622129 -3.262004175E-05
21.4 0.0001533782373 -3.26336675E-05
21.6 0.0001501776013 -5.713278312E-05
21.8 0.0001404420987 -2.449571488E-05
22 0.0001405008365 -2.450595985E-05
22.2 0.000137290795 -8.17207113E-06
22.4 0.0001406184596 -6.54039347E-05
22.6 0.0001406773451 -0.0001472204774
22.8 0.0001374633431 -8.182341852E-05
23 0.0001342466471 -4.911462699E-05
23.2 0.0001310272537 -4.913522013E-05
23.4 0.000124528104 -6.554110738E-05
23.6 0.0001245803609 -4.917645825E-05
23.8 0.0001180730479 1.913512147E-20
24 0.0001148414532 -6.562368753E-05
24.2 0.0001116071429 -9.847689076E-05
24.4 0.0001116540563 -9.851828499E-05
24.6 0.0001018450378 -9.034640454E-05
24.8 9.860117796E-05 -1.643352966E-05
25 8.549031987E-05 8.220223064E-06
25.2 7.894736842E-05 -4.203640684E-21
25.4 7.568976411E-05 -3.290859309E-05
25.6 7.572166035E-05 -8.230615255E-05
25.8 7.575358347E-05 -4.940451096E-05
26 6.590046394E-05 -2.471267398E-05
26.2 6.592827004E-05 -8.241033755E-05
26.4 6.595609962E-05 -4.946707472E-05
26.6 6.268475507E-05 -1.425345741E-20
26.8 6.271123785E-05 -4.125739332E-05
27 5.943575655E-05 -3.301986475E-05
27.2 5.285412262E-05 -2.180208759E-21
27.4 4.957170051E-05 -1.652390017E-05
27.6 4.628650021E-05 1.653089293E-05
27.8 4.630609653E-05 8.268945809E-06
28 4.632570945E-05 2.481734435E-05
28.2 3.972457627E-05 8.27595339E-06
28.4 3.64296312E-05 -8.279461636E-06
28.6 3.644508058E-05 3.313189143E-05
28.8 3.646054306E-05 4.14324353E-05
29 3.316001698E-05 4.145002122E-05
29.2 2.98566879E-05 -4.146762208E-05
29.4 2.986937128E-05 -4.978228547E-05
29.6 2.656183595E-05 6.442409286E-22
29.8 2.657312925E-05 2.491230867E-05
30 2.990748618E-05 -3.32305402E-05
30.2 2.659574468E-05 -5.817819149E-05
30.4 2.660706684E-05 -2.494412516E-05
30.6 1.996379898E-05 -8.318249574E-06
30.8 1.331487005E-05 -4.273952477E-21
31 9.990409207E-06 -6.285229985E-21
31.2 1.665778252E-05 -1.665778252E-05
31.4 1.666488908E-05 -7.499200085E-05
31.6 1.667200171E-05 -7.502400768E-05
31.8 1.667912041E-05 1.667912041E-05
32 1.334899616E-05 1.668624519E-05
32.2 1.669337607E-05 -5.842681624E-05
32.4 2.338071826E-05 8.35025652E-06
32.6 2.004918734E-05 -8.353828058E-06
32.8 2.005776637E-05 -7.521662388E-05
33 1.672196062E-05 -2.508294092E-05
33.2 1.672912206E-05 -2.509368308E-05
33.4 1.338903171E-05 -6.694515853E-05
33.6 1.674346335E-05 -4.185865838E-05
33.8 1.675064322E-05 8.375321612E-06
34 2.010939511E-05 -2.513674389E-05
34.2 1.676502146E-05 -4.191255365E-05
34.4 1.677221984E-05 -2.402096698E-21
34.6 1.342353952E-05 4.1948561E-05
34.8 1.678663515E-05 -8.393317576E-06
35 1.679385211E-05 -5.038155632E-05
35.2 1.344086022E-05 4.200268817E-05
35.4 1.680830465E-05 7.563737091E-05
35.6 1.681554025E-05 -2.628318579E-20
35.8 1.682278208E-05 -1.682278208E-05
36 1.346402413E-05 -5.890510556E-05
36.2 1.683728448E-05 -9.260506466E-05
36.4 1.010672704E-05 -0.0001010672704
36.6 1.348144953E-05 -3.370362381E-05
36.8 1.348726802E-05 1.685908502E-05
37 1.349309154E-05 -8.433182211E-06
37.2 1.349892009E-05 -4.218412527E-05
37.4 1.688094209E-05 -8.440471046E-05
37.6 1.35105923E-05 -2.533236057E-05
37.8 1.689554498E-05 -5.873813534E-21
38 2.028342709E-05 -4.225713977E-05
38.2 2.367424242E-05 -8.45508658E-06
38.4 3.045149415E-05 2.537624513E-05
38.6 3.723461872E-05 8.462413345E-06
38.8 4.063719116E-05 -1.052622462E-20
39 4.404271466E-05 -8.469752819E-06
39.2 4.745119306E-05 -3.389370933E-05
39.4 5.425347222E-05 -8.477105035E-06
39.6 5.766934433E-05 1.696157186E-05
39.8 6.44819722E-05 -1.435841538E-20
40 6.790525858E-05 5.092894394E-05
40.2 6.793478261E-05 9.341032609E-05
40.4 7.136254893E-05 4.24777077E-05
40.6 7.139360313E-05 -8.499238468E-06
40.8 7.142468437E-05 1.700587723E-05
41 6.805313589E-05 2.551992596E-05
41.2 7.489106754E-05 -2.553104575E-05
41.4 7.151809067E-05 -2.554217524E-05
41.6 7.495638901E-05 -1.523772747E-20
41.8 7.839768761E-05 4.260743892E-05
42 6.820165866E-05 8.525207333E-06
42.2 6.823144105E-05 -5.970251092E-05
42.4 6.484818698E-05 -1.706531236E-05
42.6 6.487652972E-05 -2.442482818E-20
42.8 6.148885002E-05 -1.899128259E-20
43 6.151574803E-05 2.563156168E-05
43.2 5.470459519E-05 1.7095186E-05
43.4 5.814908056E-05 -4.275667688E-05
43.6 6.159658344E-05 -3.422032413E-05
43.8 6.847063979E-05 -3.423531989E-05
44 7.192569049E-05 -3.42503288E-05
44.2 7.538377193E-05 1.713267544E-05
44.4 7.54168495E-05 -2.637193583E-20
44.6 7.887949956E-05 -1.71477173E-05
44.8 7.548309179E-05 -1.160339128E-20
45 7.894881371E-05 8.581392794E-06
45.2 7.554945055E-05 -2.575549451E-05
45.4 7.901824978E-05 -8.588940193E-06
45.6 7.905301364E-05 1.718543775E-05
45.8 7.90878081E-05 -2.578950264E-05
46 7.568251871E-05 -3.440114487E-05
46.2 7.227422907E-05 -4.302037445E-05
46.4 6.886293521E-05 -1.72157338E-05
46.6 6.544863316E-05 8.611662257E-06
46.8 6.203131892E-05 8.615460962E-06
47 5.861098853E-05 -2.585778906E-05
47.2 5.518763797E-05 -6.036147903E-05
47.4 4.831051237E-05 8.626877208E-06
47.6 4.142730888E-05 8.63068935E-06
47.8 4.144562334E-05 -2.590351459E-05
48 3.80086245E-05 -1.72766475E-05
48.2 3.802544248E-05 -5.185287611E-05
48.4 3.804227534E-05 -8.645971669E-05
48.6 3.805912312E-05 -5.189880425E-05
48.8 3.807598582E-05 -6.057543199E-05
49 3.809286348E-05 -6.06022828E-05
49.2 3.81097561E-05 1.732261641E-05
49.4 3.466060337E-05 8.665150843E-06
49.6 3.120838881E-05 8.668996893E-06
49.8 2.42839698E-05 -1.424133491E-20
50 2.429475789E-05 -2.603009773E-05
50.2 2.083333333E-05 8.680555556E-06
50.4 2.084259671E-05 -4.342207648E-05
50.6 2.432717972E-05 -4.344139235E-05
50.8 2.433800623E-05 -6.832355479E-21
51 2.087043633E-05 -8.696015138E-06
51.2 2.087973274E-05 2.456481381E-21
51.4 2.088903743E-05 -1.740753119E-05
51.6 2.089835042E-05 -1.741529202E-05
51.8 2.090767172E-05 -3.484611954E-05
52 2.091700134E-05 -4.357708612E-05
52.2 2.092633929E-05 -3.487723214E-05
52.4 2.093568557E-05 1.744640464E-05
52.6 1.745420018E-05 5.236260054E-05
52.8 1.396960215E-05 2.047237361E-20
53 1.04818873E-05 -8.734906082E-06
53.2 6.991051454E-06 8.738814318E-06
53.4 6.994180842E-06 -2.622817816E-05
53.6 6.997313032E-06 -4.373320645E-05
53.8 7.000448029E-06 -8.750560036E-06
54 7.003585836E-06 8.754482295E-06
54.2 3.503363229E-06 8.758408072E-06
54.4 7.009869897E-06 4.179998339E-21
54.6 7.013016158E-06 -3.506508079E-05
54.8 7.016165245E-06 -4.385103278E-05
55 7.019317161E-06 -2.632243935E-05
55.2 7.02247191E-06 -3.511235955E-05
55.4 3.512814748E-06 -7.025629496E-05
55.6 7.028789924E-06 -5.271592443E-05
55.8 1.054792979E-05 -2.636982448E-05
56 1.055267897E-05 1.758779829E-05
56.2 1.055743243E-05 8.79786036E-05
56.4 1.056219018E-05 3.520730059E-05
56.6 1.056695221E-05 -2.641738052E-05
56.8 1.057171854E-05 -8.809765449E-06
57 7.05099278E-06 -1.762748195E-05
57.2 7.054176072E-06 -2.645316027E-05
57.4 7.05736224E-06 -1.76434056E-05
57.6 7.060551288E-06 5.085053087E-23
57.8 7.063743219E-06 8.829679024E-06
58 7.066938037E-06 2.650101764E-05
58.2 7.070135747E-06 1.767533937E-05
58.4 7.073336351E-06 -8.841670439E-06
58.6 7.076539855E-06 1.769134964E-05
58.8 7.079746262E-06 6.194777979E-05
59 7.082955576E-06 3.541477788E-05
59.2 7.0861678E-06 -1.873199318E-20
59.4 7.08938294E-06 2.658518603E-05
59.6 7.092600999E-06 8.865751248E-06
59.8 7.09582198E-06 1.773955495E-05
60 7.099045888E-06 2.662142208E-05
60.2 7.102272727E-06 1.775568182E-05
60.4 3.552751251E-06 -2.664563438E-05
60.6 3.554367607E-06 -7.108735214E-05
60.8 7.111970869E-06 -3.555985435E-05
61 7.115209472E-06 8.89401184E-06
61.2 1.067767654E-05 1.779612756E-05
61.4 1.424339107E-05 8.865354136E-21
61.6 1.78123575E-05 -2.671853625E-05
61.8 1.782048358E-05 -1.782048358E-05
62 1.782861707E-05 1.782861707E-05
62.2 1.783675799E-05 1.783675799E-05
62.4 1.784490635E-05 8.922453175E-06
62.6 1.785306216E-05 3.570612431E-05
62.8 1.786122542E-05 3.572245085E-05
63 1.786939616E-05 1.786939616E-05
63.2 1.787757437E-05 2.681636156E-05
63.4 1.788576007E-05 -8.942880037E-06
63.6 1.789395328E-05 -8.946976638E-06
63.8 1.790215399E-05 1.790215399E-05
64 2.149243466E-05 3.582072444E-05
64.2 2.508600917E-05 2.687786697E-05
64.4 2.50975218E-05 8.963400642E-06
64.6 2.5109045E-05 1.119250901E-21
64.8 2.512057878E-05 -2.691490583E-05
65 2.513212316E-05 -3.590303309E-05
65.2 2.514367816E-05 -3.591954023E-05
65.4 2.515524379E-05 -2.695204692E-05
65.6 2.516682006E-05 5.162586418E-21
65.8 2.5178407E-05 8.992288214E-06
66 2.519000461E-05 2.698929065E-05
66.2 2.52016129E-05 2.700172811E-05
66.4 2.52132319E-05 -1.800945136E-05
66.6 2.522486162E-05 -1.80177583E-05
66.8 2.523650208E-05 1.802607291E-05
67 2.524815328E-05 -1.80343952E-05
67.2 2.886836028E-05 -1.804272517E-05
67.4 2.888170055E-05 2.793293855E-20
67.6 3.250693481E-05 -6.32079288E-05
67.8 3.974907493E-05 -7.227104533E-05
68 3.976746876E-05 -3.615224433E-05
68.2 3.978587963E-05 -2.712673611E-05
68.4 3.980430755E-05 -5.42786012E-05
68.6 3.982275255E-05 -5.430375348E-05
68.8 3.984121465E-05 -5.432892907E-05
69 3.985969388E-05 -5.435412801E-05
69.2 3.987819026E-05 -2.718967517E-05
69.4 3.989670381E-05 -1.813486537E-05
69.6 3.628657687E-05 -1.814328843E-05
69.8 3.630343866E-05 -9.075859665E-06
70 3.268828452E-05 -9.080079033E-06
70.2 2.543604651E-05 3.63372093E-05
70.4 1.81770591E-05 2.726558865E-05
70.6 1.454841713E-05 -4.546380354E-05
70.8 1.819399162E-05 -6.367897066E-05
71 2.184296365E-05 -7.280987884E-05
71.2 2.5495338E-05 -6.373834499E-05
71.4 3.279500933E-05 -2.732917444E-05
71.6 3.281031265E-05 1.822795147E-05
71.8 2.553104575E-05 1.199978216E-20
72 2.189397478E-05 -2.736746847E-05
72.2 2.190420561E-05 -1.462429896E-20
72.4 2.556685367E-05 -2.73930575E-05
72.6 2.557881197E-05 -3.654115996E-05
72.8 2.559078147E-05 -9.13956481E-06
73 2.560276217E-05 -9.574486428E-22
73.2 2.195550351E-05 4.574063232E-05
73.4 1.464386129E-05 2.745723993E-05
73.6 1.098804501E-05 2.747011252E-05
73.8 7.32879925E-06 2.748299719E-05
74 3.666119193E-06 -1.833059596E-05
74.2 3.667840376E-06 -2.750880282E-05
74.4 3.669563175E-06 1.834781588E-05
74.6 7.342575188E-06 9.178218985E-06
74.8 7.346027268E-06 -2.052260461E-20
75 7.349482596E-06 4.593426623E-05
75.2 7.352941176E-06 3.676470588E-05
75.4 7.356403013E-06 4.597751883E-05
75.6 1.103980217E-05 1.839967028E-05
75.8 1.472667295E-05 9.204170594E-06
76 1.841702027E-05 3.683404055E-05
76.2 1.842570755E-05 -6.716287608E-21
76.4 1.474752242E-05 -1.843440302E-05
76.6 1.106586402E-05 2.766466006E-05
76.8 7.380727444E-06 4.612954653E-05
77 3.69210775E-06 -2.769080813E-05
77.2 3.693853428E-06 -9.23463357E-06
77.4 3.695600757E-06 5.543401135E-05
77.6 3.69734974E-06 1.84867487E-05
77.8 3.699100379E-06 -9.247750947E-06
78 3.700852676E-06 -9.252131691E-06
78.2 3.702606635E-06 9.256516588E-06
78.4 3.704362257E-06 1.852181128E-05
78.6 0 3.390770498E-21
78.8 0 -1.85393925E-05
79 0 2.812826571E-21
79.2 0 -2.783551069E-05
79.4 0 -2.784874049E-05
79.6 0 -9.287327627E-06
79.8 3.716698382E-06 -3.716698382E-05
80 3.718467396E-06 -5.577701095E-05
80.2 3.720238095E-06 -2.790178571E-05
80.4 0 -5.461312659E-22
80.6 0 -9.309461392E-06
80.8 0 9.313900811E-06
81 0 4.659172233E-05
81.2 0 6.525954654E-05
81.4 0 2.798173352E-05
81.6 0 1.866340182E-05
81.8 0 3.734464627E-05
82 0 5.604375897E-05
82.2 0 1.869019139E-05
82.4 0 -2.804870752E-05
82.6 0 -6.978772605E-21
82.8 0 2.807558697E-05
83 0 6.554110738E-05
83.2 0 3.747002398E-05
83.4 0 -2.811600288E-05
83.6 0 2.551845434E-20
83.8 0 3.752401537E-05
84 0 1.900610055E-20
84.2 0 -8.340016711E-22
84.4 0 3.757816258E-05
84.6 0 2.237275705E-20
84.8 0 2.821076071E-05
85 0 7.526493256E-05
85.2 0 4.706325301E-05
85.4 0 1.883437801E-05
85.6 0 -1.884346358E-05
85.8 0 -9.426278958E-06
86 0 4.715415258E-05
86.2 0 4.717693237E-05
86.4 0 9.439946834E-06
86.6 0 9.444511605E-06
86.8 0 1.889816159E-05
87 0 -1.890730881E-05
87.2 0 3.342468493E-21
87.4 0 5.677688953E-05
87.6 0 -2.010828687E-20
87.8 0 -1.894398642E-05
88 0 1.895317807E-05
88.2 0 1.896237864E-05
88.4 0 -1.516513966E-20
88.6 0 -9.490403304E-06
88.8 0 -9.495017015E-06
89 0 -2.849890564E-05
89.2 0 9.504257908E-06
89.4 0 3.803554041E-05
89.6 3.805406722E-06 9.513516805E-06
89.8 3.807261209E-06 -1.722535554E-20
90 0 -9.522793759E-06
90.2 3.81097561E-06 1.905487805E-05
90.4 1.143850659E-05 5.719253294E-05
90.6 1.525878906E-05 1.907348633E-05
90.8 1.526624328E-05 -3.816560821E-05
91 1.909213099E-05 -6.138531531E-21
91.2 1.910146699E-05 -9.550733496E-06
91.4 2.293297456E-05 1.587784074E-20
91.6 1.912016642E-05 7.648066569E-05
91.8 1.912952987E-05 9.564764936E-06
92 1.91389025E-05 -4.784725625E-05
92.2 1.914828431E-05 -5.744485294E-05
92.4 2.29892104E-05 -5.747302599E-05
92.6 2.683390579E-05 9.583537782E-06
92.8 3.068237604E-05 2.876472754E-05
93 3.069744597E-05 -1.918590373E-05
93.2 2.687346437E-05 -1.91953317E-05
93.4 2.304572271E-05 1.920476893E-05
93.6 2.305705853E-05 2.882132317E-05
93.8 2.306840551E-05 9.61183563E-06
94 2.692639094E-05 -9.616568193E-06
94.2 3.078817734E-05 1.288032901E-20
94.4 3.850418926E-05 -1.925209463E-05
94.6 4.23754931E-05 -1.926158777E-05
94.8 4.239639862E-05 3.854218056E-05
95 3.856120434E-05 1.928060217E-05
95.2 3.858024691E-05 2.893518519E-05
95.4 3.85993083E-05 9.649827075E-06
95.6 4.248022739E-05 -4.827298566E-05
95.8 4.636498516E-05 -2.897811573E-05
96 5.41192479E-05 -5.798490846E-05
96.2 5.801361386E-05 -2.900680693E-05
96.4 5.80423477E-05 -1.591696327E-20
96.6 5.807111001E-05 -4.839259167E-05
96.8 5.422657412E-05 -2.904995042E-05
97 5.425347222E-05 1.937624008E-05
97.2 5.040322581E-05 6.785049628E-05
97.4 5.042825223E-05 3.879096326E-05
97.6 5.045330353E-05 -9.702558371E-06
97.8 5.047837972E-05 3.882952286E-05
98 5.050348086E-05 7.769766285E-05
98.2 5.052860697E-05 9.717039801E-05
98.4 5.055375809E-05 8.7496889E-05
98.6 4.668824701E-05 -8.271046009E-22
98.8 4.281888391E-05 -9.731564524E-06
99 3.894566301E-05 1.947283151E-05
99.2 3.506857855E-05 1.948254364E-05
99.4 3.118762475E-05 -9.746132735E-06
99.6 3.120319521E-05 -9.750998502E-06
99.8 3.121878122E-05 2.926760739E-05
100 2.733008496E-05 -4.837826138E-21
100.2 3.125E-05 -2.9296875E-05
100.4 3.908204102E-05 -3.908204102E-05
100.6 4.692192192E-05 -2.93262012E-05
100.8 5.476965448E-05 1.956059089E-05
101 6.26252505E-05 3.914078156E-05
101.2 5.48245614E-05 2.937030075E-05
101.4 5.485205617E-05 -8.650119369E-21
101.6 5.879954842E-05 -4.899962368E-05
101.8 5.882906627E-05 -1.960968876E-05
102 5.101079859E-05 4.300632501E-21
102.2 5.103643216E-05 2.944409548E-05
102.4 5.891779789E-05 -9.819632981E-06
102.6 7.073692153E-05 -3.929828974E-05
102.8 7.863613488E-05 -3.931806744E-05
103 9.047708963E-05 -9.834466264E-06
103.2 9.445843829E-05 5.903652393E-05
103.4 9.84438004E-05 7.875504032E-05
103.6 9.455370651E-05 6.894541099E-05
103.8 9.854313824E-05 -2.956294147E-05
104 0.000106480313 -7.887430591E-05
104.2 0.0001144255051 -9.864267677E-06
104.4 0.0001144833249 2.960775644E-05
104.6 0.0001145412032 -9.874241658E-06
104.8 0.0001106474456 -9.879236216E-06
105 0.000106749747 2.965270749E-05
105.2 0.0001068037975 3.955696203E-05
105.4 0.0001108156028 4.947125127E-05
105.6 0.0001148314749 3.959706031E-05
105.8 0.0001188514199 -2.463096213E-20
106 0.0001149479959 -1.981861999E-05
106.2 0.0001150063452 -4.957170051E-05
106.4 0.0001230002539 -3.967750127E-05
106.6 0.0001270325203 -1.98488313E-05
106.8 0.0001270971022 -1.985892222E-05
107 0.0001271617497 1.98690234E-05
107.2 0.0001232506361 5.963740458E-05
107.4 0.0001193355397 9.94462831E-06
107.6 0.0001233762099 -1.989938869E-05
107.8 0.0001234390928 -9.954765545E-06
108 0.0001235020398 -9.959841917E-06
108.2 0.000123565051 -1.992984694E-05
108.4 0.0001196401225 -6.979007147E-05
108.6 0.0001236912666 -5.985061287E-05
108.8 0.0001197623914 -3.992079714E-05
109 0.0001198236196 -5.991180982E-05
109.2 0.0001158887468 -5.994245524E-05
109.4 0.0001119498465 -6.996865404E-05
109.6 0.0001080069124 -5.00032002E-05
109.8 0.0001080622439 -3.001728996E-05
110 0.0001121219887 -2.00217837E-05
110.2 0.0001121794872 -1.001602564E-05
110.4 0.0001162455105 -2.00423294E-05
110.6 0.0001203157084 4.23775263E-21
110.8 0.0001203775039 2.006291731E-05
111 0.0001204393628 -2.007322713E-05
111.2 0.0001205012853 -2.008354756E-05
111.4 0.0001205632716 1.00469393E-05
111.6 0.0001206253217 3.015633042E-05
111.8 0.0001206874356 5.028643151E-05
112 0.0001167246265 -6.03748068E-05
112.2 0.0001208118557 -0.0001006765464
112.4 0.0001208741619 -7.05099278E-05
112.6 0.0001169053148 -7.054631063E-05
112.8 0.0001129323696 -5.041623645E-05
113 0.0001089553202 -5.044227789E-05
113.2 0.0001090116279 -1.009366925E-05
113.4 0.0001050284385 2.019777663E-05
113.6 0.0001010411278 -1.010411278E-05
113.8 9.704968944E-05 -2.02186853E-05
114 9.305411704E-05 1.011457794E-05
114.2 8.905440415E-05 2.726255622E-20
114.4 8.910057024E-05 -5.496100471E-21
114.6 8.509465768E-05 -1.91636009E-20
114.8 8.108458744E-05 -2.027114686E-05
115 8.112668744E-05 -3.042250779E-05
115.2 7.711038961E-05 -4.058441558E-05
115.4 7.308991684E-05 -5.075688669E-05
115.6 6.50026001E-05 -3.04699688E-05
115.8 5.690686785E-05 1.016194069E-05
116 5.286959917E-05 -2.033446122E-05
116.2 5.289713542E-05 -7.120768229E-05
116.4 5.292470036E-05 -4.071130797E-05
116.6 4.887904067E-05 1.018313347E-05
116.8 3.667840376E-05 -2.428192792E-22
117 3.262004175E-05 -1.019376305E-05
117.2 2.855744125E-05 -1.019908616E-05
117.4 2.449059561E-05 -1.020441484E-05
117.6 2.041949817E-05 -3.062924726E-05
117.8 1.634414226E-05 -4.086035565E-05
118 1.226452119E-05 -2.044086866E-05
118.2 8.180628272E-06 -5.11289267E-05
118.4 4.092456784E-06 -5.11557098E-05
118.6 4.094601677E-06 1.023650419E-05
118.8 4.09674882E-06 -2.04837441E-05
119 4.098898216E-06 -7.173071878E-05
119.2 4.101049869E-06 -2.050524934E-05
119.4 4.103203782E-06 1.534876996E-20
119.6 4.105359958E-06 -3.079019968E-05
119.8 4.107518402E-06 -3.080638801E-05
120 4.109679116E-06 -4.109679116E-05
120.2 4.111842105E-06 -4.111842105E-05
120.4 4.114007372E-06 -4.114007372E-05
120.6 4.116174921E-06 -4.116174921E-05
120.8 4.118344755E-06 -6.177517132E-05
121 4.120516878E-06 -2.86924804E-20
121.2 4.122691293E-06 5.153364116E-05
121.4 4.124868004E-06 -3.093651003E-05
121.6 4.127047015E-06 -1.545651006E-20
121.8 4.12922833E-06 3.096921247E-05
122 4.131411951E-06 3.622543088E-22
122.2 4.133597884E-06 -4.133597884E-05
122.4 8.27157226E-06 -5.169732663E-05
122.6 8.27595339E-06 -1.034494174E-05
122.8 8.280339163E-06 1.035042395E-05
123 8.284729586E-06 2.071182397E-05
123.2 8.289124668E-06 -1.036140584E-05
123.4 8.293524416E-06 -1.036690552E-05
123.6 8.297928837E-06 4.148964418E-05
123.8 8.302337938E-06 9.340130181E-05
124 8.306751728E-06 7.268407762E-05
124.2 8.311170213E-06 2.077792553E-05
124.4 1.24733901E-05 1.039449175E-05
124.6 1.248003195E-05 7.280018637E-05
124.8 1.248668087E-05 8.324453916E-05
125 1.249333689E-05 4.164445629E-05
125.2 1.25E-05 6.25E-05
125.4 1.250667022E-05 4.168890075E-05
125.6 1.251334757E-05 4.171115857E-05
125.8 1.252003205E-05 5.216680021E-05
126 1.252672368E-05 5.219468199E-05
126.2 1.253342246E-05 4.177807487E-05
126.4 1.254012841E-05 3.135032103E-05
126.6 1.254684154E-05 6.273420771E-05
126.8 1.255356186E-05 6.276780932E-05
127 1.256028939E-05 6.280144695E-05
127.2 1.256702413E-05 4.189008043E-05
127.4 1.257376609E-05 3.143441524E-05
127.6 1.25805153E-05 3.145128824E-05
127.8 1.258727175E-05 -2.097878625E-05
128 4.198011822E-06 9.954586734E-21
128.2 4.200268817E-06 5.250336022E-05
128.4 8.405056482E-06 2.10126412E-05
128.6 4.204790097E-06 5.255987621E-05
128.8 4.207054389E-06 3.155290792E-05
129 4.209321121E-06 -3.671484129E-20
129.2 4.211590296E-06 2.105795148E-05
129.4 4.21386192E-06 -1.065983463E-21
129.6 1.264840799E-05 7.618408239E-21
129.8 1.687365011E-05 1.054603132E-05
130 1.688276607E-05 2.110345759E-05
130.2 2.111486486E-05 4.222972973E-05
130.4 2.112628448E-05 2.112628448E-05
130.6 2.113771645E-05 -2.113771645E-05
130.8 2.537899296E-05 -6.34474824E-05
131 2.962486457E-05 -3.174092633E-05
131.2 2.964092141E-05 2.117208672E-05
131.4 3.389370933E-05 1.059178416E-05
131.6 3.391209984E-05 3.17925936E-05
131.8 3.81718241E-05 1.060328447E-05
132 3.819255839E-05 -2.1218088E-05
132.2 4.245923913E-05 -3.528751515E-21
132.4 4.248232735E-05 -1.062058184E-05
132.6 5.100652884E-05 -1.062636017E-05
132.8 5.528715297E-05 2.12642896E-05
133 5.957244009E-05 -1.933088431E-20
133.2 6.811989101E-05 1.064373297E-05
133.4 7.241684842E-05 3.19486096E-05
133.6 6.819421713E-05 -2.131069285E-05
133.8 7.249590611E-05 -3.198348799E-05
134 7.680229383E-05 -1.066698525E-05
134.2 8.111338798E-05 -3.201844262E-05
134.4 8.542919628E-05 -1.067864954E-05
134.6 8.974972648E-05 -1.068449125E-05
134.8 9.407498632E-05 3.207101806E-05
135 9.412650602E-05 2.139238773E-05
135.2 9.845890411E-05 2.140410959E-05
135.4 9.851288377E-05 6.424753289E-05
135.6 0.0001071379594 1.071379594E-05
135.8 0.0001200603732 -2.143935236E-05
136 0.0001244165294 -4.290225151E-05
136.2 0.0001373626374 -1.073145604E-05
136.4 0.0001417330951 1.073735569E-05
136.6 0.0001504056656 -1.074326183E-05
136.8 0.0001547881123 -4.600611636E-21
137 0.0001634774229 -2.151018722E-05
137.2 0.0001635674931 -3.228305785E-05
137.4 0.0001636576626 -8.613561191E-05
137.6 0.0001680570877 -8.61831219E-05
137.8 0.0001724613687 -1.077883554E-05
138 0.0001682426836 -4.313914964E-05
138.2 0.000176968232 -4.316298343E-05
138.4 0.0001727473742 -1.079671089E-05
138.6 0.0001728429204 -4.321073009E-05
138.8 0.0001815855008 -5.404330382E-05
139 0.000190337763 -7.570251938E-05
139.2 0.000199099723 -8.656509695E-05
139.4 0.0002035407428 -8.661308204E-05
139.6 0.0002079866889 -3.249792013E-05
139.8 0.0001994311876 -1.08386515E-05
140 0.0001952040533 -5.422334814E-05
140.2 0.0001909722222 -3.255208333E-05
140.4 0.0001954210673 -3.257017788E-05
140.6 0.000199874861 -1.086276418E-05
140.8 0.0001999860879 -3.260642738E-05
141 0.0002000974388 -6.524916481E-05
141.2 0.0002045612813 -7.616643454E-05
141.4 0.0002133848941 -3.266095318E-05
141.6 0.0002135039041 -6.292954459E-21
141.8 0.0002223423549 -3.269740513E-05
142 0.0002224664992 1.915444553E-20
142.2 0.0002225907821 -2.18226257E-05
142.4 0.000222715204 -2.183482392E-05
142.6 0.0002141009508 2.184703579E-05
142.8 0.0002098489088 1.092963067E-05
143 0.0002055921053 1.696012724E-20
143.2 0.0002057072829 -1.094187675E-05
143.4 0.0002014433857 -2.189602018E-05
143.6 0.0002015563657 -2.190830062E-05
143.8 0.0001929012346 2.192059484E-05
144 0.0001886229646 3.28993543E-05
144.2 0.0001799508427 -2.194522472E-05
144.4 0.0001756604834 -2.195756043E-05
144.6 0.0001537893701 2.196991001E-05
144.8 0.0001406865504 2.198227349E-05
145 0.000123170045 3.299197635E-05
145.2 0.0001188380282 5.501760563E-05
145.4 0.0001100972379 3.302917136E-05
145.6 0.0001013465877 1.101593345E-05
145.8 8.376834086E-05 -1.102215011E-05
146 8.381564088E-05 -7.479808677E-21
146.2 7.944915254E-05 2.206920904E-05
146.4 7.507772753E-05 -1.104084228E-05
146.6 7.070135747E-05 3.314126131E-05
146.8 6.632003396E-05 3.316001698E-05
147 6.193374858E-05 -1.206898854E-20
147.2 5.754249292E-05 -2.213172805E-05
147.4 5.31462585E-05 -5.536068594E-05
147.6 4.874503687E-05 -4.431366988E-05
147.8 4.433881952E-05 -2.216940976E-05
148 3.992759796E-05 4.436399773E-05
148.2 3.551136364E-05 4.438920455E-05
148.4 3.109010802E-05 2.220722001E-05
148.6 2.666382253E-05 2.22198521E-05
148.8 2.667899829E-05 -4.446499715E-05
149 2.669419134E-05 -6.673547836E-05
149.2 2.670940171E-05 1.596993805E-20
149.4 2.227052452E-05 3.340578677E-05
149.6 2.67398745E-05 5.570807188E-05
149.8 3.121432648E-05 2.229594749E-05
150 3.123215306E-05 1.115434038E-05
150.2 3.125E-05 2.232142857E-05
150.4 3.126786735E-05 3.350128645E-05
150.6 2.681636156E-05 0.0001005613558
150.8 2.235975959E-05 7.825915856E-05
151 1.789805269E-05 -1.118628293E-05
151.2 1.343123209E-05 -2.238538682E-05
151.4 2.239822248E-05 3.359733372E-05
151.6 2.241107286E-05 2.241107286E-05
151.8 2.2423938E-05 -2.2423938E-05
152 1.794945434E-05 -2.763456284E-20
152.2 2.244971264E-05 -1.122485632E-05
152.4 2.695514664E-05 -3.369393329E-05
152.6 3.146576525E-05 -5.618886651E-05
152.8 3.598157743E-05 -4.497697179E-05
153 3.600230415E-05 -4.500288018E-05
153.2 3.602305476E-05 -2.251440922E-05
153.4 3.60438293E-05 2.252739331E-05
153.6 3.155654934E-05 -3.381058857E-05
153.8 2.706408776E-05 -6.76602194E-05
154 2.256643559E-05 -1.128321779E-05
154.2 1.806358382E-05 2.109357251E-20
154.4 1.355552342E-05 -3.388880856E-05
154.6 9.04224537E-06 1.130280671E-05
154.8 4.523740591E-06 2.261870295E-05
155 0 -3.394771147E-05
155.2 0 -1.132246377E-05
155.4 0 2.265806265E-05
155.6 0 -3.40068195E-05
155.8 0 2.086360781E-20
156 0 3.751025727E-21
156.2 0 -1.135537791E-05
156.4 0 1.136198371E-05
156.6 0 -4.547438882E-05
156.8 4.550087362E-06 -6.825131043E-05
157 9.105477855E-06 -3.414554196E-05
157.2 1.366618076E-05 1.138848397E-05
157.4 1.823220537E-05 1.139512835E-05
157.6 2.2803561E-05 2.2803561E-05
157.8 2.281688084E-05 6.845064252E-05
158 2.283021625E-05 1.141510812E-05
158.2 2.284356725E-05 -7.995248538E-05
158.4 2.285693388E-05 -3.428540082E-05
158.6 2.287031616E-05 -4.574063232E-05
158.8 2.288371412E-05 -2.288371412E-05
159 2.289712778E-05 4.579425557E-05
159.2 2.291055718E-05 -1.145527859E-05
159.4 2.292400235E-05 -1.146200117E-05
159.6 2.29374633E-05 4.58749266E-05
159.8 2.295094007E-05 8.477627111E-21
160 2.296443269E-05 -6.889329806E-05
160.2 2.297794118E-05 -6.893382353E-05
160.4 2.299146557E-05 -4.598293114E-05
160.6 1.840400471E-05 -1.150250294E-05
160.8 1.38111373E-05 2.001268783E-21
161 9.212853774E-06 -3.454820165E-05
161.2 4.609144543E-06 -3.456858407E-05
161.4 0 -1.301370289E-20
161.6 0 -1.153647372E-05
161.8 0 -4.617316785E-05
162 0 -2.310023655E-05
162.2 0 1.187042613E-20
162.4 0 -4.625518058E-05
162.6 0 -3.47119372E-05
162.8 0 1.157750445E-05
163 0 2.316874259E-05
163.2 0 1.159124629E-05
163.4 0 -3.479438836E-05
163.6 0 -2.321004159E-05
163.8 0 2.322384067E-05
164 0 -2.323765616E-05
164.2 0 -5.812872024E-05
164.4 0 -1.163266825E-05
164.6 0 1.163960072E-05
164.8 0 1.164654144E-05
165 0 1.165349045E-05
165.2 0 -1.166044776E-05
165.4 0 -2.333482676E-05
165.6 0 -2.334877466E-05
165.8 0 3.996635005E-21
166 0 -5.15792898E-21
166.2 4.678143713E-06 -1.169535928E-05
166.4 4.680946675E-06 1.162980443E-20
166.6 4.683752998E-06 -1.162645119E-20
166.8 0 -1.171640672E-05
167 0 -3.311686444E-20
167.2 0 1.173048048E-05
167.4 0 -1.173753005E-05
167.6 0 -1.174458809E-05
167.8 0 -1.828091382E-21
168 0 1.091878072E-20
168.2 0 1.176581325E-05
168.4 4.709162146E-06 1.177290536E-05
168.6 0 -1.178000603E-05
168.8 0 8.137097146E-22
169 0 1.179423309E-05
169.2 0 -6.087248224E-21
169.4 0 6.075285867E-21
169.6 0 1.181563823E-05
169.8 0 5.934805514E-21
170 0 1.786035076E-21
170.2 0 3.551136364E-05
170.4 0 1.184429958E-05
170.6 0 -2.37029733E-05
170.8 0 -1.185868245E-05
171 0 3.14647656E-20
171.2 0 -1.18731003E-05
171.4 0 1.188032238E-05
171.6 0 2.377510651E-05
171.8 0 2.378958587E-05
172 0 2.380408288E-05
172.2 0 1.190929878E-05
172.4 0 -2.151407809E-21
172.6 0 -1.192384005E-05
172.8 0 -1.193112401E-05
173 0 -2.387683374E-05
173.2 0 1.194571865E-05
173.4 0 1.195302938E-05
173.6 0 1.64669807E-20
173.8 0 2.393535539E-05
174 4.790006131E-06 1.197501533E-05
174.2 4.792944785E-06 1.198236196E-05
174.4 4.795887047E-06 -9.129946009E-21
174.6 4.798832924E-06 -2.399416462E-05
174.8 4.801782422E-06 -7.84810197E-21
175 4.804735547E-06 -1.201183887E-05
175.2 4.807692308E-06 -2.403846154E-05
175.4 4.810652709E-06 1.202663177E-05
175.6 4.813616759E-06 -1.20340419E-05
175.8 4.816584464E-06 -2.408292232E-05
176 4.81955583E-06 1.204888957E-05
176.2 4.822530864E-06 -1.205632716E-05
176.4 4.825509574E-06 -3.61913218E-05
176.6 4.828491965E-06 7.369124975E-22
176.8 4.831478046E-06 2.415739023E-05
177 4.834467822E-06 1.208616955E-05
177.2 4.8374613E-06 1.209365325E-05
177.4 4.840458488E-06 1.210114622E-05
177.6 4.843459392E-06 -1.210864848E-05
177.8 4.84646402E-06 -1.211616005E-05
178 0 1.212368094E-05
178.2 9.704968944E-06 2.362022906E-20
178.4 1.456650093E-05 1.405972575E-20
178.6 1.94340796E-05 1.090119598E-20
178.8 2.430771624E-05 3.030744397E-20
179 2.918742217E-05 3.648427771E-05
179.2 3.407320872E-05 3.340375654E-20
179.4 3.896508728E-05 -2.435317955E-05
179.6 4.386306925E-05 -1.422305002E-20
179.8 4.876716604E-05 1.354870036E-20
180 5.367738913E-05 3.659821986E-05
180.2 5.37109375E-05 7.32421875E-05
180.4 4.885866166E-05 2.442933083E-05
180.6 4.400031289E-05 1.638752071E-20
180.8 4.891984972E-05 3.668988729E-05
181 4.895050125E-05 4.895050125E-05
181.2 5.387931034E-05 6.122648903E-05
181.4 5.391311167E-05 4.90119197E-05
181.6 5.394695543E-05 -2.137125999E-20
181.8 4.907349246E-05 -2.453674623E-05
182 5.892520427E-05 3.682825267E-05
182.2 5.896226415E-05 6.141902516E-05
182.4 6.39159849E-05 2.458307111E-05
182.6 6.395623426E-05 1.229927582E-05
182.8 6.891934468E-05 1.050928218E-20
183 7.388871375E-05 4.92591425E-05
183.2 7.393533123E-05 8.625788644E-05
183.4 7.891414141E-05 6.165167298E-05
183.6 8.389924195E-05 2.467624763E-05
183.8 8.889064475E-05 -1.234592288E-05
184 8.894686907E-05 2.176081367E-20
184.2 9.394778481E-05 1.236155063E-05
184.4 9.400728309E-05 4.947751742E-05
184.6 9.406685678E-05 4.950887199E-05
184.8 9.412650602E-05 2.477013316E-05
185 9.418623096E-05 6.196462563E-05
185.2 9.424603175E-05 6.200396825E-05
185.4 9.430590851E-05 1.240867217E-05
185.6 9.436586141E-05 -2.483312142E-05
185.8 9.442589059E-05 -2.484891858E-05
186 9.448599618E-05 -1.243236792E-05
186.2 9.454617834E-05 2.488057325E-05
186.4 9.460643722E-05 3.734464627E-05
186.6 9.466677296E-05 1.245615434E-05
186.8 9.472718571E-05 2.492820676E-05
187 9.478767561E-05 2.494412516E-05
187.2 9.484824281E-05 2.178473306E-20
187.4 9.490888747E-05 3.746403453E-05
187.6 9.496960972E-05 2.499200256E-05
187.8 9.503040973E-05 2.500800256E-05
188 9.008648302E-05 5.004804612E-05
188.2 9.515224359E-05 7.912201769E-21
188.4 9.521327774E-05 1.252806286E-05
188.6 9.527439024E-05 1.253610398E-05
188.8 9.031791908E-05 1.254415543E-05
189 9.037596401E-05 5.020886889E-05
189.2 8.540996785E-05 6.280144695E-05
189.4 8.546492921E-05 6.284185972E-05
189.6 8.551996137E-05 3.772939472E-05
189.8 8.557506443E-05 -2.394761004E-21
190 8.563023856E-05 -3.771405161E-21
190.2 8.568548387E-05 3.780241935E-05
190.4 8.574080052E-05 2.52178825E-05
190.6 8.579618863E-05 -2.523417313E-05
190.8 9.090174531E-05 -3.787572721E-05
191 9.096054334E-05 1.005383254E-20
191.2 9.607605178E-05 1.264158576E-05
191.4 9.61382772E-05 -6.416807052E-21
191.6 9.620058328E-05 -1.265797148E-05
191.8 9.626297017E-05 -2.533236057E-05
192 9.632543803E-05 -1.267439974E-05
192.2 9.638798701E-05 -2.536525974E-05
192.4 9.137426901E-05 -3.807261209E-05
192.6 9.14336801E-05 -1.269912224E-05
192.8 9.149316851E-05 1.270738452E-05
193 9.155273438E-05 5.086263021E-05
193.2 8.65228013E-05 3.81718241E-05
193.4 8.657920469E-05 -3.819670795E-05
193.6 8.15394651E-05 -3.822162427E-05
193.8 7.649314621E-05 2.54977154E-05
194 7.144023514E-05 -1.013440797E-20
194.2 7.14869281E-05 -3.829656863E-05
194.4 6.642413342E-05 1.277387181E-05
194.6 6.646760471E-05 2.556446335E-05
194.8 6.139489194E-05 2.558120498E-05
195 5.63155308E-05 1.279898427E-05
195.2 5.12295082E-05 -7.68442623E-05
195.4 4.613681102E-05 -6.40789042E-05
195.6 4.61671044E-05 -2.564839133E-05
195.8 4.619743758E-05 -6.416310775E-05
196 4.622781065E-05 -5.136423406E-05
196.2 4.625822368E-05 -3.854851974E-05
196.4 4.628867676E-05 -5.143186307E-05
196.6 4.117259552E-05 -6.43321805E-05
196.8 4.119973632E-05 -3.86247528E-05
197 3.607354881E-05 -1.288341029E-05
197.2 3.609735974E-05 -3.867574257E-05
197.4 3.612120211E-05 -3.870128798E-05
197.6 3.614507601E-05 -5.163582287E-05
197.8 3.100198413E-05 -5.166997354E-05
198 2.585208471E-05 -6.463021178E-05
198.2 2.069536424E-05 -3.880380795E-05
198.4 1.553180915E-05 -6.471587144E-05
198.6 1.554210875E-05 -0.0001424693302
198.8 1.036828135E-05 -6.480175846E-05
199 5.187583001E-06 -2.593791501E-05
199.2 0 -5.1910299E-05
199.4 0 -5.194481383E-05
199.6 0 -2.598968729E-05
199.8 0 -2.600699068E-05
200 0 -1.301215856E-05
200.2 0 -1.302083333E-05
200.4 0 -5.211807872E-05
200.6 0 -1.303821762E-05
200.8 0 -2.609385438E-05
201 5.222259358E-06 -1.30556484E-05
201.2 5.225752508E-06 5.225752508E-05
201.4 5.229250335E-06 2.614625167E-05
201.6 5.232752847E-06 1.308188212E-05
201.8 5.236260054E-06 3.92719504E-05
202 5.239771965E-06 1.309942991E-05
202.2 5.243288591E-06 -2.621644295E-05
202.4 5.24680994E-06 -1.311702485E-05
202.6 1.050067204E-05 2.625168011E-05
202.8 1.576160054E-05 5.253866846E-05
203 2.102960969E-05 5.257402423E-05
203.2 2.63047138E-05 6.576178451E-05
203.4 3.158692722E-05 5.264487871E-05
203.6 3.687626433E-05 2.634018881E-05
203.8 4.217273954E-05 5.271592443E-05
204 4.747636732E-05 5.275151924E-05
204.2 5.278716216E-05 3.959037162E-05
204.4 5.810513861E-05 7.923427992E-05
204.6 5.814445196E-05 6.607324087E-05
204.8 5.818381855E-05 1.322359513E-05
205 5.822323848E-05 2.64651084E-05
205.2 5.826271186E-05 1.324152542E-05
205.4 5.830223881E-05 1.325050882E-05
205.6 5.303801765E-05 -4.429142049E-20
205.8 5.307404891E-05 -3.980553668E-05
206 5.311012916E-05 -1.052554895E-20
206.2 5.31462585E-05 3.985969388E-05
206.4 4.786419333E-05 7.977365555E-05
206.6 4.257493188E-05 6.652333106E-05
206.8 3.727845944E-05 3.994120654E-05
207 3.197476126E-05 1.332281719E-05
207.2 2.666382253E-05 -1.333191126E-05
207.4 2.134562842E-05 -2.668203552E-05
207.6 1.602016405E-05 -1.578112474E-20
207.8 1.06874145E-05 5.34370725E-05
208 5.347364819E-06 4.010523614E-05
208.2 0 5.351027397E-05
208.4 0 6.693368746E-05
208.6 0 4.01877572E-05
208.8 0 6.702556623E-05
209 0 8.048592033E-05
209.2 0 1.342353952E-05
209.4 0 2.859721619E-20
209.6 0 4.032604955E-05
209.8 0 5.380509642E-05
210 0 1.346054445E-05
210.2 5.387931034E-06 -1.346982759E-05
210.4 0 2.695824707E-05
210.6 0 4.046529696E-05
210.8 0 1.349775397E-05
211 0 -5.402835408E-05
211.2 0 -5.406574394E-05
211.4 0 1.35257964E-05
211.6 0 -1.353516979E-05
211.8 0 -5.787039302E-20
212 0 1.355395559E-05
212.2 0 -2.712673611E-05
212.4 0 -1.357279361E-05
212.6 0 -1.358223227E-05
212.8 0 -1.571393637E-20
213 0 -4.080344708E-05
213.2 0 -6.805313589E-05
213.4 0 -1.362011855E-05
213.6 0 1.362962317E-05
213.8 0 -8.819667464E-21
214 0 -1.364867226E-05
214.2 0 -5.463286713E-05
214.4 0 -6.833887334E-05
214.6 5.470938375E-06 -6.838672969E-05
214.8 1.09495445E-05 -5.474772249E-05
215 1.0957223E-05 3.039734174E-21
215.2 1.096491228E-05 -4.111842105E-05
215.4 1.645891854E-05 -5.48630618E-05
215.6 2.196064652E-05 -8.235242446E-05
215.8 2.747011252E-05 -8.241033755E-05
216 3.298733286E-05 -2.748944405E-05
216.2 3.851232394E-05 -1.375440141E-05
216.4 3.853946441E-05 2.060366276E-20
216.6 4.407616361E-05 2.178099024E-20
216.8 4.962067749E-05 1.378352152E-05
217 5.51730226E-05 -2.75865113E-05
217.2 6.073321555E-05 -4.14090106E-05
217.4 6.630127298E-05 -2.762553041E-05
217.6 7.187721161E-05 -2.764508139E-05
217.8 7.746104816E-05 -1.383233003E-05
218 8.858965273E-05 -4.152639972E-05
218.2 9.419326241E-05 -5.540780142E-05
218.4 8.871540099E-05 -8.317068843E-05
218.6 9.432705966E-05 -9.710138494E-05
218.8 9.99466951E-05 -4.164445629E-05
219 0.0001055743243 -2.778271693E-05
219.2 0.0001056494662 -5.560498221E-05
219.4 0.0001057247151 -1.391114672E-05
219.6 0.0001002316465 2.784212402E-05
219.8 0.0001003031384 1.393099144E-05
220 0.0001003747323 1.394093505E-05
220.2 0.0001004464286 -1.395089286E-05
220.4 0.0001005182273 -5.584345961E-05
220.6 0.0001005901288 -4.191255365E-05
220.8 9.506979241E-05 -6.990425913E-05
221 8.954154728E-05 -2.798173352E-05
221.2 8.400537634E-05 1.400089606E-05
221.4 7.846126255E-05 -1.401093974E-05
221.6 7.29091888E-05 -2.804199569E-05
221.8 6.734913793E-05 5.960999914E-21
222 6.178109274E-05 4.212347232E-05
222.2 5.620503597E-05 -3.651176759E-22
222.4 5.062095032E-05 1.406137509E-05
222.6 4.502881844E-05 4.221451729E-05
222.8 3.942862293E-05 -2.816330209E-05
223 3.382034632E-05 -1.409181097E-05
223.2 2.820397112E-05 -4.230595668E-05
223.4 2.822434971E-05 -5.644869942E-05
223.6 2.259580622E-05 2.824475777E-05
223.8 1.695911722E-05 4.239779305E-05
224 1.131426503E-05 -4.145771084E-20
224.2 5.661231884E-06 -2.830615942E-05
224.4 0 -1.4163343E-05
224.6 0 -2.834724238E-05
224.8 0 1.418391431E-05
225 0 4.258266715E-05
225.2 0 4.261363636E-05
225.4 0 2.84297671E-05
225.6 0 2.845047342E-05
225.8 0 1.423560496E-05
226 0 -1.95049206E-20
226.2 0 -3.678374693E-20
226.4 5.706720234E-06 -2.853360117E-05
226.6 0 -2.855445906E-05
226.8 0 -2.857534748E-05
227 0 -1.545384929E-20
227.2 0 2.861721612E-05
227.4 0 4.295729472E-05
227.6 0 5.731841526E-05
227.8 0 2.868024963E-05
228 0 -1.435066128E-05
228.2 0 -1.436121324E-05
228.4 0 4.311534216E-05
228.6 0 5.752945508E-05
228.8 0 1.439296242E-05
229 5.761430678E-06 2.880715339E-05
229.2 1.153136531E-05 8.648523985E-05
229.4 1.730982275E-05 8.654911374E-05
229.6 2.309682188E-05 5.774205469E-05
229.8 2.889238166E-05 5.778476331E-05
230 3.46965211E-05 4.337065137E-05
230.2 4.050925926E-05 5.787037037E-05
230.4 4.633061527E-05 2.895663454E-05
230.6 5.216060831E-05 -1.448905786E-05
230.8 5.799925761E-05 -1.44998144E-05
231 6.384658247E-05 2.902117385E-05
231.2 6.970260223E-05 2.904275093E-05
231.4 8.138020833E-05 -2.906436012E-05
231.6 8.144080417E-05 5.817200298E-05
231.8 8.150149031E-05 8.732302534E-05
232 8.738814318E-05 1.456469053E-05
232.2 8.745335821E-05 2.549867968E-20
232.4 8.751867065E-05 2.917289022E-05
232.6 9.342301943E-05 7.298673393E-05
232.8 8.764958863E-05 5.843305909E-05
233 8.771519461E-05 4.385759731E-05
233.2 8.192883895E-05 1.944707914E-20
233.4 7.027736132E-05 1.464111694E-05
233.6 6.446924231E-05 5.86084021E-05
233.8 5.278716216E-05 2.93262012E-05
234 4.695717506E-05 1.467411721E-05
234.2 4.111842105E-05 -1.468515038E-05
234.4 3.527088036E-05 -2.153705061E-20
234.6 2.353162651E-05 5.882906627E-05
234.8 2.943669932E-05 4.415504898E-05
235 1.767533937E-05 -2.945889894E-05
235.2 1.768867925E-05 -1.474056604E-05
235.4 1.180135952E-05 1.47516994E-05
235.6 1.181027967E-05 -1.476284958E-05
235.8 1.181921331E-05 -1.975174175E-20
236 5.914080242E-06 2.957040121E-05
236.2 5.918560606E-06 7.398200758E-05
236.4 0 5.923047763E-05
236.6 0 -2.850254716E-20
236.8 5.932042521E-06 -2.96602126E-05
237 5.936550152E-06 -7.42068769E-05
237.2 5.941064639E-06 -8.911596958E-05
237.4 5.945585997E-06 -8.918378995E-05
237.6 5.950114242E-06 -1.487528561E-05
237.8 5.95464939E-06 5.95464939E-05
238 5.959191457E-06 1.489797864E-05
238.2 5.963740458E-06 -2.981870229E-05
238.4 5.968296409E-06 2.231200444E-21
238.6 5.972859327E-06 4.479644495E-05
238.8 5.977429227E-06 1.494357307E-05
239 5.982006126E-06 -1.267157041E-20
239.2 5.986590038E-06 1.49664751E-05
239.4 5.991180982E-06 -1.497795245E-05
239.6 5.995778972E-06 -1.498944743E-05
239.8 6.000384025E-06 3.000192012E-05
240 6.004996157E-06 6.004996157E-05
240.2 6.009615385E-06 4.507211538E-05
240.4 6.014241724E-06 1.503560431E-05
240.6 6.018875193E-06 4.514156394E-05
240.8 6.023515806E-06 6.023515806E-05
241 6.02816358E-06 4.521122685E-05
241.2 6.032818533E-06 4.5246139E-05
241.4 6.03748068E-06 -4.013578954E-20
241.6 6.042150039E-06 -4.531612529E-05
241.8 6.046826625E-06 -1.612793142E-20
242 6.051510457E-06 4.538632843E-05
242.2 6.05620155E-06 3.028100775E-05
242.4 0 1.515224981E-05
242.6 0 1.516401398E-05
242.8 0 0.000106230575
243 0 6.07503888E-05
243.2 0 1.519941634E-05
243.4 0 4.563376168E-05
243.6 0 -1.52231099E-05
243.8 0 1.346354422E-20
244 1.219750195E-05 -4.574063232E-05
244.2 1.831054688E-05 -1.525878906E-05
244.4 1.832486317E-05 3.054143862E-05
244.6 2.445226917E-05 1.528266823E-05
244.8 3.670712608E-05 3.058927173E-05
245 4.285854232E-05 3.160976359E-20
245.2 4.289215686E-05 -4.595588235E-05
245.4 4.292582418E-05 -6.132260597E-05
245.6 4.295954438E-05 -4.602808327E-05
245.8 4.299331761E-05 -1.535475629E-05
246 3.688040913E-05 3.073367427E-05
246.2 3.690944882E-05 -1.537893701E-05
246.4 3.693853428E-05 1.458151068E-20
246.6 3.696766562E-05 4.620958202E-05
246.8 3.699684294E-05 -1.541535122E-05
247 3.702606635E-05 -1.542752765E-05
247.2 3.705533597E-05 1.543972332E-05
247.4 3.70846519E-05 -4.635581487E-05
247.6 4.329968329E-05 -4.639251781E-05
247.8 4.333399366E-05 -1.547642631E-05
248 3.717287867E-05 -9.293219667E-05
248.2 3.720238095E-05 -7.750496032E-05
248.4 3.102660842E-05 -4.653991263E-05
248.6 3.105127186E-05 -9.315381558E-05
248.8 3.107597454E-05 -7.768993636E-05
249 3.110071656E-05 -4.665107484E-05
249.2 2.490039841E-05 -3.112549801E-05
249.4 3.115031898E-05 1.557515949E-05
249.6 3.741021548E-05 1.558758978E-05
249.8 4.368011182E-05 -4.680011981E-05
250 4.371502798E-05 -9.367505995E-05
250.2 4.375E-05 -6.25E-05
250.4 4.378502802E-05 3.127502002E-05
250.6 4.382011218E-05 4.695012019E-05
250.8 5.012028869E-05 1.566259022E-05
251 5.016051364E-05 -3.135032103E-05
251.2 5.020080321E-05 -3.002609164E-20
251.4 4.396101286E-05 1.570036174E-05
251.6 4.399637973E-05 -4.484064659E-20
251.8 5.032206119E-05 3.145128824E-05
252 5.665793715E-05 -1.573831587E-05
252.2 6.300403226E-05 -4.725302419E-05
252.4 5.674939467E-05 -3.152744149E-05
252.6 4.417407108E-05 1.726147391E-20
252.8 4.420978173E-05 -1.578920776E-05
253 4.424555016E-05 -4.74059466E-05
253.2 5.060728745E-05 1.005606388E-20
253.4 5.064829822E-05 3.51099347E-20
253.6 4.435320357E-05 -1.584042985E-05
253.8 5.707183442E-05 6.360362404E-21
254 6.346466288E-05 -7.933082859E-05
254.2 6.986788618E-05 -1.587906504E-05
254.4 6.992473556E-05 8.468951063E-21
254.6 6.998167752E-05 -4.771478013E-05
254.8 7.003871231E-05 -1.591788916E-05
255 7.009584013E-05 -1.593087276E-05
255.2 7.015306122E-05 3.18877551E-05
255.4 7.021037582E-05 9.439996871E-21
255.6 7.026778414E-05 1.454979253E-20
255.8 7.032528642E-05 -1.598301964E-05
256 7.038288288E-05 1.599610975E-05
256.2 7.044057377E-05 6.403688525E-05
256.4 7.049835931E-05 0.0001121564807
256.6 6.414203612E-05 6.414203612E-05
256.8 5.777526705E-05 -9.629211175E-05
257 5.139802632E-05 -3.212376645E-05
257.2 4.501028807E-05 8.03755144E-05
257.4 3.861202636E-05 0.0001126184102
257.6 3.86438582E-05 4.830482275E-05
257.8 3.222978548E-05 4.834467822E-05
258 3.225639967E-05 6.451279934E-05
258.2 3.228305785E-05 -1.614152893E-05
258.4 3.877171216E-05 -4.84646402E-05
258.6 3.880380795E-05 1.616825331E-05
258.8 3.236329743E-05 8.090824358E-05
259 3.239013267E-05 4.8585199E-05
259.2 3.241701245E-05 3.241701245E-05
259.4 3.893272425E-05 3.244393688E-05
259.6 3.896508728E-05 6.494181214E-05
259.8 3.249792013E-05 1.624896007E-05
260 3.902997502E-05 1.626248959E-05
260.2 3.90625E-05 8.138020833E-05
260.4 3.909507923E-05 0.0001303169308
260.6 3.912771285E-05 9.781928214E-05
260.8 3.9160401E-05 4.895050125E-05
261 3.919314381E-05 4.899142977E-05
261.2 3.922594142E-05 1.634414226E-05
261.4 3.925879397E-05 3.271566164E-05
261.6 3.929170159E-05 3.274308466E-05
261.8 3.932466443E-05 6.554110738E-05
262 3.935768262E-05 3.279806885E-05
262.2 3.93907563E-05 4.923844538E-05
262.4 3.285323802E-05 9.855971405E-05
262.6 2.63047138E-05 6.576178451E-05
262.8 3.290859309E-05 1.645429655E-05
263 3.293634064E-05 3.826889176E-20
263.2 2.637130802E-05 0.0001318565401
263.4 1.319679054E-05 0.0001649598818
263.6 1.981191885E-05 9.905959425E-05
263.8 3.304780034E-05 4.957170051E-05
264 2.646062659E-05 4.961367485E-05
264.2 2.648305085E-05 4.965572034E-05
264.4 2.650551315E-05 7.318505801E-21
264.6 3.316001698E-05 3.316001698E-05
264.8 3.318819031E-05 6.753849531E-21
265 3.985969388E-05 -3.321641156E-05
265.2 3.989361702E-05 -3.324468085E-05
265.4 3.992759796E-05 -3.32729983E-05
265.6 3.996163683E-05 -4.995204604E-05
265.8 3.999573379E-05 -9.998933447E-05
266 3.335824082E-05 -3.335824082E-05
266.2 3.338675214E-05 -2.799840202E-21
266.4 3.341531223E-05 -1.670765612E-05
266.6 4.013270548E-05 2.736225422E-20
266.8 4.016709512E-05 -0.0001171540274
267 4.020154374E-05 -0.0001172545026
267.2 2.682403433E-05 -3.353004292E-05
267.4 2.684707904E-05 1.67794244E-05
267.6 3.358770421E-05 -5.038155632E-05
267.8 4.033993115E-05 -5.042491394E-05
268 4.710378984E-05 3.364556417E-05
268.2 3.367456897E-05 1.683728448E-05
268.4 3.370362381E-05 3.370362381E-05
268.6 2.698618307E-05 4.622839574E-20
268.8 3.376188418E-05 -8.440471046E-05
269 4.054930796E-05 -0.0001182688149
269.2 4.734848485E-05 -1.691017316E-05
269.4 4.738951473E-05 3.384965338E-05
269.6 4.743061578E-05 -3.387901127E-05
269.8 5.425347222E-05 -0.0001186794705
270 5.430060817E-05 -0.0001187825804
270.2 5.434782609E-05 -3.39673913E-05
270.4 4.759573542E-05 1.699847694E-05
270.6 4.763719512E-05 3.402656794E-05
270.8 4.767872711E-05 1.702811683E-05
271 5.453752182E-05 -8.521487784E-05
271.2 5.458515284E-05 -6.823144105E-05
271.4 5.463286713E-05 1.707277098E-05
271.6 5.468066492E-05 1.708770779E-05
271.8 5.472854641E-05 3.64565354E-20
272 5.477651183E-05 -1.711765995E-05
272.2 5.48245614E-05 3.426535088E-05
272.4 5.487269535E-05 6.859086918E-05
272.6 5.492091388E-05 1.716278559E-05
272.8 5.496921724E-05 -1.717788039E-05
273 5.501760563E-05 3.438600352E-05
273.2 5.50660793E-05 5.162444934E-05
273.4 6.200396825E-05 1.722332451E-05
273.6 6.205869373E-05 -3.447705207E-05
273.8 6.21135159E-05 -6.901501767E-05
274 6.216843501E-05 -1.726900973E-05
274.2 6.222345133E-05 -5.185287611E-05
274.4 6.22785651E-05 -6.919840567E-05
274.6 5.540780142E-05 4.535838843E-20
274.8 5.545696539E-05 5.199090506E-05
275 5.55062167E-05 3.469138544E-05
275.2 6.25E-05 -1.736111111E-05
275.4 6.255560498E-05 -3.475311388E-05
275.6 6.261130899E-05 -3.478406055E-05
275.8 6.26671123E-05 -1.740753119E-05
276 6.272301517E-05 3.484611954E-05
276.2 6.277901786E-05 1.743861607E-05
276.4 6.981680071E-05 2.470709019E-20
276.6 6.987924866E-05 -1.408222533E-20
276.8 6.294762757E-05 -6.994180842E-05
277 7.000448029E-05 -8.750560036E-05
277.2 7.006726457E-05 -8.758408072E-05
277.4 7.013016158E-05 -5.259762118E-05
277.6 6.317385445E-05 -1.75482929E-05
277.8 6.323066547E-05 5.546980318E-20
278 6.328757876E-05 -1.757988299E-05
278.2 5.630630631E-05 -1.759572072E-05
278.4 4.931244364E-05 1.761158702E-05
278.6 4.230595668E-05 1.762748195E-05
278.8 4.234417344E-05 -5.29302168E-05
279 3.531871609E-05 1.904400314E-20
279.2 2.828054299E-05 8.837669683E-05
279.4 2.122961957E-05 3.538269928E-05
279.6 2.83318223E-05 4.399427991E-20
279.8 4.253629764E-05 1.772345735E-05
280 3.54791099E-05 3.54791099E-05
280.2 3.551136364E-05 3.551136364E-05
280.4 2.843494086E-05 -3.554367607E-05
280.6 3.557604736E-05 -5.336407104E-05
280.8 3.560847767E-05 3.560847767E-05
281 2.851277372E-05 -3.564096715E-05
281.2 2.853881279E-05 4.300660407E-20
281.4 2.856489945E-05 1.785306216E-05
281.6 3.573879231E-05 -3.573879231E-05
281.8 2.861721612E-05 1.788576007E-05
282 2.864344638E-05 1.790215399E-05
282.2 2.866972477E-05 -6.36595771E-21
282.4 2.869605142E-05 -1.793503214E-05
282.6 2.872242647E-05 2.551063935E-20
282.8 2.874885005E-05 1.796803128E-05
283 2.158149171E-05 3.596915285E-05
283.2 2.160138249E-05 1.800115207E-05
283.4 2.162130996E-05 1.80177583E-05
283.6 2.885503232E-05 5.41031856E-05
283.8 2.888170055E-05 5.415318854E-05
284 2.890841813E-05 3.613552266E-05
284.2 2.893518519E-05 7.233796296E-05
284.4 2.896200185E-05 9.050625579E-05
284.6 2.898886827E-05 3.623608534E-05
284.8 2.901578459E-05 7.253946147E-05
285 2.904275093E-05 0.0001270620353
285.2 2.180232558E-05 5.450581395E-05
285.4 2.909683426E-05 3.637104283E-05
285.6 2.912395154E-05 9.101234856E-05
285.8 2.91511194E-05 7.287779851E-05
286 2.9178338E-05 3.64729225E-05
286.2 2.920560748E-05 4.034694263E-20
286.4 2.923292797E-05 -1.827057998E-05
286.6 2.926029963E-05 -5.48630618E-05
286.8 2.928772259E-05 -7.321930647E-05
287 2.9315197E-05 -0.0001282539869
287.2 2.9342723E-05 -0.0001650528169
287.4 2.937030075E-05 -0.0001468515038
287.6 2.939793039E-05 -0.0001102422389
287.8 2.942561205E-05 -1.839100753E-05
288 2.94533459E-05 -9.809934831E-21
288.2 2.948113208E-05 -7.370283019E-05
288.4 2.950897073E-05 -7.377242682E-05
288.6 3.69210775E-05 4.358002332E-20
288.8 4.434720908E-05 1.847800378E-05
289 4.438920455E-05 -3.285461129E-20
289.2 4.443127962E-05 -1.851303318E-05
289.4 4.447343454E-05 3.706119545E-05
289.6 4.451566952E-05 3.709639126E-05
289.8 3.713165399E-05 3.713165399E-05
290 2.973358706E-05 -1.858349191E-05
290.2 2.976190476E-05 -5.580357143E-05
290.4 2.979027645E-05 3.723784557E-05
290.6 2.981870229E-05 1.863668893E-05
290.8 2.984718243E-05 4.086327636E-20
291 2.987571702E-05 3.980245069E-20
291.2 2.990430622E-05 -7.476076555E-05
291.4 2.993295019E-05 -5.612428161E-05
291.6 2.996164909E-05 -1.872603068E-05
291.8 2.999040307E-05 -5.623200576E-05
292 3.00192123E-05 -5.628602305E-05
292.2 3.004807692E-05 -5.634014423E-05
292.4 3.007699711E-05 -1.87981232E-05
292.6 3.010597303E-05 -1.881623314E-05
292.8 3.013500482E-05 -3.766875603E-05
293 3.016409266E-05 -2.679109615E-20
293.2 3.019323671E-05 1.887077295E-05
293.4 3.022243714E-05 1.888902321E-05
293.6 3.025169409E-05 5.672192643E-05
293.8 3.028100775E-05 1.892562984E-05
294 3.031037827E-05 -1.894398642E-05
294.2 2.275485437E-05 5.688713592E-05
294.4 1.518464529E-05 1.898080661E-05
294.6 2.279912451E-05 1.899927043E-05
294.8 2.282132425E-05 5.705331061E-05
295 3.045808967E-05 -3.807261209E-05
295.2 2.286585366E-05 -7.62195122E-05
295.4 2.288818359E-05 -1.907348633E-05
295.6 1.527370479E-05 3.818426197E-05
295.8 1.528864971E-05 1.911081213E-05
296 7.651811949E-06 1.912952987E-05
296.2 1.531862745E-05 -1.914828431E-05
296.4 7.666830226E-06 -7.666830226E-05
296.6 1.534872299E-05 -3.837180747E-05
296.8 1.536381514E-05 -5.761430678E-05
297 1.537893701E-05 3.005567708E-20
297.2 0 -1.924261084E-05
297.4 7.704635108E-06 -5.778476331E-05
297.6 0 6.18325602E-20
297.8 0 -3.85993083E-05
298 7.727497527E-06 -5.795623145E-05
298.2 7.735148515E-06 -1.933787129E-05
298.4 1.548562934E-05 1.935703667E-05
298.6 1.550099206E-05 -5.812872024E-05
298.8 7.758192651E-06 -0.0001163728898
299 7.765904573E-06 -0.0001164885686
299.2 0 -5.830223881E-05
299.4 0 -3.890687251E-05
299.6 0 -0.000155782652
299.8 0 -9.746132735E-05
300 0 -3.902347652E-05
300.2 0 -1.953125E-05
300.4 0 2.083751923E-20
300.6 0 -0.0001369927355
300.8 0 -9.79501003E-05
301 0 -9.804844378E-05
301.2 0 -0.0001374057789
301.4 0 -1.298550461E-20
301.6 0 5.900679758E-05
301.8 0 1.968876008E-05
302 0 8.203408908E-20
302.2 0 -1.972853535E-05
302.4 0 -3.949696663E-05
302.6 0 -1.976847166E-05
302.8 0 -2.727844915E-20
303 0 -1.980856998E-05
303.2 0 -1.408912468E-20
303.4 0 3.96976626E-05
303.6 0 3.97380468E-05
303.8 0 3.977851324E-05
304 0 5.972859327E-05
304.2 0 5.978954082E-05
304.4 0 5.985061287E-05
304.6 0 1.997060327E-05
304.8 0 1.999104401E-05
305 0 6.003457992E-05
305.2 0 6.009615385E-05
305.4 0 6.015785421E-05
305.6 0 4.014645427E-05
305.8 0 -6.02816358E-05
306 0 -0.000100572863
306.2 0 -8.054123711E-05
306.4 0 -5.938773497E-20
306.6 0 2.017691116E-05
306.8 0 -2.019777663E-05
307 0 2.02186853E-05
307.2 0 -4.67386636E-20
307.4 0 5.758418178E-20
307.6 0 -6.084501558E-05
307.8 0 -0.0001015137734
308 0 -4.064776275E-05
308.2 0 -4.069010417E-05
308.4 0 -4.073253389E-05
308.6 0 -4.077505219E-05
308.8 0 -0.0001020441484
309 0 -4.086035565E-05
309.2 0 -2.045157068E-05
309.4 0 1.901947656E-21
309.6 0 -7.05385764E-21
309.8 0 -4.103203782E-05
310 0 -2.053759201E-05
310.2 0 6.814071485E-20
310.4 0 2.05808746E-05
310.6 8.241033755E-06 -2.060258439E-05
310.8 1.649947202E-05 2.062434002E-05
311 1.651691332E-05 2.064614165E-05
311.2 3.306878307E-05 -8.267195767E-05
311.4 3.310381356E-05 -6.206965042E-05
311.6 4.142364793E-05 -2.071182397E-05
311.8 4.146762208E-05 2.073381104E-05
312 4.151168969E-05 2.075584485E-05
312.2 4.155585106E-05 -4.429081215E-20
312.4 4.16001065E-05 -2.080005325E-05
312.6 4.164445629E-05 -4.164445629E-05
312.8 4.168890075E-05 -3.453327055E-20
313 4.173344017E-05 -4.173344017E-05
313.2 4.177807487E-05 -2.088903743E-05
313.4 4.182280514E-05 6.273420771E-05
313.6 3.349410504E-05 6.280144695E-05
313.8 3.353004292E-05 4.191255365E-05
314 4.19575725E-05 4.19575725E-05
314.2 3.360215054E-05 -2.100134409E-05
314.4 4.204790097E-05 -6.307185145E-05
314.6 3.367456897E-05 4.209321121E-05
314.8 3.371089536E-05 8.42772384E-05
315 4.218412527E-05 4.218412527E-05
315.2 4.222972973E-05 6.334459459E-05
315.4 4.22754329E-05 6.341314935E-05
315.6 4.23212351E-05 6.348185265E-05
315.8 4.236713666E-05 4.236713666E-05
316 4.241313789E-05 2.120656895E-05
316.2 4.245923913E-05 2.122961957E-05
316.4 4.25054407E-05 1.330078781E-20
316.6 4.255174292E-05 2.127587146E-05
316.8 4.259814613E-05 3.026780329E-20
317 4.264465066E-05 2.132232533E-05
317.2 4.269125683E-05 4.269125683E-05
317.4 4.273796499E-05 4.273796499E-05
317.6 3.422782037E-05 2.139238773E-05
317.8 2.569901316E-05 4.28316886E-05
318 2.572722283E-05 6.431805708E-05
318.2 2.575549451E-05 -2.146291209E-05
318.4 3.437843784E-05 2.514464443E-20
318.6 2.581222467E-05 2.151018722E-05
318.8 2.584068357E-05 4.306780595E-05
319 3.449227373E-05 4.717031611E-21
319.2 3.453038674E-05 -8.632596685E-05
319.4 4.321073009E-05 -0.0001080268252
319.6 6.05620155E-05 -6.488787375E-05
319.8 6.062915743E-05 4.330654102E-05
320 6.936736959E-05 6.503190899E-05
320.2 7.8125E-05 2.170138889E-05
320.4 8.690211346E-05 -2.172552836E-05
320.6 9.569877506E-05 -2.17497216E-05
320.8 0.0001045150502 2.752549017E-20
321 0.0001133510045 1.441837311E-20
321.2 0.0001222067039 1.585495929E-20
321.4 0.0001310822148 4.369407159E-05
321.6 0.0001312290034 4.374300112E-05
321.8 0.0001401345291 -4.379204036E-05
322 0.0001578282828 -2.192059484E-05
322.2 0.0001492275281 6.583567416E-05
322.4 0.0001493953881 4.393982002E-05
322.6 0.0001583614865 6.59839527E-05
322.8 0.0001585400225 6.605834273E-05
323 0.0001587189616 4.408860045E-05
323.2 0.0001588983051 1.370122941E-20
323.4 0.0001590780543 -4.418834842E-05
323.6 0.0001592582106 6.912076573E-21
323.8 0.0001505810658 -2.214427438E-05
324 0.0001507519864 -3.651301256E-20
324.2 0.0001598011364 2.219460227E-05
324.4 0.000168870876 6.665955631E-05
324.6 0.0001779612756 4.449031891E-05
324.8 0.0001959806157 -8.908209806E-05
325 0.0001872859589 -5.731877769E-20
325.2 0.0001875 -2.768125509E-20
325.4 0.0001877145309 -0.0001117348398
325.6 0.0001968785796 -4.474513173E-05
325.8 0.0002060636468 2.239822248E-05
326 0.0002152698048 2.2423938E-05
326.2 0.0002155172414 4.489942529E-05
326.4 0.0002157652474 -4.67472602E-20
326.6 0.0002070132488 4.500288018E-05
326.8 0.0001982410611 0.0001126369666
327 0.0001894486143 -8.473270425E-20
327.2 0.000198699422 -5.406683711E-20
327.4 0.0001898871528 6.781684028E-05
327.6 0.0001901071842 2.263180765E-05
327.8 0.0001903277262 2.265806265E-05
328 0.000181475029 9.073751452E-05
328.2 0.0001726017442 0.0001362645349
328.4 0.0001637077998 6.821158324E-05
328.6 0.0001547931235 -2.276369464E-05
328.8 0.0001458576429 -2.024181419E-20
329 0.0001460280374 9.126752336E-05
329.2 0.0001370614035 2.284356725E-05
329.4 0.000137221897 -9.148126464E-05
329.6 0.0001373827667 2.289712778E-05
329.8 0.0001375440141 2.292400235E-05
330 0.0001468860165 -4.590188014E-05
330.2 0.0001470588235 6.893382353E-05
330.4 0.0001380300353 9.202002356E-05
330.6 0.0001289799528 2.303213443E-05
330.8 0.0001199085006 9.223730815E-05
331 0.0001108156028 0.0001154329196
331.2 0.0001109467456 1.231756314E-20
331.4 0.0001110781991 -2.314129147E-05
331.6 0.0001019424674 -9.267497034E-05
331.8 0.0001020635392 -0.0001855700713
332 0.0001021848989 -0.0001625668847
332.2 0.0001023065476 -0.0001162574405
332.4 0.0001024284863 -2.327920143E-05
332.6 0.000102550716 4.661396181E-05
332.8 0.0001213410992 -2.333482676E-05
333 0.0001401764354 -0.0001869019139
333.2 0.0001590568862 -0.0001169535928
333.4 0.0001592476019 -7.025629496E-05
333.6 0.000168817527 -0.0001172343938
333.8 0.0001690204327 -4.695012019E-05
334 0.0001692238267 -2.350330927E-05
334.2 0.0001600150602 -2.353162651E-05
334.4 0.0001413600724 4.712002413E-05
334.6 0.0001320954106 2.358846618E-05
334.8 0.0001228083434 -2.361698912E-05
335 0.0001134987893 -9.458232446E-05
335.2 0.0001325757576 -0.0001420454545
335.4 0.0001422178398 -0.0001422178398
335.6 0.0001518833536 -0.000142390644
335.8 0.0001615723844 -7.128193431E-05
336 0.0001522533496 -2.378958587E-05
336.2 0.0001333841463 2.381859756E-05
336.4 0.0001335470085 4.76953602E-05
336.6 0.0001337102689 2.387683374E-05
336.8 0.000133873929 -2.390605875E-05
337 0.0001531862745 -4.787071078E-05
337.2 0.0001629601227 -4.792944785E-05
337.4 0.0001631603194 -7.198249386E-05
337.6 0.0001537515375 -4.804735547E-05
337.8 0.0001443195813 -7.215979064E-05
338 0.0001444975339 -9.633168927E-05
338.2 0.0001543209877 -4.822530864E-05
338.4 0.0001545117429 4.828491965E-05
338.6 0.0001547029703 7.251701733E-05
338.8 0.0001548946716 -2.420229244E-05
339 0.0001550868486 2.42323201E-05
339.2 0.0001455745342 4.852484472E-05
339.4 0.0001360385572 0.0001214629975
339.6 0.0001167496887 0.000121614259
339.8 0.00010715399 -9.166453123E-21
340 0.0001072877653 -7.315074906E-05
340.2 0.0001171875 -0.000146484375
340.4 0.000127112015 -4.888923655E-05
340.6 0.0001370614035 9.790100251E-05
340.8 0.0001372333752 7.351787955E-05
341 0.0001374057789 4.124434614E-20
341.2 0.0001375786164 9.177986549E-21
341.4 0.0001377518892 6.081955377E-20
341.6 0.000137925599 2.462957125E-05
341.8 0.0001380997475 2.466066919E-05
342 0.000128397598 2.469184576E-05
342.2 0.0001384493671 2.472310127E-05
342.4 0.0001386248416 -4.599324526E-20
342.6 0.0001388007614 4.957170051E-05
342.8 0.0001389771283 2.481734435E-05
343 0.000139153944 2.484891858E-05
343.2 0.0001393312102 2.488057325E-05
343.4 0.0001195790816 -4.982461735E-05
343.6 0.0001197318008 -3.041622118E-20
343.8 0.0001398657289 4.995204604E-05
344 0.0001400448143 -3.54631898E-20
344.2 0.0001302083333 -0.0001252003205
344.4 0.0001303754814 -5.014441592E-05
344.6 0.0001104595116 5.020886889E-05
344.8 0.0001106016731 0.0001005469755
345 0.0001006765464 5.03382732E-05
345.2 0.0001209677419 -5.040322581E-05
345.4 0.0001312177003 -7.570251938E-05
345.6 0.0001414941785 -0.0001010672704
345.8 0.0001517972798 2.529954663E-05
346 0.0001418612192 7.599708171E-05
346.2 0.0001318993506 2.536525974E-05
346.4 0.0001320708713 0.0001015929779
346.6 0.0001118977865 7.629394531E-05
346.8 0.0001222294654 -2.546447197E-05
347 0.0001121899478 -5.671978641E-20
347.2 0.0001123366013 -5.10620915E-05
347.4 0.0001124836387 -0.0001278223168
347.6 0.000122870249 -7.064015593E-21
347.8 0.0001025262467 0.0001537893701
348 9.239487516E-05 0.0001026609724
348.2 9.251644737E-05 -3.073214304E-21
348.4 0.0001029314888 -2.57328722E-05
348.6 9.276055409E-05 -8.602556735E-20
348.8 9.288309115E-05 5.160171731E-05
349 9.300595238E-05 2.583498677E-05
349.2 8.278145695E-05 -2.58692053E-05
349.4 7.252984085E-05 2.590351459E-05
349.6 6.225099602E-05 2.593791501E-05
349.8 5.194481383E-05 -5.140017555E-22
350 5.201398136E-05 5.201398136E-05
350.2 3.125E-05 5.208333333E-05
350.4 2.08611482E-05 3.520533939E-20
350.6 2.088903743E-05 1.023116999E-20
350.8 2.091700134E-05 -2.614625167E-05
351 1.047252011E-05 -7.85439008E-05
351.2 0 -0.0001048657718
351.4 0 6.661281369E-20
351.6 0 2.628701211E-05
351.8 0 -1.961259869E-20
352 0 -5.271592443E-05
352.2 0 -0.0001055743243
352.4 0 -2.642929635E-05
352.6 0 -2.64651084E-05
352.8 0 -2.650101764E-05
353 0 7.961107337E-05
353.2 0 5.31462585E-05
353.4 0 5.321866485E-05
353.6 0 0.0001065825375
353.8 0 2.668203552E-05
354 0 -3.423329116E-20
354.2 0 2.675513699E-05
354.4 0 -5.358367627E-05
354.6 0 -2.682864011E-05
354.8 0 -2.686554333E-05
355 0 -2.690254821E-05
355.2 0 2.693965517E-05
355.4 0 -5.395372928E-05
355.6 1.080567082E-05 -5.402835408E-05
355.8 2.164127424E-05 7.378249878E-20
356 2.167128988E-05 5.417822469E-05
356.2 3.255208333E-05 -1.339165676E-20
356.4 3.259735744E-05 2.716446453E-05
356.6 4.352367688E-05 5.44045961E-05
356.8 5.44804742E-05 -2.72402371E-05
357 5.455656425E-05 2.727828212E-05
357.2 5.463286713E-05 -6.021182578E-20
357.4 4.3767507E-05 -2.735469188E-05
357.6 3.2871669E-05 5.478611501E-05
357.8 3.291783708E-05 2.74315309E-05
358 2.197609001E-05 2.747011252E-05
358.2 2.200704225E-05 -5.501760563E-05
358.4 1.10190409E-05 -2.754760226E-05
358.6 0 2.75865113E-05
358.8 0 -8.287659123E-05
359 0 -2.766466006E-05
359.2 0 2.770390071E-05
359.4 0 2.774325284E-05
359.6 0 8.334815078E-05
359.8 0 5.564458689E-05
360 0 2.786198288E-05
360.2 0 -6.707209183E-20
360.4 0 -2.794170243E-05
360.6 0 5.596346705E-05
360.8 0 5.604375897E-05
361 0 2.80621408E-05
361.2 0 -2.810251799E-05
361.4 0 -8.442903458E-05
361.6 0 -5.636724387E-05
361.8 0 -2.822434971E-05
362 0 -5.653039074E-05
362.2 0 -2.830615942E-05
362.4 0 -8.504172714E-05
362.6 0 -0.0001135537791
362.8 0 5.685953421E-05
363 0 2.847120991E-05
363.2 0 -1.452678013E-20
363.4 0 -1.650148547E-20
363.6 0 -5.719253294E-05
363.8 0 -1.332047465E-20
364 0 2.868024963E-05
364.2 0 -4.907202574E-20
364.4 0 2.876472754E-05
364.6 0 2.880715339E-05
364.8 0 5.769940916E-05
365 0 2.889238166E-05
365.2 0 -2.893518519E-05
365.4 0 -0.0001159124629
365.6 0 -0.0001160846954
365.8 0 2.906436012E-05
366 0 -8.514034608E-20
366.2 0 -5.830223881E-05
366.4 0 -5.838938714E-05
366.6 0 -8.771519461E-05
366.8 0 -5.856446777E-05
367 0 -5.86524024E-05
367.2 0 -5.87406015E-05
367.4 0 -5.882906627E-05
367.6 0 -0.0001472944947
367.8 0 -2.950339879E-05
368 0 2.954803328E-05
368.2 0 2.959280303E-05
368.4 1.185508346E-05 8.891312595E-05
368.6 2.374620061E-05 2.838690891E-20
368.8 2.378234399E-05 2.192005557E-20
369 1.190929878E-05 0.0001488662348
369.2 0 8.945610687E-05
369.4 1.194571865E-05 -5.972859327E-05
369.6 1.196401225E-05 -0.0001196401225
369.8 0 -8.986771472E-05
370 0 6.000384025E-05
370.2 0 0.0001201923077
370.4 0 3.009437596E-05
370.6 0 -4.897847565E-20
370.8 0 -3.974302532E-20
371 0 -3.023413313E-05
371.2 0 1.056693529E-19
371.4 0 5.413805007E-20
371.6 0 -9.11255832E-05
371.8 0 -6.084501558E-05
372 0 -3.04699688E-05
372.2 0 3.051757813E-05
372.4 0 6.113067293E-05
372.6 0 -1.199741766E-20
372.8 0 9.198390895E-05
373 0 3.070951258E-05
373.2 0 -3.075787402E-05
373.4 0 -1.212303918E-20
373.6 0 3.085505529E-05
373.8 0 3.090387658E-05
374 0 -3.095285261E-05
374.2 0 -3.535594508E-20
374.4 0 3.105127186E-05
374.6 0 -3.110071656E-05
374.8 0 4.016380086E-20
375 0 3.120007987E-05
375.2 0 1.21542383E-21
375.4 0 3.658884056E-20
375.6 0 3.135032103E-05
375.8 0 9.420217042E-05
376 0 6.290257649E-05
376.2 0 -3.150201613E-05
376.4 0 3.155290792E-05
376.6 0 9.48118932E-05
376.8 0 3.165518639E-05
377 1.268262987E-05 3.170657468E-05
377.2 2.540650407E-05 -3.175813008E-05
377.4 3.81718241E-05 -9.542956026E-05
377.6 3.823409462E-05 -3.186174551E-05
377.8 3.829656863E-05 3.191380719E-05
378 3.835924714E-05 3.196603928E-05
378.2 3.842213115E-05 3.201844262E-05
378.4 3.848522167E-05 9.621305419E-05
378.6 2.569901316E-05 0.0001284950658
378.8 2.574135091E-05 -3.806441556E-21
379 2.578382838E-05 -9.668935644E-05
379.2 5.165289256E-05 -0.0001291322314
379.4 7.760761589E-05 -0.0001616825331
379.6 0.0001036484245 -0.0001295605307
379.8 0.0001297757475 -3.244393688E-05
380 0.0001559900166 -9.74937604E-05
380.2 0.0001953125 -6.510416667E-05
380.4 0.0001825959933 0.0001304257095
380.6 0.0001959657191 9.798285953E-05
380.8 0.0001832077052 3.271566164E-05
381 0.0001704068792 3.277055369E-05
381.2 0.0001575630252 -7.874628928E-20
381.4 0.0001446759259 -6.576178451E-05
381.6 0.0001449198988 -1.086651889E-20
381.8 0.0001319679054 3.299197635E-05
382 0.0001321912014 -6.609560068E-05
382.2 0.0001324152542 -3.310381356E-05
382.4 0.0001459040747 3.316001698E-05
382.6 0.0001594387755 -6.620258386E-20
382.8 0.0001730195911 6.654599659E-05
383 0.0001866467577 -9.998933447E-05
383.2 0.0002003205128 -0.0001669337607
383.4 0.0002006635274 -5.855763732E-20
383.6 0.0002144082333 -3.350128645E-05
383.8 0.0002416237113 -6.711769759E-05
384 0.0002554862306 -6.723321859E-05
384.2 0.0002828663793 -3.367456897E-05
384.4 0.0003103411054 -5.173104708E-20
384.6 0.0003108780277 3.379108997E-05
384.8 0.0002978769497 6.769930676E-05
385 0.0002712673611 0.0001017252604
385.2 0.0002445652174 0.0001698369565
385.4 0.0002449912892 0.0001020797038
385.6 0.0002454188482 -3.408595113E-05
385.8 0.0002458479021 -3.414554196E-05
386 0.0002462784588 3.420534151E-05
386.2 0.000233004386 -1.035282075E-20
386.4 0.000233413884 5.0155153E-20
386.6 0.0002200704225 3.438600352E-05
386.8 0.0002066798942 4.350083509E-20
387 0.0001932420495 -0.0001035225265
387.2 0.0001797566372 -6.913716814E-05
387.4 0.0001662234043 8.857242408E-21
387.6 0.0001387655417 9.684803173E-21
387.8 0.0001112099644 6.950622776E-05
388 9.748217469E-05 3.481506239E-05
388.2 8.370535714E-05 3.487723214E-05
388.4 8.385509839E-05 6.987924866E-05
388.6 7.000448029E-05 7.000448029E-05
388.8 5.610412926E-05 7.013016158E-05
389 4.215377698E-05 7.025629496E-05
389.2 4.222972973E-05 -9.971406444E-20
389.4 4.230595668E-05 -4.075153094E-20
389.6 4.238245931E-05 -1.930725389E-20
389.8 4.245923913E-05 1.970674744E-20
390 4.253629764E-05 6.792359413E-21
390.2 4.261363636E-05 -3.551136364E-05
390.4 4.269125683E-05 3.557604736E-05
390.6 4.276916058E-05 3.564096715E-05
390.8 4.284734918E-05 -9.088098117E-20
391 4.292582418E-05 -3.577152015E-05
391.2 4.300458716E-05 -7.167431193E-05
391.4 4.308363971E-05 -3.590303309E-05
391.6 4.316298343E-05 -7.193830571E-05
391.8 4.324261993E-05 -0.0001081065498
392 4.332255083E-05 -7.220425139E-05
392.2 4.340277778E-05 -7.233796296E-05
392.4 4.348330241E-05 -7.247217069E-05
392.6 4.356412639E-05 -3.630343866E-05
392.8 4.36452514E-05 3.637104283E-05
393 4.37266791E-05 7.287779851E-05
393.2 4.380841121E-05 7.301401869E-05
393.4 4.389044944E-05 7.315074906E-05
393.6 4.39727955E-05 7.32879925E-05
393.8 4.405545113E-05 7.342575188E-05
394 4.413841808E-05 0.0001103460452
394.2 2.948113208E-05 0.0001474056604
394.4 1.4768431E-05 0.0001107632325
394.6 0 3.699100379E-05
394.8 0 -7.412239089E-05
395 0 -0.000111394962
395.2 0 -7.44047619E-05
395.4 0 -3.727337786E-05
395.6 1.493785851E-05 -7.468929254E-05
395.8 1.49664751E-05 -0.000149664751
396 1.499520154E-05 -0.0001124640115
396.2 0 -0.0001126802885
396.4 0 -7.526493256E-05
396.6 0 -1.072579075E-19
396.8 0 3.690560943E-20
397 0 4.499428716E-20
397.2 0 1.034986464E-19
397.4 0 3.799854086E-05
397.6 0 3.807261209E-05
397.8 0 5.721654086E-20
398 0 -7.735132701E-20
398.2 0 -8.090066851E-20
398.4 0 7.285409904E-20
398.6 0 -8.8717021E-21
398.8 0 1.039829583E-20
399 0 -1.005509954E-19
399.2 0 1.220283969E-20
399.4 0 3.502281263E-20
399.6 0 -5.636877647E-20
399.8 0 -1.709111102E-19
400 0 1.725644433E-20
400.2 0 7.22025723E-20
400.4 0 -4.813924537E-20
400.6 0 -5.39333804E-20
400.8 0 3.891387024E-20
401 0 -6.504798889E-20
401.2 0 -1.168055941E-19
401.4 0 -1.410408157E-19
401.6 0 2.799218919E-20
401.8 0 7.675783398E-20
402 0 5.845627979E-20
402.2 0 1.710970314E-20
402.4 0 -1.705099382E-22
402.6 0 1.082602685E-19
402.8 0 -7.885890164E-20
403 0 -7.000468306E-20
403.2 0 6.943695391E-20
403.4 0 4.035382231E-05
403.6 0 1.076162113E-20
403.8 0 -4.052126556E-05
404 0 3.966797957E-20
404.2 0 1.834994302E-20
404.4 0 4.077505219E-05
404.6 0 8.674609654E-22
404.8 0 -4.094601677E-05
405 0 1.516847622E-19
405.2 0 4.197258075E-20
405.4 0 7.89393288E-21
405.6 0 -1.796126906E-20
405.8 0 8.27595339E-05
406 0 -9.560636375E-20
406.2 0 -4.155585106E-05
406.4 0 -4.845588589E-20
406.6 0 -4.173344017E-05
406.8 0 -4.692527652E-21
407 0 -5.324877362E-20
407.2 0 -2.476395107E-20
407.4 0 -3.086855227E-20
407.6 0 -2.6319398E-20
407.8 0 4.22754329E-05
408 0 7.827738405E-20
408.2 0 -1.658428006E-20
408.4 0 4.255174292E-05
408.6 0 -1.564155371E-19
408.8 0 4.273796499E-05
409 0 -4.28316886E-05
409.2 0 -4.292582418E-05
409.4 0 4.302037445E-05
409.6 0 -5.236710018E-20
409.8 0 4.321073009E-05
410 0 -6.94259055E-20
410.2 0 -4.340277778E-05
410.4 0 7.077352796E-20
410.6 0 4.359654018E-05
410.8 0 4.369407159E-05
411 0 2.087174702E-20
411.2 0 -4.389044944E-05
411.4 0 -4.39893018E-05
411.6 0 8.742035696E-20
411.8 0 4.418834842E-05
412 0 4.428854875E-05
412.2 0 5.198692511E-21
412.4 0 -1.401549729E-20
412.6 0 -5.632988579E-21
412.8 0 -8.748608709E-20
413 0 -1.126670717E-20
413.2 0 -4.489942529E-05
413.4 0 -9.779749998E-20
413.6 0 4.510681293E-05
413.8 0 -7.770182488E-22
414 0 1.665986004E-20
414.2 0 3.574908064E-20
414.4 0 5.361706505E-20
414.6 0 -4.563376168E-05
414.8 1.829625293E-05 -1.913644328E-20
415 1.833920188E-05 4.584800469E-05
415.2 3.676470588E-05 -3.466140497E-20
415.4 5.527712264E-05 -4.606426887E-05
415.6 7.387706856E-05 -9.23463357E-05
415.8 9.256516588E-05 -8.088551559E-20
416 9.278503563E-05 4.639251781E-05
416.2 9.300595238E-05 9.073612526E-20
416.4 9.322792363E-05 1.006257011E-19
416.6 9.345095694E-05 4.672547847E-05
416.8 7.494004796E-05 -4.683752998E-05
417 9.390024038E-05 -4.695012019E-05
417.2 7.530120482E-05 4.706325301E-05
417.4 7.548309179E-05 -2.70706247E-20
417.6 7.566585956E-05 4.687016113E-20
417.8 7.584951456E-05 -4.74059466E-05
418 7.603406326E-05 -4.752128954E-05
418.2 7.62195122E-05 -5.823531537E-20
418.4 5.730440098E-05 4.775366748E-05
418.6 3.829656863E-05 4.787071078E-05
418.8 1.91953317E-05 -4.784158527E-20
419 0 5.787935237E-20
419.2 0 3.278266359E-20
419.4 0 -4.834467822E-05
419.6 0 4.999118622E-21
419.8 0 4.8585199E-05
420 0 9.74127182E-05
420.2 0 4.8828125E-05
420.4 0 4.895050125E-05
420.6 0 9.814698492E-05
420.8 0 -7.793355889E-22
421 0 4.932133838E-05
421.2 0 4.944620253E-05
421.4 0 -1.771315905E-20
421.6 0 -9.93956743E-05
421.8 0 -4.982461735E-05
422 0 -3.455711556E-20
422.2 0 -5.008012821E-05
422.4 0 -9.609805527E-20
422.6 0 -5.03382732E-05
422.8 0 -0.0001009366925
423 0 -0.0001011981865
423.2 0 -5.073051948E-05
423.4 0 -7.604511396E-20
423.6 0 -1.224114662E-19
423.8 0 -3.745075614E-20
424 0 -2.700765844E-20
424.2 0 4.42230489E-20
424.4 0 6.501240198E-20
424.6 0 6.815599605E-20
424.8 0 6.278154563E-20
425 0 -2.594264941E-20
425.2 0 -5.208333333E-05
425.4 0 -1.721827924E-19
425.6 0 5.236260054E-05
425.8 0 7.694588041E-20
426 0 2.157970193E-20
426.2 0 1.625998485E-20
426.4 0 -1.102641037E-19
426.6 0 -1.07626958E-19
426.8 0 -7.060926582E-20
427 0 -7.265768831E-20
427.2 0 3.337153434E-20
427.4 0 1.019522608E-19
427.6 0 1.010561729E-20
427.8 0 -5.056346482E-20
428 0 8.208090737E-20
428.2 0 1.837154125E-20
428.4 0 2.419266606E-21
428.6 0 5.676181698E-20
428.8 0 -1.141077473E-20
429 0 -2.487547483E-20
429.2 0 -4.049926718E-20
429.4 0 -3.255775919E-20
429.6 0 -1.02709665E-19
429.8 0 5.548650568E-05
430 0 0.0001112891738
430.2 0 0.0001116071429
430.4 0 0.0001119269341
430.6 0 0.0001122485632
430.8 0 0.0001125720461
431 0 0.0001128973988
431.2 0 0.0001132246377
431.4 0 5.677688953E-05
431.6 0 4.411059534E-20
431.8 0 -1.67374293E-19
432 0 5.727639296E-05
432.2 0 5.744485294E-05
432.4 0 -5.761430678E-05
432.6 0 -0.0001155695266
432.8 0 -0.0001738686944
433 0 -0.0001743861607
433.2 0 -0.0001166044776
433.4 0 -0.0001169535928
433.6 0 -0.0001173048048
433.8 0 -0.0001176581325
434 0 -5.900679758E-05
434.2 0 -1.430606338E-20
434.4 0 5.936550152E-05
434.6 0 0.0001190929878
434.8 0 6.057597848E-20
435 0 -5.991180982E-05
435.2 0 6.009615385E-05
435.4 0 6.02816358E-05
435.6 0 -6.046826625E-05
435.8 0 -6.06560559E-05
436 0 -3.937921052E-20
436.2 0 2.918667027E-20
436.4 0 5.474842382E-20
436.6 0 2.430438498E-19
436.8 0 1.655197015E-19
437 0 -6.180775316E-05
437.2 0 -6.200396825E-05
437.4 0 2.038451488E-20
437.6 0 -5.357648104E-20
437.8 0 8.320069609E-20
438 0 -1.203181947E-20
438.2 2.52016129E-05 9.182062573E-20
438.4 2.528317152E-05 1.09535602E-19
438.6 0 6.085101042E-20
438.8 0 -2.944425129E-20
439 0 -6.382761438E-05
439.2 0 -6.403688525E-05
439.4 0 6.424753289E-05
439.6 0 5.249851188E-20
439.8 0 -6.467301325E-05
440 0 -1.137994261E-19
440.2 0 -4.376456871E-20
440.4 0 6.532190635E-05
440.6 0 6.554110738E-05
440.8 0 6.576178451E-05
441 0 8.521433951E-20
441.2 0 -6.620762712E-05
441.4 2.657312925E-05 2.90432945E-20
441.6 5.332764505E-05 5.018790798E-20
441.8 2.675513699E-05 -2.377369366E-19
442 2.684707904E-05 -6.711769759E-05
442.2 2.693965517E-05 -6.734913793E-05
442.4 2.703287197E-05 6.758217993E-05
442.6 0 0.0001356336806
442.8 0 -8.240987691E-20
443 2.731643357E-05 -6.829108392E-05
443.2 2.74122807E-05 -3.917449719E-21
443.4 2.750880282E-05 7.766475083E-20
443.6 2.760600707E-05 6.901501767E-05
443.8 2.770390071E-05 6.925975177E-05
444 2.78024911E-05 6.950622776E-05
444.2 2.790178571E-05 6.975446429E-05
444.4 2.800179211E-05 1.39279761E-19
444.6 2.810251799E-05 -1.254858879E-19
444.8 2.820397112E-05 0.0001410198556
445 2.830615942E-05 0.0001415307971
445.2 2.840909091E-05 1.562527048E-19
445.4 2.851277372E-05 0.0001425638686
445.6 2.861721612E-05 0.0001430860806
445.8 2.872242647E-05 7.180606618E-05
446 2.882841328E-05 7.207103321E-05
446.2 5.787037037E-05 7.233796296E-05
446.4 5.808550186E-05 0.0001452137546
446.6 5.830223881E-05 1.648366144E-19
446.8 5.852059925E-05 -7.315074906E-05
447 5.87406015E-05 -4.743163406E-20
447.2 5.896226415E-05 7.370283019E-05
447.4 5.918560606E-05 0.0002219460227
447.6 5.941064639E-05 0.000148526616
447.8 2.981870229E-05 7.454675573E-05
448 2.993295019E-05 7.483237548E-05
448.2 6.009615385E-05 1.132763168E-20
448.4 9.049227799E-05 -7.541023166E-05
448.6 0.000121124031 -0.0001514050388
448.8 0.0001519941634 -0.0001519941634
449 0.0001831054688 -7.629394531E-05
449.2 0.0001838235294 -7.659313725E-05
449.4 0.0001845472441 -7.689468504E-05
449.6 0.0001852766798 -1.973434264E-19
449.8 0.0001550099206 -7.750496032E-05
450 0.000124501992 -7.781374502E-05
450.2 9.375E-05 -7.8125E-05
450.4 6.275100402E-05 -0.00015687751
450.6 3.150201613E-05 -0.0001575100806
450.8 3.162955466E-05 -0.0001581477733
451 3.175813008E-05 -7.93953252E-05
451.2 3.18877551E-05 -7.971938776E-05
451.4 0 -0.0001600922131
451.6 0 -8.03755144E-05
451.8 0 -6.659972801E-20
452 3.241701245E-05 8.104253112E-05
452.2 0 0.0001627604167
452.4 0 -9.484080524E-20
452.6 3.282563025E-05 -8.206407563E-05
452.8 3.296413502E-05 8.241033755E-05
453 3.310381356E-05 8.27595339E-05
453.2 3.324468085E-05 -8.540925264E-20
453.4 3.338675214E-05 2.929794259E-20
453.6 3.353004292E-05 -6.238902046E-21
453.8 3.367456897E-05 8.418642241E-05
454 3.382034632E-05 8.45508658E-05
454.2 3.39673913E-05 -6.449364422E-20
454.4 3.411572052E-05 -8.528930131E-05
454.6 3.426535088E-05 1.626412331E-19
454.8 3.441629956E-05 0.0001720814978
455 3.456858407E-05 0.0001728429204
455.2 3.472222222E-05 0.0002604166667
455.4 3.487723214E-05 8.719308036E-05
455.6 3.503363229E-05 -8.758408072E-05
455.8 3.519144144E-05 -9.129193738E-20
456 3.535067873E-05 0.0001767533937
456.2 0 0.0001775568182
456.4 0 -8.918378995E-05
456.6 0 -8.959288991E-05
456.8 0 -1.092552012E-19
457 0 -0.0001808449074
457.2 3.63372093E-05 -0.0001816860465
457.4 3.650700935E-05 -9.126752336E-05
457.6 3.667840376E-05 -0.0001833920188
457.8 3.685141509E-05 -0.0001842570755
458 3.702606635E-05 -0.0001851303318
458.2 3.720238095E-05 -5.036611509E-20
458.4 3.738038278E-05 -9.345095694E-05
458.6 3.756009615E-05 -0.0001878004808
458.8 0 -4.293876202E-20
459 0 -2.860425019E-20
459.2 0 -2.037368852E-19
459.4 0 -1.195830137E-19
459.6 0 6.096299143E-20
459.8 0 9.668935644E-05
460 0 0.000194340796
460.2 0 9.765625E-05
460.4 0 -4.051297267E-20
460.6 0 6.354843294E-20
460.8 0 -1.029222272E-19
461 0 9.964923469E-05
461.2 0 0.0001001602564
461.4 0 -0.0001006765464
461.6 0 -0.0001011981865
461.8 0 -0.0001017252604
462 0 -0.0001022578534
462.2 0 -0.0001027960526
462.4 0 -0.0001033399471
462.6 0 -2.704529557E-19
462.8 0 6.669141643E-20
463 0 9.633901837E-20
463.2 0 8.644027017E-20
463.4 0 0.0001061480978
463.6 0 -3.112237293E-19
463.8 4.292582418E-05 -0.0001073145604
464 4.316298343E-05 0.0001079074586
464.2 0 3.547379142E-21
464.4 4.36452514E-05 0.0001091131285
464.6 4.389044944E-05 0.0002194522472
464.8 4.413841808E-05 -0.0001103460452
465 4.438920455E-05 -0.0001109730114
465.2 4.464285714E-05 -2.243995143E-20
465.4 4.489942529E-05 6.727476269E-20
465.6 4.515895954E-05 2.40372088E-19
465.8 4.542151163E-05 -4.276104688E-19
466 4.56871345E-05 -1.495628924E-19
466.2 4.595588235E-05 -2.681993482E-20
466.4 4.622781065E-05 1.984180131E-19
466.6 4.650297619E-05 -8.357441149E-20
466.8 4.678143713E-05 1.301283052E-19
467 4.706325301E-05 -3.390475909E-20
467.2 4.734848485E-05 -6.602437663E-20
467.4 4.763719512E-05 2.488265115E-20
467.6 4.792944785E-05 -6.777637902E-20
467.8 4.822530864E-05 -1.980812902E-19
468 4.852484472E-05 -1.384539735E-19
468.2 4.8828125E-05 1.468936824E-19
468.4 4.913522013E-05 5.273694705E-20
468.6 4.944620253E-05 8.252369964E-20
468.8 4.97611465E-05 1.94261936E-19
469 5.008012821E-05 -0.0001252003205
469.2 5.040322581E-05 -1.483473262E-19
469.4 0 3.866212936E-20
469.6 5.10620915E-05 2.190440349E-19
469.8 5.139802632E-05 0.0001284950658
470 5.17384106E-05 -0.0001293460265
470.2 5.208333333E-05 -7.237782182E-20
470.4 5.243288591E-05 0.0001310822148
470.6 5.278716216E-05 1.56897131E-19
470.8 5.31462585E-05 2.276738118E-20
471 5.351027397E-05 1.12750855E-19
471.2 5.387931034E-05 -1.376356559E-19
471.4 5.425347222E-05 -4.388080405E-20
471.6 5.463286713E-05 6.163633759E-20
471.8 5.501760563E-05 -0.0001375440141
472 5.540780142E-05 -0.0001385195035
472.2 0 -2.039659648E-19
472.4 0 -6.367701336E-20
472.6 0 -1.739172791E-19
472.8 0 -0.0001425638686
473 0 -0.0002872242647
473.2 0 -0.0001446759259
473.4 0 -2.405121799E-20
473.6 0 0.0001468515038
473.8 0 0.0001479640152
474 0 1.221766885E-19
474.2 0 2.536158826E-19
474.4 0 -0.0001514050388
474.6 0 -0.0001525878906
474.8 0 5.32833685E-20
475 0 8.216824491E-21
475.2 0 3.76798417E-19
475.4 0 2.934597151E-19
475.6 0 1.024275538E-19
475.8 0 1.668085375E-19
476 0 5.919041154E-19
476.2 0 3.001494812E-19
476.4 0 5.184310639E-20
476.6 0 5.610686907E-20
476.8 0 2.835384469E-19
477 0 -1.756358248E-19
477.2 0 1.727984334E-19
477.4 0 1.407818727E-19
477.6 0 3.4121782E-19
477.8 0 2.939699371E-19
478 0 -2.85948449E-19
478.2 0 4.10727716E-20
478.4 0 -2.039937037E-19
478.6 0 2.104264337E-19
478.8 0 2.832913343E-19
479 0 3.553081615E-19
479.2 0 4.87556988E-19
479.4 0 1.014527724E-19
479.6 0 0.0001896237864
479.8 0 0.0001914828431
480 0 2.333747616E-19
480.2 0 2.312361647E-20
480.4 0 -3.381041774E-19
480.6 0 0.0001992984694
480.8 8.054123711E-05 0.0004027061856
481 8.138020833E-05 0.0004069010417
481.2 8.223684211E-05 -0.0002055921053
481.4 8.311170213E-05 -0.0002077792553
481.6 0 3.895598253E-19
481.8 0 -0.0004245923913
482 0 -3.198996997E-20
482.2 0 0.0002170138889
482.4 0 1.225826331E-19
482.6 0 -0.0002219460227
482.8 0 -0.0002244971264
483 0 4.074817371E-19
483.2 0 3.273151993E-19
483.4 0 1.395055832E-19
483.6 0 -2.219697213E-19
483.8 0 0.0002381859756
484 0 0.0002411265432
484.2 0 2.874415154E-19
484.4 0 -0.0002472310127
484.6 0 -0.000250400641
484.8 0 -3.804125587E-20
485 0 -0.0002569901316
485.2 0 1.416509136E-19
485.4 0 0.0002639358108
485.6 0 1.267161631E-19
485.8 0 -0.0002712673611
486 0 -0.0002750880282
486.2 0 6.764040078E-19
486.4 0 1.212407596E-19
486.6 0 3.681096499E-19
486.8 0 5.328905072E-19
487 0 2.692195973E-19
487.2 0 5.687719489E-19
487.4 0 7.668044146E-19
487.6 0 8.647498002E-19
487.8 0 0.0003150201613
488 0 0.0006403688525
488.2 0.0001302083333 0.0006510416667
488.4 0.0001324152542 0.0003310381356
488.6 0.0001346982759 -0.0003367456897
488.8 0.0001370614035 0.0003426535088
489 0 0.0003487723214
489.2 0.0001420454545 8.642094756E-20
489.4 0.0001446759259 4.650907258E-19
489.6 0.0001474056604 -0.0007370283019
489.8 0 -0.0003756009615
490 0 7.265649586E-19
490.2 0 4.502837618E-19
490.4 0 6.778915792E-19
490.6 0 -3.063206931E-19
490.8 0.0001662234043 -4.480447041E-19
491 0.0001698369565 0.0004245923913
491.2 0.0001736111111 0.0004340277778
491.4 0.0001775568182 0.0008877840909
491.6 0.0001816860465 0.0009084302326
491.8 0.0001860119048 -0.0004650297619
492 0.0001905487805 1.324615193E-19
492.2 0 1.79026715E-18
492.4 0.0002003205128 9.414807421E-19
492.6 0.0002055921053 1.424023149E-18
492.8 0.0002111486486 -0.001055743243
493 0 -0.0005425347222
493.2 0 1.702283E-19
493.4 0 4.088406934E-19
493.6 0 -0.0005918560606
493.8 0 -0.0006103515625
494 0 0.0006300403226
494.2 0 0.0006510416667
494.4 0 0.001346982759
494.6 0 0.002092633929
494.8 0 0.001446759259
495 0 0.001502403846
495.2 0 0.0015625
495.4 0 0.001627604167
495.6 0 0.001698369565
495.8 0 0.0008877840909
496 0 1.361367711E-18
496.2 0 -6.721356084E-19
496.4 0 -1.115277644E-19
496.6 0 1.63487949E-18
496.8 0 -0.001148897059
497 0 -0.001220703125
497.2 0 9.937522102E-19
497.4 0 -1.563428104E-19
497.6 0 -8.368004121E-19
497.8 0 -3.206269833E-18
498 0 -4.950425692E-18
498.2 0 1.85723877E-19
498.4 0 1.225314865E-18
498.6 0 0.00244140625
498.8 0 0.002790178571
499 0 -1.314961427E-17
499.2 0 1.963416439E-19
499.4 0 9.535762791E-18
499.6 0 -2.591380765E-18
499.8 0 -5.197376549E-19
500 0 2.746374239E-17
