0 0.007293957417 -3.1237505E-05
0.2 0.006615625 0.00125
0.4 0.006224364746 0.0004923844538
0.6 0.005917233787 0.0004300315252
0.8 0.005644273128 0.0003519848819
1 0.00541804387 0.0002582256611
1.2 0.005179108216 0.0002348446894
1.4 0.004968173617 0.0002427701484
1.6 0.00476020357 0.0001880264741
1.8 0.004589686998 0.000274315309
2 0.004403352067 0.0002273810719
2.2 0.004248242972 7.843875502E-05
2.4 0.004114980916 0.0002197167537
2.6 0.003969051447 0.000235505426
2.8 0.003863841978 0.0001413600724
3 0.00375540527 6.285197104E-05
3.2 0.003656312877 3.929828974E-05
3.4 0.0035571407 0.0001493936192
3.6 0.003454742247 0.0001179898308
3.8 0.003352261281 9.442989525E-05
4 0.003249697703 8.659562676E-05
4.2 0.003162802419 7.087953629E-05
4.4 0.003053776724 8.666549012E-05
4.6 0.002950968523 8.670046408E-05
4.8 0.002854385345 0.0001103905935
5 0.002757724152 0.0001183234047
5.2 0.002657828283 0.000110479798
5.4 0.002567325182 0.0001026298504
5.6 0.002479908006 7.897796199E-05
5.8 0.002398740898 -1.58019822E-05
6 0.002336478146 -2.371256576E-05
6.2 0.002264676113 2.372216599E-05
6.4 0.002189651681 2.3731774E-05
6.6 0.002124063006 2.374138979E-05
6.8 0.002055254358 -1.125074001E-20
7 0.002005398418 3.960107461E-05
7.2 0.001945993915 7.131085193E-05
7.4 0.001889711851 2.377993101E-05
7.6 0.001817524361 7.929861957E-06
7.8 0.001767490861 -3.173233144E-05
8 0.001726940268 -7.142675742E-05
8.2 0.00168953252 -4.763719512E-05
8.4 0.001658448556 -1.588552257E-05
8.6 0.001617804109 -7.945992677E-06
8.8 0.001577126577 -3.97461335E-05
9 0.001542777891 -7.15721702E-05
9.2 0.001508401222 -5.568991853E-05
9.4 0.001480363692 -2.387683374E-05
9.6 0.001439563799 -4.777313494E-05
9.8 0.001398730628 -2.389630914E-05
10 0.001361051612 -1.59373725E-05
10.2 0.001329719388 -2.391581633E-05
10.4 0.001301551654 -2.392558187E-05
10.6 0.001276552288 -2.393535539E-05
10.8 0.001241954434 -2.39451369E-05
11 0.001213716271 -4.790985282E-05
11.2 0.001191845603 -4.792944785E-05
11.4 0.001173153642 -7.192358838E-05
11.6 0.001138456815 -2.398434302E-05
11.8 0.001110130016 1.599610975E-05
12 0.00107217841 -2.400399426E-05
12.2 0.001040599385 -3.201844262E-05
12.4 0.001012197622 -4.003946289E-05
12.6 0.0009805680886 -4.005588597E-05
12.8 0.0009521183833 -7.213018055E-05
13 0.0009204382184 -9.621305419E-05
13.2 0.0009015657084 -4.010523614E-05
13.4 0.000879467954 -4.814605588E-05
13.6 0.0008701962598 -1.605528155E-05
13.8 0.0008512798109 -8.030941612E-06
14 0.0008355614973 -4.8205471E-05
14.2 0.0008166152263 -8.03755144E-06
14.4 0.0008040860436 -6.432688349E-05
14.6 0.0007947642092 -9.65300659E-05
14.8 0.000785434693 -8.047486609E-05
15 0.0007696568425 -9.660964551E-05
15.2 0.0007603092784 -0.000112757732
15.4 0.0007541769802 -8.05744637E-05
15.6 0.0007448153116 -4.030385885E-05
15.8 0.0007322202725 -7.257689926E-05
16 0.0007163878563 -6.453944651E-05
16.2 0.0007005423554 -8.070764463E-05
16.4 0.000687913394 -8.881510955E-05
16.6 0.0006849669148 -7.26969603E-05
16.8 0.0006690887464 -0.0001131309475
17 0.0006564310844 -0.0001374301531
17.2 0.00064376294 -0.0001213121118
17.4 0.0006310842999 -9.708989229E-05
17.6 0.0006151574803 -7.284759635E-05
17.8 0.0006024564677 -9.717039801E-05
18 0.0005897449191 -0.0001296142679
18.2 0.0005770228216 -7.293827801E-05
18.4 0.000561047115 -1.621523454E-05
18.6 0.0005547913206 -4.05549211E-05
18.8 0.0005485303282 -6.491483174E-05
19 0.0005325228595 -4.87063591E-05
19.2 0.000516502079 -6.496881497E-05
19.4 0.0005069675541 -9.74937604E-05
19.6 0.0004909228048 -6.502288806E-05
19.8 0.0004813696919 -1.626248959E-05
20 0.000475062474 2.890001626E-21
20.2 0.0004654947917 -4.069010417E-05
20.4 0.0004624322634 -4.884847853E-05
20.6 0.0004495934112 -2.443442452E-05
20.8 0.0004367438465 -1.629641218E-05
21 0.0004206229132 -7.853481167E-21
21.2 0.0004142745303 -3.262004175E-05
21.4 0.0004079208438 -9.790100251E-05
21.6 0.0004015618471 -7.345643544E-05
21.8 0.0003951975334 -2.449571488E-05
22 0.0003888278963 -5.718057298E-05
22.2 0.0003824529289 -4.086035565E-05
22.4 0.0003728024278 -8.175491838E-06
22.6 0.0003631438442 -8.17891541E-06
22.8 0.0003600230415 -3.272936741E-05
23 0.0003568996228 -0.0001064150251
23.2 0.0003570492662 -0.0001064596436
23.4 0.0003506449245 -5.734846896E-05
23.6 0.0003409567772 -1.639215275E-05
23.8 0.0003378201092 5.739662049E-05
24 0.000331399622 4.10148047E-05
24.2 0.0003216911765 -1.641281513E-05
24.4 0.0003119745691 -3.283942833E-05
24.6 0.0003088204373 2.042567592E-20
24.8 0.0003089503576 3.286705932E-05
25 0.0003025042088 -8.220223064E-06
25.2 0.0002993421053 -3.289473684E-05
25.4 0.0002895956192 -4.113574136E-05
25.6 0.0002831331648 -4.938369153E-05
25.8 0.0002766652614 -2.470225548E-05
26 0.000266896879 8.237557992E-06
26.2 0.0002604166667 8.241033755E-06
26.4 0.0002506331786 -8.244512453E-06
26.6 0.000244140625 8.247994088E-06
26.8 0.0002310414026 1.650295733E-05
27 0.0002179311074 8.254966188E-06
27.2 0.0002081131078 3.303382664E-05
27.4 0.000191677242 3.304780034E-05
27.6 0.0001719212865 2.47963394E-05
27.8 0.0001587637595 1.653789162E-05
28 0.0001555220246 3.308979246E-05
28.2 0.0001456567797 6.620762712E-05
28.4 0.0001324713862 6.623569309E-05
28.6 0.00011596162 6.626378287E-05
28.8 0.0001093816292 6.629189648E-05
29 0.0001027960526 4.145002122E-05
29.2 9.620488323E-05 -1.658704883E-05
29.4 8.297047579E-05 -8.297047579E-06
29.6 7.636527837E-05 3.320229494E-05
29.8 7.63977466E-05 -8.304102891E-06
30 7.310718843E-05 -1.66152701E-05
30.2 6.64893617E-05 3.324468085E-05
30.4 5.986590038E-05 3.325883355E-05
30.6 5.65640971E-05 -8.318249574E-06
30.8 5.325948019E-05 -1.664358756E-05
31 4.662190963E-05 -8.325341006E-06
31.2 3.997867804E-05 -1.665778252E-05
31.4 3.666275597E-05 -4.16622227E-05
31.6 3.667840376E-05 -8.336000854E-05
31.8 4.002988898E-05 -8.339560205E-05
32 4.338423751E-05 -4.171561299E-05
32.2 5.008012821E-05 -1.669337607E-05
32.4 5.010153912E-05 -2.505076956E-05
32.6 4.678143713E-05 -4.176914029E-05
32.8 4.680145486E-05 -2.507220796E-05
33 4.34770976E-05 -1.672196062E-05
33.2 4.014989293E-05 -3.345824411E-05
33.4 3.681983719E-05 -6.694515853E-05
33.6 3.34869267E-05 -5.023039006E-05
33.8 3.350128645E-05 -4.187660806E-05
34 3.351565852E-05 -8.378914629E-05
34.2 3.353004292E-05 -5.029506438E-05
34.4 3.354443967E-05 -4.193054959E-05
34.6 3.35588488E-05 -5.87279854E-05
34.8 3.021594327E-05 -3.357327031E-05
35 2.687016337E-05 -2.519077816E-05
35.2 2.688172043E-05 -3.360215054E-05
35.4 2.353162651E-05 -8.404152324E-06
35.6 1.681554025E-05 -1.681554025E-05
35.8 1.345822567E-05 -5.046834625E-05
36 1.683003016E-05 -1.683003016E-05
36.2 1.683728448E-05 -4.209321121E-05
36.4 1.684454506E-05 -2.526681759E-05
36.6 1.685181191E-05 4.212952977E-05
36.8 1.348726802E-05 3.371817005E-05
37 1.011981865E-05 2.529954663E-05
37.2 1.012419006E-05 3.374730022E-05
37.4 6.752376837E-06 5.064282627E-05
37.6 6.755296152E-06 5.066472114E-05
37.8 1.013732699E-05 -2.534331747E-05
38 1.014171354E-05 -8.451427953E-05
38.2 1.01461039E-05 -4.22754329E-05
38.4 1.015049805E-05 -2.537624513E-05
38.6 6.769930676E-06 -1.692482669E-05
38.8 3.386432596E-06 -1.693216298E-05
39 3.387901127E-06 -3.387901127E-05
39.2 0 -5.084056399E-05
39.4 3.390842014E-06 -5.086263021E-05
39.6 3.392314373E-06 -4.240392966E-05
39.8 6.787576021E-06 -4.242235013E-05
40 1.018578879E-05 -5.092894394E-05
40.2 1.358695652E-05 -3.39673913E-05
40.4 1.359286646E-05 -8.49554154E-06
40.6 1.699847694E-05 -1.699847694E-05
40.8 2.040705268E-05 -8.502938616E-06
41 1.701328397E-05 1.057758217E-20
41.2 2.04248366E-05 -3.404139434E-05
41.4 2.043374019E-05 -3.405623365E-05
41.6 2.044265155E-05 2.118284227E-20
41.8 2.045157068E-05 9.082321864E-21
42 2.04604976E-05 -1.705041467E-05
42.2 2.046943231E-05 -1.705786026E-05
42.4 2.047837484E-05 -8.532656182E-06
42.6 2.048732517E-05 -4.268192745E-05
42.8 2.049628334E-05 -4.270059029E-05
43 1.708770779E-05 -3.417541557E-05
43.2 1.7095186E-05 -2.564277899E-05
43.4 1.710267075E-05 8.551335377E-06
43.6 1.711016207E-05 -1.711016207E-05
43.8 1.711765995E-05 -4.279414987E-05
44 1.71251644E-05 -2.56877466E-05
44.2 1.713267544E-05 -4.28316886E-05
44.4 1.714019307E-05 -5.999067573E-05
44.6 1.71477173E-05 -3.429543459E-05
44.8 1.715524813E-05 -1.715524813E-05
45 1.716278559E-05 -8.581392794E-06
45.2 1.717032967E-05 1.717032967E-05
45.4 1.717788039E-05 7.628511328E-21
45.6 1.718543775E-05 -2.577815662E-05
45.8 1.719300176E-05 -4.29825044E-05
46 1.720057244E-05 -4.300143109E-05
46.2 1.376651982E-05 -3.441629956E-05
46.4 1.032944028E-05 -5.164720141E-05
46.6 1.033399471E-05 -2.583498677E-05
46.8 6.892368769E-06 -2.584638288E-05
47 3.447705207E-06 -2.585778906E-05
47.2 0 1.299462617E-20
47.4 0 8.626877208E-06
47.6 0 -2.589206805E-05
47.8 0 -6.044153404E-05
48 0 -2.591497125E-05
48.2 0 -3.456858407E-05
48.4 0 -2.593791501E-05
48.6 0 1.076143416E-20
48.8 0 -4.326816571E-05
49 0 -7.791722074E-05
49.2 0 -4.330654102E-05
49.4 0 1.757208175E-20
49.6 0 -3.467598757E-05
49.8 0 -6.070992451E-05
50 0 -1.735339849E-05
50.2 3.472222222E-06 8.680555556E-06
50.4 6.947532237E-06 8.684415296E-06
50.6 1.042593416E-05 8.68827847E-06
50.8 1.390743213E-05 -6.037451163E-21
51 1.739203028E-05 -1.457670689E-20
51.2 2.087973274E-05 -1.739977728E-05
51.4 2.785204991E-05 -1.740753119E-05
51.6 3.134752564E-05 -1.741529202E-05
51.8 3.484611954E-05 -3.484611954E-05
52 4.183400268E-05 -1.743083445E-05
52.2 4.8828125E-05 8.719308036E-06
52.4 5.233921393E-05 -4.320394024E-21
52.6 5.236260054E-05 2.131193323E-20
52.8 5.238600805E-05 1.746200268E-05
53 4.891547406E-05 1.746981216E-05
53.2 4.194630872E-05 -8.738814318E-06
53.4 3.846799463E-05 -1.74854521E-05
53.6 3.848522167E-05 -8.74664129E-06
53.8 3.850246416E-05 -2.625168011E-05
54 3.85197221E-05 -8.754482295E-06
54.2 3.853699552E-05 1.019092733E-21
54.4 3.855428443E-05 8.762337371E-06
54.6 4.207809695E-05 1.753254039E-05
54.8 4.560507409E-05 -8.770206556E-06
55 4.913522013E-05 -3.50965858E-05
55.2 4.564606742E-05 -5.266853933E-05
55.4 4.917940647E-05 -6.147425809E-05
55.6 4.56871345E-05 -7.028789924E-05
55.8 4.570769577E-05 -5.273964896E-05
56 4.572827555E-05 -3.517559658E-05
56.2 4.574887387E-05 -2.639358108E-05
56.4 4.929022082E-05 -8.801825146E-06
56.6 4.931244364E-05 -2.641738052E-05
56.8 5.285859269E-05 -3.52390618E-05
57 5.640794224E-05 -2.644122292E-05
57.2 5.643340858E-05 -3.527088036E-05
57.4 5.998757904E-05 -2.64651084E-05
57.6 6.001468595E-05 -2.647706733E-05
57.8 6.004181736E-05 -3.531871609E-05
58 6.006897332E-05 -1.766734509E-05
58.2 6.009615385E-05 -8.837669683E-06
58.4 6.366002716E-05 -1.768334088E-05
58.6 6.722712862E-05 -4.180636083E-21
58.8 6.725758949E-05 8.849682827E-06
59 6.728807797E-05 -8.85369447E-06
59.2 7.0861678E-05 1.77154195E-05
59.4 7.443852087E-05 8.861728675E-06
59.6 7.801861099E-05 -3.546300499E-05
59.8 8.514986376E-05 -1.773955495E-05
60 8.518855066E-05 -8.87380736E-06
60.2 8.877840909E-05 -8.877840909E-06
60.4 9.237153251E-05 5.619671187E-21
60.6 9.596792539E-05 -4.442959509E-05
60.8 9.601160674E-05 -2.666989076E-05
61 8.89401184E-05 1.778802368E-05
61.2 8.54214123E-05 8.742823824E-21
61.4 7.833865087E-05 8.902119417E-06
61.6 7.124943E-05 1.78123575E-05
61.8 6.415374088E-05 8.910241788E-06
62 5.705157462E-05 8.914308535E-06
62.2 5.351027397E-05 1.783675799E-05
62.4 4.996573778E-05 1.784490635E-05
62.6 4.641796161E-05 -8.926531079E-06
62.8 4.64391861E-05 1.786122542E-05
63 3.931267155E-05 7.147758463E-05
63.2 3.575514874E-05 7.151029748E-05
63.4 3.577152015E-05 5.365728022E-05
63.6 3.578790655E-05 1.789395328E-05
63.8 3.938473877E-05 -2.149088319E-21
64 3.940279688E-05 1.52557051E-21
64.2 3.942087156E-05 8.959288991E-06
64.4 3.943896283E-05 7.470267479E-21
64.6 3.587006428E-05 -3.587006428E-05
64.8 3.588654111E-05 -2.691490583E-05
65 3.231272978E-05 8.975758272E-06
65.2 2.873563218E-05 -8.979885057E-06
65.4 2.515524379E-05 -8.984015639E-06
65.6 2.157156006E-05 8.988150023E-06
65.8 2.158149171E-05 8.992288214E-06
66 2.159143252E-05 -8.996430216E-06
66.2 2.160138249E-05 -1.800115207E-05
66.4 2.161134163E-05 2.701417704E-05
66.6 2.162130996E-05 2.702663745E-05
66.8 2.163128749E-05 9.013036456E-06
67 2.524815328E-05 9.017197599E-06
67.2 2.886836028E-05 -4.738508419E-21
67.4 2.527148799E-05 -1.805106285E-05
67.6 2.528317152E-05 -2.708911234E-05
67.8 2.890841813E-05 -3.613552266E-05
68 2.892179547E-05 -4.519030541E-05
68.2 2.893518519E-05 -1.808449074E-05
68.4 2.894858731E-05 -1.809286707E-05
68.6 3.258225209E-05 -9.050625579E-06
68.8 2.897542884E-05 -9.054821511E-06
69 2.536525974E-05 2.717706401E-05
69.2 2.175174014E-05 1.812645012E-05
69.4 1.813486537E-05 -2.720229805E-05
69.6 1.451463075E-05 9.071644217E-06
69.8 1.08910316E-05 -9.075859665E-06
70 1.089609484E-05 -3.632031613E-05
70.2 1.090116279E-05 -1.760073788E-20
70.4 1.090623546E-05 2.726558865E-05
70.6 1.454841713E-05 9.092760708E-06
70.8 1.819399162E-05 9.096995808E-06
71 1.820246971E-05 3.640493942E-05
71.2 1.456876457E-05 9.105477855E-06
71.4 1.093166978E-05 -1.821944963E-05
71.6 1.093677088E-05 -2.73419272E-05
71.8 1.4589169E-05 -2.735469188E-05
72 1.459598319E-05 -6.714007759E-22
72.2 1.460280374E-05 -7.225677197E-21
72.4 1.826203834E-05 -9.131019168E-06
72.6 2.192469598E-05 -2.740586997E-05
72.8 2.193495555E-05 -1.827912962E-05
73 2.194522472E-05 -9.143843633E-06
73.2 2.195550351E-05 -7.554045196E-21
73.4 1.830482662E-05 2.745723993E-05
73.6 1.465072668E-05 9.156704173E-06
73.8 1.46575985E-05 -2.052455167E-20
74 1.466447677E-05 3.666119193E-05
74.2 1.46713615E-05 3.667840376E-05
74.4 1.46782527E-05 -9.173907938E-06
74.6 1.468515038E-05 -1.905632932E-20
74.8 1.469205454E-05 2.754760226E-05
75 1.102422389E-05 9.186853246E-06
75.2 7.352941176E-06 1.838235294E-05
75.4 3.678201507E-06 2.75865113E-05
75.6 0 -1.839967028E-05
75.8 0 -5.522502356E-05
76 0 -2.762553041E-05
76.2 0 7.581342323E-21
76.4 0 -9.21720151E-06
76.6 0 -2.766466006E-05
76.8 0 -2.110111176E-21
77 0 1.846053875E-05
77.2 0 -8.441056185E-21
77.4 0 -6.2167217E-21
77.6 0 -9.570585401E-21
77.8 0 9.247750947E-06
78 0 1.850426338E-05
78.2 0 2.776954976E-05
78.4 0 1.852181128E-05
78.6 0 -9.265298861E-06
78.8 0 -9.269696251E-06
79 0 1.854819563E-05
79.2 0 2.783551069E-05
79.4 0 9.282913498E-06
79.6 0 -9.287327627E-06
79.8 0 -2.787523787E-05
80 0 1.054947611E-20
80.2 0 2.790178571E-05
80.4 0 2.791507861E-05
80.6 0 3.723784557E-05
80.8 0 2.794170243E-05
81 0 9.318344466E-06
81.2 0 2.796837709E-05
81.4 0 3.730897803E-05
81.6 0 2.799510272E-05
81.8 0 2.80084847E-05
82 0 9.340626495E-06
82.2 0 -2.337734839E-20
82.4 0 1.869913834E-05
82.6 0 3.741618774E-05
82.8 0 4.679264494E-05
83 0 4.68150767E-05
83.2 0 9.367505995E-06
83.4 0 9.37200096E-06
83.6 0 9.598767628E-21
83.8 0 -2.814301153E-05
84 0 9.385511773E-06
84.2 0 3.756009615E-05
84.4 0 3.757816258E-05
84.6 0 3.759624639E-05
84.8 0 1.880717381E-05
85 0 3.763246628E-05
85.2 0 1.88253012E-05
85.4 0 -7.533751205E-05
85.6 0 -5.653039074E-05
85.8 0 9.426278958E-06
86 0 -1.886166103E-05
86.2 0 -4.717693237E-05
86.4 0 -1.887989367E-05
86.6 0 1.409125046E-20
86.8 0 2.873356757E-22
87 0 -9.453654405E-06
87.2 0 -9.458232446E-06
87.4 0 4.797931252E-22
87.6 0 -1.893480368E-05
87.8 0 -9.47199321E-06
88 0 9.476589034E-06
88.2 0 -9.48118932E-06
88.4 0 -2.845738222E-05
88.6 0 -1.470229666E-20
88.8 0 -7.113741663E-21
89 0 -2.849890564E-05
89.2 0 -9.504257908E-06
89.4 0 -1.278315458E-20
89.6 0 -9.513516805E-06
89.8 0 -1.903630604E-05
90 0 -2.856838128E-05
90.2 0 -2.858231707E-05
90.4 0 -1.906417765E-05
90.6 0 -9.536743164E-06
90.8 0 -1.90828041E-05
91 0 -9.546065494E-06
91.2 0 9.550733496E-06
91.4 0 1.911081213E-05
91.6 0 9.560083211E-06
91.8 0 9.564764936E-06
92 0 1.91389025E-05
92.2 0 9.574142157E-06
92.4 0 9.578837666E-06
92.6 0 9.583537782E-06
92.8 0 1.917648503E-05
93 0 2.87788556E-05
93.2 0 3.839066339E-05
93.4 0 1.920476893E-05
93.6 0 -1.440057962E-20
93.8 0 -2.883550689E-05
94 0 -4.808284097E-05
94.2 3.848522167E-06 -1.924261084E-05
94.4 7.700837851E-06 -9.626047314E-06
94.6 1.155695266E-05 -2.889238166E-05
94.8 1.541687222E-05 -3.854218056E-05
95 1.928060217E-05 -3.856120434E-05
95.2 2.314814815E-05 -2.893518519E-05
95.4 2.701951581E-05 -1.929965415E-05
95.6 3.089471083E-05 9.654597133E-06
95.8 3.477373887E-05 9.659371909E-06
96 3.865660564E-05 9.66415141E-06
96.2 3.867574257E-05 3.867574257E-05
96.4 3.869489846E-05 2.902117385E-05
96.6 3.871407334E-05 -9.678518335E-06
96.8 3.873326723E-05 -1.936663361E-05
97 3.487723214E-05 2.906436012E-05
97.2 3.101736973E-05 4.84646402E-05
97.4 2.715367428E-05 9.697740814E-06
97.6 2.328614009E-05 -2.910767511E-05
97.8 1.941476143E-05 -9.707380716E-06
98 1.553953257E-05 2.913662357E-05
98.2 1.166044776E-05 -9.717039801E-06
98.4 7.777501244E-06 -2.916562967E-05
98.6 7.781374502E-06 9.726718127E-06
98.8 7.785251619E-06 9.731564524E-06
99 7.789132602E-06 -9.736415753E-06
99.2 1.168952618E-05 -2.054417527E-20
99.4 1.559381238E-05 3.898453094E-05
99.6 1.17011982E-05 2.925299551E-05
99.8 1.170704296E-05 -9.755869131E-06
100 1.56171914E-05 -1.952148926E-05
100.2 1.171875E-05 -5.190113691E-21
100.4 7.816408204E-06 2.283718527E-20
100.6 7.82032032E-06 -9.7754004E-06
100.8 7.824236355E-06 -2.716067315E-20
101 3.914078156E-06 9.785195391E-06
101.2 0 -2.489670749E-20
101.4 0 -1.841632336E-20
101.6 0 9.799924737E-06
101.8 0 3.523753653E-21
102 0 1.630249464E-20
102.2 0 9.814698492E-06
102.4 0 1.963926596E-05
102.6 0 9.824572435E-06
102.8 0 -9.82951686E-06
103 0 -2.950339879E-05
103.2 0 -9.839420655E-06
103.4 0 9.84438004E-06
103.6 0 -3.939737771E-05
103.8 0 -4.927156912E-05
104 0 -1.971857648E-05
104.2 0 -1.972853535E-05
104.4 0 9.869252148E-06
104.6 0 9.874241658E-06
104.8 0 -1.975847243E-05
105 0 -1.976847166E-05
105.2 0 -9.889240506E-06
105.4 0 3.957700101E-05
105.6 0 1.979853016E-05
105.8 0 -3.961713996E-05
106 0 -9.909309995E-06
106.2 0 9.914340102E-06
106.4 0 -9.919375317E-06
106.6 0 -2.977324695E-05
106.8 0 -4.964730554E-05
107 0 -3.97380468E-05
107.2 0 -3.975826972E-05
107.4 0 -4.972314155E-05
107.6 0 -2.984908304E-05
107.8 0 -2.986429664E-05
108 0 -9.959841917E-06
108.2 3.985969388E-06 -1.992984694E-05
108.4 3.988004084E-06 -4.985005105E-05
108.6 7.980081716E-06 -1.995020429E-05
108.8 1.197623914E-05 -1.996039857E-05
109 1.597648262E-05 -9.985301636E-06
109.2 1.998081841E-05 9.990409207E-06
109.4 2.398925281E-05 -4.33612424E-21
109.6 2.800179211E-05 -1.000064004E-05
109.8 3.201844262E-05 2.113744715E-21
110 3.603921066E-05 1.001089185E-05
110.2 4.006410256E-05 1.001602564E-05
110.4 4.00846588E-05 3.00634941E-05
110.6 4.010523614E-05 5.013154517E-05
110.8 4.012583462E-05 4.012583462E-05
111 4.014645427E-05 -1.003661357E-05
111.2 4.016709512E-05 5.293217578E-22
111.4 4.01877572E-05 3.01408179E-05
111.6 4.020844056E-05 -1.005211014E-05
111.8 4.022914521E-05 -2.271752669E-20
112 4.427485832E-05 3.01874034E-05
112.2 4.832474227E-05 1.63297977E-20
112.4 5.237880351E-05 6.084686515E-21
112.6 5.64370485E-05 -1.007804438E-05
112.8 6.049948374E-05 -1.008324729E-05
113 6.053073347E-05 1.008845558E-05
113.2 6.05620155E-05 1.009366925E-05
113.4 6.059332989E-05 -3.333943728E-21
113.6 6.062467667E-05 -2.020822556E-05
113.8 6.06560559E-05 -2.02186853E-05
114 6.068746763E-05 -1.011457794E-05
114.2 6.071891192E-05 -3.035945596E-05
114.4 6.07503888E-05 -5.0625324E-05
114.6 6.078189834E-05 -2.026063278E-05
114.8 6.081344058E-05 -1.013557343E-05
115 6.490134995E-05 -1.014083593E-05
115.2 6.899350649E-05 -1.566924566E-20
115.4 7.308991684E-05 -2.030275468E-05
115.6 7.719058762E-05 -2.031331253E-05
115.8 8.129552549E-05 -1.016194069E-05
116 8.540473712E-05 -1.016723061E-05
116.2 8.951822917E-05 1.017252604E-05
116.4 8.956487754E-05 1.017782699E-05
116.6 8.961157456E-05 3.054940042E-05
116.8 8.965832029E-05 2.037689098E-05
117 8.970511482E-05 -1.019376305E-05
117.2 8.975195822E-05 -3.059725849E-05
117.4 8.979885057E-05 -2.269192287E-20
117.6 8.984579195E-05 4.083899634E-05
117.8 8.989278243E-05 1.021508891E-05
118 8.993982208E-05 -2.762848817E-21
118.2 8.998691099E-05 -1.927138134E-21
118.4 9.003404924E-05 -2.046228392E-05
118.6 9.00812369E-05 -3.070951258E-05
118.8 9.012847404E-05 -1.024187205E-05
119 9.017576076E-05 -1.024724554E-05
119.2 9.022309711E-05 1.025262467E-05
119.4 9.027048319E-05 1.270602934E-21
119.6 9.031791908E-05 -3.079019968E-05
119.8 9.036540484E-05 2.053759201E-05
120 9.041294056E-05 4.109679116E-05
120.2 9.046052632E-05 1.020437767E-20
120.4 9.050816219E-05 3.237716444E-20
120.6 9.055584826E-05 1.02904373E-05
120.8 9.060358461E-05 1.029586189E-05
121 9.065137131E-05 2.060258439E-05
121.2 9.069920844E-05 1.030672823E-05
121.4 9.074709609E-05 -1.031217001E-05
121.6 9.079503434E-05 1.031761754E-05
121.8 9.084302326E-05 2.064614165E-05
122 9.089106293E-05 1.032852988E-05
122.2 9.507275132E-05 1.033399471E-05
122.4 9.5123081E-05 -1.808147402E-20
122.6 9.517346398E-05 1.034494174E-05
122.8 9.522390037E-05 3.105127186E-05
123 9.527439024E-05 3.106773595E-05
123.2 9.946949602E-05 4.144562334E-05
123.4 9.952229299E-05 3.110071656E-05
123.6 9.957514604E-05 4.148964418E-05
123.8 9.962805526E-05 5.188961211E-05
124 9.552764487E-05 3.115031898E-05
124.2 9.557845745E-05 1.038896277E-05
124.4 9.562932411E-05 1.039449175E-05
124.6 9.568024494E-05 1.040002662E-05
124.8 9.989344699E-05 1.040556739E-05
125 9.99466951E-05 1.041111407E-05
125.2 0.0001 -1.041666667E-05
125.4 0.0001000533618 -8.274679394E-21
125.6 0.0001001067806 -1.042778964E-05
125.8 9.598691239E-05 -2.086672009E-05
126 0.0001002137894 2.237215899E-21
126.2 0.0001002673797 1.044451872E-05
126.4 0.0001003210273 2.090021402E-05
126.6 0.0001003747323 1.045570128E-05
126.8 0.0001004284949 -3.138390466E-05
127 0.0001004823151 -4.18676313E-05
127.2 0.000100536193 2.068026891E-20
127.4 9.639887339E-05 -1.047813841E-05
127.6 9.645061728E-05 -4.193505099E-05
127.8 9.230665951E-05 1.048939313E-05
128 8.815824825E-05 4.198011822E-05
128.2 8.400537634E-05 4.200268817E-05
128.4 7.984803658E-05 2.10126412E-05
128.6 7.568622174E-05 2.310341528E-20
128.8 7.151992461E-05 1.051763597E-05
129 6.734913793E-05 1.05233028E-05
129.2 6.317385445E-05 -5.207242485E-21
129.4 5.899406688E-05 -2.568690476E-20
129.6 5.480976794E-05 1.054033999E-05
129.8 5.062095032E-05 1.054603132E-05
130 4.64276067E-05 -1.05517288E-05
130.2 3.800675676E-05 1.055743243E-05
130.4 3.380205516E-05 1.056314224E-05
130.6 2.959280303E-05 -1.056885823E-05
130.8 2.537899296E-05 -1.05745804E-05
131 2.116061755E-05 -1.058030878E-05
131.2 1.693766938E-05 -1.058604336E-05
131.4 1.2710141E-05 -2.118356833E-05
131.6 8.478024959E-06 -2.11950624E-05
131.8 4.241313789E-06 -4.241313789E-05
132 4.243617599E-06 7.44033516E-21
132.2 4.245923913E-06 2.122961957E-05
132.4 4.248232735E-06 2.124116368E-05
132.6 4.25054407E-06 5.313180087E-05
132.8 4.252857921E-06 3.18964344E-05
133 0 -1.063793573E-05
133.2 0 -3.193119891E-05
133.4 0 1.498887029E-20
133.6 0 1.065534643E-05
133.8 0 2.132232533E-05
134 0 -7.187657166E-21
134.2 0 3.040721555E-21
134.4 0 2.135729907E-05
134.6 0 -2.821099804E-21
134.8 0 2.138067871E-05
135 0 3.20885816E-05
135.2 0 1.070205479E-05
135.4 0 2.14158443E-05
135.6 0 3.214138782E-05
135.8 0 5.35983809E-05
136 0 6.435337727E-05
136.2 0 4.292582418E-05
136.4 0 5.368677845E-05
136.6 0 5.371630913E-05
136.8 0 1.074917446E-05
137 0 -2.274862697E-20
137.2 0 1.076101928E-05
137.4 0 -1.076695149E-05
137.6 0 -1.077289024E-05
137.8 0 2.155767108E-05
138 0 3.235436223E-05
138.2 0 1.079074586E-05
138.4 0 -2.159342178E-05
138.6 0 1.080268252E-05
138.8 0 -2.161732153E-05
139 0 -4.32585825E-05
139.2 0 1.082063712E-05
139.4 4.330654102E-06 1.082663525E-05
139.6 8.666112035E-06 -1.295304885E-20
139.8 1.30063818E-05 -3.25159545E-05
140 2.168933926E-05 -4.346275244E-21
140.2 3.038194444E-05 3.255208333E-05
140.4 3.474152307E-05 1.085672596E-05
140.6 4.345105673E-05 2.952189219E-20
140.8 5.217028381E-05 1.086880913E-05
141 6.089922049E-05 4.349944321E-05
141.2 6.528551532E-05 3.264275766E-05
141.4 6.967670011E-05 4.354793757E-05
141.6 7.407278305E-05 5.446528165E-05
141.8 7.847377232E-05 2.179827009E-05
142 8.287967616E-05 2.181044109E-05
142.2 8.729050279E-05 2.18226257E-05
142.4 9.170626048E-05 1.091741196E-05
142.6 9.612695749E-05 -1.09235179E-05
142.8 0.0001005526021 -1.95037552E-20
143 0.0001006089026 2.187150056E-05
143.2 0.0001050420168 -3.282563025E-05
143.4 0.0001138593049 -4.379204036E-05
143.6 0.0001139231632 2.24700221E-20
143.8 0.0001183712121 -1.096029742E-05
144 0.000122824256 -4.386580573E-05
144.2 0.0001316713483 -3.291783708E-05
144.4 0.0001405283867 -1.097878021E-05
144.6 0.0001493953881 -2.196991001E-05
144.8 0.0001538759145 -4.396454699E-05
145 0.0001583614865 -3.299197635E-05
145.2 0.0001628521127 -2.200704225E-05
145.4 0.0001629439121 -1.100972379E-05
145.6 0.0001542230682 2.681296346E-21
145.8 0.0001454923815 -4.408860045E-05
146 0.0001367518351 -3.30851214E-05
146.2 0.0001280014124 1.103460452E-05
146.4 0.0001236574336 -1.104084228E-05
146.6 0.0001281462104 -3.314126131E-05
146.8 0.0001149547255 -2.210667799E-05
147 0.0001105959796 -2.211919592E-05
147.2 0.0001062322946 -2.213172805E-05
147.4 0.000106292517 -2.214427438E-05
147.6 0.0001063528077 -3.323525241E-05
147.8 0.0001019792849 -2.216940976E-05
148 0.0001020371948 2.002368925E-20
148.2 0.0001020951705 -4.438920455E-05
148.4 0.0001065946561 -6.662166003E-05
148.6 0.0001066552901 -1.110992605E-05
148.8 0.0001022694935 4.446499715E-05
149 0.0001023277335 6.673547836E-05
149.2 9.793447293E-05 3.338675214E-05
149.4 0.0001113526226 4.840351389E-21
149.6 0.0001203294353 -2.228322875E-05
149.8 0.0001293164954 -1.16162351E-20
150 0.0001293903484 1.115434038E-05
150.2 0.0001339285714 1.116071429E-05
150.4 0.000138471984 4.466838193E-05
150.6 0.000143020595 2.234696796E-05
150.8 0.0001475744133 1.117987979E-05
151 0.0001476589347 6.711769759E-05
151.2 0.0001566977077 5.596346705E-05
151.4 0.0001702264908 6.719466743E-05
151.6 0.0001703241538 8.964429145E-05
151.8 0.0001749067164 1.1211969E-05
152 0.0001750071798 1.684612223E-20
152.2 0.0001706178161 5.612428161E-05
152.4 0.0001572383554 6.738786659E-05
152.6 0.0001528337169 4.495109321E-05
152.8 0.0001439263097 2.24884859E-05
153 0.0001485095046 2.250144009E-05
153.2 0.0001395893372 3.377161383E-05
153.4 0.0001261534025 1.126369666E-05
153.6 0.0001217181189 3.381058857E-05
153.8 0.0001217883949 2.255340647E-05
154 0.0001263720393 -1.128321779E-05
154.2 0.0001264450867 -1.128973988E-05
154.4 0.0001265182186 -1.129626952E-05
154.6 0.0001265914352 3.390842014E-05
154.8 0.0001176172554 3.392805443E-05
155 0.0001131590382 1.131590382E-05
155.2 0.0001041666667 4.528985507E-05
155.4 9.516386311E-05 9.063225058E-05
155.6 8.16163668E-05 5.66780325E-05
155.8 7.259001161E-05 -1.134218931E-05
156 6.355316676E-05 -2.269755956E-05
156.2 5.450581395E-05 -2.271075581E-05
156.4 4.544793485E-05 -2.272396742E-05
156.6 3.637951106E-05 -2.273719441E-05
156.8 2.730052417E-05 -2.275043681E-05
157 1.821095571E-05 5.398094782E-21
157.2 9.110787172E-06 2.277696793E-05
157.4 4.558051342E-06 2.279025671E-05
157.6 0 -1.14017805E-05
157.8 0 -6.453894444E-22
158 0 2.283021625E-05
158.2 0 3.426535088E-05
158.4 0 6.857080164E-05
158.6 0 3.430547424E-05
158.8 0 2.288371412E-05
159 0 5.724281946E-05
159.2 0 4.582111437E-05
159.4 0 2.292400235E-05
159.6 0 3.440619495E-05
159.8 0 5.737735018E-05
160 0 3.444664903E-05
160.2 0 1.148897059E-05
160.4 0 1.149573278E-05
160.6 4.601001178E-06 -1.150250294E-05
160.8 9.207424867E-06 5.215036302E-21
161 1.381928066E-05 2.303213443E-05
161.2 1.843657817E-05 3.456858407E-05
161.4 2.767119244E-05 -1.152966352E-05
161.6 3.691671589E-05 -3.460942115E-05
161.8 4.155585106E-05 3.462987589E-05
162 4.158042578E-05 6.930070964E-05
162.2 4.160502959E-05 4.622781065E-05
162.4 4.162966252E-05 3.469138544E-05
162.6 3.702606635E-05 3.47119372E-05
162.8 3.704801423E-05 2.315500889E-05
163 3.706998814E-05 4.633748517E-05
163.2 3.709198813E-05 8.113872404E-05
163.4 3.247476247E-05 3.479438836E-05
163.6 3.249405823E-05 1.16050208E-05
163.8 3.251337693E-05 -7.202837879E-21
164 3.718024985E-05 -3.485648424E-05
164.2 4.185267857E-05 -2.32514881E-05
164.4 4.653067302E-05 -1.163266825E-05
164.6 4.655840286E-05 -3.491880215E-05
164.8 5.590339893E-05 -4.658616577E-05
165 6.525954654E-05 -2.330698091E-05
165.2 7.462686567E-05 -2.332089552E-05
165.4 7.467144564E-05 3.500224014E-05
165.6 7.47160789E-05 5.837193664E-05
165.8 7.476076555E-05 2.19652434E-20
166 7.480550569E-05 -2.337672053E-05
166.2 7.48502994E-05 -2.339071856E-05
166.4 7.489514679E-05 -5.851183343E-05
166.6 7.494004796E-05 -3.512814748E-05
166.8 7.4985003E-05 -1.171640672E-05
167 7.5030012E-05 -5.861719688E-05
167.2 7.507507508E-05 -5.86524024E-05
167.4 7.981520433E-05 -5.868765024E-05
167.6 7.986319904E-05 -7.046752856E-05
167.8 8.461191336E-05 -5.875827316E-05
168 8.936634557E-05 -5.87936484E-05
168.2 9.412650602E-05 -5.882906627E-05
168.4 9.889240506E-05 -5.886452682E-05
168.6 0.0001036640531 -4.712002413E-05
168.8 0.0001037266144 -3.536134581E-05
169 0.0001037892512 -5.897116546E-05
169.2 9.913141994E-05 -4.720543807E-05
169.4 9.919135429E-05 -5.904247279E-05
169.6 9.925136116E-05 -7.08938294E-05
169.8 9.931144068E-05 -5.911395278E-05
170 9.937159297E-05 -4.731980618E-05
170.2 9.943181818E-05 -3.551136364E-05
170.4 9.949211643E-05 -3.553289873E-05
170.6 0.0001042930825 -2.37029733E-05
170.8 0.0001043564056 -3.557604736E-05
171 0.0001139125152 -1.1865887E-05
171.2 0.0001139817629 -1.18731003E-05
171.4 0.0001092989659 -2.181331141E-20
171.6 0.0001046104687 2.377510651E-05
171.8 9.991626066E-05 1.213091152E-20
172 9.521633151E-05 -2.380408288E-05
172.2 9.527439024E-05 -1.190929878E-05
172.4 9.056589384E-05 -1.191656498E-05
172.6 8.585164835E-05 -2.38476801E-05
172.8 8.113164325E-05 -2.386224801E-05
173 7.640586797E-05 -4.775366748E-05
173.2 7.167431193E-05 -4.778287462E-05
173.4 7.171817625E-05 -3.585908813E-05
173.6 7.17620943E-05 -4.78413962E-05
173.8 7.180606618E-05 -3.590303309E-05
174 7.185009197E-05 1.579196277E-20
174.2 7.189417178E-05 -1.198236196E-05
174.4 7.673419276E-05 -2.397943524E-05
174.6 8.158015971E-05 -3.599124693E-05
174.8 8.163030117E-05 -3.334839519E-21
175 8.168050431E-05 2.402367774E-05
175.2 8.173076923E-05 1.201923077E-05
175.4 8.178109606E-05 3.140618146E-20
175.6 8.18314849E-05 -3.610212569E-05
175.8 8.188193588E-05 -3.612438348E-05
176 8.193244911E-05 -2.409777915E-05
176.2 8.198302469E-05 -7.233796296E-05
176.4 8.203366275E-05 -9.651019148E-05
176.6 8.208436341E-05 -6.035614957E-05
176.8 8.213512678E-05 -3.623608534E-05
177 8.218595297E-05 -1.208616955E-05
177.2 8.223684211E-05 -3.628095975E-05
177.4 8.22877943E-05 -6.05057311E-05
177.6 8.233880967E-05 -3.632594544E-05
177.8 8.238988834E-05 -1.211616005E-05
178 8.244103042E-05 1.12753683E-20
178.2 8.249223602E-05 -2.426242236E-05
178.4 8.254350528E-05 -3.641625233E-05
178.6 8.259483831E-05 -3.643889925E-05
178.8 8.264623522E-05 -1.215385812E-05
179 7.783312578E-05 2.432285181E-05
179.2 7.301401869E-05 1.216900312E-05
179.4 7.305953865E-05 1.217658978E-05
179.6 7.310511541E-05 2.43683718E-05
179.8 7.315074906E-05 8.510327718E-21
180 7.319643973E-05 -1.219940662E-05
180.2 7.32421875E-05 -3.144855863E-21
180.4 7.817385866E-05 1.221466542E-05
180.6 8.311170213E-05 3.666692741E-05
180.8 7.827175955E-05 -1.222996243E-05
181 7.832080201E-05 -3.671287594E-05
181.2 7.836990596E-05 -1.764766013E-20
181.4 7.841907152E-05 1.007559556E-20
181.6 7.846829881E-05 -1.110019056E-20
181.8 7.851758794E-05 -1.226837312E-05
182 7.856693903E-05 -4.91043369E-05
182.2 8.352987421E-05 -4.913522013E-05
182.4 8.358244179E-05 -1.229153556E-05
182.6 8.363507557E-05 9.15271523E-21
182.8 8.368777568E-05 -1.433439666E-20
183 8.374054224E-05 -2.462957125E-05
183.2 8.379337539E-05 -1.232255521E-05
183.4 8.384627525E-05 -1.060361309E-20
183.6 8.389924195E-05 -2.467624763E-05
183.8 8.39522756E-05 -3.703776865E-05
184 8.400537634E-05 -1.235373182E-05
184.2 8.40585443E-05 2.472310127E-05
184.4 8.411177961E-05 1.236937935E-05
184.6 8.416508238E-05 -1.2377218E-05
184.8 8.421845276E-05 -4.954026633E-05
185 8.427189086E-05 -3.717877538E-05
185.2 8.432539683E-05 -9.564862069E-22
185.4 8.437897078E-05 -3.454409694E-21
185.6 7.946598856E-05 2.483312142E-05
185.8 7.454675573E-05 1.242445929E-05
186 6.962126034E-05 -6.113982945E-21
186.2 6.468949045E-05 -1.704572761E-20
186.4 6.47307202E-05 -4.099682225E-21
186.6 5.978954082E-05 -3.973547044E-20
186.8 5.484205488E-05 2.492820676E-05
187 4.489942529E-05 6.23603129E-05
187.2 3.993610224E-05 6.744488861E-22
187.4 3.996163683E-05 -2.497602302E-05
187.6 3.998720409E-05 2.499200256E-05
187.8 4.00128041E-05 2.500800256E-05
188 4.00384369E-05 1.251201153E-05
188.2 3.505608974E-05 2.50400641E-05
188.4 3.507857601E-05 1.252806286E-05
188.6 3.008664955E-05 1.809243791E-20
188.8 2.508831085E-05 1.254415543E-05
189 2.008354756E-05 1.255221722E-05
189.2 1.507234727E-05 2.512057878E-05
189.4 5.027348777E-06 1.256837194E-05
189.6 0 -6.288232453E-05
189.8 0 -7.550740979E-05
190 0 -6.29634107E-05
190.2 0 -7.560483871E-05
190.4 0 -5.043576501E-05
190.6 0 -2.523417313E-05
190.8 0 -2.525048481E-05
191 0 2.132698723E-21
191.2 0 1.264766149E-20
191.4 0 -2.135851593E-20
191.6 0 2.531594297E-05
191.8 0 1.266618029E-05
192 0 1.143662293E-20
192.2 0 2.97207505E-20
192.4 0 -1.457079819E-20
192.6 0 -1.269912224E-05
192.8 0 -1.270738452E-05
193 0 3.775975084E-20
193.2 0 4.099811144E-20
193.4 0 2.630084609E-20
193.6 0 -6.208228555E-21
193.8 0 1.27488577E-05
194 0 2.551436969E-05
194.2 0 1.276552288E-05
194.4 0 1.111922443E-20
194.6 0 1.278223168E-05
194.8 0 3.837180747E-05
195 0 3.839695282E-05
195.2 0 3.842213115E-05
195.4 0 2.563156168E-05
195.6 0 2.824763113E-20
195.8 0 8.664754614E-21
196 0 2.549437673E-20
196.2 0 -1.284950658E-05
196.4 0 -1.285796577E-05
196.6 0 1.081503895E-20
196.8 0 -1.28749176E-05
197 0 1.94643435E-20
197.2 0 1.289191419E-05
197.4 0 -1.003554812E-20
197.6 0 1.290895572E-05
197.8 0 1.291749339E-05
198 0 2.190709132E-20
198.2 0 2.161820904E-20
198.4 0 1.832557037E-20
198.6 0 1.756210163E-20
198.8 0 2.491938135E-20
199 0 4.52038046E-21
199.2 0 1.297757475E-05
199.4 0 2.461460672E-20
199.6 0 -1.299484365E-05
199.8 0 2.122182319E-20
200 0 9.417660244E-21
200.2 0 1.302083333E-05
200.4 0 3.908855904E-05
200.6 0 1.303821762E-05
200.8 0 -1.319406488E-20
201 0 1.30556484E-05
201.2 0 -1.306438127E-05
201.4 0 -3.921937751E-05
201.6 5.232752847E-06 -2.616376423E-05
201.8 5.236260054E-06 -2.08028781E-20
202 5.239771965E-06 -1.309942991E-05
202.2 5.243288591E-06 -2.621644295E-05
202.4 5.24680994E-06 -1.311702485E-05
202.6 5.250336022E-06 -1.039333781E-20
202.8 5.253866846E-06 -4.405278409E-20
203 5.257402423E-06 -2.19321385E-21
203.2 5.260942761E-06 -2.149010263E-21
203.4 5.264487871E-06 -2.138819823E-20
203.6 5.268037761E-06 -1.31700944E-05
203.8 5.271592443E-06 -2.635796221E-05
204 0 -2.637575962E-05
204.2 0 -2.639358108E-05
204.4 0 -1.320571332E-05
204.6 0 -6.094878077E-20
204.8 0 -1.481190601E-20
205 0 1.32325542E-05
205.2 0 1.324152542E-05
205.4 0 1.325050882E-05
205.6 0 3.977851324E-05
205.8 0 3.980553668E-05
206 0 2.655506458E-05
206.2 0 1.328656463E-05
206.4 0 2.238684125E-20
206.6 0 1.72770206E-20
206.8 0 1.331373551E-05
207 0 1.332281719E-05
207.2 0 2.092260448E-20
207.4 0 -2.827761238E-21
207.6 0 1.335013671E-05
207.8 0 4.007780438E-05
208 0 2.673682409E-05
208.2 0 3.911630945E-20
208.4 5.354694997E-06 2.677347498E-05
208.6 5.358367627E-06 1.339591907E-05
208.8 5.362045299E-06 -2.681022649E-05
209 5.365728022E-06 -1.341432005E-05
209.2 5.369415808E-06 -1.342353952E-05
209.4 5.373108666E-06 -1.343277166E-05
209.6 5.376806607E-06 4.622919062E-20
209.8 1.076101928E-05 -1.34512741E-05
210 1.076843556E-05 -1.385240483E-20
210.2 5.387931034E-06 -1.49777591E-21
210.4 1.078329883E-05 5.561464039E-24
210.6 1.079074586E-05 2.697686464E-05
210.8 5.399101589E-06 1.667474465E-20
211 1.080567082E-05 -1.350708852E-05
211.2 1.081314879E-05 -4.054930796E-05
211.4 1.082063712E-05 -6.762898199E-05
211.6 1.082813583E-05 -2.707033957E-05
211.8 5.417822469E-06 -4.063366852E-05
212 5.421582235E-06 -5.421582235E-05
212.2 5.425347222E-06 -1.356336806E-05
212.4 5.429117443E-06 2.714558721E-05
212.6 5.432892907E-06 2.716446453E-05
212.8 5.436673626E-06 1.359168406E-05
213 5.44045961E-06 1.308970005E-20
213.2 5.444250871E-06 -1.361062718E-05
213.4 5.44804742E-06 1.362011855E-05
213.6 5.451849267E-06 4.08888695E-05
213.8 5.455656425E-06 2.727828212E-05
214 5.459468903E-06 2.729734451E-05
214.2 0 2.731643357E-05
214.4 0 4.1003324E-05
214.6 0 2.735469188E-05
214.8 0 -2.214914172E-20
215 0 5.478611501E-05
215.2 0 4.111842105E-05
215.4 0 -1.371576545E-05
215.6 0 1.372540408E-05
215.8 0 5.494022504E-05
216 0 4.123416608E-05
216.2 0 2.750880282E-05
216.4 0 4.12922833E-05
216.6 0 5.509520451E-05
216.8 0 2.756704305E-05
217 0 -1.379325565E-05
217.2 0 1.380300353E-05
217.4 0 5.525106082E-05
217.6 0 6.911270347E-05
217.8 0 5.532932011E-05
218 0 -1.661829077E-20
218.2 0 -1.771317935E-20
218.4 0 2.162275044E-21
218.6 0 1.387162642E-05
218.8 0 1.388148543E-05
219 0 -2.778271693E-05
219.2 0 2.566072343E-20
219.4 0 1.391114672E-05
219.6 0 6.960531005E-05
219.8 0 5.572396576E-05
220 0 -1.394093505E-05
220.2 0 -2.790178571E-05
220.4 0 -2.792172981E-05
220.6 5.588340486E-06 -3.854234778E-20
220.8 5.59234073E-06 1.398085183E-05
221 5.596346705E-06 4.197260029E-05
221.2 1.120071685E-05 4.200268817E-05
221.4 1.681312769E-05 4.203281923E-05
221.6 2.243359655E-05 4.206299354E-05
221.8 2.244971264E-05 2.80621408E-05
222 1.684938893E-05 -4.212347232E-05
222.2 1.686151079E-05 -5.620503597E-05
222.4 2.249820014E-05 2.812275018E-05
222.6 2.251440922E-05 2.814301153E-05
222.8 1.689798125E-05 -1.867215793E-20
223 2.254689755E-05 -1.409181097E-05
223.2 2.25631769E-05 -1.410198556E-05
223.4 2.257947977E-05 -1.557414362E-20
223.6 2.259580622E-05 -2.824475777E-05
223.8 2.26121563E-05 -4.239779305E-05
224 2.262853005E-05 -2.828566256E-05
224.2 2.264492754E-05 1.415307971E-05
224.4 2.26613488E-05 4.249002901E-05
224.6 2.26777939E-05 4.252086357E-05
224.8 2.269426289E-05 4.255174292E-05
225 2.271075581E-05 -4.258266715E-05
225.2 2.272727273E-05 -5.681818182E-05
225.4 2.274381368E-05 -2.289555898E-20
225.6 2.276037873E-05 -1.422523671E-05
225.8 2.277696793E-05 -4.270681487E-05
226 2.279358133E-05 -1.424598833E-05
226.2 2.281021898E-05 2.851277372E-05
226.4 2.282688093E-05 -1.426680058E-05
226.6 2.284356725E-05 -2.855445906E-05
226.8 2.286027798E-05 -4.286302121E-05
227 2.287701318E-05 -5.719253294E-05
227.2 2.289377289E-05 -1.430860806E-05
227.4 2.291055718E-05 -2.863819648E-05
227.6 2.29273661E-05 -4.298881145E-05
227.8 1.720814978E-05 -2.868024963E-05
228 1.148052902E-05 -2.870132256E-05
228.2 5.744485294E-06 -1.165344636E-20
228.4 5.748712288E-06 4.311534216E-05
228.6 0 1.501992798E-20
228.8 0 -4.317888725E-05
229 0 -1.374453206E-20
229.2 5.765682657E-06 2.882841328E-05
229.4 0 4.327455687E-05
229.6 0 5.774205469E-05
229.8 0 -2.367992284E-20
230 0 -2.891376758E-05
230.2 0 4.340277778E-05
230.4 0 4.343495182E-05
230.6 0 1.448905786E-05
230.8 0 -1.44998144E-05
231 0 -4.353176077E-05
231.2 0 -5.808550186E-05
231.4 0 -4.359654018E-05
231.6 0 -4.362900223E-05
231.8 0 -5.821535022E-05
232 0 -1.456469053E-05
232.2 0 1.45755597E-05
232.4 0 1.458644511E-05
232.6 0 1.459734679E-05
232.8 0 -1.427906854E-21
233 0 -1.46191991E-05
233.2 0 2.926029963E-05
233.4 0 5.856446777E-05
233.6 0 2.930420105E-05
233.8 0 -1.46631006E-05
234 0 -4.402235162E-05
234.2 0 -1.835433806E-20
234.4 0 5.87848006E-05
234.6 0 2.941453313E-05
234.8 0 2.943669932E-05
235 0 4.418834842E-05
235.2 0 1.474056604E-05
235.4 0 2.950339879E-05
235.6 0 1.476284958E-05
235.8 0 -3.335439234E-20
236 0 1.478520061E-05
236.2 0 -1.479640152E-05
236.4 0 -5.876755423E-21
236.6 0 2.963770865E-05
236.8 0 -3.38901046E-20
237 0 1.484137538E-05
237.2 0 4.455798479E-05
237.4 0 2.972792998E-05
237.6 0 2.975057121E-05
237.8 0 2.977324695E-05
238 0 1.489797864E-05
238.2 0 1.490935115E-05
238.4 0 2.984148205E-05
238.6 0 4.479644495E-05
238.8 0 5.977429227E-05
239 0 9.800280238E-21
239.2 0 -2.993295019E-05
239.4 0 2.995590491E-05
239.6 0 2.997889486E-05
239.8 0 2.522660435E-20
240 0 -1.501249039E-05
240.2 0 -4.507211538E-05
240.4 0 -3.007120862E-05
240.6 0 1.504718798E-05
240.8 0 -1.486017158E-20
241 0 -4.521122685E-05
241.2 6.032818533E-06 -7.541023166E-05
241.4 1.207496136E-05 -4.52811051E-05
241.6 1.812645012E-05 -1.51053751E-05
241.8 1.814047988E-05 -1.511706656E-05
242 1.210302091E-05 -1.512877614E-05
242.2 6.05620155E-06 -1.514050388E-05
242.4 0 -1.515224981E-05
242.6 0 -1.516401398E-05
242.8 0 -4.337407891E-20
243 0 1.51875972E-05
243.2 0 -1.519941634E-05
243.4 0 -1.521125389E-05
243.6 0 -1.52231099E-05
243.8 0 -3.04699688E-05
244 0 -3.049375488E-05
244.2 0 -3.051757812E-05
244.4 0 -3.054143862E-05
244.6 0 -4.584800469E-05
244.8 0 -3.058927173E-05
245 0 -3.061324451E-05
245.2 0 -3.06372549E-05
245.4 0 -6.132260597E-05
245.6 0 -6.137077769E-05
245.8 0 1.535475629E-05
246 0 -1.536683714E-05
246.2 0 -6.151574803E-05
246.4 0 -1.539105595E-05
246.6 0 3.080638801E-05
246.8 0 3.083070245E-05
247 0 -1.542752765E-05
247.2 0 -3.087944664E-05
247.4 0 -4.635581487E-05
247.6 0 -4.639251781E-05
247.8 0 -2.407118085E-20
248 0 -3.938018711E-20
248.2 0 -4.650297619E-05
248.4 0 -3.102660842E-05
248.6 0 -2.196405491E-20
248.8 0 -5.805125933E-20
249 0 -3.110071656E-05
249.2 0 -3.112549801E-05
249.4 0 6.82928662E-22
249.6 0 1.558758978E-05
249.8 0 1.560003994E-05
250 0 3.840668604E-21
250.2 0 1.5625E-05
250.4 0 1.563751001E-05
250.6 0 1.565004006E-05
250.8 0 3.132518043E-05
251 0 3.135032103E-05
251.2 0 -9.689366213E-21
251.4 0 1.570036174E-05
251.6 0 4.713897828E-05
251.8 0 1.572564412E-05
252 0 -1.573831587E-05
252.2 0 -3.150201613E-05
252.4 0 -1.576372074E-05
252.6 0 1.577645396E-05
252.8 0 1.578920776E-05
253 0 -1.58019822E-05
253.2 0 2.866993652E-20
253.4 0 3.165518639E-05
253.6 0 3.168085969E-05
253.8 0 4.755986201E-05
254 0 6.346466288E-05
254.2 0 4.763719512E-05
254.4 0 -3.813629407E-20
254.6 0 -1.590492671E-05
254.8 0 -2.215938889E-20
255 0 -2.047946135E-20
255.2 0 3.53995661E-21
255.4 0 4.219799959E-20
255.6 0 -6.24893483E-21
255.8 0 -1.803110704E-20
256 0 3.076936787E-21
256.2 0 6.50229014E-20
256.4 0 2.55711352E-20
256.6 0 -1.950917529E-21
256.8 0 1.604868529E-05
257 0 1.553546974E-20
257.2 0 1.607510288E-05
257.4 0 6.435337727E-05
257.6 0 6.440643034E-05
257.8 0 4.834467822E-05
258 0 6.451279934E-05
258.2 0 4.842458678E-05
258.4 0 -1.615488007E-05
258.6 0 -1.616825331E-05
258.8 0 3.236329743E-05
259 0 6.478026534E-05
259.2 0 4.862551867E-05
259.4 0 1.622196844E-05
259.6 0 -3.247090607E-05
259.8 0 -4.87468802E-05
260 0 -1.626248959E-05
260.2 0 3.255208333E-05
260.4 0 -1.354579007E-20
260.6 0 -9.781928214E-05
260.8 0 -8.158416876E-05
261 0 -1.633047659E-05
261.2 0 1.250190072E-20
261.4 0 -1.635783082E-05
261.6 0 -4.911462699E-05
261.8 0 -8.192638423E-05
262 0 -8.199517212E-05
262.2 0 -4.923844538E-05
262.4 0 -1.642661901E-05
262.6 0 -1.644044613E-05
262.8 0 -3.290859309E-05
263 0 -3.293634064E-05
263.2 0 -1.648206751E-05
263.4 0 -1.649598818E-05
263.6 0 -1.625269082E-20
263.8 0 1.652390017E-05
264 0 -1.653789162E-05
264.2 0 -1.655190678E-05
264.4 0 -3.744257227E-20
264.6 0 -4.519910936E-20
264.8 0 -1.659409516E-05
265 0 -3.321641156E-05
265.2 0 -1.662234043E-05
265.4 0 -2.140074062E-20
265.6 0 -4.995204604E-05
265.8 0 -3.332977816E-05
266 0 1.667912041E-05
266.2 0 -1.961901534E-20
266.4 0 -3.543556453E-20
266.6 6.688784247E-06 -1.37790143E-21
266.8 0 -5.020886889E-05
267 0 -3.350128645E-05
267.2 0 -1.676502146E-05
267.4 0 -8.389712199E-05
267.6 0 -6.717540843E-05
267.8 0 1.680830465E-05
268 0 3.364556417E-05
268.2 0 1.683728448E-05
268.4 0 3.370362381E-05
268.6 0 5.059909326E-05
268.8 0 3.376188418E-05
269 0 -1.689554498E-05
269.2 0 -5.073051948E-05
269.4 0 -1.692482669E-05
269.6 0 1.693950564E-05
269.8 0 3.390842014E-05
270 0 1.696894005E-05
270.2 0 -2.966073946E-20
270.4 6.799390775E-06 3.399695387E-05
270.6 6.805313589E-06 -1.701328397E-05
270.8 6.811246731E-06 -1.702811683E-05
271 0 -1.875594072E-20
271.2 6.823144105E-06 -1.705786026E-05
271.4 6.829108392E-06 -1.707277098E-05
271.6 6.835083115E-06 -1.708770779E-05
271.8 6.841068301E-06 1.710267075E-05
272 6.847063979E-06 3.423531989E-05
272.2 6.853070175E-06 -2.227765016E-20
272.4 6.859086918E-06 -1.71477173E-05
272.6 6.865114236E-06 1.716278559E-05
272.8 6.871152155E-06 3.435576077E-05
273 6.877200704E-06 3.438600352E-05
273.2 6.883259912E-06 8.60407489E-05
273.4 0 1.722332451E-05
273.6 0 -8.619263019E-05
273.8 0 3.450750883E-05
274 0 1.726900973E-05
274.2 0 -5.185287611E-05
274.4 0 -5.189880425E-05
274.6 0 -3.462987589E-05
274.8 0 1.733030169E-05
275 0 -1.734569272E-05
275.2 0 1.736111111E-05
275.4 0 3.475311388E-05
275.6 0 2.448614255E-20
275.8 0 -1.740753119E-05
276 0 -3.484611954E-05
276.2 6.975446429E-06 -3.487723214E-05
276.4 1.396336014E-05 6.683370196E-21
276.6 2.09637746E-05 -1.746981216E-05
276.8 2.797672337E-05 -1.74854521E-05
277 2.800179211E-05 1.750112007E-05
277.2 2.802690583E-05 4.212794268E-21
277.4 2.805206463E-05 5.673743335E-21
277.6 2.807726864E-05 1.75482929E-05
277.8 2.810251799E-05 1.756407374E-05
278 2.812781278E-05 1.757988299E-05
278.2 2.815315315E-05 2.541885798E-20
278.4 2.817853922E-05 -1.761158702E-05
278.6 2.820397112E-05 9.129608546E-21
278.8 2.822944896E-05 -1.76434056E-05
279 2.825497288E-05 -1.765935805E-05
279.2 2.828054299E-05 -1.767533937E-05
279.4 2.830615942E-05 -3.538269928E-05
279.6 2.83318223E-05 -1.770738894E-05
279.8 2.835753176E-05 -1.772345735E-05
280 2.838328792E-05 -1.773955495E-05
280.2 2.840909091E-05 1.775568182E-05
280.4 2.843494086E-05 1.777183803E-05
280.6 2.846083789E-05 -1.778802368E-05
280.8 2.848678213E-05 -1.780423883E-05
281 2.851277372E-05 -1.782048358E-05
281.2 2.853881279E-05 -3.567351598E-05
281.4 2.856489945E-05 4.46319291E-20
281.6 2.859103385E-05 1.786939616E-05
281.8 2.861721612E-05 -1.788576007E-05
282 2.864344638E-05 1.790215399E-05
282.2 2.866972477E-05 1.791857798E-05
282.4 2.869605142E-05 -1.793503214E-05
282.6 2.872242647E-05 -1.795151654E-05
282.8 2.874885005E-05 -3.593606256E-05
283 2.877532228E-05 -1.798457643E-05
283.2 2.880184332E-05 2.946321575E-20
283.4 2.882841328E-05 1.80177583E-05
283.6 2.885503232E-05 1.80343952E-05
283.8 2.888170055E-05 9.982502896E-21
284 2.890841813E-05 -1.108272531E-20
284.2 2.170138889E-05 -6.052637406E-21
284.4 2.896200185E-05 2.40039785E-20
284.6 3.623608534E-05 -1.811804267E-05
284.8 3.626973073E-05 1.813486537E-05
285 3.630343866E-05 5.445515799E-05
285.2 4.360465116E-05 2.981578058E-21
285.4 5.819366853E-05 -5.455656425E-05
285.6 5.824790308E-05 -1.820246971E-05
285.8 5.101445896E-05 1.821944963E-05
286 5.10620915E-05 1.823646125E-05
286.2 5.841121495E-05 1.825350467E-05
286.4 5.846585594E-05 1.827057998E-05
286.6 5.852059925E-05 1.521976686E-20
286.8 5.857544517E-05 -3.660965323E-05
287 5.130159475E-05 -1.832199812E-05
287.2 4.401408451E-05 1.833920188E-05
287.4 2.937030075E-05 1.835643797E-05
287.6 1.469896519E-05 -3.674741298E-05
287.8 1.471280603E-05 -3.678201507E-05
288 1.472667295E-05 -1.840834119E-05
288.2 7.370283019E-06 3.685141509E-05
288.4 0 3.688621341E-05
288.6 0 1.087249789E-21
288.8 0 -1.847800378E-05
289 0 -5.548650568E-05
289.2 0 -1.851303318E-05
289.4 0 1.853059772E-05
289.6 0 3.709639126E-05
289.8 0 1.8565827E-05
290 0 -1.858349191E-05
290.2 0 -1.860119048E-05
290.4 0 -5.585676835E-05
290.6 0 -7.454675573E-05
290.8 0 2.391863693E-20
291 0 1.867232314E-05
291.2 0 2.382826846E-20
291.4 0 1.870809387E-05
291.6 0 3.745206136E-05
291.8 0 4.703654034E-20
292 0 -1.876200768E-05
292.2 0 -1.878004808E-05
292.4 0 -1.87981232E-05
292.6 0 1.881623314E-05
292.8 0 1.883437801E-05
293 0 -3.249685986E-20
293.2 0 -1.887077295E-05
293.4 0 -1.888902321E-05
293.6 0 -1.890730881E-05
293.8 0 -1.892562984E-05
294 0 -9.512425175E-21
294.2 0 -3.629151214E-21
294.4 0 -2.936015249E-21
294.6 0 2.607998234E-20
294.8 0 -1.90177702E-05
295 0 -1.903630604E-05
295.2 0 -1.905487805E-05
295.4 0 -3.814697266E-05
295.6 0 -2.239277651E-20
295.8 0 3.822162427E-05
296 0 1.912952987E-05
296.2 0 3.829656863E-05
296.4 0 3.833415113E-05
296.6 0 5.75577112E-05
296.8 0 0.0001152286136
297 0 3.844734252E-05
297.2 0 1.924261084E-05
297.4 0 5.778476331E-05
297.6 0 5.784180652E-05
297.8 0 5.789896245E-05
298 0 9.659371909E-05
298.2 0 9.668935644E-05
298.4 0 3.871407334E-05
298.6 0 5.812872024E-05
298.8 0 3.879096326E-05
299 0 5.824428429E-05
299.2 0 5.830223881E-05
299.4 0 3.890687251E-05
299.6 0 3.894566301E-05
299.8 0 -1.949226547E-05
300 0 -3.902347652E-05
300.2 0 -1.953125E-05
300.4 0 1.95508008E-05
300.6 0 1.957039078E-05
300.8 0 -3.918004012E-05
301 0 -1.960968876E-05
301.2 0 8.770700139E-21
301.4 0 -3.929828974E-05
301.6 0 -1.966893253E-05
301.8 0 -5.906628024E-05
302 0 -3.94172553E-05
302.2 0 1.788841617E-20
302.4 0 -3.949696663E-05
302.6 0 -3.953694332E-05
302.8 0 -2.901579788E-20
303 0 3.961713996E-05
303.2 0 1.98286802E-05
303.4 0 9.842259322E-21
303.6 0 -1.98690234E-05
303.8 0 -4.345330393E-20
304 0 3.981906218E-05
304.2 0 7.971938776E-05
304.4 0 1.995020429E-05
304.6 0 -1.997060327E-05
304.8 0 -1.999104401E-05
305 0 -2.001152664E-05
305.2 0 -7.651100148E-21
305.4 0 2.005261807E-05
305.6 0 -2.007322713E-05
305.8 0 -8.03755144E-05
306 0 -4.022914521E-05
306.2 0 -0.0001006765464
306.4 0 -6.046826625E-05
306.6 0 -6.053073347E-05
306.8 0 -8.079110651E-05
307 8.08747412E-06 -4.04373706E-05
307.2 1.619170984E-05 -6.071891192E-05
307.4 1.620850622E-05 -6.078189834E-05
307.6 1.622533749E-05 -2.028167186E-05
307.8 8.121101871E-06 2.030275468E-05
308 0 -2.032388137E-05
308.2 0 -2.034505208E-05
308.4 0 2.036626694E-05
308.6 0 2.03875261E-05
308.8 0 4.187791587E-20
309 0 -2.043017782E-05
309.2 0 3.749453107E-20
309.4 0 2.047300839E-05
309.6 0 -4.098898216E-05
309.8 0 -6.154805672E-05
310 0 -2.053759201E-05
310.2 0 6.167763158E-05
310.4 0 2.05808746E-05
310.6 0 -8.241033755E-05
310.8 0 -8.249736008E-05
311 0 -3.020049052E-20
311.2 0 2.066798942E-05
311.4 0 -2.068988347E-05
311.6 0 1.586622119E-20
311.8 0 6.220143312E-05
312 0 8.302337938E-05
312.2 0 4.155585106E-05
312.4 0 6.240015974E-05
312.6 0 2.082222814E-05
312.8 0 -2.084445037E-05
313 0 2.605318069E-20
313.2 0 -2.088903743E-05
313.4 0 -2.091140257E-05
313.6 0 -2.093381565E-05
313.8 0 -4.191255365E-05
314 0 -6.293635875E-05
314.2 0 -6.300403226E-05
314.4 0 -4.204790097E-05
314.6 0 -4.209321121E-05
314.8 0 7.098492451E-21
315 0 4.218412527E-05
315.2 0 -8.405054036E-21
315.4 0 -2.113771645E-05
315.6 0 -4.982080701E-21
315.8 0 -2.654073573E-20
316 0 2.120656895E-05
316.2 0 4.245923913E-05
316.4 0 4.25054407E-05
316.6 0 4.255174292E-05
316.8 0 -1.560504343E-20
317 0 -2.132232533E-05
317.2 0 1.16051523E-20
317.4 0 4.273796499E-05
317.6 0 4.278477547E-05
317.8 0 -4.28316886E-05
318 0 -4.287870472E-05
318.2 0 1.58472879E-20
318.4 0 -2.148652365E-05
318.6 0 -2.907294549E-20
318.8 0 2.153390298E-05
319 0 -2.155767108E-05
319.2 0 -4.316298343E-05
319.4 0 -6.481609513E-05
319.6 0 -2.162929125E-05
319.8 0 4.330654102E-05
320 0 4.335460599E-05
320.2 0 4.340277778E-05
320.4 0 2.172552836E-05
320.6 0 -3.206056109E-20
320.8 0 2.177396878E-05
321 0 -3.752549826E-20
321.2 0 -2.18226257E-05
321.4 0 -2.619810546E-20
321.6 0 -3.380676672E-20
321.8 0 -1.890286256E-20
322 0 -4.384118967E-05
322.2 0 -6.583567416E-05
322.4 0 -2.196991001E-05
322.6 0 2.19946509E-05
322.8 0 2.201944758E-05
323 0 2.204430023E-05
323.2 0 4.413841808E-05
323.4 0 4.418834842E-05
323.6 0 6.635758777E-05
323.8 0 6.643282313E-05
324 0 6.650822928E-05
324.2 0 6.658380682E-05
324.4 0 4.443970421E-05
324.6 0 4.449031891E-05
324.8 0 6.681157355E-05
325 0 0.0001114797374
325.2 0 0.0001116071429
325.4 0 4.469393593E-05
325.6 0 2.237256586E-05
325.8 0 6.719466743E-05
326 0 4.4847876E-05
326.2 0 -2.244971264E-05
326.4 0 -2.247554661E-05
326.6 0 2.250144009E-05
326.8 0 2.252739331E-05
327 0 4.955138911E-20
327.2 0 4.242722005E-20
327.4 0 2.260561343E-05
327.6 0 -2.263180765E-05
327.8 9.063225058E-06 -6.797418794E-05
328 1.81475029E-05 -2.268437863E-05
328.2 2.725290698E-05 -6.813226744E-05
328.4 3.637951106E-05 -9.094877765E-05
328.6 4.552738928E-05 -4.552738928E-05
328.8 5.46966161E-05 -2.279025671E-05
329 6.388726636E-05 -2.290704754E-20
329.2 7.30994152E-05 -5.851537709E-20
329.4 8.233313817E-05 -4.890201738E-20
329.6 9.158851114E-05 4.579425557E-05
329.8 0.0001008656103 6.877200704E-05
330 0.0001009841363 2.295094007E-05
330.2 0.0001011029412 -4.595588235E-05
330.4 0.0001012220259 -4.601001178E-05
330.6 9.212853774E-05 2.303213443E-05
330.8 8.301357733E-05 4.611865407E-05
331 7.387706856E-05 4.617316785E-05
331.2 6.471893491E-05 6.934171598E-05
331.4 5.553909953E-05 4.628258294E-05
331.6 5.560498221E-05 2.316874259E-05
331.8 5.567102138E-05 2.319625891E-05
332 5.57372176E-05 -2.322384067E-05
332.2 5.580357143E-05 7.99843592E-21
332.4 4.655840286E-05 6.983760429E-05
332.6 3.729116945E-05 -3.826852931E-20
332.8 3.733572282E-05 -4.666965352E-05
333 3.738038278E-05 2.336273923E-05
333.2 4.678143713E-05 2.339071856E-05
333.4 5.620503597E-05 -4.683752998E-05
333.6 6.56512605E-05 -4.68937575E-05
333.8 7.512019231E-05 -4.695012019E-05
334 8.461191336E-05 -7.05099278E-05
334.2 8.471385542E-05 -7.059487952E-05
334.4 9.424004825E-05 -7.068003619E-05
334.6 0.0001037892512 -4.717693237E-05
334.8 0.0001133615478 -2.361698912E-05
335 0.0001134987893 -2.364558111E-05
335.2 0.0001136363636 -2.367424242E-05
335.4 0.0001137742718 -7.11089199E-05
335.6 0.0001139125152 -7.119532199E-05
335.8 0.0001140510949 -7.128193431E-05
336 0.0001237058465 -9.515834348E-05
336.2 0.0001333841463 -4.763719512E-05
336.4 0.0001430860806 -1.105412914E-20
336.6 0.0001432610024 4.775366748E-05
336.8 0.0001434363525 -2.390605875E-05
337 0.0001436121324 -4.787071078E-05
337.2 0.0001437883436 -4.792944785E-05
337.4 0.0001439649877 -7.198249386E-05
337.6 0.0001537515375 -1.192886586E-20
337.8 0.0001539408867 -2.340448165E-20
338 0.0001541307028 2.408292232E-05
338.2 0.0001543209877 7.233796296E-05
338.4 0.0001545117429 2.414245983E-05
338.6 0.0001547029703 4.834467822E-05
338.8 0.0001452137546 7.260687732E-05
339 0.0001357009926 2.42323201E-05
339.2 0.0001358695652 -4.783686466E-20
339.4 0.0001263215174 4.631384051E-21
339.6 0.0001167496887 3.269966918E-21
339.8 0.00010715399 2.784246999E-21
340 9.753433208E-05 -3.624719077E-21
340.2 8.7890625E-05 -8.715469418E-21
340.4 7.822277847E-05 -5.495136291E-20
340.6 6.853070175E-05 -2.447525063E-05
340.8 5.881430364E-05 -2.450595985E-05
341 4.907349246E-05 -2.453674623E-05
341.2 3.93081761E-05 -2.456761006E-05
341.4 2.951826196E-05 -4.919710327E-05
341.6 1.9703657E-05 -2.602498714E-20
341.8 9.864267677E-06 4.932133838E-05
342 0 -6.819762207E-20
342.2 0 2.472310127E-05
342.4 0 2.475443599E-05
342.6 0 2.478585025E-05
342.8 0 -2.165889326E-20
343 0 -4.969783715E-05
343.2 0 -4.97611465E-05
343.4 0 -2.491230867E-05
343.6 0 4.678651365E-21
343.8 0 4.026154442E-20
344 0 -2.462242876E-20
344.2 0 -2.932578603E-21
344.4 0 -2.507220796E-05
344.6 0 -5.020886889E-05
344.8 0 -2.513674389E-05
345 0 -3.105687408E-20
345.2 0 -4.93554267E-21
345.4 0 -7.570251938E-05
345.6 1.010672704E-05 -0.0001010672704
345.8 1.011981865E-05 -2.529954663E-05
346 1.013294423E-05 -2.533236057E-05
346.2 1.01461039E-05 -2.536525974E-05
346.4 0 -6.997523101E-21
346.6 0 -2.54313151E-05
346.8 0 3.180118428E-21
347 0 2.54977154E-05
347.2 1.02124183E-05 2.147756586E-20
347.4 1.022578534E-05 1.043079651E-20
347.6 1.023918742E-05 3.173427957E-20
347.8 1.025262467E-05 -2.93683995E-20
348 1.026609724E-05 2.56652431E-05
348.2 0 2.569901316E-05
348.4 1.029314888E-05 -6.4007525E-20
348.6 1.030672823E-05 -4.817077183E-20
348.8 1.032034346E-05 5.160171731E-05
349 1.033399471E-05 2.583498677E-05
349.2 1.034768212E-05 -2.58692053E-05
349.4 1.036140584E-05 -2.590351459E-05
349.6 1.0375166E-05 2.582160345E-20
349.8 0 -2.597240691E-05
350 1.040279627E-05 -5.201398136E-05
350.2 1.041666667E-05 1.711293824E-21
350.4 1.04305741E-05 5.215287049E-05
350.6 1.044451872E-05 5.222259358E-05
350.8 1.045850067E-05 -2.614625167E-05
351 1.047252011E-05 -2.618130027E-05
351.2 1.048657718E-05 6.275735458E-20
351.4 1.050067204E-05 -2.625168011E-05
351.6 1.051480485E-05 -2.628701211E-05
351.8 1.052897574E-05 -2.632243935E-05
352 1.054318489E-05 3.353253194E-20
352.2 1.055743243E-05 5.278716216E-05
352.4 1.057171854E-05 2.642929635E-05
352.6 1.058604336E-05 2.64651084E-05
352.8 0 4.05622979E-21
353 0 -5.307404891E-05
353.2 0 -2.657312925E-05
353.4 0 6.453639337E-22
353.6 0 3.544248495E-20
353.8 0 -2.668203552E-05
354 0 -2.671853625E-05
354.2 0 2.59631757E-20
354.4 0 2.679183813E-05
354.6 0 2.682864011E-05
354.8 0 -3.636081963E-20
355 0 -2.690254821E-05
355.2 0 -2.693965517E-05
355.4 0 2.589265242E-21
355.6 0 2.701417704E-05
355.8 0 5.41031856E-05
356 0 5.417822469E-05
356.2 0 2.712673611E-05
356.4 0 5.432892907E-05
356.6 0 0.0001088091922
356.8 0 0.0001089609484
357 0 0.0001091131285
357.2 0 5.463286713E-05
357.4 0 5.470938375E-05
357.6 0 2.73930575E-05
357.8 0 -2.88923808E-20
358 0 2.747011252E-05
358.2 0 -2.750880282E-05
358.4 0 -2.711545529E-20
358.6 0 2.75865113E-05
358.8 0 -4.120398755E-20
359 0 -2.766466006E-05
359.2 0 -3.289898853E-20
359.4 0 -3.024129939E-20
359.6 0 -3.250780995E-22
359.8 0 1.767655681E-20
360 0 -2.786198288E-05
360.2 0 -2.790178571E-05
360.4 0 -2.794170243E-05
360.6 0 5.350623992E-20
360.8 0 2.802187948E-05
361 0 -4.378392222E-20
361.2 0 -2.810251799E-05
361.4 0 -3.207348694E-20
361.6 0 -2.818362193E-05
361.8 0 -2.822434971E-05
362 0 -4.670414389E-20
362.2 0 2.338403118E-20
362.4 0 -5.669448476E-05
362.6 0 -8.51653343E-05
362.8 0 -1.729679056E-20
363 0 -2.874572844E-20
363.2 0 -8.553832117E-05
363.4 0 -5.710891813E-05
363.6 0 -2.621931727E-20
363.8 0 2.837822503E-20
364 0 2.868024963E-05
364.2 0 2.872242647E-05
364.4 0 3.703732744E-20
364.6 0 -1.168046254E-20
364.8 0 5.657728618E-20
365 0 2.889238166E-05
365.2 0 2.893518519E-05
365.4 0 2.897811573E-05
365.6 0 5.80423477E-05
365.8 0 8.719308036E-05
366 0 5.821535022E-05
366.2 0 5.805411663E-20
366.4 0 -5.838938714E-05
366.6 0 -8.771519461E-05
366.8 0 -8.784670165E-05
367 0 -5.86524024E-05
367.2 0 4.709441627E-20
367.4 0 -2.941453313E-05
367.6 0 -2.945889894E-05
367.8 0 -4.482726483E-20
368 0 2.954803328E-05
368.2 0 5.918560606E-05
368.4 0 5.92754173E-05
368.6 0 2.968275076E-05
368.8 0 5.759328233E-21
369 0 -5.95464939E-05
369.2 0 -5.963740458E-05
369.4 0 -2.986429664E-05
369.6 0 1.808172003E-20
369.8 0 -2.995590491E-05
370 0 -3.000192012E-05
370.2 0 6.009615385E-05
370.4 0 6.018875193E-05
370.6 0 3.01408179E-05
370.8 0 -2.75123538E-20
371 0 -3.023413313E-05
371.2 0 -6.05620155E-05
371.4 0 3.04281056E-20
371.6 0 3.03751944E-05
371.8 0 6.084501558E-05
372 0 6.09399376E-05
372.2 0 3.051757812E-05
372.4 0 5.048099356E-20
372.6 0 -6.122648903E-05
372.8 0 5.572286091E-20
373 0 2.109524252E-20
373.2 0 -3.075787402E-05
373.4 0 6.161277603E-05
373.6 0 3.085505529E-05
373.8 0 1.832298639E-20
374 0 3.095285261E-05
374.2 0 -4.480944367E-20
374.4 0 3.105127186E-05
374.6 0 3.110071656E-05
374.8 0 5.062977082E-20
375 0 -1.886735648E-21
375.2 0 -3.125E-05
375.4 0 3.369405502E-20
375.6 0 3.135032103E-05
375.8 0 -3.376166238E-21
376 0 9.814306487E-21
376.2 0 -3.150201613E-05
376.4 0 -6.310581583E-05
376.6 0 -6.32079288E-05
376.8 0 -3.165518639E-05
377 0 -3.170657468E-05
377.2 0 -3.175813008E-05
377.4 0 -1.761426602E-20
377.6 0 -3.186174551E-05
377.8 0 -3.191380719E-05
378 0 9.116242113E-20
378.2 0 4.550745248E-20
378.4 0 -4.167836595E-20
378.6 0 -2.390871615E-20
378.8 0 3.217668863E-05
379 0 6.445957096E-05
379.2 0 3.228305785E-05
379.4 0 3.233650662E-05
379.6 0 6.478026534E-05
379.8 0 6.488787375E-05
380 0 9.74937604E-05
380.2 0 9.765625E-05
380.4 0 6.521285476E-05
380.6 0 9.798285953E-05
380.8 0 0.0001308626466
381 0 6.554110738E-05
381.2 0 3.282563025E-05
381.4 0 0.000131523569
381.6 0 9.880902192E-05
381.8 0 3.299197635E-05
382 0 3.304780034E-05
382.2 0 -1.209580157E-20
382.4 0 -3.381313233E-20
382.6 0 3.321641156E-05
382.8 0 3.32729983E-05
383 0 -3.332977816E-05
383.2 0 -6.677350427E-05
383.4 0 -3.344392123E-05
383.6 0 -3.350128645E-05
383.8 0 -3.35588488E-05
384 0 3.361660929E-05
384.2 0 3.367456897E-05
384.4 0 3.373272884E-05
384.6 0 6.758217993E-05
384.8 0 6.769930676E-05
385 0 6.781684028E-05
385.2 0 6.793478261E-05
385.4 0 3.402656794E-05
385.6 0 6.817190227E-05
385.8 0 6.829108392E-05
386 1.36821366E-05 6.841068301E-05
386.2 2.74122807E-05 0.0001027960526
386.4 4.119068541E-05 3.432557118E-05
386.6 5.501760563E-05 2.700739205E-20
386.8 6.889329806E-05 6.889329806E-05
387 6.901501767E-05 0.0001035225265
387.2 6.913716814E-05 3.456858407E-05
387.4 6.925975177E-05 -3.929562616E-21
387.6 6.938277087E-05 3.469138544E-05
387.8 6.950622776E-05 3.475311388E-05
388 6.963012478E-05 -6.165550201E-21
388.2 6.975446429E-05 6.18841553E-21
388.4 5.590339893E-05 3.493962433E-05
388.6 4.200268817E-05 7.000448029E-05
388.8 2.805206463E-05 3.506508079E-05
389 1.405125899E-05 2.30861553E-20
389.2 0 -7.038288288E-05
389.4 0 -0.0001057648917
389.6 0 -3.531871609E-05
389.8 0 -3.538269928E-05
390 0 -0.0001063407441
390.2 0 -0.0001065340909
390.4 0 -0.0001067281421
390.6 0 -0.0001069229015
390.8 0 -0.0001071183729
391 0 -0.0001430860806
391.2 0 -0.0001433486239
391.4 0 -0.0001436121324
391.6 0 -0.0001079074586
391.8 0 -7.207103321E-05
392 1.444085028E-05 -7.220425139E-05
392.2 1.446759259E-05 -2.792577983E-21
392.4 1.449443414E-05 3.623608534E-05
392.6 1.452137546E-05 -2.330829444E-20
392.8 1.454841713E-05 8.821341794E-21
393 1.45755597E-05 3.643889925E-05
393.2 1.460280374E-05 7.301401869E-05
393.4 1.463014981E-05 7.315074906E-05
393.6 1.46575985E-05 7.32879925E-05
393.8 0 7.342575188E-05
394 0 3.678201507E-05
394.2 0 3.685141509E-05
394.4 0 9.386510642E-20
394.6 0 3.490144835E-20
394.8 0 4.805951284E-20
395 0 -0.000148526616
395.2 0 -0.0001116071429
395.4 0 -0.0001118201336
395.6 0 -0.0001120339388
395.8 0 -7.483237548E-05
396 0 -0.0001499520154
396.2 0 -3.756009615E-05
396.4 0 -1.641228645E-20
396.6 0 -3.770511583E-05
396.8 0 -3.777804642E-05
397 0 -3.785125969E-05
397.2 0 2.813345301E-20
397.4 0 3.96391695E-21
397.6 0 -3.807261209E-05
397.8 0 3.982427109E-20
398 0 3.03878211E-20
398.2 0 4.389799027E-21
398.4 0 3.837180747E-05
398.6 0 -3.844734252E-05
398.8 0 3.525938307E-21
399 0 3.85993083E-05
399.2 0 -5.854053462E-20
399.4 0 -3.875248016E-05
399.6 0 -3.882952286E-05
399.8 0 -1.025811148E-20
400 0 3.324497294E-20
400.2 0 -2.573468788E-20
400.4 0 5.945019364E-20
400.6 0 3.921937751E-05
400.8 0 3.929828974E-05
401 0 3.937752016E-05
401.2 0 3.945707071E-05
401.4 0 -4.153567103E-20
401.6 0 3.961713996E-05
401.8 0 3.96976626E-05
402 0 -5.654794862E-20
402.2 0 -6.08934502E-20
402.4 0 7.988241309E-05
402.6 0 0.0001200691598
402.8 0 -3.885314766E-21
403 0 -8.03755144E-05
403.2 0 -8.647599384E-20
403.4 0 -1.026105244E-19
403.6 0 -1.199864275E-20
403.8 0 -4.11680726E-21
404 0 -8.121101871E-05
404.2 0 -8.138020833E-05
404.4 0 -4.077505219E-05
404.6 0 4.498529056E-20
404.8 0 8.189203354E-05
405 0 -1.475631307E-19
405.2 0 -0.0001233552632
405.4 0 -4.120516878E-05
405.6 0 -4.12922833E-05
405.8 0 4.137976695E-05
406 0 8.293524416E-05
406.2 0 4.155585106E-05
406.4 0 -4.164445629E-05
406.6 0 1.189241744E-20
406.8 0 4.182280514E-05
407 0 1.109625316E-20
407.2 0 8.400537634E-05
407.4 0 -8.418642241E-05
407.6 0 4.218412527E-05
407.8 0 4.22754329E-05
408 0 -0.00012710141
408.2 0 -1.283701234E-19
408.4 0 -4.14901063E-20
408.6 0 8.528930131E-05
408.8 0 4.273796499E-05
409 0 -8.566337719E-05
409.2 0 4.292582418E-05
409.4 0 8.60407489E-05
409.6 0 -8.623068433E-05
409.8 0 -8.642146018E-05
410 0 4.330654102E-05
410.2 0 6.949494159E-20
410.4 0 -4.349944321E-05
410.6 0 -4.359654018E-05
410.8 0 4.369407159E-05
411 0 0.0001313761211
411.2 0 -7.930530293E-20
411.4 0 4.39893018E-05
411.6 0 0.0001763544018
411.8 0 0.0001325650452
412 0 8.857709751E-05
412.2 0 3.419310578E-20
412.4 0 5.467042356E-20
412.6 0 0.0001337756849
412.8 0 0.0001340818078
413 0 8.959288991E-05
413.2 0 4.489942529E-05
413.4 0 9.000576037E-05
413.6 0 4.510681293E-05
413.8 0 -4.521122685E-05
414 0 4.531612529E-05
414.2 0 4.542151163E-05
414.4 0 4.552738928E-05
414.6 0 0.000136901285
414.8 0 0.0001829625293
415 0 9.169600939E-05
415.2 1.838235294E-05 -4.558700825E-21
415.4 1.842570755E-05 -9.212853774E-05
415.6 1.846926714E-05 -9.23463357E-05
415.8 0 -9.256516588E-05
416 0 -4.639251781E-05
416.2 0 1.098261434E-19
416.4 0 -9.322792363E-05
416.6 0 4.672547847E-05
416.8 0 4.683752998E-05
417 0 -4.695012019E-05
417.2 0 -4.706325301E-05
417.4 0 -4.717693237E-05
417.6 0 -4.729116223E-05
417.8 0 -0.0001422178398
418 0 -0.0001900851582
418.2 0 -0.0001429115854
418.4 0 -9.550733496E-05
418.6 0 -9.574142157E-05
418.8 0 -9.597665848E-05
419 0 -9.621305419E-05
419.2 0 -9.645061728E-05
419.4 0 -4.834467822E-05
419.6 0 -4.84646402E-05
419.8 0 -9.717039801E-05
420 0 -0.0001948254364
420.2 0 -0.000146484375
420.4 0 -4.895050125E-05
420.6 0 5.426920296E-20
420.8 0 4.919710327E-05
421 0 4.932133838E-05
421.2 0 1.046477629E-19
421.4 0 -0.0001487151015
421.6 0 -4.969783715E-05
421.8 0 4.982461735E-05
422 0 6.196668472E-20
422.2 0 -5.008012821E-05
422.4 0 -5.020886889E-05
422.6 0 -6.051032831E-20
422.8 0 -5.046834625E-05
423 0 -0.0001011981865
423.2 0 -5.073051948E-05
423.4 0 -1.93313876E-20
423.6 0 -5.099543081E-05
423.8 0 -0.0001022578534
424 0 -0.0001025262467
424.2 0 -5.139802632E-05
424.4 0 -5.153364116E-05
424.6 2.066798942E-05 -0.0001033399471
424.8 4.144562334E-05 -5.180702918E-05
425 6.23337766E-05 5.194481383E-05
425.2 8.333333333E-05 7.329125852E-20
425.4 0.0001044451872 -5.222259358E-05
425.6 0.0001256702413 2.312254641E-20
425.8 0.0001470094086 6.592506143E-20
426 0.0001684636119 8.809509038E-20
426.2 0.0001900337838 -5.278716216E-05
426.4 0.0002117208672 -5.29302168E-05
426.6 0.0002122961957 5.307404891E-05
426.8 0.0001915871935 5.321866485E-05
427 0.0001707650273 -2.440581326E-20
427.2 0.0001498287671 3.745696947E-20
427.4 0.0001287774725 5.365728022E-05
427.6 0.0001076101928 5.380509642E-05
427.8 8.632596685E-05 0.0001079074586
428 6.492382271E-05 0.0001082063712
428.2 4.340277778E-05 5.425347222E-05
428.4 2.176183844E-05 0.0001632137883
428.6 0 0.0001091131285
428.8 0 -8.692881438E-20
429 0 5.48630618E-05
429.2 0 0.0001100352113
429.4 0 5.51730226E-05
429.6 0 5.532932011E-05
429.8 0 5.548650568E-05
430 0 -1.120050342E-19
430.2 0 -5.580357143E-05
430.4 0 -0.0001119269341
430.6 0 -5.612428161E-05
430.8 0 -7.596742453E-21
431 0 -5.644869942E-05
431.2 0 -5.661231884E-05
431.4 0 5.677688953E-05
431.6 0 5.694241983E-05
431.8 0 -5.710891813E-05
432 0 -0.0001145527859
432.2 0 -5.744485294E-05
432.4 0 8.044317545E-20
432.6 0 -1.167694388E-19
432.8 0 -5.795623145E-05
433 0 -0.0001162574405
433.2 0 -0.0001166044776
433.4 0 -0.0001169535928
433.6 0 -0.0001173048048
433.8 0 -0.0001176581325
434 0 -5.900679758E-05
434.2 0 -1.0477487E-19
434.4 0 -1.69385351E-19
434.6 0 -5.639936193E-20
434.8 0 5.746343767E-20
435 0 4.183980709E-20
435.2 0 -5.797505665E-20
435.4 0 -7.92650835E-20
435.6 0 -1.336640489E-20
435.8 0 -1.289269536E-19
436 0 -1.580090778E-19
436.2 0 -5.170683541E-20
436.4 0 -5.056456405E-20
436.6 0 -8.182539688E-21
436.8 0 3.412605533E-20
437 0 -8.339057828E-21
437.2 0 -4.291359279E-20
437.4 0 6.318379929E-20
437.6 0 -4.923947536E-20
437.8 0 -1.602922184E-19
438 0 -2.390376209E-20
438.2 0 1.769983969E-21
438.4 0 -2.545415303E-20
438.6 0 4.154782932E-21
438.8 0 -1.591565013E-20
439 0 -9.689440637E-20
439.2 0 -8.65203575E-20
439.4 0 -7.122701998E-20
439.6 0 -6.710603346E-20
439.8 0 6.467301325E-05
440 0 0.0001297757475
440.2 0 6.510416667E-05
440.4 0 -1.43699025E-19
440.6 0 -7.533175647E-20
440.8 0 2.413315585E-20
441 0 -3.0816615E-20
441.2 0 1.175507187E-20
441.4 0 5.994563743E-20
441.6 0 9.0712417E-20
441.8 0 -9.145837494E-20
442 0 -6.711769759E-05
442.2 0 -0.0001346982759
442.4 0 -6.758217993E-05
442.6 0 -7.029274765E-20
442.8 0 -9.80227314E-20
443 0 -1.758051998E-19
443.2 0 -6.279076345E-20
443.4 0 -7.149531708E-20
443.6 0 -1.574972636E-19
443.8 0 -1.350026593E-19
444 0 -1.057817323E-19
444.2 0 -8.899815336E-20
444.4 0 -1.045804796E-19
444.6 0 5.285484223E-22
444.8 0 8.086771182E-20
445 0 1.223832313E-19
445.2 0 4.96687247E-20
445.4 0 3.224455267E-20
445.6 0 1.258342765E-20
445.8 0 2.685235544E-20
446 0 -7.168854488E-20
446.2 0 7.233796296E-05
446.4 0 7.260687732E-05
446.6 0 1.148542078E-19
446.8 0 1.137016597E-20
447 0 -7.069985362E-20
447.2 0 -9.079503101E-20
447.4 0 -7.26328906E-20
447.6 0 -6.048955582E-20
447.8 0 -6.372865703E-20
448 0 -1.640429667E-20
448.2 0 3.07553404E-20
448.4 0 4.739191786E-20
448.6 0 1.410158939E-19
448.8 0 1.838906195E-21
449 0 -7.629394531E-05
449.2 0 -7.659313725E-05
449.4 0 -8.971756142E-20
449.6 0 1.848914009E-20
449.8 0 9.306957473E-20
450 0 1.619998853E-19
450.2 0 3.9397114E-21
450.4 0 5.65206944E-20
450.6 0 -9.935810462E-21
450.8 0 -1.805314971E-20
451 0 1.388694662E-19
451.2 0 -1.899309169E-20
451.4 0 -1.298677771E-19
451.6 0 8.042158359E-20
451.8 0 6.950364752E-20
452 0 8.104253112E-05
452.2 0 8.138020833E-05
452.4 0 -6.832853166E-20
452.6 0 1.164358947E-19
452.8 0 2.246481792E-19
453 0 8.671863137E-20
453.2 0 -1.250414148E-19
453.4 0 1.236112364E-20
453.6 0 -3.455830936E-20
453.8 0 9.086260919E-21
454 0 7.762083849E-20
454.2 0 9.77380736E-20
454.4 0 -9.279002079E-20
454.6 0 -6.30951437E-20
454.8 0 -4.417948875E-20
455 0 -4.513561499E-20
455.2 0 -3.023956754E-20
455.4 0 -2.459618903E-19
455.6 0 -9.797210421E-20
455.8 0 -4.996310113E-20
456 0 -9.828653301E-20
456.2 0 4.719431054E-20
456.4 0 7.851401732E-20
456.6 0 -9.308021616E-20
456.8 0 -1.668338552E-21
457 0 1.243450818E-19
457.2 0 6.677374764E-20
457.4 0 -2.37095874E-21
457.6 0 5.92895411E-20
457.8 0 -7.222865818E-20
458 0 -1.027947981E-19
458.2 0 5.09968251E-20
458.4 0 -9.345095694E-05
458.6 0 -9.390024038E-05
458.8 0 9.435386473E-05
459 0 9.48118932E-05
459.2 0 1.652133383E-19
459.4 0 2.450315498E-20
459.6 0 -8.170068871E-21
459.8 0 1.268336865E-19
460 0 -2.68976037E-20
460.2 0 1.62440088E-20
460.4 0 -2.409441954E-20
460.6 0 2.229088478E-20
460.8 0 2.684931155E-20
461 0 1.327257485E-20
461.2 0 2.422594009E-21
461.4 0 -0.0001006765464
461.6 0 -0.0001011981865
461.8 0 -1.705658521E-19
462 0 -1.903453095E-19
462.2 0 3.964814666E-20
462.4 0 -4.238247506E-20
462.6 0 -1.345383304E-20
462.8 0 9.132181754E-20
463 0 0.0001050067204
463.2 0 0.0001055743243
463.4 0 -3.380703571E-20
463.6 0 -1.205804823E-19
463.8 0 0.0001073145604
464 0 0.0001079074586
464.2 0 -2.430382479E-19
464.4 0 -4.024999948E-20
464.6 0 -1.182994318E-19
464.8 0 0.0001103460452
465 0 0.0001109730114
465.2 0 0.0001116071429
465.4 0 0.0001122485632
465.6 0 -1.326760472E-19
465.8 0 -0.0001135537791
466 0 -0.0001142178363
466.2 0 -5.100478079E-20
466.4 0 -1.430159737E-19
466.6 0 -9.663438078E-20
466.8 0 -0.0001169535928
467 0 -0.0002353162651
467.2 0 -0.0002367424242
467.4 0 -0.0001190929878
467.6 0 -1.281627425E-19
467.8 0 -1.072167435E-19
468 0 -2.296768173E-19
468.2 0 -1.30005536E-19
468.4 0 -2.137041368E-20
468.6 0 -2.53428103E-19
468.8 0 -3.205728317E-19
469 0 -7.544039583E-20
469.2 0 -7.805662963E-20
469.4 0 -1.896937009E-19
469.6 0 -9.278485815E-20
469.8 0 -2.158453575E-19
470 0 -2.22561798E-19
470.2 0 -1.869779147E-19
470.4 0 3.262929463E-20
470.6 0 2.676112032E-19
470.8 0 3.716460015E-19
471 0 -6.255339349E-20
471.2 0 -2.907662949E-19
471.4 0 0.0001356336806
471.6 0 0.0001365821678
471.8 0 -8.626187692E-20
472 0 -0.0001385195035
472.2 0 -0.0001395089286
472.4 0 0.0001405125899
472.6 0 0.0001415307971
472.8 0 -5.607976358E-20
473 0 -2.035936047E-20
473.2 0 -0.0001446759259
473.4 0 -0.000145755597
473.6 0 2.647470359E-19
473.8 0 1.073177028E-19
474 0 2.841541996E-19
474.2 0 -5.625349405E-20
474.4 0 7.396557549E-20
474.6 0 -1.449516553E-20
474.8 0 -3.246321455E-19
475 0 1.317767861E-20
475.2 0 -6.62452465E-20
475.4 0 -1.322868353E-19
475.6 0 -7.478382483E-20
475.8 0 9.748993166E-24
476 0 4.755585332E-20
476.2 0 4.158161814E-20
476.4 0 -1.824522927E-19
476.6 0 -1.25318489E-20
476.8 0 -1.32516088E-19
477 0 4.463774965E-19
477.2 0 2.508793112E-19
477.4 0 -4.628237556E-19
477.6 0 -4.268058662E-20
477.8 0 1.423673593E-19
478 0 -2.299528431E-19
478.2 0 -1.508552921E-19
478.4 0 -3.583091131E-20
478.6 0 -1.712084595E-20
478.8 0 -2.172345614E-19
479 0 -2.628568046E-19
479.2 0 -3.820632309E-19
479.4 0 -1.203554006E-19
479.6 0 -6.82123784E-20
479.8 0 -1.661877392E-19
480 0 -1.710284895E-19
480.2 0 2.479472773E-19
480.4 0 -3.007034646E-19
480.6 0 -6.174974895E-20
480.8 0 -4.531464135E-20
481 0 -1.124833711E-22
481.2 0 -6.968277335E-20
481.4 0 2.414922391E-19
481.6 0 -4.421572876E-21
481.8 0 1.245367554E-19
482 0 3.083076622E-19
482.2 0 3.785058016E-19
482.4 0 -5.606076414E-20
482.6 0 3.954670111E-21
482.8 0 -5.832439064E-21
483 0 6.419886418E-20
483.2 0 -6.098575278E-20
483.4 0 -2.671775563E-19
483.6 0 -1.948560306E-19
483.8 0 1.084675921E-19
484 0 3.260000334E-19
484.2 0 -2.609468154E-19
484.4 0 -2.229253472E-19
484.6 0 -3.811740975E-19
484.8 0 -4.218796337E-19
485 0 -8.014348181E-19
485.2 0 2.881683186E-20
485.4 0 4.73338424E-19
485.6 0 2.788078271E-19
485.8 0 -5.861124488E-20
486 0 -2.172423622E-19
486.2 0 -2.064902133E-19
486.4 0 -6.476666736E-19
486.6 0 -6.81602258E-19
486.8 0 2.338297754E-19
487 0 1.024142604E-19
487.2 0 -2.462331053E-20
487.4 0 -5.781347994E-19
487.6 0 -6.80473102E-20
487.8 0 2.925133949E-20
488 0 1.951814156E-19
488.2 0 -3.770887835E-19
488.4 0 2.50871668E-19
488.6 0 3.313097751E-19
488.8 0 -4.457753154E-19
489 0 -6.528945186E-19
489.2 0 -1.633591555E-19
489.4 0 -1.39076879E-19
489.6 0 3.114850473E-19
489.8 0 1.585490577E-19
490 0 2.158004994E-19
490.2 0 6.219596908E-19
490.4 0 1.065825464E-20
490.6 0 -2.133467016E-19
490.8 0 -3.870581231E-19
491 0 -2.731992707E-19
491.2 0 3.082099064E-19
491.4 0 -2.264648599E-19
491.6 0 -8.777014187E-20
491.8 0 3.191594026E-19
492 0 6.026966429E-19
492.2 0 8.091733553E-19
492.4 0 -2.57427894E-19
492.6 0 3.146824793E-19
492.8 0 -8.207069108E-19
493 0 -1.199473938E-18
493.2 0 -7.287567819E-19
493.4 0 5.85804435E-19
493.6 0 -1.027549967E-18
493.8 0 -4.928963077E-19
494 0 -5.598006874E-19
494.2 0 -8.531467689E-20
494.4 0 -6.912321788E-19
494.6 0 -1.216274311E-18
494.8 0 -1.537780335E-19
495 0 1.178725969E-18
495.2 0 1.961608817E-19
495.4 0 6.569834723E-19
495.6 0 7.350466765E-20
495.8 0 1.197055775E-18
496 0 2.522836779E-18
496.2 0 1.219697237E-18
496.4 0 -2.514518812E-19
496.6 0 5.540862408E-19
496.8 0 5.198039074E-20
497 0 1.540284086E-18
497.2 0 1.470843487E-18
497.4 0 4.020391033E-19
497.6 0 -3.687651859E-19
497.8 0 -1.211044355E-18
498 0 -3.40721467E-18
498.2 0 -1.455096414E-18
498.4 0 6.685405293E-19
498.6 0 -1.244640716E-18
498.8 0 -9.894941535E-20
499 0 -1.817547892E-18
499.2 0 1.469341469E-18
499.4 0 1.838361408E-18
499.6 0 -3.17301021E-18
499.8 0 -8.611693322E-18
500 0 4.521723807E-18
