0 0.007306452419 -0.00012495002
0.2 0.00645625 0.0014375
0.4 0.006058673469 0.000468937575
0.6 0.005707691153 0.0003987565052
0.8 0.005447161594 0.0002424784742
1 0.005208333333 9.390024038E-05
1.2 0.005000626253 0.0001722194389
1.4 0.004799017642 0.0001566259022
1.6 0.004619183714 0.0001096821099
1.8 0.004464285714 0.0001175637039
2 0.004302990767 8.624799277E-05
2.2 0.004185491968 0.0002196285141
2.4 0.004020816593 0.0002746459421
2.6 0.003871709204 0.000117752713
2.8 0.003719340571 3.926668677E-05
3 0.003588847546 5.499547466E-05
3.2 0.00346139336 0.0001178948692
3.4 0.00334327194 0.0001415307971
3.6 0.003206177004 1.573197745E-05
3.8 0.003065823932 0.0001101682111
4 0.002928506651 0.0001495742644
4.2 0.002809979839 0.0001023815524
4.4 0.002697660347 0.0001103015329
4.6 0.002588402946 7.093674334E-05
4.8 0.002479057327 7.096538151E-05
5 0.002353846931 7.888226979E-05
5.2 0.002228535354 3.156565657E-05
5.4 0.002141016572 2.368381164E-05
5.6 0.002047108775 4.738677719E-05
5.8 0.001965766586 -7.9009911E-06
6 0.001874873533 7.904188588E-06
6.2 0.001809210526 5.535172065E-05
6.4 0.00173400162 0.0001028376873
6.6 0.001680890397 2.374138979E-05
6.8 0.001596068099 1.583400892E-05
7 0.001530185523 3.960107461E-05
7.2 0.001457910751 -3.961713996E-05
7.4 0.001401430601 -4.755986201E-05
7.6 0.001351248477 -6.343889566E-05
7.8 0.001304198822 -1.586616572E-05
8 0.001260285453 -1.183185317E-20
8.2 0.001216336382 -6.351626016E-05
8.4 0.00117552867 -7.942761285E-05
8.6 0.001137866151 -7.945992677E-06
8.8 0.001084274522 -2.38476801E-05
9 0.001043363192 -9.542956026E-05
9.2 0.0009992362525 -6.364562118E-05
9.4 0.0009582569275 -7.95894458E-05
9.6 0.0009236139421 -7.962189156E-05
9.8 0.0008953150489 -0.0001194815457
10 0.0008669930641 -0.0001035929213
10.2 0.0008290816327 -5.580357143E-05
10.4 0.0007975193957 -5.58263577E-05
10.6 0.0007659313725 -6.382761438E-05
10.8 0.0007375102166 -7.183541071E-05
11 0.0007026778414 -4.790985282E-05
11.2 0.000683793456 -5.591768916E-05
11.4 0.0006585004092 2.397452946E-05
11.6 0.0006299887433 7.994781007E-06
11.8 0.0006014537265 -0.000127968878
12 0.0005824969275 -0.0001040173085
12.2 0.000573130123 -3.201844262E-05
12.4 0.0005477398524 1.601578516E-05
12.6 0.0005287376948 -8.011177194E-06
12.8 0.0005065141568 -4.007232253E-05
13 0.0004842723727 7.928729095E-21
13.2 0.0004652207392 1.716356601E-20
13.4 0.0004525729252 -4.012171323E-05
13.6 0.0004302815454 -1.605528155E-05
13.8 0.0004111842105 2.409282484E-05
14 0.0003888574661 8.034245167E-06
14.2 0.0003665123457 1.607510288E-05
14.4 0.0003473651709 -2.901323228E-20
14.6 0.0003249845552 -1.608834432E-05
14.8 0.0003058044911 8.849627127E-21
15 0.0002962695796 -4.025401896E-05
15.2 0.0002770618557 -8.054123711E-05
15.4 0.0002642842409 -8.05744637E-05
15.6 0.0002514960792 -6.448617416E-05
15.8 0.0002451486375 -8.064099917E-06
16 0.0002323420074 -2.420229244E-05
16.2 0.0002195247934 -4.035382231E-05
16.4 0.0002066969822 -1.614820174E-05
16.6 0.0001938585608 -8.077440033E-06
16.8 0.0001810095159 -2.424234588E-05
17 0.0001681498344 -4.850475993E-05
17.2 0.0001585144928 -4.852484472E-05
17.4 0.0001456348384 -3.236329743E-05
17.6 0.0001392198508 -5.665924161E-05
17.8 0.0001327995439 -0.0001214629975
18 0.0001231335545 -9.721070095E-05
18.2 0.0001199429461 -4.052126556E-05
18.4 0.0001167496887 1.621523454E-05
18.6 0.0001103093854 5.677688953E-05
18.8 0.0001038637308 1.622870794E-05
19 9.74127182E-05 8.117726517E-06
19.2 9.095634096E-05 2.436330561E-05
19.4 8.774438436E-05 2.43734401E-05
19.6 8.127861007E-05 4.876716604E-05
19.8 7.480745212E-05 1.626248959E-05
20 6.833090379E-05 -4.880778842E-05
20.2 6.184895833E-05 -5.696614583E-05
20.4 6.187473947E-05 -8.141413089E-06
20.6 5.864261885E-05 8.144808173E-06
20.8 5.540780142E-05 8.148206091E-06
21 5.543092654E-05 6.025105145E-21
21.2 5.545407098E-05 -1.631002088E-05
21.4 4.895050125E-05 -3.26336675E-05
21.6 4.570622649E-05 -4.897095696E-05
21.8 4.572533445E-05 -1.633047659E-05
22 4.247699707E-05 1.633730657E-05
22.2 3.595711297E-05 8.17207113E-06
22.4 3.270196735E-05 -7.357942654E-05
22.6 2.944409548E-05 -9.814698492E-05
22.8 2.291055718E-05 -6.545873481E-05
23 1.96458508E-05 -9.822925398E-05
23.2 1.637840671E-05 -9.00812369E-05
23.4 1.310822148E-05 -8.192638423E-05
23.6 6.556861099E-06 -9.835291649E-05
23.8 6.55961377E-06 -0.0001311922754
24 6.562368753E-06 -0.000139450336
24.2 9.847689076E-06 -0.0001066832983
24.4 9.851828499E-06 -6.567885666E-05
24.6 9.855971405E-06 -8.213309504E-06
24.8 9.860117796E-06 -2.465029449E-05
25 9.864267677E-06 -2.466066919E-05
25.2 9.868421053E-06 -4.934210526E-05
25.4 9.872577928E-06 -0.0001069529275
25.6 9.876738306E-06 -9.876738306E-05
25.8 9.880902192E-06 -5.763859612E-05
26 9.885069591E-06 -2.471267398E-05
26.2 9.889240506E-06 -4.944620253E-05
26.4 9.893414943E-06 -7.420061207E-05
26.6 9.897592905E-06 -9.897592905E-05
26.8 9.901774398E-06 -0.0001072692226
27 9.905959425E-06 -5.778476331E-05
27.2 9.910147992E-06 -4.955073996E-05
27.4 9.914340102E-06 -3.304780034E-05
27.6 9.91853576E-06 -4.95926788E-05
27.8 9.92273497E-06 -9.09584039E-05
28 6.617958492E-06 -9.099692927E-05
28.2 6.620762712E-06 -0.0001075873941
28.4 6.623569309E-06 -6.623569309E-05
28.6 6.626378287E-06 -1.656594572E-05
28.8 6.629189648E-06 -4.14324353E-05
29 6.632003396E-06 -5.803002971E-05
29.2 6.634819533E-06 -1.658704883E-05
29.4 3.318819031E-06 2.734187641E-21
29.6 3.320229494E-06 2.490172121E-05
29.8 3.321641156E-06 4.152051446E-05
30 3.32305402E-06 2.492290515E-05
30.2 3.324468085E-06 -2.493351064E-05
30.4 3.325883355E-06 -4.988825032E-05
30.6 3.32729983E-06 -8.318249574E-06
30.8 3.328717512E-06 3.328717512E-05
31 3.330136402E-06 4.995204604E-05
31.2 6.663113006E-06 3.331556503E-05
31.4 9.998933447E-06 1.666488908E-05
31.6 1.000320102E-05 -8.336000854E-06
31.8 1.000747225E-05 4.859051601E-21
32 6.674498078E-06 6.555790804E-22
32.2 6.677350427E-06 -1.669337607E-05
32.4 6.680205216E-06 -8.35025652E-06
32.6 6.683062447E-06 2.328114706E-20
32.8 6.685922122E-06 8.357402653E-06
33 3.344392123E-06 2.508294092E-05
33.2 0 2.509368308E-05
33.4 0 2.510443445E-05
33.6 0 2.511519503E-05
33.8 0 2.512596484E-05
34 0 3.351565852E-05
34.2 0 2.514753219E-05
34.4 0 4.193054959E-05
34.6 0 8.389712199E-06
34.8 0 8.393317576E-06
35 0 2.519077816E-05
35.2 0 -7.63883947E-21
35.4 0 -3.827629453E-20
35.6 0 4.203885062E-05
35.8 0 5.88797373E-05
36 0 -5.083040533E-21
36.2 0 -8.418642241E-06
36.4 0 8.422272531E-06
36.6 3.370362381E-06 -1.685181191E-05
36.8 6.743634009E-06 -1.685908502E-05
37 6.746545769E-06 -1.686636442E-05
37.2 6.749460043E-06 -2.531047516E-05
37.4 6.752376837E-06 -3.376188418E-05
37.6 1.013294423E-05 -4.222060095E-05
37.8 1.351643599E-05 -4.223886246E-05
38 1.690285591E-05 -6.761142363E-05
38.2 2.029220779E-05 -6.764069264E-05
38.4 2.368449545E-05 -5.921123863E-05
38.6 3.046468804E-05 -7.61617201E-05
38.8 3.725075856E-05 -5.926257044E-05
39 4.404271466E-05 -5.928826973E-05
39.2 5.084056399E-05 -8.473427332E-05
39.4 5.764431424E-05 -2.54313151E-05
39.6 6.106165871E-05 1.696157186E-05
39.8 6.108818419E-05 -2.545341008E-05
40 7.130052151E-05 -5.092894394E-05
40.2 7.8125E-05 -4.245923913E-05
40.4 8.49554154E-05 1.762024981E-22
40.6 8.499238468E-05 1.699847694E-05
40.8 8.502938616E-05 -4.251469308E-05
41 8.166376307E-05 -5.95464939E-05
41.2 8.510348584E-05 -2.553104575E-05
41.4 7.83293374E-05 -2.554217524E-05
41.6 8.177060619E-05 -4.258885739E-05
41.8 7.839768761E-05 -5.11289267E-05
42 8.18419904E-05 -8.525207333E-06
42.2 8.187772926E-05 1.392986906E-20
42.4 9.215268676E-05 -3.413062473E-05
42.6 9.219296329E-05 -8.53638549E-06
42.8 9.906536948E-05 -8.540118059E-06
43 9.910870516E-05 -2.563156168E-05
43.2 0.0001059901532 -5.128555799E-05
43.4 0.0001094570928 -4.275667688E-05
43.6 0.0001095050372 -2.56652431E-05
43.8 0.0001095530237 -2.567648992E-05
44 0.0001164511179 8.562582201E-06
44.2 0.000116502193 -8.566337719E-06
44.4 0.0001234093901 -4.285048267E-05
44.6 0.000126893108 -5.144315189E-05
44.8 0.0001338109354 -3.431049627E-05
45 0.0001407348418 -1.716278559E-05
45.2 0.0001407967033 -8.585164835E-06
45.4 0.0001408586192 -2.385838605E-20
45.6 0.000137483502 -2.577815662E-05
45.8 0.0001341054137 -1.719300176E-05
46 0.0001307243505 -2.580085865E-05
46.2 0.0001273403084 -4.302037445E-05
46.4 0.0001273964301 8.607866902E-06
46.6 0.0001240079365 -6.64549552E-21
46.8 0.0001240626378 -8.615460962E-06
47 0.0001172219771 1.580212124E-20
47.2 0.0001172737307 -3.449227373E-05
47.4 0.0001069732774 -1.725375442E-05
47.6 0.0001035682722 -3.45227574E-05
47.8 9.670645447E-05 -2.590351459E-05
48 8.983856701E-05 -2.069549144E-21
48.2 8.642146018E-05 -1.728429204E-05
48.4 8.645971669E-05 -8.645971669E-06
48.6 8.649800709E-05 -3.459920283E-05
48.8 8.307487816E-05 -9.057570808E-21
49 7.964871454E-05 8.657468972E-06
49.2 7.62195122E-05 -3.464523282E-05
49.4 6.585514641E-05 -3.466060337E-05
49.6 5.894917887E-05 1.733799379E-05
49.8 5.203707815E-05 2.601853908E-05
50 4.858951577E-05 -8.676699245E-06
50.2 4.513888889E-05 1.736111111E-05
50.4 3.82114273E-05 5.210649177E-05
50.6 3.822842527E-05 7.819450623E-05
50.8 3.12917223E-05 4.346072541E-05
51 3.13056545E-05 1.739203028E-05
51.2 2.783964365E-05 3.479955457E-05
51.4 2.437054367E-05 5.222259358E-05
51.6 1.741529202E-05 3.483058404E-05
51.8 2.090767172E-05 -1.742305977E-05
52 2.091700134E-05 -4.357708612E-05
52.2 2.44140625E-05 -7.24961954E-21
52.4 2.44249665E-05 2.616960697E-05
52.6 2.792672029E-05 8.727100089E-06
52.8 2.793920429E-05 8.731001341E-06
53 2.795169946E-05 8.734906082E-06
53.2 2.796420582E-05 6.117170022E-05
53.4 2.098254252E-05 7.868453447E-05
53.6 1.749328258E-05 4.373320645E-05
53.8 2.100134409E-05 1.750112007E-05
54 2.801434334E-05 -1.750896459E-05
54.2 3.503363229E-05 1.381185489E-20
54.4 3.154441454E-05 8.762337371E-06
54.6 2.805206463E-05 -7.310314498E-21
54.8 2.806466098E-05 4.385103278E-05
55 3.50965858E-05 5.264487871E-05
55.2 4.564606742E-05 -2.633426966E-05
55.4 5.269222122E-05 -4.391018435E-05
55.6 5.271592443E-05 1.757197481E-05
55.8 4.922367237E-05 1.757988299E-05
56 4.924583521E-05 4.396949572E-05
56.2 5.278716216E-05 6.158502252E-05
56.4 5.633168094E-05 2.640547544E-05
56.6 5.987939585E-05 2.641738052E-05
56.8 5.990640505E-05 2.642929635E-05
57 5.993343863E-05 1.762748195E-05
57.2 5.643340858E-05 -8.81772009E-06
57.4 5.998757904E-05 -8.8217028E-06
57.6 6.354496159E-05 -8.82568911E-06
57.8 6.004181736E-05 -2.648903707E-05
58 4.946856626E-05 2.650101764E-05
58.2 4.242081448E-05 2.651300905E-05
58.4 3.536668176E-05 8.841670439E-06
58.6 3.538269928E-05 3.538269928E-05
58.8 3.539873131E-05 -2.654904848E-05
59 3.187330009E-05 -3.541477788E-05
59.2 2.83446712E-05 2.657312925E-05
59.4 2.835753176E-05 8.861728675E-06
59.6 2.1277803E-05 -8.865751248E-06
59.8 2.483537693E-05 -1.773955495E-05
60 2.484666061E-05 -2.662142208E-05
60.2 2.130681818E-05 -2.663352273E-05
60.4 1.776375625E-05 -3.552751251E-05
60.6 1.421747043E-05 -2.665775705E-05
60.8 1.06679563E-05 -2.666989076E-05
61 7.115209472E-06 -2.668203552E-05
61.2 3.559225513E-06 -2.669419134E-05
61.4 3.560847767E-06 -1.780423883E-05
61.6 3.5624715E-06 -1.78123575E-05
61.8 7.128193431E-06 -7.128193431E-05
62 1.069717024E-05 -6.240015974E-05
62.2 1.426940639E-05 -5.351027397E-05
62.4 1.427592508E-05 -6.245717222E-05
62.6 1.785306216E-05 -4.463265539E-05
62.8 1.786122542E-05 -1.786122542E-05
63 1.786939616E-05 1.786939616E-05
63.2 1.787757437E-05 8.938787185E-06
63.4 2.146291209E-05 2.682864011E-05
63.6 2.863032524E-05 1.789395328E-05
63.8 3.222387718E-05 -1.790215399E-05
64 3.582072444E-05 1.791036222E-05
64.2 3.942087156E-05 6.271502294E-05
64.4 4.302432308E-05 8.963400642E-06
64.6 4.304407713E-05 -8.96751607E-06
64.8 4.306384933E-05 9.992439605E-22
65 3.94933364E-05 -5.385454963E-05
65.2 4.310344828E-05 -6.28591954E-05
65.4 3.952966881E-05 -3.804527883E-21
65.6 3.95478601E-05 1.727375916E-21
65.8 3.596915285E-05 -8.992288214E-06
66 3.238714878E-05 4.498215108E-05
66.2 2.880184332E-05 1.800115207E-05
66.4 2.881512218E-05 -2.701417704E-05
66.6 2.882841328E-05 -1.80177583E-05
66.8 2.884171666E-05 -9.013036456E-06
67 3.60687904E-05 -9.017197599E-06
67.2 3.608545035E-05 1.973269888E-20
67.4 3.249191312E-05 -1.805106285E-05
67.6 3.250693481E-05 9.029704115E-06
67.8 3.25219704E-05 9.033880666E-06
68 2.892179547E-05 -2.711418325E-05
68.2 2.893518519E-05 -9.04224537E-06
68.4 3.618573414E-05 1.83364922E-20
68.6 3.620250232E-05 1.810125116E-05
68.8 3.259735744E-05 9.054821511E-06
69 2.898886827E-05 5.488226915E-21
69.2 2.900232019E-05 1.199976779E-20
69.4 3.264275766E-05 1.52130039E-20
69.6 3.265791918E-05 -9.071644217E-06
69.8 3.26730948E-05 -9.075859665E-06
70 2.905625291E-05 1.816015807E-05
70.2 2.543604651E-05 -9.084302326E-06
70.4 2.181247092E-05 1.756118149E-20
70.6 1.818552142E-05 2.727828212E-05
70.8 1.091639497E-05 9.096995808E-06
71 3.640493942E-06 -1.08810302E-20
71.2 3.642191142E-06 -1.821095571E-05
71.4 7.287779851E-06 9.109724813E-06
71.6 7.291180588E-06 2.73419272E-05
71.8 7.2945845E-06 -1.823646125E-05
72 3.648995796E-06 -9.122489491E-06
72.2 3.650700935E-06 3.650700935E-05
72.4 7.304815334E-06 2.73930575E-05
72.6 7.308231993E-06 -2.740586997E-05
72.8 7.311651848E-06 -1.827912962E-05
73 7.315074906E-06 9.143843633E-06
73.2 7.318501171E-06 2.744437939E-05
73.4 7.321930647E-06 3.660965323E-05
73.6 7.325363338E-06 3.662681669E-05
73.8 7.32879925E-06 3.664399625E-05
74 7.332238386E-06 3.666119193E-05
74.2 3.667840376E-06 9.169600939E-06
74.4 7.33912635E-06 1.429995154E-20
74.6 3.671287594E-06 2.753465695E-05
74.8 7.346027268E-06 3.673013634E-05
75 1.102422389E-05 4.593426623E-05
75.2 1.102941176E-05 5.514705882E-05
75.4 1.471280603E-05 6.436852637E-05
75.6 7.359868111E-06 1.839967028E-05
75.8 3.681668238E-06 3.209134891E-21
76 3.683404055E-06 1.841702027E-05
76.2 3.685141509E-06 2.763856132E-05
76.4 3.686880604E-06 5.530320906E-05
76.6 3.688621341E-06 2.766466006E-05
76.8 0 3.690363722E-05
77 0 5.538161626E-05
77.2 0 1.846926714E-05
77.4 3.695600757E-06 1.847800378E-05
77.6 3.69734974E-06 3.69734974E-05
77.8 3.699100379E-06 4.623875473E-05
78 3.700852676E-06 2.775639507E-05
78.2 3.702606635E-06 9.256516588E-06
78.4 7.408724514E-06 3.704362257E-05
78.6 3.706119545E-06 6.485709203E-05
78.8 3.7078785E-06 3.7078785E-05
79 3.709639126E-06 5.564458689E-05
79.2 3.711401425E-06 5.567102138E-05
79.4 3.713165399E-06 4.641456749E-05
79.6 0 4.643663814E-05
79.8 0 6.504222169E-05
80 0 4.648084246E-05
80.2 0 -9.300595238E-06
80.4 0 9.305026203E-06
80.6 0 2.792838418E-05
80.8 0 9.313900811E-06
81 0 1.863668893E-05
81.2 0 9.322792363E-06
81.4 0 4.320020498E-21
81.6 0 1.866340182E-05
81.8 0 -2.80084847E-05
82 3.736250598E-06 -3.736250598E-05
82.2 7.476076555E-06 -1.869019139E-05
82.4 1.121948301E-05 -9.349569172E-06
82.6 1.122485632E-05 1.870809387E-05
82.8 1.123023479E-05 9.358528989E-06
83 1.123561841E-05 2.808904602E-05
83.2 1.124100719E-05 4.683752998E-05
83.4 1.124640115E-05 -5.925797488E-21
83.6 1.125180029E-05 -3.750600096E-05
83.8 1.125720461E-05 -2.814301153E-05
84 1.126261413E-05 9.385511773E-06
84.2 1.126802885E-05 9.390024038E-06
84.4 1.127344877E-05 9.394540645E-06
84.6 1.127887392E-05 2.819718479E-05
84.8 7.522869523E-06 9.403586904E-06
85 3.763246628E-06 -1.881623314E-05
85.2 0 -1.88253012E-05
85.4 3.766875603E-06 2.825156702E-05
85.6 3.768692716E-06 3.768692716E-05
85.8 3.770511583E-06 1.885255792E-05
86 3.772332207E-06 3.772332207E-05
86.2 3.774154589E-06 5.661231884E-05
86.4 3.775978734E-06 7.551957467E-05
86.6 3.777804642E-06 6.611158124E-05
86.8 3.779632317E-06 1.889816159E-05
87 3.781461762E-06 1.890730881E-05
87.2 0 9.458232446E-06
87.4 3.785125969E-06 -9.462814922E-06
87.6 3.786960737E-06 2.840220553E-05
87.8 3.788797284E-06 -6.700966338E-21
88 3.790635614E-06 -9.476589034E-06
88.2 3.792475728E-06 -9.48118932E-06
88.4 3.79431763E-06 9.295526692E-21
88.6 3.796161322E-06 9.490403304E-06
88.8 3.798006806E-06 -4.281426568E-21
89 3.799854086E-06 -8.105550279E-21
89.2 3.801703163E-06 -2.851277372E-05
89.4 3.803554041E-06 -2.852665531E-05
89.6 0 -2.315604085E-20
89.8 0 9.518153021E-06
90 0 1.904558752E-05
90.2 0 1.905487805E-05
90.4 0 -2.859626647E-05
90.6 0 -2.861022949E-05
90.8 0 -1.90828041E-05
91 0 -4.773032747E-05
91.2 0 -3.820293399E-05
91.4 0 -5.73324364E-05
91.6 0 -6.692058248E-05
91.8 0 -9.564764936E-06
92 0 3.8277805E-05
92.2 0 4.787071078E-05
92.4 0 9.578837666E-06
92.6 0 -9.583537782E-06
92.8 0 4.794121257E-05
93 0 3.837180747E-05
93.2 0 -2.879299754E-05
93.4 0 1.860589788E-20
93.6 0 4.803553861E-05
93.8 0 1.922367126E-05
94 0 2.054885027E-20
94.2 0 -9.621305419E-06
94.4 3.850418926E-06 -1.925209463E-05
94.6 7.704635108E-06 1.926158777E-05
94.8 7.708436112E-06 2.890663542E-05
95 7.712240869E-06 9.640301086E-06
95.2 7.716049383E-06 3.858024691E-05
95.4 7.71986166E-06 2.894948123E-05
95.6 7.723677706E-06 1.930919427E-05
95.8 7.727497527E-06 2.897811573E-05
96 7.731321128E-06 -9.66415141E-06
96.2 7.735148515E-06 -1.933787129E-05
96.4 7.738979693E-06 -9.673724616E-06
96.6 7.742814668E-06 9.678518335E-06
96.8 3.873326723E-06 1.657910546E-20
97 3.875248016E-06 -2.906436012E-05
97.2 7.754342432E-06 -1.938585608E-05
97.4 7.758192651E-06 -3.879096326E-05
97.6 7.762046696E-06 -5.821535022E-05
97.8 7.765904573E-06 -3.882952286E-05
98 7.769766285E-06 -3.884883143E-05
98.2 7.773631841E-06 -4.8585199E-05
98.4 7.777501244E-06 -4.860938278E-05
98.6 7.781374502E-06 -3.890687251E-05
98.8 7.785251619E-06 -3.89262581E-05
99 1.16836989E-05 -3.894566301E-05
99.2 1.168952618E-05 -2.922381546E-05
99.4 1.559381238E-05 -1.949226547E-05
99.6 1.9501997E-05 -1.9501997E-05
99.8 2.341408591E-05 -9.755869131E-06
100 2.342578711E-05 -9.760744628E-06
100.2 2.34375E-05 -1.953125E-05
100.4 2.735742871E-05 -2.931153077E-05
100.6 3.128128128E-05 -6.84278028E-05
100.8 3.52090636E-05 -8.802265899E-05
101 3.522670341E-05 -7.828156313E-05
101.2 3.9160401E-05 -2.937030075E-05
101.4 4.309804413E-05 7.534760301E-21
101.6 4.703963874E-05 -2.939977421E-05
101.8 5.098519076E-05 -3.921937751E-05
102 5.493470618E-05 -4.90488448E-05
102.2 5.888819095E-05 -3.925879397E-05
102.4 6.677350427E-05 -1.349587184E-20
102.6 7.073692153E-05 1.964914487E-05
102.8 7.470432813E-05 -3.931806744E-05
103 8.260951662E-05 -1.006236563E-20
103.2 7.871536524E-05 3.935768262E-05
103.4 7.875504032E-05 -1.654903598E-20
103.6 8.273449319E-05 -7.872814689E-21
103.8 8.671796165E-05 -9.854313824E-06
104 9.464916709E-05 -9.859288238E-06
104.2 0.0001025883838 -1.972853535E-05
104.4 0.0001065879232 -9.869252148E-06
104.6 0.0001066418099 2.962272497E-05
104.8 0.0001027440567 4.939618108E-05
105 0.0001027960526 2.965270749E-05
105.2 0.0001028481013 4.944620253E-05
105.4 9.894250253E-05 5.936550152E-05
105.6 9.899265079E-05 3.959706031E-05
105.8 9.90428499E-05 4.952142495E-05
106 9.512937595E-05 9.909309995E-06
106.2 9.914340102E-05 1.98286802E-05
106.4 9.919375317E-05 2.975812595E-05
106.6 9.92441565E-05 1.98488313E-05
106.8 9.929461108E-05 1.985892222E-05
107 9.537131231E-05 -5.478353152E-21
107.2 9.93956743E-05 3.975826972E-05
107.4 9.94462831E-05 5.966776986E-05
107.6 9.551706572E-05 6.964786042E-05
107.8 8.76019368E-05 6.968335882E-05
108 9.561448241E-05 4.979920959E-05
108.2 9.167729592E-05 5.978954082E-05
108.4 9.172409393E-05 6.979007147E-05
108.6 9.177093973E-05 4.987551073E-05
108.8 9.181783342E-05 3.992079714E-05
109 9.585889571E-05 4.992650818E-05
109.2 9.191176471E-05 4.995204604E-05
109.4 8.796059365E-05 4.997761003E-05
109.6 9.600614439E-05 6.000384025E-05
109.8 9.605532787E-05 6.003457992E-05
110 9.210020502E-05 7.007624295E-05
110.2 9.21474359E-05 9.014423077E-05
110.4 9.219471524E-05 8.01693176E-05
110.6 9.224204312E-05 2.005261807E-05
110.8 9.630200308E-05 -1.003145865E-05
111 0.0001003661357 -2.007322713E-05
111.2 0.0001044344473 3.012532134E-05
111.4 0.000100469393 6.02816358E-05
111.6 0.0001005211014 3.015633042E-05
111.8 9.252703399E-05 -1.00572863E-05
112 9.659969088E-05 -2.01249356E-05
112.2 9.262242268E-05 -1.006765464E-05
112.4 0.0001007284683 -2.014569366E-05
112.6 0.0001007804438 2.015608875E-05
112.8 9.679917398E-05 1.008324729E-05
113 9.684917355E-05 -2.219497964E-20
113.2 9.689922481E-05 1.009366925E-05
113.4 9.694932782E-05 1.009888831E-05
113.6 9.295783756E-05 2.020822556E-05
113.8 9.300595238E-05 2.02186853E-05
114 8.496245469E-05 1.011457794E-05
114.2 8.095854922E-05 -5.38657308E-21
114.4 7.695049248E-05 -1.332747916E-21
114.6 7.293827801E-05 2.026063278E-05
114.8 6.486766995E-05 2.027114686E-05
115 6.490134995E-05 1.014083593E-05
115.2 6.493506494E-05 1.471453848E-20
115.4 6.090826403E-05 -3.045413202E-05
115.6 5.687727509E-05 -1.015665627E-05
115.8 5.284209157E-05 4.064776275E-05
116 4.473581468E-05 3.050169183E-05
116.2 4.475911458E-05 -1.017252604E-05
116.4 4.071130797E-05 -4.071130797E-05
116.6 3.66592805E-05 -1.018313347E-05
116.8 3.260302556E-05 4.38111972E-21
117 2.854253653E-05 -3.058128914E-05
117.2 2.447780679E-05 2.264791195E-21
117.4 2.449059561E-05 2.040882968E-05
117.6 2.041949817E-05 -1.020974909E-05
117.8 1.634414226E-05 -9.193580021E-05
118 1.226452119E-05 -8.176347462E-05
118.2 8.180628272E-06 3.876282848E-21
118.4 4.092456784E-06 4.092456784E-05
118.6 4.094601677E-06 4.094601677E-05
118.8 4.09674882E-06 2.04837441E-05
119 4.098898216E-06 1.024724554E-05
119.2 4.101049869E-06 -3.075787402E-05
119.4 4.103203782E-06 -3.077402836E-05
119.6 4.105359958E-06 1.026339989E-05
119.8 4.107518402E-06 3.080638801E-05
120 8.219358233E-06 -1.213400092E-20
120.2 1.233552632E-05 2.055921053E-05
120.4 1.234202212E-05 4.114007372E-05
120.6 1.234852476E-05 -4.116174921E-05
120.8 1.235503426E-05 -1.029586189E-05
121 8.241033755E-06 5.150646097E-05
121.2 1.236807388E-05 7.214709763E-05
121.4 1.649947202E-05 5.156085005E-05
121.6 1.650818806E-05 1.031761754E-05
121.8 1.651691332E-05 -3.096921247E-05
122 1.652564781E-05 -3.098558964E-05
122.2 1.653439153E-05 2.066798942E-05
122.4 1.654314452E-05 -2.067893065E-05
122.6 1.655190678E-05 -3.103482521E-05
122.8 1.656067833E-05 -3.105127186E-05
123 2.071182397E-05 -3.106773595E-05
123.2 1.657824934E-05 4.769337017E-20
123.4 1.658704883E-05 2.073381104E-05
123.6 1.659585767E-05 6.223446628E-05
123.8 1.660467588E-05 6.226753454E-05
124 1.661350346E-05 1.038343966E-05
124.2 1.662234043E-05 -3.11668883E-05
124.4 1.66311868E-05 -3.118347525E-05
124.6 1.66400426E-05 -6.240015974E-05
124.8 1.664890783E-05 -9.365010655E-05
125 1.665778252E-05 -2.082222814E-05
125.2 1.666666667E-05 4.166666667E-05
125.4 1.66755603E-05 -2.084445037E-05
125.6 1.668446343E-05 -7.29945275E-05
125.8 1.669337607E-05 -7.30335203E-05
126 1.670229824E-05 -6.263361839E-05
126.2 1.671122995E-05 -2.088903743E-05
126.4 2.090021402E-05 -2.090021402E-05
126.6 1.672912206E-05 -2.091140257E-05
126.8 1.255356186E-05 -1.143512901E-20
127 1.256028939E-05 -2.093381565E-05
127.2 8.378016086E-06 -4.189008043E-05
127.4 8.38251073E-06 -3.143441524E-05
127.6 8.387010199E-06 -5.241881374E-05
127.8 8.391514501E-06 -4.19575725E-05
128 8.396023643E-06 1.049502955E-05
128.2 8.400537634E-06 2.100134409E-05
128.4 4.202528241E-06 -1.05063206E-05
128.6 8.409580194E-06 -2.102395048E-05
128.8 1.262116317E-05 1.051763597E-05
129 1.262796336E-05 3.156990841E-05
129.2 1.263477089E-05 -3.158692722E-05
129.4 1.264158576E-05 -2.10693096E-05
129.6 1.264840799E-05 9.48630599E-05
129.8 8.436825054E-06 0.0001160063445
130 8.441383036E-06 5.275864398E-05
130.2 4.222972973E-06 3.16722973E-05
130.4 4.225256896E-06 -8.367341334E-21
130.6 8.45508658E-06 -1.056885823E-05
130.8 1.268949648E-05 6.34474824E-05
131 1.692849404E-05 5.290154388E-05
131.2 2.117208672E-05 3.175813008E-05
131.4 2.118356833E-05 3.177535249E-05
131.6 2.11950624E-05 1.05975312E-05
131.8 2.968919653E-05 2.120656895E-05
132 4.243617599E-05 5.304521999E-05
132.2 5.095108696E-05 3.184442935E-05
132.4 5.522702556E-05 2.124116368E-05
132.6 5.950761697E-05 1.062636017E-05
132.8 6.379286881E-05 -2.12642896E-05
133 6.808278867E-05 -1.575275487E-20
133.2 7.23773842E-05 1.064373297E-05
133.4 7.667666303E-05 3.19486096E-05
133.6 8.098063284E-05 -3.576686355E-21
133.8 8.528930131E-05 -2.132232533E-05
134 8.960267613E-05 -1.066698525E-05
134.2 9.392076503E-05 1.067281421E-05
134.4 9.824357572E-05 3.203594861E-05
134.6 0.000102571116 -1.068449125E-05
134.8 0.0001069033935 -2.138067871E-05
135 0.0001112404162 -1.069619387E-05
135.2 0.0001155821918 -2.140410959E-05
135.4 0.0001199287281 -3.212376645E-05
135.6 0.0001199945145 2.142759188E-05
135.8 0.0001157725027 8.575740944E-05
136 0.0001115458539 9.65300659E-05
136.2 0.0001073145604 2.146291209E-05
136.4 0.0001073735569 1.073735569E-05
136.6 0.0001074326183 5.371630913E-05
136.8 0.0001074917446 2.149834893E-05
137 0.0001075509361 3.226528084E-05
137.2 0.0001076101928 4.304407713E-05
137.4 0.0001076695149 2.153390298E-05
137.6 0.0001120380585 -1.077289024E-05
137.8 0.0001207229581 2.124563142E-20
138 0.000116475704 3.235436223E-05
138.2 0.0001079074586 1.079074586E-05
138.4 0.0001079671089 4.318684356E-05
138.6 0.0001123478982 4.321073009E-05
138.8 0.0001167335362 3.242598229E-05
139 0.0001124723145 9.733181063E-05
139.2 0.0001082063712 0.0001082063712
139.4 0.0001082663525 4.330654102E-05
139.6 0.0001126594565 3.249792013E-05
139.8 0.0001170574362 3.25159545E-05
140 0.0001214602998 3.253400888E-05
140.2 0.0001258680556 3.255208333E-05
140.4 0.0001302807115 9.066476068E-21
140.6 0.0001303531702 -1.086276418E-05
140.8 0.0001304257095 1.086880913E-05
141 0.0001304983296 3.262458241E-05
141.2 0.0001305710306 1.088091922E-05
141.4 0.000126289019 1.088698439E-05
141.6 0.0001220022309 2.178611266E-05
141.8 0.0001220703125 2.179827009E-05
142 0.0001177763819 3.271566164E-05
142.2 0.0001134776536 2.18226257E-05
142.4 0.0001135410844 1.091741196E-05
142.6 0.0001136045861 -1.175964295E-20
142.8 0.0001092963067 -3.2788892E-05
143 0.0001049832027 -1.093575028E-05
143.2 9.628851541E-05 1.094187675E-05
143.4 9.196328475E-05 -4.505818593E-21
143.6 8.763320247E-05 -2.190830062E-05
143.8 8.329826038E-05 -1.096029742E-05
144 7.895845031E-05 -2.193290286E-05
144.2 7.900280899E-05 -7.680828652E-05
144.4 7.904721754E-05 -8.783024171E-05
144.6 8.348565804E-05 -0.0001208345051
144.8 9.232554868E-05 -0.0001099113675
145 9.237753378E-05 -6.59839527E-05
145.2 9.242957746E-05 -7.702464789E-05
145.4 9.248167982E-05 -0.0001211069617
145.6 0.0001013465877 -0.0001321912014
145.8 0.000101403781 -7.715505079E-05
146 0.000101461039 -5.5141869E-05
146.2 0.0001103460452 -6.620762712E-05
146.4 0.0001192410967 -6.62450537E-05
146.6 0.0001369838801 -6.628252262E-05
146.8 0.0001503254103 -6.632003396E-05
147 0.0001592582106 -5.529798981E-05
147.2 0.0001682011331 -6.639518414E-05
147.4 0.000177154195 -0.0001107213719
147.6 0.0001905487805 -8.862733976E-05
147.8 0.0002039585698 -3.325411464E-05
148 0.0002085107893 -6.654599659E-05
148.2 0.0002175071023 -7.768110795E-05
148.4 0.0002220722001 -7.772527004E-05
148.6 0.0002266424915 -0.0001110992605
148.8 0.0002401109846 -7.781374502E-05
149 0.000244696754 -3.336773918E-05
149.2 0.0002537393162 -2.225783476E-05
149.4 0.0002627921893 -3.340578677E-05
149.6 0.0002718553908 -3.342484313E-05
149.8 0.0002764697489 -4.459189498E-05
150 0.0002900128498 -2.230868075E-05
150.2 0.0002857142857 1.342018364E-20
150.4 0.0002948113208 -2.233419097E-05
150.6 0.0002905105835 -6.704090389E-05
150.8 0.0002996207785 -8.943903835E-05
151 0.0002997923826 -6.711769759E-05
151.2 0.0003044412607 -5.596346705E-05
151.4 0.0003046158257 -4.479644495E-05
151.6 0.0003047905909 -5.602768216E-05
151.8 0.0003049655568 -7.848378301E-05
152 0.0003051407237 -7.852886272E-05
152.2 0.0003098060345 -4.489942529E-05
152.4 0.0003144767108 -2.24626222E-05
152.6 0.0003101625432 -5.618886651E-05
152.8 0.0003193364997 -8.995394358E-05
153 0.0003240207373 -5.625360023E-05
153.2 0.0003287103746 -4.502881844E-05
153.4 0.0003288999423 -5.631848328E-05
153.6 0.0003290897288 -5.635098096E-05
153.8 0.0003292797344 -6.76602194E-05
154 0.0003294699596 -5.641608897E-05
154.2 0.0003251445087 -4.515895954E-05
154.4 0.00032985107 -4.518507808E-05
154.6 0.0003255208333 -4.521122685E-05
154.8 0.0003302330631 -4.523740591E-05
155 0.0003258980301 -4.52636153E-05
155.2 0.000330615942 -2.264492754E-05
155.4 0.0003262761021 -2.265806265E-05
155.6 0.0003309997098 -6.8013639E-05
155.8 0.0003402656794 -7.93953252E-05
156 0.0003359238815 -7.944145845E-05
156.2 0.0003315770349 -5.677688953E-05
156.4 0.0003181355439 1.136198371E-05
156.6 0.0003046784051 3.410579162E-05
156.8 0.0003003057659 -2.275043681E-05
157 0.0003095862471 -3.414554196E-05
157.2 0.0003052113703 1.138848397E-05
157.4 0.0002962733372 3.418538506E-05
157.6 0.0002873248687 2.2803561E-05
157.8 0.0002874926986 2.281688084E-05
158 0.0002785286382 -1.141510812E-05
158.2 0.0002832602339 1.938426238E-20
158.4 0.0002834259801 -1.142846694E-05
158.6 0.0002881659836 -3.430547424E-05
158.8 0.0002791813122 1.144185706E-05
159 0.0002747655334 -2.289712778E-05
159.2 0.0002703445748 -2.291055718E-05
159.4 0.0002750880282 4.584800469E-05
159.6 0.0002614870816 4.58749266E-05
159.8 0.0002524603408 -2.295094007E-05
160 0.0002388300999 -1.148221634E-05
160.2 0.0002297794118 1.148897059E-05
160.4 0.0002207180695 2.299146557E-05
160.6 0.0002254490577 4.601001178E-05
160.8 0.0002209781968 1.150928108E-05
161 0.0002165020637 -1.54829536E-20
161.2 0.000212020649 1.152286136E-05
161.4 0.0002029220779 1.152966352E-05
161.6 0.0001984273479 3.460942115E-05
161.8 0.000193927305 3.462987589E-05
162 0.0001894219397 -9.638704317E-21
162.2 0.0001802884615 -1.615252248E-21
162.4 0.0001711441681 1.82416451E-20
162.6 0.0001619890403 -2.314129147E-05
162.8 0.0001620850622 -2.315500889E-05
163 0.0001529137011 1.158437129E-05
163.2 0.000143731454 1.159124629E-05
163.4 0.0001391775534 -3.479438836E-05
163.6 0.0001299762329 -2.321004159E-05
163.8 0.0001207639715 -1.377806813E-20
164 0.0001115407496 -1.161882808E-05
164.2 0.0001023065476 2.32514881E-05
164.4 9.306134604E-05 3.489800476E-05
164.6 8.380512515E-05 -3.491880215E-05
164.8 7.919648181E-05 -5.823270722E-05
165 7.924373508E-05 -2.330698091E-05
165.2 7.462686567E-05 -1.166044776E-05
165.4 7.000448029E-05 -2.333482676E-05
165.6 6.537656904E-05 -1.167438733E-05
165.8 6.074312201E-05 -1.168136962E-05
166 5.610412926E-05 1.168836026E-05
166.2 5.145958084E-05 3.508607784E-05
166.4 4.680946675E-05 6.717291092E-21
166.6 4.215377698E-05 1.170938249E-05
166.8 4.217906419E-05 -1.171640672E-05
167 4.220438175E-05 -4.68937575E-05
167.2 4.222972973E-05 7.352977256E-21
167.4 3.756009615E-05 -2.011920529E-21
167.6 3.75826819E-05 -3.523376428E-05
167.8 3.760529483E-05 -3.52549639E-05
168 3.762793498E-05 -1.175872968E-05
168.2 3.765060241E-05 4.448253797E-21
168.4 3.767329717E-05 -1.177290536E-05
168.6 3.76960193E-05 -2.356001206E-05
168.8 3.771876886E-05 -2.357423054E-05
169 4.245923913E-05 -1.179423309E-05
169.2 4.720543807E-05 -2.360271903E-05
169.4 5.195737606E-05 -3.542548368E-05
169.6 5.671506352E-05 -1.181563823E-05
169.8 6.14785109E-05 -1.288872767E-22
170 6.624772865E-05 -1.182995154E-05
170.2 7.102272727E-05 -4.53389679E-21
170.4 7.580351728E-05 1.184429958E-05
170.6 8.059010922E-05 7.501113094E-21
170.8 8.538251366E-05 2.058076977E-20
171 9.018074119E-05 -2.3731774E-05
171.2 9.498480243E-05 -2.374620061E-05
171.4 9.979470803E-05 1.188032238E-05
171.6 0.0001046104687 2.377510651E-05
171.8 0.000109432095 1.189479294E-05
172 0.0001142595978 1.190204144E-05
172.2 0.0001190929878 -1.190929878E-05
172.4 0.0001286989018 1.191656498E-05
172.6 0.0001383165446 2.38476801E-05
172.8 0.0001431734881 -1.193112401E-05
173 0.0001528117359 2.387683374E-05
173.2 0.0001624617737 4.778287462E-05
173.4 0.0001625611995 4.78121175E-05
173.6 0.0001722290263 1.196034905E-05
173.8 0.0001771216299 1.19676777E-05
174 0.000182020233 2.099232593E-20
174.2 0.0001869248466 -1.198236196E-05
174.4 0.0001870395948 2.397943524E-05
174.6 0.0001967521499 1.199708231E-05
174.8 0.0001968730793 1.200445605E-05
175 0.000201798893 1.201183887E-05
175.2 0.0002067307692 -2.403846154E-05
175.4 0.0002116687192 -2.405326355E-05
175.6 0.0002166127542 -1.20340419E-05
175.8 0.0002215628853 -2.408292232E-05
176 0.000226519124 -1.204888957E-05
176.2 0.0002266589506 2.411265432E-05
176.4 0.0002316244595 -1.206377393E-05
176.6 0.0002269391224 -6.035614957E-05
176.8 0.0002270794682 2.525429614E-20
177 0.0002223855198 4.834467822E-05
177.2 0.0002225232198 -1.209365325E-05
177.4 0.0002226610905 -3.630343866E-05
177.6 0.0002276425914 -1.020692867E-20
177.8 0.0002277838089 -2.42323201E-05
178 0.0002279252017 4.849472377E-05
178.2 0.0002280667702 0.0001091809006
178.4 0.0002282085146 2.427750155E-05
178.6 0.0002283504353 7.287779851E-05
178.8 0.0002236309894 6.07692906E-05
179 0.000228634807 -3.648427771E-05
179.2 0.0002239096573 8.874477263E-22
179.4 0.0002240492519 6.088294888E-05
179.6 0.0002241890206 4.873674361E-05
179.8 0.0002243289638 4.876716604E-05
180 0.0002293488445 7.319643973E-05
180.2 0.000224609375 3.662109375E-05
180.4 0.0002296357098 1.221466542E-05
180.6 0.0002297794118 6.111154568E-05
180.8 0.0002348152786 2.445992486E-05
181 0.000234962406 1.223762531E-05
181.2 0.0002302115987 3.673589342E-05
181.4 0.0002303560226 4.90119197E-05
181.6 0.0002305006277 2.452134338E-05
181.8 0.0002306454146 1.226837312E-05
182 0.0002258799497 6.138042112E-05
182.2 0.0002309355346 -2.218199546E-20
182.4 0.0002310808685 2.458307111E-05
182.6 0.0002312263854 2.459855164E-05
182.8 0.0002313720857 -1.230702583E-05
183 0.000236443884 -3.71989805E-20
183.2 0.0002365930599 1.232255521E-05
183.4 0.0002367424242 1.23303346E-05
183.6 0.0002368919773 -4.935249526E-05
183.8 0.0002419800885 -6.172961441E-05
184 0.0002470746363 -1.235373182E-05
184.2 0.0002521756329 7.570301296E-23
184.4 0.0002523353388 -1.236937935E-05
184.6 0.0002574461343 -3.713165399E-05
184.8 0.0002675174382 -3.715519975E-05
185 0.0002726443528 -6.196462563E-05
185.2 0.0002827380952 -3.720238095E-05
185.4 0.0002878811944 -3.569886682E-20
185.6 0.0002979974571 -1.241656071E-05
185.8 0.0003081265903 -6.212229644E-05
186 0.0003182686187 -3.729710376E-05
186.2 0.0003234474522 -1.244028662E-05
186.4 0.0003336121734 -6.224107712E-05
186.6 0.0003437898597 -3.736846301E-05
186.8 0.0003539805361 6.41036512E-21
187 0.0003641842273 -1.24016146E-20
187.2 0.0003744009585 -1.248003195E-05
187.4 0.0003846307545 7.492806905E-05
187.6 0.0003948736404 2.499200256E-05
187.8 0.0004051296415 -2.500800256E-05
188 0.0004053891736 6.256005766E-05
188.2 0.0004106570513 2.50400641E-05
188.4 0.0004259541373 1.252806286E-05
188.6 0.0004362564185 2.507220796E-05
188.8 0.0004465719332 6.272077714E-05
189 0.0004569007069 1.255221722E-05
189.2 0.0004622186495 -2.512057878E-05
189.4 0.0004675434363 7.541023166E-05
189.6 0.0004728750805 1.257646491E-05
189.8 0.0004782135954 -1.25845683E-05
190 0.0004885960671 2.518536428E-05
190.2 0.0004889112903 2.52016129E-05
190.4 0.0004892269206 5.043576501E-05
190.6 0.0004945897933 8.831960594E-05
190.8 0.0004949095023 7.575145443E-05
191 0.0004901762613 5.053363519E-05
191.2 0.0004803802589 5.056634304E-05
191.4 0.0004756314767 2.529954663E-05
191.6 0.0004708765392 -3.466797116E-20
191.8 0.0004661154345 2.533236057E-05
192 0.0004664179104 2.534879948E-05
192.2 0.0004667207792 6.341314935E-05
192.4 0.0004619476933 0.0001015269656
192.6 0.0004520887516 2.539824447E-05
192.8 0.0004472999349 -1.270738452E-05
193 0.0004374186198 -2.54313151E-05
193.2 0.0004377035831 -2.544788274E-05
193.4 0.0004328960235 -1.273223598E-05
193.6 0.0004229859752 1.274054142E-05
193.8 0.0004181625326 2.54977154E-05
194 0.000418435663 2.78577503E-20
194.2 0.0004238153595 2.553104575E-05
194.4 0.0004240925441 6.386935906E-05
194.6 0.0004243700916 1.665241171E-20
194.8 0.0004246480026 -1.279060249E-05
195 0.0004249262779 -1.279898427E-05
195.2 0.0004200819672 -1.280737705E-05
195.4 0.0004152312992 1.281578084E-05
195.6 0.0004052445831 -1.282419567E-05
195.8 0.000405510841 -5.13304862E-05
196 0.0004006410256 -6.420529257E-05
196.2 0.000390625 -7.709703947E-05
196.4 0.000385738973 -5.143186307E-05
196.6 0.0003808465086 -3.85993083E-05
196.8 0.0003759475939 -6.4374588E-05
197 0.0003710422164 -2.576682058E-05
197.2 0.000366130363 -3.867574257E-05
197.4 0.0003560518494 -5.160171731E-05
197.6 0.0003562871778 -2.581791143E-05
197.8 0.0003513558201 -3.875248016E-05
198 0.0003464179351 -5.170416942E-05
198.2 0.0003414735099 -5.17384106E-05
198.4 0.0003365225315 -2.588634858E-05
198.6 0.0003315649867 -2.590351459E-05
198.8 0.0003266008626 -3.888105508E-05
199 0.0003268177291 -5.187583001E-05
199.2 0.0003218438538 2.569565701E-20
199.4 0.000311668883 2.597240691E-05
199.6 0.00030667831 -2.598968729E-05
199.8 0.0003016810919 -1.300349534E-05
200 0.0003018820786 -1.301215856E-05
200.2 0.0003020833333 -2.604166667E-05
200.4 0.0002970730487 -5.211807872E-05
200.6 0.0002972713618 -6.519108812E-05
200.8 0.0002974699399 -3.914078156E-05
201 0.0002976687834 -2.611129679E-05
201.2 0.0002926421405 1.306438127E-05
201.4 0.0002876087684 6.536562918E-05
201.6 0.0002825686537 3.924564635E-05
201.8 0.0002775217828 -6.030621138E-20
202 0.0002724681422 1.309942991E-05
202.2 0.0002674077181 1.310822148E-05
202.4 0.000262340497 1.57297788E-20
202.6 0.0002572664651 5.250336022E-05
202.8 0.0002521856086 7.880800269E-05
203 0.0002470979139 3.943051817E-05
203.2 0.000242003367 2.63047138E-05
203.4 0.0002369019542 3.948365903E-05
203.6 0.0002317936615 2.634018881E-05
203.8 0.000226678475 2.635796221E-05
204 0.0002215563808 3.956363943E-05
204.2 0.0002164273649 -1.319679054E-05
204.4 0.0002112914131 -1.320571332E-05
204.6 0.0002061485115 3.964394452E-05
204.8 0.0002009986459 3.967078538E-05
205 0.0002011348238 2.64651084E-05
205.2 0.0002012711864 -1.324152542E-05
205.4 0.0002067079376 -1.325050882E-05
205.6 0.0002068482688 3.977851324E-05
205.8 0.0002016813859 -2.653702446E-05
206 0.0001965074779 -1.327753229E-05
206.2 0.0001913265306 5.31462585E-05
206.4 0.0001861385296 3.988682777E-05
206.6 0.0001809434605 3.991399864E-05
206.8 0.0001757413088 1.331373551E-05
207 0.0001758611869 2.543858755E-20
207.2 0.0001813139932 -2.666382253E-05
207.4 0.0001867742486 -9.338712432E-05
207.6 0.0001815618592 -4.005041012E-05
207.8 0.000170998632 3.222369971E-20
208 0.0001657683094 -4.010523614E-05
208.2 0.0001605308219 9.175376883E-20
208.4 0.0001552861549 -4.657733812E-21
208.6 0.0001553926612 -5.358367627E-05
208.8 0.0001501372684 -9.383579272E-05
209 0.0001502403846 -2.682864011E-05
209.2 0.0001503436426 2.684707904E-05
209.4 0.0001504470426 -2.686554333E-05
209.6 0.0001451737784 -4.032604955E-05
209.8 0.000134512741 -2.690254821E-05
210 0.0001292212267 -2.69210889E-05
210.2 0.0001185344828 1.063208216E-20
210.4 0.0001132246377 -2.878973488E-20
210.6 0.0001079074586 1.348843232E-05
210.8 0.0001079820318 2.699550795E-05
211 0.0001080567082 -1.136259869E-20
211.2 0.0001027249135 3.202059236E-20
211.4 9.738573407E-05 1.35257964E-05
211.6 9.203915454E-05 -1.353516979E-05
211.8 8.66851595E-05 -4.063366852E-05
212 8.132373352E-05 2.160970689E-20
212.2 7.595486111E-05 1.356336806E-05
212.4 7.057852675E-05 -1.357279361E-05
212.6 6.519471488E-05 1.358223227E-05
212.8 5.980340988E-05 1.359168406E-05
213 5.44045961E-05 -1.360114903E-05
213.2 4.355400697E-05 1.361062718E-05
213.4 3.268828452E-05 2.72402371E-05
213.6 2.725924634E-05 2.725924634E-05
213.8 2.18226257E-05 -2.727828212E-05
214 2.729734451E-05 -6.824336129E-05
214.2 2.731643357E-05 9.982874676E-21
214.4 2.186843947E-05 2.733554934E-05
214.6 2.18837535E-05 4.103203782E-05
214.8 2.1899089E-05 -9.268048755E-21
215 2.1914446E-05 -5.478611501E-05
215.2 1.644736842E-05 1.370614035E-05
215.4 1.097261236E-05 1.371576545E-05
215.6 5.49016163E-06 -1.372540408E-05
215.8 5.494022504E-06 4.120516878E-05
216 5.497888811E-06 2.748944405E-05
216.2 5.501760563E-06 -4.126320423E-05
216.4 5.505637773E-06 -2.752818887E-05
216.6 5.509520451E-06 -4.132140339E-05
216.8 5.51340861E-06 -5.51340861E-05
217 5.51730226E-06 -4.137976695E-05
217.2 5.521201413E-06 -4.14090106E-05
217.4 5.525106082E-06 2.273059582E-20
217.6 5.529016277E-06 -2.764508139E-05
217.8 5.532932011E-06 -4.149699008E-05
218 5.536853296E-06 -5.536853296E-05
218.2 5.540780142E-06 -6.925975177E-05
218.4 5.544712562E-06 -4.158534422E-05
218.6 5.548650568E-06 -2.774325284E-05
218.8 0 -1.388148543E-05
219 0 -4.167407539E-05
219.2 0 -2.78024911E-05
219.4 0 -1.083463771E-20
219.6 0 1.392106201E-05
219.8 0 1.364487816E-20
220 0 -1.394093505E-05
220.2 0 -1.395089286E-05
220.4 0 -2.792172981E-05
220.6 0 -5.588340486E-05
220.8 0 -5.59234073E-05
221 0 -1.399086676E-05
221.2 0 -1.400089606E-05
221.4 0 -5.604375897E-05
221.6 0 -5.608399139E-05
221.8 0 -5.391415692E-21
222 0 2.808231488E-05
222.2 0 1.405125899E-05
222.4 0 2.812275018E-05
222.6 0 1.814410616E-20
222.8 0 -2.816330209E-05
223 0 -4.22754329E-05
223.2 0 -4.230595668E-05
223.4 0 -4.233652457E-05
223.6 0 -2.824475777E-05
223.8 0 -2.826519537E-05
224 0 -7.071415641E-05
224.2 0 -4.245923913E-05
224.4 0 -2.8326686E-05
224.6 0 -1.417362119E-05
224.8 5.673565723E-06 -1.619598687E-21
225 5.677688953E-06 1.419422238E-05
225.2 0 -1.420454545E-05
225.4 0 1.421488355E-05
225.6 0 2.845047342E-05
225.8 5.694241983E-06 2.963331123E-21
226 5.698395332E-06 1.424598833E-05
226.2 1.140510949E-05 1.425638686E-05
226.4 5.706720234E-06 1.426680058E-05
226.6 1.142178363E-05 -1.427722953E-05
226.8 5.715069495E-06 -1.428767374E-05
227 1.143850659E-05 4.019065145E-20
227.2 1.144688645E-05 -1.21723404E-21
227.4 1.145527859E-05 -2.863819648E-05
227.6 1.146368305E-05 -4.298881145E-05
227.8 5.736049927E-06 -2.868024963E-05
228 5.740264511E-06 -1.435066128E-05
228.2 0 1.436121324E-05
228.4 0 -2.110332509E-20
228.6 0 -2.554821025E-20
228.8 0 1.439296242E-05
229 0 -2.302730278E-20
229.2 0 1.441420664E-05
229.4 0 1.442485229E-05
229.6 0 -1.985086426E-20
229.8 0 -6.08086547E-21
230 5.782753516E-06 -3.923459994E-20
230.2 1.157407407E-05 -1.446759259E-05
230.4 1.737398073E-05 -7.448511897E-22
230.6 1.738686944E-05 1.448905786E-05
230.8 1.159985152E-05 2.89996288E-05
231 1.160846954E-05 4.353176077E-05
231.2 1.161710037E-05 -1.452137546E-05
231.4 1.743861607E-05 1.904182673E-20
231.6 2.326880119E-05 4.362900223E-05
231.8 2.328614009E-05 7.276918778E-05
232 2.330350485E-05 5.825876212E-05
232.2 2.332089552E-05 -2.91511194E-05
232.4 2.917289022E-05 -2.917289022E-05
232.6 2.919469357E-05 4.379204036E-05
232.8 2.921652954E-05 0.0001022578534
233 2.339071856E-05 4.385759731E-05
233.2 1.755617978E-05 -3.659357151E-20
233.4 1.756934033E-05 2.928223388E-05
233.6 2.344336084E-05 -1.465210053E-05
233.8 3.519144144E-05 -1.46631006E-05
234 3.521788129E-05 1.467411721E-05
234.2 3.52443609E-05 2.937030075E-05
234.4 3.527088036E-05 2.93924003E-05
234.6 3.529743976E-05 -2.941453313E-05
234.8 4.121137905E-05 -2.943669932E-05
235 4.713423831E-05 4.418834842E-05
235.2 5.306603774E-05 5.896226415E-05
235.4 5.900679758E-05 -1.47516994E-05
235.6 6.495653817E-05 -1.476284958E-05
235.8 7.091527988E-05 1.477401664E-05
236 7.688304315E-05 2.957040121E-05
236.2 8.285984848E-05 8.877840909E-05
236.4 7.699962092E-05 7.403809704E-05
236.6 7.705804249E-05 2.963770865E-05
236.8 7.711655277E-05 2.96602126E-05
237 8.904825228E-05 5.936550152E-05
237.2 9.505703422E-05 7.426330798E-05
237.4 8.918378995E-05 5.945585997E-05
237.6 8.925171363E-05 1.487528561E-05
237.8 8.931974085E-05 -2.977324695E-05
238 9.534706331E-05 2.979595728E-05
238.2 0.0001013835878 2.981870229E-05
238.4 0.0001074293354 -4.476222307E-05
238.6 0.0001075114679 -2.986429664E-05
238.8 0.0001075937261 -1.494357307E-05
239 0.0001076761103 1.495501531E-05
239.2 0.0001077586207 1.49664751E-05
239.4 0.0001138324387 -1.497795245E-05
239.6 0.0001079240215 1.498944743E-05
239.8 0.0001140072965 3.000192012E-05
240 0.0001080899308 3.002498078E-05
240.2 0.0001021634615 1.828738383E-20
240.4 0.0001022421093 3.007120862E-05
240.6 9.630200308E-05 3.009437596E-05
240.8 9.637625289E-05 -1.505878951E-05
241 9.645061728E-05 -3.676099055E-21
241.2 9.049227799E-05 3.016409266E-05
241.4 8.452472952E-05 4.52811051E-05
241.6 9.063225058E-05 1.51053751E-05
241.8 8.465557276E-05 1.511706656E-05
242 7.261812548E-05 3.025755229E-05
242.2 6.05620155E-05 4.542151163E-05
242.4 4.848719938E-05 -1.515224981E-05
242.6 3.639363354E-05 -6.06560559E-05
242.8 3.035159285E-05 -1.933915495E-20
243 3.03751944E-05 -2.395536971E-21
243.2 3.039883268E-05 3.039883268E-05
243.4 3.042250779E-05 3.042250779E-05
243.6 3.04462198E-05 -3.04462198E-05
243.8 2.437597504E-05 3.04699688E-05
244 1.829625293E-05 0.0001067281421
244.2 1.831054688E-05 7.629394531E-05
244.4 1.832486317E-05 -1.527071931E-05
244.6 1.833920188E-05 -1.543787169E-20
244.8 1.835356304E-05 6.117854346E-05
245 1.836794671E-05 3.061324451E-05
245.2 1.838235294E-05 3.06372549E-05
245.4 1.839678179E-05 4.599195447E-05
245.6 1.841123331E-05 4.602808327E-05
245.8 1.842570755E-05 0.000107483294
246 1.844020456E-05 7.683418568E-05
246.2 1.845472441E-05 1.537893701E-05
246.4 1.846926714E-05 3.07821119E-05
246.6 1.848383281E-05 -1.540319401E-05
246.8 1.233228098E-05 -4.624605367E-05
247 1.234202212E-05 4.628258294E-05
247.2 1.235177866E-05 4.631916996E-05
247.4 1.854232595E-05 1.545035764E-20
247.6 1.855700713E-05 4.639251781E-05
247.8 1.857171157E-05 3.095285261E-05
248 1.858643933E-05 1.275055241E-20
248.2 1.860119048E-05 6.200396825E-05
248.4 1.861596505E-05 0.0001241064337
248.6 1.863076312E-05 3.105127186E-05
248.8 1.864558473E-05 -1.553798727E-05
249 1.866042994E-05 -3.996335397E-21
249.2 1.86752988E-05 6.225099602E-05
249.4 1.869019139E-05 9.345095694E-05
249.6 1.870510774E-05 4.676276935E-05
249.8 1.872004792E-05 3.120007987E-05
250 2.498001599E-05 4.683752998E-05
250.2 3.125E-05 -1.5625E-05
250.4 3.753002402E-05 -4.691253002E-05
250.6 3.756009615E-05 3.130008013E-05
250.8 4.385525261E-05 -4.698777065E-05
251 5.016051364E-05 -3.135032103E-05
251.2 5.647590361E-05 1.5687751E-05
251.4 6.280144695E-05 -1.570036174E-05
251.6 6.913716814E-05 -1.571299276E-05
251.8 7.548309179E-05 -3.145128824E-05
252 7.55439162E-05 1.573831587E-05
252.2 7.560483871E-05 4.725302419E-05
252.4 7.566585956E-05 5.344303624E-21
252.6 7.5726979E-05 -3.155290792E-05
252.8 7.578819725E-05 -4.001272024E-21
253 7.584951456E-05 1.58019822E-05
253.2 7.591093117E-05 1.998523602E-21
253.4 7.597244733E-05 6.148067312E-20
253.6 6.969789132E-05 4.789789266E-21
253.8 6.341314935E-05 -1.585328734E-05
254 5.711819659E-05 -4.32400962E-20
254.2 5.716463415E-05 -1.587906504E-05
254.4 6.356794142E-05 -7.945992677E-05
254.6 5.725773616E-05 -7.952463355E-05
254.8 5.093724531E-05 -6.367155664E-05
255 3.823409462E-05 -1.593087276E-05
255.2 3.18877551E-05 3.18877551E-05
255.4 2.553104575E-05 -1.595690359E-05
255.6 1.916394113E-05 -6.387980376E-05
255.8 1.917962357E-05 3.196603928E-05
256 1.91953317E-05 6.398443898E-05
256.2 1.921106557E-05 1.600922131E-05
256.4 1.922682527E-05 -1.223883189E-20
256.6 1.924261084E-05 -1.603550903E-05
256.8 1.925842235E-05 2.409045675E-20
257 1.927425987E-05 -3.212376645E-05
257.2 1.929012346E-05 -1.607510288E-05
257.4 1.930601318E-05 1.608834432E-05
257.6 1.93219291E-05 -1.610160758E-05
257.8 1.933787129E-05 -6.445957096E-05
258 1.93538398E-05 -8.064099917E-05
258.2 1.936983471E-05 -1.614152893E-05
258.4 1.938585608E-05 3.214515888E-20
258.6 1.940190397E-05 -3.233650662E-05
258.8 1.941797846E-05 -4.854494615E-05
259 1.94340796E-05 -9.717039801E-05
259.2 1.945020747E-05 -8.104253112E-05
259.4 1.946636213E-05 -6.488787375E-05
259.6 1.948254364E-05 -8.117726517E-05
259.8 1.949875208E-05 -4.87468802E-05
260 1.951498751E-05 -4.878746878E-05
260.2 1.953125E-05 -4.8828125E-05
260.4 1.954753962E-05 8.680851423E-21
260.6 1.956385643E-05 -1.158413006E-20
260.8 1.95802005E-05 -1.631683375E-05
261 1.959657191E-05 -3.266095318E-05
261.2 1.961297071E-05 7.548587511E-20
261.4 1.962939698E-05 1.635783082E-05
261.6 1.96458508E-05 1.163268048E-20
261.8 1.310822148E-05 1.638527685E-05
262 6.55961377E-06 1.165221478E-20
262.2 0 2.332401312E-20
262.4 0 3.285323802E-05
262.6 0 4.932133838E-05
262.8 0 2.922870221E-20
263 0 -4.940451096E-05
263.2 0 3.513364002E-20
263.4 0 4.948796453E-05
263.6 0 1.650993238E-05
263.8 0 -2.935234308E-20
264 0 -3.307578323E-05
264.2 0 -8.27595339E-05
264.4 0 -1.656594572E-05
264.6 0 1.658000849E-05
264.8 0 6.872544371E-21
265 0 2.919485416E-20
265.2 0 1.662234043E-05
265.4 0 4.990949744E-05
265.6 0 -1.665068201E-05
265.8 0 -4.999466724E-05
266 0 -3.335824082E-05
266.2 0 -5.008012821E-05
266.4 0 -5.012296835E-05
266.6 0 -3.344392123E-05
266.8 0 -5.020886889E-05
267 0 -5.025192967E-05
267.2 0 -1.676502146E-05
267.4 0 -1.67794244E-05
267.6 0 2.386549924E-20
267.8 0 -3.361660929E-05
268 0 2.390661121E-20
268.2 0 5.051185345E-05
268.4 0 5.388269641E-20
268.6 0 6.591349995E-20
268.8 0 5.064282627E-05
269 0 6.758217993E-05
269.2 0 6.764069264E-05
269.4 0 -3.006453165E-21
269.6 0 -1.693950564E-05
269.8 0 5.086263021E-05
270 0 3.39378801E-05
270.2 0 6.793478261E-05
270.4 6.799390775E-06 3.399695387E-05
270.6 1.361062718E-05 -3.402656794E-05
270.8 2.043374019E-05 1.131934517E-20
271 2.726876091E-05 6.817190227E-05
271.2 2.729257642E-05 1.705786026E-05
271.4 2.731643357E-05 1.707277098E-05
271.6 2.734033246E-05 1.50638135E-20
271.8 2.73642732E-05 1.710267075E-05
272 2.738825592E-05 0.0001027059597
272.2 2.74122807E-05 8.566337719E-05
272.4 2.743634767E-05 1.71477173E-05
272.6 2.746045694E-05 -1.716278559E-05
272.8 2.748460862E-05 5.153364116E-05
273 3.438600352E-05 8.59650088E-05
273.2 3.441629956E-05 8.60407489E-05
273.4 3.444664903E-05 6.889329806E-05
273.6 2.758164166E-05 5.171557811E-05
273.8 3.450750883E-05 3.450750883E-05
274 4.144562334E-05 1.726900973E-05
274.2 4.148230088E-05 -5.185287611E-05
274.4 4.843888397E-05 -3.459920283E-05
274.6 5.540780142E-05 1.731493794E-05
274.8 6.238908607E-05 -3.649724892E-20
275 7.632104796E-05 3.469138544E-05
275.2 8.333333333E-05 7.004734714E-21
275.4 9.035809609E-05 4.50914639E-20
275.6 9.739536955E-05 3.478406055E-05
275.8 0.0001044451872 -1.740753119E-05
276 0.0001115075825 -3.484611954E-05
276.2 0.0001185825893 3.487723214E-05
276.4 0.0001256702413 -8.491693598E-21
276.6 0.0001327705725 -5.240943649E-05
276.8 0.000132889436 -1.187663861E-20
277 0.0001400089606 3.500224014E-05
277.2 0.0001471412556 3.503363229E-05
277.4 0.0001542863555 2.313367066E-20
277.6 0.0001544249775 3.50965858E-05
277.8 0.0001615894784 3.512814748E-05
278 0.0001687668767 -1.757988299E-05
278.2 0.0001759572072 1.759572072E-05
278.4 0.000183160505 5.283476105E-05
278.6 0.0001974277978 1.762748195E-05
278.8 0.0002117208672 3.52868112E-05
279 0.000226039783 -1.791972488E-20
279.2 0.0002333144796 -5.30260181E-05
279.4 0.0002406023551 -9.192148854E-21
279.6 0.0002479034451 3.541477788E-05
279.8 0.00024103902 1.772345735E-05
280 0.0002341621253 -6.246227552E-20
280.2 0.0002272727273 -5.413687711E-21
280.4 0.0002274795268 -5.33155141E-05
280.6 0.0002348019126 -3.557604736E-05
280.8 0.0002278942571 3.560847767E-05
281 0.0002281021898 -3.564096715E-05
281.2 0.0002354452055 -8.918378995E-05
281.4 0.0002356604205 -5.355918647E-05
281.6 0.0002287282708 -3.573879231E-05
281.8 0.0002289377289 -3.396013761E-20
282 0.000229147571 -1.790215399E-05
282.2 0.0002293577982 -3.583715596E-05
282.4 0.0002295684114 1.793503214E-05
282.6 0.0002369600184 1.795151654E-05
282.8 0.0002299908004 -1.796803128E-05
283 0.0002302025783 -3.596915285E-05
283.2 0.0002232142857 -1.800115207E-05
283.4 0.0002162130996 -1.80177583E-05
283.6 0.0002091989843 -3.60687904E-05
283.8 0.0002021719039 -1.805106285E-05
284 0.0001951318224 4.235180898E-21
284.2 0.0001880787037 -1.808449074E-05
284.4 0.000188253012 -1.810125116E-05
284.6 0.0001811804267 -3.623608534E-05
284.8 0.0001740947075 -1.813486537E-05
285 0.0001669958178 0.000108910316
285.2 0.0001598837209 0.0001090116279
285.4 0.0001600325885 3.637104283E-05
285.6 0.0001529007456 3.640493942E-05
285.8 0.0001530433769 3.643889925E-05
286 0.00014589169 3.64729225E-05
286.2 0.0001460280374 1.825350467E-05
286.4 0.0001388564079 7.308231993E-05
286.6 0.0001389864232 -4.590687539E-20
286.8 0.0001391166823 1.830482662E-05
287 0.000146575985 0.0001099319887
287.2 0.0001393779343 5.501760563E-05
287.4 0.0001395089286 5.506931391E-05
287.6 0.0001249412041 -3.674741298E-05
287.8 0.0001177024482 -5.51730226E-05
288 0.0001104500471 -3.622937229E-21
288.2 0.0001031839623 3.685141509E-05
288.4 9.590415486E-05 3.688621341E-05
288.6 8.122637051E-05 -1.846053875E-05
288.8 7.391201514E-05 -7.391201514E-05
289 5.918560606E-05 -0.0001294685133
289.2 7.40521327E-05 -1.851303318E-05
289.4 7.412239089E-05 0.0001482447818
289.6 5.935422602E-05 0.0001112891738
289.8 4.455798479E-05 -3.83822526E-20
290 5.203377735E-05 -7.433396765E-05
290.2 5.952380952E-05 -7.44047619E-05
290.4 6.702812202E-05 -1.861892278E-05
290.6 6.709208015E-05 -1.482826356E-20
290.8 6.715616046E-05 -2.598775291E-20
291 6.722036329E-05 -3.123883204E-21
291.2 6.7284689E-05 -1.869019139E-05
291.4 7.483237548E-05 1.870809387E-05
291.6 8.2394535E-05 3.745206136E-05
291.8 8.247360845E-05 1.874400192E-05
292 8.255283381E-05 -1.876200768E-05
292.2 9.014423077E-05 -5.634014423E-05
292.4 9.775024062E-05 -7.519249278E-05
292.6 0.0001053709056 -3.293516202E-20
292.8 0.0001130062681 7.533751205E-05
293 0.0001131153475 3.770511583E-05
293.2 0.0001207729469 -7.548309179E-05
293.4 0.0001284453578 -0.0001322231625
293.6 0.0001361326234 -5.672192643E-05
293.8 0.0001438347868 1.892562984E-05
294 0.0001439742968 3.788797284E-05
294.2 0.0001441140777 1.896237864E-05
294.4 0.0001442541302 5.694241983E-05
294.6 0.0001443944553 -4.448320165E-21
294.8 0.0001597492697 -1.90177702E-05
295 0.0001599049708 7.614522417E-05
295.2 0.0001448170732 7.62195122E-05
295.4 0.0001373291016 1.907348633E-05
295.6 0.0001374633431 -5.727639296E-05
295.8 0.0001375978474 -1.911081213E-05
296 0.0001300808031 5.738858962E-05
296.2 0.0001302083333 1.914828431E-05
296.4 0.0001303361138 1.916707556E-05
296.6 0.0001381385069 3.837180747E-05
296.8 0.0001305924287 1.920476893E-05
297 0.0001307209646 1.922367126E-05
297.2 0.0001231527094 3.848522167E-05
297.4 0.0001155695266 7.704635108E-05
297.6 0.0001079713722 5.784180652E-05
297.8 0.0001003582016 3.85993083E-05
298 9.272997033E-05 0.0001159124629
298.2 8.508663366E-05 0.0001547029703
298.4 7.742814668E-05 5.807111001E-05
298.6 7.750496032E-05 -1.491390296E-20
298.8 7.758192651E-05 3.879096326E-05
299 6.989314115E-05 5.824428429E-05
299.2 6.218905473E-05 7.773631841E-05
299.4 5.446962151E-05 5.836030876E-05
299.6 4.673479561E-05 1.947283151E-05
299.8 3.898453094E-05 1.694764849E-20
300 3.121878122E-05 5.853521479E-05
300.2 1.5625E-05 1.335891482E-20
300.4 7.82032032E-06 -7.82032032E-05
300.6 0 -7.828156313E-05
300.8 0 -9.79501003E-05
301 0 -3.921937751E-05
301.2 0 -1.962939698E-05
301.4 0 -4.272353756E-21
301.6 0 9.214373525E-21
301.8 0 1.877967071E-20
302 0 -1.970862765E-05
302.2 0 -7.891414141E-05
302.4 0 -3.949696663E-05
302.6 0 2.37149069E-21
302.8 0 -5.936550152E-05
303 7.923427992E-06 -9.90428499E-05
303.2 7.931472081E-06 -7.931472081E-05
303.4 7.93953252E-06 -7.93953252E-05
303.6 7.947609359E-06 -3.97380468E-05
303.8 7.955702648E-06 -1.988925662E-05
304 0 -3.981906218E-05
304.2 0 -1.992984694E-05
304.4 0 5.985061287E-05
304.6 0 9.985301636E-05
304.8 0 5.997313204E-05
305 0 4.002305328E-05
305.2 0 7.615719419E-21
305.4 0 -4.010523614E-05
305.6 0 -4.014645427E-05
305.8 0 -2.00938786E-05
306 0 -2.011457261E-05
306.2 0 -2.013530928E-05
306.4 0 -4.344690141E-21
306.6 0 6.053073347E-05
306.8 0 8.079110651E-05
307 0 2.02186853E-05
307.2 0 -2.023963731E-05
307.4 0 9.22050734E-20
307.6 8.112668744E-06 4.056334372E-05
307.8 1.624220374E-05 -4.060550936E-05
308 2.438865765E-05 -4.064776275E-05
308.2 3.255208333E-05 4.389486512E-20
308.4 4.073253389E-05 2.305498411E-20
308.6 4.893006263E-05 -2.03875261E-05
308.8 5.714472309E-05 -4.081765935E-05
309 5.720449791E-05 4.086035565E-05
309.2 6.544502618E-05 2.045157068E-05
309.4 6.551362683E-05 4.364084216E-20
309.6 6.558237146E-05 -4.098898216E-05
309.8 6.56512605E-05 -0.0001025800945
310 5.750525762E-05 -8.215036803E-05
310.2 5.756578947E-05 -4.111842105E-05
310.4 6.585879874E-05 6.174262381E-05
310.6 5.768723629E-05 4.120516878E-05
310.8 7.424762408E-05 -4.124868004E-05
311 7.432610994E-05 -4.12922833E-05
311.2 7.44047619E-05 -0.0001033399471
311.4 7.448358051E-05 -0.0001448291843
311.6 6.627783669E-05 -2.071182397E-05
311.8 8.293524416E-05 3.724409563E-20
312 7.472104145E-05 -8.302337938E-05
312.2 8.311170213E-05 -4.155585106E-05
312.4 8.320021299E-05 4.16001065E-05
312.6 7.496002132E-05 4.164445629E-05
312.8 8.337780149E-05 6.253335112E-05
313 8.346688034E-05 8.346688034E-05
313.2 8.355614973E-05 -8.355614973E-05
313.4 8.364561028E-05 -0.0001045570128
313.6 8.373526259E-05 4.18676313E-05
313.8 7.544259657E-05 -2.095627682E-05
314 8.391514501E-05 -2.097878625E-05
314.2 8.400537634E-05 -4.200268817E-05
314.4 8.409580194E-05 -8.409580194E-05
314.6 8.418642241E-05 -3.234687514E-20
314.8 8.42772384E-05 -6.32079288E-05
315 8.436825054E-05 -4.218412527E-05
315.2 8.445945946E-05 4.715711535E-20
315.4 7.609577922E-05 -6.341314935E-05
315.6 8.464247021E-05 -2.116061755E-05
315.8 8.473427332E-05 -4.236713666E-05
316 8.482627579E-05 -6.361970684E-05
316.2 8.491847826E-05 2.911823941E-21
316.4 8.501088139E-05 -2.125272035E-05
316.6 8.510348584E-05 -8.510348584E-05
316.8 8.519629226E-05 -8.519629226E-05
317 7.676037118E-05 -2.132232533E-05
317.2 6.830601093E-05 2.134562842E-05
317.4 5.983315098E-05 5.289996674E-20
317.6 5.134173056E-05 -2.139238773E-05
317.8 4.28316886E-05 -2.14158443E-05
318 3.430296378E-05 -4.287870472E-05
318.2 2.575549451E-05 -6.438873626E-05
318.4 1.718921892E-05 2.148652365E-05
318.6 8.60407489E-06 2.151018722E-05
318.8 8.613561191E-06 -8.613561191E-05
319 8.623068433E-06 -2.155767108E-05
319.2 0 2.158149171E-05
319.4 0 2.160536504E-05
319.6 0 2.162929125E-05
319.8 0 2.165327051E-05
320 0 -7.956654153E-21
320.2 0 -4.340277778E-05
320.4 8.690211346E-06 -4.345105673E-05
320.6 1.739977728E-05 -2.17497216E-05
320.8 2.612876254E-05 -4.354793757E-05
321 3.487723214E-05 -6.539481027E-05
321.2 4.36452514E-05 -6.546787709E-05
321.4 5.243288591E-05 -8.738814318E-05
321.6 6.124020157E-05 -2.187150056E-05
321.8 7.006726457E-05 -4.379204036E-05
322 7.891414141E-05 -8.768237935E-05
322.2 8.778089888E-05 -4.389044944E-05
322.4 9.666760405E-05 -0.0001098495501
322.6 0.0001143721847 -8.79786036E-05
322.8 0.0001233089064 -4.403889515E-05
323 0.0001322658014 -2.204430023E-05
323.2 0.0001324152542 2.206920904E-05
323.4 0.0001325650452 -6.628252262E-05
323.6 0.0001327151755 -4.423839185E-05
323.8 0.0001328656463 2.214427438E-05
324 0.0001330164586 -2.216940976E-05
324.2 0.0001331676136 3.690440712E-20
324.4 0.0001333191126 -2.22198521E-05
324.6 0.0001334709567 -2.224515945E-05
324.8 0.0001247149373 0.0001113526226
325 0.0001248573059 4.459189498E-05
325.2 0.000125 -4.464285714E-05
325.4 0.0001251430206 2.234696796E-05
325.6 0.0001252863688 -2.237256586E-05
325.8 0.0001164707569 -4.479644495E-05
326 0.0001166044776 -6.727181401E-05
326.2 0.0001167385057 -6.734913793E-05
326.4 0.0001168728423 4.495109321E-05
326.6 0.0001170074885 2.250144009E-05
326.8 0.0001171424452 -2.252739331E-05
327 0.0001262990762 2.255340647E-05
327.2 0.0001264450867 2.257947977E-05
327.4 0.0001265914352 -2.260561343E-05
327.6 0.0001357908459 -2.263180765E-05
327.8 0.0001359483759 4.531612529E-05
328 0.0001361062718 0.0001361062718
328.2 0.0001271802326 4.542151163E-05
328.4 0.0001273282887 -6.821158324E-05
328.6 0.00012747669 -2.276369464E-05
328.8 0.0001276254376 -4.558051342E-05
329 0.0001277745327 -3.936352842E-21
329.2 0.0001187865497 4.56871345E-05
329.4 0.000118925644 4.574063232E-05
329.6 0.0001190650645 4.579425557E-05
329.8 0.0001192048122 -2.292400235E-05
330 0.0001193448884 -4.590188014E-05
330.2 0.0001194852941 -2.297794118E-05
330.4 0.0001196260306 -2.300500589E-05
330.6 0.0001197670991 -2.303213443E-05
330.8 0.0001199085006 4.611865407E-05
331 0.0001200502364 -2.308658392E-05
331.2 0.0001201923077 -9.24556213E-05
331.4 0.0001203347156 -4.628258294E-05
331.6 0.0001204774614 -4.633748517E-05
331.8 0.0001206205463 1.306128097E-20
332 0.0001300535077 2.322384067E-05
332.2 0.0001302083333 -1.951366468E-20
332.4 0.000130363528 -2.327920143E-05
332.6 0.0001305190931 -4.661396181E-05
332.8 0.0001306750299 -7.000448029E-05
333 0.0001308313397 -9.345095694E-05
333.2 0.000130988024 -0.0001169535928
333.4 0.0001311450839 -9.367505995E-05
333.6 0.000131302521 3.680109798E-20
333.8 0.0001314603365 2.34750601E-05
334 0.0001316185319 5.597982004E-20
334.2 0.0001317771084 4.79193218E-20
334.4 0.0001319360676 2.356001206E-05
334.6 0.0001320954106 2.358846618E-05
334.8 0.0001322551391 -1.925609569E-20
335 0.0001324152542 2.364558111E-05
335.2 0.0001325757576 -1.186795979E-20
335.4 0.0001327366505 -2.37029733E-05
335.6 0.0001328979344 2.666266634E-20
335.8 0.0001330596107 2.376064477E-05
336 0.0001237058465 -2.378958587E-05
336.2 0.0001238567073 -7.145579268E-05
336.4 0.0001240079365 -7.154304029E-05
336.6 0.0001241595355 -7.163050122E-05
336.8 0.0001243115055 -2.390605875E-05
337 0.000124463848 -4.787071078E-05
337.2 0.0001246165644 -9.585889571E-05
337.4 0.0001343673219 -4.798832924E-05
337.6 0.0001345325953 4.804735547E-05
337.8 0.0001346982759 3.830654575E-20
338 0.000134864365 1.761672804E-20
338.2 0.0001350308642 2.032865689E-20
338.4 0.000135197775 -2.414245983E-05
338.6 0.000135365099 4.834467822E-05
338.8 0.0001452137546 2.420229244E-05
339 0.0001453939206 7.117396022E-21
339.2 0.0001455745342 1.517077417E-20
339.4 0.0001360385572 3.959038901E-20
339.6 0.0001459371108 2.432285181E-05
339.8 0.0001461190773 2.435317955E-05
340 0.0001463014981 -2.293775158E-20
340.2 0.000146484375 -2.44140625E-05
340.4 0.0001466677096 -4.888923655E-05
340.6 0.0001468515038 1.364737024E-20
340.8 0.0001470357591 4.90119197E-05
341 0.0001472204774 2.453674623E-05
341.2 0.0001474056604 -4.913522013E-05
341.4 0.0001475913098 -4.919710327E-05
341.6 0.0001477774275 4.92591425E-05
341.8 0.0001479640152 4.932133838E-05
342 0.0001481510746 -2.469184576E-05
342.2 0.0001483386076 -2.472310127E-05
342.4 0.000148526616 2.475443599E-05
342.6 0.0001487151015 -3.256136004E-20
342.8 0.0001489040661 -4.963468869E-05
343 0.0001490935115 -2.484891858E-05
343.2 0.0001492834395 2.488057325E-05
343.4 0.000149473852 -2.491230867E-05
343.6 0.000149664751 -4.988825032E-05
343.8 0.0001498561381 -2.497602302E-05
344 0.0001500480154 -3.213220241E-20
344.2 0.000140224359 2.50400641E-05
344.4 0.0001203465982 -2.507220796E-05
344.6 0.0001104595116 -2.510443445E-05
344.8 0.0001005469755 1.272698944E-20
345 9.060889175E-05 -5.03382732E-05
345.2 8.064516129E-05 -2.52016129E-05
345.4 7.065568475E-05 5.046834625E-05
345.6 6.064036223E-05 2.526681759E-05
345.8 5.059909326E-05 -5.059909326E-05
346 4.053177691E-05 -7.599708171E-05
346.2 4.058441558E-05 -2.536525974E-05
346.4 3.047789337E-05 5.079648895E-05
346.6 2.034505208E-05 5.086263021E-05
346.8 1.018578879E-05 2.546447197E-05
347 1.019908616E-05 6.733963177E-20
347.2 1.02124183E-05 -1.578290769E-20
347.4 1.022578534E-05 -4.78239524E-20
347.6 1.023918742E-05 -3.6289538E-20
347.8 1.025262467E-05 1.992517478E-20
348 1.026609724E-05 -2.56652431E-05
348.2 1.027960526E-05 -5.139802632E-05
348.4 1.029314888E-05 4.62835903E-21
348.6 1.030672823E-05 5.153364116E-05
348.8 1.032034346E-05 -1.774882931E-20
349 1.033399471E-05 -2.583498677E-05
349.2 1.034768212E-05 -2.58692053E-05
349.4 1.036140584E-05 7.771054377E-05
349.6 1.0375166E-05 0.00010375166
349.8 1.038896277E-05 5.194481383E-05
350 1.040279627E-05 5.201398136E-05
350.2 1.041666667E-05 2.604166667E-05
350.4 1.04305741E-05 -2.607643525E-05
350.6 1.044451872E-05 -5.222259358E-05
350.8 1.045850067E-05 2.614625167E-05
351 1.047252011E-05 5.236260054E-05
351.2 1.048657718E-05 -2.621644295E-05
351.4 1.050067204E-05 -2.625168011E-05
351.6 1.051480485E-05 -0.0001051480485
351.8 1.052897574E-05 -5.264487871E-05
352 1.054318489E-05 5.271592443E-05
352.2 1.055743243E-05 5.278716216E-05
352.4 1.057171854E-05 2.642929635E-05
352.6 1.058604336E-05 -7.93953252E-05
352.8 1.060040706E-05 -0.0001060040706
353 1.061480978E-05 -3.969603996E-20
353.2 1.06292517E-05 7.971938776E-05
353.4 0 -2.660933243E-05
353.6 1.065825375E-05 -2.664563438E-05
353.8 1.067281421E-05 1.914650127E-20
354 1.06874145E-05 1.790662536E-20
354.2 1.070205479E-05 -1.012371673E-19
354.4 1.071673525E-05 -2.679183813E-05
354.6 1.073145604E-05 -2.682864011E-05
354.8 1.074621733E-05 -5.373108666E-05
355 1.076101928E-05 -2.66208156E-20
355.2 0 2.693965517E-05
355.4 1.079074586E-05 2.697686464E-05
355.6 1.080567082E-05 8.104253112E-05
355.8 1.082063712E-05 2.70515928E-05
356 1.083564494E-05 -2.708911234E-05
356.2 1.085069444E-05 2.712673611E-05
356.4 0 8.14933936E-05
356.6 0 0.0001360114903
356.8 0 8.17207113E-05
357 0 0.0001091131285
357.2 0 0.0001638986014
357.4 0 8.206407563E-05
357.6 0 2.73930575E-05
357.8 1.097261236E-05 8.22945927E-05
358 2.197609001E-05 -1.056875974E-20
358.2 3.301056338E-05 -2.750880282E-05
358.4 4.407616361E-05 2.754760226E-05
358.6 5.51730226E-05 -2.75865113E-05
358.8 6.630127298E-05 2.762553041E-05
359 6.639518414E-05 -2.460354174E-20
359.2 7.757092199E-05 0.0001108156028
359.4 7.768110795E-05 0.0001387162642
359.6 8.890469417E-05 0.0001111308677
359.8 8.903133903E-05 0.0001391114672
360 0.0001003031384 -2.786198288E-05
360.2 0.0001116071429 -6.767472833E-20
360.4 0.0001229434907 -5.588340486E-05
360.6 0.0001343123209 4.431353742E-20
360.8 0.0001345050215 1.204741121E-22
361 0.0001571479885 -2.80621408E-05
361.2 0.0001461330935 1.180812662E-20
361.4 0.0001688580692 -8.442903458E-05
361.6 0.0001691017316 -2.818362193E-05
361.8 0.0001693460983 -2.09506983E-20
362 0.0001922033285 5.653039074E-05
362.2 0.0001924818841 -5.661231884E-05
362.4 0.000226777939 2.834724238E-05
362.6 0.0002157521802 5.677688953E-05
362.8 0.0002388100437 -2.84297671E-05
363 0.0002277696793 0.0001138848397
363.2 0.0002166970803 2.851277372E-05
363.4 0.0002284356725 8.566337719E-05
363.6 0.0002173316252 0.0001715775988
363.8 0.0002176502933 8.591458944E-05
364 0.0002179698972 5.736049927E-05
364.2 0.0002297794118 2.872242647E-05
364.4 0.0002186119293 -2.876472754E-05
364.6 0.0002189343658 5.111383546E-20
364.8 0.000207717873 5.769940916E-05
365 0.0002195821006 -2.889238166E-05
365.2 0.0002199074074 -5.787037037E-05
365.4 0.0002202336795 -5.795623145E-05
365.6 0.0002205609212 -3.506879174E-20
365.8 0.000232514881 2.906436012E-05
366 0.0002328614009 5.821535022E-05
366.2 0.000244869403 2.91511194E-05
366.4 0.000245235426 2.919469357E-05
366.6 0.0002456025449 2.92383982E-05
366.8 0.0002459707646 -5.856446777E-05
367 0.0002698010511 2.93262012E-05
367.2 0.0002702067669 0.000117481203
367.4 0.0002823795181 2.941453313E-05
367.6 0.0002828054299 -8.837669683E-05
367.8 0.0002832326284 -2.950339879E-05
368 0.0002954803328 -0.0001477401664
368.2 0.0003077651515 -0.0001183712121
368.4 0.000284522003 2.963770865E-05
368.6 0.000273081307 -0.0001780965046
368.8 0.0002616057839 -0.0001486396499
369 0.0002500952744 -8.931974085E-05
369.2 0.0002385496183 -5.963740458E-05
369.4 0.0002389143731 -2.986429664E-05
369.6 0.000239280245 2.991003063E-05
369.8 0.0002276648773 8.986771472E-05
370 0.0002280145929 -3.49724498E-20
370.2 0.0002163461538 7.66862112E-22
370.4 0.0002046417565 9.028312789E-05
370.6 0.0001929012346 3.01408179E-05
370.8 0.0001811244204 -9.05622102E-05
371 0.0001693111455 -6.046826625E-05
371.2 0.0001574612403 -0.000121124031
371.4 0.0001577057453 6.06560559E-05
371.6 0.0001458009331 0.0001822511664
371.8 0.0001338590343 -3.042250779E-05
372 0.0001096918877 -0.000152349844
372.2 9.765625E-05 -9.155273438E-05
372.4 7.335680751E-05 -9.169600939E-05
372.6 6.122648903E-05 6.122648903E-05
372.8 6.132260597E-05 9.198390895E-05
373 4.913522013E-05 -9.212853774E-05
373.2 3.690944882E-05 6.151574803E-05
373.4 2.464511041E-05 6.161277603E-05
373.6 2.468404423E-05 -3.085505529E-05
373.8 2.472310127E-05 -2.275626886E-20
374 2.476228209E-05 -9.285855784E-05
374.2 2.48015873E-05 -9.300595238E-05
374.4 2.484101749E-05 -3.105127186E-05
374.6 2.488057325E-05 -9.330214968E-05
374.8 2.492025518E-05 -0.0001246012759
375 2.49600639E-05 -0.0001248003195
375.2 2.5E-05 -9.375E-05
375.4 2.50400641E-05 -3.130008013E-05
375.6 2.508025682E-05 -6.963390107E-20
375.8 2.512057878E-05 6.280144695E-05
376 2.51610306E-05 9.435386473E-05
376.2 2.52016129E-05 -8.59805588E-20
376.4 2.524232633E-05 -6.310581583E-05
376.6 2.528317152E-05 -6.32079288E-05
376.8 2.532414911E-05 -4.807418905E-20
377 3.804788961E-05 3.170657468E-05
377.2 3.81097561E-05 -3.175813008E-05
377.4 6.361970684E-05 -6.361970684E-05
377.6 6.372349103E-05 -3.186174551E-05
377.8 5.10620915E-05 -9.574142157E-05
378 5.114566285E-05 -9.589811784E-05
378.2 5.12295082E-05 -6.403688525E-05
378.4 5.13136289E-05 -9.621305419E-05
378.6 2.569901316E-05 -6.424753289E-05
378.8 2.574135091E-05 -3.217668863E-05
379 1.289191419E-05 -9.668935644E-05
379.2 0 -0.0001614152893
379.4 1.293460265E-05 -0.0001293460265
379.6 1.295605307E-05 -3.239013267E-05
379.8 1.297757475E-05 -8.968946121E-20
380 0 3.249792013E-05
380.2 0 0.0001302083333
380.4 0 6.521285476E-05
380.6 0 -9.156855985E-20
380.8 0 -3.271566164E-05
381 0 -3.277055369E-05
381.2 0 -3.282563025E-05
381.4 0 -6.576178451E-05
381.6 0 -3.293634064E-05
381.8 0 4.713628624E-20
382 0 -6.247130255E-20
382.2 0 6.620762712E-05
382.4 0 6.632003396E-05
382.6 0 6.643282313E-05
382.8 0 0.0001330919932
383 1.333191126E-05 9.998933447E-05
383.2 2.670940171E-05 3.338675214E-05
383.4 4.013270548E-05 3.625380925E-20
383.6 4.020154374E-05 6.70025729E-05
383.8 4.027061856E-05 3.35588488E-05
384 4.033993115E-05 2.665168625E-20
384.2 2.693965517E-05 6.734913793E-05
384.4 1.349309154E-05 3.373272884E-05
384.6 0 -3.379108997E-05
384.8 0 -3.384965338E-05
385 0 2.161617758E-20
385.2 0 2.63533595E-20
385.4 0 9.158127388E-21
385.6 0 -9.608461603E-21
385.8 0 -3.414554196E-05
386 0 -3.420534151E-05
386.2 0 2.293069596E-20
386.4 0 2.814297581E-21
386.6 0 3.438600352E-05
386.8 0 6.889329806E-05
387 0 6.901501767E-05
387.2 0 -4.96457756E-20
387.4 0 -3.462987589E-05
387.6 0 -3.469138544E-05
387.8 0 -3.475311388E-05
388 0 -3.481506239E-05
388.2 0 -3.487723214E-05
388.4 1.397584973E-05 3.493962433E-05
388.6 1.400089606E-05 7.000448029E-05
388.8 1.402603232E-05 3.506508079E-05
389 1.405125899E-05 4.989880927E-20
389.2 1.407657658E-05 8.033448668E-20
389.4 1.410198556E-05 2.924097728E-20
389.6 0 3.531871609E-05
389.8 1.415307971E-05 9.684938351E-21
390 2.835753176E-05 -3.54469147E-05
390.2 4.261363636E-05 -3.551136364E-05
390.4 5.692167577E-05 3.967894671E-20
390.6 7.128193431E-05 3.564096715E-05
390.8 7.141224863E-05 3.570612431E-05
391 0.0001001602564 7.154304029E-05
391.2 0.0001146788991 3.583715596E-05
391.4 0.0001436121324 3.590303309E-05
391.6 0.0001726519337 3.724952875E-20
391.8 0.000201798893 -3.603551661E-05
392 0.0002310536044 -3.610212569E-05
392.2 0.0002604166667 1.181396599E-19
392.4 0.0002753942486 9.997852866E-20
392.6 0.0002904275093 -7.260687732E-05
392.8 0.0003200651769 -3.637104283E-05
393 0.0003498134328 -2.53790822E-21
393.2 0.0003796728972 -3.650700935E-05
393.4 0.0004096441948 -3.657537453E-05
393.6 0.000439727955 -3.664399625E-05
393.8 0.000469924812 -7.342575188E-05
394 0.0005002354049 -3.678201507E-05
394.2 0.0005159198113 -2.497950178E-21
394.4 0.0005316635161 -1.146016966E-20
394.6 0.0005474668561 3.699100379E-05
394.8 0.0005485056926 3.706119545E-05
395 0.0005495484791 -3.668418263E-20
395.2 0.0005505952381 -3.85599558E-20
395.4 0.0005516459924 2.219021205E-20
395.6 0.0005527007648 4.684176913E-20
395.8 0.0005537595785 -3.741618774E-05
396 0.0005698176583 -4.316514114E-20
396.2 0.0005408653846 3.756009615E-05
396.4 0.0005268545279 -3.763246628E-05
396.6 0.0005127895753 -3.770511583E-05
396.8 0.0004986702128 -3.777804642E-05
397 0.000484496124 -7.570251938E-05
397.2 0.0004854368932 1.470696377E-20
397.4 0.0004559824903 3.799854086E-05
397.6 0.0004416423002 -1.999325014E-20
397.8 0.0004272460938 1.259378071E-19
398 0.0004127935421 3.822162427E-05
398.2 0.0003982843137 3.829656863E-05
398.4 0.0003837180747 -7.674361493E-05
398.6 0.0003690944882 -4.813742974E-20
398.8 0.000354413215 7.704635108E-05
399 0.0003551136364 -1.10965013E-20
399.2 0.0003403465347 -1.220276811E-20
399.4 0.0003255208333 -3.875248016E-05
399.6 0.0003106361829 -7.765904573E-05
399.8 0.0002956922311 -7.781374502E-05
400 0.0002962824351 -7.796906188E-05
400.2 0.00028125 -7.8125E-05
400.4 0.0002818136273 -7.828156313E-05
400.6 0.0002823795181 -3.921937751E-05
400.8 0.0002829476861 3.929828974E-05
401 0.0002835181452 7.875504032E-05
401.2 0.0002998737374 4.808004761E-20
401.4 0.0003162955466 5.158858539E-20
401.6 0.0003169371197 3.961713996E-05
401.8 0.0003334603659 2.078326884E-20
402 0.0003500509165 5.513592387E-20
402.2 0.0003667091837 -3.985969388E-05
402.4 0.0003834355828 -0.0001597648262
402.6 0.0004322489754 -4.002305328E-05
402.8 0.0004010523614 8.021047228E-05
403 0.000401877572 -5.369813895E-20
403.2 0.0004027061856 -4.733095013E-20
403.4 0.0004035382231 -5.653827411E-20
403.6 0.000404373706 -4.04373706E-05
403.8 0.0004214211618 4.052126556E-05
404 0.0004060550936 4.060550936E-05
404.2 0.0004069010417 -8.138020833E-05
404.4 0.0004240605428 -4.077505219E-05
404.6 0.0004249476987 5.954617642E-20
404.8 0.0004258385744 4.094601677E-05
405 0.0004103203782 -1.751572345E-20
405.2 0.0003947368421 -4.111842105E-05
405.4 0.0003790875527 4.120516878E-05
405.6 0.0003798890063 4.12922833E-05
405.8 0.0003641419492 -2.048793616E-20
406 0.0003483280255 -1.897642381E-20
406.2 0.0003324468085 -4.155585106E-05
406.4 0.0002998400853 -5.154120796E-20
406.6 0.0002837873932 8.346688034E-05
406.8 0.0002676659529 8.364561028E-05
407 0.0002514753219 8.38251073E-05
407.2 0.0002352150538 4.200268817E-05
407.4 0.0002188846983 -5.354807699E-20
407.6 0.0002193574514 -3.920910964E-20
407.8 0.0002029220779 -4.22754329E-05
408 0.0001864154013 -4.236713666E-05
408.2 0.0001698369565 -9.144379238E-20
408.4 0.0001531862745 4.255174292E-05
408.6 0.0001364628821 4.264465066E-05
408.8 0.000136761488 -8.950263822E-20
409 0.0001199287281 -4.28316886E-05
409.2 0.000103021978 -4.292582418E-05
409.4 8.60407489E-05 -2.601609582E-19
409.6 6.898454746E-05 4.311534216E-05
409.8 5.185287611E-05 4.321073009E-05
410 3.464523282E-05 7.924885157E-20
410.2 1.736111111E-05 -6.838771709E-20
410.4 0 2.353525614E-20
410.6 0 1.616485422E-19
410.8 0 6.972233604E-20
411 0 -2.723140294E-20
411.2 0 6.58833918E-20
411.4 0 4.180245924E-20
411.6 0 8.221367594E-20
411.8 0 6.807102328E-20
412 0 -4.667801549E-20
412.2 0 4.438920455E-05
412.4 0 4.449031891E-05
412.6 0 -4.002718959E-20
412.8 0 -4.469393593E-05
413 0 -6.329609037E-20
413.2 0 8.979885057E-05
413.4 0 4.500288018E-05
413.6 0 4.510681293E-05
413.8 0 3.066265151E-20
414 0 2.038707111E-20
414.2 0 -4.542151163E-05
414.4 0 -9.105477855E-05
414.6 0 4.563376168E-05
414.8 0 0.000137221897
415 0 4.584800469E-05
415.2 0 1.448131331E-20
415.4 0 9.212853774E-05
415.6 0 4.617316785E-05
415.8 0 4.628258294E-05
416 0 1.359264201E-19
416.2 0 -0.0001395089286
416.4 1.864558473E-05 -0.0001398418854
416.6 1.869019139E-05 1.735430513E-19
416.8 1.873501199E-05 -5.258064137E-21
417 1.878004808E-05 9.390024038E-05
417.2 1.88253012E-05 0.000141189759
417.4 1.887077295E-05 9.435386473E-05
417.6 1.891646489E-05 4.729116223E-05
417.8 3.792475728E-05 4.74059466E-05
418 3.801703163E-05 0.0001425638686
418.2 1.905487805E-05 9.527439024E-05
418.4 0 9.550733496E-05
418.6 1.914828431E-05 1.037981923E-19
418.8 1.91953317E-05 9.597665848E-05
419 1.924261084E-05 9.621305419E-05
419.2 1.929012346E-05 -1.419431018E-20
419.4 1.933787129E-05 -4.834467822E-05
419.6 3.877171216E-05 4.84646402E-05
419.8 3.88681592E-05 0.000194340796
420 3.896508728E-05 9.74127182E-05
420.2 3.90625E-05 9.765625E-05
420.4 3.9160401E-05 4.895050125E-05
420.6 3.925879397E-05 -4.907349246E-05
420.8 3.935768262E-05 9.839420655E-05
421 3.945707071E-05 0.0001972853535
421.2 3.955696203E-05 4.944620253E-05
421.4 3.965736041E-05 9.914340102E-05
421.6 3.975826972E-05 0.0001490935115
421.8 3.985969388E-05 4.982461735E-05
422 3.996163683E-05 9.990409207E-05
422.2 4.006410256E-05 5.008012821E-05
422.4 4.016709512E-05 -5.020886889E-05
422.6 4.027061856E-05 0.0001006765464
422.8 4.0374677E-05 0.0001009366925
423 6.071891192E-05 0.0001517972798
423.2 4.058441558E-05 0.0001521915584
423.4 6.103515625E-05 5.41949578E-21
423.6 8.15926893E-05 5.099543081E-05
423.8 0.0001022578534 0.0001022578534
424 0.0001025262467 5.126312336E-05
424.2 0.0001027960526 -5.887580306E-20
424.4 0.0001030672823 0.0001030672823
424.6 6.200396825E-05 0.0001550099206
424.8 2.072281167E-05 5.180702918E-05
425 0 -0.0001038896277
425.2 2.083333333E-05 -0.0001041666667
425.4 4.177807487E-05 0.0001044451872
425.6 6.283512064E-05 0.0001570878016
425.8 8.400537634E-05 5.250336022E-05
426 0.0001263477089 5.264487871E-05
426.2 0.0001478040541 0.0001055743243
426.4 0.000148204607 5.29302168E-05
426.6 0.000148607337 5.307404891E-05
426.8 0.0001490122616 5.321866485E-05
427 0.0001280737705 5.336407104E-05
427.2 0.0001284246575 -3.547577473E-21
427.4 0.0001287774725 -0.0001073145604
427.6 0.0001291322314 -0.0001614152893
427.8 0.0001294889503 -5.395372928E-05
428 0.0001298476454 -5.41031856E-05
428.2 0.0001302083333 -0.0001085069444
428.4 0.0001305710306 5.44045961E-05
428.6 0.0001309357542 0.0001091131285
428.8 0.0001094187675 0.0001094187675
429 8.778089888E-05 -7.344498281E-20
429.2 6.602112676E-05 -1.00508429E-20
429.4 4.413841808E-05 -0.0001103460452
429.6 2.213172805E-05 -5.532932011E-05
429.8 0 4.987481725E-20
430 0 -0.0002782229345
430.2 0 -5.580357143E-05
430.4 0 0.0001119269341
430.6 0 5.612428161E-05
430.8 0 2.361315323E-20
431 0 5.644869942E-05
431.2 0 0.0001698369565
431.4 0 -8.950786954E-20
431.6 2.277696793E-05 -5.694241983E-05
431.8 4.56871345E-05 -5.710891813E-05
432 6.873167155E-05 5.727639296E-05
432.2 9.191176471E-05 5.744485294E-05
432.4 0.0001152286136 -0.0001728429204
432.6 0.0001155695266 -0.0001155695266
432.8 9.272997033E-05 5.795623145E-05
433 6.975446429E-05 0.0001743861607
433.2 4.664179104E-05 0.0001166044776
433.4 2.339071856E-05 -1.283434149E-20
433.6 0 -1.941843024E-20
433.8 0 5.882906627E-05
434 0 0.0001770203927
434.2 0 0.0001775568182
434.4 0 5.936550152E-05
434.6 0 5.95464939E-05
434.8 0 0.0001791857798
435 0 5.991180982E-05
435.2 0 -6.009615385E-05
435.4 0 -0.0001205632716
435.6 0 -0.0001209365325
435.8 2.426242236E-05 2.759494091E-20
436 4.867601246E-05 -6.084501558E-05
436.2 7.32421875E-05 8.5757989E-20
436.4 9.796238245E-05 6.122648903E-05
436.6 0.0001228380503 6.141902516E-05
436.8 0.0001478706625 6.161277603E-05
437 0.0001730617089 -6.180775316E-05
437.2 0.0001984126984 -6.200396825E-05
437.4 0.0002239251592 -6.220143312E-05
437.6 0.000249600639 -6.240015974E-05
437.8 0.000250400641 0.0001252003205
438 0.0002512057878 6.280144695E-05
438.2 0.0002268145161 6.300403226E-05
438.4 0.0002022653722 0.0002528317152
438.6 0.0001775568182 0.0001902394481
438.8 0.0001526872964 0.0001272394137
439 0.0001276552288 6.382761438E-05
439.2 0.0001024590164 0.0001280737705
439.4 0.0001027960526 0.0001284950658
439.6 0.0001289191419 6.445957096E-05
439.8 0.0001552152318 -2.99661946E-20
440 0.0001816860465 -6.488787375E-05
440.2 0.000234375 -0.0001302083333
440.4 0.000287416388 -0.0001306438127
440.6 0.0003408137584 -6.554110738E-05
440.8 0.0003682659933 -0.000131523569
441 0.0003959037162 -6.59839527E-05
441.2 0.0003972457627 -3.328598063E-22
441.4 0.0003720238095 0.0001328656463
441.6 0.0003466296928 0.0001333191126
441.8 0.0003210616438 6.688784247E-05
442 0.0002684707904 0.0002013530928
442.2 0.0002424568966 6.734913793E-05
442.4 0.0002162629758 -6.758217993E-05
442.6 0.0001898871528 1.843817328E-20
442.8 0.0001905487805 1.201683358E-20
443 0.000191215035 -8.344921735E-20
443.2 0.0002192982456 -6.853070175E-05
443.4 0.0002475792254 -0.0001375440141
443.6 0.0003036660777 -6.901501767E-05
443.8 0.0003601507092 -1.09329958E-19
444 0.0004170373665 -1.020242687E-19
444.2 0.0004743303571 -1.298113023E-19
444.4 0.0005320340502 -7.000448029E-05
444.6 0.0005339478417 -6.441465744E-20
444.8 0.0005076714801 7.05099278E-05
445 0.0004812047101 2.208388841E-19
445.2 0.0004545454545 -1.595434767E-20
445.4 0.0004276916058 7.200635813E-20
445.6 0.0004006410256 3.429562781E-20
445.8 0.0004021139706 -7.180606618E-05
446 0.000403597786 -7.207103321E-05
446.2 0.0004340277778 -1.746739931E-20
446.4 0.0004646840149 7.260687732E-05
446.6 0.0004955690299 1.590523594E-19
446.8 0.0005266853933 -7.315074906E-05
447 0.0005580357143 1.741612779E-19
447.2 0.0005601415094 1.728403255E-19
447.4 0.0005622632576 -1.994598143E-19
447.6 0.0005644011407 -7.434316709E-20
447.8 0.0005367366412 -2.330160486E-20
448 0.0005088601533 -2.909750451E-20
448.2 0.0004807692308 2.17973302E-19
448.4 0.00045246139 -5.031910593E-20
448.6 0.0004239341085 7.570251938E-05
448.8 0.0003951848249 9.235403352E-20
449 0.0003662109375 -1.795745804E-20
449.2 0.0003370098039 7.659313725E-05
449.4 0.0003075787402 1.347889611E-19
449.6 0.0002779150198 2.240578391E-20
449.8 0.000248015873 2.5085006E-19
450 0.0002178784861 2.591685975E-19
450.2 0.00021875 -7.8125E-05
450.4 0.0002196285141 -7.843875502E-05
450.6 0.0002205141129 7.875504032E-05
450.8 0.0002214068826 7.907388664E-05
451 0.0002223069106 1.376190711E-19
451.2 0.0002232142857 1.800094005E-19
451.4 0.0001921106557 -1.777096355E-20
451.6 0.0001607510288 -6.454804116E-21
451.8 0.0001291322314 6.16425742E-20
452 9.725103734E-05 1.593375187E-19
452.2 6.510416667E-05 3.400441002E-20
452.4 3.268828452E-05 -6.283124684E-20
452.6 0 -7.558036294E-21
452.8 0 2.851573333E-19
453 0 2.905039284E-19
453.2 0 8.311170213E-05
453.4 0 1.368339269E-19
453.6 0 -8.38251073E-05
453.8 0 1.112197899E-19
454 0 7.926370269E-20
454.2 0 1.398618116E-19
454.4 0 -8.528930131E-05
454.6 0 -8.566337719E-05
454.8 0 -8.60407489E-05
455 0 -0.0001728429204
455.2 0 -0.0001736111111
455.4 0 -8.719308036E-05
455.6 0 -0.0001751681614
455.8 0 -0.0001759572072
456 0 -8.837669683E-05
456.2 0 -0.0001775568182
456.4 0 -0.0001783675799
456.6 0 -0.0001791857798
456.8 0 -0.0001800115207
457 0 -0.0003616898148
457.2 0 -0.000363372093
457.4 0 -9.126752336E-05
457.6 0 -9.169600939E-05
457.8 0 -0.0001842570755
458 0 -0.0001851303318
458.2 0 -9.300595238E-05
458.4 0 -9.345095694E-05
458.6 0 -0.0001878004808
458.8 0 -0.0001887077295
459 0 -0.0001896237864
459.2 0 -0.0001905487805
459.4 0 -0.0001914828431
459.6 0 -0.0002886391626
459.8 0 -0.0002900680693
460 0 -0.000194340796
460.2 0 -0.0001953125
460.4 0 -0.0001962939698
460.6 0 -0.0001972853535
460.8 0 -0.000198286802
461 0 -0.0001992984694
461.2 0 -0.0002003205128
461.4 0 -0.0001006765464
461.6 0 -0.0001011981865
461.8 0 -0.0001017252604
462 0 -1.671023894E-20
462.2 0 -0.0001027960526
462.4 0 -0.0001033399471
462.6 0 -0.0001038896277
462.8 0 -0.0001044451872
463 0 -0.0001050067204
463.2 0 -0.0001055743243
463.4 0 -0.0001061480978
463.6 0 -0.0001067281421
463.8 0 -0.0001073145604
464 0 -0.0001079074586
464.2 0 -0.0001085069444
464.4 0 -0.000218226257
464.6 0 -0.0001097261236
464.8 0 -0.0001103460452
465 0 -0.0001109730114
465.2 0 -0.0002232142857
465.4 0 -0.0002244971264
465.6 0 -1.424839308E-19
465.8 0 0.0001135537791
466 0 0.0003426535088
466.2 0 0.0002297794118
466.4 0 0.0001155695266
466.6 0 0.0001162574405
466.8 0 0.0001169535928
467 0 0.0001176581325
467.2 0 0.0001183712121
467.4 0 0.0001190929878
467.6 0 0.0001198236196
467.8 0 0.0001205632716
468 0 0.0001213121118
468.2 0 -5.535427331E-19
468.4 0 -0.0001228380503
468.6 0 0.0001236155063
468.8 0 0.0002488057325
469 0 0.000250400641
469.2 0 0.0001260080645
469.4 0 0.0001268262987
469.6 0 0.0002553104575
469.8 0 0.0001284950658
470 0 -3.141148104E-19
470.2 0 -1.020116786E-19
470.4 0 0.0001310822148
470.6 0 0.0002639358108
470.8 0 0.0001328656463
471 0 1.532492279E-19
471.2 0 0.0001346982759
471.4 0 0.0002712673611
471.6 0 0.0002731643357
471.8 0 0.0001375440141
472 0 -4.047994837E-19
472.2 0 -2.15978356E-19
472.4 0 -3.094831027E-19
472.6 0 -5.479116034E-19
472.8 0 -3.490604594E-19
473 0 -2.791111165E-19
473.2 0 3.331607584E-21
473.4 0 1.470198367E-19
473.6 0 -6.25760929E-21
473.8 0 8.483166574E-21
474 0 2.297365464E-19
474.2 0 -0.0001502403846
474.4 0 -0.0003028100775
474.6 0 -0.0003051757813
474.8 0 -0.0003075787402
475 0 -0.0003100198413
475.2 0 -0.0003125
475.4 0 -0.0003150201613
475.6 0 -0.0003175813008
475.8 0 -0.0003201844262
476 0 -0.0003228305785
476.2 0 -0.0003255208333
476.4 0 -0.0003282563025
476.6 0 -0.0001655190678
476.8 0 -1.308431543E-19
477 0 -1.773751207E-19
477.2 0 -2.802101751E-19
477.4 0 -4.175939156E-19
477.6 0 -1.258610598E-19
477.8 0 -0.0001743861607
478 0 -0.0003519144144
478.2 0 -0.0003551136364
478.4 0 -0.0003583715596
478.6 0 -0.0003616898148
478.8 0 -0.0003650700935
479 0 -0.0003685141509
479.2 0 -0.0001860119048
479.4 0 -8.229824092E-20
479.6 0 -6.623857103E-19
479.8 0 2.694431773E-19
480 0 1.349151446E-19
480.2 0 1.209914058E-19
480.4 0 2.466837459E-19
480.6 0 8.141402909E-20
480.8 0 -3.162567613E-20
481 0 -2.521980642E-19
481.2 0 -1.80547304E-19
481.4 0 -4.107422037E-19
481.6 0 -2.414063725E-19
481.8 0 3.259167287E-20
482 0 -1.921523105E-20
482.2 0 -5.729783313E-19
482.4 0 -2.093246363E-19
482.6 0 2.987961118E-20
482.8 0 -3.373617948E-19
483 0 -3.137949386E-19
483.2 0 3.116853527E-19
483.4 0 -1.402999097E-19
483.6 0 -2.423650096E-19
483.8 0 -3.130627074E-19
484 0 -3.563163808E-19
484.2 0 3.358909453E-20
484.4 0 4.205790468E-19
484.6 0 4.218386407E-19
484.8 0 8.044815901E-20
485 0 -1.391686528E-19
485.2 0 3.477108365E-19
485.4 0 5.629651121E-19
485.6 0 2.14021945E-19
485.8 0 2.424377678E-19
486 0 1.978859229E-19
486.2 0 -8.690799756E-20
486.4 0 -4.271079715E-19
486.6 0 2.040447113E-19
486.8 0 -5.929428251E-19
487 0 -2.624619647E-19
487.2 0 -3.890597746E-19
487.4 0 -7.185126155E-19
487.6 0 -1.521590318E-20
487.8 0 -2.422862827E-19
488 0 -9.974217396E-19
488.2 0 -8.499082801E-19
488.4 0 1.906400282E-19
488.6 0 -6.177916805E-19
488.8 0 -4.386699255E-19
489 0 -7.58649104E-19
489.2 0 4.57778514E-19
489.4 0 7.909639448E-20
489.6 0 -5.461213978E-19
489.8 0 -3.345026388E-19
490 0 3.763915718E-19
490.2 0 5.222592632E-19
490.4 0 7.239033851E-19
490.6 0 1.232773161E-19
490.8 0 4.396910999E-19
491 0 3.179041246E-19
491.2 0 -2.142012676E-20
491.4 0 8.019903761E-19
491.6 0 8.189096607E-19
491.8 0 2.859042434E-19
492 0 1.079062433E-18
492.2 0 1.664664655E-18
492.4 0 1.753766442E-18
492.6 0 1.094407867E-18
492.8 0 2.744012621E-19
493 0 1.724938396E-20
493.2 0 2.454179637E-18
493.4 0 2.015697374E-18
493.6 0 1.40119038E-18
493.8 0 1.790925441E-18
494 0 2.603919196E-18
494.2 0 1.512418687E-18
494.4 0 6.801312904E-19
494.6 0 1.908408584E-18
494.8 0 3.193803101E-18
495 0 7.309428421E-19
495.2 0 -1.035803217E-19
495.4 0 2.018966903E-18
495.6 0 2.549670454E-18
495.8 0 1.923048277E-19
496 0 1.326096492E-18
496.2 0 7.812209359E-19
496.4 0 2.718161748E-18
496.6 0 6.804587563E-19
496.8 0 2.723712848E-19
497 0 2.499119045E-18
497.2 0 -6.388915566E-19
497.4 0 -9.643807103E-19
497.6 0 -1.450210607E-18
497.8 0 -4.06460884E-19
498 0 -1.310071258E-18
498.2 0 -9.952937924E-19
498.4 0 -1.060040688E-18
498.6 0 -2.195817504E-19
498.8 0 5.145969477E-18
499 0 -1.740487536E-18
499.2 0 -6.218400509E-18
499.4 0 -3.21019655E-18
499.6 0 9.063901382E-18
499.8 0 1.282053277E-17
500 0 3.907461191E-17
