0 0.00725022491 -4.68562575E-05
0.2 0.0064 0.001390625
0.4 0.00599927471 0.0003829656863
0.6 0.005663906125 0.0003362064652
0.8 0.005384586504 0.0003050535643
1 0.005139473157 0.0002895257412
1.2 0.004900425852 0.0003366107214
1.4 0.004686246993 0.0002349388532
1.6 0.004518902928 0.0001331854192
1.8 0.004348289526 0.0001254012841
2 0.004180675432 8.624799277E-05
2.2 0.004034889558 7.843875502E-05
2.4 0.00388584773 9.416432302E-05
2.6 0.003752386455 0.0001884043408
2.8 0.003584263168 0.0001492134097
3 0.003425432422 1.571299276E-05
3.2 0.003310487928 -7.859657948E-06
3.4 0.003176580113 -1.572564412E-05
3.6 0.00305515002 5.506192106E-05
3.8 0.002936769742 5.508410556E-05
4 0.002824591898 0.0001180849456
4.2 0.002721774194 0.0001417590726
4.4 0.00262202501 3.93934046E-05
4.6 0.002534806295 7.881860371E-06
4.8 0.002444363141 6.308033912E-05
5 0.002360157512 9.465872375E-05
5.2 0.002285353535 7.891414141E-05
5.4 0.002229436136 7.105143492E-05
5.6 0.002176632632 -1.57955924E-05
5.8 0.002133267597 -2.37029733E-05
6 0.002093029138 -3.952094294E-05
6.2 0.002049595142 -0.00011861083
6.4 0.002018782908 -5.537413933E-05
6.6 0.001991111224 -3.165518639E-05
6.8 0.001957083502 -7.125304013E-05
7 0.001923028183 -3.960107461E-05
7.2 0.001892114604 -7.923427992E-06
7.4 0.001870687906 7.926643669E-06
7.6 0.001839727974 -2.378958587E-05
7.8 0.001802396426 7.933082859E-06
8 0.001768209061 3.174522552E-05
8.2 0.001727642276 -6.351626016E-05
8.4 0.001706105124 -4.765656771E-05
8.6 0.001678193653 -5.562194874E-05
8.8 0.001659798535 -7.154304029E-05
9 0.00163184548 -7.952463355E-06
9.2 0.001603869654 -2.386710794E-05
9.4 0.001575871027 -7.95894458E-05
9.6 0.001560589075 -6.369751325E-05
9.8 0.001548480832 3.537364347E-20
10 0.001539550184 -5.35634972E-21
10.2 0.001517857143 -4.24830239E-21
10.4 0.001492956309 -2.392558187E-05
10.6 0.001477609273 -1.595690359E-05
10.8 0.001475020433 -7.981712301E-06
11 0.001446877555 3.193990188E-05
11.2 0.001428297546 0.0001118353783
11.4 0.001403309124 0.0001038896277
11.6 0.001381498158 7.994781007E-05
11.8 0.00136286855 -7.998054873E-06
12 0.001334622081 4.800798853E-05
12.2 0.001306352459 0.0001440829918
12.4 0.001271653342 0.0001601578516
12.6 0.001236925759 0.0001842570755
12.8 0.001208581247 0.0001202169676
13 0.00118983477 1.603550903E-05
13.2 0.001174281314 8.021047228E-06
13.4 0.001161924815 3.209737058E-05
13.6 0.001136713933 -8.027640773E-06
13.8 0.001114694696 4.818564967E-05
14 0.001086229947 3.213698067E-05
14.2 0.001070601852 1.427755947E-20
14.4 0.001035662824 -8.040860436E-06
14.6 0.001010348023 -3.217668863E-05
14.8 0.000975355377 -4.828491965E-05
15 0.000946774526 -5.635562655E-05
15.2 0.0009085051546 7.15349887E-21
15.4 0.0008798731436 1.611489274E-05
15.6 0.0008544418077 8.060771771E-06
15.8 0.0008322151115 3.225639967E-05
16 0.0008067430814 -1.613486163E-05
16.2 0.0007941632231 -5.649535124E-05
16.4 0.0007751136833 -8.074100868E-06
16.6 0.0007560483871 -4.84646402E-05
16.8 0.0007434319404 -7.272703765E-05
17 0.0007340387003 -8.084126656E-06
17.2 0.0007181677019 8.08747412E-06
17.4 0.0007087562138 -4.045412179E-05
17.6 0.000696099254 -5.665924161E-05
17.8 0.0006899098259 -8.097533167E-06
18 0.0006804749067 -8.100891746E-06
18.2 0.0006677904564 -4.862551867E-05
18.4 0.0006583385222 -4.864570361E-05
18.6 0.0006488787375 -7.299885797E-05
18.8 0.0006264281263 -9.737224761E-05
19 0.0006137001247 -2.435317955E-05
19.2 0.0006107068607 4.060550936E-05
19.4 0.0005947119384 1.624896007E-05
19.6 0.0005852059925 -1.625572201E-05
19.8 0.0005756921316 -4.065622398E-05
20 0.0005694241983 -5.694241983E-05
20.2 0.000556640625 -2.44140625E-05
20.4 0.0005503595248 -4.070706544E-05
20.6 0.000544073186 -8.144808173E-06
20.8 0.0005280037547 1.629641218E-05
21 0.0005119209098 -2.445482053E-05
21.2 0.0005056106472 2.446503132E-05
21.4 0.0004992951128 4.079208438E-05
21.6 0.0004929743 -9.226818739E-21
21.8 0.000493180393 8.702626134E-21
22 0.0004966541196 -1.633730657E-05
22.2 0.0004968619247 -8.17207113E-06
22.4 0.0005036102972 -7.357942654E-05
22.6 0.0005136358878 -8.996806951E-05
22.8 0.0005138510683 1.63646837E-05
23 0.0005238893546 2.45573135E-05
23.2 0.00053721174 -1.637840671E-05
23.4 0.0005341600252 -7.373374581E-05
23.6 0.0005409410407 -9.015684012E-05
23.8 0.000541168136 -3.279806885E-05
24 0.0005446766065 -2.460888282E-05
24.2 0.0005547531513 -2.461922269E-05
24.4 0.0005582702816 -7.29181789E-21
24.6 0.0005650756939 -1.642661901E-05
24.8 0.0005718868321 -2.465029449E-05
25 0.0005721275253 2.466066919E-05
25.2 0.0005789473684 8.223684211E-06
25.4 0.0005824820977 -4.113574136E-05
25.6 0.0005893120523 -8.230615255E-06
25.8 0.0005961477656 1.462667349E-20
26 0.0005963991987 -1.647511598E-05
26.2 0.0006032436709 8.241033755E-06
26.4 0.0006034983115 8.244512453E-06
26.6 0.0006037531672 -4.123997044E-05
26.8 0.0005941064639 -6.601182932E-05
27 0.0005877535926 -4.952979713E-05
27.2 0.0005846987315 -2.477536998E-05
27.4 0.0005783365059 -1.027332008E-20
27.6 0.0005719688955 1.653089293E-05
27.8 0.0005655958933 6.949281842E-21
28 0.0005559085133 -2.481734435E-05
28.2 0.0005495233051 -0
28.4 0.0005431326833 -1.655892327E-05
28.6 0.0005367366412 -7.454675573E-05
28.8 0.0005336497667 -5.800540942E-05
29 0.0005338762733 -4.974002547E-05
29.2 0.0005341029724 -2.488057325E-05
29.4 0.0005177357689 -4.978228547E-05
29.6 0.0005079951126 -4.150286868E-05
29.8 0.0004982461735 -8.304102891E-06
30 0.0004951350489 -4.153817524E-05
30.2 0.0004787234043 -2.493351064E-05
30.4 0.0004656236696 -8.314708387E-06
30.6 0.0004591673765 8.318249574E-06
30.8 0.0004560342991 8.321793779E-06
31 0.0004562286871 -2.497602302E-05
31.2 0.0004464285714 -2.498667377E-05
31.4 0.0004366200939 3.332977816E-05
31.6 0.0004268032437 -8.336000854E-06
31.8 0.0004236496584 -5.003736123E-05
32 0.0004238306279 4.171561299E-05
32.2 0.0004173344017 6.677350427E-05
32.4 0.0004108326208 5.010153912E-05
32.6 0.0004076668092 4.176914029E-05
32.8 0.0004044982884 -8.357402653E-06
33 0.0004013270548 1.672196062E-05
33.2 0.0004048447537 5.855192719E-05
33.4 0.0004016709512 1.673628963E-05
33.6 0.0004085405058 -1.674346335E-05
33.8 0.0004087156947 -5.862725129E-05
34 0.0004155941656 2.513674389E-05
34.2 0.0004157725322 0.0001005901288
34.4 0.0004193054959 5.870276943E-05
34.6 0.0004261973797 1.67794244E-05
34.8 0.0004230232058 -8.393317576E-06
35 0.0004232050731 1.679385211E-05
35.2 0.0004267473118 2.52016129E-05
35.4 0.000426930938 1.680830465E-05
35.6 0.0004237516143 4.203885062E-05
35.8 0.0004205695521 4.205695521E-05
36 0.000417384748 3.366006032E-05
36.2 0.0004141971983 8.418642241E-06
36.4 0.0004177447176 -2.526681759E-05
36.6 0.0004212952977 2.413791927E-21
36.8 0.0004147334916 1.685908502E-05
37 0.0004047927461 -2.529954663E-05
37.2 0.0004015928726 -8.436825054E-05
37.4 0.0003950140449 -2.532141314E-05
37.6 0.0003850518807 8.44412019E-06
37.8 0.0003818393166 -2.534331747E-05
38 0.0003786239723 -5.070856772E-05
38.2 0.0003720238095 -5.918560606E-05
38.4 0.0003654179298 -1.691749675E-05
38.6 0.0003588063258 -8.462413345E-06
38.8 0.0003488025574 -5.926257044E-05
39 0.000345565915 -6.775802255E-05
39.2 0.0003389370933 -2.5420282E-05
39.4 0.0003323025174 -3.011672701E-21
39.6 0.0003256621798 8.480785931E-06
39.8 0.000319016073 -8.484470026E-06
40 0.0003123641895 8.488157323E-06
40.2 0.0003023097826 2.547554348E-05
40.4 0.0002956448456 -1.699108308E-05
40.6 0.0002889741079 -5.949466928E-05
40.8 0.0002856987375 -2.550881585E-05
41 0.0002756152003 -5.081352603E-21
41.2 0.0002723311547 -7.659313725E-05
41.4 0.0002690442459 -6.811246731E-05
41.6 0.0002623473615 -4.258885739E-05
41.8 0.0002590532286 -5.965041449E-05
42 0.0002523461371 -2.5575622E-05
42.2 0.0002456331878 -6.823144105E-05
42.4 0.0002423274356 -5.972859327E-05
42.6 0.0002390187937 -1.707277098E-05
42.8 0.0002357072584 -3.416047223E-05
43 0.0002323928259 -4.271926947E-05
43.2 0.0002324945295 -2.564277899E-05
43.4 0.0002291757881 -1.710267075E-05
43.6 0.0002190100745 8.374536757E-21
43.8 0.0002088354514 8.558829974E-06
44 0.0002020769399 -8.562582201E-06
44.2 0.0001987390351 -3.426535088E-05
44.4 0.0001988262396 -4.285048267E-05
44.6 0.0001954839772 1.71477173E-05
44.8 0.0001921387791 1.715524813E-05
45 0.0001887906415 -2.574417838E-05
45.2 0.0001820054945 -4.292582418E-05
45.4 0.000178649956 -3.435576077E-05
45.6 0.000175291465 -6.014903212E-05
45.8 0.0001684914173 -6.017550616E-05
46 0.0001582452664 -8.600286218E-06
46.2 0.000154873348 3.775506001E-20
46.4 0.0001446121639 1.72157338E-05
46.6 0.000141231261 3.444664903E-05
46.8 0.0001378473754 4.307730481E-05
47 0.0001310127979 8.114398856E-22
47.2 0.0001310706402 -2.58692053E-05
47.4 0.0001207762809 3.450750883E-05
47.6 0.0001104728237 4.315344675E-05
47.8 0.0001139754642 3.453801945E-05
48 0.000110570544 6.910659E-05
48.2 0.0001037057522 4.321073009E-05
48.4 0.0001002932714 1.729194334E-05
48.6 0.0001003376882 8.649800709E-06
48.8 0.0001003821444 1.730726628E-05
49 0.0001004266401 3.462987589E-05
49.2 9.700665188E-05 8.661308204E-06
49.4 9.011756877E-05 1.733030169E-05
49.6 8.322237017E-05 1.733799379E-05
49.8 8.325932504E-05 -1.734569272E-05
50 8.329631275E-05 -3.470679698E-05
50.2 8.333333333E-05 3.115996148E-20
50.4 8.337038684E-05 8.844354028E-21
50.6 9.035809609E-05 4.344139235E-05
50.8 8.344459279E-05 7.822930574E-05
51 8.696015138E-05 3.478406055E-05
51.2 8.00389755E-05 3.479955457E-05
51.4 8.355614973E-05 4.351882799E-05
51.6 8.70764601E-05 5.224587606E-05
51.8 8.711529884E-05 4.355764942E-05
52 8.715417224E-05 -2.614625167E-05
52.2 9.068080357E-05 -8.719308036E-06
52.4 9.072130415E-05 3.465309606E-20
52.6 8.727100089E-05 -6.108970063E-05
52.8 9.080241395E-05 -4.365500671E-05
53 9.084302326E-05 -2.620471825E-05
53.2 8.738814318E-05 3.216341221E-20
53.4 8.043307968E-05 -1.74854521E-05
53.6 7.697044335E-05 -4.373320645E-05
53.8 7.35047043E-05 -6.125392025E-05
54 7.003585836E-05 -8.754482295E-05
54.2 6.656390135E-05 -7.882567265E-05
54.4 6.308882907E-05 -4.381168686E-05
54.6 5.961063734E-05 -3.506508079E-05
54.8 5.612932196E-05 -4.385103278E-05
55 5.264487871E-05 -3.50965858E-05
55.2 4.915730337E-05 -5.266853933E-05
55.4 4.566659173E-05 -4.391018435E-05
55.6 4.217273954E-05 -2.635796221E-05
55.8 4.219171917E-05 -8.789941494E-06
56 3.869315624E-05 2.964708744E-21
56.2 3.519144144E-05 -2.639358108E-05
56.4 3.168657053E-05 -2.640547544E-05
56.6 2.817853922E-05 -2.641738052E-05
56.8 2.114343708E-05 -2.642929635E-05
57 1.762748195E-05 -3.52549639E-05
57.2 1.763544018E-05 -2.645316027E-05
57.4 1.76434056E-05 -1.76434056E-05
57.6 1.765137822E-05 -2.647706733E-05
57.8 1.765935805E-05 -1.765935805E-05
58 1.413387607E-05 -3.533469019E-05
58.2 1.060520362E-05 -5.30260181E-05
58.4 7.073336351E-06 -1.768334088E-05
58.6 7.076539855E-06 -9.109713913E-21
58.8 7.079746262E-06 -3.97855007E-21
59 7.082955576E-06 -8.85369447E-06
59.2 7.0861678E-06 -5.31462585E-05
59.4 3.54469147E-06 -8.861728675E-06
59.6 3.546300499E-06 1.77315025E-05
59.8 7.09582198E-06 -1.773955495E-05
60 3.549522944E-06 -8.87380736E-06
60.2 0 2.807331626E-21
60.4 0 -8.881878126E-06
60.6 0 -3.10882317E-21
60.8 0 8.889963587E-06
61 0 -2.859148286E-20
61.2 0 8.898063781E-06
61.4 0 -5.791867463E-21
61.6 0 -8.906178751E-06
61.8 0 -1.782048358E-05
62 0 -1.782861707E-05
62.2 0 1.783675799E-05
62.4 0 1.784490635E-05
62.6 0 8.926531079E-06
62.8 0 8.930612711E-06
63 0 8.934698079E-06
63.2 0 -8.938787185E-06
63.4 0 -8.942880037E-06
63.6 0 -1.242011356E-20
63.8 0 -3.580430797E-05
64 0 -4.477590555E-05
64.2 0 -8.959288991E-06
64.4 0 1.792680128E-05
64.6 0 4.483758035E-05
64.8 0 3.588654111E-05
65 3.590303309E-06 1.791812369E-20
65.2 7.183908046E-06 4.465282499E-21
65.4 1.078081877E-05 1.557929725E-20
65.6 1.078578003E-05 1.797630005E-05
65.8 1.079074586E-05 -1.798457643E-05
66 1.439428835E-05 -2.698929065E-05
66.2 1.440092166E-05 1.800115207E-05
66.4 1.440756109E-05 -9.00472568E-06
66.6 1.441420664E-05 9.008879151E-06
66.8 1.442085833E-05 4.506518228E-05
67 1.442751616E-05 3.60687904E-05
67.2 1.443418014E-05 2.706408776E-05
67.4 1.444085028E-05 4.712802432E-21
67.6 1.444752658E-05 3.455855421E-21
67.8 1.08406568E-05 -1.806776133E-05
68 7.230448866E-06 -3.615224433E-05
68.2 3.616898148E-06 -2.712673611E-05
68.4 3.618573414E-06 -5.42786012E-05
68.6 3.620250232E-06 -6.335437905E-05
68.8 0 -4.527410756E-05
69 0 -5.435412801E-05
69.2 0 -5.437935035E-05
69.4 0 -3.626973073E-05
69.6 0 -4.535822109E-05
69.8 0 -2.7227579E-05
70 0 -3.632031613E-05
70.2 0 -3.63372093E-05
70.4 0 -1.81770591E-05
70.6 0 -1.818552142E-05
70.8 0 -9.096995808E-06
71 3.640493942E-06 -2.730370457E-05
71.2 3.642191142E-06 -1.821095571E-05
71.4 3.643889925E-06 -1.821944963E-05
71.6 3.645590294E-06 3.465628896E-21
71.8 3.64729225E-06 7.483189328E-21
72 3.648995796E-06 -3.648995796E-05
72.2 3.650700935E-06 -2.738025701E-05
72.4 3.652407667E-06 -9.131019168E-06
72.6 3.654115996E-06 -2.740586997E-05
72.8 3.655825924E-06 -4.569782405E-05
73 3.657537453E-06 -5.48630618E-05
73.2 3.659250585E-06 -4.574063232E-05
73.4 3.660965323E-06 -6.406689316E-05
73.6 7.325363338E-06 -7.325363338E-05
73.8 7.32879925E-06 -4.580499531E-05
74 7.332238386E-06 -4.582648991E-05
74.2 7.335680751E-06 -1.833920188E-05
74.4 7.33912635E-06 7.351008134E-21
74.6 7.342575188E-06 -9.178218985E-06
74.8 7.346027268E-06 -1.836506817E-05
75 7.349482596E-06 -3.674741298E-05
75.2 7.352941176E-06 -4.595588235E-05
75.4 3.678201507E-06 -2.75865113E-05
75.6 3.679934056E-06 -3.679934056E-05
75.8 0 -1.840834119E-05
76 0 -1.841702027E-05
76.2 0 -3.685141509E-05
76.4 0 -3.686880604E-05
76.6 0 -9.221553352E-06
76.8 0 1.335250963E-20
77 0 -3.69210775E-05
77.2 0 -4.617316785E-05
77.4 0 -2.771700568E-05
77.6 0 -9.243374349E-06
77.8 0 -9.247750947E-06
78 0 -9.252131691E-06
78.2 0 -2.776954976E-05
78.4 0 -1.852181128E-05
78.6 3.706119545E-06 -2.779589658E-05
78.8 3.7078785E-06 -4.634848125E-05
79 3.709639126E-06 -7.419278253E-05
79.2 3.711401425E-06 -4.639251781E-05
79.4 3.713165399E-06 9.282913498E-06
79.6 3.714931051E-06 -4.643663814E-05
79.8 3.716698382E-06 -6.504222169E-05
80 3.718467396E-06 -3.718467396E-05
80.2 3.720238095E-06 -2.790178571E-05
80.4 3.722010481E-06 1.861005241E-05
80.6 3.723784557E-06 -1.861892278E-05
80.8 3.725560324E-06 -6.519730567E-05
81 3.727337786E-06 -6.522841126E-05
81.2 3.729116945E-06 -6.525954654E-05
81.4 3.730897803E-06 -3.730897803E-05
81.6 3.732680363E-06 -2.799510272E-05
81.8 3.734464627E-06 -1.867232314E-05
82 7.472501196E-06 -4.670313247E-05
82.2 3.738038278E-06 -3.738038278E-05
82.4 3.739827669E-06 -2.804870752E-05
82.6 3.741618774E-06 -9.354046935E-06
82.8 3.743411596E-06 3.743411596E-05
83 3.745206136E-06 3.745206136E-05
83.2 3.747002398E-06 -9.367505995E-06
83.4 3.748800384E-06 -6.560400672E-05
83.6 3.750600096E-06 -3.324980378E-21
83.8 3.752401537E-06 5.628602305E-05
84 0 1.877102355E-05
84.2 3.756009615E-06 -9.390024038E-06
84.4 3.757816258E-06 -3.757816258E-05
84.6 0 -9.399061598E-06
84.8 0 9.403586904E-06
85 0 1.881623314E-05
85.2 0 1.88253012E-05
85.4 0 1.883437801E-05
85.6 0 6.595212253E-05
85.8 0 6.59839527E-05
86 0 5.65849831E-05
86.2 0 4.717693237E-05
86.4 0 1.887989367E-05
86.6 0 1.888902321E-05
86.8 0 9.449080793E-06
87 0 2.836096321E-05
87.2 0 2.837469734E-05
87.4 0 4.749663493E-21
87.6 0 9.467401842E-06
87.8 0 9.47199321E-06
88 0 9.476589034E-06
88.2 0 9.48118932E-06
88.4 0 1.897158815E-05
88.6 0 2.847120991E-05
88.8 0 1.899003403E-05
89 0 -3.257177335E-21
89.2 0 3.426709792E-21
89.4 3.803554041E-06 1.151314078E-21
89.6 0 -1.902703361E-05
89.8 0 -9.518153021E-06
90 0 9.522793759E-06
90.2 0 8.121563825E-21
90.4 0 9.532088824E-06
90.6 0 -1.907348633E-05
90.8 0 -2.862420616E-05
91 0 2.863819648E-05
91.2 0 2.865220049E-05
91.4 0 -9.555406067E-06
91.6 0 -4.780041605E-05
91.8 0 -2.869429481E-05
92 0 1.91389025E-05
92.2 0 9.574142157E-06
92.4 0 -1.915767533E-05
92.6 0 -1.916707556E-05
92.8 0 1.375808845E-20
93 0 -2.87788556E-05
93.2 0 -2.879299754E-05
93.4 0 2.880715339E-05
93.6 0 3.454773883E-21
93.8 0 -3.844734252E-05
94 0 -1.923313639E-05
94.2 0 -3.848522167E-05
94.4 0 -2.887814194E-05
94.6 0 -9.630793886E-06
94.8 0 -2.890663542E-05
95 0 -9.640301086E-06
95.2 0 9.645061728E-06
95.4 0 -2.894948123E-05
95.6 0 -3.861838853E-05
95.8 0 1.931874382E-05
96 0 -6.185957886E-21
96.2 0 -9.668935644E-06
96.4 0 1.934744923E-05
96.6 0 3.529833926E-20
96.8 0 1.936663361E-05
97 0 5.812872024E-05
97.2 0 3.877171216E-05
97.4 3.879096326E-06 3.879096326E-05
97.6 7.762046696E-06 1.940511674E-05
97.8 7.765904573E-06 7.231299289E-21
98 1.165464943E-05 2.913662357E-05
98.2 1.554726368E-05 -1.94340796E-05
98.4 2.333250373E-05 -2.916562967E-05
98.6 3.112549801E-05 -1.945343625E-05
98.8 3.503363229E-05 -1.946312905E-05
99 3.505109671E-05 9.736415753E-06
99.2 3.896508728E-05 1.948254364E-05
99.4 4.288298403E-05 2.92383982E-05
99.6 4.290439341E-05 -9.750998502E-06
99.8 4.292582418E-05 -9.755869131E-06
100 4.294727636E-05 6.832521239E-05
100.2 4.296875E-05 1.953125E-05
100.4 4.299024512E-05 9.770510255E-06
100.6 4.301176176E-05 1.95508008E-05
100.8 4.694541813E-05 -9.780295443E-06
101 5.088301603E-05 6.552359433E-21
101.2 5.48245614E-05 -1.95802005E-05
101.4 5.877006018E-05 -9.79501003E-06
101.6 5.879954842E-05 8.683836033E-21
101.8 5.882906627E-05 -1.960968876E-05
102 5.493470618E-05 -2.942930688E-05
102.2 5.496231156E-05 4.023882813E-20
102.4 5.49899447E-05 1.963926596E-05
102.6 5.501760563E-05 2.94737173E-05
102.8 5.504529441E-05 2.948855058E-05
103 5.507301108E-05 9.834466264E-06
103.2 5.116498741E-05 -2.951826196E-05
103.4 5.119077621E-05 -4.92219002E-05
103.6 5.121659102E-05 -6.894541099E-05
103.8 5.912588295E-05 -7.88345106E-05
104 5.915572943E-05 -4.929644119E-05
104.2 5.523989899E-05 1.972853535E-05
104.4 5.132011117E-05 1.97385043E-05
104.6 5.134605662E-05 -6.911969161E-05
104.8 5.137202833E-05 -9.879236216E-05
105 5.139802632E-05 -4.942117915E-05
105.2 5.537974684E-05 -1.182294559E-20
105.4 5.540780142E-05 9.894250253E-06
105.6 5.543588444E-05 3.959706031E-05
105.8 5.546399594E-05 -9.90428499E-06
106 6.341958397E-05 -2.972792998E-05
106.2 5.948604061E-05 1.723772095E-20
106.4 5.95162519E-05 -9.919375317E-06
106.6 5.557672764E-05 -2.977324695E-05
106.8 4.766141332E-05 -3.971784443E-05
107 3.97380468E-05 1.98690234E-05
107.2 4.373409669E-05 1.987913486E-05
107.4 4.375636456E-05 2.983388493E-05
107.6 4.377865512E-05 6.964786042E-05
107.8 3.981906218E-05 5.972859327E-05
108 3.983936767E-05 5.97590515E-05
108.2 3.985969388E-05 6.975446429E-05
108.4 4.386804492E-05 4.985005105E-05
108.6 3.990040858E-05 -2.566375131E-20
108.8 3.592871742E-05 -9.980199285E-06
109 2.795884458E-05 -1.997060327E-05
109.2 2.797314578E-05 2.997122762E-05
109.4 2.398925281E-05 6.996865404E-05
109.6 2.000128008E-05 3.000192012E-05
109.8 1.600922131E-05 -1.412920236E-20
110 1.601742696E-05 -2.072192837E-20
110.2 1.201923077E-05 5.008012821E-05
110.4 1.202539764E-05 7.01481529E-05
110.6 8.021047228E-06 4.010523614E-05
110.8 4.012583462E-06 -3.158699091E-20
111 4.014645427E-06 1.003661357E-05
111.2 0 -2.941875227E-20
111.4 0 1.00469393E-05
111.6 4.020844056E-06 3.015633042E-05
111.8 4.022914521E-06 -2.495439835E-20
112 4.02498712E-06 -2.01249356E-05
112.2 4.027061856E-06 -5.03382732E-05
112.4 4.029138731E-06 -3.021854048E-05
112.6 4.03121775E-06 1.007804438E-05
112.8 4.033298916E-06 1.534113027E-20
113 4.035382231E-06 -1.008845558E-05
113.2 4.0374677E-06 -1.009366925E-05
113.4 4.039555326E-06 -3.029666494E-05
113.6 4.041645111E-06 -4.041645111E-05
113.8 4.04373706E-06 -2.02186853E-05
114 0 2.022915588E-05
114.2 4.047927461E-06 3.035945596E-05
114.4 4.05002592E-06 1.329096729E-20
114.6 4.052126556E-06 -2.026063278E-05
114.8 8.108458744E-06 1.013557343E-05
115 8.112668744E-06 2.028167186E-05
115.2 1.217532468E-05 2.029220779E-05
115.4 1.218165281E-05 1.015137734E-05
115.6 1.218798752E-05 -2.031331253E-05
115.8 1.219432882E-05 1.016194069E-05
116 1.626756897E-05 1.016723061E-05
116.2 1.627604167E-05 4.069010417E-05
116.4 1.628452319E-05 1.017782699E-05
116.6 1.629301356E-05 -4.073253389E-05
116.8 1.630151278E-05 3.056533646E-05
117 1.223251566E-05 1.019376305E-05
117.2 1.631853786E-05 1.019908616E-05
117.4 2.040882968E-05 8.16353187E-05
117.6 2.041949817E-05 4.083899634E-05
117.8 1.634414226E-05 1.021508891E-05
118 1.635269492E-05 3.066130298E-05
118.2 2.045157068E-05 3.067735602E-05
118.4 2.046228392E-05 -1.023114196E-05
118.6 1.637840671E-05 -2.047300839E-05
118.8 1.229024646E-05 -2.512558222E-20
119 1.229669465E-05 -1.024724554E-05
119.2 1.230314961E-05 -4.101049869E-05
119.4 1.230961134E-05 -4.103203782E-05
119.6 8.210719916E-06 -6.253703522E-21
119.8 8.215036803E-06 -2.053759201E-05
120 4.109679116E-06 -1.027419779E-05
120.2 4.111842105E-06 4.111842105E-05
120.4 0 -1.028501843E-05
120.6 0 -1.02904373E-05
120.8 0 6.177517132E-05
121 0 8.241033755E-05
121.2 0 7.214709763E-05
121.4 0 3.093651003E-05
121.6 0 -1.031761754E-05
121.8 0 -3.096921247E-05
122 0 1.250993903E-20
122.2 0 5.12495214E-21
122.4 0 -1.033946533E-05
122.6 0 -2.068988347E-05
122.8 0 2.070084791E-05
123 4.142364793E-06 7.249138388E-05
123.2 8.289124668E-06 1.036140584E-05
123.4 1.244028662E-05 1.787352456E-20
123.6 1.244689326E-05 -1.037241105E-05
123.8 1.245350691E-05 -2.075584485E-05
124 1.246012759E-05 -3.115031898E-05
124.2 1.662234043E-05 -1.519493287E-21
124.4 8.315593401E-06 1.039449175E-05
124.6 4.16001065E-06 -5.200013312E-05
124.8 0 -1.040556739E-05
125 0 -1.041111407E-05
125.2 0 -1.041666667E-05
125.4 0 -3.521756666E-22
125.6 0 -1.526953434E-20
125.8 0 2.086672009E-05
126 0 -2.08778728E-05
126.2 0 -3.133355615E-05
126.4 0 -2.090021402E-05
126.6 4.182280514E-06 -1.045570128E-05
126.8 4.184520621E-06 4.184520621E-05
127 4.18676313E-06 7.326835477E-05
127.2 4.189008043E-06 6.283512064E-05
127.4 4.191255365E-06 2.095627682E-05
127.6 4.193505099E-06 -3.145128824E-05
127.8 4.19575725E-06 -4.19575725E-05
128 4.198011822E-06 -1.049502955E-05
128.2 4.200268817E-06 -1.050067204E-05
128.4 8.405056482E-06 -1.05063206E-05
128.6 8.409580194E-06 1.051197524E-05
128.8 8.414108778E-06 1.051763597E-05
129 8.418642241E-06 2.10466056E-05
129.2 4.211590296E-06 1.052897574E-05
129.4 8.42772384E-06 -1.05346548E-05
129.6 8.432271991E-06 2.748322012E-20
129.8 8.436825054E-06 -2.109206263E-05
130 4.220691518E-06 -3.165518639E-05
130.2 4.222972973E-06 -2.111486486E-05
130.4 4.225256896E-06 2.839969222E-20
130.6 4.22754329E-06 3.170657468E-05
130.8 4.22983216E-06 3.17237412E-05
131 4.23212351E-06 -1.058030878E-05
131.2 4.234417344E-06 -3.175813008E-05
131.4 0 -2.118356833E-05
131.6 4.23901248E-06 -1.05975312E-05
131.8 0 2.120656895E-05
132 0 7.615789622E-21
132.2 0 -4.245923913E-05
132.4 0 -3.186174551E-05
132.6 0 -5.313180087E-05
132.8 0 -3.18964344E-05
133 4.255174292E-06 -2.127587146E-05
133.2 1.277247956E-05 1.064373297E-05
133.4 1.703925845E-05 5.324768266E-05
133.6 1.704855428E-05 -2.131069285E-05
133.8 1.705786026E-05 -5.330581332E-05
134 1.28003823E-05 -3.200095576E-05
134.2 8.538251366E-06 -3.201844262E-05
134.4 8.542919628E-06 -5.339324768E-05
134.6 1.28213895E-05 -5.342245624E-05
134.8 1.282840722E-05 1.069033935E-05
135 1.711391019E-05 1.069619387E-05
135.2 1.712328767E-05 1.070205479E-05
135.4 1.713267544E-05 5.353961075E-05
135.6 1.285655513E-05 3.214138782E-05
135.8 1.286361142E-05 4.287870472E-05
136 1.287067545E-05 4.290225151E-05
136.2 8.585164835E-06 1.073145604E-05
136.4 4.294942276E-06 3.221206707E-05
136.6 0 6.445957096E-05
136.8 0 -1.074917446E-05
137 0 -1.075509361E-05
137.2 0 5.380509642E-05
137.4 0 4.306780595E-05
137.6 0 2.154578047E-05
137.8 4.311534216E-06 -1.077883554E-05
138 4.313914964E-06 -3.235436223E-05
138.2 4.316298343E-06 8.836233322E-21
138.4 4.318684356E-06 1.008187348E-20
138.6 4.321073009E-06 -1.080268252E-05
138.8 4.323464305E-06 1.130459314E-20
139 4.32585825E-06 -3.244393688E-05
139.2 4.328254848E-06 -1.082063712E-05
139.4 0 4.665836987E-22
139.6 0 -1.083264004E-05
139.8 0 2.808778469E-20
140 0 -3.253400888E-05
140.2 0 1.085069444E-05
140.4 0 5.428362979E-05
140.6 0 1.086276418E-05
140.8 0 -2.173761825E-05
141 0 -1.08748608E-05
141.2 0 1.963224498E-20
141.4 0 -6.532190635E-05
141.6 0 -5.446528165E-05
141.8 0 -5.449567522E-05
142 0 -6.543132328E-05
142.2 0 -3.273393855E-05
142.4 0 -4.366964785E-05
142.6 0 2.184703579E-05
142.8 0 1.092963067E-05
143 0 -2.187150056E-05
143.2 0 -2.410501207E-20
143.4 4.379204036E-06 -2.189602018E-05
143.6 8.763320247E-06 -2.190830062E-05
143.8 1.31523569E-05 -4.384118967E-05
144 1.754632229E-05 -4.386580573E-05
144.2 1.755617978E-05 -3.291783708E-05
144.4 1.756604834E-05 -3.293634064E-05
144.6 1.757592801E-05 -3.295486502E-05
144.8 1.75858188E-05 -4.396454699E-05
145 1.759572072E-05 -1.099732545E-05
145.2 1.76056338E-05 1.100352113E-05
145.4 1.761555806E-05 4.403889515E-05
145.6 1.762549351E-05 4.406373378E-05
145.8 1.763544018E-05 2.204430023E-05
146 1.764539808E-05 4.41134952E-05
146.2 1.765536723E-05 2.206920904E-05
146.4 1.766534765E-05 1.104084228E-05
146.6 1.767533937E-05 1.10470871E-05
146.8 1.768534239E-05 2.210667799E-05
147 1.769535674E-05 2.211919592E-05
147.2 1.327903683E-05 2.213172805E-05
147.4 8.857709751E-06 5.536068594E-05
147.6 4.431366988E-06 6.647050482E-05
147.8 0 5.54235244E-05
148 0 3.32729983E-05
148.2 0 -2.219460227E-05
148.4 0 -2.220722001E-05
148.6 0 -2.092975001E-20
148.8 0 3.197399694E-21
149 0 -2.224515945E-05
149.2 0 -5.564458689E-05
149.4 0 -3.340578677E-05
149.6 0 -2.228322875E-05
149.8 0 -3.344392123E-05
150 0 -2.230868075E-05
150.2 0 2.232142857E-05
150.4 0 -5.886129437E-21
150.6 0 -2.234696796E-05
150.8 0 1.581443312E-20
151 0 1.118628293E-05
151.2 0 -1.390976358E-20
151.4 0 -4.479644495E-05
151.6 0 -6.723321859E-05
151.8 0 -4.4847876E-05
152 0 1.121840896E-05
152.2 0 1.122485632E-05
152.4 4.492524439E-06 -2.24626222E-05
152.6 8.990218642E-06 -4.495109321E-05
152.8 8.995394358E-06 -2.24884859E-05
153 9.000576037E-06 2.250144009E-05
153.2 4.502881844E-06 3.377161383E-05
153.4 0 1.126369666E-05
153.6 0 -2.254039238E-05
153.8 4.510681293E-06 -1.127670323E-05
154 9.026574235E-06 -1.581636806E-20
154.2 9.031791908E-06 1.128973988E-05
154.4 9.037015616E-06 1.129626952E-05
154.6 9.04224537E-06 -1.130280671E-05
154.8 9.047481181E-06 -1.130935148E-05
155 9.052723059E-06 -8.875940078E-21
155.2 9.057971014E-06 2.264492754E-05
155.4 4.531612529E-06 4.531612529E-05
155.6 0 4.5342426E-05
155.8 0 1.134218931E-05
156 0 -1.100474238E-20
156.2 4.542151163E-06 2.271075581E-05
156.4 9.089586969E-06 -1.138257371E-20
156.6 9.094877765E-06 -1.136859721E-05
156.8 9.100174723E-06 1.13752184E-05
157 9.105477855E-06 3.414554196E-05
157.2 1.366618076E-05 3.41654519E-05
157.4 1.823220537E-05 2.279025671E-05
157.6 2.2803561E-05 2.2803561E-05
157.8 2.738025701E-05 1.140844042E-05
158 3.196230275E-05 2.283021625E-05
158.2 3.65497076E-05 1.142178363E-05
158.4 4.114248098E-05 -3.428540082E-05
158.6 4.574063232E-05 -5.71757904E-05
158.8 5.034417106E-05 2.315472017E-20
159 5.495310668E-05 6.869138335E-05
159.2 5.956744868E-05 5.727639296E-05
159.4 6.418720657E-05 3.380027455E-20
159.6 7.339988256E-05 -1.146873165E-05
159.8 7.803319624E-05 3.442641011E-05
160 7.34861846E-05 3.444664903E-05
160.2 7.352941176E-05 4.595588235E-05
160.4 7.357268982E-05 6.89743967E-05
160.6 7.361601885E-05 3.450750883E-05
160.8 7.365939894E-05 -1.150928108E-05
161 7.370283019E-05 -1.151606722E-05
161.2 7.374631268E-05 -1.152286136E-05
161.4 7.378984652E-05 -2.305932704E-05
161.6 7.383343178E-05 1.153647372E-05
161.8 7.387706856E-05 3.462987589E-05
162 7.392075695E-05 3.465035482E-05
162.2 7.396449704E-05 3.467085799E-05
162.4 7.400828893E-05 2.159558589E-20
162.6 7.40521327E-05 -1.157064573E-05
162.8 7.409602845E-05 1.157750445E-05
163 7.413997628E-05 2.316874259E-05
163.2 7.418397626E-05 9.952212192E-21
163.4 7.42280285E-05 1.159812945E-05
163.6 7.42721331E-05 1.16050208E-05
163.8 7.896105826E-05 3.4835761E-05
164 8.365556217E-05 6.971296847E-05
164.2 8.370535714E-05 8.138020833E-05
164.4 8.375521144E-05 0.0001046940143
164.6 8.380512515E-05 4.655840286E-05
164.8 8.385509839E-05 2.329308289E-05
165 8.390513126E-05 4.661396181E-05
165.2 7.929104478E-05 4.664179104E-05
165.4 7.467144564E-05 8.167189367E-05
165.6 7.47160789E-05 9.339509863E-05
165.8 7.476076555E-05 1.168136962E-05
166 6.545481747E-05 -3.506508079E-05
166.2 6.081586826E-05 1.356556431E-20
166.4 6.085230677E-05 3.924354209E-21
166.6 5.620503597E-05 -1.170938249E-05
166.8 5.623875225E-05 -3.514922016E-05
167 5.6272509E-05 -5.861719688E-05
167.2 5.630630631E-05 -5.86524024E-05
167.4 5.634014423E-05 -5.868765024E-05
167.6 5.637402285E-05 -7.046752856E-05
167.8 5.640794224E-05 -7.05099278E-05
168 5.644190247E-05 -5.87936484E-05
168.2 5.647590361E-05 -4.706325301E-05
168.4 5.650994575E-05 -2.354581073E-05
168.6 5.654402895E-05 1.178000603E-05
168.8 5.657815329E-05 2.357423054E-05
169 5.661231884E-05 1.179423309E-05
169.2 5.664652568E-05 -1.180135952E-05
169.4 5.668077388E-05 1.347647577E-21
169.6 5.198880823E-05 4.726255293E-05
169.8 4.729116223E-05 4.729116223E-05
170 4.258782556E-05 2.365990309E-05
170.2 3.787878788E-05 2.367424242E-05
170.4 3.316403881E-05 1.184429958E-05
170.6 3.318416262E-05 -1.345431442E-20
170.8 3.794778385E-05 1.185868245E-05
171 3.79708384E-05 1.1865887E-05
171.2 2.849544073E-05 -3.561930091E-05
171.4 3.326490268E-05 -7.128193431E-05
171.6 3.804017042E-05 -3.566265977E-05
171.8 4.282125457E-05 -4.757917174E-05
172 4.760816575E-05 -3.570612431E-05
172.2 4.763719512E-05 3.572789634E-05
172.4 5.243288591E-05 2.383312996E-05
172.6 5.246489621E-05 -3.577152015E-05
172.8 5.249694563E-05 -4.772449603E-05
173 5.730440098E-05 -4.775366748E-05
173.2 6.2117737E-05 -3.583715596E-05
173.4 6.215575275E-05 -3.585908813E-05
173.6 6.219381506E-05 -4.78413962E-05
173.8 6.223192402E-05 -2.393535539E-05
174 6.706008584E-05 2.395003066E-05
174.2 6.710122699E-05 3.594708589E-05
174.4 7.193830571E-05 -3.596915285E-05
174.6 7.678132678E-05 -8.397957617E-05
174.8 8.163030117E-05 -4.801782422E-05
175 8.648523985E-05 -2.402367774E-05
175.2 9.134615385E-05 -2.403846154E-05
175.4 9.621305419E-05 1.202663177E-05
175.6 0.0001010859519 4.813616759E-05
175.8 0.0001059648582 1.204146116E-05
176 0.0001108497841 -2.409777915E-05
176.2 0.0001157407407 -1.205632716E-05
176.4 0.0001206377393 -1.206377393E-05
176.6 0.0001255407911 1.207122991E-05
176.8 0.0001256184292 1.207869511E-05
177 0.0001305306312 -1.208616955E-05
177.2 0.0001306114551 1.209365325E-05
177.4 0.0001306923792 1.210114622E-05
177.6 0.0001307734036 1.210864848E-05
177.8 0.0001260080645 -1.211616005E-05
178 0.0001212368094 -4.849472377E-05
178.2 0.0001164596273 -6.06560559E-05
178.4 0.0001116765071 -4.855500311E-05
178.6 0.0001068874378 -3.643889925E-05
178.8 0.0001020924082 -2.430771624E-05
179 9.729140722E-05 -1.21614259E-05
179.2 8.761682243E-05 3.650700935E-05
179.4 7.793017456E-05 4.87063591E-05
179.6 6.823144105E-05 1.21841859E-05
179.8 5.364388265E-05 2.438358302E-05
180 4.391786384E-05 4.879762648E-05
180.2 3.90625E-05 3.662109375E-05
180.4 3.420106316E-05 3.664399625E-05
180.6 2.933354193E-05 4.888923655E-05
180.8 2.445992486E-05 -3.668988729E-05
181 1.95802005E-05 -1.223762531E-05
181.2 1.959247649E-05 4.898119122E-05
181.4 1.470357591E-05 1.225297992E-05
181.6 9.808537351E-06 7.356403013E-05
181.8 4.907349246E-06 0.000110415358
182 0 2.455216845E-05
182.2 0 -2.456761006E-05
182.4 0 -1.229153556E-05
182.6 0 1.229927582E-05
182.8 0 -2.525312641E-20
183 0 -2.462957125E-05
183.2 0 -1.232255521E-05
183.4 0 -2.144016683E-20
183.6 0 2.467624763E-05
183.8 0 4.938369153E-05
184 0 4.941492726E-05
184.2 0 1.236155063E-05
184.4 0 -2.473875871E-05
184.6 0 -1.2377218E-05
184.8 0 -6.031486332E-21
185 0 -1.239292513E-05
185.2 0 1.341057676E-20
185.4 0 -1.240867217E-05
185.6 0 -4.966624285E-05
185.8 0 -3.727337786E-05
186 0 -2.486473584E-05
186.2 0 -4.97611465E-05
186.4 0 -6.224107712E-05
186.6 0 -2.491230867E-05
186.8 0 -4.424186422E-21
187 0 8.76667675E-22
187.2 0 1.248003195E-05
187.4 0 -1.248801151E-05
187.6 0 -1.249600128E-05
187.8 0 -1.250400128E-05
188 0 -2.502402306E-05
188.2 0 1.252003205E-05
188.4 0 2.505612572E-05
188.6 0 3.760831194E-05
188.8 0 1.254415543E-05
189 0 -2.510443445E-05
189.2 0 -7.536173633E-05
189.4 0 -7.541023166E-05
189.6 0 -3.772939472E-05
189.8 0 -5.200265626E-21
190 0 1.73188639E-20
190.2 0 -2.52016129E-05
190.4 0 8.192199602E-21
190.6 0 -3.626958717E-20
190.8 0 1.26252424E-05
191 0 -3.112075073E-22
191.2 0 -3.792475728E-05
191.4 0 -2.529954663E-05
191.6 0 -3.797391445E-05
191.8 0 -3.799854086E-05
192 0 -2.557062525E-20
192.2 0 4.256190913E-20
192.4 0 7.956115188E-21
192.6 5.079648895E-06 -3.023724909E-20
192.8 5.082953806E-06 -2.541476903E-05
193 5.086263021E-06 -3.814697266E-05
193.2 5.089576547E-06 -3.81718241E-05
193.4 5.092894394E-06 -6.366117992E-05
193.6 5.096216569E-06 -0.0001019243314
193.8 5.099543081E-06 -8.924200392E-05
194 0 -6.378592423E-05
194.2 0 -7.659313725E-05
194.4 5.109548725E-06 -6.386935906E-05
194.6 0 -3.834669503E-05
194.8 0 -2.558120498E-05
195 0 2.946276974E-20
195.2 0 -2.303993958E-20
195.4 0 -1.281578084E-05
195.6 0 -1.282419567E-05
195.8 0 -2.56652431E-05
196 0 3.852317554E-05
196.2 0 1.284950658E-05
196.4 0 -2.571593153E-05
196.6 0 1.28664361E-05
196.8 0 -1.28749176E-05
197 0 -1.288341029E-05
197.2 0 2.578382838E-05
197.4 0 1.290042933E-05
197.6 0 -6.683187875E-21
197.8 0 2.013741615E-20
198 0 -2.585208471E-05
198.2 0 -1.293460265E-05
198.4 0 -4.581497503E-21
198.6 0 2.590351459E-05
198.8 0 1.493283795E-20
199 5.187583001E-06 -1.29689575E-05
199.2 5.1910299E-06 -1.072486992E-20
199.4 5.194481383E-06 -1.298620346E-05
199.6 5.197937458E-06 1.872319985E-20
199.8 5.201398136E-06 -5.201398136E-05
200 5.204863424E-06 -9.108510993E-05
200.2 5.208333333E-06 -1.302083333E-05
200.4 5.211807872E-06 2.605903936E-05
200.6 5.215287049E-06 -2.607643525E-05
200.8 5.218770875E-06 -5.218770875E-05
201 5.222259358E-06 -2.611129679E-05
201.2 5.225752508E-06 -1.306438127E-05
201.4 5.229250335E-06 -5.229250335E-05
201.6 1.046550569E-05 -7.84912927E-05
201.8 5.236260054E-06 -3.92719504E-05
202 5.239771965E-06 -6.549714956E-05
202.2 5.243288591E-06 -7.864932886E-05
202.4 0 -3.935107455E-05
202.6 5.250336022E-06 -3.937752016E-05
202.8 5.253866846E-06 -2.626933423E-05
203 5.257402423E-06 1.314350606E-05
203.2 0 3.945707071E-05
203.4 0 -2.058628797E-20
203.6 0 -5.546256019E-20
203.8 0 -1.317898111E-05
204 0 -2.637575962E-05
204.2 0 3.959037162E-05
204.4 0 5.282285328E-05
204.6 0 -1.321464817E-05
204.8 0 1.322359513E-05
205 0 5.29302168E-05
205.2 0 5.815646411E-20
205.4 0 1.91726627E-20
205.6 0 2.651900883E-05
205.8 0 2.653702446E-05
206 0 1.327753229E-05
206.2 0 2.657312925E-05
206.4 5.318243703E-06 -2.659121852E-05
206.6 0 -2.660933243E-05
206.8 0 3.994120654E-05
207 0 -3.996845157E-05
207.2 0 -3.999573379E-05
207.4 0 -1.334101776E-05
207.6 0 -2.670027341E-05
207.8 0 6.601404731E-21
208 0 1.336841205E-05
208.2 0 -1.337756849E-05
208.4 5.354694997E-06 -6.693368746E-05
208.6 1.071673525E-05 -5.358367627E-05
208.8 1.60861359E-05 1.783664289E-20
209 1.609718407E-05 1.341432005E-05
209.2 1.610824742E-05 1.342353952E-05
209.4 1.6119326E-05 1.343277166E-05
209.6 1.613041982E-05 2.800699271E-20
209.8 1.614152893E-05 -1.34512741E-05
210 1.615265334E-05 2.69210889E-05
210.2 1.61637931E-05 2.693965517E-05
210.4 1.617494824E-05 1.347912353E-05
210.6 1.618611878E-05 1.348843232E-05
210.8 1.619730477E-05 -3.439172123E-20
211 1.620850622E-05 2.701417704E-05
211.2 1.621972318E-05 2.703287197E-05
211.4 1.623095568E-05 4.05773892E-05
211.6 1.624220374E-05 2.707033957E-05
211.8 1.625346741E-05 1.354455617E-05
212 1.084316447E-05 2.710791117E-05
212.2 5.425347222E-06 2.712673611E-05
212.4 0 4.071838082E-05
212.6 0 5.432892907E-05
212.8 0 2.718336813E-05
213 0 -2.720229805E-05
213.2 0 -4.083188153E-05
213.4 5.44804742E-06 4.086035565E-05
213.6 0 9.540736218E-05
213.8 0 4.091742318E-05
214 0 -1.08806466E-20
214.2 0 -2.309074961E-20
214.4 0 -3.319020618E-20
214.6 0 -7.159857963E-21
214.8 0 1.368693062E-05
215 0 -7.574951039E-21
215.2 0 -2.74122807E-05
215.4 5.48630618E-06 -1.041782994E-20
215.6 0 4.117621223E-05
215.8 0 2.747011252E-05
216 0 -1.374472203E-05
216.2 0 -4.126320423E-05
216.4 0 -1.376409443E-05
216.6 0 2.754760226E-05
216.8 0 1.378352152E-05
217 0 -2.75865113E-05
217.2 0 -2.760600707E-05
217.4 5.525106082E-06 -1.381276521E-05
217.6 1.105803255E-05 -2.764508139E-05
217.8 1.659879603E-05 -2.766466006E-05
218 2.214741318E-05 -2.768426648E-05
218.2 2.770390071E-05 -1.159838605E-20
218.4 2.772356281E-05 2.772356281E-05
218.6 2.774325284E-05 1.387162642E-05
218.8 3.331556503E-05 -3.149916927E-21
219 3.333926031E-05 7.488113397E-21
219.2 3.336298932E-05 -2.78024911E-05
219.4 3.338675214E-05 -1.391114672E-05
219.6 3.341054882E-05 2.784212402E-05
219.8 3.343437946E-05 2.786198288E-05
220 3.903461813E-05 1.394093505E-05
220.2 4.464285714E-05 -4.185267857E-05
220.4 5.025911365E-05 -1.39608649E-05
220.6 5.588340486E-05 1.787721331E-20
220.8 6.151574803E-05 -1.398085183E-05
221 6.715616046E-05 2.798173352E-05
221.2 7.28046595E-05 -1.400089606E-05
221.4 7.846126255E-05 -4.203281923E-05
221.6 8.412598708E-05 -2.804199569E-05
221.8 8.418642241E-05 -1.850456589E-20
222 8.424694464E-05 4.212347232E-05
222.2 8.430755396E-05 1.405125899E-05
222.4 8.436825054E-05 -2.812275018E-05
222.6 8.442903458E-05 3.149270612E-20
222.8 8.448990627E-05 3.202276455E-20
223 9.018759019E-05 1.672134209E-20
223.2 9.589350181E-05 2.820397112E-05
223.4 9.596278902E-05 4.233652457E-05
223.6 0.000101681128 5.648951555E-05
223.8 0.0001074077424 1.139738716E-20
224 0.0001131426503 -2.828566256E-05
224.2 0.0001188858696 -1.575188564E-20
224.4 0.0001246374184 -1.4163343E-05
224.6 0.0001247278665 -5.669448476E-05
224.8 0.0001304920116 -1.418391431E-05
225 0.0001305868459 2.838844477E-05
225.2 0.0001363636364 1.420454545E-05
225.4 0.0001364628821 -2.84297671E-05
225.6 0.0001365622724 -4.267571012E-05
225.8 0.0001423560496 4.240960609E-21
226 0.0001424598833 -1.424598833E-05
226.2 0.0001425638686 -2.851277372E-05
226.4 0.0001426680058 -1.426680058E-05
226.6 0.0001427722953 -1.427722953E-05
226.8 0.0001428767374 -2.857534748E-05
227 0.0001429813324 -1.429813324E-05
227.2 0.0001430860806 2.861721612E-05
227.4 0.0001431909824 2.863819648E-05
227.6 0.0001432960382 1.599356305E-20
227.8 0.0001434012482 -1.434012482E-05
228 0.0001435066128 1.435066128E-05
228.2 0.0001436121324 2.872242647E-05
228.4 0.0001437178072 -1.437178072E-05
228.6 0.0001438236377 -1.438236377E-05
228.8 0.0001439296242 -2.878592483E-05
229 0.000144035767 -2.880715339E-05
229.2 0.0001441420664 -1.441420664E-05
229.4 0.0001442485229 -2.884970458E-05
229.6 0.0001501293422 -2.887102735E-05
229.8 0.0001560188609 -1.444619083E-05
230 0.0001561343449 -2.891376758E-05
230.2 0.00015625 -4.340277778E-05
230.4 0.0001563658265 -4.343495182E-05
230.6 0.0001622774481 -4.346717359E-05
230.8 0.0001623979213 -4.349944321E-05
231 0.0001741270431 -1.451058692E-05
231.2 0.0001742565056 -1.452137546E-05
231.4 0.0001743861607 -2.906436012E-05
231.6 0.0001686988086 -1.882138003E-22
231.8 0.0001630029806 1.455383756E-05
232 0.0001572986577 -2.912938106E-05
232.2 0.0001632462687 -5.830223881E-05
232.4 0.0001692027633 2.917289022E-05
232.6 0.000163490284 4.379204036E-05
232.8 0.0001636125654 -2.921652954E-05
233 0.0001695827096 1.46191991E-05
233.2 0.0001697097378 7.315074906E-05
233.4 0.0001639805097 4.392335082E-05
233.6 0.0001582426857 1.339502748E-20
233.8 0.0001524962462 -2.93262012E-05
234 0.0001526108189 -1.467411721E-05
234.2 0.0001527255639 -3.859310972E-20
234.4 0.0001528404816 -3.969543325E-20
234.6 0.0001588384789 -3.974530104E-20
234.8 0.0001648455162 1.372173686E-20
235 0.0001649698341 1.243492364E-20
235.2 0.0001650943396 -1.307587275E-20
235.4 0.000171119713 1.47516994E-05
235.6 0.0001712490552 4.428854875E-05
235.8 0.0001654689864 1.477401664E-05
236 0.0001596801665 -1.791418618E-20
236.2 0.0001420454545 -1.479640152E-05
236.4 0.000124384003 -4.442285823E-05
236.6 0.0001126232929 -4.445656297E-05
236.8 0.0001067767654 -5.932042521E-05
237 0.0001009213526 -1.484137538E-05
237.2 8.911596958E-05 2.970532319E-05
237.4 8.323820396E-05 1.486396499E-05
237.6 7.735148515E-05 -1.487528561E-05
237.8 7.145579268E-05 -3.579674838E-21
238 6.555110603E-05 2.979595728E-05
238.2 6.560114504E-05 1.557511121E-20
238.4 6.56512605E-05 4.476222307E-05
238.6 6.57014526E-05 4.479644495E-05
238.8 5.379686305E-05 -2.988714614E-05
239 4.7856049E-05 -1.495501531E-05
239.2 4.789272031E-05 -4.489942529E-05
239.4 4.792944785E-05 -4.493385736E-05
239.6 4.19704528E-05 1.498944743E-05
239.8 3.600230415E-05 9.182392728E-21
240 3.602997694E-05 1.563501539E-20
240.2 3.004807692E-05 1.380439208E-20
240.4 2.40569669E-05 -4.968448513E-20
240.6 2.407550077E-05 -4.514156394E-05
240.8 2.409406322E-05 -6.023515806E-05
241 2.411265432E-05 3.01408179E-05
241.2 2.413127413E-05 1.508204633E-05
241.4 2.414992272E-05 -3.01874034E-05
241.6 2.416860015E-05 -5.879788848E-21
241.8 2.41873065E-05 1.511706656E-05
242 2.420604183E-05 4.538632843E-05
242.2 2.42248062E-05 6.05620155E-05
242.4 2.424359969E-05 3.030449961E-05
242.6 2.426242236E-05 1.516401398E-05
242.8 2.428127428E-05 -1.517579643E-05
243 3.03751944E-05 -4.55627916E-05
243.2 3.647859922E-05 2.220554084E-20
243.4 3.042250779E-05 6.084501558E-05
243.6 3.04462198E-05 4.56693297E-05
243.8 3.656396256E-05 1.52349844E-05
244 3.659250585E-05 1.847815566E-20
244.2 3.662109375E-05 1.525878906E-05
244.4 3.664972635E-05 3.054143862E-05
244.6 3.667840376E-05 1.528266823E-05
244.8 3.058927173E-05 -1.529463587E-05
245 2.449059561E-05 -4.591986677E-05
245.2 1.838235294E-05 -3.06372549E-05
245.4 1.839678179E-05 -3.703844597E-20
245.6 1.841123331E-05 -1.534269442E-05
245.8 1.228380503E-05 -3.070951258E-05
246 1.229346971E-05 2.938388336E-20
246.2 1.230314961E-05 1.537893701E-05
246.4 1.231284476E-05 -9.188124348E-21
246.6 1.232255521E-05 3.080638801E-05
246.8 1.233228098E-05 6.166140489E-05
247 6.171011058E-06 3.085505529E-05
247.2 0 -3.087944664E-05
247.4 0 -1.545193829E-05
247.6 0 3.092834521E-05
247.8 0 1.547642631E-05
248 0 -4.646609833E-05
248.2 0 -3.100198413E-05
248.4 0 -3.423648971E-20
248.6 0 -3.105127186E-05
248.8 0 -2.913628439E-20
249 0 6.220143312E-05
249.2 0 7.781374502E-05
249.4 0 4.672547847E-05
249.6 0 3.117517957E-05
249.8 0 3.120007987E-05
250 0 1.561250999E-05
250.2 0 -2.946408426E-20
250.4 0 -4.691253002E-05
250.6 0 -3.130008013E-05
250.8 0 6.265036087E-05
251 0 7.837580257E-05
251.2 0 7.843875502E-05
251.4 0 4.710108521E-05
251.6 0 4.713897828E-05
251.8 0 6.290257649E-05
252 0 -3.535933724E-20
252.2 0 6.869081708E-22
252.4 0 3.152744149E-05
252.6 0 4.732936187E-05
252.8 0 4.736762328E-05
253 0 3.16039644E-05
253.2 0 7.907388664E-05
253.4 0 1.582759319E-05
253.6 0 -3.168085969E-05
253.8 0 4.755986201E-05
254 0 4.759849716E-05
254.2 0 -1.587906504E-05
254.4 0 -6.356794142E-05
254.6 0 -3.180985342E-05
254.8 0 3.183577832E-05
255 0 3.186174551E-05
255.2 0 -3.18877551E-05
255.4 6.382761438E-06 -4.787071078E-05
255.6 6.387980376E-06 -4.790985282E-05
255.8 1.278641571E-05 -6.393207856E-05
256 1.27968878E-05 -7.998054873E-05
256.2 1.280737705E-05 -6.403688525E-05
256.4 1.281788351E-05 3.66487555E-20
256.6 1.282840722E-05 3.207101806E-05
256.8 1.283894823E-05 1.604868529E-05
257 1.284950658E-05 -4.752862446E-21
257.2 1.28600823E-05 -3.215020576E-05
257.4 1.287067545E-05 -6.435337727E-05
257.6 1.288128607E-05 -6.440643034E-05
257.8 1.289191419E-05 -4.834467822E-05
258 1.290255987E-05 -1.612819983E-05
258.2 1.291322314E-05 -4.842458678E-05
258.4 1.292390405E-05 -4.84646402E-05
258.6 1.293460265E-05 4.93670482E-20
258.8 1.294531897E-05 1.618164872E-05
259 1.295605307E-05 -3.239013267E-05
259.2 1.296680498E-05 -3.241701245E-05
259.4 1.297757475E-05 -1.622196844E-05
259.6 1.298836243E-05 -6.494181214E-05
259.8 1.299916805E-05 -1.624896007E-05
260 6.504995837E-06 -1.626248959E-05
260.2 6.510416667E-06 -1.627604167E-05
260.4 0 4.886884904E-05
260.6 0 1.630321369E-05
260.8 0 -3.26336675E-05
261 0 2.523419987E-21
261.2 0 4.903242678E-05
261.4 0 4.907349246E-05
261.6 0 3.274308466E-05
261.8 0 3.277055369E-05
262 0 1.781222573E-20
262.2 0 1.641281513E-05
262.4 0 4.927985702E-05
262.6 0 4.415324062E-20
262.8 0 2.25586177E-20
263 0 -2.455769527E-20
263.2 0 -4.944620253E-05
263.4 0 -4.948796453E-05
263.6 0 -1.650993238E-05
263.8 0 3.304780034E-05
264 0 3.307578323E-05
264.2 0 3.982012987E-20
264.4 0 -1.656594572E-05
264.6 0 2.60532279E-20
264.8 0 3.318819031E-05
265 0 1.660820578E-05
265.2 0 -1.662234043E-05
265.4 0 -1.983982602E-20
265.6 0 1.444723943E-20
265.8 0 -8.332444539E-05
266 0 -0.0001167538429
266.2 0 -5.008012821E-05
266.4 0 1.670765612E-05
266.6 0 1.672196062E-05
266.8 0 1.673628963E-05
267 0 -1.888915157E-20
267.2 0 -1.676502146E-05
267.4 0 1.67794244E-05
267.6 0 6.717540843E-05
267.8 0 8.404152324E-05
268 0 3.364556417E-05
268.2 0 -3.367456897E-05
268.4 0 -6.740724763E-05
268.6 0 -1.686636442E-05
268.8 0 -2.68515271E-20
269 0 -1.689554498E-05
269.2 0 -6.308360307E-20
269.4 0 1.692482669E-05
269.6 0 -9.915002675E-21
269.8 0 -1.695421007E-05
270 0 1.696894005E-05
270.2 0 3.39673913E-05
270.4 0 1.699847694E-05
270.6 0 3.402656794E-05
270.8 0 3.405623365E-05
271 0 -6.817190227E-05
271.2 6.823144105E-06 -0.0001023471616
271.4 1.365821678E-05 -1.707277098E-05
271.6 6.835083115E-06 3.417541557E-05
271.8 0 1.710267075E-05
272 0 1.711765995E-05
272.2 0 3.426535088E-05
272.4 0 1.671628392E-20
272.6 6.865114236E-06 -1.716278559E-05
272.8 6.871152155E-06 -5.153364116E-05
273 1.375440141E-05 -8.59650088E-05
273.2 1.376651982E-05 -5.162444934E-05
273.4 1.377865961E-05 -3.444664903E-05
273.6 1.379082083E-05 -3.447705207E-05
273.8 1.380300353E-05 -3.450750883E-05
274 1.381520778E-05 -1.726900973E-05
274.2 1.382743363E-05 -3.084191288E-20
274.4 6.919840567E-06 3.459920283E-05
274.6 6.925975177E-06 5.194481383E-05
274.8 0 -1.733030169E-05
275 0 -1.734569272E-05
275.2 0 3.472222222E-05
275.4 0 5.212967082E-05
275.6 0 6.95681211E-05
275.8 0 6.963012478E-05
276 0 5.22691793E-05
276.2 0 3.487723214E-05
276.4 0 3.490840036E-05
276.6 0 3.493962433E-05
276.8 0 1.74854521E-05
277 0 1.750112007E-05
277.2 0 -1.751681614E-05
277.4 0 -5.259762118E-05
277.6 0 -1.75482929E-05
277.8 0 -3.512814748E-05
278 0 -3.515976598E-05
278.2 0 1.765051711E-20
278.4 0 3.522317403E-05
278.6 0 8.813740975E-05
278.8 0 7.05736224E-05
279 0 1.765935805E-05
279.2 0 -1.767533937E-05
279.4 0 -3.538269928E-05
279.6 0 -1.770738894E-05
279.8 0 1.772345735E-05
280 0 5.321866485E-05
280.2 0 1.775568182E-05
280.4 0 -3.554367607E-05
280.6 0 2.598482656E-20
280.8 0 2.496882983E-20
281 0 1.782048358E-05
281.2 0 5.351027397E-05
281.4 0 1.785306216E-05
281.6 7.147758463E-06 -5.360818847E-05
281.8 7.154304029E-06 -5.365728022E-05
282 2.148258478E-05 3.580430797E-05
282.2 2.866972477E-05 -1.791857798E-05
282.4 2.152203857E-05 -7.174012856E-05
282.6 1.436121324E-05 -1.795151654E-05
282.8 1.437442502E-05 -3.593606256E-05
283 1.438766114E-05 -3.596915285E-05
283.2 1.440092166E-05 -1.800115207E-05
283.4 1.441420664E-05 3.195722408E-20
283.6 7.213758079E-06 1.80343952E-05
283.8 7.220425139E-06 1.805106285E-05
284 0 1.658489861E-21
284.2 0 2.638898675E-20
284.4 0 -1.204096215E-21
284.6 0 -1.216417188E-21
284.8 7.253946147E-06 1.813486537E-05
285 7.260687732E-06 -2.46573539E-20
285.2 1.453488372E-05 -1.816860465E-05
285.4 1.454841713E-05 -3.637104283E-05
285.6 1.456197577E-05 -3.640493942E-05
285.8 1.45755597E-05 -3.643889925E-05
286 1.4589169E-05 -4.493830117E-20
286.2 1.460280374E-05 -1.825350467E-05
286.4 1.461646399E-05 -3.654115996E-05
286.6 1.463014981E-05 -3.657537453E-05
286.8 1.464386129E-05 -9.152413308E-05
287 1.46575985E-05 -9.160999062E-05
287.2 1.46713615E-05 -5.501760563E-05
287.4 1.468515038E-05 -3.671287594E-05
287.6 1.469896519E-05 -3.674741298E-05
287.8 1.471280603E-05 2.228916596E-20
288 7.363336475E-06 3.681668238E-05
288.2 7.370283019E-06 3.685141509E-05
288.4 0 -8.664529651E-23
288.6 0 -1.846053875E-05
288.8 0 -1.807845873E-20
289 0 -1.560344973E-22
289.2 0 -1.851303318E-05
289.4 0 -3.706119545E-05
289.6 0 -3.709639126E-05
289.8 0 1.14594258E-20
290 0 1.858349191E-05
290.2 0 -3.720238095E-05
290.4 0 -5.585676835E-05
290.6 0 -1.863668893E-05
290.8 0 3.641100825E-20
291 0 6.646130751E-20
291.2 0 -1.869019139E-05
291.4 0 -3.741618774E-05
291.6 0 1.249110942E-20
291.8 0 1.874400192E-05
292 0 1.876200768E-05
292.2 0 1.285865314E-21
292.4 0 3.759624639E-05
292.6 0 9.40811657E-05
292.8 0 3.766875603E-05
293 0 1.885255792E-05
293.2 0 1.887077295E-05
293.4 0 -3.777804642E-05
293.6 0 -3.781461762E-05
293.8 0 5.688005389E-21
294 0 -5.683195926E-05
294.2 0 -1.896237864E-05
294.4 0 3.796161322E-05
294.6 0 1.899927043E-05
294.8 0 1.90177702E-05
295 0 -1.903630604E-05
295.2 0 -1.905487805E-05
295.4 0 8.238612401E-21
295.6 0 5.727639296E-05
295.8 0 5.73324364E-05
296 0 1.912952987E-05
296.2 0 7.659313725E-05
296.4 0 7.666830226E-05
296.6 0 1.918590373E-05
296.8 0 3.840953786E-05
297 0 3.844734252E-05
297.2 0 -5.772783251E-05
297.4 0 -1.926158777E-05
297.6 0 3.845553914E-20
297.8 0 -3.85993083E-05
298 0 1.931874382E-05
298.2 0 6.83154982E-20
298.4 0 -3.871407334E-05
298.6 0 -3.875248016E-05
298.8 0 -1.939548163E-05
299 0 3.294804916E-21
299.2 0 5.830223881E-05
299.4 0 3.890687251E-05
299.6 0 -5.841849452E-05
299.8 0 7.969930699E-22
300 0 1.432106665E-20
300.2 0 -9.765625E-05
300.4 0 -9.7754004E-05
300.6 0 -3.914078156E-05
300.8 0 -1.959002006E-05
301 0 -3.921937751E-05
301.2 0 -4.945483811E-20
301.4 0 1.964914487E-05
301.6 0 -1.966893253E-05
301.8 0 7.823929696E-21
302 0 -1.970862765E-05
302.2 0 -3.945707071E-05
302.4 0 7.209139867E-21
302.6 0 3.123928435E-20
302.8 0 1.978850051E-05
303 0 1.980856998E-05
303.2 0 -1.710962637E-20
303.4 0 3.96976626E-05
303.6 0 5.960707019E-05
303.8 0 6.321063145E-21
304 0 -3.981906218E-05
304.2 0 4.975007044E-20
304.4 0 4.054556737E-21
304.6 0 -3.994120654E-05
304.8 0 -1.999104401E-05
305 0 2.001152664E-05
305.2 0 2.003205128E-05
305.4 0 4.010523614E-05
305.6 0 4.014645427E-05
305.8 0 -2.00938786E-05
306 0 -1.673410921E-20
306.2 0 -1.994343689E-20
306.4 0 -2.015608875E-05
306.6 0 -3.889763693E-20
306.8 0 -4.136745905E-20
307 8.08747412E-06 -1.382229488E-19
307.2 8.095854922E-06 -2.023963731E-05
307.4 8.104253112E-06 -2.026063278E-05
307.6 8.112668744E-06 2.028167186E-05
307.8 0 -2.030275468E-05
308 8.129552549E-06 -4.064776275E-05
308.2 0 5.780790485E-20
308.4 0 4.073253389E-05
308.6 0 2.03875261E-05
308.8 0 2.040882968E-05
309 0 -2.043017782E-05
309.2 0 -4.090314136E-05
309.4 0 8.189203354E-05
309.6 0 8.197796432E-05
309.8 0 4.379023865E-20
310 0 4.107518402E-05
310.2 0 8.223684211E-05
310.4 0 4.116174921E-05
310.6 0 2.189857899E-20
310.8 8.249736008E-06 2.168728479E-20
311 1.651691332E-05 2.064614165E-05
311.2 2.48015873E-05 -2.066798942E-05
311.4 2.482786017E-05 -2.068988347E-05
311.6 2.485418876E-05 6.538834348E-20
311.8 2.488057325E-05 6.20932044E-20
312 2.490701382E-05 -4.151168969E-05
312.2 2.493351064E-05 -4.155585106E-05
312.4 2.49600639E-05 5.163139817E-20
312.6 2.498667377E-05 4.164445629E-05
312.8 2.501334045E-05 0.0001042222519
313 2.50400641E-05 6.260016026E-05
313.2 2.506684492E-05 -2.088903743E-05
313.4 2.509368308E-05 2.091140257E-05
313.6 2.512057878E-05 2.093381565E-05
313.8 2.514753219E-05 -4.191255365E-05
314 2.51745435E-05 -4.19575725E-05
314.2 2.52016129E-05 -4.200268817E-05
314.4 2.522874058E-05 -2.102395048E-05
314.6 2.525592672E-05 -2.10466056E-05
314.8 2.528317152E-05 -2.10693096E-05
315 2.531047516E-05 -2.109206263E-05
315.2 1.689189189E-05 -2.111486486E-05
315.4 8.45508658E-06 4.22754329E-05
315.6 0 4.23212351E-05
315.8 0 -4.236713666E-05
316 0 2.120656895E-05
316.2 0 6.36888587E-05
316.4 0 2.125272035E-05
316.6 0 -4.255174292E-05
316.8 0 1.156775925E-20
317 0 2.132232533E-05
317.2 0 4.69038199E-20
317.4 0 7.336970786E-20
317.6 0 1.556890504E-20
317.8 0 -4.28316886E-05
318 0 -2.143935236E-05
318.2 0 4.292582418E-05
318.4 0 -4.29730473E-05
318.6 0 2.151018722E-05
318.8 0 0.0001076695149
319 0 6.467301325E-05
319.2 0 -6.5045714E-21
319.4 0 5.610366792E-20
319.6 0 -4.32585825E-05
319.8 0 -2.165327051E-05
320 0 6.503190899E-05
320.2 0 6.510416667E-05
320.4 0 4.328606391E-21
320.6 0 -2.17497216E-05
320.8 0 -2.177396878E-05
321 0 -2.179827009E-05
321.2 0 -2.18226257E-05
321.4 0 -6.554110738E-05
321.6 0 -2.187150056E-05
321.8 0 -2.189602018E-05
322 0 -4.384118967E-05
322.2 0 4.131869587E-20
322.4 0 -4.393982002E-05
322.6 0 -6.59839527E-05
322.8 0 -4.403889515E-05
323 0 5.882180259E-20
323.2 0 2.206920904E-05
323.4 0 -2.209417421E-05
323.6 0 -4.423839185E-05
323.8 0 -4.428854875E-05
324 0 -3.764771827E-21
324.2 0 2.66886988E-20
324.4 0 -4.443970421E-05
324.6 0 -4.449031891E-05
324.8 0 -2.227052452E-05
325 0 -8.506460961E-20
325.2 0 -3.940642919E-20
325.4 0 4.469393593E-05
325.6 0 4.474513173E-05
325.8 0 4.479644495E-05
326 0 8.969575201E-05
326.2 0 4.489942529E-05
326.4 8.990218642E-06 2.247554661E-05
326.6 1.800115207E-05 6.750432028E-05
326.8 1.802191465E-05 9.010957324E-05
327 1.804272517E-05 6.76602194E-05
327.2 1.806358382E-05 4.515895954E-05
327.4 1.808449074E-05 2.260561343E-05
327.6 1.810544612E-05 2.263180765E-05
327.8 9.063225058E-06 6.797418794E-05
328 0 2.268437863E-05
328.2 9.084302326E-06 -2.271075581E-05
328.4 9.094877765E-06 2.273719441E-05
328.6 0 0.0001138184732
328.8 0 0.0001367415403
329 0 9.126752336E-05
329.2 0 0.0001370614035
329.4 0 0.000137221897
329.6 0 6.869138335E-05
329.8 0 4.584800469E-05
330 0 -1.0808914E-20
330.2 0 -2.297794118E-05
330.4 0 2.300500589E-05
330.6 0 4.606426887E-05
330.8 0 6.917798111E-05
331 9.23463357E-06 0.0001154329196
331.2 1.849112426E-05 -1.010336551E-20
331.4 2.776954976E-05 -2.314129147E-05
331.6 2.78024911E-05 9.267497034E-05
331.8 2.783551069E-05 9.278503563E-05
332 3.715814507E-05 -2.498677415E-20
332.2 4.650297619E-05 -4.650297619E-05
332.4 4.655840286E-05 2.327920143E-05
332.6 4.661396181E-05 -2.330698091E-05
332.8 5.600358423E-05 -7.000448029E-05
333 6.541566986E-05 -7.00882177E-05
333.2 7.48502994E-05 -4.678143713E-05
333.4 8.430755396E-05 -7.025629496E-05
333.6 9.378751501E-05 -0.0001172343938
333.8 0.0001032902644 -9.390024038E-05
334 0.0001034145608 -7.05099278E-05
334.2 0.0001129518072 -7.059487952E-05
334.4 0.0001225120627 -0.0001178000603
334.6 0.0001415307971 -0.0001179423309
334.8 0.0001511487304 -9.446795647E-05
335 0.0001607899516 -7.093674334E-05
335.2 0.0001704545455 -7.102272727E-05
335.4 0.0001801425971 -4.74059466E-05
335.6 0.000189854192 -2.3731774E-05
335.8 0.0001995894161 -0.0001425638686
336 0.0002093483557 -0.0001427375152
336.2 0.0002000762195 -7.145579268E-05
336.4 0.0001907814408 -9.539072039E-05
336.6 0.0002005654034 -4.775366748E-05
336.8 0.000210373317 6.830851652E-21
337 0.0002202052696 3.460330287E-20
337.2 0.0002300613497 9.99211161E-21
337.4 0.0002303439803 -2.567616699E-20
337.6 0.0002306273063 -2.402367774E-05
337.8 0.00023091133 1.198156535E-20
338 0.0002311960543 2.408292232E-05
338.2 0.0002314814815 -2.411265432E-05
338.4 0.0002317676143 -4.828491965E-05
338.6 0.0002320544554 -4.834467822E-05
338.8 0.0002323420074 -2.420229244E-05
339 0.000232630273 -2.42323201E-05
339.2 0.0002329192547 -2.426242236E-05
339.4 0.0002234919154 2.42925995E-05
339.6 0.0002237702366 2.432285181E-05
339.8 0.0002240492519 -2.435317955E-05
340 0.0002243289638 -2.291017181E-20
340.2 0.00021484375 9.765625E-05
340.4 0.0001955569462 9.777847309E-05
340.6 0.0001762218045 4.895050125E-05
340.8 0.000156838143 -2.194368176E-20
341 0.0001472204774 2.591249937E-21
341.2 0.0001375786164 7.370283019E-05
341.4 0.0001279124685 2.459855164E-05
341.6 0.000118221942 2.462957125E-05
341.8 0.0001183712121 4.932133838E-05
342 0.0001185208597 2.771028604E-20
342.2 0.0001186708861 4.944620253E-05
342.4 0.0001089195184 7.426330798E-05
342.6 9.914340102E-05 4.957170051E-05
342.8 8.934243964E-05 4.963468869E-05
343 7.951653944E-05 2.484891858E-05
343.2 5.97133758E-05 4.97611465E-05
343.4 4.982461735E-05 7.473692602E-05
343.6 3.991060026E-05 2.494412516E-05
343.8 3.996163683E-05 -1.328371599E-20
344 3.000960307E-05 2.500800256E-05
344.2 3.004807692E-05 5.008012821E-05
344.4 3.008664955E-05 5.014441592E-05
344.6 3.012532134E-05 7.531330334E-05
344.8 3.016409266E-05 2.513674389E-05
345 3.020296392E-05 -2.51691366E-05
345.2 3.024193548E-05 -2.52016129E-05
345.4 3.028100775E-05 -7.570251938E-05
345.6 3.032018111E-05 -5.053363519E-05
345.8 3.035945596E-05 2.529954663E-05
346 3.039883268E-05 -7.198649438E-20
346.2 3.043831169E-05 -7.609577922E-05
346.4 3.047789337E-05 -7.619473342E-05
346.6 3.051757812E-05 -5.086263021E-05
346.8 3.055736636E-05 -2.546447197E-05
347 3.059725849E-05 -5.099543081E-05
347.2 3.06372549E-05 -5.10620915E-05
347.4 2.045157068E-05 3.324472546E-20
347.6 1.023918742E-05 -2.352625029E-20
347.8 0 2.563156168E-05
348 0 5.13304862E-05
348.2 0 4.279929539E-20
348.4 0 -7.71986166E-05
348.6 0 -0.0001030672823
348.8 0 -0.0001032034346
349 0 -7.750496032E-05
349.2 0 -7.760761589E-05
349.4 0 -2.590351459E-05
349.6 0 5.187583001E-05
349.8 0 2.597240691E-05
350 0 -2.600699068E-05
350.2 0 -2.604166667E-05
350.4 0 -8.547174579E-21
350.6 0 -2.755403285E-20
350.8 0 8.520607387E-21
351 0 2.908004587E-22
351.2 0 1.270048295E-20
351.4 0 2.088563485E-20
351.6 0 -4.816349936E-21
351.8 0 2.632243935E-05
352 0 5.271592443E-05
352.2 0 5.278716216E-05
352.4 0 5.285859269E-05
352.6 0 2.64651084E-05
352.8 0 2.650101764E-05
353 0 5.307404891E-05
353.2 0 -2.657312925E-05
353.4 0 -2.660933243E-05
353.6 0 5.329126876E-05
353.8 0 2.668203552E-05
354 0 -2.671853625E-05
354.2 0 -5.351027397E-05
354.4 0 -2.679183813E-05
354.6 0 2.682864011E-05
354.8 0 6.750788418E-21
355 0 -5.380509642E-05
355.2 0 -6.032960943E-20
355.4 0 -2.614671412E-20
355.6 0 -2.701417704E-05
355.8 0 -5.981630059E-20
356 0 2.708911234E-05
356.2 0 -6.450308046E-20
356.4 0 -1.509121852E-20
356.6 0 -2.951639253E-20
356.8 0 -2.72402371E-05
357 0 -4.149199883E-20
357.2 0 -2.731643357E-05
357.4 0 -2.735469188E-05
357.6 0 5.334531656E-20
357.8 0 2.74315309E-05
358 0 2.747011252E-05
358.2 0 -2.750880282E-05
358.4 0 -3.394568967E-20
358.6 0 2.75865113E-05
358.8 0 -2.762553041E-05
359 0 -5.532932011E-05
359.2 0 -5.540780142E-05
359.4 0 -3.381959434E-20
359.6 0 2.778271693E-05
359.8 0 2.782229345E-05
360 0 2.786198288E-05
360.2 0 5.580357143E-05
360.4 0 2.794170243E-05
360.6 0 -2.798173352E-05
360.8 0 2.802187948E-05
361 0 2.80621408E-05
361.2 0 -2.810251799E-05
361.4 0 -2.397466645E-20
361.6 0 2.818362193E-05
361.8 0 2.822434971E-05
362 0 2.826519537E-05
362.2 0 -2.830615942E-05
362.4 0 -5.669448476E-05
362.6 0 -5.677688953E-05
362.8 0 -2.84297671E-05
363 0 2.847120991E-05
363.2 0 5.702554745E-05
363.4 0 5.710891813E-05
363.6 0 -1.168312386E-20
363.8 0 -5.727639296E-05
364 0 1.969098008E-21
364.2 0 5.744485294E-05
364.4 0 2.876472754E-05
364.6 0 -2.880715339E-05
364.8 0 -2.879597836E-20
365 0 5.778476331E-05
365.2 0 7.880665075E-21
365.4 0 -5.795623145E-05
365.6 0 -4.794842448E-20
365.8 0 5.812872024E-05
366 0 2.910767511E-05
366.2 0 -8.745335821E-05
366.4 0 -8.758408072E-05
366.6 0 2.92383982E-05
366.8 0 2.928223388E-05
367 0 -5.682212232E-20
367.2 0 -2.937030075E-05
367.4 0 -2.941453313E-05
367.6 0 3.389957091E-20
367.8 0 2.950339879E-05
368 0 2.954803328E-05
368.2 1.183712121E-05 -2.959280303E-05
368.4 2.371016692E-05 -5.92754173E-05
368.6 2.374620061E-05 -5.936550152E-05
368.8 2.378234399E-05 -5.945585997E-05
369 2.381859756E-05 -5.95464939E-05
369.2 3.578244275E-05 8.990843926E-21
369.4 3.583715596E-05 2.986429664E-05
369.6 3.589203675E-05 2.051444289E-20
369.8 3.594708589E-05 2.995590491E-05
370 3.600230415E-05 3.000192012E-05
370.2 4.807692308E-05 3.004807692E-05
370.4 3.611325116E-05 -3.009437596E-05
370.6 6.02816358E-05 -6.02816358E-05
370.8 6.03748068E-05 -2.454250433E-21
371 7.25619195E-05 6.046826625E-05
371.2 8.478682171E-05 6.05620155E-05
371.4 8.491847826E-05 -3.032802795E-05
371.6 9.720062208E-05 3.03751944E-05
371.8 9.735202492E-05 9.126752336E-05
372 9.750390016E-05 6.09399376E-05
372.2 9.765625E-05 3.051757812E-05
372.4 9.780907668E-05 3.056533646E-05
372.6 8.571708464E-05 3.061324451E-05
372.8 9.811616954E-05 4.627961253E-20
373 9.827044025E-05 -3.070951258E-05
373.2 0.0001107283465 -3.849057738E-20
373.4 0.0001109029968 4.431686582E-21
373.6 0.0001110781991 -6.171011058E-05
373.8 0.0001112539557 -3.090387658E-05
374 0.0001114302694 -2.984317297E-20
374.2 0.0001116071429 -3.100198413E-05
374.4 0.0001117845787 -6.210254372E-05
374.6 0.0001119625796 -6.220143312E-05
374.8 0.0001121411483 -9.345095694E-05
375 0.0001123202875 -3.120007987E-05
375.2 0.0001 -2.360251247E-20
375.4 8.764022436E-05 -3.130008013E-05
375.6 7.524077047E-05 -8.285310971E-20
375.8 7.536173633E-05 -6.956574567E-21
376 7.548309179E-05 9.435386473E-05
376.2 7.560483871E-05 9.450604839E-05
376.4 7.5726979E-05 9.465872375E-05
376.6 7.584951456E-05 0.0001896237864
376.8 7.597244733E-05 0.0001266207455
377 7.609577922E-05 -1.216829259E-20
377.2 7.62195122E-05 -1.335240825E-20
377.4 7.634364821E-05 6.361970684E-05
377.6 7.646818923E-05 3.186174551E-05
377.8 7.659313725E-05 3.191380719E-05
378 7.671849427E-05 9.589811784E-05
378.2 7.68442623E-05 0.0001600922131
378.4 7.697044335E-05 6.414203612E-05
378.6 7.709703947E-05 3.212376645E-05
378.8 7.722405272E-05 9.65300659E-05
379 9.024339934E-05 3.222978548E-05
379.2 9.039256198E-05 1.392824594E-21
379.4 0.0001034768212 6.467301325E-05
379.6 9.069237148E-05 0.0001619506633
379.8 7.78654485E-05 9.733181063E-05
380 6.499584027E-05 3.249792013E-05
380.2 5.208333333E-05 -4.743059103E-20
380.4 3.912771285E-05 -9.781928214E-05
380.6 5.225752508E-05 -3.266095318E-05
380.8 3.925879397E-05 3.271566164E-05
381 5.243288591E-05 -6.554110738E-05
381.2 5.25210084E-05 -9.847689076E-05
381.4 5.260942761E-05 -9.864267677E-05
381.6 5.269814503E-05 -9.880902192E-05
381.8 5.278716216E-05 -9.897592905E-05
382 3.965736041E-05 -9.914340102E-05
382.2 5.296610169E-05 -0.0001324152542
382.4 6.632003396E-05 -0.0001326400679
382.6 7.971938776E-05 -9.964923469E-05
382.8 9.316439523E-05 -0.0001330919932
383 0.0001066552901 -9.998933447E-05
383.2 0.0001068376068 -3.338675214E-05
383.4 9.364297945E-05 2.072888935E-20
383.6 8.040308748E-05 -0.0001340051458
383.8 8.054123711E-05 -0.0001342353952
384 8.067986231E-05 -3.361660929E-05
384.2 8.081896552E-05 -7.100572889E-20
384.4 8.095854922E-05 -3.373272884E-05
384.6 8.109861592E-05 -6.758217993E-05
384.8 8.123916811E-05 -3.384965338E-05
385 8.138020833E-05 -6.781684028E-05
385.2 8.152173913E-05 -1.521331122E-20
385.4 8.166376307E-05 -3.0288964E-20
385.6 8.180628272E-05 -3.611788872E-20
385.8 8.19493007E-05 3.414554196E-05
386 9.577495622E-05 3.420534151E-05
386.2 8.223684211E-05 -3.426535088E-05
386.4 8.238137083E-05 -6.865114236E-05
386.6 6.877200704E-05 1.379585966E-20
386.8 5.511463845E-05 -7.673319395E-21
387 2.760600707E-05 1.854743759E-20
387.2 2.765486726E-05 -3.456858407E-05
387.4 1.385195035E-05 2.797032774E-20
387.6 0 1.388284364E-20
387.8 1.390124555E-05 -3.475311388E-05
388 1.392602496E-05 3.481506239E-05
388.2 0 4.164213493E-21
388.4 1.397584973E-05 -3.493962433E-05
388.6 0 -5.302427922E-21
388.8 0 -3.506508079E-05
389 0 -3.653406668E-20
389.2 0 4.73707251E-20
389.4 0 -3.52549639E-05
389.6 0 3.531871609E-05
389.8 0 6.311368828E-20
390 0 -7.08938294E-05
390.2 0 -3.551136364E-05
390.4 0 1.442969464E-20
390.6 0 3.316116656E-20
390.8 0 7.047959752E-21
391 0 -2.727286224E-20
391.2 0 -1.737826767E-20
391.4 0 -1.980017532E-20
391.6 0 1.122338462E-20
391.8 0 -6.596305647E-20
392 0 -3.695923179E-20
392.2 0 3.616898148E-05
392.4 0 7.235067795E-20
392.6 0 -3.630343866E-05
392.8 0 -3.156841412E-20
393 0 -8.814860469E-20
393.2 0 -1.057336514E-19
393.4 0 -2.250218261E-20
393.6 0 -3.664399625E-05
393.8 0 -3.671287594E-05
394 0 -6.893105599E-20
394.2 0 -3.685141509E-05
394.4 0 -3.69210775E-05
394.6 0 3.375155681E-20
394.8 0 -3.095295219E-20
395 0 3.280568854E-20
395.2 0 2.991930555E-20
395.4 0 -1.37765979E-20
395.6 0 -1.807759756E-20
395.8 0 -5.727347826E-20
396 0 -1.164788125E-20
396.2 0 -4.326563331E-21
396.4 0 3.763246628E-05
396.6 0 -4.952843602E-20
396.8 1.511121857E-05 -3.777804642E-05
397 0 1.191555032E-19
397.2 0 8.906627439E-21
397.4 0 -4.165921614E-20
397.6 0 3.807261209E-05
397.8 0 7.629394531E-05
398 0 7.644324853E-05
398.2 0 7.659313725E-05
398.4 0 7.674361493E-05
398.6 0 7.689468504E-05
398.8 0 7.704635108E-05
399 0 7.71986166E-05
399.2 0 7.735148515E-05
399.4 0 7.750496032E-05
399.6 0 7.765904573E-05
399.8 0 -1.363245399E-20
400 0 -3.898453094E-05
400.2 0 7.8125E-05
400.4 0 0.0001174223447
400.6 0 7.843875502E-05
400.8 0 0.0001178948692
401 0 0.0001181325605
401.2 0 7.891414141E-05
401.4 0 3.953694332E-05
401.6 0 -3.067636353E-20
401.8 0 -5.027805918E-20
402 0 -9.953632546E-21
402.2 0 -7.315217782E-20
402.4 0 -2.60967502E-20
402.6 0 -4.918609498E-20
402.8 0 -2.253332048E-20
403 0 -3.540242899E-20
403.2 0 1.743340985E-20
403.4 0 -5.165531554E-20
403.6 0 -9.985489573E-20
403.8 0 -2.923152726E-20
404 0 -4.060550936E-05
404.2 0 -4.069010417E-05
404.4 0 -4.077505219E-05
404.6 0 -4.086035565E-05
404.8 0 -4.094601677E-05
405 0 -8.206407563E-05
405.2 0 -4.111842105E-05
405.4 0 -4.120516878E-05
405.6 0 -4.12922833E-05
405.8 0 -4.137976695E-05
406 0 -8.293524416E-05
406.2 0 -8.311170213E-05
406.4 1.665778252E-05 -8.328891258E-05
406.6 1.669337607E-05 -8.346688034E-05
406.8 1.672912206E-05 -8.364561028E-05
407 1.676502146E-05 -8.38251073E-05
407.2 1.680107527E-05 -3.713755124E-20
407.4 0 4.209321121E-05
407.6 0 6.69156695E-21
407.8 0 2.150247422E-20
408 0 -9.028936541E-20
408.2 0 2.653729674E-20
408.4 0 -4.255174292E-05
408.6 0 -4.264465066E-05
408.8 0 -4.273796499E-05
409 0 -8.566337719E-05
409.2 0 -8.585164835E-05
409.4 0 -8.60407489E-05
409.6 0 -8.623068433E-05
409.8 0 -8.642146018E-05
410 0 4.330654102E-05
410.2 0 4.340277778E-05
410.4 0 -8.699888641E-05
410.6 0 -4.359654018E-05
410.8 0 4.369407159E-05
411 0 4.379204036E-05
411.2 0 1.483318662E-20
411.4 0 -2.874884959E-21
411.6 0 -4.408860045E-05
411.8 0 -4.418834842E-05
412 0 6.015141985E-20
412.2 0 1.277330675E-19
412.4 0 4.449031891E-05
412.6 0 8.918378995E-05
412.8 0 3.905748458E-20
413 0 -8.959288991E-05
413.2 0 -4.489942529E-05
413.4 0 -3.543295939E-20
413.6 0 -2.579412893E-20
413.8 0 2.151571514E-19
414 0 -1.026782631E-21
414.2 0 3.557166855E-21
414.4 0 1.147900124E-19
414.6 0 1.014618743E-19
414.8 0 4.574063232E-05
415 0 9.169600939E-05
415.2 0 4.595588235E-05
415.4 0 -4.606426887E-05
415.6 0 -9.23463357E-05
415.8 0 -4.628258294E-05
416 0 4.639251781E-05
416.2 0 9.300595238E-05
416.4 0 -3.337698641E-20
416.6 0 -4.672547847E-05
416.8 0 -3.723765382E-20
417 0 -4.695012019E-05
417.2 0 -4.706325301E-05
417.4 0 -2.752805894E-20
417.6 0 9.570802799E-21
417.8 0 4.74059466E-05
418 0 4.752128954E-05
418.2 0 -4.763719512E-05
418.4 0 -4.775366748E-05
418.6 0 1.003092552E-19
418.8 0 4.504643662E-20
419 0 4.810652709E-05
419.2 0 4.822530864E-05
419.4 0 -4.834467822E-05
419.6 0 -4.84646402E-05
419.8 0 4.8585199E-05
420 0 9.74127182E-05
420.2 0 4.8828125E-05
420.4 0 3.96731531E-21
420.6 0 -8.557964622E-21
420.8 0 1.63558576E-19
421 0 -4.932133838E-05
421.2 0 -4.944620253E-05
421.4 0 1.353651057E-19
421.6 0 -4.969783715E-05
421.8 0 -4.982461735E-05
422 0 2.296632593E-20
422.2 0 9.776728445E-20
422.4 0 -1.268186321E-20
422.6 0 -6.10312939E-20
422.8 0 -6.844181376E-20
423 0 -7.641487855E-20
423.2 0 -5.441540689E-21
423.4 0 4.39394173E-20
423.6 0 -1.15438116E-20
423.8 0 -5.938647724E-20
424 0 -5.809059674E-20
424.2 0 -1.11668611E-20
424.4 0 5.153364116E-05
424.6 0 0.0001033399471
424.8 0 0.0001036140584
425 0 0.0001038896277
425.2 0 0.0001041666667
425.4 0 5.222259358E-05
425.6 0 5.236260054E-05
425.8 0 5.250336022E-05
426 0 1.069284465E-19
426.2 0 5.278716216E-05
426.4 0 5.29302168E-05
426.6 0 -7.768887645E-20
426.8 0 5.321866485E-05
427 0 5.336407104E-05
427.2 0 -5.351027397E-05
427.4 0 3.546989535E-20
427.6 0 5.380509642E-05
427.8 0 7.560696782E-21
428 0 3.703575242E-20
428.2 0 1.071151474E-19
428.4 0 1.922999315E-20
428.6 0 9.648208647E-21
428.8 0 3.032138136E-20
429 0 3.030495723E-20
429.2 0 3.039643753E-20
429.4 0 -1.704429479E-19
429.6 0 -2.225626722E-19
429.8 0 -1.755607722E-20
430 0 -2.746522627E-20
430.2 0 -1.011734951E-20
430.4 0 -1.022368451E-19
430.6 0 -7.798209126E-20
430.8 0 5.628602305E-05
431 0 0.0001128973988
431.2 0 5.661231884E-05
431.4 0 6.844517882E-21
431.6 0 -2.775925049E-20
431.8 0 -5.710891813E-05
432 0 -5.727639296E-05
432.2 0 -4.913358404E-20
432.4 0 -1.926512335E-19
432.6 0 5.778476331E-05
432.8 0 0.0001159124629
433 0 5.812872024E-05
433.2 0 5.830223881E-05
433.4 0 0.0001169535928
433.6 0 0.0001173048048
433.8 0 0.0001176581325
434 0 0.0001180135952
434.2 0 5.918560606E-05
434.4 0 5.01249511E-20
434.6 0 -5.577929378E-20
434.8 0 5.972859327E-05
435 0 0.0001198236196
435.2 0 0.0001802884615
435.4 0 0.0001808449074
435.6 0 0.0001209365325
435.8 0 0.0001213121118
436 0 0.0001216900312
436.2 0 0.0001220703125
436.4 0 0.0001224529781
436.6 0 0.0001228380503
436.8 0 0.0001232255521
437 0 6.180775316E-05
437.2 0 -2.928951368E-20
437.4 0 -1.259902381E-19
437.6 0 -6.240015974E-05
437.8 0 -0.0001252003205
438 0 -0.0001256028939
438.2 0 -0.0001260080645
438.4 0 -0.0001264158576
438.6 0 -0.0001268262987
438.8 0 -0.0001272394137
439 0 -0.0001914828431
439.2 0 -0.000256147541
439.4 0 -0.0002569901316
439.6 0 -0.0002578382838
439.8 0 -0.000258692053
440 0 -0.000259551495
440.2 0 -0.0002604166667
440.4 0 -0.0002612876254
440.6 0 -0.0002621644295
440.8 0 -0.000263047138
441 0 -0.0001979518581
441.2 0 -6.620762712E-05
441.4 0 -8.682231529E-20
441.6 0 2.025972677E-20
441.8 0 -1.0612341E-19
442 0 -1.235314842E-20
442.2 0 -1.382960025E-19
442.4 0 -1.096500833E-19
442.6 0 -4.779529819E-20
442.8 0 -9.31428378E-20
443 0 -1.653053611E-20
443.2 0 -5.118208972E-20
443.4 0 1.795299975E-19
443.6 0 5.061215597E-20
443.8 0 -1.051568165E-20
444 0 -1.020356309E-19
444.2 0 9.022858414E-20
444.4 0 -2.991065214E-20
444.6 0 -2.058474866E-21
444.8 0 1.464939989E-20
445 0 1.099155442E-19
445.2 0 -1.834107569E-20
445.4 0 -6.845354814E-20
445.6 0 -6.591451855E-20
445.8 0 -1.121749287E-19
446 0 4.959203047E-20
446.2 0 -1.54865807E-20
446.4 0 3.988003105E-20
446.6 0 3.37182503E-20
446.8 0 2.171175934E-20
447 0 -5.658298639E-20
447.2 0 -1.707924293E-21
447.4 0 -5.233479617E-20
447.6 0 3.774166791E-20
447.8 0 -7.980120471E-21
448 0 -9.085318519E-20
448.2 0 1.502999247E-19
448.4 0 9.175099166E-20
448.6 0 1.144780453E-19
448.8 0 3.724045227E-20
449 0 2.096700429E-19
449.2 0 1.613184624E-19
449.4 0 -1.493215248E-20
449.6 0 3.682525136E-20
449.8 0 4.734705055E-20
450 0 -4.164408434E-20
450.2 0 -3.054611355E-20
450.4 0 6.017585391E-20
450.6 0 -9.564467418E-20
450.8 0 -1.360984476E-19
451 0 -1.870382687E-19
451.2 0 8.462465389E-20
451.4 0 -6.547960546E-20
451.6 0 -9.870725642E-20
451.8 0 -1.249703578E-20
452 0 -7.011290664E-20
452.2 0 -9.545487359E-20
452.4 0 -1.476467776E-20
452.6 0 -8.142164324E-20
452.8 0 -1.381674995E-19
453 0 -9.075380375E-20
453.2 0 -3.249782815E-20
453.4 0 2.021230499E-20
453.6 0 -9.777261793E-20
453.8 0 -1.823515843E-19
454 0 -1.105459827E-19
454.2 0 1.985193124E-20
454.4 0 1.377227589E-19
454.6 0 1.069767085E-20
454.8 0 -2.927572141E-20
455 0 7.969578315E-20
455.2 0 7.441405953E-20
455.4 0 1.297480984E-19
455.6 0 3.21925385E-20
455.8 0 -9.938255812E-20
456 0 -1.384603878E-19
456.2 0 -1.980959705E-19
456.4 0 -1.332013192E-19
456.6 0 2.726439221E-20
456.8 0 1.827640791E-19
457 0 2.55541578E-20
457.2 0 3.317162391E-20
457.4 0 -1.469246208E-19
457.6 0 9.625936243E-20
457.8 0 2.556961698E-20
458 0 -9.032604308E-20
458.2 0 -1.101058578E-19
458.4 0 2.34053899E-20
458.6 0 -9.59353851E-20
458.8 0 9.435386473E-05
459 0 0.0001896237864
459.2 0 9.527439024E-05
459.4 0 9.574142157E-05
459.6 0 0.0001924261084
459.8 0 9.668935644E-05
460 0 7.092148888E-20
460.2 0 -5.871173795E-20
460.4 0 -3.445251815E-20
460.6 0 -2.133263475E-19
460.8 0 -1.504904497E-19
461 0 -1.406565812E-19
461.2 0 -1.625496698E-19
461.4 0 1.560143222E-19
461.6 0 5.598030627E-20
461.8 0 1.122308911E-20
462 0 3.414619979E-21
462.2 0 1.77149816E-19
462.4 0 -9.203288338E-20
462.6 0 1.942823425E-20
462.8 0 -5.18887892E-20
463 0 4.280945705E-20
463.2 0 -9.4762636E-20
463.4 0 -3.958849292E-20
463.6 0 3.422717551E-20
463.8 0 2.046873243E-20
464 0 -1.634416034E-20
464.2 0 -1.536019522E-19
464.4 0 -1.885235522E-19
464.6 0 -1.069132562E-19
464.8 0 5.571280702E-21
465 0 8.406641932E-20
465.2 0 -0.0001116071429
465.4 0 -0.0002244971264
465.6 0 -0.0001128973988
465.8 0 -0.0001135537791
466 0 -0.0002284356725
466.2 0 -0.0001148897059
466.4 0 -1.160945403E-19
466.6 0 -7.680670574E-20
466.8 0 -5.60782351E-20
467 0 6.073348269E-20
467.2 0 -8.562147918E-20
467.4 0 -6.230343437E-20
467.6 0 1.594142331E-19
467.8 0 -5.575499486E-20
468 0 -1.100480269E-19
468.2 0 2.718996123E-20
468.4 0 7.162929745E-21
468.6 0 9.778814452E-20
468.8 0 8.215075558E-20
469 0 1.640594997E-21
469.2 0 -2.05105972E-20
469.4 0 3.041483401E-20
469.6 0 6.180133806E-20
469.8 0 3.205891082E-19
470 0 4.649026012E-20
470.2 0 2.27074953E-19
470.4 0 2.276969813E-19
470.6 0 1.564476433E-19
470.8 0 1.171375606E-19
471 0 1.492676388E-19
471.2 0 3.301473585E-19
471.4 0 2.564280597E-19
471.6 0 1.289597351E-19
471.8 0 -6.086976969E-20
472 0 9.399149836E-20
472.2 0 3.380377469E-19
472.4 0 2.50461143E-19
472.6 0 2.477108935E-19
472.8 0 1.553624641E-19
473 0 1.886283892E-19
473.2 0 4.370068379E-19
473.4 0 7.755230111E-20
473.6 0 2.118410063E-19
473.8 0 1.20029827E-19
474 0 5.842522716E-19
474.2 0 2.263453927E-19
474.4 0 5.402619044E-20
474.6 0 -3.313817216E-20
474.8 0 -2.042782974E-19
475 0 -2.934910883E-19
475.2 0 -2.004495267E-19
475.4 0 -2.211436209E-19
475.6 0 -1.982257855E-19
475.8 0 -2.489913927E-19
476 0 -3.760910446E-19
476.2 0 1.383729877E-20
476.4 0 -3.334700952E-19
476.6 0 -2.166072232E-19
476.8 0 -2.879324704E-19
477 0 -3.30760579E-19
477.2 0 -1.887920487E-19
477.4 0 -1.258298765E-19
477.6 0 -1.902327208E-19
477.8 0 -2.216836089E-19
478 0 -2.26904293E-19
478.2 0 9.606420653E-20
478.4 0 -1.262342676E-19
478.6 0 -1.52939847E-19
478.8 0 -1.229785358E-19
479 0 4.070544438E-20
479.2 0 -3.181525534E-20
479.4 0 -2.62767236E-19
479.6 0 -1.186543838E-19
479.8 0 6.482223868E-20
480 0 1.028304192E-21
480.2 0 -1.536832823E-19
480.4 0 5.054932723E-19
480.6 0 1.425619779E-19
480.8 0 -3.269889244E-20
481 0 -3.406038622E-19
481.2 0 -2.92532844E-19
481.4 0 -1.031056168E-19
481.6 0 1.665360711E-19
481.8 0 -3.251904569E-19
482 0 -1.506110541E-19
482.2 0 -5.017842474E-20
482.4 0 4.72425402E-20
482.6 0 -3.470999129E-19
482.8 0 -2.277423981E-19
483 0 -4.040234874E-20
483.2 0 -5.334275964E-19
483.4 0 -1.991612644E-19
483.6 0 7.977574024E-20
483.8 0 -8.663722657E-21
484 0 -8.90647474E-19
484.2 0 -4.193517646E-19
484.4 0 -4.466257826E-19
484.6 0 -5.539540519E-19
484.8 0 -9.770970314E-21
485 0 -2.78288991E-19
485.2 0 -1.818057605E-19
485.4 0 -8.495254224E-21
485.6 0 -6.016562483E-19
485.8 0 -7.396363362E-20
486 0 7.343083691E-20
486.2 0 -3.322630624E-19
486.4 0 -1.93664695E-19
486.6 0 9.689166539E-21
486.8 0 7.456733173E-19
487 0 -1.399692967E-19
487.2 0 -6.681196164E-19
487.4 0 -5.547555135E-19
487.6 0 -5.401457219E-19
487.8 0 -5.491383509E-19
488 0 8.076906848E-19
488.2 0 2.211701017E-19
488.4 0 -1.939817269E-19
488.6 0 -7.071151144E-20
488.8 0 -1.656849867E-19
489 0 -1.293568236E-19
489.2 0 -1.049035234E-19
489.4 0 -2.92599235E-19
489.6 0 -3.443643699E-20
489.8 0 -6.232684478E-19
490 0 -8.3566376E-19
490.2 0 -7.448926389E-20
490.4 0 4.860414785E-19
490.6 0 3.415534116E-19
490.8 0 -2.642135059E-19
491 0 1.501293408E-19
491.2 0 7.047715225E-19
491.4 0 1.741146149E-18
491.6 0 5.759943957E-19
491.8 0 -2.728809595E-19
492 0 1.261327558E-18
492.2 0 1.640014912E-18
492.4 0 8.865409714E-19
492.6 0 6.730750935E-19
492.8 0 8.749596374E-19
493 0 3.515253529E-19
493.2 0 2.482211029E-19
493.4 0 5.913005322E-19
493.6 0 -3.124931867E-19
493.8 0 -1.900609726E-19
494 0 -4.695264631E-19
494.2 0 7.496092836E-19
494.4 0 1.981325776E-18
494.6 0 1.286571356E-19
494.8 0 6.702790836E-19
495 0 5.902163288E-19
495.2 0 1.800107811E-18
495.4 0 1.166338202E-18
495.6 0 4.860113274E-19
495.8 0 -1.239962231E-18
496 0 -5.385505186E-19
496.2 0 -1.046503194E-18
496.4 0 1.508339094E-18
496.6 0 -1.335522485E-18
496.8 0 -7.604726306E-19
497 0 1.326019819E-18
497.2 0 -4.77126729E-19
497.4 0 4.952502424E-20
497.6 0 -7.726917398E-19
497.8 0 -1.011702127E-18
498 0 1.597987058E-19
498.2 0 -6.035712597E-19
498.4 0 -3.103732899E-19
498.6 0 -3.967441842E-18
498.8 0 -7.950903767E-18
499 0 -4.627157606E-19
499.2 0 -5.040125545E-18
499.4 0 -7.438443758E-18
499.6 0 -8.820122273E-18
499.8 0 -1.482429751E-17
500 0 -1.668774585E-17
