0 0.007322071172 -7.80937625E-06
0.2 0.006421875 0.0015390625
0.4 0.00600240096 0.0004533063225
0.6 0.005679543635 0.0003753002402
0.8 0.005422131558 0.0003050535643
1 0.005192683293 0.0003208258213
1.2 0.004966182365 0.0002818136273
1.4 0.004792752606 0.0002349388532
1.6 0.004597247292 0.0001410198556
1.8 0.004451745586 0.0001018885433
2 0.004296718185 0.0001332923525
2.2 0.004147841365 1.5687751E-05
2.4 0.004014538971 0.0001177054038
2.6 0.003868569132 0.0001413032556
2.8 0.003741329916 3.926668677E-05
3 0.00360141794 2.356948914E-05
3.2 0.003489688129 -3.143863179E-05
3.4 0.00339673913 2.358846618E-05
3.6 0.003310008055 3.146395489E-05
3.8 0.003213764102 2.360747381E-05
4 0.003123740427 0.000133829605
4.2 0.002989541331 0.0002283896169
4.4 0.002867839855 0.000196967023
4.6 0.002764956618 7.881860371E-05
4.8 0.002677760396 0.0001025055511
5 0.002581027868 0.0001262116317
5.2 0.002512626263 7.891414141E-05
5.4 0.002437853678 0.0001263136621
5.6 0.002353543267 2.36933886E-05
5.8 0.002294447816 3.95049555E-05
6 0.002235304533 8.694607446E-05
6.2 0.00217611336 2.372216599E-05
6.4 0.002107381531 7.128775801E-21
6.6 0.002041759522 -1.582759319E-05
6.8 0.001969750709 5.541903121E-05
7 0.001891347324 4.752128954E-05
7.2 0.001831896552 -1.584685598E-05
7.4 0.001766056209 -7.133979302E-05
7.6 0.001722366017 -7.929861957E-05
7.8 0.001669120634 6.346466288E-05
8 0.001619006501 8.729937017E-05
8.2 0.001568851626 -1.587906504E-05
8.4 0.001531364376 -4.765656771E-05
8.6 0.00149702502 -7.151393409E-05
8.8 0.001459478022 -1.58984534E-05
9 0.001428262419 -7.952463355E-06
9.2 0.001393839104 3.182281059E-05
9.4 0.00136575489 3.97947229E-05
9.6 0.001337647778 -2.262990266E-20
9.8 0.001306331566 0.0001115161093
10 0.001271802326 6.374949E-05
10.2 0.00125 -2.391581633E-05
10.4 0.001218609637 -5.58263577E-05
10.6 0.001168045343 -0.0001037198734
10.8 0.001120632407 -7.183541071E-05
11 0.001089150654 -5.589482829E-05
11.2 0.001057643149 -8.78706544E-05
11.4 0.001013323445 -8.790660802E-05
11.6 0.0009753632828 -3.997390503E-05
11.8 0.000946969697 -0.0001119727682
12 0.0009313549775 -0.0001440239656
12.2 0.000915727459 -8.004610656E-05
12.4 0.000909696597 -3.203157032E-05
12.6 0.000890842904 -1.602235439E-05
12.8 0.000859150595 1.138923907E-21
13 0.0008402606732 3.207101806E-05
13.2 0.0008085215606 -3.170233868E-21
13.4 0.0007735466311 -1.604868529E-05
13.6 0.0007545982326 -8.027640773E-06
13.8 0.0007356342516 4.818564967E-05
14 0.0006973724805 3.213698067E-05
14.2 0.0006687242798 -8.03755144E-05
14.4 0.0006497015233 -0.0001608172087
14.6 0.0006306630972 -0.0001287067545
14.8 0.000605170993 -5.633240626E-05
15 0.0005699969085 -5.635562655E-05
15.2 0.0005573453608 -3.221649485E-05
15.4 0.0005350144389 -5.725159987E-21
15.6 0.0005158893933 -8.060771771E-06
15.8 0.0004999741949 -1.612819983E-05
16 0.0004775919042 -3.226972325E-05
16.2 0.0004584194215 -8.070764463E-05
16.4 0.0004456903679 -0.0001049633113
16.6 0.0004361817618 -5.654208023E-05
16.8 0.000420200662 -3.232312784E-05
17 0.0004171409354 -8.084126656E-06
17.2 0.0004011387164 3.234989648E-05
17.4 0.0003948322287 -2.427247307E-05
17.6 0.0003982335267 -5.665924161E-05
17.8 0.0003919206053 -7.287779851E-05
18 0.0003791217337 -2.430267524E-05
18.2 0.0003630705394 1.620850622E-05
18.4 0.0003567351598 -6.486093815E-05
18.6 0.0003439057309 -0.0001054427949
18.8 0.0003408028666 -0.0001054866016
19 0.0003279561513 -5.682408562E-05
19.2 0.0003183471933 -4.060550936E-05
19.4 0.0003022306572 -3.249792013E-05
19.6 0.000282849563 -6.502288806E-05
19.8 0.0002699573272 -9.757493755E-05
20 0.0002570543524 -3.253852561E-05
20.2 0.0002376302083 -2.44140625E-05
20.4 0.0002279595665 -4.884847853E-05
20.6 0.0002280546289 -6.515846539E-05
20.8 0.0002183719232 -0.0001059266792
21 0.000198899207 -8.151606845E-05
21.2 0.0001891962422 -8.155010438E-06
21.4 0.0001794851713 -4.079208438E-05
21.6 0.0001730307146 -6.529460928E-05
21.8 0.0001633047659 -4.899142977E-05
22 0.000156838143 -8.168653283E-05
22.2 0.0001569037657 -7.354864017E-05
22.4 0.00016023964 -6.54039347E-05
22.6 0.000160306742 -3.271566164E-05
22.8 0.000163646837 2.454702556E-05
23 0.0001637154233 -2.45573135E-05
23.2 0.0001637840671 -6.551362683E-05
23.4 0.0001638527685 -3.277055369E-05
23.6 0.0001606430969 8.196076374E-06
23.8 0.0001574307305 -3.279806885E-05
24 0.0001574968501 -7.382664847E-05
24.2 0.0001477153361 -7.385766807E-05
24.4 0.0001412095418 -0.0001477774275
24.6 0.0001314129521 -0.0001314129521
24.8 0.0001248948254 -8.21676483E-05
25 0.0001183712121 -0.000123303346
25.2 0.0001118421053 -0.0001233552632
25.4 0.0001053074979 -9.872577928E-05
25.6 0.0001020596292 -6.584492204E-05
25.8 9.880902192E-05 8.23408516E-06
26 9.226064951E-05 4.942534795E-05
26.2 8.241033755E-05 2.472310127E-05
26.4 7.255170958E-05 8.244512453E-06
26.6 6.268475507E-05 -8.247994088E-06
26.8 5.280946346E-05 -4.125739332E-05
27 4.622781065E-05 -1.650993238E-05
27.2 3.964059197E-05 2.477536998E-05
27.4 3.304780034E-05 1.652390017E-05
27.6 2.644942869E-05 2.47963394E-05
27.8 2.315304826E-05 4.134472904E-05
28 1.985387548E-05 8.272448115E-06
28.2 1.655190678E-05 -2.482786017E-05
28.4 1.987070793E-05 -8.279461636E-06
28.6 1.987913486E-05 3.313189143E-05
28.8 2.320216377E-05 2.485946118E-05
29 1.989601019E-05 3.316001698E-05
29.2 1.658704883E-05 8.293524416E-06
29.4 1.659409516E-05 -3.318819031E-05
29.6 1.328091798E-05 2.490172121E-05
29.8 1.328656463E-05 2.491230867E-05
30 1.329221608E-05 -4.153817524E-05
30.2 1.329787234E-05 -3.324468085E-05
30.4 1.330353342E-05 -8.314708387E-06
30.6 1.330919932E-05 -5.910471809E-21
30.8 1.997230507E-05 2.496538134E-05
31 2.664109122E-05 4.162670503E-05
31.2 3.664712154E-05 5.830223881E-05
31.4 3.999573379E-05 4.999466724E-05
31.6 5.001600512E-05 8.336000854E-06
31.8 5.670900939E-05 1.481403481E-20
32 5.673323366E-05 -1.668624519E-05
32.2 6.009615385E-05 -5.008012821E-05
32.4 6.346194955E-05 -2.505076956E-05
32.6 7.351368691E-05 -1.670765612E-05
32.8 8.023106547E-05 -8.357402653E-06
33 8.695419521E-05 1.672196062E-05
33.2 9.368308351E-05 -3.345824411E-05
33.4 9.707047986E-05 -5.857701371E-05
33.6 0.0001004607801 -5.860212173E-05
33.8 0.0001072041166 -0.0001340051458
34 0.000113953239 -0.0001424415487
34.2 0.0001274141631 -8.38251073E-05
34.4 0.0001341777587 -8.386109918E-05
34.6 0.0001409471649 -9.228683419E-05
34.8 0.0001510797164 -5.875322303E-05
35 0.0001578622098 -4.198463027E-05
35.2 0.0001612903226 -5.040322581E-05
35.4 0.0001680830465 -3.361660929E-05
35.6 0.0001748816186 -8.407770125E-06
35.8 0.0001783214901 -1.902966399E-20
36 0.0001817643257 -2.524504524E-05
36.2 0.0001784752155 -8.418642241E-06
36.4 0.0001785521777 -3.368909013E-05
36.6 0.0001752588438 -3.370362381E-05
36.8 0.0001753344842 1.685908502E-05
37 0.0001821567358 -1.686636442E-05
37.2 0.0001856101512 -8.436825054E-06
37.4 0.0001823141746 -1.688094209E-05
37.6 0.0001857706442 -2.533236057E-05
37.8 0.0001858509948 -2.534331747E-05
38 0.000185931415 -1.690285591E-05
38.2 0.0001860119048 2.536525974E-05
38.4 0.0001894759636 8.458748376E-06
38.6 0.0001895580589 -3.384965338E-05
38.8 0.0001896402254 -1.693216298E-05
39 0.000186334562 -1.895708222E-20
39.2 0.0001830260304 -8.473427332E-06
39.4 0.0001831054688 8.477105035E-06
39.6 0.0001797926617 -2.544235779E-05
39.8 0.0001764769765 -2.545341008E-05
40 0.0001731584094 -8.488157323E-06
40.2 0.0001664402174 1.698369565E-05
40.4 0.0001631143976 -1.699108308E-05
40.6 0.0001597856832 -1.699847694E-05
40.8 0.000159855246 8.502938616E-06
41 0.0001633275261 -8.506641986E-06
41.2 0.0001668028322 8.510348584E-06
41.4 0.0001702811683 -5.108435048E-05
41.6 0.0001703554296 -7.665994331E-05
41.8 0.0001772469459 -1.704297557E-05
42 0.0001841444784 -6.767313712E-21
42.2 0.0001876364629 -1.705786026E-05
42.4 0.0001945445609 2.559796855E-05
42.6 0.0001878004808 4.268192745E-05
42.8 0.0001810505028 2.562035418E-05
43 0.000177712161 -2.563156168E-05
43.2 0.0001812089716 -8.547592998E-05
43.4 0.0001778677758 -0.0001026160245
43.6 0.0001711016207 -7.69957293E-05
43.8 0.0001609060035 8.558829974E-06
44 0.0001507014467 1.71251644E-05
44.2 0.0001404879386 -6.853070175E-05
44.4 0.0001371215445 -8.570096534E-05
44.6 0.0001337521949 8.573858648E-06
44.8 0.0001303798858 8.577624067E-06
45 0.0001270046134 -3.432557118E-05
45.2 0.0001270604396 -3.797328752E-20
45.4 0.0001168095866 -5.153364116E-05
45.6 0.0001202980642 -6.874175099E-05
45.8 0.0001237896127 1.719300176E-05
46 0.0001169638926 3.440114487E-05
46.2 0.0001101321586 -2.581222467E-05
46.4 0.0001067375496 -3.443146761E-05
46.6 9.645061728E-05 -1.722332451E-05
46.8 8.9600794E-05 8.615460962E-06
47 8.619263019E-05 -8.619263019E-06
47.2 8.96799117E-05 -1.724613687E-05
47.4 8.626877208E-05 -2.588063163E-05
47.6 8.285461776E-05 -2.589206805E-05
47.8 8.634504863E-05 -2.206034038E-21
48 8.292790801E-05 -5.18299425E-05
48.2 7.950774336E-05 -7.777931416E-05
48.4 8.300132802E-05 -2.593791501E-05
48.6 7.611824624E-05 1.729960142E-05
48.8 7.615197164E-05 -8.653633141E-06
49 7.964871454E-05 -8.657468972E-06
49.2 7.968403548E-05 2.598392461E-05
49.4 7.625332742E-05 2.599545253E-05
49.6 7.28195739E-05 -5.270267097E-21
49.8 7.285190941E-05 -1.047071477E-21
50 7.288427366E-05 3.470679698E-05
50.2 7.291666667E-05 4.340277778E-05
50.4 7.294908848E-05 2.605324589E-05
50.6 7.298153915E-05 2.606483541E-05
50.8 6.953716066E-05 -1.926986708E-20
51 6.95681211E-05 -3.478406055E-05
51.2 6.959910913E-05 2.609966592E-05
51.4 6.963012478E-05 -8.703765597E-06
51.6 7.314422648E-05 -9.578410611E-05
51.8 7.666146298E-05 -3.484611954E-05
52 7.669567158E-05 2.614625167E-05
52.2 7.32421875E-05 6.103515625E-05
52.4 7.676418044E-05 5.233921393E-05
52.6 8.028932082E-05 2.91121145E-20
52.8 8.381761287E-05 -8.731001341E-06
53 8.734906082E-05 -2.620471825E-05
53.2 9.08836689E-05 -6.117170022E-05
53.4 9.442144136E-05 -7.868453447E-05
53.6 9.796238245E-05 -6.997313032E-05
53.8 0.0001015064964 -6.125392025E-05
54 0.0001050537875 -9.629930524E-05
54.2 0.0001051008969 -8.758408072E-05
54.4 0.0001121579183 -5.257402423E-05
54.6 0.0001227277828 -3.506508079E-05
54.8 0.0001333071396 -1.754041311E-05
55 0.0001403863432 -3.50965858E-05
55.2 0.0001439606742 -1.755617978E-05
55.4 0.0001475382194 8.782036871E-06
55.6 0.0001511189834 -5.271592443E-05
55.8 0.0001511869937 -5.273964896E-05
56 0.0001512550653 2.638169743E-05
56.2 0.0001513231982 2.639358108E-05
56.4 0.0001513913925 -3.425603999E-22
56.6 0.0001444150135 8.805793508E-06
56.8 0.0001409562472 1.27450688E-20
57 0.0001339688628 4.406870487E-05
57.2 0.0001269751693 7.054176072E-05
57.4 0.0001199751581 6.17519196E-05
57.6 0.0001129688206 6.177982377E-05
57.8 0.0001094880199 8.829679024E-06
58 0.0001095375396 1.766734509E-05
58.2 0.0001060520362 5.30260181E-05
58.4 0.0001061000453 8.841670439E-06
58.6 0.0001026098279 -8.845674819E-06
58.8 0.0001026563208 8.849682827E-06
59 0.0001027028558 5.312216682E-05
59.2 9.920634921E-05 5.31462585E-05
59.4 9.570666969E-05 4.430864338E-05
59.6 8.511121198E-05 7.979176123E-05
59.8 8.160195277E-05 5.321866485E-05
60 7.808950477E-05 -2.178014572E-20
60.2 7.457386364E-05 -2.663352273E-05
60.4 7.105502501E-05 -8.881878126E-06
60.6 6.753298453E-05 8.885919017E-06
60.8 6.400773782E-05 5.333978152E-05
61 6.047928051E-05 4.44700592E-05
61.2 5.69476082E-05 -8.898063781E-06
61.4 6.053441203E-05 9.289800922E-21
61.6 6.05620155E-05 8.906178751E-06
61.8 6.415374088E-05 -3.365503831E-20
62 6.774874487E-05 -3.498125272E-20
62.2 6.777968037E-05 -2.675513699E-05
62.4 6.781064413E-05 8.922453175E-06
62.6 6.427102377E-05 6.248571755E-05
62.8 5.715592135E-05 4.465306356E-05
63 5.71820677E-05 8.934698079E-06
63.2 5.005720824E-05 8.938787185E-06
63.4 4.650297619E-05 8.942880037E-06
63.6 4.294548786E-05 -2.684092991E-05
63.8 3.938473877E-05 -4.475538497E-05
64 3.582072444E-05 -2.686554333E-05
64.2 3.225344037E-05 -2.687786697E-05
64.4 2.868288206E-05 -5.378040385E-05
64.6 2.152203857E-05 -2.690254821E-05
64.8 1.794327056E-05 1.794327056E-05
65 1.436121324E-05 8.975758272E-06
65.2 1.436781609E-05 -3.591954023E-05
65.4 1.437442502E-05 -2.695204692E-05
65.6 1.078578003E-05 -3.595260009E-05
65.8 7.193830571E-06 -5.395372928E-05
66 3.598572087E-06 -1.799286043E-05
66.2 3.600230415E-06 1.800115207E-05
66.4 3.601890272E-06 1.574792164E-20
66.6 3.603551661E-06 -1.80177583E-05
66.8 3.605214582E-06 -9.013036456E-06
67 3.60687904E-06 -9.017197599E-06
67.2 3.608545035E-06 -1.804272517E-05
67.4 3.610212569E-06 1.730426333E-20
67.6 3.611881646E-06 2.708911234E-05
67.8 3.613552266E-06 2.7101642E-05
68 3.615224433E-06 2.711418325E-05
68.2 7.233796296E-06 1.808449074E-05
68.4 7.237146827E-06 -2.71393006E-05
68.6 7.240500463E-06 -1.810125116E-05
68.8 1.086578581E-05 6.338375058E-05
69 1.811804267E-05 4.529510668E-05
69.2 1.812645012E-05 5.437935035E-05
69.4 2.538881151E-05 3.626973073E-05
69.6 2.540060381E-05 9.071644217E-06
69.8 2.541240706E-05 4.537929833E-05
70 2.542422129E-05 2.72402371E-05
70.2 2.543604651E-05 -9.084302326E-06
70.4 2.908329456E-05 -2.726558865E-05
70.6 3.273393855E-05 -2.727828212E-05
70.8 3.274918491E-05 -9.096995808E-06
71 3.640493942E-05 1.820246971E-05
71.2 4.006410256E-05 2.731643357E-05
71.4 4.37266791E-05 2.732917444E-05
71.6 3.645590294E-05 9.113975735E-06
71.8 4.012021475E-05 -1.823646125E-05
72 4.013895376E-05 -2.736746847E-05
72.2 3.650700935E-05 -6.388726636E-05
72.4 3.2871669E-05 -5.478611501E-05
72.6 2.923292797E-05 9.135289991E-06
72.8 2.559078147E-05 -1.342565954E-20
73 2.560276217E-05 -3.657537453E-05
73.2 2.927400468E-05 -2.744437939E-05
73.4 3.660965323E-05 -9.152413308E-06
73.6 3.296413502E-05 -4.578352086E-05
73.8 2.9315197E-05 -5.496599437E-05
74 3.299507274E-05 -4.582648991E-05
74.2 3.667840376E-05 -3.667840376E-05
74.4 3.669563175E-05 -9.173907938E-06
74.6 4.405545113E-05 -1.835643797E-05
74.8 4.407616361E-05 -2.754760226E-05
75 4.409689558E-05 1.837370649E-05
75.2 4.411764706E-05 1.838235294E-05
75.4 4.781661959E-05 -1.839100753E-05
75.6 4.783914272E-05 -9.199835139E-06
75.8 4.418001885E-05 -9.204170594E-06
76 3.683404055E-05 -1.841702027E-05
76.2 2.948113208E-05 -9.212853774E-06
76.4 1.843440302E-05 -1.843440302E-05
76.6 1.84431067E-05 -9.221553352E-06
76.8 1.476145489E-05 -9.225909306E-06
77 1.4768431E-05 3.717960059E-20
77.2 1.108156028E-05 2.770390071E-05
77.4 7.391201514E-06 -7.72966622E-21
77.6 3.69734974E-06 -2.773012305E-05
77.8 0 -3.699100379E-05
78 0 -2.775639507E-05
78.2 0 -1.851303318E-05
78.4 0 -1.852181128E-05
78.6 0 9.265298861E-06
78.8 0 2.780908875E-05
79 3.709639126E-06 -2.782229345E-05
79.2 7.42280285E-06 -3.711401425E-05
79.4 1.11394962E-05 1.593645161E-20
79.6 1.114479315E-05 1.857465525E-05
79.8 1.115009515E-05 9.291745956E-06
80 1.115540219E-05 -9.296168491E-06
80.2 1.116071429E-05 -1.860119048E-05
80.4 7.444020962E-06 -1.861005241E-05
80.6 7.447569113E-06 -9.309461392E-06
80.8 3.725560324E-06 -3.725560324E-05
81 3.727337786E-06 -4.659172233E-05
81.2 0 -2.796837709E-05
81.4 0 -3.730897803E-05
81.6 3.732680363E-06 -1.866340182E-05
81.8 3.734464627E-06 9.336161568E-06
82 3.736250598E-06 -2.802187948E-05
82.2 7.476076555E-06 -2.803528708E-05
82.4 3.739827669E-06 -9.349569172E-06
82.6 0 -1.870809387E-05
82.8 0 -5.615117393E-05
83 0 -4.68150767E-05
83.2 0 -2.810251799E-05
83.4 3.748800384E-06 -3.748800384E-05
83.6 0 -3.97602047E-22
83.8 0 9.381003842E-06
84 0 -1.877102355E-05
84.2 0 -1.878004808E-05
84.4 0 9.394540645E-06
84.6 0 1.87981232E-05
84.8 3.761434762E-06 1.880717381E-05
85 3.763246628E-06 1.881623314E-05
85.2 3.765060241E-06 1.88253012E-05
85.4 0 2.825156702E-05
85.6 0 3.768692716E-05
85.8 0 3.770511583E-05
86 0 4.715415258E-05
86.2 0 5.661231884E-05
86.4 0 3.775978734E-05
86.6 0 9.444511605E-06
86.8 0 1.889816159E-05
87 0 1.890730881E-05
87.2 0 9.458232446E-06
87.4 0 2.838844477E-05
87.6 3.786960737E-06 4.733700921E-05
87.8 3.788797284E-06 4.735996605E-05
88 3.790635614E-06 2.84297671E-05
88.2 3.792475728E-06 3.792475728E-05
88.4 0 5.691476445E-05
88.6 0 4.745201652E-05
88.8 3.798006806E-06 1.899003403E-05
89 7.599708171E-06 3.799854086E-05
89.2 3.801703163E-06 4.752128954E-05
89.4 3.803554041E-06 4.754442551E-05
89.6 7.610813444E-06 5.708110083E-05
89.8 1.142178363E-05 -9.518153021E-06
90 1.523647001E-05 -1.904558752E-05
90.2 2.286585366E-05 2.858231707E-05
90.4 2.287701318E-05 1.906417765E-05
90.6 2.288818359E-05 9.536743164E-06
90.8 2.289936492E-05 2.862420616E-05
91 3.054740958E-05 -1.464425243E-20
91.2 3.056234719E-05 -3.820293399E-05
91.4 3.439946184E-05 -2.86662182E-05
91.6 3.824033284E-05 9.560083211E-06
91.8 4.208496572E-05 3.825905975E-05
92 4.5933366E-05 2.351238565E-21
92.2 4.978553922E-05 -2.872242647E-05
92.4 5.364149093E-05 9.578837666E-06
92.6 6.133464181E-05 1.916707556E-05
92.8 6.90353461E-05 9.588242514E-06
93 6.906925344E-05 2.6724503E-20
93.2 6.526412776E-05 2.879299754E-05
93.4 6.145526057E-05 5.761430678E-05
93.6 6.148548942E-05 2.882132317E-05
93.8 6.151574803E-05 -2.883550689E-05
94 6.539266371E-05 -6.731597735E-05
94.2 6.542487685E-05 -3.848522167E-05
94.4 6.160670281E-05 -2.887814194E-05
94.6 5.778476331E-05 -9.630793886E-06
94.8 5.781327084E-05 9.635545141E-06
95 5.784180652E-05 9.640301086E-06
95.2 5.787037037E-05 1.929012346E-05
95.4 5.789896245E-05 4.506070934E-21
95.6 5.79275828E-05 -2.89637914E-05
95.8 5.795623145E-05 -9.659371909E-06
96 5.798490846E-05 -1.932830282E-05
96.2 5.801361386E-05 -4.834467822E-05
96.4 5.80423477E-05 -9.673724616E-06
96.6 5.807111001E-05 2.401932798E-20
96.8 5.809990084E-05 -3.873326723E-05
97 5.812872024E-05 -3.875248016E-05
97.2 5.815756824E-05 -1.938585608E-05
97.4 5.818644489E-05 -9.697740814E-06
97.6 5.433432688E-05 -1.804819417E-20
97.8 5.436133201E-05 -9.480028443E-21
98 5.4388364E-05 -5.065324093E-21
98.2 5.441542289E-05 -9.717039801E-06
98.4 5.055375809E-05 -2.005934298E-20
98.6 4.668824701E-05 3.890687251E-05
98.8 4.281888391E-05 4.865782262E-05
99 3.894566301E-05 3.894566301E-05
99.2 3.506857855E-05 1.948254364E-05
99.4 3.118762475E-05 -5.106186313E-20
99.6 2.730279581E-05 1.9501997E-05
99.8 2.341408591E-05 1.951173826E-05
100 1.952148926E-05 -1.054209408E-20
100.2 1.5625E-05 1.953125E-05
100.4 1.563281641E-05 4.885255128E-05
100.6 1.173048048E-05 2.93262012E-05
100.8 7.824236355E-06 9.780295443E-06
101 3.914078156E-06 6.506288909E-21
101.2 3.9160401E-06 -9.978214433E-21
101.4 3.918004012E-06 9.79501003E-06
101.6 3.919969895E-06 9.799924737E-06
101.8 3.921937751E-06 -1.191849361E-20
102 3.923907584E-06 2.301489266E-21
102.2 3.925879397E-06 -9.814698492E-06
102.4 3.927853193E-06 -9.819632981E-06
102.6 3.929828974E-06 -6.248329814E-20
102.8 3.931806744E-06 2.948855058E-05
103 3.933786506E-06 2.950339879E-05
103.2 3.935768262E-06 -1.967884131E-05
103.4 3.937752016E-06 -2.953314012E-05
103.6 3.939737771E-06 -3.939737771E-05
103.8 3.94172553E-06 -2.956294147E-05
104 3.943715295E-06 -4.929644119E-05
104.2 3.945707071E-06 -6.904987374E-05
104.4 3.947700859E-06 -4.934626074E-05
104.6 3.949696663E-06 -1.974848332E-05
104.8 3.951694487E-06 -9.879236216E-06
105 3.953694332E-06 -2.965270749E-05
105.2 3.955696203E-06 -1.977848101E-05
105.4 3.957700101E-06 -1.978850051E-05
105.6 3.959706031E-06 -2.969779524E-05
105.8 3.961713996E-06 -9.90428499E-06
106 0 -5.945585997E-05
106.2 0 -5.948604061E-05
106.4 0 -3.967750127E-05
106.6 0 -4.962207825E-05
106.8 3.971784443E-06 -9.929461108E-06
107 7.947609359E-06 -1.98690234E-05
107.2 1.192748092E-05 -3.975826972E-05
107.4 1.59114053E-05 -1.11191769E-20
107.6 1.591951095E-05 1.989938869E-05
107.8 1.592762487E-05 -9.954765545E-06
108 1.593574707E-05 -9.959841917E-06
108.2 1.594387755E-05 9.964923469E-06
108.4 1.994002042E-05 -3.727560164E-20
108.6 2.793028601E-05 -9.975102145E-06
108.8 2.7944558E-05 -1.388289768E-20
109 2.795884458E-05 1.997060327E-05
109.2 2.39769821E-05 2.997122762E-05
109.4 1.999104401E-05 -3.054588568E-20
109.6 2.000128008E-05 -1.000064004E-05
109.8 1.600922131E-05 -1.000576332E-05
110 1.201307022E-05 -2.00217837E-05
110.2 8.012820513E-06 -2.003205128E-05
110.4 8.01693176E-06 -1.00211647E-05
110.6 8.021047228E-06 2.005261807E-05
110.8 8.025166923E-06 1.003145865E-05
111 4.014645427E-06 -2.007322713E-05
111.2 0 -1.004177378E-05
111.4 0 -3.01408179E-05
111.6 0 -4.020844056E-05
111.8 0 -2.011457261E-05
112 0 4.265737173E-21
112.2 0 2.013530928E-05
112.4 0 -1.007284683E-05
112.6 0 -4.03121775E-05
112.8 0 -1.008324729E-05
113 0 2.017691116E-05
113.2 0 -1.009366925E-05
113.4 0 2.019777663E-05
113.6 0 5.052056389E-05
113.8 0 -2.723616725E-22
114 4.045831176E-06 -3.034373382E-05
114.2 8.095854922E-06 1.011981865E-05
114.4 8.10005184E-06 5.0625324E-05
114.6 8.104253112E-06 2.026063278E-05
114.8 8.108458744E-06 -1.002136718E-20
115 8.112668744E-06 2.028167186E-05
115.2 8.116883117E-06 3.043831169E-05
115.4 8.121101871E-06 2.030275468E-05
115.6 8.125325013E-06 2.031331253E-05
115.8 8.129552549E-06 5.080970343E-05
116 4.066892244E-06 5.083615305E-05
116.2 0 2.034505208E-05
116.4 0 2.035565399E-05
116.6 4.073253389E-06 1.018313347E-05
116.8 8.15075639E-06 2.037689098E-05
117 8.155010438E-06 5.096881524E-05
117.2 8.15926893E-06 6.119451697E-05
117.4 4.081765935E-06 4.081765935E-05
117.6 8.167799268E-06 4.083899634E-05
117.8 1.225810669E-05 6.129053347E-05
118 1.226452119E-05 2.671009238E-20
118.2 1.227094241E-05 -2.045157068E-05
118.4 1.227737035E-05 4.092456784E-05
118.6 8.189203354E-06 2.047300839E-05
118.8 8.19349764E-06 1.024187205E-05
119 8.197796432E-06 3.074173662E-05
119.2 1.230314961E-05 2.050524934E-05
119.4 1.641281513E-05 2.051601891E-05
119.6 1.642143983E-05 5.131699947E-05
119.8 2.053759201E-05 4.107518402E-05
120 2.46580747E-05 2.12759427E-20
120.2 2.878289474E-05 1.027960526E-05
120.4 3.291205898E-05 3.085505529E-05
120.6 3.704557429E-05 4.116174921E-05
120.8 4.118344755E-05 6.177517132E-05
121 4.532568565E-05 3.090387658E-05
121.2 5.359498681E-05 1.030672823E-05
121.4 5.774815206E-05 1.031217001E-05
121.6 5.777865821E-05 -1.031761754E-05
121.8 6.193842495E-05 1.712400484E-20
122 5.783976732E-05 5.111558705E-20
122.2 6.200396825E-05 1.033399471E-05
122.4 6.617257808E-05 1.033946533E-05
122.6 7.448358051E-05 1.310886485E-20
122.8 7.452305246E-05 -3.936066824E-21
123 7.870493107E-05 -1.035591198E-05
123.2 8.289124668E-05 -6.839570592E-21
123.4 8.708200637E-05 2.073381104E-05
123.6 9.127721721E-05 1.49374244E-20
123.8 9.547688629E-05 -1.037792242E-05
124 9.968102073E-05 3.115031898E-05
124.2 0.0001038896277 4.155585106E-05
124.4 0.0001081027142 2.07889835E-05
124.6 0.0001081602769 1.040002662E-05
124.8 0.0001123801279 -1.561893613E-20
125 0.0001166044776 2.082222814E-05
125.2 0.0001208333333 3.125E-05
125.4 0.0001250667022 3.126667556E-05
125.6 0.0001334757074 -7.383708011E-21
125.8 0.0001418936966 -1.043336004E-05
126 0.000141969535 -3.132028632E-20
126.2 0.0001420454545 -2.088903743E-05
126.4 0.0001421214553 -2.090021402E-05
126.6 0.0001421975375 8.958309245E-21
126.8 0.0001422737011 -2.092260311E-05
127 0.0001423499464 -1.046690782E-05
127.2 0.0001382372654 1.047252011E-05
127.4 0.0001466939378 -1.047813841E-05
127.6 0.0001467726785 2.938929166E-21
127.8 0.0001468515038 -1.048939313E-05
128 0.0001511284256 -1.049502955E-05
128.2 0.0001554099462 1.050067204E-05
128.4 0.0001554935449 2.10126412E-05
128.6 0.0001555772336 -4.204790097E-05
128.8 0.0001556610124 -7.36234518E-05
129 0.0001515355603 -2.10466056E-05
129.2 0.0001516172507 -1.052897574E-05
129.4 0.0001516990291 -1.05346548E-05
129.6 0.0001517808958 -1.054033999E-05
129.8 0.000151862851 -2.109206263E-05
130 0.0001561655862 -2.110345759E-05
130.2 0.00015625 -1.885937207E-20
130.4 0.0001563345051 -1.056314224E-05
130.6 0.0001564191017 -3.170657468E-05
130.8 0.0001522739578 -2.11491608E-05
131 0.0001523564464 2.116061755E-05
131.2 0.000148204607 1.058604336E-05
131.4 0.0001440482646 -5.295892082E-05
131.6 0.0001398874118 -5.2987656E-05
131.8 0.000139963355 -1.060328447E-05
132 0.0001442829984 1.0609044E-05
132.2 0.000148607337 -1.061480978E-05
132.4 0.0001486881457 -1.062058184E-05
132.6 0.0001530195865 1.062636017E-05
132.8 0.0001531028851 -2.12642896E-05
133 0.0001574414488 -4.255174292E-05
133.2 0.000157527248 -2.128746594E-05
133.4 0.0001533533261 -4.259814613E-05
133.6 0.0001576991271 -6.393207856E-05
133.8 0.0001577852074 -4.264465066E-05
134 0.0001621381759 1.066698525E-05
134.2 0.0001664959016 2.134562842E-05
134.4 0.0001751298524 -3.203594861E-05
134.6 0.000179499453 -4.273796499E-05
134.8 0.0001795977011 -3.207101806E-05
135 0.000188253012 -3.20885816E-05
135.2 0.0001883561644 -2.140410959E-05
135.4 0.0001927425987 -3.212376645E-05
135.6 0.0001971338453 -2.142759188E-05
135.8 0.0001972420417 5.35983809E-05
136 0.0002016405821 5.362781439E-05
136.2 0.000206043956 -3.219436813E-05
136.4 0.0002104521715 -6.442413414E-05
136.6 0.0002148652365 -4.29730473E-05
136.8 0.0002278824986 -2.149834893E-05
137 0.0002280079846 -1.075509361E-05
137.2 0.0002281336088 1.076101928E-05
137.4 0.000223952591 1.076695149E-05
137.6 0.0002240761169 -1.077289024E-05
137.8 0.0002241997792 2.176147376E-20
138 0.0002243235781 -1.078478741E-05
138.2 0.0002287638122 2.208833029E-21
138.4 0.0002288902709 4.318684356E-05
138.6 0.0002290168695 3.240804757E-05
138.8 0.0002291436082 3.242598229E-05
139 0.0002335963455 -1.081464563E-05
139.2 0.0002293975069 -3.246191136E-05
139.4 0.0002295246674 2.165327051E-05
139.6 0.0002296519689 1.083264004E-05
139.8 0.0002341148724 1.08386515E-05
140 0.000234244864 3.253400888E-05
140.2 0.0002300347222 2.170138889E-05
140.4 0.0002258198999 4.342690384E-05
140.6 0.000225945495 5.431382091E-05
140.8 0.0002217237062 2.173761825E-05
141 0.0002218471604 2.17497216E-05
141.2 0.0002176183844 4.352367688E-05
141.4 0.0002133848941 4.354793757E-05
141.6 0.0002091466815 4.357222532E-05
141.8 0.0002005440848 3.269740513E-05
142 0.0001962939698 -1.889146334E-20
142.2 0.0001964036313 1.091131285E-05
142.4 0.0001877794857 4.366964785E-05
142.6 0.0001878845078 1.09235179E-05
142.8 0.0001836177952 -4.371852266E-05
143 0.0001793463046 -2.187150056E-05
143.2 0.000175070028 -1.094187675E-05
143.4 0.0001664097534 -1.094801009E-05
143.6 0.0001621214246 -1.095415031E-05
143.8 0.0001622124018 1.096029742E-05
144 0.0001579169006 -1.096645143E-05
144.2 0.000158005618 -4.389044944E-05
144.4 0.0001493114109 1.097878021E-05
144.6 0.0001362134421 1.034447762E-20
144.8 0.0001274971863 -4.396454699E-05
145 0.000123170045 -3.299197635E-05
145.2 0.0001232394366 -1.100352113E-05
145.4 0.0001189050169 -1.100972379E-05
145.6 0.0001101593345 -4.406373378E-05
145.8 0.000101403781 -4.408860045E-05
146 9.263833992E-05 1.2469354E-20
146.2 8.827683616E-05 2.076698039E-21
146.4 8.391040136E-05 2.208168457E-05
146.6 7.512019231E-05 1.767245178E-20
146.8 6.189869836E-05 -3.316001698E-05
147 5.308607022E-05 -1.105959796E-05
147.2 4.426345609E-05 -2.213172805E-05
147.4 3.985969388E-05 -3.321641156E-05
147.6 3.54509359E-05 -1.107841747E-05
147.8 3.103717367E-05 1.108470488E-05
148 2.661839864E-05 1.109099943E-05
148.2 2.663352273E-05 -1.109730114E-05
148.4 2.220722001E-05 -1.131581259E-20
148.6 1.777588168E-05 -2.22198521E-05
148.8 1.333949915E-05 -2.223249858E-05
149 8.898063781E-06 -3.579711645E-21
149.2 8.903133903E-06 -2.225783476E-05
149.4 8.908209806E-06 -1.196032364E-21
149.6 8.9132915E-06 3.342484313E-05
149.8 4.459189498E-06 6.688784247E-05
150 0 4.461736151E-05
150.2 0 -1.116071429E-05
150.4 0 1.116709548E-05
150.6 0 2.234696796E-05
150.8 0 2.235975959E-05
151 0 3.35588488E-05
151.2 0 3.357808023E-05
151.4 0 2.239822248E-05
151.6 0 -1.120553643E-05
151.8 0 1.1211969E-05
152 0 5.60920448E-05
152.2 0 5.612428161E-05
152.4 0 5.615655549E-05
152.6 0 3.371331991E-05
152.8 0 3.373272884E-05
153 0 5.625360023E-05
153.2 0 3.377161383E-05
153.4 0 2.252739331E-05
153.6 0 4.508078477E-05
153.8 0 4.510681293E-05
154 0 3.384965338E-05
154.2 0 2.257947977E-05
154.4 0 1.129626952E-05
154.6 0 2.260561343E-05
154.8 0 4.523740591E-05
155 0 3.394771147E-05
155.2 4.528985507E-06 -1.605122382E-20
155.4 4.531612529E-06 -3.187215181E-20
155.6 4.5342426E-06 -1.13356065E-05
155.8 4.536875726E-06 1.134218931E-05
156 4.539511912E-06 3.404633934E-05
156.2 4.542151163E-06 2.271075581E-05
156.4 4.544793485E-06 1.136198371E-05
156.6 4.547438882E-06 1.136859721E-05
156.8 4.550087362E-06 -5.618581605E-21
157 4.552738928E-06 -1.138184732E-05
157.2 0 -2.277696793E-05
157.4 0 -1.139512835E-05
157.6 0 1.14017805E-05
157.8 0 2.093472027E-20
158 0 1.313626416E-20
158.2 0 1.142178363E-05
158.4 0 1.142846694E-05
158.6 0 1.143515808E-05
158.8 0 1.144185706E-05
159 0 -1.144856389E-05
159.2 0 1.145527859E-05
159.4 0 -3.869697466E-21
159.6 0 1.146873165E-05
159.8 0 3.442641011E-05
160 0 1.148221634E-05
160.2 0 1.148897059E-05
160.4 0 -3.968837929E-21
160.6 0 6.13017667E-21
160.8 0 1.150928108E-05
161 0 3.454820165E-05
161.2 0 2.304572271E-05
161.4 0 -1.504516796E-20
161.6 0 -1.153647372E-05
161.8 0 -6.68428641E-21
162 0 1.155011827E-05
162.2 0 -1.155695266E-05
162.4 0 -1.156379515E-05
162.6 0 -3.229571971E-20
162.8 0 2.315500889E-05
163 0 2.316874259E-05
163.2 0 -2.634849035E-20
163.4 0 2.319625891E-05
163.6 0 4.642008318E-05
163.8 0 2.322384067E-05
164 0 1.161882808E-05
164.2 0 3.487723214E-05
164.4 0 4.653067302E-05
164.6 0 3.491880215E-05
164.8 0 2.329308289E-05
165 0 1.165349045E-05
165.2 0 2.332089552E-05
165.4 0 3.500224014E-05
165.6 0 1.167438733E-05
165.8 0 3.504410885E-05
166 0 7.013016158E-05
166.2 0 3.508607784E-05
166.4 4.680946675E-06 2.340473337E-05
166.6 9.367505995E-06 2.341876499E-05
166.8 1.405968806E-05 4.686562687E-05
167 1.406812725E-05 9.378751501E-05
167.2 1.407657658E-05 7.038288288E-05
167.4 1.408503606E-05 -1.173753005E-05
167.6 1.409350571E-05 -1.174458809E-05
167.8 1.880264741E-05 4.700661853E-05
168 1.881396749E-05 -1.378799461E-20
168.2 1.88253012E-05 1.176581325E-05
168.4 2.354581073E-05 5.886452682E-05
168.6 3.298401689E-05 1.178000603E-05
168.8 3.771876886E-05 -4.714846107E-05
169 4.245923913E-05 -1.179423309E-05
169.2 4.720543807E-05 2.360271903E-05
169.4 5.668077388E-05 -2.361698912E-05
169.6 6.616757411E-05 -2.363127647E-05
169.8 7.093674334E-05 2.364558111E-05
170 7.097970927E-05 3.548985463E-05
170.2 6.628787879E-05 -2.367424242E-05
170.4 7.580351728E-05 -3.553289873E-05
170.6 8.059010922E-05 -1.185148665E-05
170.8 9.012598664E-05 -2.371736491E-05
171 9.492709599E-05 -2.3731774E-05
171.2 0.0001044832827 -4.749240122E-05
171.4 0.0001140510949 -5.940161192E-05
171.6 0.0001188755326 -3.566265977E-05
171.8 0.0001237058465 -3.568437881E-05
172 0.000123781231 -5.951020719E-05
172.2 0.0001333841463 -4.763719512E-05
172.4 0.0001429987797 -2.383312996E-05
172.6 0.0001621642247 -2.38476801E-05
172.8 0.0001622632865 -2.386224801E-05
173 0.0001671378362 -1.193841687E-05
173.2 0.0001767966361 -1.194571865E-05
173.4 0.0001864672583 -1.195302938E-05
173.6 0.0001913655848 -4.78413962E-05
173.8 0.0001914828431 -5.983838848E-05
174 0.0001963902514 3.805780211E-21
174.2 0.0001965107362 -3.594708589E-05
174.4 0.000206223143 -9.591774095E-05
174.6 0.0002111486486 -4.798832924E-05
174.8 0.0002064766441 2.997003946E-20
175 0.000201798893 -4.804735547E-05
175.2 0.0002115384615 -6.009615385E-05
175.4 0.0002116687192 -3.607989532E-05
175.6 0.0001973582871 -6.017020949E-05
175.8 0.0001926633785 -4.816584464E-05
176 0.0001783235657 -2.409777915E-05
176.2 0.0001736111111 -4.822530864E-05
176.4 0.0001688928351 -6.031886967E-05
176.6 0.0001593402349 -6.035614957E-05
176.8 0.0001546072975 -6.039347557E-05
177 0.0001450340347 -2.417233911E-05
177.2 0.0001402863777 -2.41873065E-05
177.4 0.0001306923792 -3.630343866E-05
177.6 0.0001210864848 -3.632594544E-05
177.8 0.0001114686725 -4.84646402E-05
178 0.0001115378647 -4.849472377E-05
178.2 0.0001067546584 -6.06560559E-05
178.4 9.711000622E-05 -7.283250466E-05
178.6 8.745335821E-05 -4.8585199E-05
178.8 8.264623522E-05 -3.646157436E-05
179 7.783312578E-05 -3.648427771E-05
179.2 7.301401869E-05 -1.216900312E-05
179.4 7.305953865E-05 -1.217658978E-05
179.6 6.823144105E-05 -3.65525577E-05
179.8 5.852059925E-05 -4.876716604E-05
180 5.367738913E-05 -2.439881324E-05
180.2 5.37109375E-05 -2.44140625E-05
180.4 4.885866166E-05 -3.664399625E-05
180.6 4.400031289E-05 -1.222230914E-05
180.8 3.913587977E-05 -3.668988729E-05
181 3.426535088E-05 -2.447525063E-05
181.2 2.938871473E-05 1.224529781E-05
181.4 2.450595985E-05 -2.797278401E-20
181.6 1.96170747E-05 3.678201507E-05
181.8 9.814698492E-06 -2.608994533E-20
182 4.91043369E-06 -6.138042112E-05
182.2 9.827044025E-06 -3.685141509E-05
182.4 4.916614223E-06 -2.915022198E-20
182.6 0 -1.229927582E-05
182.8 4.922810334E-06 -1.230702583E-05
183 4.92591425E-06 3.694435687E-05
183.2 0 2.464511041E-05
183.4 0 2.466066919E-05
183.6 0 2.467624763E-05
183.8 0 1.234592288E-05
184 0 -2.470746363E-05
184.2 0 -7.41693038E-05
184.4 4.947751742E-06 -4.947751742E-05
184.6 4.950887199E-06 -1.2377218E-05
184.8 4.954026633E-06 1.238506658E-05
185 4.957170051E-06 1.239292513E-05
185.2 4.96031746E-06 -7.327660645E-21
185.4 4.963468869E-06 -3.145798821E-20
185.6 4.966624285E-06 3.724968214E-05
185.8 4.969783715E-06 6.212229644E-05
186 0 2.486473584E-05
186.2 4.97611465E-06 -1.80898098E-20
186.4 4.97928617E-06 1.244821542E-05
186.6 4.982461735E-06 1.245615434E-05
186.8 4.985641353E-06 1.246410338E-05
187 4.988825032E-06 1.247206258E-05
187.2 4.99201278E-06 -2.37306529E-20
187.4 4.995204604E-06 -2.497602302E-05
187.6 4.998400512E-06 -3.748800384E-05
187.8 0 -1.250400128E-05
188 0 -1.251201153E-05
188.2 0 1.252003205E-05
188.4 5.011225144E-06 -1.252806286E-05
188.6 5.014441592E-06 -6.26805199E-05
188.8 5.017662171E-06 1.734205195E-20
189 5.020886889E-06 1.255221722E-05
189.2 5.024115756E-06 2.717853328E-20
189.4 5.027348777E-06 5.51465289E-21
189.6 0 -1.257646491E-05
189.8 0 -8.939514511E-21
190 0 -2.765176049E-20
190.2 0 2.52016129E-05
190.4 0 2.52178825E-05
190.6 0 1.261708656E-05
190.8 0 1.26252424E-05
191 0 -2.526681759E-05
191.2 0 -3.792475728E-05
191.4 0 -1.264977332E-05
191.6 0 5.063188594E-05
191.8 0 0.0001139956226
192 0 0.0001013951979
192.2 0 6.341314935E-05
192.4 0 1.26908707E-05
192.6 0 1.037675941E-20
192.8 0 3.812215355E-05
193 0 5.086263021E-05
193.2 5.089576547E-06 5.089576547E-05
193.4 5.092894394E-06 -2.546447197E-05
193.6 5.096216569E-06 -3.822162427E-05
193.8 5.099543081E-06 -2.54977154E-05
194 0 -5.102873939E-05
194.2 5.10620915E-06 -1.276552288E-05
194.4 5.109548725E-06 -3.832161543E-05
194.6 5.11289267E-06 -0.0001022578534
194.8 5.116240995E-06 3.010255434E-20
195 5.119593709E-06 8.959288991E-05
195.2 5.12295082E-06 6.403688525E-05
195.4 1.025262467E-05 6.40789042E-05
195.6 1.53890348E-05 1.282419567E-05
195.8 1.026609724E-05 -5.13304862E-05
196 1.027284681E-05 -2.568211703E-05
196.2 1.027960526E-05 3.413566984E-20
196.4 1.028637261E-05 -5.143186307E-05
196.6 1.029314888E-05 -1.28664361E-05
196.8 1.029993408E-05 5.14996704E-05
197 5.153364116E-06 5.153364116E-05
197.2 5.156765677E-06 5.156765677E-05
197.4 1.032034346E-05 5.160171731E-05
197.6 2.065432915E-05 -1.189790988E-20
197.8 3.100198413E-05 -1.291749339E-05
198 3.102250165E-05 1.292604236E-05
198.2 3.621688742E-05 -0.0001164114238
198.4 4.141815772E-05 -0.0001164885686
198.6 4.662632626E-05 -1.295175729E-05
198.8 4.665726609E-05 -8.353439254E-21
199 4.668824701E-05 3.890687251E-05
199.2 5.1910299E-05 7.78654485E-05
199.4 5.194481383E-05 3.895861037E-05
199.6 5.717731204E-05 -5.197937458E-05
199.8 6.761817577E-05 -5.201398136E-05
200 7.286808794E-05 -2.602431712E-05
200.2 7.291666667E-05 -7.8125E-05
200.4 6.775350233E-05 -0.0001042361574
200.6 6.779873164E-05 -9.126752336E-05
200.8 6.26252505E-05 -7.828156313E-05
201 6.26671123E-05 -2.611129679E-05
201.2 5.748327759E-05 -2.612876254E-05
201.4 5.752175368E-05 5.071371625E-21
201.6 5.756028131E-05 3.924564635E-05
201.8 5.236260054E-05 3.92719504E-05
202 5.239771965E-05 2.619885983E-05
202.2 5.243288591E-05 -9.671311172E-21
202.4 5.24680994E-05 -1.311702485E-05
202.6 5.250336022E-05 -5.250336022E-05
202.8 5.253866846E-05 -6.567333557E-05
203 5.783142665E-05 -5.257402423E-05
203.2 5.787037037E-05 -2.259625129E-20
203.4 6.317385445E-05 7.896731806E-05
203.6 5.794841537E-05 5.268037761E-05
203.8 6.325910931E-05 5.271592443E-05
204 6.330182309E-05 9.231515868E-05
204.2 5.806587838E-05 3.959037162E-05
204.4 5.810513861E-05 -2.641142664E-05
204.6 5.814445196E-05 -1.321464817E-05
204.8 5.818381855E-05 -1.322359513E-05
205 5.822323848E-05 -2.64651084E-05
205.2 5.296610169E-05 1.324152542E-05
205.4 5.300203528E-05 6.62525441E-05
205.6 5.834181942E-05 0.0001060760353
205.8 5.83814538E-05 5.307404891E-05
206 5.842114208E-05 2.655506458E-05
206.2 5.846088435E-05 5.31462585E-05
206.4 5.850068074E-05 3.988682777E-05
206.6 5.854053134E-05 1.166588014E-20
206.8 5.858043626E-05 -1.7288813E-21
207 5.862039563E-05 3.996845157E-05
207.2 5.866040956E-05 3.999573379E-05
207.4 5.870047814E-05 2.668203552E-05
207.6 6.408065619E-05 1.335013671E-05
207.8 6.946819425E-05 2.671853625E-05
208 6.951574264E-05 2.673682409E-05
208.2 6.956335616E-05 1.337756849E-05
208.4 6.961103496E-05 -1.338673749E-05
208.6 6.965877915E-05 -5.358367627E-05
208.8 6.970658888E-05 -4.021533974E-05
209 6.975446429E-05 -1.341432005E-05
209.2 6.98024055E-05 5.604748391E-20
209.4 6.985041265E-05 1.343277166E-05
209.6 6.989848589E-05 1.344201652E-05
209.8 6.994662534E-05 -1.34512741E-05
210 6.999483115E-05 5.084022758E-20
210.2 7.004310345E-05 2.693965517E-05
210.4 6.469979296E-05 1.347912353E-05
210.6 5.934910221E-05 -1.348843232E-05
210.8 5.399101589E-05 1.349775397E-05
211 4.862551867E-05 4.052126556E-05
211.2 3.784602076E-05 2.703287197E-05
211.4 2.70515928E-05 5.41031856E-05
211.6 2.165627166E-05 6.767584893E-05
211.8 2.167128988E-05 6.772278086E-05
212 1.62647467E-05 2.710791117E-05
212.2 1.085069444E-05 1.677021641E-20
212.4 1.085823489E-05 4.071838082E-05
212.6 5.432892907E-06 2.716446453E-05
212.8 0 2.718336813E-05
213 0 4.080344708E-05
213.2 5.444250871E-06 2.722125436E-05
213.4 1.089609484E-05 4.086035565E-05
213.6 1.63555478E-05 6.814811584E-05
213.8 3.273393855E-05 5.455656425E-05
214 4.367575122E-05 -4.094601677E-05
214.2 5.463286713E-05 -0.0001092657343
214.4 6.013820854E-05 -4.1003324E-05
214.6 6.018032213E-05 -2.735469188E-05
214.8 6.022249474E-05 -1.368693062E-05
215 6.026472651E-05 2.73930575E-05
215.2 7.127192982E-05 4.111842105E-05
215.4 7.132198034E-05 0.0001097261236
215.6 6.039177793E-05 0.0001509794448
215.8 4.944620253E-05 6.867528129E-05
216 5.497888811E-05 -4.123416608E-05
216.2 5.501760563E-05 -1.375440141E-05
216.4 5.505637773E-05 1.757097515E-20
216.6 6.611424542E-05 -2.754760226E-05
216.8 6.616090332E-05 5.51340861E-05
217 6.620762712E-05 6.896627825E-05
217.2 7.177561837E-05 2.760600707E-05
217.4 7.182637907E-05 6.906382603E-05
217.6 7.740622788E-05 5.529016277E-05
217.8 8.299398017E-05 1.383233003E-05
218 8.305279943E-05 2.07487707E-20
218.2 7.757092199E-05 -2.770390071E-05
218.4 7.208126331E-05 -3.703476234E-21
218.6 7.213245739E-05 -2.774325284E-05
218.8 7.218372424E-05 -5.552594172E-05
219 6.667852063E-05 -2.778271693E-05
219.2 6.672597865E-05 4.170373665E-05
219.4 5.564458689E-05 5.564458689E-05
219.6 3.897897363E-05 -2.784212402E-05
219.8 3.343437946E-05 -1.393099144E-05
220 3.345824411E-05 -1.394093505E-05
220.2 4.464285714E-05 -2.790178571E-05
220.4 4.467476769E-05 -2.792172981E-05
220.6 4.470672389E-05 -4.191255365E-05
220.8 4.473872584E-05 -4.194255548E-05
221 3.917442693E-05 -2.798173352E-05
221.2 3.920250896E-05 -7.000448029E-05
221.4 3.362625538E-05 -5.604375897E-05
221.6 2.804199569E-05 -1.402099785E-05
221.8 2.80621408E-05 -2.80621408E-05
222 3.369877786E-05 8.314644943E-21
222.2 3.372302158E-05 1.405125899E-05
222.4 3.374730022E-05 -2.812275018E-05
222.6 3.377161383E-05 -4.221451729E-05
222.8 3.379596251E-05 -4.224495314E-05
223 3.382034632E-05 -1.409181097E-05
223.2 3.384476534E-05 -1.410198556E-05
223.4 3.386921965E-05 -7.056087428E-05
223.6 3.389370933E-05 -4.236713666E-05
223.8 3.957127352E-05 1.413259768E-05
224 4.52570601E-05 1.414283128E-05
224.2 5.095108696E-05 -7.076539855E-05
224.4 5.665337201E-05 -4.249002901E-05
224.6 5.669448476E-05 7.086810595E-05
224.8 5.10620915E-05 -1.418391431E-05
225 4.542151163E-05 -7.097111192E-05
225.2 3.977272727E-05 -3.852829961E-20
225.4 4.548762737E-05 1.421488355E-05
225.6 4.552075747E-05 1.422523671E-05
225.8 4.555393586E-05 1.423560496E-05
226 3.988876732E-05 5.698395332E-05
226.2 3.421532847E-05 5.702554745E-05
226.4 2.853360117E-05 -5.706720234E-05
226.6 2.855445906E-05 -5.710891813E-05
226.8 2.857534748E-05 -2.857534748E-05
227 2.859626647E-05 -2.194548669E-20
227.2 2.289377289E-05 -2.153521119E-20
227.4 1.145527859E-05 -4.295729472E-05
227.6 5.731841526E-06 -1.432960382E-05
227.8 5.736049927E-06 1.434012482E-05
228 5.740264511E-06 -2.21507691E-20
228.2 5.744485294E-06 -1.436121324E-05
228.4 5.748712288E-06 -0.000100602465
228.6 5.752945508E-06 -0.0001150589102
228.8 0 -1.439296242E-05
229 0 -2.880715339E-05
229.2 0 -4.324261993E-05
229.4 0 -1.442485229E-05
229.6 5.774205469E-06 -1.443551367E-05
229.8 0 -5.778476331E-05
230 0 -1.445688379E-05
230.2 0 2.893518519E-05
230.4 0 1.447831727E-05
230.6 0 -1.448905786E-05
230.8 0 -5.799925761E-05
231 5.80423477E-06 -5.80423477E-05
231.2 0 -2.391019232E-21
231.4 0 4.359654018E-05
231.6 0 2.908600149E-05
231.8 0 1.455383756E-05
232 0 -7.282345265E-05
232.2 0 -0.0001020289179
232.4 0 -8.751867065E-05
232.6 0 -0.0001167787743
232.8 0 -8.764958863E-05
233 0 -4.385759731E-05
233.2 0 -2.926029963E-05
233.4 0 -4.392335082E-05
233.6 0 -2.930420105E-05
233.8 0 -1.46631006E-05
234 0 -1.467411721E-05
234.2 0 -1.468515038E-05
234.4 0 -1.469620015E-05
234.6 0 -2.941453313E-05
234.8 0 -2.943669932E-05
235 0 1.012305677E-20
235.2 0 -6.058019397E-22
235.4 0 -1.47516994E-05
235.6 0 2.952569917E-05
235.8 0 5.909606657E-05
236 0 1.478520061E-05
236.2 5.918560606E-06 -2.38686872E-20
236.4 5.923047763E-06 -2.222423494E-20
236.6 5.92754173E-06 -1.731187072E-20
236.8 5.932042521E-06 -1.35058748E-20
237 5.936550152E-06 -2.968275076E-05
237.2 5.941064639E-06 -4.455798479E-05
237.4 5.945585997E-06 -3.841661255E-20
237.6 5.950114242E-06 5.950114242E-05
237.8 5.95464939E-06 1.488662348E-05
238 5.959191457E-06 -1.489797864E-05
238.2 5.963740458E-06 -5.088146175E-20
238.4 1.193659282E-05 -4.476222307E-05
238.6 1.194571865E-05 -2.986429664E-05
238.8 5.977429227E-06 2.988714614E-05
239 5.982006126E-06 2.991003063E-05
239.2 5.986590038E-06 -2.993295019E-05
239.4 5.991180982E-06 -4.493385736E-05
239.6 5.995778972E-06 -1.498944743E-05
239.8 0 -3.000192012E-05
240 0 4.503747118E-05
240.2 0 7.512019231E-05
240.4 0 -6.014241724E-05
240.6 6.018875193E-06 -3.009437596E-05
240.8 0 4.517636854E-05
241 6.02816358E-06 1.507040895E-05
241.2 6.032818533E-06 -8.318560016E-21
241.4 6.03748068E-06 1.50937017E-05
241.6 0 -1.97540412E-20
241.8 6.046826625E-06 3.023413313E-05
242 6.051510457E-06 3.025755229E-05
242.2 1.21124031E-05 -3.028100775E-05
242.4 1.818269977E-05 1.515224981E-05
242.6 2.426242236E-05 3.032802795E-05
242.8 3.035159285E-05 -1.517579643E-05
243 3.645023328E-05 -4.55627916E-05
243.2 4.255836576E-05 -3.039883268E-05
243.4 4.867601246E-05 1.521125389E-05
243.6 5.480319564E-05 4.56693297E-05
243.8 5.484594384E-05 6.09399376E-05
244 6.098750976E-05 3.049375488E-05
244.2 6.103515625E-05 1.525878906E-05
244.4 6.108287725E-05 -2.771327068E-20
244.6 6.113067293E-05 -4.195437307E-20
244.8 6.117854346E-05 -4.58839076E-05
245 6.122648903E-05 -1.912323724E-20
245.2 5.514705882E-05 6.12745098E-05
245.4 6.132260597E-05 -3.066130298E-05
245.6 6.137077769E-05 -3.068538885E-05
245.8 6.141902516E-05 1.535475629E-05
246 6.76140834E-05 1.536683714E-05
246.2 7.381889764E-05 -3.075787402E-05
246.4 8.003349094E-05 -3.061652151E-20
246.6 8.009660883E-05 3.080638801E-05
246.8 9.249210734E-05 1.875002599E-20
247 9.873617694E-05 1.542752765E-05
247.2 9.881422925E-05 3.087944664E-05
247.4 9.889240506E-05 1.545193829E-05
247.6 9.897070467E-05 4.639251781E-05
247.8 9.904912837E-05 7.738213154E-05
248 9.912767645E-05 9.293219667E-05
248.2 9.300595238E-05 1.550099206E-05
248.4 8.687450357E-05 -6.205321684E-05
248.6 8.073330684E-05 -5.283612209E-20
248.8 7.45823389E-05 1.194869434E-20
249 6.220143312E-05 4.665107484E-05
249.2 5.602589641E-05 4.668824701E-05
249.4 4.984051037E-05 1.557515949E-05
249.6 4.36452514E-05 6.235035914E-05
249.8 4.368011182E-05 6.240015974E-05
250 4.371502798E-05 1.561250999E-05
250.2 3.75E-05 -6.25E-05
250.4 5.004003203E-05 -1.563751001E-05
250.6 5.634014423E-05 3.130008013E-05
250.8 5.638532478E-05 -1.566259022E-05
251 6.270064205E-05 -9.365243257E-22
251.2 6.275100402E-05 1.5687751E-05
251.4 6.280144695E-05 -1.570036174E-05
251.6 5.656677393E-05 -7.85649638E-05
251.8 5.032206119E-05 -1.759902473E-20
252 3.77719581E-05 7.869157937E-05
252.2 3.150201613E-05 3.150201613E-05
252.4 3.152744149E-05 -1.576372074E-05
252.6 2.524232633E-05 1.577645396E-05
252.8 3.157841552E-05 0.0001105244543
253 2.528317152E-05 9.48118932E-05
253.2 1.265182186E-05 -1.581477733E-05
253.4 1.899311183E-05 1.113925618E-20
253.6 1.267234388E-05 0.0001425638686
253.8 6.341314935E-06 0.0001268262987
254 6.346466288E-06 4.759849716E-05
254.2 6.351626016E-06 -1.587906504E-05
254.4 6.356794142E-06 -1.589198535E-05
254.6 1.272394137E-05 1.590492671E-05
254.8 1.910146699E-05 -1.591788916E-05
255 1.911704731E-05 -3.186174551E-05
255.2 1.913265306E-05 2.152219039E-20
255.4 1.914828431E-05 -1.254860228E-21
255.6 1.916394113E-05 -1.596995094E-05
255.8 1.917962357E-05 -2.162457484E-20
256 1.27968878E-05 -3.199221949E-05
256.2 1.280737705E-05 -6.403688525E-05
256.4 1.281788351E-05 -6.408941756E-05
256.6 6.414203612E-06 -3.207101806E-05
256.8 1.283894823E-05 -1.604868529E-05
257 1.284950658E-05 -3.212376645E-05
257.2 1.28600823E-05 -1.607510288E-05
257.4 1.287067545E-05 1.608834432E-05
257.6 1.288128607E-05 3.220321517E-05
257.8 1.289191419E-05 -4.834467822E-05
258 1.290255987E-05 -6.451279934E-05
258.2 1.291322314E-05 3.228305785E-05
258.4 0 -1.615488007E-05
258.6 0 -4.850475993E-05
258.8 6.472659486E-06 1.618164872E-05
259 1.295605307E-05 4.8585199E-05
259.2 1.296680498E-05 4.862551867E-05
259.4 6.488787375E-06 1.622196844E-05
259.6 1.298836243E-05 3.247090607E-05
259.8 6.499584027E-06 3.249792013E-05
260 1.300999167E-05 3.252497918E-05
260.2 6.510416667E-06 3.255208333E-05
260.4 1.303169308E-05 -1.628961635E-05
260.6 1.304257095E-05 1.630321369E-05
260.8 1.3053467E-05 4.895050125E-05
261 1.306438127E-05 3.266095318E-05
261.2 1.307531381E-05 3.268828452E-05
261.4 1.308626466E-05 4.907349246E-05
261.6 1.309723386E-05 3.274308466E-05
261.8 1.310822148E-05 -1.638527685E-05
262 1.311922754E-05 1.459442846E-20
262.2 1.31302521E-05 3.282563025E-05
262.4 1.314129521E-05 1.642661901E-05
262.6 1.31523569E-05 2.096715041E-20
262.8 1.316343724E-05 2.416068207E-20
263 1.317453626E-05 1.646817032E-05
263.2 1.318565401E-05 1.648206751E-05
263.4 1.319679054E-05 3.299197635E-05
263.6 1.32079459E-05 -1.304746892E-20
263.8 1.321912014E-05 -3.304780034E-05
264 1.323031329E-05 9.175863114E-21
264.2 1.324152542E-05 -4.531964578E-21
264.4 1.325275657E-05 3.313189143E-05
264.6 1.326400679E-05 3.316001698E-05
264.8 1.327527613E-05 -3.1652667E-20
265 1.328656463E-05 -1.660820578E-05
265.2 1.329787234E-05 -4.986702128E-05
265.4 1.330919932E-05 1.663649915E-05
265.6 1.332054561E-05 3.330136402E-05
265.8 1.333191126E-05 -3.332977816E-05
266 1.334329633E-05 -5.003736123E-05
266.2 1.335470085E-05 -6.677350427E-05
266.4 1.336612489E-05 -6.683062447E-05
266.6 1.337756849E-05 -8.360980308E-05
266.8 1.338903171E-05 -3.347257926E-05
267 1.340051458E-05 -5.166575498E-21
267.2 1.341201717E-05 -6.706008584E-05
267.4 1.342353952E-05 -5.03382732E-05
267.6 6.717540843E-06 -1.679385211E-05
267.8 0 -5.042491394E-05
268 6.729112834E-06 -5.046834625E-05
268.2 6.734913793E-06 1.683728448E-05
268.4 6.740724763E-06 5.055543572E-05
268.6 6.746545769E-06 3.373272884E-05
268.8 6.752376837E-06 1.688094209E-05
269 6.758217993E-06 -1.689554498E-05
269.2 1.352813853E-05 -3.382034632E-05
269.4 1.353986135E-05 1.118884213E-20
269.6 0 7.134778672E-21
269.8 0 -6.781684028E-05
270 6.787576021E-06 -8.484470026E-05
270.2 6.793478261E-06 -1.698369565E-05
270.4 6.799390775E-06 7.163526663E-21
270.6 6.805313589E-06 -1.701328397E-05
270.8 6.811246731E-06 -1.702811683E-05
271 6.817190227E-06 1.704297557E-05
271.2 6.823144105E-06 5.117358079E-05
271.4 6.829108392E-06 1.707277098E-05
271.6 6.835083115E-06 1.708770779E-05
271.8 6.841068301E-06 3.420534151E-05
272 6.847063979E-06 3.423531989E-05
272.2 1.370614035E-05 5.139802632E-05
272.4 6.859086918E-06 3.429543459E-05
272.6 1.373022847E-05 8.581392794E-05
272.8 1.374230431E-05 0.0001546009235
273 1.375440141E-05 8.59650088E-05
273.2 6.883259912E-06 2.008840756E-20
273.4 6.889329806E-06 -1.722332451E-05
273.6 6.895410415E-06 -3.447705207E-05
273.8 6.901501767E-06 -5.176126325E-05
274 6.90760389E-06 -1.726900973E-05
274.2 6.913716814E-06 1.933252807E-20
274.4 6.919840567E-06 -1.729960142E-05
274.6 6.925975177E-06 -1.731493794E-05
274.8 0 -3.466060337E-05
275 6.938277087E-06 -5.203707815E-05
275.2 6.944444444E-06 -6.944444444E-05
275.4 6.950622776E-06 -3.475311388E-05
275.6 6.95681211E-06 -7.558253798E-21
275.8 6.963012478E-06 1.740753119E-05
276 6.969223907E-06 3.484611954E-05
276.2 6.975446429E-06 -5.211599861E-21
276.4 6.981680071E-06 1.745420018E-05
276.6 6.987924866E-06 1.746981216E-05
276.8 6.994180842E-06 -1.74854521E-05
277 7.000448029E-06 -3.500224014E-05
277.2 7.006726457E-06 1.751681614E-05
277.4 7.013016158E-06 5.259762118E-05
277.6 7.019317161E-06 -1.75482929E-05
277.8 7.025629496E-06 -1.756407374E-05
278 7.031953195E-06 5.273964896E-05
278.2 0 3.519144144E-05
278.4 7.044634806E-06 4.407422555E-20
278.6 7.05099278E-06 -5.288244585E-05
278.8 7.05736224E-06 -5.29302168E-05
279 7.063743219E-06 -1.765935805E-05
279.2 7.070135747E-06 3.38669611E-20
279.4 7.076539855E-06 3.523311192E-20
279.6 7.082955576E-06 -5.312216682E-05
279.8 7.08938294E-06 -7.08938294E-05
280 7.09582198E-06 -5.321866485E-05
280.2 7.102272727E-06 -1.775568182E-05
280.4 7.108735214E-06 -3.554367607E-05
280.6 7.115209472E-06 -3.557604736E-05
280.8 7.121695533E-06 4.445046592E-20
281 7.128193431E-06 -1.782048358E-05
281.2 7.134703196E-06 -1.783675799E-05
281.4 7.141224863E-06 -1.785306216E-05
281.6 7.147758463E-06 -1.786939616E-05
281.8 7.154304029E-06 -1.788576007E-05
282 7.160861595E-06 -1.790215399E-05
282.2 0 -3.583715596E-05
282.4 0 -3.587006428E-05
282.6 0 1.795151654E-05
282.8 0 3.593606256E-05
283 0 1.798457643E-05
283.2 0 -3.600230415E-05
283.4 7.207103321E-06 -1.80177583E-05
283.6 7.213758079E-06 -3.483660334E-21
283.8 7.220425139E-06 2.011415536E-20
284 7.227104533E-06 5.4203284E-05
284.2 7.233796296E-06 1.808449074E-05
284.4 7.240500463E-06 1.475944028E-20
284.6 7.247217069E-06 4.500974611E-20
284.8 7.253946147E-06 3.626973073E-05
285 7.260687732E-06 5.445515799E-05
285.2 7.26744186E-06 5.450581395E-05
285.4 7.274208566E-06 7.274208566E-05
285.6 7.280987884E-06 1.820246971E-05
285.8 7.287779851E-06 5.465834888E-05
286 0 7.2945845E-05
286.2 1.460280374E-05 7.301401869E-05
286.4 1.461646399E-05 9.135289991E-05
286.6 1.463014981E-05 7.315074906E-05
286.8 1.464386129E-05 7.321930647E-05
287 1.46575985E-05 5.496599437E-05
287.2 1.46713615E-05 3.667840376E-05
287.4 1.468515038E-05 3.671287594E-05
287.6 1.469896519E-05 -6.710689391E-20
287.8 1.471280603E-05 -1.839100753E-05
288 1.472667295E-05 3.681668238E-05
288.2 1.474056604E-05 3.685141509E-05
288.4 1.475448536E-05 1.84431067E-05
288.6 1.4768431E-05 9.433040773E-21
288.8 1.478240303E-05 1.847800378E-05
289 1.479640152E-05 -1.849550189E-05
289.2 1.481042654E-05 2.351887482E-20
289.4 7.412239089E-06 3.706119545E-05
289.6 1.483855651E-05 -1.854819563E-05
289.8 1.48526616E-05 -3.713165399E-05
290 1.486679353E-05 -5.575047574E-05
290.2 1.488095238E-05 -2.654599971E-20
290.4 1.489513823E-05 1.157958378E-21
290.6 1.490935115E-05 3.727337786E-05
290.8 1.492359121E-05 -1.291853209E-20
291 2.240678776E-05 -1.867232314E-05
291.2 2.242822967E-05 1.454555269E-20
291.4 2.244971264E-05 -3.292181486E-20
291.6 1.498082454E-05 7.490412272E-05
291.8 2.24928023E-05 1.874400192E-05
292 2.251440922E-05 -1.876200768E-05
292.2 2.253605769E-05 -3.756009615E-05
292.4 2.255774783E-05 -3.759624639E-05
292.6 2.257947977E-05 -3.763246628E-05
292.8 2.260125362E-05 -5.650313404E-05
293 2.26230695E-05 -1.885255792E-05
293.2 2.264492754E-05 -1.887077295E-05
293.4 1.511121857E-05 -3.777804642E-05
293.6 1.512584705E-05 1.570335237E-20
293.8 1.514050388E-05 1.206144817E-20
294 1.515518914E-05 -5.683195926E-05
294.2 1.516990291E-05 -3.792475728E-05
294.4 1.518464529E-05 1.898080661E-05
294.6 1.519941634E-05 1.899927043E-05
294.8 1.521421616E-05 -5.705331061E-05
295 1.522904483E-05 -3.807261209E-05
295.2 1.524390244E-05 1.905487805E-05
295.4 1.525878906E-05 3.814697266E-05
295.6 0 1.909213099E-05
295.8 7.644324853E-06 1.961616122E-20
296 7.651811949E-06 2.573972608E-20
296.2 7.659313725E-06 -3.829656863E-05
296.4 7.666830226E-06 -1.916707556E-05
296.6 7.674361493E-06 -1.918590373E-05
296.8 7.681907571E-06 -3.840953786E-05
297 7.689468504E-06 -1.922367126E-05
297.2 7.697044335E-06 3.478128964E-20
297.4 7.704635108E-06 -1.926158777E-05
297.6 7.712240869E-06 -7.712240869E-05
297.8 7.71986166E-06 -7.71986166E-05
298 0 -5.795623145E-05
298.2 7.735148515E-06 -7.735148515E-05
298.4 7.742814668E-06 -5.807111001E-05
298.6 7.750496032E-06 -1.937624008E-05
298.8 7.758192651E-06 -5.818644489E-05
299 7.765904573E-06 -3.882952286E-05
299.2 7.773631841E-06 1.415396269E-20
299.4 7.781374502E-06 -5.836030876E-05
299.6 7.789132602E-06 -7.789132602E-05
299.8 7.796906188E-06 -3.898453094E-05
300 7.804695305E-06 1.951173826E-05
300.2 7.8125E-06 -1.953125E-05
300.4 7.82032032E-06 -5.86524024E-05
300.6 7.828156313E-06 -3.914078156E-05
300.8 7.836008024E-06 -3.918004012E-05
301 7.843875502E-06 -3.921937751E-05
301.2 7.851758794E-06 -5.888819095E-05
301.4 7.859657948E-06 -5.894743461E-05
301.6 0 -3.933786506E-05
301.8 0 -1.968876008E-05
302 0 -1.970862765E-05
302.2 0 -3.945707071E-05
302.4 0 -1.974848332E-05
302.6 0 -1.976847166E-05
302.8 0 -3.957700101E-05
303 0 -1.980856998E-05
303.2 0 2.83160756E-20
303.4 0 -5.95464939E-05
303.6 0 -7.947609359E-05
303.8 0 -5.966776986E-05
304 0 -3.981906218E-05
304.2 0 -1.992984694E-05
304.4 0 -1.995020429E-05
304.6 0 1.997060327E-05
304.8 0 -2.789914418E-20
305 0 -2.001152664E-05
305.2 0 -2.003205128E-05
305.4 0 -4.010523614E-05
305.6 0 -2.007322713E-05
305.8 0 -4.864781264E-20
306 0 -6.134155322E-20
306.2 0 -2.124149756E-20
306.4 0 2.015608875E-05
306.6 0 4.035382231E-05
306.8 0 2.019777663E-05
307 0 -7.123751272E-20
307.2 0 -2.023963731E-05
307.4 0 1.095341842E-19
307.6 0 2.133362738E-21
307.8 0 -2.030275468E-05
308 0 1.755914596E-20
308.2 0 4.069010417E-05
308.4 0 4.073253389E-05
308.6 0 -2.03875261E-05
308.8 0 -2.140249809E-20
309 0 2.043017782E-05
309.2 0 2.045157068E-05
309.4 0 2.047300839E-05
309.6 0 -2.049449108E-05
309.8 0 -2.051601891E-05
310 0 -2.053759201E-05
310.2 0 2.055921053E-05
310.4 0 4.116174921E-05
310.6 0 2.610159325E-21
310.8 0 2.062434002E-05
311 0 2.064614165E-05
311.2 0 -2.066798942E-05
311.4 0 -4.218623748E-20
311.6 0 2.071182397E-05
311.8 0 4.419677646E-20
312 0 2.075584485E-05
312.2 0 2.077792553E-05
312.4 0 2.080005325E-05
312.6 0 4.164445629E-05
312.8 0 4.168890075E-05
313 0 -2.965339275E-21
313.2 0 -4.177807487E-05
313.4 0 2.091140257E-05
313.6 0 6.280144695E-05
313.8 0 2.095627682E-05
314 0 2.097878625E-05
314.2 0 2.100134409E-05
314.4 0 5.421388852E-20
314.6 0 1.403189191E-21
314.8 0 -4.21386192E-05
315 0 -4.934854392E-21
315.2 0 6.334459459E-05
315.4 0 2.113771645E-05
315.6 0 -2.116061755E-05
315.8 0 -4.236713666E-05
316 0 -4.241313789E-05
316.2 0 -4.245923913E-05
316.4 0 -2.125272035E-05
316.6 0 -2.127587146E-05
316.8 0 -4.259814613E-05
317 0 -6.396697598E-05
317.2 0 -8.538251366E-05
317.4 0 -4.273796499E-05
317.6 0 2.161975614E-20
317.8 0 -3.145356086E-20
318 0 -1.644610788E-20
318.2 0 2.522141053E-20
318.4 0 4.29730473E-05
318.6 0 2.151018722E-05
318.8 0 1.136441054E-20
319 0 1.401791925E-20
319.2 0 -4.316298343E-05
319.4 0 -2.597108093E-21
319.6 0 2.162929125E-05
319.8 0 4.330654102E-05
320 0 4.335460599E-05
320.2 8.680555556E-06 -6.510416667E-05
320.4 0 -2.172552836E-05
320.6 1.739977728E-05 6.524916481E-05
320.8 1.741917503E-05 2.177396878E-05
321 8.719308036E-06 -2.179827009E-05
321.2 8.729050279E-06 -2.18226257E-05
321.4 8.738814318E-06 6.554110738E-05
321.6 8.748600224E-06 6.561450168E-05
321.8 8.758408072E-06 4.379204036E-05
322 8.768237935E-06 2.192059484E-05
322.2 8.778089888E-06 2.194522472E-05
322.4 8.787964004E-06 6.590973003E-05
322.6 8.79786036E-06 -2.134763825E-20
322.8 8.80777903E-06 2.722976388E-21
323 8.81772009E-06 4.408860045E-05
323.2 8.827683616E-06 6.620762712E-05
323.4 0 4.418834842E-05
323.6 0 2.211919592E-05
323.8 0 4.428854875E-05
324 8.867763905E-06 4.433881952E-05
324.2 8.877840909E-06 4.438920455E-05
324.4 8.887940842E-06 4.443970421E-05
324.6 8.898063781E-06 4.449031891E-05
324.8 8.908209806E-06 2.227052452E-05
325 8.918378995E-06 -2.229594749E-05
325.2 8.928571429E-06 -2.232142857E-05
325.4 8.938787185E-06 2.234696796E-05
325.6 8.949026346E-06 1.228145735E-20
325.8 8.959288991E-06 8.004933214E-21
326 8.969575201E-06 4.4847876E-05
326.2 8.979885057E-06 -2.244971264E-05
326.4 8.990218642E-06 -6.742663982E-05
326.6 9.000576037E-06 -6.750432028E-05
326.8 9.010957324E-06 -4.422719784E-20
327 9.021362587E-06 2.255340647E-05
327.2 9.031791908E-06 -4.819120645E-20
327.4 0 -2.260561343E-05
327.6 0 -6.789542294E-05
327.8 0 -6.797418794E-05
328 0 -6.805313589E-05
328.2 0 -4.542151163E-05
328.4 0 -4.547438882E-05
328.6 0 -2.276369464E-05
328.8 0 -4.558051342E-05
329 9.126752336E-06 -6.845064252E-05
329.2 9.137426901E-06 2.501936828E-21
329.4 9.148126464E-06 2.287031616E-05
329.6 9.158851114E-06 2.289712778E-05
329.8 9.169600939E-06 2.292400235E-05
330 0 -2.295094007E-05
330.2 0 -2.297794118E-05
330.4 9.202002356E-06 5.379779946E-20
330.6 9.212853774E-06 -2.303213443E-05
330.8 9.223730815E-06 -5.702837924E-21
331 9.23463357E-06 4.617316785E-05
331.2 9.24556213E-06 6.934171598E-05
331.4 9.256516588E-06 4.628258294E-05
331.6 9.267497034E-06 8.232244848E-21
331.8 9.278503563E-06 -1.073629465E-20
332 9.289536266E-06 -1.467989202E-21
332.2 9.300595238E-06 2.085661662E-20
332.4 9.311680572E-06 2.327920143E-05
332.6 9.322792363E-06 -1.066922242E-21
332.8 9.333930705E-06 -4.666965352E-05
333 9.345095694E-06 -2.336273923E-05
333.2 9.356287425E-06 -2.697189656E-20
333.4 9.367505995E-06 3.453365425E-20
333.6 9.378751501E-06 2.344687875E-05
333.8 0 -7.042518029E-05
334 0 2.425906069E-20
334.2 0 2.353162651E-05
334.4 9.424004825E-06 -4.712002413E-05
334.6 9.435386473E-06 2.358846618E-05
334.8 9.446795647E-06 2.361698912E-05
335 9.458232446E-06 4.729116223E-05
335.2 9.46969697E-06 2.367424242E-05
335.4 9.48118932E-06 -2.37029733E-05
335.6 9.492709599E-06 -7.119532199E-05
335.8 9.504257908E-06 -4.752128954E-05
336 9.515834348E-06 3.111354213E-20
336.2 9.527439024E-06 3.350181802E-21
336.4 9.539072039E-06 2.38476801E-05
336.6 9.550733496E-06 -2.387683374E-05
336.8 9.562423501E-06 -4.78121175E-05
337 9.574142157E-06 -1.31864288E-20
337.2 0 -2.396472393E-05
337.4 0 -2.399416462E-05
337.6 0 -2.402367774E-05
337.8 0 -2.405326355E-05
338 0 2.536436106E-20
338.2 0 4.822530864E-05
338.4 0 4.828491965E-05
338.6 0 4.834467822E-05
338.8 0 2.420229244E-05
339 0 -2.42323201E-05
339.2 0 2.426242236E-05
339.4 0 1.498262323E-20
339.6 0 3.548872393E-20
339.8 0 4.87063591E-05
340 0 7.315074906E-05
340.2 9.765625E-06 4.8828125E-05
340.4 9.777847309E-06 2.444461827E-05
340.6 9.790100251E-06 2.447525063E-05
340.8 9.80238394E-06 5.453371671E-20
341 9.814698492E-06 2.453674623E-05
341.2 0 2.456761006E-05
341.4 0 2.459855164E-05
341.6 9.851828499E-06 2.462957125E-05
341.8 9.864267677E-06 6.213119026E-20
342 9.876738306E-06 1.344800451E-21
342.2 9.889240506E-06 -2.472310127E-05
342.4 9.901774398E-06 -4.950887199E-05
342.6 9.914340102E-06 3.682333534E-20
342.8 9.926937738E-06 2.481734435E-05
343 9.93956743E-06 -2.484891858E-05
343.2 9.952229299E-06 -4.97611465E-05
343.4 9.964923469E-06 -2.491230867E-05
343.6 9.977650064E-06 2.494412516E-05
343.8 9.990409207E-06 7.492806905E-05
344 1.000320102E-05 5.001600512E-05
344.2 1.001602564E-05 2.50400641E-05
344.4 1.002888318E-05 7.521662388E-05
344.6 1.004177378E-05 7.531330334E-05
344.8 1.005469755E-05 2.513674389E-05
345 0 5.03382732E-05
345.2 0 7.560483871E-05
345.4 0 2.523417313E-05
345.6 2.021345408E-05 0.0001010672704
345.8 1.011981865E-05 0.0001011981865
346 1.013294423E-05 2.829891278E-20
346.2 1.01461039E-05 5.073051948E-05
346.4 1.015929779E-05 -2.06778561E-20
346.6 1.017252604E-05 -5.086263021E-05
346.8 1.018578879E-05 5.092894394E-05
347 1.019908616E-05 7.649314621E-05
347.2 1.02124183E-05 7.659313725E-05
347.4 1.022578534E-05 7.669339005E-05
347.6 1.023918742E-05 7.679390564E-05
347.8 1.025262467E-05 2.563156168E-05
348 1.026609724E-05 -7.69957293E-05
348.2 1.027960526E-05 -5.139802632E-05
348.4 0 2.57328722E-05
348.6 0 2.576682058E-05
348.8 0 -4.177703822E-20
349 0 2.583498677E-05
349.2 0 7.760761589E-05
349.4 0 0.0001036140584
349.6 0 5.187583001E-05
349.8 0 -2.065648599E-20
350 0 1.283813427E-20
350.2 0 1.019579159E-20
350.4 0 -2.607643525E-05
350.6 0 -2.942670975E-20
350.8 0 2.614625167E-05
351 0 1.113528976E-20
351.2 0 -2.302664065E-20
351.4 0 5.250336022E-05
351.6 0 7.886103634E-05
351.8 0 2.632243935E-05
352 0 -2.635796221E-05
352.2 0 -2.639358108E-05
352.4 0 -4.730140168E-20
352.6 0 -5.29302168E-05
352.8 0 -7.950305292E-05
353 0 -2.653702446E-05
353.2 0 9.854870881E-21
353.4 0 -5.321866485E-05
353.6 0 -0.0001065825375
353.8 0 -0.0001334101776
354 0 -0.000106874145
354.2 0 -5.351027397E-05
354.4 0 -5.358367627E-05
354.6 0 3.746608532E-20
354.8 0 2.686554333E-05
355 0 -5.380509642E-05
355.2 0 -0.0001346982759
355.4 0 -8.093059392E-05
355.6 0 -1.693199736E-20
355.8 0 -1.681864866E-20
356 0 -2.708911234E-05
356.2 0 -5.529786097E-20
356.4 0 2.716446453E-05
356.6 0 -9.257862283E-21
356.8 0 -2.72402371E-05
357 0 -6.322176996E-20
357.2 0 2.731643357E-05
357.4 0 -6.771244499E-20
357.6 0 -1.66385154E-20
357.8 0 2.74315309E-05
358 0 5.494022504E-05
358.2 0 5.456194398E-20
358.4 0 -2.754760226E-05
358.6 0 -9.704866317E-20
358.8 0 5.525106082E-05
359 0 -6.049011111E-20
359.2 0 -2.770390071E-05
359.4 0 2.774325284E-05
359.6 0 -5.287949401E-21
359.8 0 -5.564458689E-05
360 0 -2.786198288E-05
360.2 0 5.580357143E-05
360.4 0 2.930860164E-20
360.6 0 -2.798173352E-05
360.8 0 -3.038870959E-20
361 0 5.612428161E-05
361.2 0 8.430755396E-05
361.4 0 5.628602305E-05
361.6 0 2.818362193E-05
361.8 0 8.467304913E-05
362 0 0.0001695911722
362.2 0 0.0001132246377
362.4 0 2.834724238E-05
362.6 0 -1.188859058E-20
362.8 0 -3.331705901E-20
363 0 -1.53160556E-20
363.2 0 3.947729929E-20
363.4 0 5.710891813E-05
363.6 0 5.719253294E-05
363.8 0 -1.294225776E-20
364 1.147209985E-05 5.736049927E-05
364.2 1.148897059E-05 5.744485294E-05
364.4 1.150589102E-05 8.629418262E-05
364.6 1.152286136E-05 0.000144035767
364.8 0 5.769940916E-05
365 0 -2.889238166E-05
365.2 0 -0.0001157407407
365.4 0 -8.693434718E-05
365.6 0 2.902117385E-05
365.8 0 8.719308036E-05
366 0 2.910767511E-05
366.2 0 2.91511194E-05
366.4 0 8.758408072E-05
366.6 0 8.771519461E-05
366.8 0 0.0001756934033
367 0 0.000146631006
367.2 0 -2.937030075E-05
367.4 0 -2.941453313E-05
367.6 0 8.837669683E-05
367.8 0 5.900679758E-05
368 0 -2.954803328E-05
368.2 0 2.959280303E-05
368.4 0 5.92754173E-05
368.6 0 2.968275076E-05
368.8 0 2.972792998E-05
369 0 -2.977324695E-05
369.2 0 -5.963740458E-05
369.4 0 -5.972859327E-05
369.6 0 -0.0001196401225
369.8 0 -0.0001497795245
370 0 -0.0001500096006
370.2 0 -6.009615385E-05
370.4 0 -9.028312789E-05
370.6 0 -0.0001507040895
370.8 0 -3.01874034E-05
371 1.209365325E-05 -3.023413313E-05
371.2 2.42248062E-05 -3.028100775E-05
371.4 3.639363354E-05 -3.032802795E-05
371.6 4.860031104E-05 -9.11255832E-05
371.8 6.084501558E-05 -6.084501558E-05
372 7.312792512E-05 0.0001218798752
372.2 8.544921875E-05 0.0001831054688
372.4 8.55829421E-05 3.056533646E-05
372.6 8.571708464E-05 -2.109231846E-20
372.8 9.811616954E-05 0.0001226452119
373 8.598663522E-05 9.212853774E-05
373.2 8.612204724E-05 3.075787402E-05
373.4 7.393533123E-05 6.161277603E-05
373.6 6.171011058E-05 -3.003781019E-20
373.8 4.944620253E-05 6.180775316E-05
374 3.714342314E-05 9.285855784E-05
374.2 2.48015873E-05 -9.300595238E-05
374.4 2.484101749E-05 -6.210254372E-05
374.6 2.488057325E-05 9.330214968E-05
374.8 1.246012759E-05 6.230063796E-05
375 1.248003195E-05 6.240015974E-05
375.2 0 0.000125
375.4 0 6.260016026E-05
375.6 0 -6.005110349E-20
375.8 0 3.140072347E-05
376 0 -3.145128824E-05
376.2 0 -3.150201613E-05
376.4 0 6.310581583E-05
376.6 0 1.675469331E-20
376.8 0 -3.165518639E-05
377 0 6.341314935E-05
377.2 0 4.38023587E-20
377.4 0 -0.0001272394137
377.6 0 -9.558523654E-05
377.8 0 3.191380719E-05
378 0 6.393207856E-05
378.2 0 -3.201844262E-05
378.4 0 -9.621305419E-05
378.6 0 -3.212376645E-05
378.8 0 -3.217668863E-05
379 0 -6.445957096E-05
379.2 0 -3.228305785E-05
379.4 1.293460265E-05 6.467301325E-05
379.6 1.295605307E-05 0.0001619506633
379.8 2.59551495E-05 -6.192369033E-20
380 3.899750416E-05 -3.249792013E-05
380.2 5.208333333E-05 6.510416667E-05
380.4 6.521285476E-05 6.521285476E-05
380.6 7.838628763E-05 3.266095318E-05
380.8 9.16038526E-05 -2.232677367E-20
381 0.0001048657718 3.277055369E-05
381.2 0.0001050420168 -3.801109249E-20
381.4 0.000131523569 3.288089226E-05
381.6 0.0001317453626 3.293634064E-05
381.8 0.0001319679054 5.595081372E-20
382 0.0001321912014 6.609560068E-05
382.2 0.0001456567797 6.252528671E-20
382.4 0.0001591680815 -3.703207546E-20
382.6 0.0001727253401 -6.643282313E-05
382.8 0.0001863287905 -0.0001663649915
383 0.0001999786689 -6.665955631E-05
383.2 0.0002136752137 -6.677350427E-05
383.4 0.0002274186644 -0.0002341074486
383.6 0.000254609777 -0.0001340051458
383.8 0.0002550472509 0.0001006765464
384 0.0002420395869 -3.361660929E-05
384.2 0.0002424568966 -0.0001683728448
384.4 0.0002293825561 -6.746545769E-05
384.6 0.0002297794118 -6.758217993E-05
384.8 0.0002166377816 -3.384965338E-05
385 0.0002034505208 6.781684028E-05
385.2 0.0001902173913 -3.39673913E-05
385.4 0.0001769381533 -0.0001020797038
385.6 0.0001772469459 0.0001022578534
385.8 0.0001638986014 3.414554196E-05
386 0.0001505035026 -6.841068301E-05
386.2 0.0001370614035 0.0001027960526
386.4 0.0001235720562 6.865114236E-05
386.6 0.0001237896127 6.877200704E-05
386.8 0.0001240079365 3.444664903E-05
387 0.0001380300353 -3.450750883E-05
387.2 0.0001382743363 -3.145457013E-21
387.4 0.0001246675532 -6.925975177E-05
387.6 0.0001110124334 -1.05656857E-20
387.8 9.730871886E-05 6.950622776E-05
388 8.355614973E-05 -0.0001044451872
388.2 6.975446429E-05 -3.487723214E-05
388.4 6.987924866E-05 0.000104818873
388.6 5.600358423E-05 -7.000448029E-05
388.8 5.610412926E-05 -3.506508079E-05
389 5.620503597E-05 -3.512814748E-05
389.2 5.630630631E-05 -7.038288288E-05
389.4 5.640794224E-05 3.52549639E-05
389.6 5.650994575E-05 -7.063743219E-05
389.8 5.661231884E-05 -3.538269928E-05
390 5.671506352E-05 -3.54469147E-05
390.2 5.681818182E-05 -0.0001065340909
390.4 5.692167577E-05 3.557604736E-05
390.6 5.702554745E-05 7.128193431E-05
390.8 5.71297989E-05 7.141224863E-05
391 5.723443223E-05 0.0001430860806
391.2 4.300458716E-05 3.583715596E-05
391.4 4.308363971E-05 -7.180606618E-05
391.6 4.316298343E-05 3.596915285E-05
391.8 4.324261993E-05 -2.462920232E-20
392 7.220425139E-05 -7.220425139E-05
392.2 8.680555556E-05 -3.616898148E-05
392.4 0.000101461039 3.376544434E-20
392.6 0.0001161710037 -3.630343866E-05
392.8 0.0001309357542 -0.0001454841713
393 0.000145755597 -3.643889925E-05
393.2 0.0001606308411 -7.301401869E-05
393.4 0.0001755617978 -0.0001463014981
393.6 0.0001905487805 -3.664399625E-05
393.8 0.0001909069549 -7.29679513E-20
394 0.0002059792844 -3.678201507E-05
394.2 0.0002211084906 -7.370283019E-05
394.4 0.000221526465 -3.69210775E-05
394.6 0.0002071496212 -3.80380411E-20
394.8 0.0001927182163 -3.706119545E-05
395 0.0001782319392 -7.426330798E-05
395.2 0.0001636904762 6.898621602E-20
395.4 0.0001640028626 3.727337786E-05
395.6 0.0001643164436 -7.468929254E-05
395.8 0.0001795977011 -3.741618774E-05
396 0.00019493762 -7.497600768E-05
396.2 0.0002403846154 -7.512019231E-05
396.4 0.0002408477842 4.370531413E-20
396.6 0.000271476834 -7.541023166E-05
396.8 0.0002871131528 -3.777804642E-05
397 0.0002876695736 -3.785125969E-05
397.2 0.0002882281553 -3.792475728E-05
397.4 0.0002887889105 3.799854086E-05
397.6 0.000274122807 3.807261209E-05
397.8 0.0002746582031 -3.814697266E-05
398 0.0002751956947 -3.822162427E-05
398.2 0.0002757352941 3.829656863E-05
398.4 0.0002609282908 7.674361493E-05
398.6 0.0002460629921 7.689468504E-05
398.8 0.0002465483235 -3.852317554E-05
399 0.0002779150198 5.965723242E-20
399.2 0.0002784653465 3.867574257E-05
399.4 0.0002945188492 -7.750496032E-05
399.6 0.0003106361829 3.882952286E-05
399.8 0.0003268177291 -1.410619343E-19
400 0.0003430638723 -7.796906188E-05
400.2 0.000375 6.955075795E-21
400.4 0.000375751503 -3.914078156E-05
400.6 0.0003765060241 -7.843875502E-05
400.8 0.0003772635815 4.380170947E-22
401 0.0003780241935 3.937752016E-05
401.2 0.0003630050505 -7.891414141E-05
401.4 0.0003795546559 3.953694332E-05
401.6 0.0003803245436 0.0001584685598
401.8 0.0003652184959 2.568545191E-20
402 0.0003500509165 1.189824216E-20
402.2 0.0003507653061 7.971938776E-05
402.4 0.000335506135 3.994120654E-05
402.6 0.0003361936475 -4.002305328E-05
402.8 0.0003368839836 -4.010523614E-05
403 0.0003375771605 4.01877572E-05
403.2 0.0003382731959 4.027061856E-05
403.4 0.0003551136364 -0.0001210614669
403.6 0.0003558488613 -0.0001213121118
403.8 0.0003565871369 -3.93092553E-20
404 0.0003573284823 -1.432145764E-20
404.2 0.0003743489583 4.069010417E-05
404.4 0.0003588204593 8.155010438E-05
404.6 0.0003595711297 8.17207113E-05
404.8 0.0003603249476 4.094601677E-05
405 0.0003610819328 4.103203782E-05
405.2 0.0003618421053 -2.695237541E-20
405.4 0.0003626054852 -4.120516878E-05
405.6 0.000363372093 -4.12922833E-05
405.8 0.0003641419492 -8.27595339E-05
406 0.0003483280255 5.468413987E-22
406.2 0.0003656914894 8.311170213E-05
406.4 0.0003664712154 -3.922261111E-20
406.6 0.0003672542735 -0.0001252003205
406.8 0.0003847698073 -4.182280514E-05
407 0.000402360515 -3.784893157E-20
407.2 0.0004032258065 -8.400537634E-05
407.4 0.0004209321121 1.886055953E-20
407.6 0.0003880939525 -9.356336779E-21
407.8 0.0003720238095 -4.22754329E-05
408 0.0003558839479 -4.508318326E-20
408.2 0.000339673913 -7.080740197E-20
408.4 0.0003233932462 -1.726084582E-20
408.6 0.0003070414847 -4.264465066E-05
408.8 0.0003077133479 -4.273796499E-05
409 0.0002912554825 6.182714325E-20
409.2 0.0002747252747 -4.292582418E-05
409.4 0.0002753303965 7.286743063E-20
409.6 0.000258692053 4.311534216E-05
409.8 0.0002419800885 -4.321073009E-05
410 0.0002251940133 -1.575141957E-20
410.2 0.0002083333333 4.340277778E-05
410.4 0.0001913975501 -7.329348902E-20
410.6 0.0001743861607 -1.106243716E-19
410.8 0.0001572986577 -2.481658842E-20
411 0.0001401345291 4.379204036E-05
411.2 0.0001053370787 8.778089888E-05
411.4 8.79786036E-05 -4.967145124E-20
411.6 7.054176072E-05 -4.408860045E-05
411.8 5.30260181E-05 -5.658207783E-20
412 3.5430839E-05 4.428854875E-05
412.2 1.775568182E-05 4.438920455E-05
412.4 0 -8.898063781E-05
412.6 1.783675799E-05 -8.918378995E-05
412.8 1.787757437E-05 -1.302398049E-19
413 1.791857798E-05 -4.479644495E-05
413.2 1.795977011E-05 -4.489942529E-05
413.4 1.800115207E-05 4.500288018E-05
413.6 1.804272517E-05 4.510681293E-05
413.8 1.808449074E-05 4.521122685E-05
414 1.812645012E-05 4.531612529E-05
414.2 1.816860465E-05 4.542151163E-05
414.4 1.821095571E-05 4.552738928E-05
414.6 1.825350467E-05 4.563376168E-05
414.8 1.829625293E-05 0.000137221897
415 1.833920188E-05 0.0001833920188
415.2 0 4.595588235E-05
415.4 1.842570755E-05 4.606426887E-05
415.6 1.846926714E-05 4.617316785E-05
415.8 1.851303318E-05 4.628258294E-05
416 1.855700713E-05 4.639251781E-05
416.2 1.860119048E-05 -9.300595238E-05
416.4 1.864558473E-05 -9.322792363E-05
416.6 1.869019139E-05 -4.672547847E-05
416.8 1.873501199E-05 1.863233201E-20
417 1.878004808E-05 4.695012019E-05
417.2 1.88253012E-05 9.412650602E-05
417.4 1.887077295E-05 4.717693237E-05
417.6 1.891646489E-05 -5.925901242E-20
417.8 1.896237864E-05 -9.48118932E-05
418 1.900851582E-05 -0.0001425638686
418.2 1.905487805E-05 -4.763719512E-05
418.4 1.910146699E-05 6.95863206E-21
418.6 0 4.787071078E-05
418.8 0 -9.597665848E-05
419 1.924261084E-05 -9.621305419E-05
419.2 0 -4.822530864E-05
419.4 1.933787129E-05 -9.668935644E-05
419.6 1.938585608E-05 -4.84646402E-05
419.8 1.94340796E-05 -9.717039801E-05
420 1.948254364E-05 -4.87063591E-05
420.2 1.953125E-05 -5.725765174E-20
420.4 1.95802005E-05 4.895050125E-05
420.6 1.962939698E-05 9.814698492E-05
420.8 1.967884131E-05 9.839420655E-05
421 1.972853535E-05 0.0001479640152
421.2 1.977848101E-05 9.889240506E-05
421.4 1.98286802E-05 9.914340102E-05
421.6 1.987913486E-05 0.0001490935115
421.8 1.992984694E-05 -4.982461735E-05
422 1.998081841E-05 4.995204604E-05
422.2 2.003205128E-05 0.0002003205128
422.4 2.008354756E-05 5.020886889E-05
422.6 2.013530928E-05 0.0001510148196
422.8 2.01873385E-05 0.0001514050388
423 2.023963731E-05 5.059909326E-05
423.2 2.029220779E-05 0.000101461039
423.4 2.034505208E-05 -8.170041861E-21
423.6 2.039817232E-05 5.099543081E-05
423.8 2.045157068E-05 0.0001022578534
424 2.050524934E-05 5.126312336E-05
424.2 2.055921053E-05 0.0001541940789
424.4 0 0.0001030672823
424.6 0 5.166997354E-05
424.8 0 0.0001554210875
425 0 5.194481383E-05
425.2 0 -5.017278861E-21
425.4 0 5.222259358E-05
425.6 0 -1.045210279E-19
425.8 0 9.062218118E-20
426 0 5.264487871E-05
426.2 0 1.458340578E-19
426.4 0 2.434137979E-20
426.6 0 5.307404891E-05
426.8 0 5.136889907E-20
427 0 0.0001067281421
427.2 0 0.0001605308219
427.4 0 0.0001609718407
427.6 0 5.380509642E-05
427.8 0 -5.395372928E-05
428 0 6.613530962E-20
428.2 0 2.549998594E-19
428.4 0 -5.44045961E-05
428.6 0 -5.455656425E-05
428.8 0 9.294388997E-20
429 0 -6.017407699E-20
429.2 0 -2.776170065E-22
429.4 0 -5.51730226E-05
429.6 0 -0.0001106586402
429.8 0 -0.0001109730114
430 0 -0.0001112891738
430.2 0 1.373321808E-19
430.4 0 7.098599777E-20
430.6 0 4.304800941E-20
430.8 0 -5.628602305E-05
431 0 -0.0001128973988
431.2 0 -5.661231884E-05
431.4 0 -5.677688953E-05
431.6 0 -5.119552592E-20
431.8 0 -5.710891813E-05
432 0 -0.0001718291789
432.2 0 -0.0001148897059
432.4 0 5.761430678E-05
432.6 0 5.778476331E-05
432.8 0 2.753950981E-21
433 0 -5.812872024E-05
433.2 0 5.830223881E-05
433.4 0 0.0001754303892
433.6 0 5.86524024E-05
433.8 0 0.0001176581325
434 0 -5.137128954E-21
434.2 0 -0.0001775568182
434.4 0 -3.718107397E-20
434.6 0 5.95464939E-05
434.8 0 -5.972859327E-05
435 0 -5.991180982E-05
435.2 0 -8.658147269E-21
435.4 0 6.727290281E-20
435.6 0 -6.046826625E-05
435.8 0 -6.06560559E-05
436 0 6.084501558E-05
436.2 0 6.103515625E-05
436.4 0 6.122648903E-05
436.6 0 6.141902516E-05
436.8 0 0.0001232255521
437 0 0.0001236155063
437.2 0 1.236081352E-19
437.4 0 2.49133998E-19
437.6 0 -6.240015974E-05
437.8 0 -0.0001252003205
438 0 4.968740019E-20
438.2 0 -6.300403226E-05
438.4 0 3.945109309E-20
438.6 0 -6.341314935E-05
438.8 2.544788274E-05 -0.0002544788274
439 2.553104575E-05 -6.382761438E-05
439.2 2.56147541E-05 0.0001280737705
439.4 0 -6.424753289E-05
439.6 2.578382838E-05 -0.0001933787129
439.8 0 -6.467301325E-05
440 0 -0.0001297757475
440.2 2.604166667E-05 -0.0002604166667
440.4 2.612876254E-05 -0.0001959657191
440.6 2.621644295E-05 -0.0001310822148
440.8 2.63047138E-05 -0.000131523569
441 2.639358108E-05 -0.0001319679054
441.2 2.648305085E-05 -0.0001324152542
441.4 2.657312925E-05 -4.594555887E-20
441.6 2.666382253E-05 6.665955631E-05
441.8 2.675513699E-05 6.688784247E-05
442 2.684707904E-05 4.631074798E-20
442.2 2.693965517E-05 -6.734913793E-05
442.4 2.703287197E-05 5.679904174E-20
442.6 2.712673611E-05 0.0001356336806
442.8 2.722125436E-05 0.0001361062718
443 2.731643357E-05 6.829108392E-05
443.2 2.74122807E-05 6.853070175E-05
443.4 2.750880282E-05 6.877200704E-05
443.6 2.760600707E-05 6.901501767E-05
443.8 2.770390071E-05 -6.925975177E-05
444 2.78024911E-05 1.759656094E-19
444.2 0 0.0001395089286
444.4 2.800179211E-05 7.000448029E-05
444.6 0 7.025629496E-05
444.8 0 7.05099278E-05
445 0 7.076539855E-05
445.2 0 -7.102272727E-05
445.4 0 1.088479164E-19
445.6 0 7.154304029E-05
445.8 0 2.34472697E-19
446 0 7.380434048E-20
446.2 0 0.0001446759259
446.4 0 0.000217820632
446.6 0 0.000145755597
446.8 0 0.0001463014981
447 0 7.342575188E-05
447.2 0 -7.370283019E-05
447.4 0 -0.0001479640152
447.6 0 -0.000222789924
447.8 0 -0.0002236402672
448 0 7.483237548E-05
448.2 0 0.0001502403846
448.4 0 -7.541023166E-05
448.6 0 -7.570251938E-05
448.8 0 -0.0001519941634
449 0 -0.0002288818359
449.2 0 -0.0001531862745
449.4 0 -0.0001537893701
449.6 0 -0.0001543972332
449.8 0 -0.0001550099206
450 0 -0.00015562749
450.2 0 -0.00015625
450.4 0 -0.00015687751
450.6 0 -0.0001575100806
450.8 0 -0.0001581477733
451 0 -7.93953252E-05
451.2 0 -7.971938776E-05
451.4 0 -0.0001600922131
451.6 0 -8.03755144E-05
451.8 0 -8.070764463E-05
452 0 -0.0001620850622
452.2 0 -8.138020833E-05
452.4 0 -5.640932336E-20
452.6 0 6.504728841E-20
452.8 0 1.187298412E-19
453 0 7.677113016E-20
453.2 0 1.787912471E-19
453.4 0 -8.346688034E-05
453.6 0 7.664001353E-20
453.8 0 8.418642241E-05
454 0 -8.45508658E-05
454.2 0 -8.491847826E-05
454.4 0 0.0001705786026
454.6 0 -6.274212274E-20
454.8 0 3.581076002E-19
455 0 8.642146018E-05
455.2 0 -8.680555556E-05
455.4 0 -8.719308036E-05
455.6 0 -1.129413139E-19
455.8 0 1.548678132E-19
456 0 8.837669683E-05
456.2 0 4.45491203E-20
456.4 0 6.325024383E-20
456.6 0 0.0001791857798
456.8 0 9.341748476E-20
457 0 9.04224537E-05
457.2 0 9.084302326E-05
457.4 0 6.067544122E-20
457.6 0 2.067868073E-19
457.8 0 7.419526701E-20
458 0 -1.823003893E-20
458.2 0 -8.058130806E-20
458.4 0 -1.225201904E-20
458.6 0 -1.165379393E-19
458.8 0 1.079135657E-19
459 0 1.698669489E-19
459.2 0 5.903251599E-20
459.4 0 -3.771054022E-20
459.6 0 -2.883294735E-20
459.8 0 4.360366998E-20
460 0 -1.40801323E-19
460.2 0 9.765625E-05
460.4 0 -4.544906329E-20
460.6 0 -4.710324639E-20
460.8 0 1.822150659E-20
461 0 -0.0001992984694
461.2 0 1.135204429E-19
461.4 0 3.5366033E-20
461.6 0 -0.0002023963731
461.8 0 -0.0001017252604
462 0 1.006032379E-19
462.2 0 1.336520563E-19
462.4 0 1.525607013E-19
462.6 0 0.0001038896277
462.8 0 -7.227294699E-20
463 0 -4.570777058E-21
463.2 0 0.0002111486486
463.4 0 -0.0001061480978
463.6 0 -0.0002134562842
463.8 0 -2.666351194E-20
464 0 -1.286852674E-19
464.2 0 -0.0001085069444
464.4 0 -1.989356666E-20
464.6 0 0.0001097261236
464.8 0 1.100317768E-19
465 0 -0.0001109730114
465.2 0 -2.489429349E-20
465.4 0 0.0001122485632
465.6 0 -0.0001128973988
465.8 0 -0.0001135537791
466 0 -2.509235448E-20
466.2 0 -2.704860333E-19
466.4 0 1.941251766E-20
466.6 0 -2.949634209E-20
466.8 0 -7.065569537E-20
467 0 0.0001176581325
467.2 0 0.0002367424242
467.4 0 0.0001190929878
467.6 0 -5.264817333E-20
467.8 0 2.476693565E-19
468 0 -1.684068844E-19
468.2 0 -3.685150597E-19
468.4 4.913522013E-05 -2.346747721E-19
468.6 4.944620253E-05 0.0001236155063
468.8 4.97611465E-05 4.34538974E-20
469 5.008012821E-05 0.0001252003205
469.2 5.040322581E-05 6.47370182E-22
469.4 5.073051948E-05 -0.0001268262987
469.6 5.10620915E-05 0.0001276552288
469.8 5.139802632E-05 1.878050842E-19
470 5.17384106E-05 0.0001293460265
470.2 5.208333333E-05 -0.0001302083333
470.4 5.243288591E-05 -0.0001310822148
470.6 0 0.0001319679054
470.8 5.31462585E-05 -0.0001328656463
471 5.351027397E-05 -0.0001337756849
471.2 5.387931034E-05 -2.149187467E-19
471.4 5.425347222E-05 3.808144619E-20
471.6 5.463286713E-05 9.379312198E-22
471.8 5.501760563E-05 1.973034327E-19
472 5.540780142E-05 0.0001385195035
472.2 5.580357143E-05 0.0002790178571
472.4 5.620503597E-05 0.0001405125899
472.6 5.661231884E-05 0.0001415307971
472.8 5.702554745E-05 0.0001425638686
473 0 -1.673165457E-19
473.2 0 0.0001446759259
473.4 5.830223881E-05 9.472031386E-20
473.6 5.87406015E-05 -0.0002937030075
473.8 5.918560606E-05 -0.0002959280303
474 5.963740458E-05 -0.0002981870229
474.2 6.009615385E-05 -5.101439904E-20
474.4 6.05620155E-05 0.0003028100775
474.6 6.103515625E-05 0.0001525878906
474.8 6.151574803E-05 -8.709314573E-21
475 6.200396825E-05 1.106749319E-19
475.2 6.25E-05 8.487778037E-20
475.4 0 2.32199057E-20
475.6 6.351626016E-05 -0.0001587906504
475.8 6.403688525E-05 -0.0003201844262
476 6.45661157E-05 -0.0001614152893
476.2 6.510416667E-05 -0.0001627604167
476.4 6.56512605E-05 -0.0003282563025
476.6 6.620762712E-05 3.981773116E-19
476.8 6.677350427E-05 0.0003338675214
477 0 0.0001683728448
477.2 0 -1.472396005E-21
477.4 0 -1.834834446E-19
477.6 0 -1.959564528E-19
477.8 0 1.941229879E-19
478 0 -9.439169009E-20
478.2 0 -2.619340892E-19
478.4 0 -1.809527338E-19
478.6 0 -0.0001808449074
478.8 0 -0.0001825350467
479 0 0.0001842570755
479.2 0 0.0001860119048
479.4 0 2.947259868E-19
479.6 0 2.03252883E-19
479.8 0 4.464322359E-19
480 0 3.951329671E-19
480.2 0 -0.0001953125
480.4 0 -0.0003945707071
480.6 0 -0.0001992984694
480.8 0 -9.471050676E-20
481 0 -1.79525581E-21
481.2 0 2.137607216E-19
481.4 0 2.562004238E-19
481.6 0 1.23193355E-19
481.8 0 4.683331984E-19
482 0 3.684968887E-19
482.2 0 1.446298291E-19
482.4 0 -9.072255752E-20
482.6 0 1.174299994E-19
482.8 0 2.159730712E-19
483 0 -3.789027202E-20
483.2 0 -1.027400594E-19
483.4 0 -3.642542664E-19
483.6 0 5.631130976E-19
483.8 0 1.750469947E-19
484 0 1.121766634E-19
484.2 0 -8.64456349E-20
484.4 0 1.91447077E-21
484.6 0 -1.917485094E-19
484.8 0 2.918947561E-19
485 0 8.350463612E-21
485.2 0 -3.174903591E-19
485.4 0 1.653679741E-19
485.6 0 -4.986190459E-20
485.8 0 9.93072147E-20
486 0 1.710243799E-19
486.2 0 -6.826572951E-19
486.4 0 -3.030333663E-19
486.6 0 1.849553762E-19
486.8 0 4.770306515E-19
487 0 9.803630634E-20
487.2 0 -3.463036606E-20
487.4 0 3.088165764E-20
487.6 0 2.280502396E-19
487.8 0 2.105094784E-19
488 0 -2.422933445E-20
488.2 0 1.304272427E-19
488.4 0 5.953723498E-20
488.6 0 -1.981823613E-19
488.8 0 -7.198202069E-20
489 0 -2.841150801E-19
489.2 0 -6.358885135E-19
489.4 0 -3.259380106E-19
489.6 0 4.132778479E-19
489.8 0 -3.74041272E-19
490 0 -1.353351828E-19
490.2 0 -3.491489229E-19
490.4 0 -5.391703124E-19
490.6 0 4.904425782E-19
490.8 0 -1.927141959E-19
491 0 -1.604837985E-19
491.2 0 -1.099364828E-18
491.4 0 3.851449606E-19
491.6 0 2.654680429E-19
491.8 0 -7.265676336E-19
492 0 -2.759008897E-19
492.2 0 1.221477552E-18
492.4 0 9.047059124E-19
492.6 0 7.857851006E-19
492.8 0 5.457756155E-20
493 0 -1.068594293E-18
493.2 0 -9.38148262E-19
493.4 0 -5.991443156E-19
493.6 0 -8.387825827E-19
493.8 0 -8.86176924E-19
494 0 -1.160906548E-18
494.2 0 1.533129292E-19
494.4 0 -1.114119048E-18
494.6 0 -1.392013778E-18
494.8 0 -6.124312388E-19
495 0 6.287212768E-19
495.2 0 -1.60176891E-18
495.4 0 6.084445827E-19
495.6 0 1.183796737E-19
495.8 0 -8.193820753E-19
496 0 -1.073905977E-18
496.2 0 -1.467203186E-18
496.4 0 -8.90969408E-19
496.6 0 -3.258986736E-18
496.8 0 -2.626925304E-18
497 0 -1.798724433E-18
497.2 0 -1.062109826E-18
497.4 0 2.184785208E-18
497.6 0 -3.569856881E-18
497.8 0 -1.222505014E-18
498 0 -4.418622011E-19
498.2 0 -2.007908965E-18
498.4 0 -4.096069207E-18
498.6 0 -2.661828461E-18
498.8 0 1.610683221E-18
499 0 -8.386073335E-18
499.2 0 -8.340093524E-18
499.4 0 -1.427114307E-17
499.6 0 -6.396837909E-18
499.8 0 -5.20077542E-18
500 0 -1.538850546E-17
