0 0.007193997401 -3.904688125E-05
0.2 0.0062125 0.0017265625
0.4 0.005792942177 0.0003907813125
0.6 0.005479383507 0.0002892939351
0.8 0.00518747497 0.0003832724269
1 0.0048828125 0.0002973507612
1.2 0.004653056112 -2.363951831E-20
1.4 0.004460705694 -1.566259022E-05
1.6 0.004271334737 0.0001175165463
1.8 0.004088081862 0.0001881019262
2 0.003904681855 0.0002195403452
2.2 0.003774472892 5.490712851E-05
2.4 0.003631604058 4.708216151E-05
2.6 0.003482340233 9.420217042E-05
2.8 0.003376935062 0.000133506735
3 0.003240019107 0.0001492734312
3.2 0.003093561368 3.929828974E-05
3.4 0.00296900161 4.717693237E-05
3.6 0.002838048731 0.0001494537857
3.8 0.002713285657 0.0001495140008
4 0.002607315599 0.0001574465941
4.2 0.002494959677 7.087953629E-05
4.4 0.002410876361 -2.363604276E-05
4.6 0.002292044996 5.51730226E-05
4.8 0.002195195801 1.577008478E-05
5 0.002101423667 -5.353476377E-20
5.2 0.002017045455 -3.156565657E-05
5.4 0.001938914713 -0.0001184190582
5.6 0.001867039021 2.36933886E-05
5.8 0.001791944782 3.16039644E-05
6 0.001716789761 -8.694607446E-05
6.2 0.001644736842 -6.325910931E-05
6.4 0.001585282503 -4.7463548E-05
6.6 0.001532111021 -3.956898298E-05
6.8 0.001469396028 -5.541903121E-05
7 0.001400293998 -7.128193431E-05
7.2 0.001359660243 -0.0001822388438
7.4 0.001309481534 -0.0001347529424
7.6 0.001259262079 -5.55090337E-05
7.8 0.001209001828 -0.0001983270715
8 0.001161875254 -0.0001111082893
8.2 0.00110835874 1.587906504E-05
8.4 0.001080215535 -6.354209028E-05
8.6 0.001032979048 -0.0001191898902
8.8 0.001004782255 -0.0001271876272
9 0.0009765625 -4.771478013E-05
9.2 0.0009610488798 7.955702648E-06
9.4 0.0009200539935 -5.571261206E-05
9.6 0.0008981349368 -8.758408072E-05
9.8 0.0008698256525 -6.372349103E-05
10 0.0008383057936 -6.374949E-05
10.2 0.0008067602041 -4.783163265E-05
10.4 0.0007847590853 -4.785116374E-05
10.6 0.0007563572304 -8.776296977E-05
10.8 0.0007407029015 -0.0001277073968
11 0.0007218417825 -0.0001517145339
11.2 0.0007029652352 -9.585889571E-05
11.4 0.0006872698445 -7.99150982E-05
11.6 0.0006683636922 -3.997390503E-05
11.8 0.000630246724 0.0001119727682
12 0.0006049006555 8.801464564E-05
12.2 0.0005763319672 -6.403688525E-05
12.4 0.0005445366954 -5.605524805E-05
12.6 0.0005191242822 -0.0001121564807
12.8 0.0005033083709 -0.0001362458966
13 0.0004810652709 -6.414203612E-05
13.2 0.000471637577 -6.416837782E-05
13.4 0.0004589923993 -7.221908381E-05
13.6 0.0004334926017 -6.422112618E-05
13.8 0.0004208213405 -5.621659128E-05
14 0.0004017122583 -4.8205471E-05
14.2 0.0003922325103 8.03755144E-06
14.4 0.0003923939893 -2.412258131E-05
14.6 0.0003829025947 2.413251647E-05
14.8 0.0003669653894 0.0001287597857
15 0.0003413540808 4.025401896E-05
15.2 0.0003318298969 -1.716839729E-20
15.4 0.0003222978548 4.834467822E-05
15.6 0.0003159822534 9.672926125E-05
15.8 0.0003032101569 9.676919901E-05
16 0.0003065623709 -1.613486163E-05
16.2 0.0002905475207 -2.421229339E-05
16.4 0.0002842083506 6.459280695E-05
16.6 0.0002810949132 6.461952026E-05
16.8 0.0002715142739 2.424234588E-05
17 0.0002651593543 -3.233650662E-05
17.2 0.0002620341615 -3.234989648E-05
17.4 0.0002459610605 1.618164872E-05
17.6 0.0002331123083 -3.237670949E-05
17.8 0.000229969942 -2.876821685E-21
18 0.0002203442555 5.670624222E-05
18.2 0.0002139522822 -8.104253112E-06
18.4 0.000210798049 -3.243046907E-05
18.6 0.0002043968023 -4.866590532E-05
18.8 0.0001979902368 -1.622870794E-05
19 0.0001785899834 1.623545303E-05
19.2 0.0001721673597 -4.872661123E-05
19.4 0.0001624896007 -6.499584027E-05
19.6 0.0001560549313 -5.689502705E-05
19.8 0.0001528674022 -8.944369276E-05
20 0.0001496772178 -0.0001138848397
20.2 0.0001399739583 -8.951822917E-05
20.4 0.0001400323051 -3.256565236E-05
20.6 0.0001368327773 -4.886884904E-05
20.8 0.000127112015 -3.259282436E-05
21 0.0001206437813 -6.521285476E-05
21.2 0.0001239561587 -6.524008351E-05
21.4 0.0001142178363 -8.158416876E-06
21.6 0.0001077361053 -4.897095696E-05
21.8 9.471676421E-05 1.633047659E-05
22 8.168653283E-05 8.168653283E-06
22.2 7.845188285E-05 1.451651444E-21
22.4 7.848472164E-05 8.175491838E-06
22.6 7.524602178E-05 -6.543132328E-05
22.8 6.545873481E-05 -1.63646837E-05
23 5.893755239E-05 1.637154233E-05
23.2 5.241090147E-05 -4.094601677E-05
23.4 4.915583054E-05 -5.734846896E-05
23.6 4.58980277E-05 -3.27843055E-05
23.8 3.935768262E-05 -8.199517212E-06
24 3.937421252E-05 -2.460888282E-05
24.2 3.93907563E-05 -5.744485294E-05
24.4 3.9407314E-05 -4.92591425E-05
24.6 2.628259041E-05 -4.927985702E-05
24.8 2.629364745E-05 -4.930058898E-05
25 2.301662458E-05 -4.932133838E-05
25.2 2.302631579E-05 -2.467105263E-05
25.4 2.303601516E-05 -1.645429655E-05
25.6 2.304572271E-05 -5.761430678E-05
25.8 1.976180438E-05 1.417649412E-20
26 1.647511598E-05 8.237557992E-06
26.2 1.648206751E-05 -2.472310127E-05
26.4 1.319121992E-05 -8.244512453E-06
26.6 9.897592905E-06 8.247994088E-06
26.8 1.320236586E-05 4.397271169E-21
27 9.905959425E-06 -2.476489856E-05
27.2 6.606765328E-06 -4.12922833E-05
27.4 6.609560068E-06 -2.478585025E-05
27.6 9.91853576E-06 3.306178587E-05
27.8 9.92273497E-06 0.0001157652413
28 9.926937738E-06 9.926937738E-05
28.2 9.931144068E-06 2.482786017E-05
28.4 9.935353964E-06 8.279461636E-06
28.6 9.93956743E-06 2.484891858E-05
28.8 9.943784472E-06 7.457838354E-05
29 6.632003396E-06 8.290004244E-06
29.2 3.317409766E-06 -3.317409766E-05
29.4 3.318819031E-06 6.637638063E-05
29.6 3.320229494E-06 4.980344241E-05
29.8 3.321641156E-06 -4.152051446E-05
30 3.32305402E-06 4.089368154E-20
30.2 0 6.64893617E-05
30.4 0 6.651766709E-05
30.6 0 6.654599659E-05
30.8 0 6.657435023E-05
31 0 4.995204604E-05
31.2 0 5.915739748E-21
31.4 3.332977816E-06 -2.499733362E-05
31.6 6.668800683E-06 -8.336000854E-06
31.8 1.000747225E-05 8.339560205E-06
32 1.334899616E-05 8.343122597E-06
32.2 1.669337607E-05 -8.346688034E-06
32.4 2.004061565E-05 -1.670051304E-05
32.6 2.339071856E-05 -1.670765612E-05
32.8 2.340072743E-05 -3.616525731E-20
33 2.341074486E-05 5.016588185E-05
33.2 2.342077088E-05 7.528104925E-05
33.4 2.343080548E-05 4.184072408E-05
33.6 2.344084869E-05 4.185865838E-05
33.8 2.345090051E-05 3.350128645E-05
34 2.346096096E-05 1.675782926E-05
34.2 2.347103004E-05 -1.522359531E-20
34.4 2.348110777E-05 2.104406714E-20
34.6 2.349119416E-05 -1.67794244E-05
34.8 2.350128921E-05 -3.357327031E-05
35 2.687016337E-05 -1.906793798E-20
35.2 3.024193548E-05 -3.360215054E-05
35.4 3.361660929E-05 -5.882906627E-05
35.6 3.699418855E-05 -8.407770125E-06
35.8 3.701012059E-05 -2.00782551E-20
36 4.039207238E-05 -2.524504524E-05
36.2 4.714439655E-05 -2.525592672E-05
36.4 5.39025442E-05 -1.684454506E-05
36.6 5.729616048E-05 8.425905953E-06
36.8 6.069270609E-05 -4.214771256E-05
37 6.746545769E-05 -0.0001011981865
37.2 7.424406048E-05 -5.062095032E-05
37.4 8.102852204E-05 1.279398787E-20
37.6 8.781884998E-05 -3.377648076E-05
37.8 9.46150519E-05 -5.913440744E-05
38 0.0001014171354 -3.380571181E-05
38.2 0.0001048430736 -6.764069264E-05
38.4 0.0001082719792 -6.766998701E-05
38.6 0.0001150888215 -1.692482669E-05
38.8 0.0001219115735 8.466081491E-06
39 0.0001253523417 1.693950564E-05
39.2 0.0001321854664 -1.694685466E-05
39.4 0.0001356336806 -2.54313151E-05
39.6 0.0001390848893 -8.480785931E-06
39.8 0.0001391453084 -8.484470026E-06
40 0.000142601043 -1.697631465E-05
40.2 0.0001460597826 -2.547554348E-05
40.4 0.0001427250979 -2.548662462E-05
40.6 0.0001427872063 -5.099543081E-05
40.8 0.0001428493687 -7.652644754E-05
41 0.0001361062718 -5.103985192E-05
41.2 0.0001327614379 -5.10620915E-05
41.4 0.0001328193112 -4.257029207E-05
41.6 0.0001294701265 -8.517771478E-06
41.8 0.0001261180192 -3.408595113E-05
42 0.0001227629856 -8.525207333E-06
42.2 0.0001194050218 -1.801036408E-20
42.4 0.0001160441241 -2.559796855E-05
42.6 0.0001126802885 -1.707277098E-05
42.8 0.0001093135111 -3.416047223E-05
43 0.0001059437883 8.543853893E-06
43.2 0.000102571116 8.547592998E-06
43.4 9.919549037E-05 -4.275667688E-05
43.6 9.581690758E-05 5.90812779E-21
43.8 9.243536372E-05 -8.558829974E-06
44 8.905085489E-05 -3.42503288E-05
44.2 8.908991228E-05 -2.289040171E-20
44.4 8.570096534E-05 1.714019307E-05
44.6 8.230904302E-05 3.429543459E-05
44.8 7.891414141E-05 2.57328722E-05
45 7.894881371E-05 -2.574417838E-05
45.2 8.241758242E-05 -2.575549451E-05
45.4 7.901824978E-05 1.717788039E-05
45.6 7.217883854E-05 -2.577815662E-05
45.8 7.221060739E-05 -4.29825044E-05
46 6.880228974E-05 -3.440114487E-05
46.2 6.539096916E-05 -2.581222467E-05
46.4 6.197664169E-05 -2.582360071E-05
46.6 5.855930335E-05 -4.305831129E-05
46.8 5.858513454E-05 -2.584638288E-05
47 5.516328332E-05 -1.723852604E-05
47.2 5.518763797E-05 -2.58692053E-05
47.4 5.176126325E-05 -3.450750883E-05
47.6 5.17841361E-05 -1.72613787E-05
47.8 4.835322723E-05 -2.590351459E-05
48 4.49192835E-05 -2.591497125E-05
48.2 4.148230088E-05 -1.460053613E-20
48.4 4.150066401E-05 1.729194334E-05
48.6 4.15190434E-05 2.594940213E-05
48.8 3.461453257E-05 8.653633141E-06
49 2.770390071E-05 -8.657468972E-06
49.2 2.425166297E-05 -1.732261641E-05
49.4 2.079636202E-05 -8.665150843E-06
49.6 2.080559254E-05 -8.668996893E-06
49.8 1.734569272E-05 8.672846359E-06
50 1.388271879E-05 8.676699245E-06
50.2 1.041666667E-05 -3.472222222E-05
50.4 1.042129835E-05 -3.473766118E-05
50.6 6.950622776E-06 -8.68827847E-06
50.8 6.953716066E-06 -8.692145082E-06
51 6.95681211E-06 -3.478406055E-05
51.2 6.959910913E-06 -4.349944321E-05
51.4 6.963012478E-06 -8.703765597E-06
51.6 6.966116808E-06 -1.741529202E-05
51.8 6.969223907E-06 -3.484611954E-05
52 6.97233378E-06 -2.614625167E-05
52.2 6.975446429E-06 -1.743861607E-05
52.4 6.978561858E-06 -2.616960697E-05
52.6 6.981680071E-06 -2.618130027E-05
52.8 6.984801073E-06 8.731001341E-06
53 6.987924866E-06 1.746981216E-05
53.2 6.991051454E-06 8.738814318E-06
53.4 6.994180842E-06 3.373132345E-20
53.6 6.997313032E-06 3.498656516E-05
53.8 7.000448029E-06 4.375280018E-05
54 1.050537875E-05 -4.377241147E-05
54.2 1.051008969E-05 -4.379204036E-05
54.4 7.009869897E-06 4.381168686E-05
54.6 1.051952424E-05 3.506508079E-05
54.8 1.052424787E-05 -3.508082622E-05
55 1.052897574E-05 -3.50965858E-05
55.2 1.053370787E-05 8.778089888E-06
55.4 1.053844424E-05 1.100574914E-20
55.6 1.054318489E-05 6.348299197E-21
55.8 3.515976598E-06 -2.636982448E-05
56 7.035119316E-06 -3.517559658E-05
56.2 3.519144144E-06 -2.639358108E-05
56.4 3.520730059E-06 -8.246148092E-21
56.6 3.522317403E-06 1.761158702E-05
56.8 3.52390618E-06 -8.809765449E-06
57 3.52549639E-06 -3.52549639E-05
57.2 3.527088036E-06 -7.054176072E-05
57.4 7.05736224E-06 -4.4108514E-05
57.6 1.059082693E-05 -6.177982377E-05
57.8 1.412748644E-05 -7.946711121E-05
58 2.120081411E-05 -7.066938037E-05
58.2 2.121040724E-05 -8.837669683E-05
58.4 3.183001358E-05 -7.073336351E-05
58.6 3.538269928E-05 -4.422837409E-05
58.8 4.247847757E-05 -2.654904848E-05
59 4.603921124E-05 8.85369447E-06
59.2 4.96031746E-05 1.77154195E-05
59.4 5.671506352E-05 -1.772345735E-05
59.6 6.028710849E-05 -2.659725374E-05
59.8 6.031448683E-05 1.773955495E-05
60 5.679236711E-05 1.774761472E-05
60.2 5.326704545E-05 -2.663352273E-05
60.4 5.329126876E-05 -8.881878126E-06
60.6 4.97611465E-05 1.777183803E-05
60.8 4.622781065E-05 2.666989076E-05
61 3.913365209E-05 2.668203552E-05
61.2 3.915148064E-05 8.898063781E-06
61.4 2.848678213E-05 2.670635825E-05
61.6 2.1374829E-05 3.5624715E-05
61.8 2.138458029E-05 -1.782048358E-05
62 2.49600639E-05 -2.67429256E-05
62.2 2.497146119E-05 8.918378995E-06
62.4 2.498286889E-05 1.784490635E-05
62.6 2.142367459E-05 -1.060035016E-21
62.8 2.143347051E-05 8.930612711E-06
63 2.859103385E-05 1.786939616E-05
63.2 3.575514874E-05 -1.884861508E-20
63.4 4.292582418E-05 1.788576007E-05
63.6 5.368185983E-05 1.789395328E-05
63.8 5.370646196E-05 -8.951076994E-06
64 5.73131591E-05 1.791036222E-05
64.2 6.092316514E-05 5.375573394E-05
64.4 6.453648463E-05 2.689020193E-05
64.6 6.815312213E-05 8.96751607E-06
64.8 7.895039045E-05 2.691490583E-05
65 8.25769761E-05 -8.975758272E-06
65.2 8.979885057E-05 -9.499106575E-22
65.4 9.343376265E-05 3.593606256E-05
65.6 0.0001006672803 -2.696445007E-05
65.8 0.0001043105433 -4.496144107E-05
66 0.0001043585905 8.996430216E-06
66.2 0.0001080069124 9.000576037E-06
66.4 0.0001152604887 -4.50236284E-05
66.6 0.0001189172048 -1.80177583E-05
66.8 0.0001225772958 2.703910937E-05
67 0.0001226338873 -9.017197599E-06
67.2 0.0001299076212 -3.608545035E-05
67.4 0.0001371880776 7.561394335E-21
67.6 0.0001408633842 2.708911234E-05
67.8 0.0001481556429 4.669243234E-20
68 0.0001554546506 1.807612217E-05
68.2 0.0001555266204 2.712673611E-05
68.4 0.0001628358036 2.71393006E-05
68.6 0.0001701517609 -2.715187674E-05
68.8 0.0001774745016 -4.527410756E-05
69 0.0001775568182 -9.059021336E-06
69.2 0.0001776392111 -3.625290023E-05
69.4 0.0001777216806 -0.0001088091922
69.6 0.0001778042267 -7.257315374E-05
69.8 0.0001924082249 2.7227579E-05
70 0.0001961297071 -9.080079033E-06
70.2 0.0002034883721 -3.63372093E-05
70.4 0.0001999476501 2.171781293E-20
70.6 0.0002036778399 9.092760708E-05
70.8 0.0002001339078 8.187296227E-05
71 0.0002038676608 -1.113709675E-20
71.2 0.0002076048951 6.373834499E-05
71.4 0.0002040578358 5.465834888E-05
71.6 0.0002041530565 -3.645590294E-05
71.8 0.000204248366 -2.735469188E-05
72 0.0002189397478 -7.297991593E-05
72.2 0.0002190420561 -8.214077103E-05
72.4 0.0002264492754 -9.131019168E-06
72.6 0.0002229010758 -2.740586997E-05
72.8 0.0002303170332 -9.13956481E-06
73 0.0002194522472 1.922830901E-21
73.2 0.0002158957845 1.829625293E-05
73.4 0.0002086750234 5.491447985E-05
73.6 0.0002087728551 7.325363338E-05
73.8 0.0002015419794 9.160999062E-05
74 0.0001979704364 -9.165297982E-06
74.2 0.0002017312207 -5.501760563E-05
74.4 0.0002018259746 -4.586953969E-05
74.6 0.0002055921053 -2.753465695E-05
74.8 0.0002056887635 -2.754760226E-05
75 0.000209460254 -1.837370649E-05
75.2 0.0002022058824 -9.191176471E-06
75.4 0.0002023010829 -9.195503766E-06
75.6 0.0001950365049 2.759950542E-05
75.8 0.0001914467484 2.761251178E-05
76 0.0001878536068 -9.208510137E-06
76.2 0.000187942217 -9.212853774E-06
76.4 0.0001990915526 -3.785548478E-20
76.6 0.0001991855524 -3.688621341E-05
76.8 0.000199279641 -2.767772792E-05
77 0.0002030659263 -2.769080813E-05
77.2 0.0001994680851 -1.846926714E-05
77.4 0.0001921712394 -1.67859402E-20
77.6 0.0001737754378 -1.84867487E-05
77.8 0.0001627604167 -2.774325284E-05
78 0.0001517349597 -2.775639507E-05
78.2 0.0001369964455 -3.702606635E-05
78.4 0.000129652679 -2.778271693E-05
78.6 0.0001260080645 -2.779589658E-05
78.8 0.0001223599905 -2.780908875E-05
79 0.0001112891738 1.854819563E-05
79.2 0.0001039192399 1.855700713E-05
79.4 9.654230038E-05 -2.784874049E-05
79.6 8.915834522E-05 -1.369108436E-20
79.8 7.805066603E-05 5.575047574E-05
80 7.808781533E-05 2.788850547E-05
80.2 7.8125E-05 -1.860119048E-05
80.4 8.188423059E-05 -2.791507861E-05
80.6 8.56470448E-05 2.428354331E-20
80.8 8.568788746E-05 9.313900811E-06
81 8.572876908E-05 1.863668893E-05
81.2 8.204057279E-05 2.796837709E-05
81.4 7.834885387E-05 2.798173352E-05
81.6 7.838628763E-05 1.866340182E-05
81.8 7.842375717E-05 -9.336161568E-06
82 8.219751315E-05 9.340626495E-06
82.2 7.849880383E-05 -4.752643179E-21
82.4 7.479655337E-05 -6.54469842E-05
82.6 6.734913793E-05 -3.741618774E-05
82.8 7.112482032E-05 1.871705798E-05
83 7.115891659E-05 -1.872603068E-05
83.2 6.744604317E-05 -3.747002398E-05
83.4 6.747840691E-05 3.748800384E-05
83.6 6.000960154E-05 3.750600096E-05
83.8 5.628602305E-05 -5.628602305E-05
84 5.255886593E-05 -2.815653532E-05
84.2 4.8828125E-05 2.817007212E-05
84.4 4.509379509E-05 -6.576178451E-05
84.6 4.887512031E-05 -7.519249278E-05
84.8 4.513721714E-05 9.403586904E-06
85 4.515895954E-05 9.40811657E-06
85.2 4.141566265E-05 -2.823795181E-05
85.4 4.143563163E-05 -9.417189007E-06
85.6 4.522431259E-05 4.710865895E-05
85.8 4.5246139E-05 2.827883687E-05
86 5.281265089E-05 -1.886166103E-05
86.2 5.283816425E-05 -9.435386473E-06
86.4 4.908772354E-05 2.83198405E-05
86.6 4.533365571E-05 1.888902321E-05
86.8 4.535558781E-05 1.310740499E-20
87 4.159607938E-05 1.890730881E-05
87.2 4.161622276E-05 1.891646489E-05
87.4 3.785125969E-05 -2.838844477E-05
87.6 4.16565681E-05 -3.786960737E-05
87.8 4.167677013E-05 9.47199321E-06
88 4.927826298E-05 3.790635614E-05
88.2 5.688713592E-05 1.896237864E-05
88.4 6.450339971E-05 -9.485794075E-06
88.6 6.833090379E-05 -9.490403304E-06
88.8 7.975814293E-05 9.495017015E-06
89 7.97969358E-05 1.899927043E-05
89.2 8.363746959E-05 9.504257908E-06
89.4 8.36781889E-05 -2.852665531E-05
89.6 8.75243546E-05 -4.756758402E-05
89.8 8.75670078E-05 -3.807261209E-05
90 8.760970258E-05 -9.522793759E-06
90.2 8.384146341E-05 9.527439024E-06
90.4 8.388238165E-05 -8.507569362E-21
90.6 8.392333984E-05 -3.814697266E-05
90.8 8.396433806E-05 -3.816560821E-05
91 8.400537634E-05 1.909213099E-05
91.2 8.786674817E-05 6.685513447E-05
91.4 8.790973581E-05 3.822162427E-05
91.6 8.795276554E-05 -1.912016642E-05
91.8 9.182174339E-05 1.912952987E-05
92 9.186673199E-05 3.8277805E-05
92.2 8.808210784E-05 3.829656863E-05
92.4 8.812530652E-05 1.915767533E-05
92.6 8.81685476E-05 9.583537782E-06
92.8 8.821183112E-05 2.876472754E-05
93 8.825515717E-05 1.918590373E-05
93.2 8.82985258E-05 2.879299754E-05
93.4 8.834193707E-05 9.602384464E-06
93.6 8.838539105E-05 9.607107723E-06
93.8 8.458415354E-05 6.728284941E-05
94 7.693254554E-05 4.808284097E-05
94.2 7.312192118E-05 -7.985969469E-21
94.4 7.315795959E-05 9.626047314E-06
94.6 6.934171598E-05 2.889238166E-05
94.8 6.16674889E-05 -1.927109028E-05
95 6.169792695E-05 -1.928060217E-05
95.2 5.787037037E-05 6.75154321E-05
95.4 5.403903162E-05 3.85993083E-05
95.6 5.020390509E-05 -9.654597133E-06
95.8 5.022873393E-05 9.659371909E-06
96 5.025358733E-05 -1.442662219E-20
96.2 5.027846535E-05 -4.834467822E-05
96.4 5.417285785E-05 1.199645752E-20
96.6 5.419970268E-05 1.935703667E-05
96.8 5.422657412E-05 1.936663361E-05
97 4.650297619E-05 2.906436012E-05
97.2 5.040322581E-05 -9.69292804E-06
97.4 4.654915591E-05 -3.879096326E-05
97.6 4.657228018E-05 -2.910767511E-05
97.8 4.271247515E-05 2.912214215E-05
98 4.661859771E-05 3.884883143E-05
98.2 4.275497512E-05 2.91511194E-05
98.4 4.277625684E-05 -1.944375311E-05
98.6 3.890687251E-05 -3.890687251E-05
98.8 3.89262581E-05 8.758408072E-05
99 3.505109671E-05 4.868207876E-05
99.2 3.896508728E-05 -3.896508728E-05
99.4 3.118762475E-05 3.898453094E-05
99.6 3.120319521E-05 4.875499251E-05
99.8 2.341408591E-05 2.926760739E-05
100 1.171289355E-05 4.880372314E-05
100.2 7.8125E-06 3.90625E-05
100.4 7.816408204E-06 9.770510255E-06
100.6 0 9.7754004E-06
100.8 0 -1.956059089E-05
101 0 9.785195391E-06
101.2 0 3.9160401E-05
101.4 0 9.79501003E-06
101.6 3.919969895E-06 1.959984947E-05
101.8 3.921937751E-06 4.902422189E-05
102 7.847815168E-06 -9.80976896E-06
102.2 1.177763819E-05 -4.907349246E-05
102.4 7.855706385E-06 -1.057746643E-21
102.6 7.859657948E-06 -9.824572435E-06
102.8 1.179542023E-05 9.82951686E-06
103 7.867573011E-06 -9.834466264E-06
103.2 1.180730479E-05 -4.919710327E-05
103.4 1.575100806E-05 9.84438004E-06
103.6 1.969868886E-05 9.849344428E-06
103.8 2.759207871E-05 -9.854313824E-06
104 3.154972236E-05 2.957786471E-05
104.2 3.551136364E-05 6.904987374E-05
104.4 4.342470945E-05 3.947700859E-05
104.6 5.134605662E-05 2.962272497E-05
104.8 5.92754173E-05 5.92754173E-05
105 6.721280364E-05 9.88423583E-06
105.2 6.724683544E-05 1.977848101E-05
105.4 6.728090172E-05 8.904825228E-05
105.6 6.33552965E-05 2.969779524E-05
105.8 6.734913793E-05 3.263669097E-21
106 7.531075596E-05 5.945585997E-05
106.2 7.534898477E-05 6.940038071E-05
106.4 7.141950229E-05 9.919375317E-06
106.6 7.93953252E-05 -3.96976626E-05
106.8 8.340747331E-05 9.929461108E-06
107 8.344989827E-05 1.98690234E-05
107.2 8.349236641E-05 1.987913486E-05
107.4 8.35348778E-05 9.94462831E-06
107.6 8.35774325E-05 1.111866152E-20
107.8 7.963812436E-05 -7.103639561E-21
108 7.967873534E-05 2.987952575E-05
108.2 7.573341837E-05 4.982461735E-05
108.4 7.577207759E-05 9.970010209E-06
108.6 7.182073544E-05 9.975102145E-06
108.8 7.584951456E-05 9.980199285E-06
109 7.189417178E-05 1.997060327E-05
109.2 6.793478261E-05 3.996163683E-05
109.4 6.796954964E-05 4.997761003E-05
109.6 7.200460829E-05 2.000128008E-05
109.8 6.803919057E-05 -3.001728996E-05
110 7.207842132E-05 4.840387367E-21
110.2 7.211538462E-05 4.006410256E-05
110.4 7.616085172E-05 -3.00634941E-05
110.6 8.021047228E-05 -2.005261807E-05
110.8 7.623908577E-05 4.012583462E-05
111 7.226361768E-05 2.007322713E-05
111.2 7.230077121E-05 -4.016709512E-05
111.4 6.430041152E-05 -5.02346965E-05
111.6 6.433350489E-05 -3.658087834E-20
111.8 6.034371782E-05 -9.826752962E-21
112 5.232483256E-05 -3.01874034E-05
112.2 4.429768041E-05 1.006765464E-05
112.4 4.029138731E-05 3.021854048E-05
112.6 3.628095975E-05 2.104486918E-20
112.8 2.823309241E-05 -6.515465162E-21
113 2.421229339E-05 2.017691116E-05
113.2 1.61498708E-05 2.01873385E-05
113.4 1.211866598E-05 -3.029666494E-05
113.6 8.083290222E-06 -5.052056389E-05
113.8 4.04373706E-06 -2.02186853E-05
114 1.213749353E-05 -2.022915588E-05
114.2 1.214378238E-05 -5.059909326E-05
114.4 1.620010368E-05 -7.08754536E-05
114.6 2.026063278E-05 -0.0001114334803
114.8 2.432537623E-05 -8.108458744E-05
115 2.83943406E-05 -4.056334372E-05
115.2 3.246753247E-05 -4.058441558E-05
115.4 3.654495842E-05 -2.030275468E-05
115.6 3.656396256E-05 -3.04699688E-05
115.8 3.658298647E-05 -2.032388137E-05
116 4.473581468E-05 -5.13233874E-21
116.2 4.069010417E-05 -2.034505208E-05
116.4 4.071130797E-05 -2.035565399E-05
116.6 4.480578728E-05 -1.018313347E-05
116.8 4.482916015E-05 -2.037689098E-05
117 4.485255741E-05 -4.077505219E-05
117.2 4.487597911E-05 -6.119451697E-05
117.4 4.898119122E-05 -2.040882968E-05
117.6 4.900679561E-05 1.810603582E-20
117.8 4.903242678E-05 -2.043017782E-05
118 4.905808477E-05 -4.088173731E-05
118.2 5.726439791E-05 -7.158049738E-05
118.4 6.138685175E-05 -7.161799371E-05
118.6 6.141902516E-05 -3.070951258E-05
118.8 6.14512323E-05 -1.024187205E-05
119 6.148347324E-05 -1.024724554E-05
119.2 6.151574803E-05 -3.075787402E-05
119.4 6.154805672E-05 -1.025800945E-05
119.6 6.158039937E-05 -1.026339989E-05
119.8 6.161277603E-05 1.0268796E-05
120 6.164518674E-05 4.109679116E-05
120.2 6.167763158E-05 -1.027960526E-05
120.4 6.582411796E-05 -2.057003686E-05
120.6 6.585879874E-05 -1.02904373E-05
120.8 6.589351608E-05 -4.118344755E-05
121 6.592827004E-05 -3.090387658E-05
121.2 6.596306069E-05 3.09201847E-05
121.4 6.187302006E-05 4.124868004E-05
121.6 6.190570523E-05 5.158808769E-05
121.8 6.193842495E-05 6.193842495E-05
122 6.197117927E-05 4.131411951E-05
122.2 6.200396825E-05 1.033399471E-05
122.4 6.617257808E-05 8.397298265E-21
122.6 6.620762712E-05 3.103482521E-05
122.8 6.210254372E-05 4.140169581E-05
123 5.79931071E-05 1.367050744E-20
123.2 6.216843501E-05 -1.036140584E-05
123.4 5.39079087E-05 2.073381104E-05
123.6 5.393653744E-05 3.302594346E-20
123.8 4.981402763E-05 3.328933284E-20
124 4.56871345E-05 1.038343966E-05
124.2 4.155585106E-05 -2.077792553E-05
124.4 3.74201703E-05 3.118347525E-05
124.6 3.32800852E-05 3.581850907E-20
124.8 2.913558871E-05 -8.324453916E-05
125 2.498667377E-05 -2.082222814E-05
125.2 2.083333333E-05 1.041666667E-05
125.4 2.084445037E-05 -6.253335112E-05
125.6 1.668446343E-05 -4.171115857E-05
125.8 1.669337607E-05 1.043336004E-05
126 1.670229824E-05 -1.04389364E-05
126.2 1.671122995E-05 -4.177807487E-05
126.4 1.672017121E-05 -2.090021402E-05
126.6 1.254684154E-05 -1.045570128E-05
126.8 1.255356186E-05 -4.184520621E-05
127 1.256028939E-05 -3.767948875E-20
127.2 1.256702413E-05 -1.047252011E-05
127.4 1.676502146E-05 -3.143441524E-05
127.6 1.25805153E-05 4.193505099E-05
127.8 8.391514501E-06 3.146817938E-05
128 8.396023643E-06 -1.049502955E-05
128.2 8.400537634E-06 1.050067204E-05
128.4 8.405056482E-06 5.253160301E-05
128.6 1.261437029E-05 4.204790097E-05
128.8 1.682821756E-05 -1.051763597E-05
129 1.262796336E-05 -3.156990841E-05
129.2 1.263477089E-05 -1.052897574E-05
129.4 2.10693096E-05 -2.10693096E-05
129.6 2.529681597E-05 -3.162101997E-05
129.8 2.531047516E-05 -3.163809395E-05
130 3.376553214E-05 -6.331037277E-05
130.2 3.378378378E-05 -1.055743243E-05
130.4 2.957679827E-05 3.168942672E-05
130.6 2.536525974E-05 -4.22754329E-05
130.8 2.537899296E-05 -1.05745804E-05
131 1.692849404E-05 9.522277898E-05
131.2 8.468834688E-06 4.234417344E-05
131.4 1.2710141E-05 -1.059178416E-05
131.6 8.478024959E-06 -1.05975312E-05
131.8 4.241313789E-06 -3.180985342E-05
132 8.487235198E-06 -3.182713199E-05
132.2 4.245923913E-06 -3.184442935E-05
132.4 4.248232735E-06 -3.186174551E-05
132.6 4.25054407E-06 -5.65300805E-21
132.8 0 1.879239699E-20
133 0 -4.255174292E-05
133.2 0 -2.128746594E-05
133.4 0 4.259814613E-05
133.6 0 5.327673213E-05
133.8 0 3.198348799E-05
134 0 3.200095576E-05
134.2 0 2.134562842E-05
134.4 0 1.296722209E-20
134.6 0 1.068449125E-05
134.8 0 2.138067871E-05
135 0 -2.139238773E-05
135.2 0 -5.351027397E-05
135.4 0 -3.212376645E-05
135.6 4.285518376E-06 -1.071379594E-05
135.8 4.287870472E-06 -3.215902854E-05
136 8.580450302E-06 -1.072556288E-05
136.2 1.287774725E-05 2.146291209E-05
136.4 1.71797691E-05 -3.221206707E-05
136.6 1.718921892E-05 2.148652365E-05
136.8 1.289900936E-05 4.299669785E-05
137 1.290611233E-05 2.151018722E-05
137.2 8.608815427E-06 -1.076101928E-05
137.4 0 -2.153390298E-05
137.6 0 2.154578047E-05
137.8 0 -3.233650662E-05
138 0 -3.235436223E-05
138.2 0 1.783457868E-20
138.4 0 -3.239013267E-05
138.6 0 -2.160536504E-05
138.8 0 2.161732153E-05
139 0 1.081464563E-05
139.2 0 1.082063712E-05
139.4 0 5.413317627E-05
139.6 0 5.416320022E-05
139.8 0 -1.08386515E-05
140 0 -1.084466963E-05
140.2 4.340277778E-06 2.170138889E-05
140.4 8.685380767E-06 5.428362979E-05
140.6 1.303531702E-05 1.086276418E-05
140.8 1.73900946E-05 -4.347523651E-05
141 2.17497216E-05 -2.17497216E-05
141.2 2.611420613E-05 -4.352367688E-05
141.4 3.04835563E-05 -4.354793757E-05
141.6 3.050055772E-05 1.038475017E-20
141.8 3.051757812E-05 1.089913504E-05
142 3.053461753E-05 -1.090522055E-05
142.2 2.618715084E-05 -4.36452514E-05
142.4 2.183482392E-05 -1.091741196E-05
142.6 1.747762864E-05 -1.356396065E-20
142.8 1.31155568E-05 -5.464815333E-05
143 8.748600224E-06 -2.187150056E-05
143.2 4.3767507E-06 2.931318405E-20
143.4 0 2.189602018E-05
143.6 0 5.477075154E-05
143.8 0 4.384118967E-05
144 0 3.28993543E-05
144.2 0 -3.296737067E-20
144.4 0 -1.097878021E-05
144.6 0 -3.295486502E-05
144.8 4.396454699E-06 1.099113675E-05
145 8.79786036E-06 3.299197635E-05
145.2 4.401408451E-06 -4.401408451E-05
145.4 4.403889515E-06 -1.100972379E-05
145.6 8.812746757E-06 2.203186689E-05
145.8 4.408860045E-06 -1.102215011E-05
146 8.82269904E-06 -1.10283738E-05
146.2 1.324152542E-05 -1.585900354E-20
146.4 1.324901074E-05 -1.579124858E-20
146.6 1.325650452E-05 1.10470871E-05
146.8 2.210667799E-05 3.316001698E-05
147 2.211919592E-05 2.211919592E-05
147.2 1.770538244E-05 1.106586402E-05
147.4 1.77154195E-05 -1.107213719E-05
147.6 2.215683494E-05 -3.323525241E-05
147.8 3.103717367E-05 -4.433881952E-05
148 3.549119818E-05 -1.109099943E-05
148.2 3.551136364E-05 1.109730114E-05
148.4 3.553155202E-05 8.694523441E-21
148.6 3.555176337E-05 4.443970421E-05
148.8 3.557199772E-05 2.223249858E-05
149 4.004128702E-05 -1.112257973E-05
149.2 4.896723647E-05 1.112891738E-05
149.4 5.790336374E-05 -9.606418815E-21
149.6 6.684968625E-05 -2.228322875E-05
149.8 7.134703196E-05 -4.459189498E-05
150 7.584951456E-05 -1.115434038E-05
150.2 8.035714286E-05 1.116071429E-05
150.4 8.040308748E-05 -2.233419097E-05
150.6 8.044908467E-05 -4.469393593E-05
150.8 8.496708643E-05 -5.589939897E-05
151 8.949026346E-05 -1.118628293E-05
151.2 9.401862464E-05 -1.726133182E-20
151.4 9.85521789E-05 -1.119911124E-05
151.6 0.0001030909352 -1.120553643E-05
151.8 0.0001031501148 1.1211969E-05
152 0.0001032093624 2.243681792E-05
152.2 0.0001077586207 2.244971264E-05
152.4 0.000112313111 4.492524439E-05
152.6 0.0001168728423 -1.12377733E-05
152.8 0.0001214378238 -4.497697179E-05
153 0.0001260080645 -4.500288018E-05
153.2 0.0001260806916 -5.628602305E-05
153.4 0.0001261534025 -2.252739331E-05
153.6 0.0001262261973 1.524835221E-20
153.8 0.0001308097575 1.127670323E-05
154 0.0001308853264 3.384965338E-05
154.2 0.0001309609827 -4.515895954E-05
154.4 0.0001310367264 -5.64813476E-05
154.6 0.0001311125579 -2.260561343E-05
154.8 0.0001311884771 -6.785610886E-05
155 0.0001312644844 -5.657951912E-05
155.2 0.0001313405797 -3.39673913E-05
155.4 0.0001359483759 -3.398709397E-05
155.6 0.0001405615206 -4.5342426E-05
155.8 0.0001451800232 -9.547694465E-21
156 0.0001452643812 2.269755956E-05
156.2 0.0001453488372 2.22236191E-21
156.4 0.0001454333915 -1.136198371E-05
156.6 0.0001455180442 1.136859721E-05
156.8 0.0001456027956 3.412565521E-05
157 0.0001456876457 -2.001934719E-20
157.2 0.0001457725948 -4.555393586E-05
157.4 0.0001504156943 -2.279025671E-05
157.6 0.0001550642148 1.14017805E-05
157.8 0.0001642815421 -1.140844042E-05
158 0.0001689436002 -2.283021625E-05
158.2 0.0001736111111 -4.56871345E-05
158.4 0.0001782840843 -2.285693388E-05
158.6 0.0001829625293 1.143515808E-05
158.8 0.0001876464558 1.144185706E-05
159 0.0001877564478 2.289712778E-05
159.2 0.0001970307918 3.436583578E-05
159.4 0.0002017312207 2.3364782E-20
159.6 0.0002064371697 1.146873165E-05
159.8 0.0002111486486 2.295094007E-05
160 0.0002158656673 5.741108172E-05
160.2 0.0002205882353 8.042279412E-05
160.4 0.0002253163626 4.598293114E-05
160.6 0.0002300500589 4.601001178E-05
160.8 0.0002347893341 2.301856217E-05
161 0.0002395341981 3.454820165E-05
161.2 0.0002442846608 4.609144543E-05
161.4 0.0002444288666 4.611865407E-05
161.6 0.0002445732428 1.153647372E-05
161.8 0.0002447177896 -4.617316785E-05
162 0.0002494825547 -3.465035482E-05
162.2 0.0002542529586 -2.463512629E-20
162.4 0.0002590290112 -1.232485596E-20
162.6 0.000268438981 1.157064573E-05
162.8 0.0002778601067 4.631001778E-05
163 0.0002826586595 4.633748517E-05
163.2 0.0002735534125 1.159124629E-05
163.4 0.0002783551069 -1.159812945E-05
163.6 0.0002831625074 2.321004159E-05
163.8 0.0002833308561 5.805960166E-05
164 0.0002927944676 5.809414039E-05
164.2 0.0003022693452 3.487723214E-05
164.4 0.0003117555092 9.470252808E-21
164.6 0.0003119412992 -1.24056506E-20
164.8 0.0003028100775 3.493962433E-05
165 0.0003029907518 6.992094272E-05
165.2 0.0003031716418 6.996268657E-05
165.4 0.0002986857826 4.666965352E-05
165.6 0.0003035340705 1.167438733E-05
165.8 0.0003083881579 1.660022465E-20
166 0.000308572711 -8.305079478E-21
166.2 0.0003040793413 -1.169535928E-05
166.4 0.0003089424805 1.170236669E-05
166.6 0.0003138114508 -1.988231585E-20
166.8 0.0003186862627 1.171640672E-05
167 0.0003235669268 2.344687875E-05
167.2 0.0003284534535 1.197021169E-20
167.4 0.0003286508413 1.668003342E-20
167.6 0.0003335463019 1.043128969E-20
167.8 0.0003384476534 2.350330927E-05
168 0.0003433549067 -7.915302222E-21
168.2 0.0003482680723 4.0085324E-21
168.4 0.0003531871609 -5.886452682E-05
168.6 0.0003675361882 -9.424004825E-05
168.8 0.0003771876886 -2.357423054E-05
169 0.0003774154589 -3.538269928E-05
169.2 0.0003823640483 -5.900679758E-05
169.4 0.0003873186215 -4.723397823E-05
169.6 0.0003875529341 -1.181563823E-05
169.8 0.0003925166465 -3.546837167E-05
170 0.0004022183525 -4.731980618E-05
170.2 0.0004071969697 2.367424242E-05
170.4 0.0003979684657 -0
170.6 0.0003934693568 -3.555445995E-05
170.8 0.0003937082574 -4.743472981E-05
171 0.0003939474484 -3.5597661E-05
171.2 0.0003846884498 -1.18731003E-05
171.4 0.0003801703163 -3.564096715E-05
171.6 0.0003804017042 -3.566265977E-05
171.8 0.0003806333739 -1.189479294E-05
172 0.0003713436929 -3.570612431E-05
172.2 0.0003668064024 -4.763719512E-05
172.4 0.0003574969494 1.191656498E-05
172.6 0.0003434065934 2.38476801E-05
172.8 0.0003340714722 1.193112401E-05
173 0.0003295003056 3.581525061E-05
173.2 0.0003249235474 -1.194571865E-05
173.4 0.0003107787638 -5.976514688E-05
173.6 0.0002966166565 2.436326582E-21
173.8 0.0002872242647 3.590303309E-05
174 0.0002778203556 3.592504598E-05
174.2 0.000268404908 2.396472393E-05
174.4 0.0002637737876 -1.400194379E-20
174.6 0.000254338145 2.399416462E-05
174.8 0.0002448909035 -1.200445605E-05
175 0.0002402367774 -4.295818207E-20
175.2 0.0002259615385 2.403846154E-05
175.4 0.0002212900246 -4.63431457E-21
175.6 0.0002166127542 1.20340419E-05
175.8 0.0002071131319 -2.408292232E-05
176 0.000197601789 1.704909066E-20
176.2 0.000178433642 1.205632716E-05
176.4 0.0001640673255 -3.61913218E-05
176.6 0.0001545117429 -2.414245983E-05
176.8 0.0001401128633 -1.207869511E-05
177 0.0001256961634 -2.417233911E-05
177.2 0.0001112616099 -1.209365325E-05
177.4 0.0001016496283 -2.420229244E-05
177.6 9.686918785E-05 -4.843459392E-05
177.8 8.723635236E-05 -4.84646402E-05
178 7.759155804E-05 -4.849472377E-05
178.2 6.793478261E-05 -1.213121118E-05
178.4 5.826600373E-05 -1.122561893E-20
178.6 5.344371891E-05 -1.214629975E-05
178.8 4.375388923E-05 2.430771624E-05
179 3.405199253E-05 3.648427771E-05
179.2 2.433800623E-05 -1.216900312E-05
179.4 1.461190773E-05 -3.652976933E-05
179.6 9.747348721E-06 1.21841859E-05
179.8 4.876716604E-06 1.219179151E-05
180 0 -3.659821986E-05
180.2 0 -1.220703125E-05
180.4 0 1.221466542E-05
180.6 0 -1.222230914E-05
180.8 0 -2.336879849E-20
181 0 2.447525063E-05
181.2 0 -3.353841808E-20
181.4 0 3.675893977E-05
181.6 0 8.582470182E-05
181.8 0 4.907349246E-05
182 0 -1.494098087E-20
182.2 0 -1.016621278E-20
182.4 0 1.54982012E-20
182.6 0 -1.229927582E-05
182.8 0 -1.230702583E-05
183 0 1.803890168E-20
183.2 0 4.191070976E-21
183.4 0 -2.466066919E-05
183.6 0 1.233812382E-05
183.8 0 1.234592288E-05
184 0 -4.941492726E-05
184.2 0 -4.944620253E-05
184.4 0 1.236937935E-05
184.6 0 3.713165399E-05
184.8 0 1.201770273E-20
185 0 -1.239292513E-05
185.2 0 1.240079365E-05
185.4 0 -5.582824929E-21
185.6 0 -1.241656071E-05
185.8 0 3.412570094E-20
186 0 2.486473584E-05
186.2 0 2.488057325E-05
186.4 0 3.734464627E-05
186.6 0 2.491230867E-05
186.8 0 -6.232051691E-05
187 4.988825032E-06 -3.741618774E-05
187.2 4.99201278E-06 1.248003195E-05
187.4 4.995204604E-06 1.782022074E-21
187.6 4.998400512E-06 -1.249600128E-05
187.8 5.001600512E-06 -1.250400128E-05
188 5.004804612E-06 1.657530355E-20
188.2 5.008012821E-06 -1.252003205E-05
188.4 1.002245029E-05 -1.252806286E-05
188.6 1.504332478E-05 2.507220796E-05
188.8 2.007064868E-05 5.017662171E-05
189 1.506266067E-05 2.510443445E-05
189.2 2.009646302E-05 2.512057878E-05
189.4 2.010939511E-05 5.027348777E-05
189.6 2.012234385E-05 2.515292981E-05
189.8 2.013530928E-05 -1.25845683E-05
190 2.014829142E-05 -2.518536428E-05
190.2 2.016129032E-05 2.52016129E-05
190.4 2.0174306E-05 3.782682376E-05
190.6 3.028100775E-05 5.046834625E-05
190.8 2.525048481E-05 8.837669683E-05
191 2.526681759E-05 7.580045278E-05
191.2 1.516990291E-05 5.056634304E-05
191.4 3.035945596E-05 -3.794931995E-05
191.6 3.037913156E-05 -1.265797148E-05
191.8 3.54653048E-05 7.599708171E-05
192 3.548831927E-05 2.534879948E-05
192.2 4.565746753E-05 1.268262987E-05
192.4 4.56871345E-05 5.076348278E-05
192.6 5.079648895E-05 -2.539824447E-05
192.8 5.591249187E-05 -6.353692258E-05
193 6.103515625E-05 2.54313151E-05
193.2 6.616449511E-05 8.906758958E-05
193.4 6.620762712E-05 1.919026466E-20
193.6 7.644324853E-05 -5.096216569E-05
193.8 7.649314621E-05 -2.54977154E-05
194 7.654310908E-05 -3.827155454E-05
194.2 6.638071895E-05 -5.10620915E-05
194.4 7.664323087E-05 2.554774362E-05
194.6 7.669339005E-05 8.947562173E-05
194.8 7.674361493E-05 3.837180747E-05
195 7.167431193E-05 -3.839695282E-05
195.2 7.68442623E-05 -6.403688525E-05
195.4 7.689468504E-05 -2.563156168E-05
195.6 7.6945174E-05 -2.564839133E-05
195.8 7.69957293E-05 1.283262155E-05
196 7.704635108E-05 5.136423406E-05
196.2 7.709703947E-05 3.854851974E-05
196.4 7.71477946E-05 -2.571593153E-05
196.6 8.749176548E-05 -5.14657444E-05
196.8 9.269940672E-05 -2.57498352E-05
197 9.791391821E-05 -2.576682058E-05
197.2 0.0001031353135 -2.578382838E-05
197.4 0.0001083636063 -5.160171731E-05
197.6 0.000108435228 -3.872686715E-05
197.8 0.0001085069444 -1.291749339E-05
198 0.0001085787558 -5.170416942E-05
198.2 0.0001086506623 -9.054221854E-05
198.4 0.000108722664 -6.471587144E-05
198.6 0.0001139754642 1.295175729E-05
198.8 0.0001036828135 -2.592070338E-05
199 0.000114126826 -3.890687251E-05
199.2 0.0001142026578 2.59551495E-05
199.4 0.0001038896277 1.298620346E-05
199.6 9.356287425E-05 -2.598968729E-05
199.8 9.882656458E-05 -5.201398136E-05
200 9.368754164E-05 -5.204863424E-05
200.2 9.375E-05 1.302083333E-05
200.4 8.860073382E-05 -2.605903936E-05
200.6 9.387516689E-05 -5.215287049E-05
200.8 9.393787575E-05 1.304692719E-05
201 9.400066845E-05 1.30556484E-05
201.2 8.883779264E-05 -3.424994096E-20
201.4 9.935575636E-05 1.307312584E-05
201.6 8.895679839E-05 1.308188212E-05
201.8 8.901642091E-05 -1.290424314E-20
202 8.907612341E-05 -2.094233573E-20
202.2 9.437919463E-05 -2.621644295E-05
202.4 8.919576897E-05 -1.311702485E-05
202.6 7.875504032E-05 1.165808788E-20
202.8 7.880800269E-05 3.940400134E-05
203 6.834623149E-05 5.257402423E-05
203.2 6.313131313E-05 1.31523569E-05
203.4 5.264487871E-05 1.264002211E-20
203.6 5.268037761E-05 1.31700944E-05
203.8 4.744433198E-05 1.317898111E-05
204 4.22012154E-05 -2.637575962E-05
204.2 3.695101351E-05 -1.319679054E-05
204.4 3.69759973E-05 5.282285328E-05
204.6 3.700101488E-05 7.928788904E-05
204.8 3.17366283E-05 0.000105788761
205 2.64651084E-05 6.6162771E-05
205.2 2.648305085E-05 -1.324152542E-05
205.4 2.650101764E-05 -3.975152646E-05
205.6 2.651900883E-05 -1.325950441E-05
205.8 2.653702446E-05 2.653702446E-05
206 2.655506458E-05 1.327753229E-05
206.2 2.657312925E-05 -3.655869849E-22
206.4 2.659121852E-05 1.329560926E-05
206.6 2.660933243E-05 -2.660933243E-05
206.8 2.662747103E-05 -1.533281201E-20
207 2.664563438E-05 9.325972033E-05
207.2 2.666382253E-05 9.332337884E-05
207.4 2.668203552E-05 5.336407104E-05
207.6 3.204032809E-05 1.335013671E-05
207.8 2.671853625E-05 -5.34370725E-05
208 2.138945927E-05 -4.010523614E-05
208.2 1.070205479E-05 -2.675513699E-05
208.4 1.070938999E-05 -5.354694997E-05
208.6 1.607510288E-05 1.339591907E-05
208.8 1.07240906E-05 2.681022649E-05
209 1.073145604E-05 2.682864011E-05
209.2 1.073883162E-05 5.369415808E-05
209.4 1.074621733E-05 5.373108666E-05
209.6 1.075361321E-05 4.032604955E-05
209.8 1.076101928E-05 -1.34512741E-05
210 1.076843556E-05 1.346054445E-05
210.2 1.077586207E-05 6.734913793E-05
210.4 5.391649413E-06 6.739561767E-05
210.6 5.395372928E-06 5.395372928E-05
210.8 0 1.349775397E-05
211 0 4.052126556E-05
211.2 0 4.054930796E-05
211.4 0 1.35257964E-05
211.6 0 1.353516979E-05
211.8 0 2.708911234E-05
212 5.421582235E-06 4.066186676E-05
212.2 1.085069444E-05 4.069010417E-05
212.4 1.085823489E-05 2.714558721E-05
212.6 1.086578581E-05 -1.358223227E-05
212.8 1.087334725E-05 -7.363094829E-21
213 1.088091922E-05 2.720229805E-05
213.2 1.088850174E-05 4.083188153E-05
213.4 5.44804742E-06 6.810059275E-05
213.6 0 6.814811584E-05
213.8 0 5.455656425E-05
214 0 -1.364867226E-05
214.2 0 -2.731643357E-05
214.4 0 1.366777467E-05
214.6 0 4.103203782E-05
214.8 0 8.212158374E-05
215 0 9.587570126E-05
215.2 0 2.797133748E-20
215.4 5.48630618E-06 -5.48630618E-05
215.6 1.098032326E-05 1.372540408E-05
215.8 1.098804501E-05 6.867528129E-05
216 1.099577762E-05 8.246833216E-05
216.2 1.650528169E-05 2.750880282E-05
216.4 1.651691332E-05 1.376409443E-05
216.6 1.10190409E-05 9.64166079E-05
216.8 1.654022583E-05 6.891760762E-05
217 1.655190678E-05 -4.137976695E-05
217.2 1.656360424E-05 -2.760600707E-05
217.4 1.657531825E-05 2.234202346E-20
217.6 2.211606511E-05 2.764508139E-05
217.8 2.213172805E-05 4.149699008E-05
218 2.214741318E-05 5.536853296E-05
218.2 2.216312057E-05 6.925975177E-05
218.4 2.217885025E-05 4.158534422E-05
218.6 2.219460227E-05 2.506304969E-22
218.8 2.221037669E-05 -1.388148543E-05
219 1.111308677E-05 -6.906872928E-21
219.2 5.560498221E-06 1.390124555E-05
219.4 5.564458689E-06 1.391114672E-05
219.6 1.113684961E-05 -2.784212402E-05
219.8 1.114479315E-05 -5.572396576E-05
220 1.115274804E-05 -2.788187009E-05
220.2 1.116071429E-05 -3.582456922E-20
220.4 5.584345961E-06 1.39608649E-05
220.6 5.588340486E-06 -2.578453172E-20
220.8 5.59234073E-06 -2.796170365E-05
221 1.119269341E-05 -2.798173352E-05
221.2 1.120071685E-05 1.400089606E-05
221.4 1.120875179E-05 5.604375897E-05
221.6 1.121679828E-05 1.402099785E-05
221.8 1.122485632E-05 -6.280527862E-20
222 5.616462976E-06 -4.328429647E-20
222.2 5.620503597E-06 1.405125899E-05
222.4 5.624550036E-06 -1.461633759E-20
222.6 5.628602305E-06 -4.221451729E-05
222.8 5.632660418E-06 -2.816330209E-05
223 1.127344877E-05 -8.45508658E-05
223.2 1.692238267E-05 -7.05099278E-05
223.4 2.257947977E-05 -2.822434971E-05
223.6 2.824475777E-05 -1.412237889E-05
223.8 2.826519537E-05 1.413259768E-05
224 2.828566256E-05 -4.242849385E-05
224.2 2.264492754E-05 -7.076539855E-05
224.4 2.26613488E-05 -1.4163343E-05
224.6 1.700834543E-05 -3.599693344E-20
224.8 1.702069717E-05 -7.091957153E-05
225 2.271075581E-05 -1.419422238E-05
225.2 2.272727273E-05 4.261363636E-05
225.4 2.274381368E-05 -4.264465066E-05
225.6 1.707028405E-05 -7.112618354E-05
225.8 1.138848397E-05 -4.270681487E-05
226 5.698395332E-06 -4.273796499E-05
226.2 0 -4.276916058E-05
226.4 0 -7.133400292E-05
226.6 5.710891813E-06 -5.710891813E-05
226.8 1.143013899E-05 1.428767374E-05
227 1.143850659E-05 3.64712252E-20
227.2 1.144688645E-05 -5.723443223E-05
227.4 1.718291789E-05 -7.15954912E-05
227.6 2.29273661E-05 -2.865920763E-05
227.8 2.868024963E-05 -1.434012482E-05
228 2.870132256E-05 -1.435066128E-05
228.2 2.872242647E-05 -2.872242647E-05
228.4 3.449227373E-05 -5.748712288E-05
228.6 4.027061856E-05 -4.314709131E-05
228.8 4.605747973E-05 -4.317888725E-05
229 5.761430678E-05 -5.761430678E-05
229.2 6.342250923E-05 -1.170830093E-20
229.4 5.769940916E-05 2.884970458E-05
229.6 5.774205469E-05 2.887102735E-05
229.8 6.356323964E-05 -1.444619083E-05
230 6.939304219E-05 -7.228441895E-05
230.2 8.101851852E-05 -5.787037037E-05
230.4 8.686990363E-05 1.055549599E-20
230.6 8.693434718E-05 2.897811573E-05
230.8 8.699888641E-05 -4.349944321E-05
231 9.867199108E-05 -7.255293462E-05
231.2 0.0001045539033 -5.808550186E-05
231.4 0.0001046316964 -1.453218006E-05
231.6 0.0001105268057 -4.362900223E-05
231.8 0.0001222522355 -8.732302534E-05
232 0.0001223434004 1.456469053E-05
232.2 0.0001224347015 5.830223881E-05
232.4 0.0001166915609 2.917289022E-05
232.6 0.0001167787743 1.459734679E-05
232.8 0.0001168661182 -2.921652954E-05
233 0.0001111059132 1.46191991E-05
233.2 0.0001053370787 1.463014981E-05
233.4 9.95595952E-05 2.928223388E-05
233.6 8.791260315E-05 7.326050263E-05
233.8 7.624812312E-05 2.93262012E-05
234 7.043576258E-05 5.869646882E-05
234.2 6.461466165E-05 2.937030075E-05
234.4 7.642024078E-05 -5.87848006E-05
234.6 6.471197289E-05 1.907415447E-21
234.8 5.298605878E-05 7.35917483E-05
235 4.713423831E-05 7.364724736E-05
235.2 5.306603774E-05 8.844339623E-05
235.4 5.310611782E-05 5.900679758E-05
235.6 5.31462585E-05 4.87020584E-21
235.8 5.318645991E-05 2.954803328E-05
236 5.322672218E-05 0.0001034964042
236.2 5.326704545E-05 4.438920455E-05
236.4 5.923047763E-05 -5.923047763E-05
236.6 6.520295903E-05 1.481885432E-05
236.8 7.118451025E-05 8.898063781E-05
237 7.123860182E-05 4.452412614E-05
237.2 7.72338403E-05 -1.48526616E-05
237.4 7.729261796E-05 -2.972792998E-05
237.6 7.735148515E-05 1.487528561E-05
237.8 8.336509146E-05 -1.488662348E-05
238 8.938787185E-05 -4.469393593E-05
238.2 9.541984733E-05 1.490935115E-05
238.4 8.952444614E-05 1.492074102E-05
238.6 9.556574924E-05 -2.986429664E-05
238.8 0.0001016162969 -2.988714614E-05
239 0.0001076761103 -1.495501531E-05
239.2 0.0001197318008 2.993295019E-05
239.4 0.0001377971626 1.773639161E-21
239.6 0.0001558902533 -1.498944743E-05
239.8 0.0001560099846 4.500288018E-05
240 0.0001561299001 4.503747118E-05
240.2 0.00015625 4.507211538E-05
240.4 0.0001503560431 6.014241724E-05
240.6 0.0001444530046 3.009437596E-05
240.8 0.0001385408635 -3.610718373E-20
241 0.0001446759259 -1.990837059E-20
241.2 0.0001387548263 -1.158895365E-20
241.4 0.000132824575 -1.50937017E-05
241.6 0.0001268851508 -1.51053751E-05
241.8 0.0001209365325 1.511706656E-05
242 0.0001149786987 4.538632843E-05
242.2 0.0001029554264 1.039492158E-20
242.4 0.0001090961986 -3.030449961E-05
242.6 0.0001091809006 -3.032802795E-05
242.8 0.0001092657343 -6.07031857E-05
243 0.0001093506998 -1.51875972E-05
243.2 0.0001094357977 -1.519941634E-05
243.4 0.000109521028 -3.042250779E-05
243.6 0.0001096063913 3.737584289E-20
243.8 9.750390016E-05 6.008307119E-20
244 0.0001036787666 3.049375488E-05
244.2 0.0001037597656 3.051757812E-05
244.4 0.0001038408913 -4.581215794E-05
244.6 0.000103922144 -3.056533646E-05
244.8 0.0001040035239 1.529463587E-05
245 0.0001040850313 -1.530662226E-05
245.2 0.0001041666667 -3.06372549E-05
245.4 0.0001042484301 -3.066130298E-05
245.6 0.0001043303221 -3.068538885E-05
245.8 0.0001105542453 -6.141902516E-05
246 0.0001044944925 -4.051186768E-21
246.2 0.0001045767717 0.0001076525591
246.4 9.850275808E-05 9.23463357E-05
246.6 8.625788644E-05 -1.540319401E-05
246.8 8.632596685E-05 -1.541535122E-05
247 8.022314376E-05 1.774590054E-20
247.2 6.793478261E-05 -7.71986166E-05
247.4 6.798852848E-05 -7.725969146E-05
247.6 6.185669042E-05 -7.732086302E-05
247.8 5.571513471E-05 -3.095285261E-05
248 4.956383822E-05 3.136423749E-20
248.2 4.340277778E-05 -1.550099206E-05
248.4 4.343725179E-05 -1.551330421E-05
248.6 3.726152623E-05 -3.105127186E-05
248.8 3.107597454E-05 -3.107597454E-05
249 2.488057325E-05 -4.665107484E-05
249.2 1.86752988E-05 -1.5562749E-05
249.4 1.246012759E-05 1.557515949E-05
249.6 6.235035914E-06 -3.117517957E-05
249.8 0 -7.800019968E-05
250 0 -4.683752998E-05
250.2 0 -3.125E-05
250.4 0 -7.818755004E-05
250.6 0 -1.565004006E-05
250.8 0 -7.831295108E-05
251 0 -9.405096308E-05
251.2 0 -4.706325301E-05
251.4 0 -7.850180868E-05
251.6 0 6.285053655E-21
251.8 0 -1.892115124E-20
252 6.29532635E-06 -1.443095184E-20
252.2 1.260080645E-05 3.150201613E-05
252.4 1.891646489E-05 4.729116223E-05
252.6 2.524232633E-05 3.155290792E-05
252.8 3.157841552E-05 1.578920776E-05
253 3.792475728E-05 1.92228119E-20
253.2 3.795546559E-05 -4.744433198E-05
253.4 3.798622366E-05 -3.165518639E-05
253.6 3.801703163E-05 1.584042985E-05
253.8 3.804788961E-05 3.170657468E-05
254 3.807879773E-05 1.586616572E-05
254.2 4.446138211E-05 1.587906504E-05
254.4 4.449755899E-05 4.767595606E-05
254.6 4.453379479E-05 3.180985342E-05
254.8 4.457008965E-05 -1.591788916E-05
255 4.460644372E-05 1.593087276E-05
255.2 3.826530612E-05 7.971938776E-05
255.4 3.191380719E-05 7.978451797E-05
255.6 2.55519215E-05 0.0001117896566
255.8 1.917962357E-05 9.589811784E-05
256 1.27968878E-05 6.398443898E-05
256.2 6.403688525E-06 6.403688525E-05
256.4 6.408941756E-06 6.408941756E-05
256.6 6.414203612E-06 6.414203612E-05
256.8 6.419474117E-06 3.209737058E-05
257 1.284950658E-05 3.212376645E-05
257.2 1.28600823E-05 1.607510288E-05
257.4 6.435337727E-06 1.608834432E-05
257.6 6.440643034E-06 1.45459404E-20
257.8 6.445957096E-06 2.701219494E-20
258 6.451279934E-06 3.225639967E-05
258.2 6.45661157E-06 1.614152893E-05
258.4 6.461952026E-06 -1.615488007E-05
258.6 6.467301325E-06 3.233650662E-05
258.8 6.472659486E-06 3.236329743E-05
259 6.478026534E-06 4.8585199E-05
259.2 6.48340249E-06 1.620850622E-05
259.4 6.488787375E-06 -8.110984219E-05
259.6 1.298836243E-05 -1.623545303E-05
259.8 1.299916805E-05 1.624896007E-05
260 1.951498751E-05 -3.252497918E-05
260.2 2.604166667E-05 -3.255208333E-05
260.4 3.257923269E-05 -1.628961635E-05
260.6 3.260642738E-05 -1.070320073E-20
260.8 2.6106934E-05 -1.631683375E-05
261 2.612876254E-05 -6.532190635E-05
261.2 2.615062762E-05 -1.634414226E-05
261.4 2.617252931E-05 -1.635783082E-05
261.6 2.619446773E-05 -3.274308466E-05
261.8 2.621644295E-05 -1.638527685E-05
262 2.623845508E-05 -3.279806885E-05
262.2 3.282563025E-05 -3.282563025E-05
262.4 2.628259041E-05 -2.101327829E-20
262.6 3.945707071E-05 -4.932133838E-05
262.8 3.949031171E-05 -1.645429655E-05
263 3.952360877E-05 1.646817032E-05
263.2 3.955696203E-05 -2.024593492E-20
263.4 3.959037162E-05 6.59839527E-05
263.6 3.96238377E-05 4.952979713E-05
263.8 4.626692047E-05 1.652390017E-05
264 3.969093988E-05 -3.307578323E-05
264.2 5.296610169E-05 -6.620762712E-05
264.4 5.963740458E-05 -0.0001325275657
264.6 7.295203735E-05 -9.948005093E-05
264.8 6.637638063E-05 1.659409516E-05
265 7.971938776E-05 1.660820578E-05
265.2 7.978723404E-05 3.324468085E-05
265.4 9.316439523E-05 1.663649915E-05
265.6 9.990409207E-05 -4.995204604E-05
265.8 0.0001066552901 -3.332977816E-05
266 0.0001134180188 5.239423149E-20
266.2 0.0001135149573 1.669337607E-05
266.4 0.0001136120616 1.670765612E-05
266.6 0.0001270869007 2.463339402E-20
266.8 0.0001271958012 -1.673628963E-05
267 0.0001407054031 -5.025192967E-05
267.2 0.0001542381974 -3.353004292E-05
267.4 0.0001610824742 -3.35588488E-05
267.6 0.0001746560619 -3.358770421E-05
267.8 0.0001748063683 1.304301962E-20
268 0.0001816860465 -1.682278208E-05
268.2 0.0001818426724 6.734913793E-05
268.4 0.0001752588438 3.370362381E-05
268.6 0.0001686636442 -1.686636442E-05
268.8 0.0001688094209 8.440471046E-05
269 0.0001621972318 0.0001013732699
269.2 0.0001623376623 3.382034632E-05
269.4 0.0001692482669 -4.148905367E-20
269.6 0.0001693950564 3.387901127E-05
269.8 0.0001763237847 8.477105035E-05
270 0.0001832645526 5.090682016E-05
270.2 0.0001902173913 -2.021329963E-20
270.4 0.0002039817232 -1.699847694E-05
270.6 0.0002177700348 -2.614173879E-20
270.8 0.0002179598954 5.108435048E-05
271 0.0002317844677 3.408595113E-05
271.2 0.0002251637555 5.117358079E-05
271.4 0.0002185314685 5.121831294E-05
271.6 0.0002187226597 8.543853893E-05
271.8 0.0002120731173 6.841068301E-05
272 0.0002054119194 8.558829974E-05
272.2 0.0001918859649 0.0001541940789
272.4 0.0001783362599 0.0001543294557
272.6 0.0001784929701 0.0001373022847
272.8 0.000178649956 8.588940193E-05
273 0.0001925616197 8.59650088E-05
273.2 0.0001927312775 6.883259912E-05
273.4 0.000213569224 -3.444664903E-05
273.6 0.0002275485437 -3.447705207E-05
273.8 0.0002346510601 8.626877208E-05
274 0.0002348585323 6.90760389E-05
274.2 0.0002419800885 3.456858407E-05
274.4 0.0002491142604 0.0001383968113
274.6 0.0002424091312 6.925975177E-05
274.8 0.0002287599823 -5.199090506E-05
275 0.0002289631439 -3.469138544E-05
275.2 0.0002291666667 -3.472222222E-05
275.4 0.0002224199288 3.475311388E-05
275.6 0.0002226179875 3.478406055E-05
275.8 0.0002088903743 -1.740753119E-05
276 0.0001951382694 3.484611954E-05
276.2 0.0001743861607 6.975446429E-05
276.4 0.0001466152815 3.490840036E-05
276.6 0.0001327705725 -1.746981216E-05
276.8 0.0001189010743 1.74854521E-05
277 9.100582437E-05 8.750560036E-05
277.2 8.408071749E-05 8.758408072E-05
277.4 8.41561939E-05 7.013016158E-05
277.6 7.721248877E-05 1.75482929E-05
277.8 9.835881295E-05 -8.782036871E-05
278 9.141539154E-05 -0.0001406390639
278.2 9.853603604E-05 -7.038288288E-05
278.4 9.862488729E-05 5.283476105E-05
278.6 0.0001057648917 0.0001057648917
278.8 0.0001058604336 5.29302168E-05
279 0.0001130198915 1.765935805E-05
279.2 0.0001131221719 8.837669683E-05
279.4 0.0001203011775 0.0001415307971
279.6 0.0001274932004 0.0001062443336
279.8 0.0001276088929 5.317037205E-05
280 0.0001206289737 5.321866485E-05
280.2 0.0001278409091 -1.775568182E-05
280.4 0.0001279572338 -3.554367607E-05
280.6 0.0001280737705 3.557604736E-05
280.8 0.0001210688241 1.780423883E-05
281 0.0001283074818 -3.564096715E-05
281.2 0.0001355593607 -0.0001248573059
281.4 0.0001428244973 -0.0001249714351
281.6 0.0001429551693 -0.0001072163769
281.8 0.0001430860806 -0.0001252003205
282 0.0001432172319 -0.0001253150779
282.2 0.0001433486239 -8.959288991E-05
282.4 0.00015065427 -5.380509642E-05
282.6 0.0001579733456 -3.590303309E-05
282.8 0.0001653058878 -2.712998996E-20
283 0.0001654581031 2.451691466E-20
283.2 0.0001656105991 -9.592940881E-22
283.4 0.0001729704797 -2.828527439E-20
283.6 0.000180343952 -1.80343952E-05
283.8 0.0001805106285 7.085784278E-21
284 0.0001951318224 -1.91127885E-20
284.2 0.0002025462963 -0.0001085069444
284.4 0.000202734013 -0.0001629112604
284.6 0.0002029220779 -0.000163062384
284.8 0.000195856546 -0.0001269440576
285 0.0001960385688 -9.075859665E-05
285.2 0.0001962209302 -5.450581395E-05
285.4 0.0001964036313 5.455656425E-05
285.6 0.0001965866729 3.640493942E-05
285.8 0.000196770056 -5.465834888E-05
286 0.0001969537815 -3.64729225E-05
286.2 0.0001971378505 1.825350467E-05
286.4 0.0002046304958 -1.827057998E-05
286.6 0.0002194522472 -7.315074906E-05
286.8 0.00022697985 -1.830482662E-05
287 0.0002418503752 1.832199812E-05
287.2 0.0002420774648 2.220821842E-20
287.4 0.0002423049812 -1.380250015E-20
287.6 0.0002425329257 -6.563456788E-20
287.8 0.0002501177024 -3.678201507E-05
288 0.0002577167766 -3.681668238E-05
288.2 0.0002727004717 -7.370283019E-05
288.4 0.0002655807365 -0.0001106586402
288.6 0.0002732159735 -3.69210775E-05
288.8 0.000273474456 -3.695600757E-05
289 0.0002885298295 1.849550189E-05
289.2 0.000273992891 7.40521327E-05
289.4 0.0002816650854 2.70983198E-20
289.6 0.0002893518519 1.854819563E-05
289.8 0.0002970532319 1.8565827E-05
290 0.0002899024738 -1.858349191E-05
290.2 0.0003050595238 9.208386356E-21
290.4 0.0003127979028 -1.861892278E-05
290.6 0.000313096374 -1.442351522E-20
290.8 0.0003208572111 1.865448902E-05
291 0.0003286328872 -7.468929254E-05
291.2 0.000336423445 -0.0001682117225
291.4 0.000314295977 -0.0001309566571
291.6 0.0003145973154 -5.617809204E-05
291.8 0.0002924064299 -0.0001312080134
292 0.000300192123 -0.0001125720461
292.2 0.0002779447115 -0.0001126802885
292.4 0.0002782122233 -0.0001127887392
292.6 0.0002709537572 1.881623314E-05
292.8 0.0002712150434 1.883437801E-05
293 0.000271476834 -3.770511583E-05
293.2 0.0002641908213 -5.661231884E-05
293.4 0.0002493351064 -6.318430111E-20
293.6 0.0002495764763 -4.857984606E-20
293.8 0.000249818314 -1.892562984E-05
294 0.0002424830262 1.894398642E-05
294.2 0.0002351334951 5.688713592E-05
294.4 0.0002277696793 3.796161322E-05
294.6 0.0002127918288 1.899927043E-05
294.8 0.0002053919182 5.711034499E-20
295 0.0002055921053 -1.903630604E-05
295.2 0.0001981707317 3.81097561E-05
295.4 0.0001907348633 -3.814697266E-05
295.6 0.0001832844575 4.197152772E-20
295.8 0.0001758194716 9.555406067E-05
296 0.0001683398629 1.440216119E-20
296.2 0.0001608455882 -3.829656863E-05
296.4 0.0001533366045 -1.916707556E-05
296.6 0.0001534872299 9.592951866E-05
296.8 0.0001536381514 0.0001152286136
297 0.0001537893701 7.346921133E-22
297.2 0.0001462438424 7.697044335E-05
297.4 0.000138683432 0.0001155695266
297.6 0.0001311080948 -1.928060217E-05
297.8 0.0001235177866 -1.929965415E-05
298 0.0001236399604 9.659371909E-05
298.2 0.0001160272277 0.0001740408416
298.4 0.0001006565907 0.0001354992567
298.6 9.300595238E-05 7.750496032E-05
298.8 7.758192651E-05 9.697740814E-05
299 6.989314115E-05 0.0001553180915
299.2 6.218905473E-05 0.0001360385572
299.4 7.781374502E-05 5.836030876E-05
299.6 7.789132602E-05 3.894566301E-05
299.8 9.356287425E-05 3.898453094E-05
300 7.804695305E-05 2.32442443E-20
300.2 7.8125E-05 -7.8125E-05
300.4 8.602352352E-05 -7.82032032E-05
300.6 0.0001017660321 -1.957039078E-05
300.8 9.403209629E-05 1.959002006E-05
301 0.000109814257 3.76138782E-20
301.2 0.0001256281407 -5.888819095E-05
301.4 0.0001336141851 -7.859657948E-05
301.6 0.0001180135952 -5.900679758E-05
301.8 0.0001181325605 -0.0001181325605
302 0.000134018668 -3.94172553E-05
302.2 0.0001420454545 1.972853535E-05
302.4 0.0001421890799 -9.874241658E-05
302.6 0.000142332996 -0.0001581477733
302.8 0.0001583080041 -1.978850051E-05
303 0.0001505451318 -1.980856998E-05
303.2 0.0001586294416 -0.000198286802
303.4 0.000182609248 -0.0001587906504
303.6 0.0001907426246 -5.960707019E-05
303.8 0.0001670697556 -0.0001193355397
304 0.0001752038736 -0.0001194571865
304.2 0.0001833545918 -9.964923469E-05
304.4 0.0001835418795 -0.0001995020429
304.6 0.0001917177914 -7.988241309E-05
304.8 0.0001999104401 -3.998208802E-05
305 0.000208119877 -0.0001000576332
305.2 0.0002163461538 -0.0001201923077
305.4 0.0002326103696 -0.0001203157084
305.6 0.0002328494347 -6.02196814E-05
305.8 0.0002411265432 -8.03755144E-05
306 0.0002494207003 -0.0001609165808
306.2 0.0002577319588 -0.0001208118557
306.4 0.0002660603715 -6.046826625E-05
306.6 0.0002744059917 -5.345005144E-20
306.8 0.0002746897622 2.019777663E-05
307 0.0002830615942 -6.06560559E-05
307.2 0.0002914507772 -6.071891192E-05
307.4 0.0002998573651 0.0001013031639
307.6 0.0003001687435 0.0001014083593
307.8 0.0003004807692 -8.121101871E-05
308 0.0003007934443 -2.032388137E-05
308.2 0.0003011067708 6.103515625E-05
308.4 0.0003014207508 4.073253389E-05
308.6 0.0002935803758 4.077505219E-05
308.8 0.0002857236155 6.122648903E-05
309 0.0002860224895 0.0001021508891
309.2 0.0002863219895 0.0001840641361
309.4 0.000278432914 0.0001637840671
309.6 0.0002705272823 4.098898216E-05
309.8 0.000262605042 6.154805672E-05
310 0.0002464511041 0.0001437631441
310.2 0.0002384868421 0.0001233552632
310.4 0.0002222734457 0.000102904373
310.6 0.0002060258439 0.0001030129219
310.8 0.0002062434002 -2.062434002E-05
311 0.0002064614165 -4.12922833E-05
311.2 0.0001984126984 2.066798942E-05
311.4 0.0001986228814 4.137976695E-05
311.6 0.0001988335101 4.142364793E-05
311.8 0.000199044586 6.220143312E-05
312 0.0001992561105 0.0001037792242
312.2 0.0001994680851 2.077792553E-05
312.4 0.0001996805112 -4.16001065E-05
312.6 0.0002082222814 2.082222814E-05
312.8 0.0002167822839 6.253335112E-05
313 0.0002170138889 4.173344017E-05
313.2 0.0002172459893 2.088903743E-05
313.4 0.0002174785867 6.273420771E-05
313.6 0.0002177116827 6.280144695E-05
313.8 0.0002263277897 4.191255365E-05
314 0.0002265708915 8.391514501E-05
314.2 0.0002184139785 6.300403226E-05
314.4 0.0002102395048 2.102395048E-05
314.6 0.0002273033405 4.209321121E-05
314.8 0.0002275485437 6.32079288E-05
315 0.0002277942765 2.109206263E-05
315.2 0.0002195945946 2.111486486E-05
315.4 0.0002198322511 4.22754329E-05
315.6 0.0002200704225 6.348185265E-05
315.8 0.0002118356833 6.355070499E-05
316 0.0001951004343 0.0001484459826
316.2 0.0001868206522 8.491847826E-05
316.4 0.0001870239391 -2.125272035E-05
316.6 0.0001787173203 -4.875996321E-20
316.8 0.0001703925845 -6.389721919E-05
317 0.0001620496725 -6.396697598E-05
317.2 0.0001536885246 -2.134562842E-05
317.4 0.000145309081 -2.136898249E-05
317.6 0.0001369112815 -6.41771632E-05
317.8 0.0001284950658 -8.566337719E-05
318 0.0001200603732 -0.0001071967618
318.2 0.0001116071429 -0.0001073145604
318.4 0.0001031353135 -4.29730473E-05
318.6 9.464482379E-05 -6.453056167E-05
318.8 8.613561191E-05 -6.460170893E-05
319 7.760761589E-05 -2.155767108E-05
319.2 6.906077348E-05 -4.316298343E-05
319.4 6.049502212E-05 -2.160536504E-05
319.6 5.1910299E-05 -2.81515649E-20
319.8 4.330654102E-05 -6.495981153E-05
320 3.468368479E-05 -4.335460599E-05
320.2 2.604166667E-05 -1.378777142E-20
320.4 1.738042269E-05 -8.690211346E-05
320.6 1.739977728E-05 -8.699888641E-05
320.8 1.741917503E-05 -1.792199998E-20
321 1.743861607E-05 -5.262764413E-20
321.2 1.745810056E-05 -6.546787709E-05
321.4 1.747762864E-05 -0.000109235179
321.6 1.749720045E-05 -6.561450168E-05
321.8 1.751681614E-05 -2.189602018E-05
322 1.753647587E-05 -4.384118967E-05
322.2 1.755617978E-05 -4.389044944E-05
322.4 1.757592801E-05 -2.196991001E-05
322.6 1.759572072E-05 -2.19946509E-05
322.8 1.761555806E-05 -2.201944758E-05
323 1.763544018E-05 -7.127191883E-21
323.2 1.765536723E-05 -4.413841808E-05
323.4 1.767533937E-05 -8.837669683E-05
323.6 1.769535674E-05 -4.423839185E-05
323.8 1.77154195E-05 -4.428854875E-05
324 1.773552781E-05 -4.433881952E-05
324.2 1.775568182E-05 -4.438920455E-05
324.4 1.777588168E-05 2.22198521E-05
324.6 1.779612756E-05 -5.704323478E-20
324.8 1.781641961E-05 -6.681157355E-05
325 1.783675799E-05 -7.706431463E-20
325.2 1.785714286E-05 -2.232142857E-05
325.4 1.787757437E-05 -2.234696796E-05
325.6 8.949026346E-06 -1.195485945E-20
325.8 0 -6.719466743E-05
326 0 -8.969575201E-05
326.2 0 -5.272778106E-21
326.4 0 -3.734467642E-20
326.6 0 -4.500288018E-05
326.8 0 -4.505478662E-05
327 0 -6.76602194E-05
327.2 0 -4.515895954E-05
327.4 0 2.260561343E-05
327.6 0 -8.521991839E-20
327.8 0 4.531612529E-05
328 0 4.536875726E-05
328.2 0 -4.542151163E-05
328.4 0 2.273719441E-05
328.6 0 6.829108392E-05
328.8 0 -2.279025671E-05
329 0 -2.281688084E-05
329.2 0 6.853070175E-05
329.4 0 2.287031616E-05
329.6 0 -4.579425557E-05
329.8 0 -2.292400235E-05
330 0 -4.705853875E-20
330.2 0 2.297794118E-05
330.4 0 4.601001178E-05
330.6 0 6.90964033E-05
330.8 0 -5.440638534E-20
331 0 -4.617316785E-05
331.2 0 2.311390533E-05
331.4 0 -4.628258294E-05
331.6 0 -0.0001158437129
331.8 0 -6.958877672E-05
332 0 2.322384067E-05
332.2 0 4.650297619E-05
332.4 0 4.655840286E-05
332.6 0 0.0001165349045
332.8 0 4.666965352E-05
333 0 -7.00882177E-05
333.2 0 -7.017215569E-05
333.4 0 -7.025629496E-05
333.6 9.378751501E-06 -4.68937575E-05
333.8 1.878004808E-05 4.326690262E-20
334 1.880264741E-05 2.350330927E-05
334.2 2.823795181E-05 2.353162651E-05
334.4 1.884800965E-05 -1.554459808E-20
334.6 1.887077295E-05 2.358846618E-05
334.8 1.889359129E-05 -2.361698912E-05
335 1.891646489E-05 -9.458232446E-05
335.2 1.893939394E-05 9.499673746E-21
335.4 9.48118932E-06 7.11089199E-05
335.6 9.492709599E-06 1.01380476E-19
335.8 2.851277372E-05 -9.504257908E-05
336 3.806333739E-05 -9.515834348E-05
336.2 3.81097561E-05 -2.381859756E-05
336.4 3.815628816E-05 -2.38476801E-05
336.6 3.820293399E-05 -2.387683374E-05
336.8 3.8249694E-05 1.576735098E-20
337 3.829656863E-05 -2.393535539E-05
337.2 4.792944785E-05 -2.396472393E-05
337.4 3.839066339E-05 4.798832924E-05
337.6 2.882841328E-05 -2.402367774E-05
337.8 3.848522167E-05 -9.621305419E-05
338 4.816584464E-05 -2.408292232E-05
338.2 4.822530864E-05 -3.009840971E-20
338.4 4.828491965E-05 1.111347015E-20
338.6 4.834467822E-05 5.761284763E-21
338.8 4.840458488E-05 2.420229244E-05
339 3.877171216E-05 4.84646402E-05
339.2 3.881987578E-05 2.210429009E-20
339.4 4.8585199E-05 -4.8585199E-05
339.6 4.864570361E-05 -2.432285181E-05
339.8 4.87063591E-05 -3.176289162E-20
340 4.876716604E-05 -3.580168224E-20
340.2 4.8828125E-05 7.969501366E-21
340.4 4.888923655E-05 -1.357771128E-21
340.6 4.895050125E-05 -9.305661563E-20
340.8 4.90119197E-05 -2.450595985E-05
341 4.907349246E-05 -2.453674623E-05
341.2 4.913522013E-05 2.456761006E-05
341.4 4.919710327E-05 4.919710327E-05
341.6 4.92591425E-05 4.92591425E-05
341.8 4.932133838E-05 9.864267677E-05
342 4.938369153E-05 7.407553729E-05
342.2 3.955696203E-05 -4.944620253E-05
342.4 2.970532319E-05 -2.475443599E-05
342.6 2.97430203E-05 4.957170051E-05
342.8 2.978081321E-05 2.481734435E-05
343 2.981870229E-05 3.815325268E-20
343.2 2.98566879E-05 2.706778226E-20
343.4 2.989477041E-05 -4.735721033E-20
343.6 2.993295019E-05 -6.222064835E-20
343.8 2.997122762E-05 -4.995204604E-05
344 3.000960307E-05 -2.500800256E-05
344.2 3.004807692E-05 7.512019231E-05
344.4 1.002888318E-05 0.0001002888318
344.6 1.004177378E-05 7.531330334E-05
344.8 1.005469755E-05 5.027348777E-05
345 1.006765464E-05 7.550740979E-05
345.2 1.008064516E-05 7.560483871E-05
345.4 1.009366925E-05 -5.046834625E-05
345.6 1.010672704E-05 -3.709488135E-21
345.8 0 5.059909326E-05
346 0 -2.893745661E-20
346.2 0 -2.536525974E-05
346.4 0 4.94797276E-20
346.6 1.017252604E-05 0.0001017252604
346.8 1.018578879E-05 2.546447197E-05
347 2.039817232E-05 -2.54977154E-05
347.2 3.06372549E-05 -5.10620915E-05
347.4 4.090314136E-05 -7.669339005E-05
347.6 5.119593709E-05 -2.559796855E-05
347.8 6.151574803E-05 2.563156168E-05
348 7.186268068E-05 2.56652431E-05
348.2 8.223684211E-05 2.36072925E-20
348.4 9.263833992E-05 5.14657444E-05
348.6 9.276055409E-05 7.730046174E-05
348.8 0.0001032034346 5.160171731E-05
349 0.0001033399471 4.676610382E-20
349.2 0.0001138245033 -7.760761589E-05
349.4 0.0001139754642 -5.180702918E-05
349.6 0.000114126826 5.187583001E-05
349.8 0.0001142785904 2.597240691E-05
350 0.000114430759 -7.802097204E-05
350.2 0.0001145833333 -2.604166667E-05
350.4 0.0001147363151 5.215287049E-05
350.6 0.0001044451872 -5.222259358E-05
350.8 0.0001045850067 -3.877588979E-20
351 0.0001047252011 0.0001047252011
351.2 9.437919463E-05 2.621644295E-05
351.4 9.450604839E-05 -2.625168011E-05
351.6 9.463324361E-05 -8.929372317E-20
351.8 9.476078167E-05 3.187063646E-20
352 9.488866397E-05 2.635796221E-05
352.2 9.501689189E-05 5.278716216E-05
352.4 9.514546685E-05 2.642929635E-05
352.6 0.0001058604336 -5.998877021E-21
352.8 0.0001166044776 -2.650101764E-05
353 0.0001167629076 5.307404891E-05
353.2 0.0001275510204 0.0001328656463
353.4 0.0001277247956 5.321866485E-05
353.6 0.000127899045 -2.664563438E-05
353.8 0.0001280737705 2.668203552E-05
354 0.0001389363885 -2.671853625E-05
354.2 0.0001498287671 -6.879593943E-20
354.4 0.0001607510288 5.358367627E-05
354.6 0.0001717032967 -4.297140405E-20
354.8 0.0001826856946 -8.617839142E-20
355 0.0001936983471 2.690254821E-05
355.2 0.0002047413793 5.387931034E-05
355.4 0.0002158149171 2.697686464E-05
355.6 0.000237724758 -2.421156526E-20
355.8 0.0002488746537 2.70515928E-05
356 0.0002600554785 3.202643669E-21
356.2 0.0002604166667 0.0001356336806
356.4 0.0002716446453 8.14933936E-05
356.6 0.0002829038997 -2.720229805E-05
356.8 0.0002832984658 -8.17207113E-05
357 0.0002836941341 -0.0001909479749
357.2 0.0002840909091 -5.463286713E-05
357.4 0.0002844887955 -1.816451902E-20
357.6 0.000284887798 2.73930575E-05
357.8 0.0002852879213 0.0001371576545
358 0.0002747011252 0.0001373505626
358.2 0.0002750880282 0.0001100352113
358.4 0.0002754760226 2.754760226E-05
358.6 0.000275865113 2.75865113E-05
358.8 0.0002873055163 8.287659123E-05
359 0.0003098441926 1.965539945E-20
359.2 0.0003324468085 -8.311170213E-05
359.4 0.0003440163352 -8.322975852E-05
359.6 0.0003445056899 -5.556543385E-05
359.8 0.0003561253561 -8.346688034E-05
360 0.0003789229672 -2.786198288E-05
360.2 0.000390625 -2.790178571E-05
360.4 0.000391183834 8.325584685E-20
360.6 0.0004141296562 2.798173352E-05
360.8 0.0004147238164 2.802187948E-05
361 0.0004377693966 2.80621408E-05
361.2 0.0004271582734 2.810251799E-05
361.4 0.0004277737752 2.814301153E-05
361.6 0.0004396645022 -1.43652988E-20
361.8 0.0004741690751 2.822434971E-05
362 0.0004522431259 -2.826519537E-05
362.2 0.0004528985507 -2.830615942E-05
362.4 0.000464894775 5.669448476E-05
362.6 0.0004542151163 0.0001135537791
362.8 0.0004548762737 0.0001705786026
363 0.0004669278426 0.0001423560496
363.2 0.0004790145985 5.702554745E-05
363.4 0.0004797149123 5.710891813E-05
363.6 0.0004689787701 0.0002001738653
363.8 0.0004582111437 0.0002291055718
364 0.0004474118943 0.0001720814978
364.2 0.0004365808824 0.0001148897059
364.4 0.0004257179676 0.0001150589102
364.6 0.0004148230088 0.0001728429204
364.8 0.0003923559823 0.0001442485229
365 0.0003813794379 5.778476331E-05
365.2 0.0003703703704 8.680555556E-05
365.4 0.000359328635 0.0001448905786
365.6 0.0003250371471 0.0001160846954
365.8 0.0003138950893 -2.906436012E-05
366 0.0003027198212 -8.732302534E-05
366.2 0.0003031716418 8.745335821E-05
366.4 0.0002802690583 0.0001167787743
366.6 0.0002806886228 -2.92383982E-05
366.8 0.0002693965517 -5.856446777E-05
367 0.0002580705706 8.79786036E-05
367.2 0.0002467105263 0.000117481203
367.4 0.0002470820783 0.0001176581325
367.6 0.0002356711916 -2.945889894E-05
367.8 0.0002360271903 -0.000147516994
368 0.0002127458396 1.046543559E-20
368.2 0.0002012310606 -2.959280303E-05
368.4 0.0001896813354 -0.0001778262519
368.6 0.0001899696049 -8.904825228E-05
368.8 0.0001664764079 5.945585997E-05
369 0.0001667301829 -8.931974085E-05
369.2 0.0001550572519 -0.0001192748092
369.4 0.0001433486239 -6.396386958E-21
369.6 0.0001316041348 -5.982006126E-05
369.8 0.0001198236196 -0.0002096913344
370 0.0001080069124 -0.0002100134409
370.2 9.615384615E-05 -6.009615385E-05
370.4 8.42642527E-05 -3.009437596E-05
370.6 7.233796296E-05 -0.0001808449074
370.8 6.03748068E-05 -0.0002414992272
371 6.046826625E-05 -3.023413313E-05
371.2 4.84496124E-05 -3.028100775E-05
371.4 3.639363354E-05 -9.098408385E-05
371.6 2.430015552E-05 -9.11255832E-05
371.8 2.433800623E-05 -6.084501558E-05
372 1.218798752E-05 -6.09399376E-05
372.2 2.44140625E-05 -3.051757812E-05
372.4 1.222613459E-05 3.056533646E-05
372.6 3.673589342E-05 -0.0001224529781
372.8 3.679356358E-05 -0.0002452904239
373 3.685141509E-05 -0.0001535475629
373.2 4.921259843E-05 -0.0001230314961
373.4 6.161277603E-05 -0.0002464511041
373.6 4.936808847E-05 -0.0001542752765
373.8 6.180775316E-05 -6.580300887E-20
374 6.190570523E-05 -3.697518372E-20
374.2 6.200396825E-05 -6.200396825E-05
374.4 6.210254372E-05 3.105127186E-05
374.6 6.220143312E-05 0.0001244028662
374.8 4.984051037E-05 -3.115031898E-05
375 6.240015974E-05 -6.240015974E-05
375.2 6.25E-05 5.109479855E-20
375.4 6.260016026E-05 -3.130008013E-05
375.6 5.016051364E-05 6.270064205E-05
375.8 6.280144695E-05 -9.659551178E-21
376 5.032206119E-05 -3.145128824E-05
376.2 5.040322581E-05 6.300403226E-05
376.4 5.048465267E-05 6.310581583E-05
376.6 5.056634304E-05 4.05322353E-20
376.8 3.798622366E-05 -3.165518639E-05
377 5.073051948E-05 3.170657468E-05
377.2 3.81097561E-05 3.175813008E-05
377.4 3.81718241E-05 -6.361970684E-05
377.6 5.097879282E-05 -9.558523654E-05
377.8 5.10620915E-05 5.051468549E-20
378 3.835924714E-05 3.152277888E-20
378.2 5.12295082E-05 4.373651127E-20
378.4 5.13136289E-05 3.207101806E-05
378.6 5.139802632E-05 3.212376645E-05
378.8 5.148270181E-05 -3.217668863E-05
379 5.156765677E-05 -3.222978548E-05
379.2 3.873966942E-05 -3.228305785E-05
379.4 5.17384106E-05 -3.233650662E-05
379.6 3.88681592E-05 6.408526201E-21
379.8 3.893272425E-05 -6.488787375E-05
380 5.199667221E-05 -6.499584027E-05
380.2 5.208333333E-05 -6.510416667E-05
380.4 3.912771285E-05 -3.260642738E-05
380.6 5.225752508E-05 -6.532190635E-05
380.8 5.234505863E-05 -9.814698492E-05
381 5.243288591E-05 -3.277055369E-05
381.2 5.25210084E-05 3.282563025E-05
381.4 5.260942761E-05 -3.288089226E-05
381.6 5.269814503E-05 -6.587268128E-05
381.8 5.278716216E-05 3.299197635E-05
382 5.287648054E-05 6.609560068E-05
382.2 5.296610169E-05 9.931144068E-05
382.4 3.979202037E-05 9.948005093E-05
382.6 3.985969388E-05 0.0001328656463
382.8 2.661839864E-05 0.0001330919932
383 1.333191126E-05 -2.099481494E-20
383.2 1.335470085E-05 -9.101450661E-20
383.4 1.337756849E-05 0.0001337756849
383.6 0 -5.421882742E-21
383.8 0 -6.711769759E-05
384 0 8.389828401E-20
384.2 0 -6.734913793E-05
384.4 0 -3.373272884E-05
384.6 0 3.379108997E-05
384.8 0 3.384965338E-05
385 0 -3.409525801E-20
385.2 0 3.39673913E-05
385.4 0 6.805313589E-05
385.6 0 -1.325103107E-20
385.8 0 -6.829108392E-05
386 0 0.0001026160245
386.2 1.370614035E-05 6.853070175E-05
386.4 0 -0.0001373022847
386.6 1.375440141E-05 -2.390034007E-20
386.8 1.377865961E-05 6.889329806E-05
387 0 -6.901501767E-05
387.2 0 -0.0001382743363
387.4 1.385195035E-05 -3.462987589E-05
387.6 0 5.377418983E-20
387.8 0 -3.475311388E-05
388 0 -3.481506239E-05
388.2 0 -3.487723214E-05
388.4 0 6.987924866E-05
388.6 0 7.000448029E-05
388.8 0 3.506508079E-05
389 0 7.025629496E-05
389.2 0 7.038288288E-05
389.4 0 0.0001057648917
389.6 0 3.531871609E-05
389.8 0 3.538269928E-05
390 0 0.0001063407441
390.2 0 7.102272727E-05
390.4 0 -4.765955286E-20
390.6 0 7.128193431E-05
390.8 0 0.0001071183729
391 0 -3.577152015E-05
391.2 0 7.167431193E-05
391.4 0 0.0001436121324
391.6 0 7.193830571E-05
391.8 0 7.207103321E-05
392 0 -6.092224343E-20
392.2 0 -0.0001085069444
392.4 0 2.775711939E-20
392.6 0 3.630343866E-05
392.8 0 3.637104283E-05
393 0 3.643889925E-05
393.2 0 -2.369029911E-20
393.4 0 3.657537453E-05
393.6 0 -3.664399625E-05
393.8 0 -1.348346775E-19
394 0 7.356403013E-05
394.2 0 0.0001105542453
394.4 0 4.584341875E-20
394.6 0 -0.0001109730114
394.8 0 -3.706119545E-05
395 0 7.972884124E-20
395.2 0 -7.44047619E-05
395.4 0 -0.0001118201336
395.6 0 -3.734464627E-05
395.8 0 -6.042102185E-20
396 0 -7.497600768E-05
396.2 0 -7.512019231E-05
396.4 0 -3.763246628E-05
396.6 0 -7.541023166E-05
396.8 0 -7.555609284E-05
397 0 -7.570251938E-05
397.2 0 -7.584951456E-05
397.4 0 -7.599708171E-05
397.6 0 -7.614522417E-05
397.8 0 -7.629394531E-05
398 0 -3.822162427E-05
398.2 0 -3.829656863E-05
398.4 0 -7.674361493E-05
398.6 0 -3.844734252E-05
398.8 0 -3.852317554E-05
399 1.543972332E-05 -7.71986166E-05
399.2 3.094059406E-05 -3.867574257E-05
399.4 3.100198413E-05 -7.750496032E-05
399.6 3.106361829E-05 -7.765904573E-05
399.8 4.668824701E-05 3.890687251E-05
400 4.678143713E-05 -3.898453094E-05
400.2 4.6875E-05 -0.0001171875
400.4 4.696893788E-05 -3.914078156E-05
400.6 4.706325301E-05 -3.921937751E-05
400.8 4.715794769E-05 -0.0001178948692
401 4.725302419E-05 -3.937752016E-05
401.2 4.734848485E-05 -2.358299133E-20
401.4 4.744433198E-05 -7.907388664E-05
401.6 4.754056795E-05 -3.045507863E-20
401.8 4.763719512E-05 3.96976626E-05
402 4.773421589E-05 -3.977851324E-05
402.2 3.18877551E-05 3.985969388E-05
402.4 1.597648262E-05 0.0001198236196
402.6 1.600922131E-05 4.002305328E-05
402.8 1.604209446E-05 -4.010523614E-05
403 0 -8.03755144E-05
403.2 0 -4.027061856E-05
403.4 0 4.035382231E-05
403.6 0 8.08747412E-05
403.8 0 8.104253112E-05
404 0 0.0001218165281
404.2 0 0.0001220703125
404.4 0 0.0001223251566
404.6 0 8.17207113E-05
404.8 0 8.189203354E-05
405 0 4.103203782E-05
405.2 0 -4.111842105E-05
405.4 0 4.2298429E-21
405.6 0 8.25845666E-05
405.8 0 -3.401877782E-20
406 0 -0.0001244028662
406.2 0 3.570752865E-20
406.4 0 4.164445629E-05
406.6 0 4.173344017E-05
406.8 0 4.182280514E-05
407 0 1.418523841E-19
407.2 0 4.200268817E-05
407.4 0 8.418642241E-05
407.6 0 -1.408252825E-19
407.8 0 -0.0001268262987
408 0 -0.00012710141
408.2 0 -8.491847826E-05
408.4 0 -8.510348584E-05
408.6 0 -0.000127933952
408.8 0 -0.000128213895
409 0 -8.566337719E-05
409.2 0 -4.292582418E-05
409.4 0 -5.16054995E-20
409.6 0 -4.311534216E-05
409.8 0 -8.642146018E-05
410 0 -4.330654102E-05
410.2 0 4.340277778E-05
410.4 0 4.349944321E-05
410.6 0 1.085647418E-19
410.8 0 4.369407159E-05
411 0 -4.379204036E-05
411.2 0 -4.389044944E-05
411.4 0 4.39893018E-05
411.6 0 -8.324359544E-20
411.8 0 -4.418834842E-05
412 0 -4.428854875E-05
412.2 0 -7.464445068E-20
412.4 0 -0.0001779612756
412.6 0 -0.0001783675799
412.8 0 4.469393593E-05
413 0 -4.479644495E-05
413.2 0 -0.0001346982759
413.4 0 -3.659583339E-20
413.6 0 3.489649469E-20
413.8 0 -4.521122685E-05
414 0 -4.416345912E-20
414.2 0 4.542151163E-05
414.4 0 4.552738928E-05
414.6 0 1.596940568E-19
414.8 0 7.749484368E-21
415 0 -8.188229874E-20
415.2 0 9.420672863E-20
415.4 0 -4.606426887E-05
415.6 0 4.945912729E-20
415.8 0 4.628258294E-05
416 0 1.400976013E-19
416.2 0 8.959915548E-20
416.4 0 4.661396181E-05
416.6 0 4.672547847E-05
416.8 0 -9.367505995E-05
417 0 -9.390024038E-05
417.2 0 4.706325301E-05
417.4 0 -2.594930166E-20
417.6 0 -4.729116223E-05
417.8 0 5.850669002E-20
418 0 -5.863692817E-20
418.2 0 -6.176105531E-20
418.4 0 2.685773441E-20
418.6 0 -7.152504775E-21
418.8 0 -5.677948887E-20
419 0 5.404431663E-20
419.2 0 6.413825657E-20
419.4 0 4.834467822E-05
419.6 0 4.84646402E-05
419.8 0 -4.8585199E-05
420 0 8.445157709E-20
420.2 0 4.8828125E-05
420.4 1.95802005E-05 -4.895050125E-05
420.6 3.925879397E-05 -4.907349246E-05
420.8 1.967884131E-05 -3.718575901E-20
421 0 4.352913423E-21
421.2 1.977848101E-05 -4.438612069E-20
421.4 1.98286802E-05 5.599199045E-20
421.6 0 -2.898863598E-20
421.8 0 4.982461735E-05
422 0 -7.46485105E-20
422.2 0 -1.006105835E-21
422.4 0 5.020886889E-05
422.6 0 5.6301239E-20
422.8 0 8.105475663E-21
423 0 5.059909326E-05
423.2 0 0.000101461039
423.4 0 5.086263021E-05
423.6 0 -5.099543081E-05
423.8 0 -0.0001022578534
424 0 -0.0001025262467
424.2 0 -5.139802632E-05
424.4 0 5.153364116E-05
424.6 0 -6.188821857E-21
424.8 0 4.828575432E-20
425 0 -8.548052989E-20
425.2 0 -5.208333333E-05
425.4 0 -2.970766061E-20
425.6 0 -6.875405334E-20
425.8 0 -1.446587739E-19
426 0 5.264487871E-05
426.2 0 0.0001055743243
426.4 0 -4.579398624E-20
426.6 0 -0.0001061480978
426.8 0 -1.14300573E-19
427 0 0.0001067281421
427.2 0 -1.825011161E-20
427.4 0 -0.0001073145604
427.6 0 -5.380509642E-05
427.8 0 5.395372928E-05
428 0 0.0001082063712
428.2 0 8.423001545E-20
428.4 0 -0.0001088091922
428.6 0 -5.455656425E-05
428.8 0 -3.054438406E-20
429 0 -1.417400961E-19
429.2 0 -4.799331036E-20
429.4 0 -1.822434891E-20
429.6 0 -9.188428462E-21
429.8 0 5.548650568E-05
430 0 5.564458689E-05
430.2 0 5.580357143E-05
430.4 0 5.596346705E-05
430.6 0 2.736199308E-20
430.8 0 5.628602305E-05
431 0 5.644869942E-05
431.2 0 -8.448345684E-20
431.4 0 2.743165833E-20
431.6 0 -5.694241983E-05
431.8 0 -5.710891813E-05
432 0 -5.727639296E-05
432.2 0 -5.744485294E-05
432.4 0 7.594507784E-20
432.6 0 -5.778476331E-05
432.8 0 -5.795623145E-05
433 0 4.722744706E-20
433.2 0 -5.286867134E-20
433.4 0 -1.23053112E-19
433.6 0 2.232597521E-20
433.8 0 1.469059361E-19
434 0 5.900679758E-05
434.2 0 5.74687086E-21
434.4 0 5.030868289E-20
434.6 0 5.95464939E-05
434.8 0 -1.289592889E-19
435 0 5.276879124E-20
435.2 0 9.729305603E-20
435.4 2.411265432E-05 6.02816358E-05
435.6 0 6.046826625E-05
435.8 4.852484472E-05 6.06560559E-05
436 0 -6.084501558E-05
436.2 4.8828125E-05 -6.103515625E-05
436.4 2.449059561E-05 -2.634802994E-20
436.6 4.913522013E-05 -6.141902516E-05
436.8 4.929022082E-05 -2.988719023E-20
437 4.944620253E-05 -6.180775316E-05
437.2 4.96031746E-05 -6.200396825E-05
437.4 4.97611465E-05 6.220143312E-05
437.6 4.99201278E-05 6.240015974E-05
437.8 5.008012821E-05 6.260016026E-05
438 2.512057878E-05 6.280144695E-05
438.2 5.040322581E-05 6.300403226E-05
438.4 2.528317152E-05 -6.32079288E-05
438.6 5.073051948E-05 -0.0001902394481
438.8 5.089576547E-05 -6.361970684E-05
439 5.10620915E-05 -8.315637573E-20
439.2 5.12295082E-05 -8.733031544E-20
439.4 5.139802632E-05 6.424753289E-05
439.6 5.156765677E-05 0.0001289191419
439.8 5.17384106E-05 0.0001293460265
440 5.1910299E-05 6.488787375E-05
440.2 2.604166667E-05 6.510416667E-05
440.4 2.612876254E-05 0.0001306438127
440.6 0 0.0001310822148
440.8 0 3.294718138E-21
441 0 4.141351322E-20
441.2 0 -6.620762712E-05
441.4 0 -0.0001328656463
441.6 0 -6.665955631E-05
441.8 0 -6.688784247E-05
442 0 -6.711769759E-05
442.2 0 -0.0002020474138
442.4 0 -6.822848178E-20
442.6 0 6.781684028E-05
442.8 0 -6.805313589E-05
443 0 -3.291146424E-19
443.2 0 -6.853070175E-05
443.4 0 -9.439392969E-20
443.6 0 6.901501767E-05
443.8 0 -2.351157163E-19
444 0 -1.508234543E-19
444.2 0 -1.621117048E-19
444.4 0 -6.703297879E-20
444.6 0 7.025629496E-05
444.8 0 0.0001410198556
445 0 0.0001415307971
445.2 0 7.102272727E-05
445.4 0 -7.128193431E-05
445.6 0 -0.0001430860806
445.8 0 9.391732198E-21
446 0 7.207103321E-05
446.2 0 -7.233796296E-05
446.4 0 -0.0001452137546
446.6 0 -7.287779851E-05
446.8 0 7.315074906E-05
447 0 0.0001468515038
447.2 0 0.0001474056604
447.4 0 7.398200758E-05
447.6 0 7.679676701E-20
447.8 0 -6.709298123E-20
448 0 8.722862247E-20
448.2 0 2.303573244E-19
448.4 0 7.262428209E-20
448.6 0 2.046167768E-19
448.8 0 -7.599708171E-05
449 0 -0.0001525878906
449.2 0 1.754766703E-19
449.4 0 0.0001537893701
449.6 0 7.71986166E-05
449.8 0 -7.750496032E-05
450 0 -7.781374502E-05
450.2 0 2.195687347E-19
450.4 0 1.912076986E-19
450.6 0 1.521021669E-19
450.8 0 -7.907388664E-05
451 0 -7.93953252E-05
451.2 0 5.136239318E-20
451.4 0 -2.666309774E-20
451.6 0 -5.552924906E-21
451.8 0 -7.084998085E-20
452 0 2.431448322E-21
452.2 0 -1.522043321E-20
452.4 0 7.452039521E-21
452.6 0 -1.371771302E-19
452.8 0 8.241033755E-05
453 0 2.379866617E-19
453.2 0 -0.0001662234043
453.4 0 -8.346688034E-05
453.6 0 -8.38251073E-05
453.8 0 -8.418642241E-05
454 0 1.430485761E-19
454.2 0 -2.119651688E-19
454.4 0 -7.663779595E-20
454.6 0 -4.528443567E-20
454.8 0 4.539025067E-20
455 0 -1.553171728E-20
455.2 0 3.756461711E-20
455.4 0 1.094218277E-19
455.6 0 3.180887493E-19
455.8 0 2.102715838E-19
456 0 1.232703218E-19
456.2 0 2.047821503E-19
456.4 0 5.472998134E-20
456.6 0 1.484644272E-20
456.8 0 -2.887091387E-20
457 0 1.142215774E-19
457.2 0 -2.978227298E-20
457.4 0 -5.80296786E-20
457.6 0 1.559633246E-20
457.8 0 -6.420954518E-20
458 0 9.613871297E-21
458.2 0 -2.184342491E-20
458.4 0 -9.545404758E-20
458.6 0 -2.141839676E-19
458.8 0 -2.741319466E-19
459 0 -3.187237871E-19
459.2 0 -1.218959528E-19
459.4 0 3.049934646E-22
459.6 0 -1.761552973E-19
459.8 0 1.346378377E-19
460 0 8.675851492E-20
460.2 0 -1.276940904E-19
460.4 0 -1.167355317E-19
460.6 0 -2.204564293E-19
460.8 0 1.874438454E-19
461 0 3.263843816E-19
461.2 0 1.471533803E-19
461.4 0 1.44071251E-19
461.6 0 1.162516688E-19
461.8 0 7.351311859E-20
462 0 -1.732861197E-20
462.2 0 9.036641168E-20
462.4 0 9.681291029E-20
462.6 0 9.236724488E-20
462.8 0 -1.944323817E-19
463 0 -7.760301304E-20
463.2 0 1.511840907E-19
463.4 0 -1.47964579E-19
463.6 0 -3.644257553E-20
463.8 0 1.514861309E-19
464 0 -1.022718398E-20
464.2 0 -8.168522273E-20
464.4 0 3.441720337E-19
464.6 0 -5.019098224E-21
464.8 0 7.245259375E-20
465 0 1.66849357E-19
465.2 0 -3.510703273E-19
465.4 0 -1.511174834E-19
465.6 0 2.483860787E-19
465.8 0 -5.646455731E-20
466 0 -2.014638474E-19
466.2 0 1.784365779E-19
466.4 0 1.296899168E-19
466.6 0 -9.506823216E-20
466.8 0 -8.579552306E-20
467 0 2.530854578E-20
467.2 0 8.77998287E-20
467.4 0 -1.027711491E-19
467.6 0 -2.924397505E-19
467.8 0 4.084689935E-19
468 0 1.400419109E-19
468.2 0 -1.08104845E-19
468.4 0 -1.61798776E-19
468.6 0 -1.553634019E-19
468.8 0 -5.447418238E-20
469 0 3.737595012E-20
469.2 0 -1.747312417E-19
469.4 0 -4.466548463E-19
469.6 0 2.69489686E-19
469.8 0 1.182923669E-19
470 0 -2.635350695E-19
470.2 0 -1.061145811E-19
470.4 0 -6.525577125E-20
470.6 0 1.229041326E-19
470.8 0 5.076332278E-20
471 0 1.481460079E-20
471.2 0 -1.673147671E-21
471.4 0 -1.153076102E-19
471.6 0 -2.79176723E-19
471.8 0 -3.646236894E-19
472 0 -1.373379555E-20
472.2 0 2.571672912E-19
472.4 0 2.02138057E-20
472.6 0 -1.732254559E-19
472.8 0 -1.598931775E-20
473 0 1.233341977E-19
473.2 0 -2.468222618E-20
473.4 0 -1.9179202E-21
473.6 0 3.610406827E-20
473.8 0 5.953013815E-20
474 0 1.750229281E-19
474.2 0 -2.705003188E-19
474.4 0 9.164746934E-20
474.6 0 -2.345337818E-19
474.8 0 -5.060829448E-19
475 0 7.775130979E-20
475.2 0 -5.24391048E-20
475.4 0 4.925804595E-20
475.6 0 -2.780504688E-19
475.8 0 -5.243881637E-21
476 0 9.017226654E-21
476.2 0 3.452187154E-19
476.4 0 5.095728421E-20
476.6 0 -1.199788585E-19
476.8 0 7.491739004E-20
477 0 -8.118756728E-20
477.2 0 -4.444921464E-19
477.4 0 -2.879832457E-19
477.6 0 8.568617412E-20
477.8 0 4.237391325E-19
478 0 -2.036323749E-19
478.2 0 -2.134284535E-19
478.4 0 1.649120789E-19
478.6 0 5.38041517E-19
478.8 0 9.977638542E-21
479 0 -2.020150774E-22
479.2 0 3.590906485E-19
479.4 0 2.626195436E-19
479.6 0 1.883507428E-19
479.8 0 6.084135343E-20
480 0 3.990092021E-19
480.2 0 2.003424095E-19
480.4 0 -1.213675467E-19
480.6 0 -2.016454533E-19
480.8 0 7.723369064E-20
481 0 2.685441794E-19
481.2 0 2.773356625E-19
481.4 0 2.741368164E-19
481.6 0 2.039021769E-19
481.8 0 6.590198686E-19
482 0 -3.326401092E-19
482.2 0 -3.916030088E-19
482.4 0 -5.556226781E-20
482.6 0 5.854679339E-19
482.8 0 3.251206995E-19
483 0 2.561221506E-19
483.2 0 -1.90370396E-20
483.4 0 4.963721236E-19
483.6 0 -8.497988027E-20
483.8 0 3.632153638E-19
484 0 1.481376517E-19
484.2 0 9.460850156E-19
484.4 0 4.368385362E-19
484.6 0 -1.990259502E-19
484.8 0 -6.591307487E-20
485 0 1.635656948E-20
485.2 0 -7.515654433E-19
485.4 0 3.423537586E-20
485.6 0 3.887961775E-19
485.8 0 0.0002712673611
486 0 0.0005501760563
486.2 0 0.0002790178571
486.4 0 2.796033474E-19
486.6 0 5.078996314E-19
486.8 0 7.340701348E-19
487 0 9.513936791E-19
487.2 0 5.827103058E-19
487.4 0 -2.640268108E-19
487.6 0 2.527528991E-19
487.8 0 4.685715757E-19
488 0 6.355438495E-20
488.2 0 -3.074671629E-19
488.4 0 3.881142145E-20
488.6 0 1.505693153E-19
488.8 0 -1.102424229E-19
489 0 3.776514611E-19
489.2 0 4.659093079E-19
489.4 0 -4.429948508E-19
489.6 0 -9.18591263E-20
489.8 0 5.904847876E-19
490 0 -7.157558767E-19
490.2 0 1.819164236E-19
490.4 0 -2.909420042E-19
490.6 0 1.008930731E-18
490.8 0 9.310305002E-19
491 0 -5.714795899E-19
491.2 0 -4.402937486E-19
491.4 0 7.741743111E-19
491.6 0 -3.155731323E-19
491.8 0 1.123568989E-18
492 0 1.702285493E-18
492.2 0 1.860457756E-18
492.4 0 2.199470817E-18
492.6 0 2.323839303E-18
492.8 0 1.092542763E-18
493 0 -1.11648191E-18
493.2 0 -0.0005580357143
493.4 0 -0.0005744485294
493.6 0 0.0005918560606
493.8 0 0.0006103515625
494 0 1.899386358E-19
494.2 0 2.198843407E-18
494.4 0 6.316057413E-19
494.6 0 -6.506489666E-19
494.8 0 1.534437497E-18
495 0 6.290537799E-19
495.2 0 1.687269195E-19
495.4 0 -7.514385271E-19
495.6 0 5.501207107E-19
495.8 0 -0.0008877840909
496 0 -0.001860119048
496.2 0 -0.0009765625
496.4 0 1.449979165E-18
496.6 0 -1.089929288E-18
496.8 0 -6.045236446E-19
497 0 -1.593397809E-18
497.2 0 -2.096766907E-18
497.4 0 2.526560462E-18
497.6 0 2.160556604E-18
497.8 0 -2.644394886E-18
498 0 9.122263645E-19
498.2 0 3.686295895E-18
498.4 0 4.050989023E-18
498.6 0 5.231482059E-18
498.8 0 -4.058135715E-18
499 0 -1.455118926E-18
499.2 0 7.433920856E-18
499.4 0 7.46564485E-18
499.6 0 5.271859805E-18
499.8 0 2.057580945E-17
500 0 4.596411836E-17
