0 0.007387669932 -7.80937625E-05
0.2 0.0065875 0.0013671875
0.4 0.006236869748 0.0004298594438
0.6 0.005926616293 0.0002032876301
0.8 0.005681818182 0.0001720814978
1 0.00543369391 0.0003051757812
1.2 0.005207289579 0.0002739854709
1.4 0.004993233761 0.0002036136728
1.6 0.004791541316 0.0001175165463
1.8 0.004614767255 0.0001175637039
2 0.004440987555 0.0001176108992
2.2 0.004273343373 9.412650602E-05
2.4 0.004111842105 0.0001333994576
2.6 0.003965911375 0.0001256028939
2.8 0.003826145959 7.853337354E-05
3 0.003695695897 -3.142598552E-05
3.2 0.003587147887 -4.715794769E-05
3.4 0.003443916063 7.076539855E-05
3.6 0.003344618405 0.0001022578534
3.8 0.003238945407 5.508410556E-05
4 0.003136336155 -5.510630794E-05
4.2 0.003058845766 -6.300403226E-05
4.4 0.002965535498 -1.575736184E-05
4.6 0.002872149919 1.576372074E-05
4.8 0.00279761304 5.519529673E-05
5 0.002704084208 8.677049677E-05
5.2 0.002616792929 4.734848485E-05
5.4 0.0025231154 -5.526222716E-05
5.6 0.002429362111 -4.738677719E-05
5.8 0.002329212176 -7.9009911E-06
6 0.002266921287 -5.532932011E-05
6.2 0.002188765182 -7.907388664E-05
6.4 0.00212636695 -4.7463548E-05
6.6 0.002073414708 -7.913796596E-06
6.8 0.002010919133 3.166801784E-05
7 0.001970549473 -1.584042985E-05
7.2 0.00190796146 -5.546399594E-05
7.4 0.001864346591 2.377993101E-05
7.6 0.001801664637 3.171944783E-05
7.8 0.001738931763 -5.553158002E-05
8 0.00167932243 -5.555414466E-05
8.2 0.001606961382 -3.175813008E-05
8.4 0.001540895689 -3.971380643E-05
8.6 0.001490668226 -5.562194874E-05
8.8 0.001434040497 -9.539072039E-05
9 0.001371004682 -7.15721702E-05
9.2 0.001317464358 -4.773421589E-05
9.4 0.001273431133 -8.754839038E-05
9.6 0.001232546881 -3.184875662E-05
9.8 0.001185256933 3.186174551E-05
10 0.001141115871 -3.984343125E-05
10.2 0.00112244898 -4.783163265E-05
10.4 0.00106867599 -5.58263577E-05
10.6 0.001043581495 -0.0001116983252
10.8 0.00101208112 -3.99085615E-05
11 0.0009773609975 1.596995094E-05
11.2 0.0009490030675 2.396472393E-05
11.4 0.0009110321195 1.598301964E-05
11.6 0.000889019648 -4.796868604E-05
11.8 0.0008573914824 -7.198249386E-05
12 0.0008481411307 -5.600931995E-05
12.2 0.0008260758197 -3.14665797E-21
12.4 0.000810398729 -1.601578516E-05
12.6 0.0007915043068 -6.408941756E-05
12.8 0.0007822117357 -8.014464506E-05
13 0.0007632902299 -4.810652709E-05
13.2 0.0007507700205 1.604209446E-05
13.4 0.0007446589975 3.209737058E-05
13.6 0.0007353318948 5.619348541E-05
13.8 0.0007259971217 4.015470806E-05
14 0.0007134409708 1.884754579E-20
14.2 0.000697659465 -1.607510288E-05
14.4 0.0006850813092 5.481269114E-21
14.6 0.0006757104613 2.413251647E-05
14.8 0.0006566749073 -4.023743304E-05
15 0.0006408439819 -7.245723413E-05
15.2 0.000625 -5.637886598E-05
15.4 0.0006155889026 -4.834467822E-05
15.6 0.0006061700371 -8.060771771E-06
15.8 0.0005967433939 -1.612819983E-05
16 0.0005840819909 3.226972325E-05
16.2 0.0005649535124 2.421229339E-05
16.4 0.0005425795783 -6.459280695E-05
16.6 0.0005298800662 1.286873546E-21
16.8 0.0005236346711 5.656547373E-05
17 0.0005044495033 3.233650662E-05
17.2 0.0004949534161 1.617494824E-05
17.4 0.000478976802 -1.827064804E-20
17.6 0.0004694622876 8.094177373E-06
17.8 0.0004567008706 2.42925995E-05
18 0.0004374481543 1.10299446E-20
18.2 0.0004116960581 -8.104253112E-06
18.4 0.0003988947696 2.803893539E-21
18.6 0.0003893272425 -4.866590532E-05
18.8 0.0003797517657 -2.43430619E-05
19 0.0003669212386 -5.682408562E-05
19.2 0.0003508316008 -8.933212058E-05
19.4 0.0003347285774 -4.062240017E-05
19.6 0.0003218632959 -6.502288806E-05
19.8 0.0003057348043 -4.065622398E-05
20 0.0002830851728 -3.253852561E-05
20.2 0.0002701822917 -6.510416667E-05
20.4 0.0002572686536 -6.513130471E-05
20.6 0.0002476021685 -5.701365721E-05
20.8 0.0002379276179 -4.074103045E-05
21 0.0002249843489 -4.890964107E-05
21.2 0.000205506263 -5.708507307E-05
21.4 0.0001925386383 -2.447525063E-05
21.6 0.000182824906 -1.632365232E-05
21.8 0.0001731030518 -8.165238294E-06
22 0.0001601056043 -8.168653283E-06
22.2 0.0001503661088 -4.086035565E-05
22.4 0.0001373482629 -6.54039347E-05
22.6 0.0001341342127 -4.089457705E-05
22.8 0.0001210986594 2.454702556E-05
23 0.0001146007963 1.370618802E-20
23.2 0.000114648847 -2.456761006E-05
23.4 0.0001015887164 -1.638527685E-05
23.6 9.179605539E-05 -2.458822912E-05
23.8 7.871536524E-05 -6.55961377E-05
24 7.218605628E-05 -9.023257035E-05
24.2 7.221638655E-05 -4.923844538E-05
24.4 6.567885666E-05 2.139140936E-20
24.6 5.913582843E-05 2.463992851E-05
24.8 6.244741271E-05 8.21676483E-06
25 5.589751684E-05 -3.288089226E-05
25.2 6.578947368E-05 -4.111842105E-05
25.4 6.252632687E-05 -8.227148273E-06
25.6 6.584492204E-05 -1.280833098E-20
25.8 6.587268128E-05 -1.646817032E-05
26 6.919548714E-05 -4.118778996E-05
26.2 6.922468354E-05 -8.241033755E-06
26.4 6.92539046E-05 3.297804981E-05
26.6 6.59839527E-05 4.123997044E-05
26.8 6.931242079E-05 4.950887199E-05
27 6.934171598E-05 5.778476331E-05
27.2 6.937103594E-05 4.955073996E-05
27.4 6.940038071E-05 8.261950085E-06
27.6 7.604210749E-05 -4.95926788E-05
27.8 7.938187976E-05 -3.307578323E-05
28 8.934243964E-05 -2.481734435E-05
28.2 9.600105932E-05 -4.137976695E-05
28.4 9.935353964E-05 1.625580354E-20
28.6 9.276929601E-05 2.484891858E-05
28.8 8.949406025E-05 3.314594824E-05
29 8.953204584E-05 3.316001698E-05
29.2 7.961783439E-05 4.146762208E-05
29.4 7.301401869E-05 1.659409516E-05
29.6 7.304504887E-05 -6.640458989E-05
29.8 7.63977466E-05 -6.643282313E-05
30 7.310718843E-05 -5.815344534E-05
30.2 6.981382979E-05 -8.311170213E-05
30.4 6.319178374E-05 -4.988825032E-05
30.6 7.652789608E-05 -2.495474872E-05
30.8 6.990306775E-05 -2.496538134E-05
31 6.660272805E-05 3.221266009E-21
31.2 6.663113006E-05 3.331556503E-05
31.4 6.665955631E-05 4.16622227E-05
31.6 6.335360649E-05 5.835200598E-05
31.8 6.338065756E-05 5.003736123E-05
32 6.674498078E-05 3.337249039E-05
32.2 7.011217949E-05 2.50400641E-05
32.4 6.680205216E-05 -2.505076956E-05
32.6 7.017215569E-05 -5.847679641E-05
32.8 7.020218228E-05 -8.357402653E-06
33 6.354345034E-05 1.017418171E-20
33.2 6.691648822E-05 -1.672912206E-05
33.4 6.025064267E-05 -8.368144816E-06
33.6 6.362516074E-05 -9.954022758E-21
33.8 6.030231561E-05 -3.350128645E-05
34 6.032818533E-05 -3.351565852E-05
34.2 5.700107296E-05 4.191255365E-05
34.4 5.702554745E-05 4.193054959E-05
34.6 5.705004296E-05 9.753828415E-21
34.8 5.707455952E-05 -2.517995273E-05
35 6.045786758E-05 1.679385211E-05
35.2 5.376344086E-05 -3.360215054E-05
35.4 6.050989673E-05 -4.202076162E-05
35.6 5.717283685E-05 2.522331037E-05
35.8 5.383290267E-05 -2.881532143E-21
36 5.722210254E-05 -4.20750754E-05
36.2 5.724676724E-05 -5.051185345E-05
36.4 6.064036223E-05 -1.684454506E-05
36.6 6.066652286E-05 -8.425905953E-06
36.8 6.406452309E-05 -1.685908502E-05
37 6.746545769E-05 -5.903227547E-05
37.2 7.086933045E-05 -4.218412527E-05
37.4 7.42761452E-05 -5.064282627E-05
37.6 7.768590575E-05 -6.755296152E-05
37.8 8.109861592E-05 -3.379108997E-05
38 8.451427953E-05 -3.380571181E-05
38.2 8.45508658E-05 -7.609577922E-05
38.4 8.120398441E-05 -0.0001268812256
38.6 8.800909879E-05 -0.0001269362002
38.8 8.804724751E-05 -8.466081491E-05
39 9.147333044E-05 -8.469752819E-06
39.2 9.151301518E-05 8.473427332E-06
39.4 9.155273438E-05 -1.695421007E-05
39.6 9.159248806E-05 -2.544235779E-05
39.8 9.163227628E-05 -2.545341008E-05
40 9.167209909E-05 1.50814126E-21
40.2 9.171195652E-05 -2.547554348E-05
40.4 9.175184863E-05 -2.548662462E-05
40.6 8.839208007E-05 -8.499238468E-06
40.8 8.84305616E-05 -3.401175446E-05
41 8.846907666E-05 -6.805313589E-05
41.2 9.191176471E-05 -6.808278867E-05
41.4 9.535745423E-05 -3.405623365E-05
41.6 9.880614915E-05 -2.555331444E-05
41.8 9.884925829E-05 -8.521487784E-06
42 9.889240506E-05 -1.705041467E-05
42.2 9.893558952E-05 -5.799559351E-21
42.4 9.215268676E-05 -1.706531236E-05
42.6 8.877840909E-05 -4.268192745E-05
42.8 8.198513336E-05 -8.540118059E-06
43 7.518591426E-05 -1.053803232E-20
43.2 6.838074398E-05 -8.547592998E-06
43.4 6.499014886E-05 -2.565400613E-05
43.6 6.844064827E-05 -5.13304862E-05
43.8 6.50471078E-05 -4.999118647E-21
44 6.507562473E-05 3.42503288E-05
44.2 6.853070175E-05 -2.569901316E-05
44.4 7.198881088E-05 -2.57102896E-05
44.6 7.202041264E-05 2.572157594E-05
44.8 7.205204216E-05 1.715524813E-05
45 7.208369947E-05 -8.581392794E-06
45.2 6.868131868E-05 8.585164835E-06
45.4 6.871152155E-05 -4.581399711E-21
45.6 7.217883854E-05 -1.718543775E-05
45.8 6.877200704E-05 -1.719300176E-05
46 7.224240423E-05 1.434604464E-20
46.2 6.883259912E-05 2.581222467E-05
46.4 6.197664169E-05 1.72157338E-05
46.6 5.855930335E-05 1.722332451E-05
46.8 5.858513454E-05 -2.584638288E-05
47 5.861098853E-05 -8.619263019E-06
47.2 5.17384106E-05 3.449227373E-05
47.4 4.831051237E-05 2.588063163E-05
47.6 4.487958462E-05 1.72613787E-05
47.8 4.144562334E-05 -8.634504863E-06
48 3.4553295E-05 4.319161875E-05
48.2 3.456858407E-05 6.913716814E-05
48.4 3.112549801E-05 2.593791501E-05
48.6 3.459920283E-05 1.729960142E-05
48.8 2.42301728E-05 4.326816571E-05
49 1.731493794E-05 -8.657468972E-06
49.2 1.732261641E-05 -3.464523282E-05
49.4 1.733030169E-05 8.665150843E-06
49.6 1.733799379E-05 1.596691401E-20
49.8 1.734569272E-05 8.672846359E-06
50 1.735339849E-05 3.470679698E-05
50.2 2.083333333E-05 8.680555556E-06
50.4 2.084259671E-05 -4.342207648E-05
50.6 2.085186833E-05 -3.475311388E-05
50.8 2.08611482E-05 2.607643525E-05
51 2.434884239E-05 3.478406055E-05
51.2 2.783964365E-05 2.609966592E-05
51.4 2.785204991E-05 3.481506239E-05
51.6 2.438140883E-05 1.741529202E-05
51.8 2.090767172E-05 3.484611954E-05
52 2.091700134E-05 3.48616689E-05
52.2 1.743861607E-05 1.326155497E-20
52.4 1.395712372E-05 2.616960697E-05
52.6 1.396336014E-05 8.727100089E-06
52.8 1.396960215E-05 -1.746200268E-05
53 1.04818873E-05 3.575963962E-20
53.2 6.991051454E-06 3.288912252E-20
53.4 6.994180842E-06 8.742726052E-06
53.6 6.997313032E-06 1.749328258E-05
53.8 7.000448029E-06 2.625168011E-05
54 3.501792918E-06 3.501792918E-05
54.2 7.006726457E-06 2.627522422E-05
54.4 7.009869897E-06 2.628701211E-05
54.6 7.013016158E-06 -8.766270197E-06
54.8 7.016165245E-06 -3.508082622E-05
55 7.019317161E-06 2.632243935E-05
55.2 7.02247191E-06 8.778089888E-05
55.4 3.512814748E-06 8.782036871E-06
55.6 1.054318489E-05 -5.271592443E-05
55.8 1.054792979E-05 8.789941494E-06
56 1.407023863E-05 3.517559658E-05
56.2 1.407657658E-05 -1.759572072E-05
56.4 1.760365029E-05 -4.400912573E-05
56.6 1.056695221E-05 -2.641738052E-05
56.8 7.047812359E-06 -2.642929635E-05
57 7.05099278E-06 -5.288244585E-05
57.2 7.054176072E-06 -4.408860045E-05
57.4 7.05736224E-06 1.767029447E-20
57.6 7.060551288E-06 1.765137822E-05
57.8 7.063743219E-06 8.829679024E-06
58 3.533469019E-06 -1.766734509E-05
58.2 3.535067873E-06 -1.767533937E-05
58.4 7.073336351E-06 1.768334088E-05
58.6 7.076539855E-06 8.845674819E-06
58.8 7.079746262E-06 -1.769936565E-05
59 3.541477788E-06 -8.85369447E-06
59.2 7.0861678E-06 8.857709751E-06
59.4 7.08938294E-06 3.54469147E-05
59.6 3.546300499E-06 8.865751248E-06
59.8 3.54791099E-06 -4.434888738E-05
60 3.549522944E-06 -8.87380736E-05
60.2 3.551136364E-06 -5.326704545E-05
60.4 3.552751251E-06 -3.552751251E-05
60.6 3.554367607E-06 -7.108735214E-05
60.8 3.555985435E-06 -3.555985435E-05
61 3.557604736E-06 -3.557604736E-05
61.2 3.559225513E-06 -3.559225513E-05
61.4 3.560847767E-06 -2.670635825E-05
61.6 3.5624715E-06 -5.34370725E-05
61.8 3.564096715E-06 -3.564096715E-05
62 3.565723414E-06 -9.088966964E-22
62.2 3.567351598E-06 8.736116349E-21
62.4 3.56898127E-06 8.471167128E-21
62.6 7.141224863E-06 -8.926531079E-06
62.8 7.144490169E-06 -1.080630613E-20
63 1.072163769E-05 2.680409424E-05
63.2 1.43020595E-05 -7.108590867E-21
63.4 1.788576007E-05 -8.942880037E-06
63.6 2.147274393E-05 8.946976638E-06
63.8 2.506301558E-05 3.580430797E-05
64 2.865657955E-05 1.423557399E-20
64.2 3.942087156E-05 -2.687786697E-05
64.4 4.302432308E-05 -1.792680128E-05
64.6 4.663108356E-05 -8.96751607E-06
64.8 4.665250345E-05 -2.823403337E-21
65 4.667394301E-05 -1.795151654E-05
65.2 5.387931034E-05 1.44677855E-20
65.4 5.749770009E-05 3.593606256E-05
65.6 5.752416015E-05 4.494075012E-05
65.8 6.114755985E-05 3.596915285E-05
66 5.757715339E-05 4.498215108E-05
66.2 5.760368664E-05 6.300403226E-05
66.4 5.763024435E-05 5.402835408E-05
66.6 5.765682657E-05 3.603551661E-05
66.8 5.768343332E-05 3.605214582E-05
67 5.771006464E-05 9.017197599E-06
67.2 5.773672055E-05 9.021362587E-06
67.4 5.776340111E-05 5.415318854E-05
67.6 5.779010633E-05 4.514852057E-05
67.8 5.781683626E-05 2.7101642E-05
68 5.784359093E-05 1.807612217E-05
68.2 6.148726852E-05 -2.712673611E-05
68.4 5.789717462E-05 -4.523216767E-05
68.6 6.154425394E-05 -2.715187674E-05
68.8 6.519471488E-05 -9.054821511E-06
69 7.247217069E-05 9.059021336E-06
69.2 7.613109049E-05 1.575391825E-20
69.4 7.979340761E-05 -4.533716342E-05
69.6 8.708778449E-05 -4.535822109E-05
69.8 9.438894052E-05 9.075859665E-06
70 0.0001016968852 9.080079033E-06
70.2 0.000101744186 2.725290698E-05
70.4 0.0001054269428 4.544264774E-05
70.6 0.0001091131285 6.056153309E-21
70.8 0.000112802748 -2.729098742E-05
71 0.0001164958062 -9.101234856E-06
71.2 0.0001201923077 1.821095571E-05
71.4 0.0001238922575 3.643889925E-05
71.6 0.0001275956603 1.822795147E-05
71.8 0.000131302521 1.823646125E-05
72 0.0001313638487 3.648995796E-05
72.2 0.0001314252336 9.126752336E-06
72.4 0.000131486676 -3.652407667E-05
72.6 0.0001315481759 -5.481173994E-05
72.8 0.0001316097333 -1.827912962E-05
73 0.0001280138109 -2.74315309E-05
73.2 0.0001280737705 -3.659250585E-05
73.4 0.0001208118557 -9.152413308E-06
73.6 0.0001172058134 9.156704173E-06
73.8 0.0001099319887 2.748299719E-05
74 0.0001026513374 1.833059596E-05
74.2 0.0001026995305 -5.501760563E-05
74.4 9.907820573E-05 -6.421735557E-05
74.6 0.0001064673402 -1.835643797E-05
74.8 0.0001028443818 -1.836506817E-05
75 0.0001028927563 9.186853246E-06
75.2 9.926470588E-05 -1.784029037E-20
75.4 9.931144068E-05 -1.839100753E-05
75.6 9.567828545E-05 -5.519901083E-05
75.8 9.940504241E-05 -5.522502356E-05
76 9.945190948E-05 -1.841702027E-05
76.2 9.949882075E-05 -1.842570755E-05
76.4 9.954577631E-05 -4.608600755E-05
76.6 9.95927762E-05 -5.532932011E-05
76.8 9.96398205E-05 -3.690363722E-05
77 0.000103379017 -9.230269376E-06
77.2 9.23463357E-05 -9.23463357E-06
77.4 9.608561968E-05 -7.391201514E-05
77.6 9.243374349E-05 -4.621687175E-05
77.8 9.247750947E-05 -2.774325284E-05
78 8.882046423E-05 -1.850426338E-05
78.2 8.515995261E-05 -1.105753947E-20
78.4 8.149596965E-05 -2.778271693E-05
78.6 7.782851044E-05 -4.632649431E-05
78.8 7.78654485E-05 -2.780908875E-05
79 7.790242165E-05 -9.274097816E-06
79.2 7.42280285E-05 -9.775561537E-21
79.4 7.055014259E-05 3.97691228E-21
79.6 6.686875892E-05 2.786198288E-05
79.8 6.31838725E-05 5.575047574E-05
80 5.949547834E-05 2.788850547E-05
80.2 5.580357143E-05 2.790178571E-05
80.4 4.838613626E-05 1.861005241E-05
80.6 4.468541468E-05 2.373565945E-20
80.8 3.725560324E-05 -1.862780162E-05
81 3.354604008E-05 -6.522841126E-05
81.2 3.356205251E-05 -2.796837709E-05
81.4 2.611628462E-05 2.767087998E-20
81.6 2.612876254E-05 9.331700908E-06
81.8 1.867232314E-05 1.867232314E-05
82 2.241750359E-05 -9.340626495E-06
82.2 2.242822967E-05 -9.345095694E-06
82.4 2.617879368E-05 1.496548977E-20
82.6 2.619133142E-05 1.870809387E-05
82.8 2.620388117E-05 3.743411596E-05
83 2.247123682E-05 2.808904602E-05
83.2 2.248201439E-05 -9.367505995E-06
83.4 2.24928023E-05 -1.874400192E-05
83.6 2.250360058E-05 -1.875300048E-05
83.8 2.626681076E-05 9.381003842E-06
84 1.877102355E-05 9.385511773E-06
84.2 1.878004808E-05 1.063412916E-23
84.4 1.878908129E-05 -1.878908129E-05
84.6 2.255774783E-05 -1.87981232E-05
84.8 2.633004333E-05 2.821076071E-05
85 2.257947977E-05 3.352263213E-21
85.2 2.259036145E-05 -2.823795181E-05
85.4 2.260125362E-05 -2.825156702E-05
85.6 2.638084901E-05 -9.42173179E-06
85.8 2.639358108E-05 -4.713139479E-05
86 2.640632545E-05 -5.65849831E-05
86.2 2.641908213E-05 -9.435386473E-06
86.4 2.643185114E-05 9.439946834E-06
86.6 3.022243714E-05 2.833353482E-05
86.8 3.023705854E-05 1.889816159E-05
87 3.025169409E-05 9.453654405E-06
87.2 2.648305085E-05 -1.891646489E-05
87.4 2.649588178E-05 9.462814922E-06
87.6 3.029568589E-05 9.467401842E-06
87.8 3.409917556E-05 -2.841597963E-05
88 3.411572052E-05 -2.84297671E-05
88.2 3.033980583E-05 -5.688713592E-05
88.4 3.035454104E-05 9.485794075E-06
88.6 3.41654519E-05 1.898080661E-05
88.8 3.418206125E-05 -9.495017015E-06
89 3.799854086E-05 3.799854086E-05
89.2 3.801703163E-05 5.702554745E-05
89.4 3.803554041E-05 3.803554041E-05
89.6 3.42486605E-05 9.513516805E-06
89.8 3.426535088E-05 4.759076511E-05
90 2.666382253E-05 1.904558752E-05
90.2 2.286585366E-05 -1.905487805E-05
90.4 2.287701318E-05 -1.906417765E-05
90.6 2.670288086E-05 -3.976599549E-22
90.8 2.671592574E-05 3.816560821E-05
91 2.291055718E-05 2.863819648E-05
91.2 1.910146699E-05 9.550733496E-06
91.4 1.528864971E-05 -8.546446632E-21
91.6 1.147209985E-05 -9.560083211E-06
91.8 1.147771792E-05 -1.912952987E-05
92 7.655561E-06 -9.569451249E-06
92.2 3.829656863E-06 -2.872242647E-05
92.4 0 -8.620953899E-05
92.6 7.666830226E-06 -7.666830226E-05
92.8 1.534118802E-05 -3.835297005E-05
93 1.534872299E-05 9.592951866E-06
93.2 1.535626536E-05 2.879299754E-05
93.4 1.536381514E-05 1.920476893E-05
93.6 1.537137236E-05 3.842843089E-05
93.8 1.537893701E-05 1.922367126E-05
94 1.538650911E-05 1.923313639E-05
94.2 1.15455665E-05 3.848522167E-05
94.4 1.155125678E-05 1.925209463E-05
94.6 1.540927022E-05 1.026463595E-20
94.8 1.541687222E-05 9.635545141E-06
95 1.15683613E-05 2.892090326E-05
95.2 1.157407407E-05 1.929012346E-05
95.4 1.157979249E-05 -2.894948123E-05
95.6 7.723677706E-06 -3.861838853E-05
95.8 1.159124629E-05 -3.863748764E-05
96 1.159698169E-05 -4.832075705E-05
96.2 1.160272277E-05 -9.668935644E-06
96.4 1.160846954E-05 -1.934744923E-05
96.6 1.1614222E-05 -6.774962834E-05
96.8 1.161998017E-05 -7.746653446E-05
97 1.162574405E-05 -6.781684028E-05
97.2 1.163151365E-05 -7.754342432E-05
97.4 1.163728898E-05 -4.848870407E-05
97.6 1.164307004E-05 -2.910767511E-05
97.8 1.164885686E-05 -3.882952286E-05
98 1.165464943E-05 -4.856103928E-05
98.2 1.166044776E-05 -3.88681592E-05
98.4 1.166625187E-05 -9.721876556E-06
98.6 1.167206175E-05 1.553716252E-20
98.8 1.167787743E-05 -9.731564524E-06
99 1.16836989E-05 -9.736415753E-06
99.2 1.168952618E-05 -9.74127182E-06
99.4 7.796906188E-06 -1.949226547E-05
99.6 7.800798802E-06 -2.078550346E-20
99.8 7.804695305E-06 9.755869131E-06
100 7.808595702E-06 -1.204895664E-20
100.2 7.8125E-06 -9.765625E-06
100.4 7.816408204E-06 -2.849130568E-20
100.6 7.82032032E-06 -1.95508008E-05
100.8 7.824236355E-06 -3.912118177E-05
101 7.828156313E-06 -1.957039078E-05
101.2 7.832080201E-06 -3.9160401E-05
101.4 7.836008024E-06 -5.877006018E-05
101.6 7.839939789E-06 -9.799924737E-06
101.8 7.843875502E-06 9.804844378E-06
102 7.847815168E-06 -9.80976896E-06
102.2 7.851758794E-06 -1.962939698E-05
102.4 7.855706385E-06 2.945889894E-05
102.6 7.859657948E-06 4.912286217E-05
102.8 7.863613488E-06 9.82951686E-06
103 7.867573011E-06 1.966893253E-05
103.2 7.871536524E-06 3.935768262E-05
103.4 7.875504032E-06 9.84438004E-06
103.6 7.879475542E-06 -9.849344428E-06
103.8 7.88345106E-06 -9.854313824E-06
104 7.887430591E-06 -2.957786471E-05
104.2 3.945707071E-06 -1.972853535E-05
104.4 0 -2.960775644E-05
104.6 0 -5.924544995E-05
104.8 0 6.501602093E-21
105 0 3.953694332E-05
105.2 0 9.889240506E-06
105.4 0 -2.968275076E-05
105.6 0 -1.979853016E-05
105.8 0 3.961713996E-05
106 0 1.981861999E-05
106.2 0 9.914340102E-06
106.4 0 3.967750127E-05
106.6 0 3.96976626E-05
106.8 0 9.929461108E-06
107 3.97380468E-06 -2.98035351E-05
107.2 7.951653944E-06 1.987913486E-05
107.4 1.193355397E-05 2.983388493E-05
107.6 1.591951095E-05 1.989938869E-05
107.8 1.990953109E-05 5.972859327E-05
108 2.39036206E-05 2.987952575E-05
108.2 2.391581633E-05 -9.964923469E-06
108.4 2.39280245E-05 1.994002042E-05
108.6 1.995020429E-05 4.987551073E-05
108.8 1.596831886E-05 2.994059785E-05
109 1.198236196E-05 9.985301636E-06
109.2 7.992327366E-06 -2.399462037E-21
109.4 3.998208802E-06 -9.995522006E-06
109.6 4.000256016E-06 -1.000064004E-05
109.8 4.002305328E-06 2.001152664E-05
110 4.00435674E-06 4.00435674E-05
110.2 4.006410256E-06 4.006410256E-05
110.4 4.00846588E-06 4.00846588E-05
110.6 1.203157084E-05 1.002630903E-05
110.8 1.605033385E-05 1.003145865E-05
111 2.007322713E-05 2.007322713E-05
111.2 2.008354756E-05 -2.008354756E-05
111.4 2.411265432E-05 2.00938786E-05
111.6 2.814590839E-05 3.015633042E-05
111.8 3.218331617E-05 2.011457261E-05
112 3.219989696E-05 8.171411264E-21
112.2 3.62435567E-05 -4.027061856E-05
112.4 3.223310985E-05 -2.014569366E-05
112.6 3.2249742E-05 -1.007804438E-05
112.8 3.629969024E-05 -1.008324729E-05
113 4.035382231E-05 -1.380002922E-20
113.2 3.63372093E-05 6.05620155E-05
113.4 3.231644261E-05 3.029666494E-05
113.6 4.041645111E-05 -2.020822556E-05
113.8 4.04373706E-05 1.010934265E-05
114 4.045831176E-05 5.057288969E-05
114.2 4.047927461E-05 3.035945596E-05
114.4 4.05002592E-05 -4.05002592E-05
114.6 4.052126556E-05 -2.026063278E-05
114.8 4.054229372E-05 2.027114686E-05
115 4.056334372E-05 3.042250779E-05
115.2 4.058441558E-05 3.043831169E-05
115.4 4.060550936E-05 -1.015137734E-05
115.6 4.062662507E-05 -3.04699688E-05
115.8 4.064776275E-05 1.016194069E-05
116 4.066892244E-05 3.050169183E-05
116.2 4.475911458E-05 1.017252604E-05
116.4 4.478243877E-05 3.053348098E-05
116.6 4.480578728E-05 4.073253389E-05
116.8 4.482916015E-05 -3.429811168E-20
117 4.077505219E-05 -4.077505219E-05
117.2 4.079634465E-05 -4.079634465E-05
117.4 4.081765935E-05 2.040882968E-05
117.6 4.083899634E-05 2.041949817E-05
117.8 4.086035565E-05 -2.273422802E-20
118 3.270538985E-05 -1.022043433E-05
118.2 3.681282723E-05 -1.022578534E-05
118.4 4.092456784E-05 -2.543937767E-20
118.6 3.685141509E-05 -1.023650419E-05
118.8 3.277399056E-05 -2.04837441E-05
119 3.689008395E-05 -5.12362277E-05
119.2 4.101049869E-05 -5.126312336E-05
119.4 4.51352416E-05 -2.051601891E-05
119.6 4.105359958E-05 1.026339989E-05
119.8 3.696766562E-05 -1.0268796E-05
120 4.109679116E-05 -3.082259337E-05
120.2 4.111842105E-05 -2.69795009E-20
120.4 4.114007372E-05 -2.569264686E-20
120.6 3.704557429E-05 4.116174921E-05
120.8 3.294675804E-05 7.207103321E-05
121 2.884361814E-05 1.030129219E-05
121.2 2.473614776E-05 1.030672823E-05
121.4 1.649947202E-05 3.093651003E-05
121.6 1.238114105E-05 5.158808769E-05
121.8 1.238768499E-05 2.064614165E-05
122 8.262823903E-06 4.131411951E-05
122.2 0 8.267195767E-05
122.4 4.13578613E-06 5.169732663E-05
122.6 4.137976695E-06 1.034494174E-05
122.8 4.140169581E-06 1.035042395E-05
123 4.142364793E-06 4.142364793E-05
123.2 4.144562334E-06 4.144562334E-05
123.4 4.146762208E-06 4.146762208E-05
123.6 4.148964418E-06 3.111723314E-05
123.8 4.151168969E-06 5.188961211E-05
124 0 5.19171983E-05
124.2 4.155585106E-06 5.194481383E-05
124.4 4.1577967E-06 5.197245875E-05
124.6 4.16001065E-06 1.040002662E-05
124.8 8.324453916E-06 -3.850247689E-20
125 4.164445629E-06 -2.082222814E-05
125.2 4.166666667E-06 -2.083333333E-05
125.4 4.168890075E-06 -2.294719909E-20
125.6 4.171115857E-06 1.042778964E-05
125.8 4.173344017E-06 2.086672009E-05
126 4.175574559E-06 2.08778728E-05
126.2 4.177807487E-06 4.177807487E-05
126.4 4.180042804E-06 5.225053505E-05
126.6 4.182280514E-06 6.273420771E-05
126.8 4.184520621E-06 6.276780932E-05
127 4.18676313E-06 5.233453912E-05
127.2 4.189008043E-06 6.912158953E-21
127.4 4.191255365E-06 9.3181178E-21
127.6 4.193505099E-06 2.09675255E-05
127.8 4.19575725E-06 1.957015695E-20
128 4.198011822E-06 -2.099005911E-05
128.2 4.200268817E-06 -1.050067204E-05
128.4 4.202528241E-06 3.531750032E-21
128.6 4.204790097E-06 6.755685866E-21
128.8 4.207054389E-06 2.103527194E-05
129 4.209321121E-06 2.10466056E-05
129.2 0 1.052897574E-05
129.4 4.21386192E-06 4.21386192E-05
129.6 4.216135996E-06 5.270169995E-05
129.8 4.218412527E-06 2.109206263E-05
130 4.220691518E-06 2.110345759E-05
130.2 4.222972973E-06 1.055743243E-05
130.4 4.225256896E-06 2.112628448E-05
130.6 4.22754329E-06 5.284429113E-05
130.8 4.22983216E-06 4.22983216E-05
131 0 1.058030878E-05
131.2 0 5.685011114E-22
131.4 0 2.118356833E-05
131.6 0 2.11950624E-05
131.8 0 -1.060328447E-05
132 0 -8.724458303E-21
132.2 0 3.202055666E-21
132.4 0 -2.124116368E-05
132.6 4.25054407E-06 -4.25054407E-05
132.8 4.252857921E-06 -2.12642896E-05
133 0 2.127587146E-05
133.2 4.257493188E-06 1.064373297E-05
133.4 4.259814613E-06 -8.863429084E-21
133.6 4.262138571E-06 1.065534643E-05
133.8 4.264465066E-06 -1.066116266E-05
134 4.266794102E-06 -1.066698525E-05
134.2 4.269125683E-06 -2.134562842E-05
134.4 4.271459814E-06 -6.407189721E-05
134.6 4.273796499E-06 -4.273796499E-05
134.8 4.276135742E-06 -4.276135742E-05
135 4.278477547E-06 -6.41771632E-05
135.2 4.280821918E-06 1.622395109E-20
135.4 8.566337719E-06 1.070792215E-05
135.6 1.285655513E-05 -4.285518376E-05
135.8 1.715148189E-05 -6.431805708E-05
136 2.145112576E-05 -5.362781439E-05
136.2 2.575549451E-05 -2.146291209E-05
136.4 3.006459593E-05 -5.368677845E-05
136.6 3.437843784E-05 -1.074326183E-05
136.8 3.869702807E-05 4.299669785E-05
137 5.162444934E-05 2.151018722E-05
137.2 5.595730028E-05 -1.076101928E-05
137.4 6.029492834E-05 -4.306780595E-05
137.6 6.463734142E-05 3.231867071E-05
137.8 6.467301325E-05 7.545184879E-05
138 7.333655439E-05 1.078478741E-05
138.2 7.337707182E-05 2.158149171E-05
138.4 7.341763405E-05 7.557697623E-05
138.6 7.345824115E-05 8.642146018E-05
138.8 7.78223575E-05 6.485196458E-05
139 7.78654485E-05 2.162929125E-05
139.2 7.790858726E-05 -1.082063712E-05
139.4 7.795177384E-05 3.247990576E-05
139.6 7.799500832E-05 4.333056018E-05
139.8 7.803829079E-05 1.08386515E-05
140 7.808162132E-05 1.084466963E-05
140.2 7.8125E-05 2.170138889E-05
140.4 7.81684269E-05 5.428362979E-05
140.6 7.821190211E-05 -1.086276418E-05
140.8 7.825542571E-05 -4.347523651E-05
141 6.959910913E-05 1.08748608E-05
141.2 6.963788301E-05 2.176183844E-05
141.4 6.532190635E-05 1.088698439E-05
141.6 6.535833798E-05 -3.267916899E-05
141.8 5.667550223E-05 -3.269740513E-05
142 5.234505863E-05 4.362088219E-05
142.2 4.800977654E-05 3.273393855E-05
142.4 4.366964785E-05 -2.183482392E-05
142.6 3.932466443E-05 -5.461758949E-05
142.8 3.497481813E-05 -3.2788892E-05
143 3.062010078E-05 -1.868610034E-20
143.2 2.62605042E-05 7.490941181E-21
143.4 2.189602018E-05 3.284403027E-05
143.6 1.752664049E-05 1.095415031E-05
143.8 1.753647587E-05 1.096029742E-05
144 1.315974172E-05 4.386580573E-05
144.2 1.316713483E-05 1.097261236E-05
144.4 1.317453626E-05 -1.097878021E-05
144.6 1.318194601E-05 7.194551186E-21
144.8 8.792909398E-06 5.704539052E-21
145 1.319679054E-05 1.099732545E-05
145.2 1.320422535E-05 5.501760563E-05
145.4 8.80777903E-06 4.403889515E-05
145.6 8.812746757E-06 6.018079541E-21
145.8 8.81772009E-06 -7.715505079E-05
146 1.323404856E-05 -6.61702428E-05
146.2 8.827683616E-06 -3.310381356E-05
146.4 8.832673827E-06 -7.728589599E-05
146.6 8.837669683E-06 -3.314126131E-05
146.8 8.842671194E-06 -2.210667799E-05
147 8.847678369E-06 -6.635758777E-05
147.2 8.852691218E-06 -9.95927762E-05
147.4 8.857709751E-06 -0.0001217935091
147.6 8.862733976E-06 -3.323525241E-05
147.8 8.867763905E-06 1.890889984E-21
148 8.872799546E-06 -6.654599659E-05
148.2 8.877840909E-06 -6.658380682E-05
148.4 8.882888005E-06 4.235069021E-20
148.6 8.887940842E-06 1.110992605E-05
148.8 8.892999431E-06 -2.223249858E-05
149 8.898063781E-06 -4.449031891E-05
149.2 8.903133903E-06 -0.0001224180912
149.4 8.908209806E-06 -0.0001447584094
149.6 4.45664575E-06 -8.9132915E-05
149.8 4.459189498E-06 -5.573986872E-05
150 4.461736151E-06 -4.461736151E-05
150.2 4.464285714E-06 -4.464285714E-05
150.4 4.466838193E-06 -8.933676387E-05
150.6 4.469393593E-06 -0.0001452552918
150.8 4.471951918E-06 -0.0001341585575
151 4.474513173E-06 -6.711769759E-05
151.2 4.477077364E-06 -2.238538682E-05
151.4 4.479644495E-06 -1.119911124E-05
151.6 4.482214573E-06 -3.361660929E-05
151.8 8.969575201E-06 -1.1211969E-05
152 4.487363584E-06 3.365522688E-05
152.2 4.489942529E-06 2.244971264E-05
152.4 4.492524439E-06 2.24626222E-05
152.6 4.495109321E-06 3.371331991E-05
152.8 4.497697179E-06 3.373272884E-05
153 4.500288018E-06 6.750432028E-05
153.2 4.502881844E-06 5.628602305E-05
153.4 4.505478662E-06 5.631848328E-05
153.6 4.508078477E-06 6.762117715E-05
153.8 4.510681293E-06 4.510681293E-05
154 4.513287117E-06 3.384965338E-05
154.2 4.515895954E-06 5.644869942E-05
154.4 4.518507808E-06 4.518507808E-05
154.6 4.521122685E-06 1.130280671E-05
154.8 4.523740591E-06 9.047481181E-05
155 9.052723059E-06 0.0001357908459
155.2 1.358695652E-05 7.925724638E-05
155.4 1.359483759E-05 4.531612529E-05
155.6 1.36027278E-05 5.66780325E-05
155.8 1.361062718E-05 2.268437863E-05
156 1.361853574E-05 -3.560097106E-20
156.2 1.362645349E-05 6.813226744E-05
156.4 1.363438045E-05 9.089586969E-05
156.6 1.364231665E-05 5.684298603E-05
156.8 1.365026209E-05 -1.927885583E-20
157 9.105477855E-06 -1.138184732E-05
157.2 4.555393586E-06 3.41654519E-05
157.4 0 6.837077013E-05
157.6 0 7.981246351E-05
157.8 0 4.563376168E-05
158 0 1.141510812E-05
158.2 0 -2.284356725E-05
158.4 0 2.285693388E-05
158.6 0 6.861094848E-05
158.8 0 4.576742824E-05
159 0 2.289712778E-05
159.2 0 2.291055718E-05
159.4 0 2.292400235E-05
159.6 0 1.146873165E-05
159.8 0 3.442641011E-05
160 0 3.444664903E-05
160.2 0 3.446691176E-05
160.4 0 1.149573278E-05
160.6 0 3.450750883E-05
160.8 0 0.0001035835298
161 0 6.90964033E-05
161.2 4.609144543E-06 3.456858407E-05
161.4 9.223730815E-06 5.764831759E-05
161.6 1.384376846E-05 2.307294743E-05
161.8 1.846926714E-05 -2.308658392E-05
162 2.310023655E-05 1.155011827E-05
162.2 2.773668639E-05 3.467085799E-05
162.4 3.237862641E-05 3.469138544E-05
162.6 3.702606635E-05 6.942387441E-05
162.8 4.1679016E-05 6.946502667E-05
163 4.633748517E-05 3.475311388E-05
163.2 5.100148368E-05 -2.318249258E-05
163.4 5.567102138E-05 -1.159812945E-05
163.6 5.570409982E-05 5.802510398E-05
163.8 5.57372176E-05 2.322384067E-05
164 5.577037478E-05 -1.161882808E-05
164.2 5.580357143E-05 -3.487723214E-05
164.4 5.583680762E-05 -2.326533651E-05
164.6 5.587008343E-05 -1.163960072E-05
164.8 5.590339893E-05 -6.987924866E-05
165 5.593675418E-05 -4.661396181E-05
165.2 5.130597015E-05 1.166044776E-05
165.4 5.133661888E-05 1.166741338E-05
165.6 5.136730424E-05 -1.167438733E-05
165.8 5.139802632E-05 -4.672547847E-05
166 5.142878516E-05 -8.181852184E-05
166.2 5.145958084E-05 -8.186751497E-05
166.4 5.149041342E-05 -4.680946675E-05
166.6 5.152128297E-05 -2.341876499E-05
166.8 5.155218956E-05 -1.171640672E-05
167 5.158313325E-05 -3.517031813E-05
167.2 5.161411411E-05 -4.692192192E-05
167.4 5.164513221E-05 -3.521259014E-05
167.6 5.637402285E-05 -2.348917619E-05
167.8 5.640794224E-05 1.175165463E-05
168 5.644190247E-05 3.527618904E-05
168.2 5.647590361E-05 3.529743976E-05
168.4 5.650994575E-05 -2.354581073E-05
168.6 5.654402895E-05 -1.178000603E-05
168.8 5.657815329E-05 1.178711527E-05
169 5.661231884E-05 -4.717693237E-05
169.2 5.664652568E-05 -2.360271903E-05
169.4 5.668077388E-05 1.180849456E-05
169.6 5.671506352E-05 -1.181563823E-05
169.8 5.674939467E-05 -3.546837167E-05
170 5.678376741E-05 -5.914975772E-05
170.2 5.681818182E-05 -3.551136364E-05
170.4 5.685263796E-05 -3.553289873E-05
170.6 5.688713592E-05 -4.74059466E-05
170.8 6.166514876E-05 -2.371736491E-05
171 6.170261239E-05 -5.932943499E-05
171.2 6.174012158E-05 -0.0001068579027
171.4 6.17776764E-05 -9.504257908E-05
171.6 5.230523433E-05 -8.321287279E-05
171.8 4.757917174E-05 -4.757917174E-05
172 4.760816575E-05 -3.570612431E-05
172.2 5.240091463E-05 -4.763719512E-05
172.4 5.243288591E-05 -4.766625991E-05
172.6 5.246489621E-05 -4.76953602E-05
172.8 4.772449603E-05 1.193112401E-05
173 4.297830073E-05 3.581525061E-05
173.2 3.822629969E-05 1.194571865E-05
173.4 3.8249694E-05 -9.868212493E-21
173.6 3.827311696E-05 1.196034905E-05
173.8 3.829656863E-05 -1.19676777E-05
174 3.832004905E-05 5.886414136E-20
174.2 3.834355828E-05 8.387653374E-05
174.4 3.357120933E-05 5.994858809E-05
174.6 2.879299754E-05 4.192859069E-20
174.8 2.400891211E-05 -2.400891211E-05
175 1.921894219E-05 -2.402367774E-05
175.2 1.923076923E-05 -1.201923077E-05
175.4 1.924261084E-05 -1.202663177E-05
175.6 1.925446704E-05 -8.066097938E-21
175.8 9.633168927E-06 -1.571376158E-21
176 9.639111659E-06 -1.204888957E-05
176.2 9.645061728E-06 -1.205632716E-05
176.4 1.447652872E-05 -1.206377393E-05
176.6 9.656983931E-06 -3.621368974E-05
176.8 4.831478046E-06 -3.623608534E-05
177 0 -2.417233911E-05
177.2 0 -2.41873065E-05
177.4 4.840458488E-06 -1.210114622E-05
177.6 9.686918785E-06 7.232863587E-21
177.8 1.453939206E-05 1.211616005E-05
178 9.698944755E-06 -3.637104283E-05
178.2 4.852484472E-06 -8.491847826E-05
178.4 4.855500311E-06 -8.497125544E-05
178.6 4.8585199E-06 -6.073149876E-05
178.8 9.723086497E-06 -1.215385812E-05
179 1.459371108E-05 -1.21614259E-05
179.2 1.460280374E-05 -4.867601246E-05
179.4 1.461190773E-05 -6.088294888E-05
179.6 1.462102308E-05 1.21841859E-05
179.8 1.463014981E-05 1.219179151E-05
180 1.951905059E-05 -2.439881324E-05
180.2 2.44140625E-05 -1.220703125E-05
180.4 3.420106316E-05 -4.885866166E-05
180.6 3.911138924E-05 -4.888923655E-05
180.8 4.402786475E-05 -4.891984972E-05
181 4.895050125E-05 -2.447525063E-05
181.2 5.387931034E-05 1.224529781E-05
181.4 6.371549561E-05 2.114969082E-20
181.6 7.356403013E-05 -2.452134338E-05
181.8 7.851758794E-05 -6.134186558E-05
182 8.347737272E-05 -2.455216845E-05
182.2 8.352987421E-05 1.228380503E-05
182.4 7.866582756E-05 -2.458307111E-05
182.6 7.379565491E-05 -1.229927582E-05
182.8 6.891934468E-05 -1.230702583E-05
183 6.89627995E-05 -4.92591425E-05
183.2 6.900630915E-05 -2.464511041E-05
183.4 6.904987374E-05 -3.699100379E-05
183.6 7.402874289E-05 -8.636686671E-05
183.8 7.901390645E-05 -2.469184576E-05
184 8.400537634E-05 -2.470746363E-05
184.2 8.900316456E-05 -4.944620253E-05
184.4 9.400728309E-05 -3.710813806E-05
184.6 9.901774398E-05 -4.950887199E-05
184.8 0.0001040345593 -1.238506658E-05
185 0.0001090577411 -3.717877538E-05
185.2 0.0001140873016 -1.240079365E-05
185.4 0.000114159784 -1.240867217E-05
185.6 0.0001191989828 -3.724968214E-05
185.8 0.0001192748092 -2.484891858E-05
186 0.0001243236792 -4.972947167E-05
186.2 0.0001293789809 9.674361305E-21
186.4 0.0001344407266 6.224107712E-05
186.6 0.0001395089286 4.982461735E-05
186.8 0.0001445835992 1.246410338E-05
187 0.000149664751 -5.154286999E-21
187.2 0.0001547523962 -1.248003195E-05
187.4 0.0001598465473 -2.497602302E-05
187.6 0.0001649472169 1.740542142E-20
187.8 0.0001700544174 8.491369351E-21
188 0.000180172966 -1.251201153E-05
188.2 0.0001903044872 4.110419265E-20
188.4 0.0001954377806 -1.252806286E-05
188.6 0.0002005776637 -3.760831194E-05
188.8 0.000205724149 -2.508831085E-05
189 0.0002108772494 1.556767019E-20
189.2 0.0002160369775 3.768086817E-05
189.4 0.0002212033462 2.513674389E-05
189.6 0.0002263763683 3.355857984E-20
189.8 0.0002315560567 2.645737935E-20
190 0.0002367424242 2.518536428E-05
190.2 0.0002419354839 8.820564516E-05
190.4 0.000242091672 8.826258877E-05
190.6 0.0002372012274 6.308543282E-05
190.8 0.0002373545572 3.787572721E-05
191 0.0002375080854 1.26334088E-05
191.2 0.0002376618123 1.264158576E-05
191.4 0.0002378157383 1.264977332E-05
191.6 0.0002379698639 1.265797148E-05
191.8 0.0002381241894 -3.799854086E-05
192 0.0002382787151 -7.604639844E-05
192.2 0.0002435064935 -5.073051948E-05
192.4 0.0002385883691 -3.807261209E-05
192.6 0.000238743498 -1.269912224E-05
192.8 0.0002338158751 -2.332234084E-20
193 0.000233968099 -2.54313151E-05
193.2 0.0002341205212 -3.81718241E-05
193.4 0.0002342731421 1.950106647E-20
193.6 0.0002344259622 -2.548108284E-05
193.8 0.0002345789817 -6.374428851E-05
194 0.0002347322012 -6.378592423E-05
194.2 0.0002348856209 -6.382761438E-05
194.4 0.0002350392413 -2.554774362E-05
194.6 0.0002351930628 -2.556446335E-05
194.8 0.0002353470858 2.558120498E-05
195 0.0002303817169 5.119593709E-05
195.2 0.0002305327869 -1.280737705E-05
195.4 0.0002358103675 -1.281578084E-05
195.6 0.0002359652003 2.212828137E-20
195.8 0.0002412532852 1.148703456E-20
196 0.0002362754767 3.554719059E-21
196.2 0.0002364309211 -7.671440424E-21
196.4 0.0002365865701 1.285796577E-05
196.6 0.0002367424242 1.28664361E-05
196.8 0.0002368984838 2.216646253E-20
197 0.0002370547493 -1.288341029E-05
197.2 0.0002372112211 -2.578382838E-05
197.4 0.0002373678996 2.957814087E-20
197.6 0.0002375247852 1.290895572E-05
197.8 0.0002376818783 1.291749339E-05
198 0.0002378391794 1.292604236E-05
198.2 0.0002379966887 1.293460265E-05
198.4 0.0002381544069 3.882952286E-05
198.6 0.0002383123342 2.590351459E-05
198.8 0.0002384704711 -1.296035169E-05
199 0.0002386288181 -2.593791501E-05
199.2 0.0002387873754 -2.59551495E-05
199.4 0.0002389461436 1.298620346E-05
199.6 0.0002391051231 3.898453094E-05
199.8 0.0002392643142 5.201398136E-05
200 0.0002394237175 3.903647568E-05
200.2 0.0002395833333 2.604166667E-05
200.4 0.0002397431621 6.51475984E-05
200.6 0.0002399032043 5.215287049E-05
200.8 0.0002400634603 6.523463594E-05
201 0.0002350016711 3.916694519E-05
201.2 0.0002403846154 1.757344555E-20
201.4 0.0002457747657 5.229250335E-05
201.6 0.0002407066309 6.540941058E-05
201.8 0.0002408679625 1.309065013E-05
202 0.0002410295104 -1.309942991E-05
202.2 0.0002359479866 -9.362994617E-21
202.4 0.0002413532572 1.311702485E-05
202.6 0.000241515457 1.312584005E-05
202.8 0.0002521856086 1.313466711E-05
203 0.0002470979139 6.998453823E-21
203.2 0.000242003367 -2.63047138E-05
203.4 0.0002369019542 1.316121968E-05
203.6 0.0002317936615 2.634018881E-05
203.8 0.0002319500675 1.317898111E-05
204 0.0002268315327 1.318787981E-05
204.2 0.0002217060811 2.639358108E-05
204.4 0.0002218559838 3.961713996E-05
204.6 0.00021672023 7.928788904E-05
204.8 0.000211577522 9.256516588E-05
205 0.0002117208672 6.6162771E-05
205.2 0.0002065677966 6.620762712E-05
205.4 0.0001961075305 6.62525441E-05
205.6 0.0001909368635 5.303801765E-05
205.8 0.0001857591712 -1.326851223E-05
206 0.000191196465 -5.311012916E-05
206.2 0.0001860119048 -2.657312925E-05
206.4 0.0001755020422 9.843313245E-21
206.6 0.0001702997275 -2.660933243E-05
206.8 0.0001650903204 -5.325494206E-05
207 0.0001598738063 -6.661408595E-05
207.2 0.0001546501706 1.333191126E-05
207.4 0.0001494193989 5.336407104E-05
207.6 0.0001441814764 1.335013671E-05
207.8 0.0001389363885 1.335926813E-05
208 0.0001336841205 -2.673682409E-05
208.2 0.0001284246575 -6.688784247E-05
208.4 0.0001285126799 -2.677347498E-05
208.6 0.0001232424554 1.339591907E-05
208.8 0.0001233270419 3.824677908E-20
209 0.0001234117445 -1.341432005E-05
209.2 0.0001288659794 -1.342353952E-05
209.4 0.000128954608 2.686554333E-05
209.6 0.000123666552 1.344201652E-05
209.8 0.0001237517218 -2.690254821E-05
210 0.000123837009 -1.346054445E-05
210.2 0.0001293103448 2.693965517E-05
210.4 0.0001347912353 -2.933944095E-21
210.6 0.0001402796961 -5.395372928E-05
210.8 0.0001403766413 -4.049326192E-05
211 0.000145876556 4.052126556E-05
211.2 0.0001405709343 5.406574394E-05
211.4 0.000135257964 -4.05773892E-05
211.6 0.0001299376299 -1.353516979E-05
211.8 0.0001246099168 -1.354455617E-05
212 0.0001246963914 -2.710791117E-05
212.2 0.0001193576389 -1.356336806E-05
212.4 0.0001140114663 -1.357279361E-05
212.6 0.0001032249652 -1.358223227E-05
212.8 0.0001032967989 -8.155010438E-05
213 0.0001142496518 -2.70814461E-20
213.2 0.0001197735192 6.805313589E-05
213.4 0.0001253050907 -1.362011855E-05
213.6 0.0001362962317 -1.362962317E-05
213.8 0.0001363914106 1.15335039E-20
214 0.0001364867226 -1.364867226E-05
214.2 0.0001311188811 2.731643357E-05
214.4 0.0001312106368 -6.833887334E-05
214.6 0.000131302521 -0.0001230961134
214.8 0.000131394534 -5.474772249E-05
215 0.000131486676 -2.73930575E-05
215.2 0.0001315789474 -4.111842105E-05
215.4 0.0001316713483 -2.74315309E-05
215.6 0.0001317638791 1.574161049E-20
215.8 0.0001263625176 -5.618205406E-21
216 0.0001209535538 -2.298878659E-21
216.2 0.0001155369718 -4.126320423E-05
216.4 0.0001101127555 -2.752818887E-05
216.6 0.000110190409 -1.377380113E-05
216.8 0.0001047547636 -9.607454078E-21
217 9.931144068E-05 4.137976695E-05
217.2 9.386042403E-05 -1.625032081E-20
217.4 8.840169731E-05 -6.906382603E-05
217.6 8.846426044E-05 -4.146762208E-05
217.8 8.299398017E-05 -4.149699008E-05
218 7.751594614E-05 -4.152639972E-05
218.2 7.203014184E-05 -1.385195035E-05
218.4 7.208126331E-05 1.386178141E-05
218.6 6.658380682E-05 2.774325284E-05
218.8 6.107853589E-05 1.388148543E-05
219 5.556543385E-05 3.079528735E-20
219.2 5.560498221E-05 1.390124555E-05
219.4 4.451566952E-05 4.173344017E-05
219.6 5.011582324E-05 2.784212402E-05
219.8 4.457917261E-05 -2.786198288E-05
220 5.018736617E-05 -8.364561028E-05
220.2 5.022321429E-05 -5.580357143E-05
220.4 5.584345961E-05 -1.39608649E-05
220.6 6.147174535E-05 2.794170243E-05
220.8 6.710808876E-05 5.59234073E-05
221 7.275250716E-05 4.197260029E-05
221.2 7.28046595E-05 2.800179211E-05
221.4 7.846126255E-05 2.802187948E-05
221.6 8.412598708E-05 7.560846882E-22
221.8 8.979885057E-05 -4.209321121E-05
222 8.986340762E-05 -2.808231488E-05
222.2 8.992805755E-05 -1.405125899E-05
222.4 8.999280058E-05 -1.406137509E-05
222.6 8.442903458E-05 -1.407150576E-05
222.8 8.448990627E-05 -1.408165105E-05
223 8.45508658E-05 -2.931770047E-20
223.2 7.897111913E-05 -1.410198556E-05
223.4 7.902817919E-05 -3.431804118E-20
223.6 7.343637021E-05 4.438589293E-21
223.8 6.783646889E-05 -2.826519537E-05
224 6.222845764E-05 -2.828566256E-05
224.2 5.661231884E-05 -2.830615942E-05
224.4 5.098803481E-05 -2.8326686E-05
224.6 4.535558781E-05 -4.252086357E-05
224.8 3.404139434E-05 -2.836782861E-05
225 2.271075581E-05 -1.072575845E-20
225.2 1.136363636E-05 -1.572959309E-21
225.4 5.685953421E-06 -4.94068228E-20
225.6 0 -4.267571012E-05
225.8 0 -5.694241983E-05
226 0 -2.849197666E-05
226.2 0 -1.425638686E-05
226.4 0 -1.426680058E-05
226.6 0 2.855445906E-05
226.8 0 2.857534748E-05
227 0 2.05365322E-20
227.2 0 -5.723443223E-05
227.4 0 -7.15954912E-05
227.6 0 -2.865920763E-05
227.8 0 -4.302037445E-05
228 0 -2.870132256E-05
228.2 0 -9.962304261E-21
228.4 0 2.874356144E-05
228.6 0 1.438236377E-05
228.8 0 -2.299177366E-20
229 0 -4.039235909E-21
229.2 0 7.821913114E-21
229.4 0 4.34382414E-20
229.6 0 1.634051019E-20
229.8 0 2.889238166E-05
230 0 -1.867753499E-20
230.2 0 -5.787037037E-05
230.4 0 -4.343495182E-05
230.6 0 1.448905786E-05
230.8 0 5.799925761E-05
231 0 5.80423477E-05
231.2 0 1.452137546E-05
231.4 0 1.453218006E-05
231.6 0 2.908600149E-05
231.8 0 4.366151267E-05
232 0 4.369407159E-05
232.2 0 1.45755597E-05
232.4 0 2.917289022E-05
232.6 0 7.298673393E-05
232.8 0 8.764958863E-05
233 0 1.46191991E-05
233.2 0 -1.463014981E-05
233.4 0 3.80943406E-21
233.6 0 4.395630158E-05
233.8 0 4.39893018E-05
234 0 1.467411721E-05
234.2 0 2.937030075E-05
234.4 0 5.87848006E-05
234.6 0 4.41217997E-05
234.8 0 1.471834966E-05
235 0 2.945889894E-05
235.2 0 1.474056604E-05
235.4 0 -3.463807179E-20
235.6 0 4.428854875E-05
235.8 0 1.477401664E-05
236 5.914080242E-06 -1.478520061E-05
236.2 1.183712121E-05 2.959280303E-05
236.4 1.184609553E-05 4.442285823E-05
236.6 1.778262519E-05 -1.481885432E-05
236.8 2.372817008E-05 -5.932042521E-05
237 2.374620061E-05 -1.484137538E-05
237.2 2.376425856E-05 -3.571882937E-21
237.4 2.378234399E-05 1.486396499E-05
237.6 2.380045697E-05 2.975057121E-05
237.8 2.381859756E-05 1.488662348E-05
238 2.383676583E-05 8.344693024E-21
238.2 2.385496183E-05 -7.664075707E-21
238.4 2.387318564E-05 2.984148205E-05
238.6 2.389143731E-05 2.986429664E-05
238.8 2.390971691E-05 1.494357307E-05
239 1.196401225E-05 2.991003063E-05
239.2 5.986590038E-06 2.993295019E-05
239.4 5.991180982E-06 4.493385736E-05
239.6 0 4.496834229E-05
239.8 6.000384025E-06 4.500288018E-05
240 6.004996157E-06 6.004996157E-05
240.2 6.009615385E-06 3.004807692E-05
240.4 6.014241724E-06 -9.543549751E-21
240.6 6.018875193E-06 1.504718798E-05
240.8 6.023515806E-06 1.505878951E-05
241 6.02816358E-06 -1.507040895E-05
241.2 1.206563707E-05 -1.508204633E-05
241.4 1.811244204E-05 -3.01874034E-05
241.6 2.416860015E-05 1.419884456E-20
241.8 3.023413313E-05 8.939461531E-21
242 3.630906274E-05 -6.051510457E-05
242.2 4.239341085E-05 -3.028100775E-05
242.4 4.242629946E-05 -4.545674942E-05
242.6 4.245923913E-05 -6.06560559E-05
242.8 3.642191142E-05 -4.552738928E-05
243 4.860031104E-05 -4.55627916E-05
243.2 4.86381323E-05 -1.069199542E-22
243.4 4.867601246E-05 3.780496761E-21
243.6 4.871395168E-05 -1.52231099E-05
243.8 4.875195008E-05 1.52349844E-05
244 4.879000781E-05 1.524687744E-05
244.2 4.8828125E-05 -1.525878906E-05
244.4 5.497458952E-05 3.054143862E-05
244.6 4.890453834E-05 -4.041160407E-21
244.8 5.506068912E-05 -6.117854346E-05
245 5.510384013E-05 -3.061324451E-05
245.2 4.901960784E-05 -1.531862745E-05
245.4 4.905808477E-05 3.066130298E-05
245.6 4.909662215E-05 1.534269442E-05
245.8 4.913522013E-05 -1.535475629E-05
246 4.917387884E-05 1.536683714E-05
246.2 4.921259843E-05 8.855256489E-21
246.4 4.925137904E-05 -1.539105595E-05
246.6 4.929022082E-05 -3.080638801E-05
246.8 4.932912391E-05 -2.897503497E-21
247 4.319707741E-05 3.085505529E-05
247.2 3.705533597E-05 3.087944664E-05
247.4 3.090387658E-05 4.635581487E-05
247.6 1.855700713E-05 2.571039631E-20
247.8 1.857171157E-05 -4.642927892E-05
248 1.858643933E-05 -1.548869944E-05
248.2 1.860119048E-05 1.550099206E-05
248.4 2.482128674E-05 1.187741093E-20
248.6 3.726152623E-05 -1.552563593E-05
248.8 4.350636436E-05 1.553798727E-05
249 4.97611465E-05 1.555035828E-05
249.2 5.602589641E-05 1.5562749E-05
249.4 5.607057416E-05 4.672547847E-05
249.6 6.235035914E-05 4.676276935E-05
249.8 6.864017572E-05 6.240015974E-05
250 6.869504396E-05 3.122501998E-05
250.2 7.5E-05 1.5625E-05
250.4 7.506004804E-05 3.127502002E-05
250.6 7.512019231E-05 4.695012019E-05
250.8 7.518043304E-05 6.265036087E-05
251 7.524077047E-05 4.702548154E-05
251.2 7.530120482E-05 6.275100402E-05
251.4 7.536173633E-05 4.710108521E-05
251.6 8.170756235E-05 -2.14417641E-20
251.8 8.177334944E-05 -1.572564412E-05
252 8.183924255E-05 -1.573831587E-05
252.2 8.190524194E-05 1.575100806E-05
252.4 8.197134786E-05 6.305488297E-05
252.6 7.5726979E-05 4.732936187E-05
252.8 8.210388036E-05 3.157841552E-05
253 7.584951456E-05 6.32079288E-05
253.2 7.591093117E-05 4.744433198E-05
253.4 7.597244733E-05 4.748277958E-05
253.6 7.603406326E-05 3.168085969E-05
253.8 8.243709416E-05 6.341314935E-05
254 8.250406174E-05 9.519699431E-05
254.2 8.257113821E-05 7.93953252E-05
254.4 7.62815297E-05 7.945992677E-05
254.6 8.270561889E-05 6.361970684E-05
254.8 7.640586797E-05 7.95894458E-05
255 8.284053834E-05 6.372349103E-05
255.2 8.290816327E-05 1.594387755E-05
255.4 8.297589869E-05 -3.191380719E-05
255.6 8.304374489E-05 -1.134733263E-20
255.8 8.311170213E-05 4.794905892E-05
256 8.317977068E-05 1.599610975E-05
256.2 8.324795082E-05 3.201844262E-05
256.4 8.331624282E-05 6.408941756E-05
256.6 8.338464696E-05 6.414203612E-05
256.8 8.345316352E-05 4.814605588E-05
257 8.352179276E-05 4.818564967E-05
257.2 8.359053498E-05 4.822530864E-05
257.4 8.365939044E-05 3.217668863E-05
257.6 8.372835944E-05 6.440643034E-05
257.8 8.379744224E-05 4.834467822E-05
258 8.386663914E-05 -2.864943808E-20
258.2 8.393595041E-05 4.842458678E-05
258.4 8.400537634E-05 6.461952026E-05
258.6 8.407491722E-05 4.850475993E-05
258.8 8.414457332E-05 4.854494615E-05
259 8.421434494E-05 -2.507383567E-20
259.2 8.428423237E-05 3.241701245E-05
259.4 7.78654485E-05 8.110984219E-05
259.6 7.143599335E-05 4.87063591E-05
259.8 6.499584027E-05 3.249792013E-05
260 5.854496253E-05 4.878746878E-05
260.2 5.208333333E-05 1.627604167E-05
260.4 4.561092577E-05 3.257923269E-05
260.6 3.912771285E-05 6.521285476E-05
260.8 3.26336675E-05 6.5267335E-05
261 2.612876254E-05 9.798285953E-05
261.2 1.961297071E-05 6.537656904E-05
261.4 1.308626466E-05 1.635783082E-05
261.6 1.309723386E-05 1.637154233E-05
261.8 1.310822148E-05 3.277055369E-05
262 1.311922754E-05 4.919710327E-05
262.2 1.31302521E-05 6.56512605E-05
262.4 1.314129521E-05 6.570647603E-05
262.6 1.31523569E-05 6.576178451E-05
262.8 1.316343724E-05 6.581718618E-05
263 1.317453626E-05 3.293634064E-05
263.2 1.318565401E-05 3.296413502E-05
263.4 1.319679054E-05 6.59839527E-05
263.6 1.32079459E-05 0.0001485893914
263.8 6.609560068E-06 9.914340102E-05
264 1.984546994E-05 1.653789162E-05
264.2 1.986228814E-05 3.310381356E-05
264.4 1.325275657E-05 2.72380578E-20
264.6 1.989601019E-05 -1.658000849E-05
264.8 1.991291419E-05 -8.297047579E-05
265 3.321641156E-05 -3.321641156E-05
265.2 3.324468085E-05 6.64893617E-05
265.4 3.992759796E-05 1.663649915E-05
265.6 3.996163683E-05 -4.995204604E-05
265.8 3.332977816E-05 -3.332977816E-05
266 2.001494449E-05 3.335824082E-05
266.2 1.335470085E-05 -1.115877019E-20
266.4 1.336612489E-05 -3.341531223E-05
266.6 2.006635274E-05 6.425320721E-20
266.8 1.338903171E-05 -3.347257926E-05
267 1.340051458E-05 1.675064322E-05
267.2 1.341201717E-05 5.029506438E-05
267.4 1.342353952E-05 3.35588488E-05
267.6 1.343508169E-05 3.358770421E-05
267.8 6.723321859E-06 1.680830465E-05
268 0 -3.364556417E-05
268.2 6.734913793E-06 -8.418642241E-05
268.4 1.348144953E-05 -3.370362381E-05
268.6 1.349309154E-05 1.528931043E-20
268.8 1.350475367E-05 -5.064282627E-05
269 1.351643599E-05 -3.379108997E-05
269.2 1.352813853E-05 5.073051948E-05
269.4 1.353986135E-05 1.692482669E-05
269.6 1.355160451E-05 1.693950564E-05
269.8 1.356336806E-05 6.781684028E-05
270 1.357515204E-05 5.090682016E-05
270.2 1.358695652E-05 1.698369565E-05
270.4 1.359878155E-05 -3.399695387E-05
270.6 1.361062718E-05 -3.402656794E-05
270.8 1.362249346E-05 -1.702811683E-05
271 2.045157068E-05 -1.704297557E-05
271.2 2.046943231E-05 -1.705786026E-05
271.4 2.048732517E-05 -1.707277098E-05
271.6 2.050524934E-05 3.417541557E-05
271.8 2.05232049E-05 3.420534151E-05
272 1.369412796E-05 5.135297984E-05
272.2 6.853070175E-06 5.139802632E-05
272.4 6.859086918E-06 -1.269516036E-20
272.6 1.373022847E-05 3.653846302E-21
272.8 1.374230431E-05 -3.435576077E-05
273 1.375440141E-05 -3.438600352E-05
273.2 1.376651982E-05 5.162444934E-05
273.4 1.377865961E-05 5.166997354E-05
273.6 1.379082083E-05 6.459280374E-22
273.8 1.380300353E-05 3.450750883E-05
274 1.381520778E-05 1.726900973E-05
274.2 1.382743363E-05 0.0001037057522
274.4 6.919840567E-06 0.0001729960142
274.6 6.925975177E-06 5.194481383E-05
274.8 1.386424135E-05 6.932120674E-05
275 1.387655417E-05 0.0001040741563
275.2 1.388888889E-05 -9.777330835E-21
275.4 1.390124555E-05 3.475311388E-05
275.6 1.391362422E-05 5.217609083E-05
275.8 1.392602496E-05 -3.481506239E-05
276 1.393844781E-05 -1.742305977E-05
276.2 1.395089286E-05 5.231584821E-05
276.4 1.396336014E-05 6.981680071E-05
276.6 1.397584973E-05 1.746981216E-05
276.8 1.398836168E-05 1.74854521E-05
277 1.400089606E-05 2.688672554E-20
277.2 1.401345291E-05 -3.503363229E-05
277.4 1.402603232E-05 -1.753254039E-05
277.6 1.403863432E-05 5.264487871E-05
277.8 1.405125899E-05 0.0001053844424
278 1.406390639E-05 0.0001406390639
278.2 1.407657658E-05 0.0001583614865
278.4 1.408926961E-05 7.044634806E-05
278.6 1.410198556E-05 -3.710220654E-20
278.8 1.411472448E-05 1.76434056E-05
279 1.412748644E-05 0.0001236155063
279.2 1.414027149E-05 0.0001590780543
279.4 1.415307971E-05 8.845674819E-05
279.6 2.124886673E-05 8.85369447E-05
279.8 2.835753176E-05 8.861728675E-05
280 3.54791099E-05 7.09582198E-05
280.2 4.261363636E-05 3.551136364E-05
280.4 4.97611465E-05 5.33155141E-05
280.6 4.98064663E-05 0.0001067281421
280.8 4.985186873E-05 8.902119417E-05
281 4.989735401E-05 0.0001069229015
281.2 4.994292237E-05 0.0001248573059
281.4 4.998857404E-05 0.0001249714351
281.6 5.003430924E-05 7.147758463E-05
281.8 5.008012821E-05 8.942880037E-05
282 5.012603116E-05 0.0001432172319
282.2 5.017201835E-05 8.959288991E-05
282.4 5.021808999E-05 8.96751607E-05
282.6 5.026424632E-05 1.795151654E-05
282.8 5.031048758E-05 -3.593606256E-05
283 5.0356814E-05 -1.798457643E-05
283.2 5.040322581E-05 9.964696488E-21
283.4 5.044972325E-05 1.875286015E-20
283.6 5.049630656E-05 -3.60687904E-05
283.8 5.054297597E-05 1.805106285E-05
284 5.058973173E-05 3.613552266E-05
284.2 5.063657407E-05 -3.616898148E-05
284.4 5.068350324E-05 -9.050625579E-05
284.6 5.073051948E-05 -9.059021336E-05
284.8 5.077762303E-05 -5.44045961E-05
285 5.082481413E-05 -3.630343866E-05
285.2 5.087209302E-05 -5.450581395E-05
285.4 5.091945996E-05 -7.274208566E-05
285.6 4.368592731E-05 -5.460740913E-05
285.8 3.643889925E-05 -3.643889925E-05
286 3.64729225E-05 -5.470938375E-05
286.2 3.650700935E-05 -5.476051402E-05
286.4 2.923292797E-05 -5.481173994E-05
286.6 1.463014981E-05 -7.315074906E-05
286.8 7.321930647E-06 -5.491447985E-05
287 0 -3.664399625E-05
287.2 0 -9.169600939E-05
287.4 0 -0.0001284950658
287.6 0 -9.186853246E-05
287.8 0 -3.678201507E-05
288 0 -1.840834119E-05
288.2 0 -1.842570755E-05
288.4 0 -1.84431067E-05
288.6 0 -4.710136037E-20
288.8 0 -1.847800378E-05
289 7.398200758E-06 -5.548650568E-05
289.2 7.40521327E-06 -5.553909953E-05
289.4 7.412239089E-06 -7.412239089E-05
289.6 7.419278253E-06 -3.709639126E-05
289.8 7.426330798E-06 -1.003541439E-20
290 1.486679353E-05 -1.655319843E-20
290.2 1.488095238E-05 1.612232048E-20
290.4 1.489513823E-05 4.910579339E-21
290.6 1.490935115E-05 -1.466505308E-20
290.8 1.492359121E-05 -8.455760417E-21
291 1.493785851E-05 -1.867232314E-05
291.2 1.495215311E-05 -1.869019139E-05
291.4 1.49664751E-05 -6.623845579E-21
291.6 1.498082454E-05 3.745206136E-05
291.8 1.499520154E-05 5.623200576E-05
292 1.500960615E-05 5.628602305E-05
292.2 1.502403846E-05 0.0001314603365
292.4 0 7.519249278E-05
292.6 1.505298651E-05 1.881623314E-05
292.8 7.533751205E-06 5.650313404E-05
293 7.541023166E-06 3.770511583E-05
293.2 7.548309179E-06 -2.246433842E-20
293.4 7.555609284E-06 1.888902321E-05
293.6 7.562923524E-06 3.781461762E-05
293.8 7.570251938E-06 1.892562984E-05
294 7.577594568E-06 1.894398642E-05
294.2 1.516990291E-05 1.896237864E-05
294.4 7.592322643E-06 5.694241983E-05
294.6 7.599708171E-06 5.699781128E-05
294.8 7.607108082E-06 5.705331061E-05
295 7.614522417E-06 5.710891813E-05
295.2 7.62195122E-06 3.81097561E-05
295.4 7.629394531E-06 7.629394531E-05
295.6 7.636852395E-06 0.0001145527859
295.8 7.644324853E-06 0.0001146648728
296 7.651811949E-06 9.564764936E-05
296.2 7.659313725E-06 9.574142157E-05
296.4 7.666830226E-06 7.666830226E-05
296.6 7.674361493E-06 1.918590373E-05
296.8 7.681907571E-06 7.681907571E-05
297 7.689468504E-06 5.767101378E-05
297.2 7.697044335E-06 1.924261084E-05
297.4 7.704635108E-06 5.778476331E-05
297.6 7.712240869E-06 7.712240869E-05
297.8 7.71986166E-06 0.0001157979249
298 7.727497527E-06 5.795623145E-05
298.2 7.735148515E-06 5.801361386E-05
298.4 0 5.807111001E-05
298.6 7.750496032E-06 3.875248016E-05
298.8 7.758192651E-06 5.818644489E-05
299 7.765904573E-06 5.824428429E-05
299.2 7.773631841E-06 7.773631841E-05
299.4 7.781374502E-06 9.726718127E-05
299.6 7.789132602E-06 7.789132602E-05
299.8 7.796906188E-06 7.796906188E-05
300 7.804695305E-06 9.755869131E-05
300.2 0 1.953125E-05
300.4 7.82032032E-06 3.91016016E-05
300.6 7.828156313E-06 9.785195391E-05
300.8 7.836008024E-06 9.79501003E-05
301 7.843875502E-06 5.882906627E-05
301.2 7.851758794E-06 5.888819095E-05
301.4 7.859657948E-06 5.894743461E-05
301.6 7.867573011E-06 1.966893253E-05
301.8 7.875504032E-06 -1.968876008E-05
302 7.88345106E-06 -3.94172553E-05
302.2 7.891414141E-06 -1.589412867E-20
302.4 7.899393327E-06 -1.974848332E-05
302.6 7.907388664E-06 -7.907388664E-05
302.8 2.374620061E-05 -9.894250253E-05
303 3.169371197E-05 -5.942570994E-05
303.2 3.965736041E-05 -1.98286802E-05
303.4 4.763719512E-05 2.889449802E-20
303.6 5.563326551E-05 -1.98690234E-05
303.8 6.364562118E-05 -1.988925662E-05
304 7.167431193E-05 3.981906218E-05
304.2 7.971938776E-05 1.729134475E-20
304.4 7.980081716E-05 -7.980081716E-05
304.6 9.585889571E-05 -9.985301636E-05
304.8 0.0001039534289 -0.0001399373081
305 0.0001120645492 -6.003457992E-05
305.2 0.0001121794872 2.003205128E-05
305.4 0.0001122946612 -4.010523614E-05
305.6 0.0001124100719 -4.014645427E-05
305.8 0.0001125257202 -4.364102236E-22
306 0.0001045957775 -2.271845751E-20
306.2 9.664948454E-05 -2.013530928E-05
306.4 8.868679051E-05 2.72348502E-20
306.6 8.070764463E-05 -2.017691116E-05
306.8 7.271199586E-05 2.019777663E-05
307 6.469979296E-05 0.0001010934265
307.2 5.667098446E-05 -1.115584677E-20
307.4 5.672977178E-05 8.476912442E-20
307.6 5.67886812E-05 6.084501558E-05
307.8 5.68477131E-05 -2.030275468E-05
308 5.690686785E-05 2.032388137E-05
308.2 5.696614583E-05 6.103515625E-05
308.4 5.702554745E-05 -6.109880083E-05
308.6 6.524008351E-05 9.964706105E-22
308.8 7.347178683E-05 0.0001020441484
309 7.354864017E-05 6.129053347E-05
309.2 7.362565445E-05 -1.812462687E-20
309.4 8.189203354E-05 2.047300839E-05
309.6 8.197796432E-05 2.049449108E-05
309.8 9.847689076E-05 -4.103203782E-05
310 0.0001067954784 -4.107518402E-05
310.2 0.0001151315789 -6.167763158E-05
310.4 0.0001234852476 -2.05808746E-05
310.6 0.0001318565401 4.120516878E-05
310.8 0.0001402455121 -4.124868004E-05
311 0.0001486522199 -0.0001032307082
311.2 0.0001570767196 -6.200396825E-05
311.4 0.000148967161 -2.068988347E-05
311.6 0.0001491251326 -2.071182397E-05
311.8 0.0001492834395 -2.103206652E-20
312 0.0001494420829 4.151168969E-05
312.2 0.0001496010638 6.23337766E-05
312.4 0.0001580804047 -4.16001065E-05
312.6 0.0001582489339 -0.000145755597
312.8 0.0001584178228 -0.0001459111526
313 0.0001585870726 -0.0001043336004
313.2 0.0001587566845 -4.177807487E-05
313.4 0.0001589266595 -6.273420771E-05
313.6 0.0001590969989 -6.280144695E-05
313.8 0.0001425026824 -6.286883047E-05
314 0.000134264232 -8.391514501E-05
314.2 0.0001176075269 4.977559082E-20
314.4 0.0001093245425 7.439024257E-20
314.6 0.0001010237069 -6.313981681E-05
314.8 9.270496224E-05 2.10693096E-05
315 8.436825054E-05 4.218412527E-05
315.2 7.601351351E-05 6.334459459E-05
315.4 6.764069264E-05 4.22754329E-05
315.6 5.924972914E-05 -4.23212351E-05
315.8 5.084056399E-05 3.245852518E-20
316 5.089576547E-05 4.241313789E-05
316.2 4.245923913E-05 -2.122961957E-05
316.4 2.550326442E-05 -0.0001062636017
316.6 2.553104575E-05 2.127587146E-05
316.8 1.703925845E-05 8.519629226E-05
317 8.528930131E-06 6.396697598E-05
317.2 8.538251366E-06 -2.134562842E-05
317.4 1.7095186E-05 -8.547592998E-05
317.6 8.556955093E-06 2.139238773E-05
317.8 8.566337719E-06 4.28316886E-05
318 8.575740944E-06 0.0001071967618
318.2 0 6.438873626E-05
318.4 8.594609461E-06 -3.5285281E-20
318.6 8.60407489E-06 8.60407489E-05
318.8 8.613561191E-06 8.613561191E-05
319 8.623068433E-06 2.155767108E-05
319.2 8.632596685E-06 4.316298343E-05
319.4 8.642146018E-06 0.0001512375553
319.6 8.651716501E-06 0.0001297757475
319.8 8.661308204E-06 4.330654102E-05
320 8.670921199E-06 -2.1677303E-05
320.2 8.680555556E-06 -4.340277778E-05
320.4 8.690211346E-06 2.172552836E-05
320.6 8.699888641E-06 4.349944321E-05
320.8 8.709587514E-06 8.709587514E-05
321 8.719308036E-06 0.0001525878906
321.2 8.729050279E-06 0.0001091131285
321.4 8.738814318E-06 2.184703579E-05
321.6 8.748600224E-06 -2.187150056E-05
321.8 8.758408072E-06 2.189602018E-05
322 8.768237935E-06 4.384118967E-05
322.2 8.778089888E-06 -2.194522472E-05
322.4 8.787964004E-06 -2.196991001E-05
322.6 8.79786036E-06 4.56156845E-20
322.8 8.80777903E-06 -2.201944758E-05
323 8.81772009E-06 -2.294640374E-20
323.2 8.827683616E-06 4.413841808E-05
323.4 0 -2.209417421E-05
323.6 0 -6.635758777E-05
323.8 0 -6.643282313E-05
324 0 -8.867763905E-05
324.2 8.877840909E-06 -4.438920455E-05
324.4 8.887940842E-06 2.22198521E-05
324.6 8.898063781E-06 1.961565547E-20
324.8 0 -6.681157355E-05
325 8.918378995E-06 -2.229594749E-05
325.2 8.928571429E-06 2.232142857E-05
325.4 8.938787185E-06 2.452872959E-20
325.6 8.949026346E-06 -2.237256586E-05
325.8 0 2.239822248E-05
326 0 4.4847876E-05
326.2 8.979885057E-06 -2.244971264E-05
326.4 8.990218642E-06 3.641900719E-20
326.6 9.000576037E-06 -4.500288018E-05
326.8 9.010957324E-06 -2.252739331E-05
327 9.021362587E-06 4.510681293E-05
327.2 9.031791908E-06 -1.107644469E-20
327.4 9.04224537E-06 -6.781684028E-05
327.6 9.052723059E-06 -9.052723059E-05
327.8 9.063225058E-06 -2.265806265E-05
328 9.073751452E-06 -6.805313589E-05
328.2 9.084302326E-06 -0.0001135537791
328.4 9.094877765E-06 -6.821158324E-05
328.6 0 -6.829108392E-05
328.8 0 -0.0001367415403
329 0 -9.126752336E-05
329.2 0 -4.56871345E-05
329.4 0 -9.148126464E-05
329.6 0 -2.883736881E-20
329.8 0 6.877200704E-05
330 0 2.295094007E-05
330.2 0 -1.27571978E-20
330.4 0 -2.165432874E-20
330.6 0 2.303213443E-05
330.8 0 2.305932704E-05
331 0 2.308658392E-05
331.2 0 9.24556213E-05
331.4 0 0.0001157064573
331.6 0 9.267497034E-05
331.8 0 6.958877672E-05
332 0 4.644768133E-05
332.2 0 4.650297619E-05
332.4 0 4.655840286E-05
332.6 0 -6.201250152E-20
332.8 0 -0.0001400089606
333 0 -0.0001168136962
333.2 0 7.017215569E-05
333.4 0 4.683752998E-05
333.6 9.378751501E-06 -7.034063625E-05
333.8 9.390024038E-06 -7.042518029E-05
334 9.401323706E-06 -9.401323706E-05
334.2 1.88253012E-05 -7.059487952E-05
334.4 1.884800965E-05 -4.712002413E-05
334.6 1.887077295E-05 -4.717693237E-05
334.8 9.446795647E-06 -9.446795647E-05
335 9.458232446E-06 -9.458232446E-05
335.2 9.46969697E-06 2.367424242E-05
335.4 9.48118932E-06 3.869287955E-20
335.6 9.492709599E-06 -9.492709599E-05
335.8 9.504257908E-06 -9.504257908E-05
336 9.515834348E-06 -4.757917174E-05
336.2 0 -0.0001190929878
336.4 0 -9.539072039E-05
336.6 0 -7.163050122E-05
336.8 0 -0.0001673424113
337 0 -7.180606618E-05
337.2 0 4.792944785E-05
337.4 0 2.399416462E-05
337.6 0 2.402367774E-05
337.8 0 2.405326355E-05
338 0 -8.443761534E-21
338.2 0 0.0001205632716
338.4 0 0.0001689972188
338.6 0 2.417233911E-05
338.8 9.680916976E-06 -2.420229244E-05
339 9.69292804E-06 -3.661442769E-20
339.2 1.940993789E-05 -1.390448125E-20
339.4 1.94340796E-05 -2.42925995E-05
339.6 2.918742217E-05 2.486470725E-21
339.8 2.922381546E-05 4.87063591E-05
340 2.926029963E-05 4.876716604E-05
340.2 2.9296875E-05 4.8828125E-05
340.4 2.933354193E-05 9.777847309E-05
340.6 2.937030075E-05 0.0001468515038
340.8 2.940715182E-05 4.90119197E-05
341 2.944409548E-05 -2.461966912E-20
341.2 2.948113208E-05 -2.456761006E-05
341.4 2.951826196E-05 -9.839420655E-05
341.6 2.95554855E-05 -2.462957125E-05
341.8 2.959280303E-05 9.864267677E-05
342 2.963021492E-05 0.0001481510746
342.2 2.966772152E-05 0.0001236155063
342.4 2.970532319E-05 9.901774398E-05
342.6 1.98286802E-05 7.435755076E-05
342.8 9.926937738E-06 0.0001240867217
343 9.93956743E-06 0.0001242445929
343.2 1.99044586E-05 2.488057325E-05
343.4 2.989477041E-05 4.982461735E-05
343.6 2.993295019E-05 2.494412516E-05
343.8 2.997122762E-05 -3.806446049E-20
344 3.000960307E-05 5.001600512E-05
344.2 3.004807692E-05 5.008012821E-05
344.4 3.008664955E-05 -2.507220796E-05
344.6 3.012532134E-05 -2.510443445E-05
344.8 3.016409266E-05 5.027348777E-05
345 3.020296392E-05 3.321516303E-20
345.2 3.024193548E-05 -7.560483871E-05
345.4 3.028100775E-05 -5.046834625E-05
345.6 3.032018111E-05 -2.822833689E-20
345.8 3.035945596E-05 2.529954663E-05
346 3.039883268E-05 -2.533236057E-05
346.2 3.043831169E-05 -2.536525974E-05
346.4 3.047789337E-05 5.079648895E-05
346.6 3.051757812E-05 7.629394531E-05
346.8 3.055736636E-05 0.0001273223598
347 2.039817232E-05 5.099543081E-05
347.2 2.04248366E-05 -7.659313725E-05
347.4 2.045157068E-05 -0.0001278223168
347.6 3.071756225E-05 -0.0001023918742
347.8 3.075787402E-05 -0.0001025262467
348 3.079829172E-05 -7.69957293E-05
348.2 3.083881579E-05 -2.569901316E-05
348.4 3.087944664E-05 -5.14657444E-05
348.6 3.09201847E-05 -2.576682058E-05
348.8 3.096103038E-05 -7.740257596E-05
349 4.133597884E-05 -0.0001033399471
349.2 4.139072848E-05 4.227115607E-20
349.4 4.144562334E-05 2.590351459E-05
349.6 5.187583001E-05 -7.781374502E-05
349.8 7.272273936E-05 -0.0002077792553
350 8.322237017E-05 -0.0001560419441
350.2 9.375E-05 -7.8125E-05
350.4 0.000104305741 -0.0001303821762
350.6 0.0001253342246 -0.000130556484
350.8 0.000125502008 -0.0001045850067
351 0.0001361427614 -7.85439008E-05
351.2 0.0001468120805 -7.864932886E-05
351.4 0.0001575100806 -7.875504032E-05
351.6 0.0001682368775 -7.886103634E-05
351.8 0.0001789925876 5.264487871E-05
352 0.000179234143 0.0001054318489
352.2 0.0001900337838 -2.639358108E-05
352.4 0.0002008626522 -2.642929635E-05
352.6 0.0001905487805 -5.29302168E-05
352.8 0.0002014077341 -2.650101764E-05
353 0.0002016813859 -2.653702446E-05
353.2 0.0002019557823 -0.000106292517
353.4 0.0002022309264 -7.982799728E-05
353.6 0.0002025068213 -2.664563438E-05
353.8 0.0002027834699 2.668203552E-05
354 0.0002030608755 8.015560876E-05
354.2 0.0001926369863 8.026541096E-05
354.4 0.0001929012346 -5.358367627E-05
354.6 0.0001931662088 5.365728022E-05
354.8 0.0001826856946 8.059662999E-05
355 0.0001721763085 -2.690254821E-05
355.2 0.0001724137931 -3.819743823E-20
355.4 0.0001726519337 -2.697686464E-05
355.6 0.0001728907331 -8.104253112E-05
355.8 0.0001731301939 -0.0001893611496
356 0.000173370319 -0.0001354455617
356.2 0.0001736111111 -0.0001627604167
356.4 0.000173852573 -0.0001358223227
356.6 0.0001740947075 -5.44045961E-05
356.8 0.0001743375174 -0.0001089609484
357 0.0001745810056 -0.0001091131285
357.2 0.0001857517483 -5.463286713E-05
357.4 0.0001641281513 5.470938375E-05
357.6 0.000164358345 -1.910665729E-21
357.8 0.0001645891854 -5.48630618E-05
358 0.0001648206751 2.747011252E-05
358.2 0.0001540492958 5.501760563E-05
358.4 0.0001652856135 3.309255438E-20
358.6 0.0001655190678 -2.75865113E-05
358.8 0.0001657531825 -3.178530539E-20
359 0.0001659879603 2.766466006E-05
359.2 0.0001662234043 8.311170213E-05
359.4 0.000166459517 0.0001109730114
359.6 0.0001666963016 8.334815078E-05
359.8 0.0001669337607 8.346688034E-05
360 0.0001671718973 0.0001114479315
360.2 0.0001674107143 2.790178571E-05
360.4 0.0001788268956 1.089801935E-20
360.6 0.0001790830946 5.596346705E-05
360.8 0.0001681312769 0.0001401093974
361 0.0001571479885 8.418642241E-05
361.2 0.0001686151079 -2.810251799E-05
361.4 0.0001576008646 2.814301153E-05
361.6 0.0001465548341 2.666729192E-20
361.8 0.0001467666185 -5.644869942E-05
362 0.0001469790159 -5.203919001E-20
362.2 0.000147192029 -5.27020893E-20
362.4 0.0001474056604 5.669448476E-05
362.6 0.0001476199128 0.0001135537791
362.8 0.0001478347889 5.685953421E-05
363 0.0001480502915 5.694241983E-05
363.2 0.0001482664234 -2.892389766E-20
363.4 0.0001484831871 2.855445906E-05
363.6 0.0001487005857 5.719253294E-05
363.8 0.0001489186217 5.727639296E-05
364 0.0001376651982 8.60407489E-05
364.2 0.0001263786765 5.744485294E-05
364.4 0.0001150589102 2.876472754E-05
364.6 0.0001037057522 8.642146018E-05
364.8 9.231905465E-05 5.769940916E-05
365 8.089866864E-05 -2.889238166E-05
365.2 6.944444444E-05 8.680555556E-05
365.4 5.795623145E-05 8.693434718E-05
365.6 4.643387816E-05 8.706352155E-05
365.8 3.487723214E-05 0.0001162574405
366 2.328614009E-05 5.821535022E-05
366.2 1.166044776E-05 2.91511194E-05
366.4 0 -2.919469357E-05
366.6 0 -2.92383982E-05
366.8 0 -2.928223388E-05
367 0 1.184339516E-20
367.2 0 2.937030075E-05
367.4 0 4.519601319E-20
367.6 0 -2.945889894E-05
367.8 0 -8.851019637E-05
368 0 -5.909606657E-05
368.2 0 -0.0001479640152
368.4 0 -0.0001778262519
368.6 0 -0.000118731003
368.8 0 -0.0002080955099
369 1.190929878E-05 -0.0001190929878
369.2 2.385496183E-05 -8.945610687E-05
369.4 3.583715596E-05 -8.959288991E-05
369.6 3.589203675E-05 2.991003063E-05
369.8 3.594708589E-05 -3.243975463E-20
370 3.600230415E-05 -9.000576037E-05
370.2 3.605769231E-05 -3.004807692E-05
370.4 3.611325116E-05 -9.028312789E-05
370.6 3.616898148E-05 -6.02816358E-05
370.8 3.622488408E-05 6.03748068E-05
371 3.628095975E-05 -3.023413313E-05
371.2 3.63372093E-05 -6.05620155E-05
371.4 3.639363354E-05 -6.06560559E-05
371.6 3.645023328E-05 3.03751944E-05
371.8 3.650700935E-05 0.0001521125389
372 3.656396256E-05 0.000152349844
372.2 3.662109375E-05 6.103515625E-05
372.4 3.667840376E-05 3.056533646E-05
372.6 3.673589342E-05 9.183973354E-05
372.8 3.679356358E-05 0.0002146291209
373 3.685141509E-05 0.0002149665881
373.2 3.690944882E-05 9.227362205E-05
373.4 3.696766562E-05 6.834434523E-21
373.6 3.702606635E-05 -6.171011058E-05
373.8 3.70846519E-05 6.20447006E-20
374 3.714342314E-05 6.190570523E-05
374.2 3.720238095E-05 3.100198413E-05
374.4 3.726152623E-05 6.210254372E-05
374.6 3.732085987E-05 6.220143312E-05
374.8 3.738038278E-05 3.115031898E-05
375 3.744009585E-05 6.240015974E-05
375.2 3.75E-05 6.25E-05
375.4 3.756009615E-05 -1.671046483E-20
375.6 2.508025682E-05 -3.135032103E-05
375.8 1.256028939E-05 -5.316521782E-21
376 0 -3.75942618E-20
376.2 0 2.029257563E-20
376.4 0 3.155290792E-05
376.6 0 9.48118932E-05
376.8 0 6.331037277E-05
377 1.268262987E-05 6.341314935E-05
377.2 1.270325203E-05 0.0001270325203
377.4 1.272394137E-05 6.361970684E-05
377.6 3.823409462E-05 6.372349103E-05
377.8 3.829656863E-05 9.574142157E-05
378 5.114566285E-05 3.948892197E-20
378.2 6.403688525E-05 -9.605532787E-05
378.4 7.697044335E-05 -9.621305419E-05
378.6 8.994654605E-05 -6.424753289E-05
378.8 0.0001029654036 -6.435337727E-05
379 0.0001160272277 -3.222978548E-05
379.2 0.0001291322314 -3.228305785E-05
379.4 0.0001422806291 -6.467301325E-05
379.6 0.0001554726368 -3.239013267E-05
379.8 0.0001687084718 -2.275934594E-20
380 0.0001819883527 -2.801418732E-20
380.2 0.0001953125 3.255208333E-05
380.4 0.0002086811352 6.521285476E-05
380.6 0.0002220944816 9.798285953E-05
380.8 0.0002224664992 6.543132328E-05
381 0.0002228397651 -8.73529606E-20
381.2 0.0002494747899 6.56512605E-05
381.4 0.000263047138 3.288089226E-05
381.6 0.0002634907251 -9.880902192E-05
381.8 0.0002771326014 -0.0001319679054
382 0.000290820643 -6.609560068E-05
382.2 0.0002913135593 -9.931144068E-05
382.4 0.000318336163 -0.0001658000849
382.6 0.000318877551 -9.964923469E-05
382.8 0.0003194207836 -6.654599659E-05
383 0.0003332977816 -6.665955631E-05
383.2 0.0003472222222 1.822866944E-20
383.4 0.0003478167808 3.344392123E-05
383.6 0.0003618138937 3.350128645E-05
383.8 0.0003758591065 3.35588488E-05
384 0.0003899526678 -1.339044639E-21
384.2 0.0004040948276 -8.25872659E-20
384.4 0.0004182858377 -1.084334041E-20
384.6 0.0004325259516 1.491479956E-20
384.8 0.0004468154246 -6.769930676E-05
385 0.0004611545139 -6.781684028E-05
385.2 0.0004619565217 -5.315760095E-20
385.4 0.000462761324 -0.0001020797038
385.6 0.0004908376963 -0.0001022578534
385.8 0.0004780375874 -0.0001024366259
386 0.0005062390543 -6.841068301E-05
386.2 0.0004934210526 -6.853070175E-05
386.4 0.000494288225 -0.0002059534271
386.6 0.0005089128521 -0.0001719300176
386.8 0.0005235890653 -0.0001377865961
387 0.0005107111307 -0.0001380300353
387.2 0.0004977876106 -0.0001037057522
387.4 0.0004848182624 -0.0001038896277
387.6 0.0004856793961 -0.0001734569272
387.8 0.0005004448399 -6.950622776E-05
388 0.0004874108734 5.530611305E-22
388.2 0.00048828125 -3.487723214E-05
388.4 0.0004891547406 4.965579676E-20
388.6 0.000490031362 3.500224014E-05
388.8 0.0004909111311 -1.209694415E-20
389 0.0004917940647 -7.025629496E-05
389.2 0.0005067567568 -3.740373885E-21
389.4 0.0005217734657 3.52549639E-05
389.6 0.0005227169982 -3.531871609E-05
389.8 0.0005095108696 -0.0001415307971
390 0.0005104355717 -0.0001772345735
390.2 0.0005255681818 -0.0001065340909
390.4 0.0005407559199 -3.557604736E-05
390.6 0.0005274863139 -7.052504044E-20
390.8 0.0005284506399 5.394590845E-20
391 0.0005437271062 -3.577152015E-05
391.2 0.0005447247706 3.583715596E-05
391.4 0.0005313648897 3.590303309E-05
391.6 0.0005323434622 1.204533591E-20
391.8 0.0005333256458 3.603551661E-05
392 0.0005343114603 3.610212569E-05
392.2 0.0005353009259 7.233796296E-05
392.4 0.0005362940631 8.483900617E-20
392.6 0.0005518122677 3.630343866E-05
392.8 0.0005382914339 0.0001091131285
393 0.000539295709 3.643889925E-05
393.2 0.0005549065421 -3.650700935E-05
393.4 0.0005559456929 -7.315074906E-05
393.6 0.000556988743 3.664399625E-05
393.8 0.0005580357143 3.671287594E-05
394 0.000559086629 7.356403013E-05
394.2 0.0005601415094 3.685141509E-05
394.4 0.0005759688091 -5.961001199E-20
394.6 0.0005770596591 0.0001109730114
394.8 0.000578154649 7.412239089E-05
395 0.0005792538023 7.426330798E-05
395.2 0.0005803571429 7.44047619E-05
395.4 0.0005814646947 0.0001118201336
395.6 0.0005825764818 0.0001120339388
395.8 0.0005836925287 3.741618774E-05
396 0.0005998080614 7.497600768E-05
396.2 0.0006009615385 0.0001126802885
396.4 0.000587066474 8.876374487E-20
396.6 0.0006032818533 -3.770511583E-05
396.8 0.0006044487427 3.777804642E-05
397 0.000605620155 7.570251938E-05
397.2 0.0006067961165 7.584951456E-05
397.4 0.0006079766537 3.799854086E-05
397.6 0.0006091617934 3.807261209E-05
397.8 0.0006103515625 7.629394531E-05
398 0.0006115459883 7.644324853E-05
398.2 0.000612745098 0.0001148897059
398.4 0.0006139489194 0.0001151154224
398.6 0.0005997785433 7.689468504E-05
398.8 0.0005855522682 3.852317554E-05
399 0.0005712697628 3.85993083E-05
399.2 0.0005878712871 7.735148515E-05
399.4 0.0005580357143 -8.333006124E-20
399.6 0.0005436133201 -3.882952286E-05
399.8 0.0005446962151 -1.238841352E-19
400 0.0005301896208 -4.282299933E-20
400.2 0.000515625 -4.924672023E-20
400.4 0.000501002004 -3.914078156E-05
400.6 0.0004863202811 -3.921937751E-05
400.8 0.0004715794769 3.929828974E-05
401 0.0004567792339 0.0001575100806
401.2 0.0004419191919 0.0001183712121
401.4 0.0004269989879 3.953694332E-05
401.6 0.0004120182556 3.961713996E-05
401.8 0.000396976626 3.96976626E-05
402 0.0003818737271 7.955702648E-05
402.2 0.0003667091837 -2.401526283E-20
402.4 0.0003514826176 2.03178668E-22
402.6 0.0003361936475 -2.954585501E-20
402.8 0.0003208418891 4.010523614E-05
403 0.0003054269547 -4.01877572E-05
403.2 0.0002899484536 -2.432463352E-20
403.4 0.0002744059917 4.035382231E-05
403.6 0.0002587991718 -4.649140933E-20
403.8 0.0002593360996 -4.052126556E-05
404 0.0002436330561 -0.0001218165281
404.2 0.0002278645833 -8.138020833E-05
404.4 0.0002120302714 -0.000203875261
404.6 0.0002288179916 2.186407707E-20
404.8 0.0002129192872 4.094601677E-05
405 0.0001805409664 -0.0001641281513
405.2 0.0001644736842 -8.223684211E-05
405.4 0.0001648206751 4.120516878E-05
405.6 0.0001486522199 8.25845666E-05
405.8 0.0001324152542 -1.640416473E-19
406 9.952229299E-05 -4.146762208E-05
406.2 9.973404255E-05 -3.940938692E-20
406.4 6.663113006E-05 -4.164445629E-05
406.6 6.677350427E-05 -4.173344017E-05
406.8 5.018736617E-05 -8.679088998E-20
407 5.029506438E-05 7.420859847E-20
407.2 5.040322581E-05 -3.752983487E-20
407.4 5.051185345E-05 4.209321121E-05
407.6 1.687365011E-05 -1.636159646E-20
407.8 1.691017316E-05 -4.22754329E-05
408 1.694685466E-05 -1.938030358E-21
408.2 3.39673913E-05 8.491847826E-05
408.4 1.702069717E-05 4.255174292E-05
408.6 0 -8.528930131E-05
408.8 1.7095186E-05 -4.273796499E-05
409 1.713267544E-05 2.972971909E-20
409.2 1.717032967E-05 4.292582418E-05
409.4 1.720814978E-05 3.886818465E-20
409.6 0 -4.311534216E-05
409.8 1.728429204E-05 4.321073009E-05
410 1.732261641E-05 -5.633748035E-20
410.2 1.736111111E-05 8.680555556E-05
410.4 1.739977728E-05 8.699888641E-05
410.6 1.743861607E-05 -4.359654018E-05
410.8 1.747762864E-05 -8.738814318E-05
411 1.751681614E-05 -4.379204036E-05
411.2 1.755617978E-05 4.389044944E-05
411.4 1.759572072E-05 3.531205619E-20
411.6 1.763544018E-05 3.118358113E-20
411.8 1.767533937E-05 4.418834842E-05
412 1.77154195E-05 4.586067478E-20
412.2 1.775568182E-05 -4.438920455E-05
412.4 1.779612756E-05 -7.059936547E-20
412.6 1.783675799E-05 -8.918378995E-05
412.8 1.787757437E-05 -4.469393593E-05
413 1.791857798E-05 -2.380655246E-20
413.2 1.795977011E-05 -4.489942529E-05
413.4 1.800115207E-05 9.000576037E-05
413.6 1.804272517E-05 0.0001353204388
413.8 1.808449074E-05 0.0001356336806
414 1.812645012E-05 9.063225058E-05
414.2 1.816860465E-05 4.542151163E-05
414.4 1.821095571E-05 -7.203341416E-20
414.6 0 -0.000136901285
414.8 1.829625293E-05 -0.000137221897
415 1.833920188E-05 -0.0001375440141
415.2 1.838235294E-05 -0.0002297794118
415.4 1.842570755E-05 -0.0002303213443
415.6 1.846926714E-05 -0.0001385195035
415.8 1.851303318E-05 -9.256516588E-05
416 1.855700713E-05 -4.639251781E-05
416.2 1.860119048E-05 6.168296891E-20
416.4 1.864558473E-05 -1.261442452E-20
416.6 0 -4.672547847E-05
416.8 0 -9.367505995E-05
417 0 -0.0001878004808
417.2 0 -0.0002353162651
417.4 0 -0.0001887077295
417.6 0 -0.0001891646489
417.8 0 -9.48118932E-05
418 0 3.130080317E-20
418.2 0 -4.763719512E-05
418.4 0 -4.775366748E-05
418.6 0 -9.574142157E-05
418.8 0 -4.798832924E-05
419 0 1.281470492E-19
419.2 0 -0.0001446759259
419.4 0 -0.0001450340347
419.6 0 -9.69292804E-05
419.8 0 -0.000194340796
420 0 -0.0001948254364
420.2 0 -9.765625E-05
420.4 0 -8.738809583E-20
420.6 0 -9.814698492E-05
420.8 0 -4.919710327E-05
421 0 0.0001972853535
421.2 0 0.0001977848101
421.4 0 9.914340102E-05
421.6 0 -1.155270559E-20
421.8 0 -1.076738836E-19
422 0 0.0001498561381
422.2 0 5.008012821E-05
422.4 0 -5.020886889E-05
422.6 0 5.03382732E-05
422.8 0 5.046834625E-05
423 0 5.059909326E-05
423.2 0 -5.073051948E-05
423.4 0 -0.0001525878906
423.6 0 3.212795236E-20
423.8 0 5.11289267E-05
424 0 -0.0001025262467
424.2 0 -0.0001541940789
424.4 0 -0.0001546009235
424.6 0 -5.166997354E-05
424.8 0 0.0001036140584
425 0 5.194481383E-05
425.2 0 -5.208333333E-05
425.4 0 5.222259358E-05
425.6 0 0.0001047252011
425.8 0 0.0001050067204
426 0 0.0001052897574
426.2 0 5.278716216E-05
426.4 0 5.29302168E-05
426.6 0 4.899449007E-20
426.8 0 -0.0001064373297
427 0 -5.336407104E-05
427.2 0 -5.351027397E-05
427.4 0 -5.365728022E-05
427.6 0 -5.380509642E-05
427.8 0 -0.0001079074586
428 0 -5.41031856E-05
428.2 0 -1.033118777E-19
428.4 0 -5.44045961E-05
428.6 0 -0.0001091131285
428.8 0 -0.0001094187675
429 0 -6.083608857E-20
429.2 0 9.102168534E-21
429.4 0 -5.51730226E-05
429.6 0 -5.532932011E-05
429.8 0 -5.548650568E-05
430 0 -2.18575886E-19
430.2 0 -6.084932593E-20
430.4 0 4.046342899E-21
430.6 0 -1.473910534E-23
430.8 0 -7.949231136E-20
431 0 1.320139479E-20
431.2 0 -5.661231884E-05
431.4 0 -5.677688953E-05
431.6 0 5.694241983E-05
431.8 0 -2.040405026E-19
432 0 -5.727639296E-05
432.2 0 -7.177055605E-20
432.4 0 7.023173591E-20
432.6 0 -1.047101672E-19
432.8 0 -5.795623145E-05
433 0 -5.812872024E-05
433.2 0 5.690286173E-20
433.4 0 5.847679641E-05
433.6 0 -1.825362335E-20
433.8 0 -1.752916207E-20
434 0 0.0001180135952
434.2 0 0.0001183712121
434.4 0 0.0001780965046
434.6 0 5.95464939E-05
434.8 0 5.972859327E-05
435 0 0.0001797354294
435.2 0 6.009615385E-05
435.4 0 -0.0001205632716
435.6 0 6.046826625E-05
435.8 0 0.0001213121118
436 0 -6.084501558E-05
436.2 0 -9.044071395E-20
436.4 0 6.122648903E-05
436.6 0 6.141902516E-05
436.8 0 0.0001232255521
437 0 0.0001854232595
437.2 0 0.0001860119048
437.4 0 0.0001866042994
437.6 0 0.0001872004792
437.8 0 0.0001252003205
438 0 6.88195954E-20
438.2 0 1.931653227E-20
438.4 0 6.32079288E-05
438.6 0 6.341314935E-05
438.8 0 6.361970684E-05
439 0 6.382761438E-05
439.2 0 0.0001280737705
439.4 0 0.0001284950658
439.6 0 6.445957096E-05
439.8 0 6.467301325E-05
440 0 6.488787375E-05
440.2 0 6.510416667E-05
440.4 0 0.0001306438127
440.6 0 0.0001966233221
440.8 0 6.788733168E-21
441 0 -6.59839527E-05
441.2 0 0.0001986228814
441.4 0 0.0003321641156
441.6 0 0.0002666382253
441.8 0 0.0001337756849
442 0 -2.329522162E-19
442.2 0 -1.701481475E-19
442.4 0 -6.758217993E-05
442.6 0 -0.0001356336806
442.8 0 -2.566258785E-19
443 0 0.0001365821678
443.2 0 0.0002055921053
443.4 0 -6.142756027E-21
443.6 0 -0.0001380300353
443.8 0 -4.649152176E-20
444 0 6.950622776E-05
444.2 0 -6.638017027E-20
444.4 0 -7.000448029E-05
444.6 0 -2.332919254E-19
444.8 0 -4.040996975E-20
445 0 4.504951055E-20
445.2 0 -1.39878552E-19
445.4 0 7.128193431E-05
445.6 2.861721612E-05 4.959439364E-20
445.8 2.872242647E-05 -7.180606618E-05
446 2.882841328E-05 0.0001441420664
446.2 2.893518519E-05 0.0002170138889
446.4 2.904275093E-05 7.260687732E-05
446.6 2.91511194E-05 1.380007441E-19
446.8 2.926029963E-05 0.0001463014981
447 2.937030075E-05 0.0002202772556
447.2 2.948113208E-05 1.889102887E-19
447.4 2.959280303E-05 -7.398200758E-05
447.6 2.970532319E-05 7.426330798E-05
447.8 2.981870229E-05 0.0002236402672
448 0 7.483237548E-05
448.2 0 -7.512019231E-05
448.4 0 1.145214174E-19
448.6 0 7.570251938E-05
448.8 0 7.599708171E-05
449 0 -7.629394531E-05
449.2 0 -7.659313725E-05
449.4 0 -4.623011182E-21
449.6 0 7.71986166E-05
449.8 0 -7.750496032E-05
450 0 -0.0002334412351
450.2 0 -7.8125E-05
450.4 0 -3.642398898E-20
450.6 0 1.467068629E-19
450.8 0 -0.0001581477733
451 3.175813008E-05 -0.0002381859756
451.2 3.18877551E-05 -0.0001594387755
451.4 3.201844262E-05 -8.004610656E-05
451.6 3.215020576E-05 -1.797983911E-20
451.8 3.228305785E-05 -1.199064616E-19
452 3.241701245E-05 1.770150132E-19
452.2 3.255208333E-05 8.138020833E-05
452.4 3.268828452E-05 8.17207113E-05
452.6 3.282563025E-05 -8.206407563E-05
452.8 3.296413502E-05 -8.241033755E-05
453 3.310381356E-05 2.237104091E-19
453.2 3.324468085E-05 9.016499815E-20
453.4 0 -8.346688034E-05
453.6 0 -0.0002514753219
453.8 0 -0.0003367456897
454 0 -0.0003382034632
454.2 0 -0.0002547554348
454.4 0 -0.0001705786026
454.6 0 -8.566337719E-05
454.8 0 -8.60407489E-05
455 0 -0.0001728429204
455.2 0 -0.0001736111111
455.4 0 -8.719308036E-05
455.6 0 2.384317572E-21
455.8 0 -8.79786036E-05
456 0 -0.0002651300905
456.2 0 -0.0003551136364
456.4 0 -0.0002675513699
456.6 0 -0.0001791857798
456.8 0 -0.0001800115207
457 0 -0.0001808449074
457.2 0 -0.0001816860465
457.4 0 -0.0001825350467
457.6 0 -0.0001833920188
457.8 0 -9.212853774E-05
458 0 -9.256516588E-05
458.2 0 -0.0001860119048
458.4 0 -0.0001869019139
458.6 0 -0.0001878004808
458.8 0 -0.0001887077295
459 0 -9.48118932E-05
459.2 0 7.701168469E-20
459.4 0 -1.910756266E-20
459.6 0 1.708826557E-20
459.8 0 1.249423322E-19
460 0 5.12843477E-21
460.2 0 -7.439690728E-20
460.4 0 -1.877336786E-19
460.6 0 -1.810214071E-20
460.8 0 -3.545399746E-20
461 0 -9.964923469E-05
461.2 0 -0.0001001602564
461.4 0 -7.076281594E-20
461.6 0 -0.0001011981865
461.8 0 1.278696681E-19
462 0 0.0001022578534
462.2 0 -1.341207769E-19
462.4 0 -0.0001033399471
462.6 0 -0.0001038896277
462.8 0 1.77793615E-19
463 0 -2.228208592E-19
463.2 0 2.453253781E-20
463.4 0 2.627017514E-19
463.6 0 2.88364775E-19
463.8 0 2.834576129E-19
464 0 8.07154895E-20
464.2 0 -1.626722413E-19
464.4 0 -9.188501946E-20
464.6 0 -2.159094887E-19
464.8 0 -7.748969664E-20
465 0 1.428030453E-20
465.2 0 2.467079128E-20
465.4 0 2.010768814E-19
465.6 0 -1.622247165E-19
465.8 0 -1.208245557E-19
466 0 7.147692961E-20
466.2 0 1.385841066E-19
466.4 0 3.074106569E-21
466.6 0 5.395633961E-20
466.8 0 -9.39128015E-20
467 0 -3.274669693E-20
467.2 0 4.848194389E-20
467.4 0 -1.459403645E-19
467.6 0 -1.611674881E-20
467.8 0 -0.0001205632716
468 0 -0.0001213121118
468.2 0 8.726848524E-20
468.4 0 5.374016978E-21
468.6 0 -3.915525852E-20
468.8 0 -3.523773202E-20
469 0 4.510195311E-20
469.2 0 -8.732115781E-20
469.4 0 8.700760586E-21
469.6 0 2.359618724E-19
469.8 0 1.111574603E-19
470 0 2.019209325E-19
470.2 0 1.549560436E-19
470.4 0 9.95620966E-20
470.6 0 -2.555204852E-19
470.8 0 0.0001328656463
471 0 0.0001337756849
471.2 0 -5.600120897E-20
471.4 0 -6.533829259E-20
471.6 0 1.59808855E-20
471.8 0 7.844864536E-20
472 0 2.35158309E-19
472.2 0 2.248530653E-19
472.4 0 1.824551283E-19
472.6 0 8.158687729E-20
472.8 0 -8.137375825E-20
473 0 -6.468872927E-21
473.2 0 8.427150249E-20
473.4 0 -1.789044728E-19
473.6 0 -9.279146652E-21
473.8 0 3.866761867E-19
474 0 1.972105026E-19
474.2 0 2.010830384E-19
474.4 0 3.034165585E-19
474.6 0 1.046867923E-19
474.8 0 4.715554456E-20
475 0 1.852715475E-19
475.2 0 1.105078167E-19
475.4 0 2.044013786E-19
475.6 0 2.792220719E-19
475.8 0 3.978275932E-19
476 0 -1.169721549E-19
476.2 0 5.402138394E-20
476.4 0 -7.276011981E-20
476.6 0 -1.376026087E-19
476.8 0 4.709700737E-20
477 0 2.201845197E-19
477.2 0 1.070944455E-19
477.4 0 1.815726125E-20
477.6 0 2.681402668E-19
477.8 0 -3.686148648E-19
478 0 -2.160435953E-19
478.2 0 -1.032607729E-19
478.4 0 1.828501332E-19
478.6 0 -1.795976548E-20
478.8 0 -1.591627947E-19
479 0 -2.778264098E-21
479.2 0 2.656214578E-19
479.4 0 -2.124890727E-19
479.6 0 -2.139099876E-19
479.8 0 3.727677394E-19
480 0 -4.011598936E-20
480.2 0 1.582555986E-19
480.4 0 2.891601083E-19
480.6 0 3.058920246E-19
480.8 0 3.32947778E-19
481 0 8.417179027E-20
481.2 0 -1.180716927E-19
481.4 0 2.928327435E-19
481.6 0 4.371446549E-19
481.8 0 2.475877736E-19
482 0 4.676452353E-20
482.2 0 1.661523333E-19
482.4 0 -7.946252797E-20
482.6 0 1.671001185E-19
482.8 0 2.147634203E-19
483 0 2.514416225E-19
483.2 0 1.723594552E-19
483.4 0 -6.955550888E-19
483.6 0 -1.370452511E-19
483.8 0 3.470528694E-19
484 0 1.179414129E-19
484.2 0 -6.175706159E-20
484.4 0 -3.027687006E-19
484.6 0 -7.739293265E-19
484.8 0 -3.319749104E-19
485 0 -5.346193063E-20
485.2 0 2.48489632E-20
485.4 0 -2.922493207E-20
485.6 0 -6.570153039E-19
485.8 0 -3.245712626E-20
486 0 1.374503498E-19
486.2 0 -3.473373119E-19
486.4 0 -2.361728909E-19
486.6 0 6.8035836E-20
486.8 0 -5.26927204E-19
487 0 -5.576103193E-19
487.2 0 -3.529597494E-19
487.4 0 2.409517445E-19
487.6 0 4.242202681E-19
487.8 0 1.569140688E-19
488 0 -3.829482602E-19
488.2 0 -3.535537026E-19
488.4 0 6.305089467E-19
488.6 0 3.255180916E-19
488.8 0 1.000817077E-19
489 0 -1.043623457E-19
489.2 0 8.834084409E-20
489.4 0 2.554333256E-19
489.6 0 -4.088905477E-20
489.8 0 -4.743198274E-21
490 0 3.294587549E-19
490.2 0 2.066711886E-19
490.4 0 4.221600036E-20
490.6 0 -1.524707466E-19
490.8 0 -2.151815415E-19
491 0 -3.8380206E-20
491.2 0 4.336038715E-19
491.4 0 1.143075479E-18
491.6 0 8.331224917E-19
491.8 0 1.424325327E-19
492 0 -2.078067542E-20
492.2 0 4.291588994E-19
492.4 0 2.596164362E-19
492.6 0 1.043595385E-18
492.8 0 1.300492637E-18
493 0 -1.654178837E-19
493.2 0 -1.569497722E-19
493.4 0 1.167426473E-18
493.6 0 1.745638882E-18
493.8 0 1.305860239E-18
494 0 1.581171434E-19
494.2 0 1.96214709E-19
494.4 0 2.47311607E-18
494.6 0 1.576098533E-18
494.8 0 4.60715554E-19
495 0 1.705949502E-18
495.2 0 2.168616581E-18
495.4 0 1.197048134E-18
495.6 0 1.128260943E-18
495.8 0 -1.095392432E-18
496 0 1.253624827E-19
496.2 0 9.903749861E-19
496.4 0 3.041812222E-19
496.6 0 -1.924788406E-18
496.8 0 1.861140746E-18
497 0 -1.407530612E-20
497.2 0 -2.530576108E-18
497.4 0 1.072367861E-19
497.6 0 -5.246079268E-19
497.8 0 -2.204185144E-18
498 0 -6.689854129E-19
498.2 0 -7.090014281E-21
498.4 0 -3.228270019E-19
498.6 0 -4.539401122E-18
498.8 0 -6.294334316E-18
499 0 6.104343718E-19
499.2 0 -1.241637998E-18
499.4 0 -1.449606036E-17
499.6 0 -5.048216881E-18
499.8 0 1.182970827E-18
500 0 2.070910615E-17
